<TICKER>,<PER>,<DATE>,<TIME>,<OPEN>,<HIGH>,<LOW>,<CLOSE>,<VOL>,<OPENINT>
06N,60,20240411,100000,3.095,3.095,3.095,3.095,780,0
06N,60,20240411,120000,3.07,3.095,3.07,3.095,15,0
06N,60,20240411,130000,3.07,3.095,3.07,3.095,5,0
06N,60,20240411,140000,3.095,3.11,3.095,3.11,1769,0
06N,60,20240411,150000,3.11,3.11,3.07,3.07,3963,0
06N,60,20240411,160000,3.07,3.11,3.07,3.11,13,0
06N,60,20240411,170000,3.07,3.105,3.055,3.105,2890,0
06N,60,20240412,100000,3.1,3.29,3.1,3.29,29144,0
06N,60,20240412,110000,3.25,3.36,3.23,3.35,24856,0
06N,60,20240412,120000,3.35,3.35,3.27,3.27,3836,0
06N,60,20240412,130000,3.28,3.28,3.28,3.28,100,0
06N,60,20240412,140000,3.225,3.275,3.225,3.275,948,0
06N,60,20240412,150000,3.275,3.275,3.225,3.275,1306,0
06N,60,20240412,160000,3.27,3.275,3.225,3.27,548,0
06N,60,20240412,170000,3.27,3.3,3.27,3.3,14585,0
06N,60,20240415,100000,3.32,3.38,3.29,3.38,7232,0
06N,60,20240415,110000,3.36,3.375,3.31,3.35,3933,0
06N,60,20240415,120000,3.305,3.35,3.3,3.3,1699,0
06N,60,20240415,130000,3.33,3.33,3.33,3.33,4,0
06N,60,20240415,140000,3.3,3.33,3.3,3.3,2143,0
06N,60,20240415,160000,3.3,3.535,3.3,3.45,721211,0
06N,60,20240415,170000,3.435,3.485,3.35,3.45,17141,0
06N,60,20240416,100000,3.43,3.52,3.4,3.475,12518,0
06N,60,20240416,110000,3.475,3.5,3.39,3.4,1654,0
06N,60,20240416,120000,3.42,3.47,3.4,3.4,3034,0
06N,60,20240416,130000,3.42,3.48,3.4,3.47,4095,0
06N,60,20240416,140000,3.45,3.45,3.45,3.45,900,0
06N,60,20240416,150000,3.45,3.45,3.41,3.44,1521,0
06N,60,20240416,170000,3.41,3.44,3.4,3.44,3698,0
06N,60,20240417,100000,3.465,3.465,3.41,3.41,1185,0
06N,60,20240417,110000,3.41,3.52,3.41,3.51,5708,0
06N,60,20240417,120000,3.515,3.52,3.48,3.495,4186,0
06N,60,20240417,130000,3.495,3.63,3.495,3.585,13730,0
06N,60,20240417,140000,3.585,3.62,3.55,3.595,6827,0
06N,60,20240417,150000,3.54,3.585,3.54,3.56,1091,0
06N,60,20240417,160000,3.54,3.56,3.54,3.56,561,0
06N,60,20240417,170000,3.56,3.575,3.56,3.575,4756,0
06N,60,20240418,100000,3.58,3.6,3.5,3.57,10930,0
06N,60,20240418,110000,3.57,3.57,3.49,3.53,2907,0
06N,60,20240418,120000,3.49,3.49,3.46,3.46,600,0
06N,60,20240418,130000,3.505,3.505,3.42,3.505,3526,0
06N,60,20240418,140000,3.435,3.485,3.42,3.485,885,0
06N,60,20240418,150000,3.42,3.42,3.42,3.42,1,0
06N,60,20240418,160000,3.47,3.47,3.47,3.47,89,0
06N,60,20240418,170000,3.46,3.54,3.455,3.53,5331,0
06N,60,20240419,100000,3.53,3.53,3.42,3.52,5963,0
06N,60,20240419,110000,3.435,3.52,3.405,3.49,6916,0
06N,60,20240419,120000,3.43,3.47,3.405,3.405,3650,0
06N,60,20240419,130000,3.405,3.405,3.365,3.4,3035,0
06N,60,20240419,140000,3.365,3.45,3.365,3.45,1412,0
06N,60,20240419,150000,3.405,3.44,3.405,3.44,542,0
06N,60,20240419,160000,3.405,3.43,3.405,3.43,135,0
06N,60,20240419,170000,3.425,3.43,3.425,3.43,419,0
06N,60,20240422,100000,3.39,3.43,3.375,3.43,587,0
06N,60,20240422,110000,3.43,3.43,3.43,3.43,5,0
06N,60,20240422,120000,3.38,3.43,3.38,3.43,1026,0
06N,60,20240422,130000,3.38,3.4,3.31,3.4,3551,0
06N,60,20240422,140000,3.325,3.37,3.28,3.34,8115,0
06N,60,20240422,150000,3.29,3.34,3.29,3.3,8813,0
06N,60,20240422,160000,3.29,3.34,3.27,3.3,2561,0
06N,60,20240422,170000,3.3,3.35,3.3,3.35,6430,0
06N,60,20240423,100000,3.41,3.56,3.35,3.4,33558,0
06N,60,20240423,110000,3.4,3.4,3.32,3.4,4115,0
06N,60,20240423,120000,3.39,3.445,3.35,3.445,7256,0
06N,60,20240423,130000,3.445,3.485,3.43,3.475,10251,0
06N,60,20240423,140000,3.43,3.5,3.43,3.495,7437,0
06N,60,20240423,150000,3.43,3.5,3.43,3.43,28942,0
06N,60,20240423,160000,3.43,3.44,3.38,3.4,3212,0
06N,60,20240423,170000,3.38,3.4,3.38,3.4,27,0
06N,60,20240424,100000,3.435,3.44,3.34,3.44,3585,0
06N,60,20240424,110000,3.37,3.43,3.35,3.35,1721,0
06N,60,20240424,120000,3.395,3.395,3.34,3.34,1176,0
06N,60,20240424,130000,3.32,3.38,3.32,3.38,1868,0
06N,60,20240424,140000,3.38,3.395,3.35,3.395,2166,0
06N,60,20240424,150000,3.425,3.425,3.34,3.34,2270,0
06N,60,20240424,160000,3.34,3.35,3.34,3.35,1000,0
06N,60,20240424,170000,3.33,3.34,3.33,3.33,2112,0
06N,60,20240425,110000,3.36,3.36,3.35,3.36,800,0
06N,60,20240425,130000,3.33,3.33,3.33,3.33,1200,0
06N,60,20240425,140000,3.33,3.33,3.28,3.28,5381,0
06N,60,20240425,150000,3.28,3.28,3.27,3.27,297,0
06N,60,20240425,160000,3.27,3.295,3.205,3.23,7771,0
06N,60,20240425,170000,3.23,3.27,3.2,3.22,1402,0
06N,60,20240426,100000,3.22,3.22,3.16,3.2,2345,0
06N,60,20240426,110000,3.21,3.24,3.21,3.24,1249,0
06N,60,20240426,120000,3.21,3.21,3.16,3.18,4968,0
06N,60,20240426,140000,3.21,3.21,3.21,3.21,4,0
06N,60,20240426,150000,3.21,3.21,3.16,3.16,12,0
06N,60,20240426,160000,3.17,3.17,3.17,3.17,238,0
06N,60,20240426,170000,3.18,3.18,3.17,3.18,757,0
06N,60,20240429,100000,3.18,3.2,3.16,3.16,3035,0
06N,60,20240429,110000,3.16,3.16,3.16,3.16,465,0
06N,60,20240429,120000,3.19,3.21,3.19,3.21,1826,0
06N,60,20240429,130000,3.2,3.22,3.2,3.22,103,0
06N,60,20240429,140000,3.22,3.22,3.16,3.19,3778,0
06N,60,20240429,160000,3.18,3.19,3.18,3.19,20,0
06N,60,20240429,170000,3.165,3.19,3.14,3.19,2020,0
06N,60,20240430,100000,3.2,3.225,3.15,3.22,640,0
06N,60,20240430,110000,3.22,3.22,3.22,3.22,215,0
06N,60,20240430,120000,3.15,3.22,3.15,3.22,826,0
06N,60,20240430,130000,3.22,3.24,3.2,3.24,5750,0
06N,60,20240430,140000,3.235,3.24,3.235,3.24,404,0
06N,60,20240430,150000,3.24,3.27,3.24,3.27,2867,0
06N,60,20240430,160000,3.27,3.285,3.27,3.285,380,0
06N,60,20240430,170000,3.285,3.285,3.24,3.24,2988,0
06N,60,20240502,100000,3.28,3.28,3.22,3.22,351,0
06N,60,20240502,110000,3.245,3.245,3.245,3.245,5,0
06N,60,20240502,120000,3.245,3.245,3.245,3.245,5,0
06N,60,20240502,130000,3.23,3.23,3.23,3.23,10,0
06N,60,20240502,140000,3.17,3.17,3.17,3.17,2,0
06N,60,20240502,150000,3.17,3.24,3.17,3.24,17,0
06N,60,20240502,170000,3.24,3.24,3.24,3.24,18,0
06N,60,20240506,100000,3.265,3.315,3.265,3.315,6662,0
06N,60,20240506,110000,3.265,3.3,3.25,3.3,548,0
06N,60,20240506,120000,3.23,3.28,3.23,3.28,219,0
06N,60,20240506,130000,3.23,3.28,3.23,3.28,1899,0
06N,60,20240506,140000,3.23,3.23,3.23,3.23,4,0
06N,60,20240506,150000,3.275,3.275,3.23,3.23,111,0
06N,60,20240506,160000,3.275,3.275,3.275,3.275,28,0
06N,60,20240506,170000,3.24,3.28,3.24,3.28,3446,0
06N,60,20240507,100000,3.295,3.295,3.295,3.295,327,0
06N,60,20240507,110000,3.295,3.295,3.295,3.295,5,0
06N,60,20240507,130000,3.245,3.245,3.24,3.24,1545,0
06N,60,20240507,140000,3.245,3.295,3.245,3.295,5825,0
06N,60,20240507,160000,3.285,3.285,3.285,3.285,380,0
06N,60,20240507,170000,3.285,3.285,3.22,3.22,3456,0
06N,60,20240508,100000,3.22,3.22,3.22,3.22,530,0
06N,60,20240508,110000,3.27,3.27,3.27,3.27,80,0
06N,60,20240508,120000,3.235,3.235,3.23,3.23,650,0
06N,60,20240508,130000,3.23,3.27,3.23,3.27,15,0
06N,60,20240508,140000,3.23,3.27,3.23,3.23,1121,0
06N,60,20240508,150000,3.22,3.22,3.22,3.22,13,0
06N,60,20240508,170000,3.22,3.27,3.22,3.25,1770,0
06N,60,20240509,100000,3.265,3.265,3.265,3.265,33,0
06N,60,20240509,110000,3.265,3.27,3.215,3.215,1055,0
06N,60,20240509,120000,3.215,3.27,3.215,3.27,8659,0
06N,60,20240509,140000,3.22,3.22,3.22,3.22,1,0
06N,60,20240509,150000,3.225,3.265,3.225,3.265,15,0
06N,60,20240509,160000,3.265,3.265,3.265,3.265,125,0
06N,60,20240510,100000,3.26,3.29,3.26,3.29,1400,0
06N,60,20240510,110000,3.235,3.235,3.21,3.23,2350,0
06N,60,20240510,130000,3.22,3.22,3.22,3.22,2700,0
06N,60,20240510,140000,3.26,3.26,3.26,3.26,6,0
06N,60,20240510,150000,3.225,3.26,3.225,3.26,73,0
06N,60,20240510,160000,3.26,3.26,3.225,3.26,1406,0
06N,60,20240510,170000,3.26,3.26,3.26,3.26,469,0
06N,60,20240513,100000,3.27,3.295,3.27,3.295,6779,0
06N,60,20240513,110000,3.295,3.3,3.25,3.26,1907,0
06N,60,20240513,120000,3.25,3.295,3.225,3.295,2324,0
06N,60,20240513,130000,3.23,3.23,3.225,3.225,289,0
06N,60,20240513,150000,3.285,3.285,3.285,3.285,4,0
06N,60,20240513,160000,3.24,3.24,3.24,3.24,3,0
06N,60,20240513,170000,3.285,3.36,3.285,3.345,10480,0
06N,60,20240514,100000,3.345,3.38,3.28,3.315,5382,0
06N,60,20240514,110000,3.315,3.38,3.3,3.375,2539,0
06N,60,20240514,120000,3.315,3.315,3.315,3.315,2000,0
06N,60,20240514,130000,3.34,3.4,3.315,3.33,12051,0
06N,60,20240514,140000,3.33,3.38,3.33,3.38,512,0
06N,60,20240514,160000,3.38,3.385,3.38,3.385,999,0
06N,60,20240514,170000,3.39,3.39,3.35,3.38,2090,0
06N,60,20240515,100000,3.375,3.375,3.32,3.32,1510,0
06N,60,20240515,110000,3.33,3.33,3.315,3.32,6673,0
06N,60,20240515,120000,3.32,3.32,3.305,3.32,1064,0
06N,60,20240515,130000,3.3,3.3,3.3,3.3,586,0
06N,60,20240515,140000,3.3,3.32,3.295,3.295,456,0
06N,60,20240515,160000,3.32,3.32,3.32,3.32,88,0
06N,60,20240515,170000,3.295,3.32,3.29,3.29,2221,0
06N,60,20240516,100000,3.325,3.325,3.285,3.285,4536,0
06N,60,20240516,110000,3.285,3.285,3.27,3.27,394,0
06N,60,20240516,130000,3.27,3.27,3.26,3.27,794,0
06N,60,20240516,140000,3.27,3.27,3.25,3.25,1706,0
06N,60,20240516,160000,3.245,3.245,3.245,3.245,1,0
06N,60,20240516,170000,3.245,3.275,3.235,3.27,1171,0
06N,60,20240517,100000,3.265,3.265,3.24,3.24,20,0
06N,60,20240517,110000,3.24,3.24,3.23,3.23,1072,0
06N,60,20240517,120000,3.225,3.225,3.225,3.225,1,0
06N,60,20240517,130000,3.23,3.26,3.23,3.26,650,0
06N,60,20240517,140000,3.23,3.23,3.23,3.23,298,0
06N,60,20240517,150000,3.25,3.26,3.25,3.26,1151,0
06N,60,20240517,160000,3.26,3.29,3.26,3.29,1078,0
06N,60,20240517,170000,3.29,3.29,3.29,3.29,4,0
06N,60,20240520,100000,3.28,3.28,3.24,3.28,21,0
06N,60,20240520,110000,3.26,3.29,3.24,3.29,7210,0
06N,60,20240520,120000,3.28,3.29,3.28,3.29,1251,0
06N,60,20240520,130000,3.29,3.3,3.22,3.23,3782,0
06N,60,20240520,140000,3.225,3.265,3.225,3.265,2011,0
06N,60,20240520,150000,3.23,3.23,3.22,3.22,4200,0
06N,60,20240520,160000,3.22,3.22,3.22,3.22,11809,0
06N,60,20240520,170000,3.22,3.26,3.22,3.26,5285,0
06N,60,20240521,100000,3.26,3.28,3.25,3.28,1306,0
06N,60,20240521,110000,3.275,3.28,3.245,3.245,352,0
06N,60,20240521,120000,3.245,3.28,3.245,3.28,501,0
06N,60,20240521,140000,3.25,3.25,3.22,3.22,4227,0
06N,60,20240521,150000,3.225,3.225,3.22,3.22,1000,0
06N,60,20240521,170000,3.25,3.25,3.25,3.25,60,0
06N,60,20240522,100000,3.225,3.255,3.22,3.22,4021,0
06N,60,20240522,110000,3.23,3.23,3.23,3.23,1000,0
06N,60,20240522,120000,3.23,3.23,3.22,3.22,1773,0
06N,60,20240522,130000,3.245,3.245,3.245,3.245,4,0
06N,60,20240522,140000,3.24,3.24,3.22,3.22,1781,0
06N,60,20240522,160000,3.235,3.235,3.22,3.22,487,0
06N,60,20240522,170000,3.215,3.22,3.21,3.22,5220,0
06N,60,20240523,100000,3.22,3.23,3.205,3.23,7323,0
06N,60,20240523,110000,3.23,3.245,3.23,3.245,100,0
06N,60,20240523,120000,3.22,3.22,3.22,3.22,50,0
06N,60,20240523,130000,3.23,3.23,3.23,3.23,50,0
06N,60,20240523,140000,3.22,3.23,3.205,3.23,1825,0
06N,60,20240523,150000,3.205,3.205,3.205,3.205,2000,0
06N,60,20240523,160000,3.21,3.21,3.205,3.21,2500,0
06N,60,20240523,170000,3.23,3.245,3.23,3.23,748,0
06N,60,20240524,100000,3.245,3.245,3.2,3.2,2256,0
06N,60,20240524,110000,3.23,3.245,3.23,3.245,500,0
06N,60,20240524,120000,3.21,3.23,3.21,3.23,1500,0
06N,60,20240524,130000,3.23,3.23,3.215,3.215,750,0
06N,60,20240524,140000,3.23,3.42,3.23,3.37,40862,0
06N,60,20240524,150000,3.37,3.4,3.3,3.385,12150,0
06N,60,20240524,160000,3.32,3.375,3.28,3.285,6836,0
06N,60,20240524,170000,3.36,3.37,3.3,3.355,5693,0
06N,60,20240527,100000,3.365,3.375,3.3,3.375,11653,0
06N,60,20240527,110000,3.34,3.375,3.335,3.375,4465,0
06N,60,20240527,120000,3.375,3.38,3.375,3.38,2183,0
06N,60,20240527,130000,3.375,3.39,3.37,3.39,4178,0
06N,60,20240527,140000,3.39,3.41,3.39,3.41,5738,0
06N,60,20240527,150000,3.41,3.45,3.395,3.395,3630,0
06N,60,20240527,160000,3.39,3.395,3.335,3.34,2226,0
06N,60,20240527,170000,3.39,3.39,3.39,3.39,330,0
06N,60,20240528,100000,3.34,3.58,3.335,3.57,25765,0
06N,60,20240528,110000,3.555,3.56,3.45,3.55,1407,0
06N,60,20240528,120000,3.55,3.67,3.5,3.615,38867,0
06N,60,20240528,130000,3.615,3.78,3.615,3.73,49021,0
06N,60,20240528,140000,3.72,3.765,3.665,3.72,39163,0
06N,60,20240528,150000,3.72,3.72,3.65,3.65,6160,0
06N,60,20240528,160000,3.62,3.66,3.62,3.62,8153,0
06N,60,20240528,170000,3.615,3.645,3.57,3.62,17792,0
06N,60,20240529,100000,3.6,3.75,3.55,3.69,25300,0
06N,60,20240529,110000,3.695,3.695,3.62,3.62,2634,0
06N,60,20240529,120000,3.62,3.62,3.6,3.6,1366,0
06N,60,20240529,130000,3.605,3.63,3.595,3.595,6943,0
06N,60,20240529,140000,3.63,3.63,3.63,3.63,8,0
06N,60,20240529,150000,3.595,3.595,3.51,3.51,11840,0
06N,60,20240529,160000,3.515,3.515,3.515,3.515,1270,0
06N,60,20240529,170000,3.515,3.55,3.515,3.515,4454,0
06N,60,20240531,100000,3.36,3.43,3.21,3.285,60613,0
06N,60,20240531,110000,3.28,3.315,3.22,3.24,14907,0
06N,60,20240531,120000,3.29,3.29,3.22,3.285,11903,0
06N,60,20240531,130000,3.28,3.285,3.255,3.255,3588,0
06N,60,20240531,140000,3.285,3.3,3.285,3.3,3151,0
06N,60,20240531,150000,3.315,3.315,3.315,3.315,614,0
06N,60,20240531,160000,3.315,3.32,3.315,3.32,528,0
06N,60,20240531,170000,3.32,3.32,3.25,3.32,10030,0
06N,60,20240603,100000,3.3,3.34,3.24,3.32,6602,0
06N,60,20240603,110000,3.28,3.3,3.235,3.3,516,0
06N,60,20240603,120000,3.3,3.3,3.3,3.3,452,0
06N,60,20240603,130000,3.29,3.29,3.25,3.25,470,0
06N,60,20240603,140000,3.245,3.25,3.23,3.235,15132,0
06N,60,20240603,150000,3.255,3.26,3.235,3.26,974,0
06N,60,20240603,160000,3.245,3.265,3.22,3.265,7200,0
06N,60,20240603,170000,3.245,3.265,3.245,3.265,831,0
06N,60,20240604,100000,3.265,3.265,3.23,3.23,2654,0
06N,60,20240604,110000,3.23,3.23,3.22,3.22,2151,0
06N,60,20240604,120000,3.25,3.25,3.215,3.215,1379,0
06N,60,20240604,130000,3.22,3.245,3.215,3.245,3018,0
06N,60,20240604,150000,3.225,3.225,3.225,3.225,2085,0
06N,60,20240604,160000,3.245,3.245,3.245,3.245,1,0
06N,60,20240604,170000,3.25,3.25,3.25,3.25,1479,0
06N,60,20240605,100000,3.225,3.26,3.2,3.26,11112,0
06N,60,20240605,110000,3.26,3.26,3.225,3.26,1027,0
06N,60,20240605,120000,3.24,3.24,3.225,3.225,2009,0
06N,60,20240605,130000,3.23,3.265,3.23,3.265,2279,0
06N,60,20240605,140000,3.23,3.32,3.23,3.315,7348,0
06N,60,20240605,150000,3.28,3.315,3.275,3.315,2053,0
06N,60,20240605,160000,3.305,3.31,3.305,3.31,303,0
06N,60,20240605,170000,3.28,3.31,3.25,3.31,3253,0
06N,60,20240606,100000,3.3,3.3,3.3,3.3,90,0
06N,60,20240606,110000,3.26,3.3,3.245,3.25,4026,0
06N,60,20240606,120000,3.25,3.315,3.25,3.315,3780,0
06N,60,20240606,130000,3.26,3.26,3.26,3.26,65,0
06N,60,20240606,140000,3.31,3.31,3.25,3.25,865,0
06N,60,20240606,150000,3.25,3.25,3.25,3.25,2001,0
06N,60,20240606,160000,3.26,3.26,3.245,3.245,11480,0
06N,60,20240606,170000,3.295,3.33,3.23,3.25,18399,0
06N,60,20240607,100000,3.25,3.28,3.225,3.28,3256,0
06N,60,20240607,110000,3.25,3.28,3.25,3.25,1736,0
06N,60,20240607,120000,3.28,3.28,3.25,3.25,254,0
06N,60,20240607,130000,3.23,3.23,3.23,3.23,1,0
06N,60,20240607,140000,3.24,3.24,3.24,3.24,4,0
06N,60,20240607,150000,3.24,3.24,3.24,3.24,6,0
06N,60,20240607,170000,3.24,3.27,3.24,3.27,355,0
06N,60,20240610,100000,3.27,3.31,3.23,3.23,2872,0
06N,60,20240610,110000,3.24,3.24,3.23,3.23,788,0
06N,60,20240610,120000,3.24,3.24,3.24,3.24,44,0
06N,60,20240610,130000,3.24,3.24,3.235,3.235,251,0
06N,60,20240610,140000,3.27,3.28,3.27,3.27,1450,0
06N,60,20240610,150000,3.27,3.27,3.235,3.235,2500,0
06N,60,20240610,160000,3.24,3.24,3.24,3.24,309,0
06N,60,20240610,170000,3.275,3.275,3.275,3.275,182,0
06N,60,20240611,100000,3.24,3.24,3.225,3.225,1510,0
06N,60,20240611,110000,3.235,3.27,3.21,3.27,5592,0
06N,60,20240611,120000,3.22,3.22,3.215,3.215,303,0
06N,60,20240611,130000,3.215,3.25,3.215,3.245,8043,0
06N,60,20240611,140000,3.22,3.22,3.21,3.21,1001,0
06N,60,20240611,150000,3.21,3.21,3.21,3.21,1526,0
06N,60,20240611,160000,3.215,3.215,3.215,3.215,4,0
06N,60,20240611,170000,3.22,3.22,3.15,3.2,12838,0
06N,60,20240612,100000,3.24,3.24,3.2,3.235,4777,0
06N,60,20240612,110000,3.2,3.23,3.2,3.23,422,0
06N,60,20240612,120000,3.195,3.23,3.19,3.19,2975,0
06N,60,20240612,130000,3.19,3.225,3.19,3.19,2728,0
06N,60,20240612,140000,3.195,3.205,3.195,3.205,12,0
06N,60,20240612,160000,3.205,3.205,3.205,3.205,555,0
06N,60,20240612,170000,3.19,3.205,3.1,3.185,12182,0
06N,60,20240613,100000,3.16,3.18,3.11,3.18,2187,0
06N,60,20240613,120000,3.18,3.18,3.18,3.18,6,0
06N,60,20240613,130000,3.16,3.17,3.11,3.11,4515,0
06N,60,20240613,140000,3.13,3.13,3.13,3.13,1000,0
06N,60,20240613,150000,3.12,3.18,3.11,3.175,3977,0
06N,60,20240613,160000,3.125,3.165,3.11,3.165,1211,0
06N,60,20240613,170000,3.165,3.165,3.16,3.16,710,0
06N,60,20240614,100000,3.11,3.16,3.06,3.13,9006,0
06N,60,20240614,110000,3.1,3.13,3.1,3.13,1033,0
06N,60,20240614,120000,3.09,3.13,3.09,3.13,65,0
06N,60,20240614,130000,3.13,3.135,3.13,3.135,175,0
06N,60,20240614,140000,3.12,3.12,3.1,3.12,648,0
06N,60,20240614,160000,3.12,3.12,3.12,3.12,400,0
06N,60,20240614,170000,3.1,3.12,3.1,3.12,1004,0
06N,60,20240617,100000,3.12,3.12,3.11,3.11,7,0
06N,60,20240617,110000,3.11,3.11,3.075,3.075,722,0
06N,60,20240617,120000,3.08,3.12,3.08,3.12,1143,0
06N,60,20240617,130000,3.1,3.135,3.1,3.135,578,0
06N,60,20240617,140000,3.135,3.14,3.12,3.14,1089,0
06N,60,20240617,150000,3.12,3.14,3.12,3.14,504,0
06N,60,20240617,160000,3.12,3.12,3.11,3.11,500,0
06N,60,20240617,170000,3.13,3.13,3.11,3.13,205,0
06N,60,20240618,100000,3.1,3.135,3.06,3.13,4012,0
06N,60,20240618,110000,3.13,3.13,3.13,3.13,10,0
06N,60,20240618,130000,3.08,3.085,3.06,3.085,4631,0
06N,60,20240618,140000,3.12,3.12,3.12,3.12,3,0
06N,60,20240618,150000,3.085,3.115,3.06,3.115,4503,0
06N,60,20240618,160000,3.095,3.095,3.095,3.095,329,0
06N,60,20240618,170000,3.095,3.11,3.08,3.11,1677,0
06N,60,20240619,100000,3.105,3.105,3.06,3.1,4588,0
06N,60,20240619,120000,3.105,3.105,3.07,3.07,11,0
06N,60,20240619,130000,3.08,3.08,3.08,3.08,666,0
06N,60,20240619,140000,3.08,3.105,3.08,3.105,1135,0
06N,60,20240619,150000,3.085,3.085,3.085,3.085,1000,0
06N,60,20240619,170000,3.08,3.08,3.07,3.08,2607,0
06N,60,20240620,100000,3.11,3.12,3.11,3.12,112,0
06N,60,20240620,110000,3.085,3.11,3.085,3.11,399,0
06N,60,20240620,120000,3.11,3.11,3.085,3.085,2235,0
06N,60,20240620,130000,3.085,3.085,3.085,3.085,10,0
06N,60,20240620,150000,3.085,3.11,3.085,3.11,8,0
06N,60,20240620,160000,3.085,3.11,3.08,3.11,1119,0
06N,60,20240621,100000,3.1,3.12,3.1,3.12,2600,0
06N,60,20240621,110000,3.125,3.13,3.125,3.13,1598,0
06N,60,20240621,120000,3.135,3.15,3.135,3.15,2035,0
06N,60,20240621,130000,3.135,3.15,3.11,3.12,77,0
06N,60,20240621,140000,3.15,3.175,3.15,3.175,35,0
06N,60,20240621,150000,3.14,3.16,3.14,3.16,756,0
06N,60,20240621,160000,3.14,3.155,3.14,3.15,293,0
06N,60,20240621,170000,3.155,3.19,3.15,3.19,1945,0
06N,60,20240624,100000,3.155,3.225,3.155,3.21,2823,0
06N,60,20240624,110000,3.18,3.18,3.18,3.18,10,0
06N,60,20240624,120000,3.2,3.2,3.2,3.2,40,0
06N,60,20240624,130000,3.18,3.2,3.18,3.2,3723,0
06N,60,20240624,140000,3.2,3.21,3.2,3.21,1584,0
06N,60,20240624,150000,3.205,3.205,3.2,3.2,306,0
06N,60,20240624,160000,3.2,3.2,3.2,3.2,4,0
06N,60,20240624,170000,3.18,3.195,3.16,3.195,1402,0
06N,60,20240625,100000,3.165,3.195,3.13,3.175,5334,0
06N,60,20240625,110000,3.165,3.165,3.13,3.13,1001,0
06N,60,20240625,120000,3.125,3.125,3.125,3.125,1,0
06N,60,20240625,130000,3.125,3.15,3.125,3.15,19,0
06N,60,20240625,150000,3.15,3.15,3.15,3.15,20,0
06N,60,20240625,160000,3.15,3.15,3.14,3.14,848,0
06N,60,20240625,170000,3.14,3.16,3.14,3.16,398,0
06N,60,20240626,100000,3.14,3.165,3.12,3.16,864,0
06N,60,20240626,110000,3.16,3.175,3.16,3.16,1481,0
06N,60,20240626,120000,3.16,3.16,3.16,3.16,54,0
06N,60,20240626,140000,3.14,3.14,3.14,3.14,410,0
06N,60,20240626,150000,3.14,3.14,3.14,3.14,4,0
06N,60,20240626,160000,3.16,3.16,3.16,3.16,1,0
06N,60,20240626,170000,3.16,3.175,3.16,3.175,346,0
06N,60,20240627,100000,3.17,3.195,3.14,3.19,3829,0
06N,60,20240627,110000,3.145,3.19,3.145,3.19,54,0
06N,60,20240627,130000,3.185,3.19,3.185,3.19,2382,0
06N,60,20240627,150000,3.155,3.155,3.15,3.15,2411,0
06N,60,20240627,160000,3.16,3.165,3.16,3.165,200,0
06N,60,20240627,170000,3.16,3.16,3.16,3.16,108,0
06N,60,20240628,100000,3.16,3.16,3.095,3.13,8070,0
06N,60,20240628,110000,3.125,3.135,3.12,3.135,2891,0
06N,60,20240628,120000,3.135,3.14,3.09,3.14,8634,0
06N,60,20240628,140000,3.1,3.1,3.1,3.1,2904,0
06N,60,20240628,150000,3.1,3.1,3.09,3.1,2501,0
06N,60,20240628,160000,3.115,3.12,3.115,3.12,2993,0
06N,60,20240628,170000,3.12,3.12,3.12,3.12,100,0
06N,60,20240701,100000,3.12,3.125,3.07,3.09,3242,0
06N,60,20240701,110000,3.09,3.09,3.085,3.085,1000,0
06N,60,20240701,120000,3.085,3.11,3.08,3.11,1295,0
06N,60,20240701,140000,3.09,3.11,3.08,3.11,3136,0
06N,60,20240701,170000,3.09,3.11,3.08,3.11,1076,0
06N,60,20240702,100000,3.105,3.105,3.09,3.1,1568,0
06N,60,20240702,110000,3.09,3.105,3.075,3.08,3324,0
06N,60,20240702,120000,3.08,3.085,3.055,3.06,2641,0
06N,60,20240702,130000,3.085,3.085,3.065,3.065,2014,0
06N,60,20240702,150000,3.07,3.07,3.055,3.055,4305,0
06N,60,20240702,160000,3.06,3.07,3.05,3.05,2427,0
06N,60,20240702,170000,3.075,3.08,3.075,3.075,1795,0
06N,60,20240703,100000,3.085,3.1,3.055,3.1,2113,0
06N,60,20240703,110000,3.07,3.095,3.07,3.07,1228,0
06N,60,20240703,120000,3.07,3.07,3.065,3.065,500,0
06N,60,20240703,130000,3.07,3.07,3.07,3.07,100,0
06N,60,20240703,140000,3.07,3.07,3.065,3.065,1299,0
06N,60,20240703,150000,3.065,3.09,3.06,3.06,1162,0
06N,60,20240703,160000,3.085,3.085,3.085,3.085,482,0
06N,60,20240703,170000,3.09,3.105,3.085,3.105,1346,0
06N,60,20240704,100000,3.06,3.06,3.06,3.06,600,0
06N,60,20240704,110000,3.065,3.065,3.06,3.06,840,0
06N,60,20240704,120000,3.065,3.09,3.06,3.09,1167,0
06N,60,20240704,130000,3.09,3.09,3.09,3.09,30,0
06N,60,20240704,140000,3.065,3.1,3.065,3.1,704,0
06N,60,20240704,150000,3.105,3.13,3.1,3.13,8954,0
06N,60,20240704,160000,3.125,3.125,3.125,3.125,590,0
06N,60,20240704,170000,3.1,3.13,3.1,3.13,335,0
06N,60,20240705,100000,3.135,3.15,3.1,3.15,3126,0
06N,60,20240705,110000,3.125,3.125,3.12,3.12,1000,0
06N,60,20240705,120000,3.14,3.14,3.14,3.14,1,0
06N,60,20240705,130000,3.14,3.155,3.12,3.12,4469,0
06N,60,20240705,140000,3.13,3.13,3.13,3.13,610,0
06N,60,20240705,150000,3.15,3.15,3.12,3.12,1707,0
06N,60,20240705,160000,3.15,3.16,3.13,3.13,3913,0
06N,60,20240705,170000,3.12,3.12,3.12,3.12,1,0
06N,60,20240708,100000,3.15,3.18,3.12,3.13,1025,0
06N,60,20240708,110000,3.17,3.19,3.17,3.19,2403,0
06N,60,20240708,120000,3.2,3.24,3.13,3.13,3799,0
06N,60,20240708,140000,3.2,3.23,3.2,3.23,2560,0
06N,60,20240708,150000,3.22,3.22,3.2,3.2,965,0
06N,60,20240708,170000,3.21,3.21,3.18,3.19,1849,0
06N,60,20240709,100000,3.19,3.22,3.19,3.22,779,0
06N,60,20240709,110000,3.18,3.18,3.165,3.165,935,0
06N,60,20240709,120000,3.18,3.2,3.18,3.2,932,0
06N,60,20240709,130000,3.2,3.215,3.2,3.215,16,0
06N,60,20240709,140000,3.21,3.21,3.21,3.21,350,0
06N,60,20240709,150000,3.2,3.2,3.2,3.2,59,0
06N,60,20240709,160000,3.165,3.165,3.165,3.165,15,0
06N,60,20240709,170000,3.165,3.2,3.165,3.2,61,0
06N,60,20240710,100000,3.165,3.21,3.16,3.21,1189,0
06N,60,20240710,110000,3.16,3.18,3.16,3.18,893,0
06N,60,20240710,160000,3.18,3.18,3.18,3.18,2,0
06N,60,20240710,170000,3.21,3.21,3.21,3.21,280,0
06N,60,20240711,100000,3.21,3.21,3.21,3.21,779,0
06N,60,20240711,110000,3.18,3.18,3.135,3.135,2000,0
06N,60,20240711,130000,3.145,3.145,3.135,3.135,3220,0
06N,60,20240711,140000,3.175,3.175,3.175,3.175,31,0
06N,60,20240711,150000,3.14,3.14,3.14,3.14,500,0
06N,60,20240711,160000,3.14,3.155,3.14,3.155,504,0
06N,60,20240711,170000,3.155,3.155,3.13,3.13,547,0
06N,60,20240712,100000,3.13,3.145,3.12,3.145,1676,0
06N,60,20240712,110000,3.13,3.135,3.13,3.135,3619,0
06N,60,20240712,120000,3.14,3.15,3.115,3.115,3263,0
06N,60,20240712,130000,3.115,3.145,3.11,3.11,1252,0
06N,60,20240712,140000,3.11,3.11,3.04,3.04,5000,0
06N,60,20240712,150000,3.075,3.1,3.055,3.1,6716,0
06N,60,20240712,160000,3.08,3.08,3.07,3.07,2500,0
06N,60,20240712,170000,3.09,3.09,3.09,3.09,120,0
06N,60,20240715,110000,3.085,3.09,3.08,3.08,2886,0
06N,60,20240715,120000,3.08,3.08,3.08,3.08,446,0
06N,60,20240715,130000,3.08,3.08,3.08,3.08,1001,0
06N,60,20240715,140000,3.08,3.08,3.08,3.08,324,0
06N,60,20240715,150000,3.075,3.075,3.075,3.075,376,0
06N,60,20240715,170000,3.09,3.09,3.09,3.09,60,0
06N,60,20240716,100000,3.075,3.075,3.075,3.075,179,0
06N,60,20240716,110000,3.075,3.075,3.075,3.075,1000,0
06N,60,20240716,120000,3.075,3.075,3.075,3.075,900,0
06N,60,20240716,130000,3.075,3.075,3.065,3.065,859,0
06N,60,20240716,140000,3.07,3.12,3.07,3.12,8100,0
06N,60,20240716,170000,3.07,3.105,3.04,3.04,5816,0
06N,60,20240717,100000,3.105,3.11,3.06,3.06,1790,0
06N,60,20240717,110000,3.105,3.105,3,3.01,8598,0
06N,60,20240717,130000,3.095,3.095,3.095,3.095,1,0
06N,60,20240717,140000,3.05,3.095,3.05,3.095,105,0
06N,60,20240717,150000,3.05,3.05,3.05,3.05,495,0
06N,60,20240717,160000,3.05,3.05,3.05,3.05,5,0
06N,60,20240717,170000,3.05,3.09,3.05,3.09,410,0
06N,60,20240718,100000,3.09,3.09,3.03,3.03,604,0
06N,60,20240718,110000,3.04,3.04,3.03,3.03,1750,0
06N,60,20240718,120000,3.045,3.085,3.045,3.085,1227,0
06N,60,20240718,150000,3.08,3.08,3.04,3.04,427,0
06N,60,20240718,160000,3.04,3.04,3.04,3.04,40,0
06N,60,20240718,170000,3.04,3.04,3.03,3.03,1001,0
06N,60,20240719,100000,3.07,3.075,3.03,3.04,1116,0
06N,60,20240719,120000,3.06,3.06,3.04,3.04,8,0
06N,60,20240719,140000,3.04,3.04,3.04,3.04,7,0
06N,60,20240719,150000,3.06,3.065,3.06,3.065,205,0
06N,60,20240719,160000,3.06,3.065,3.06,3.065,760,0
06N,60,20240719,170000,3.06,3.07,3.06,3.07,170,0
06N,60,20240722,100000,3.065,3.065,3.065,3.065,12,0
06N,60,20240722,110000,3.055,3.07,3.055,3.07,1786,0
06N,60,20240722,120000,3.07,3.07,3.07,3.07,2670,0
06N,60,20240722,130000,3.07,3.07,3.055,3.055,261,0
06N,60,20240722,150000,3.055,3.055,3.045,3.05,993,0
06N,60,20240722,170000,3.05,3.05,3.05,3.05,200,0
06N,60,20240723,100000,3.05,3.05,3.05,3.05,5,0
06N,60,20240723,110000,3.05,3.05,3.05,3.05,339,0
06N,60,20240723,120000,3.05,3.05,3.05,3.05,1,0
06N,60,20240723,130000,3.05,3.05,3.05,3.05,1340,0
06N,60,20240723,150000,3.05,3.05,3.04,3.04,262,0
06N,60,20240723,160000,3.04,3.04,3.04,3.04,916,0
06N,60,20240723,170000,3.03,3.06,3.03,3.06,92,0
06N,60,20240724,100000,3.02,3.02,3.02,3.02,4982,0
06N,60,20240724,130000,3.05,3.05,3.05,3.05,197,0
06N,60,20240724,140000,3.05,3.05,3.02,3.02,232,0
06N,60,20240724,150000,3.02,3.055,3.01,3.04,9869,0
06N,60,20240724,170000,3.01,3.01,3.01,3.01,1385,0
06N,60,20240725,100000,3.01,3.01,2.99,3.01,3810,0
06N,60,20240725,120000,3.005,3.005,2.98,2.98,6731,0
06N,60,20240725,130000,3,3,2.94,2.94,7500,0
06N,60,20240725,140000,2.96,2.96,2.95,2.95,2500,0
06N,60,20240725,160000,2.965,3.01,2.95,3.01,7968,0
06N,60,20240725,170000,3,3.01,3,3.01,169,0
06N,60,20240726,100000,3.01,3.02,2.94,2.94,2043,0
06N,60,20240726,110000,3.015,3.015,3.015,3.015,29,0
06N,60,20240726,140000,2.975,2.975,2.95,2.95,1000,0
06N,60,20240726,150000,3.01,3.01,3.01,3.01,596,0
06N,60,20240726,160000,3,3.01,3,3.01,1078,0
06N,60,20240726,170000,3.015,3.035,3.015,3.035,4940,0
06N,60,20240729,100000,3.02,3.02,3.02,3.02,501,0
06N,60,20240729,110000,3.02,3.035,3.015,3.035,708,0
06N,60,20240729,130000,3.03,3.03,3.02,3.02,507,0
06N,60,20240729,140000,3.015,3.015,3.015,3.015,1,0
06N,60,20240729,150000,3.015,3.015,3.015,3.015,1605,0
06N,60,20240729,170000,3.03,3.03,3.03,3.03,30,0
06N,60,20240730,100000,3.015,3.08,3.01,3.08,7274,0
06N,60,20240730,110000,3.075,3.075,3.075,3.075,400,0
06N,60,20240730,170000,3.06,3.06,3.06,3.06,203,0
06N,60,20240731,100000,3.025,3.06,3.015,3.06,1679,0
06N,60,20240731,110000,3.02,3.065,3.02,3.05,2073,0
06N,60,20240731,120000,3.06,3.06,3.025,3.025,1500,0
06N,60,20240731,130000,3.05,3.07,3.05,3.07,4500,0
06N,60,20240731,150000,3.065,3.065,3.065,3.065,405,0
06N,60,20240731,160000,3.03,3.03,3.03,3.03,10,0
06N,60,20240731,170000,3.025,3.06,3.025,3.06,175,0
06N,60,20240801,100000,3.025,3.025,3.02,3.02,1238,0
06N,60,20240801,110000,3.02,3.02,3.02,3.02,2,0
06N,60,20240801,120000,3.02,3.02,3.02,3.02,3000,0
06N,60,20240801,130000,3.02,3.02,3.02,3.02,840,0
06N,60,20240801,140000,3.05,3.05,3.05,3.05,300,0
06N,60,20240801,150000,3.045,3.045,3.02,3.02,11,0
06N,60,20240802,100000,3.02,3.02,3.01,3.01,2679,0
06N,60,20240802,110000,3.005,3.01,3,3.01,304,0
06N,60,20240802,120000,3,3.02,2.985,3.02,1028,0
06N,60,20240802,130000,3.005,3.06,3,3.06,1190,0
06N,60,20240802,140000,3.035,3.035,3.035,3.035,10,0
06N,60,20240802,160000,3.02,3.02,3.02,3.02,30,0
06N,60,20240802,170000,3.02,3.02,3.02,3.02,15,0
06N,60,20240805,100000,3.01,3.01,2.93,2.97,1987,0
06N,60,20240805,110000,2.975,3,2.94,3,7822,0
06N,60,20240805,120000,3,3,2.94,2.94,12036,0
06N,60,20240805,130000,3,3,3,3,1500,0
06N,60,20240805,140000,2.95,2.95,2.94,2.94,7383,0
06N,60,20240805,150000,2.94,2.94,2.925,2.93,6754,0
06N,60,20240805,160000,2.925,2.965,2.92,2.965,7009,0
06N,60,20240805,170000,2.96,2.965,2.96,2.965,2070,0
06N,60,20240806,100000,2.925,2.925,2.92,2.92,2000,0
06N,60,20240806,110000,2.92,2.965,2.92,2.965,116,0
06N,60,20240806,120000,2.925,2.925,2.925,2.925,6,0
06N,60,20240806,130000,2.955,2.955,2.93,2.93,112,0
06N,60,20240806,140000,2.93,2.95,2.93,2.95,204,0
06N,60,20240806,150000,2.95,2.95,2.95,2.95,423,0
06N,60,20240806,160000,2.955,2.96,2.955,2.96,3022,0
06N,60,20240806,170000,2.96,2.99,2.96,2.99,1309,0
06N,60,20240807,110000,2.96,2.995,2.95,2.995,5525,0
06N,60,20240807,120000,2.93,2.99,2.93,2.99,13,0
06N,60,20240807,140000,2.935,2.99,2.935,2.99,169,0
06N,60,20240807,150000,2.94,2.99,2.94,2.99,14,0
06N,60,20240807,160000,2.99,2.99,2.99,2.99,10,0
06N,60,20240807,170000,2.99,2.99,2.99,2.99,80,0
06N,60,20240808,100000,2.96,2.99,2.94,2.94,146,0
06N,60,20240808,130000,2.94,2.94,2.94,2.94,171,0
06N,60,20240808,140000,2.94,2.94,2.94,2.94,1,0
06N,60,20240808,150000,2.94,2.94,2.925,2.925,1229,0
06N,60,20240808,160000,2.93,2.93,2.92,2.92,1920,0
06N,60,20240808,170000,2.95,2.95,2.95,2.95,314,0
06N,60,20240809,100000,2.95,2.96,2.95,2.96,146,0
06N,60,20240809,120000,2.92,2.92,2.92,2.92,1,0
06N,60,20240809,130000,2.955,2.955,2.955,2.955,10,0
06N,60,20240809,140000,2.92,2.925,2.92,2.925,2400,0
06N,60,20240809,150000,2.925,2.945,2.925,2.945,101,0
06N,60,20240809,170000,2.94,2.94,2.925,2.94,469,0
06N,60,20240812,100000,2.935,2.965,2.935,2.955,834,0
06N,60,20240812,110000,2.965,2.965,2.965,2.965,5,0
06N,60,20240812,120000,2.965,2.965,2.965,2.965,104,0
06N,60,20240812,130000,2.935,2.965,2.935,2.965,40,0
06N,60,20240812,140000,2.935,2.935,2.935,2.935,35,0
06N,60,20240812,150000,2.965,2.965,2.965,2.965,100,0
06N,60,20240812,160000,2.96,2.965,2.96,2.965,1322,0
06N,60,20240812,170000,2.955,2.965,2.955,2.965,14200,0
06N,60,20240813,120000,2.97,2.97,2.97,2.97,5,0
06N,60,20240813,130000,2.925,2.925,2.925,2.925,1,0
06N,60,20240813,140000,2.925,2.97,2.925,2.97,5,0
06N,60,20240814,100000,2.97,2.97,2.94,2.94,2350,0
06N,60,20240814,110000,2.94,2.94,2.93,2.935,7038,0
06N,60,20240814,140000,2.935,2.97,2.925,2.97,1010,0
06N,60,20240814,150000,2.93,2.93,2.93,2.93,9,0
06N,60,20240814,160000,2.965,2.965,2.965,2.965,10,0
06N,60,20240814,170000,2.93,2.965,2.925,2.965,454,0
06N,60,20240816,100000,2.965,2.965,2.93,2.93,70,0
06N,60,20240816,110000,2.93,2.96,2.905,2.96,2422,0
06N,60,20240816,140000,2.96,2.96,2.915,2.915,25,0
06N,60,20240816,150000,2.96,2.96,2.93,2.93,483,0
06N,60,20240816,160000,2.96,2.96,2.93,2.93,324,0
06N,60,20240816,170000,2.955,2.955,2.955,2.955,30,0
06N,60,20240819,100000,2.925,2.955,2.925,2.955,2050,0
06N,60,20240819,130000,2.93,2.93,2.93,2.93,13,0
06N,60,20240819,140000,2.93,2.93,2.925,2.925,216,0
06N,60,20240819,150000,2.93,2.93,2.93,2.93,250,0
06N,60,20240819,160000,2.925,2.93,2.925,2.93,2004,0
06N,60,20240819,170000,2.95,2.95,2.93,2.93,15,0
06N,60,20240820,100000,2.92,2.925,2.92,2.92,781,0
06N,60,20240820,110000,2.935,2.935,2.935,2.935,20,0
06N,60,20240820,120000,2.92,2.95,2.92,2.95,100,0
06N,60,20240820,130000,2.92,2.92,2.92,2.92,4,0
06N,60,20240820,140000,2.92,2.92,2.92,2.92,736,0
06N,60,20240820,150000,2.9,2.95,2.9,2.95,1129,0
06N,60,20240821,110000,2.92,2.92,2.9,2.9,6000,0
06N,60,20240821,120000,2.88,2.945,2.88,2.945,1351,0
06N,60,20240821,140000,2.945,2.945,2.945,2.945,13,0
06N,60,20240821,160000,2.945,2.95,2.92,2.925,1209,0
06N,60,20240821,170000,2.925,3.06,2.925,3.06,5238,0
06N,60,20240822,100000,3.055,3.055,2.975,3.04,710,0
06N,60,20240822,120000,3,3.04,3,3.04,248,0
06N,60,20240822,130000,2.975,2.975,2.95,2.95,4540,0
06N,60,20240822,140000,2.95,3.03,2.95,3.03,18,0
06N,60,20240822,150000,2.95,3.145,2.95,3.145,29455,0
06N,60,20240822,160000,3.14,3.16,3.09,3.15,6502,0
06N,60,20240822,170000,3.06,3.125,3.04,3.12,1275,0
06N,60,20240823,100000,3.1,3.12,3.1,3.1,259,0
06N,60,20240823,110000,3.055,3.055,3.05,3.055,2501,0
06N,60,20240823,120000,3.055,3.095,3.05,3.095,2010,0
06N,60,20240823,130000,3.05,3.095,3.05,3.05,280,0
06N,60,20240823,140000,3.095,3.095,3.05,3.05,201,0
06N,60,20240823,150000,3.05,3.06,3.05,3.05,2481,0
06N,60,20240823,160000,3.05,3.05,3.05,3.05,700,0
06N,60,20240823,170000,3.095,3.12,3.095,3.12,215,0
06N,60,20240826,100000,3.05,3.15,3.05,3.15,1112,0
06N,60,20240826,110000,3.055,3.055,3.05,3.05,1220,0
06N,60,20240826,120000,3.145,3.15,3.06,3.06,1089,0
06N,60,20240826,130000,3.06,3.06,3.06,3.06,1,0
06N,60,20240826,140000,3.075,3.075,3.07,3.07,150,0
06N,60,20240826,150000,3.14,3.15,3.14,3.15,4695,0
06N,60,20240826,160000,3.145,3.16,3.145,3.155,1557,0
06N,60,20240826,170000,3.11,3.16,3.085,3.16,1589,0
06N,60,20240827,100000,3.15,3.29,3.15,3.2,43512,0
06N,60,20240827,110000,3.25,3.26,3.22,3.26,5755,0
06N,60,20240827,120000,3.26,3.26,3.22,3.26,5263,0
06N,60,20240827,130000,3.25,3.29,3.24,3.28,2604,0
06N,60,20240827,140000,3.26,3.28,3.26,3.28,10096,0
06N,60,20240827,150000,3.26,3.26,3.26,3.26,690,0
06N,60,20240827,160000,3.28,3.36,3.26,3.36,19281,0
06N,60,20240827,170000,3.34,3.34,3.25,3.335,5386,0
06N,60,20240828,100000,3.355,3.355,3.26,3.26,5847,0
06N,60,20240828,110000,3.265,3.33,3.26,3.325,7005,0
06N,60,20240828,120000,3.28,3.295,3.26,3.26,2917,0
06N,60,20240828,130000,3.26,3.26,3.23,3.23,1524,0
06N,60,20240828,140000,3.21,3.21,3.21,3.21,15,0
06N,60,20240828,150000,3.23,3.26,3.23,3.26,642,0
06N,60,20240828,160000,3.23,3.26,3.23,3.26,609,0
06N,60,20240828,170000,3.24,3.29,3.21,3.28,2733,0
06N,60,20240829,100000,3.21,3.275,3.185,3.275,3826,0
06N,60,20240829,110000,3.19,3.2,3.18,3.2,2850,0
06N,60,20240829,120000,3.2,3.27,3.2,3.265,8428,0
06N,60,20240829,140000,3.205,3.26,3.205,3.26,12,0
06N,60,20240829,150000,3.205,3.205,3.205,3.205,12,0
06N,60,20240829,170000,3.205,3.255,3.205,3.255,456,0
06N,60,20240830,100000,3.2,3.28,3.2,3.28,2316,0
06N,60,20240830,110000,3.21,3.21,3.19,3.19,16,0
06N,60,20240830,120000,3.195,3.265,3.195,3.265,64,0
06N,60,20240830,130000,3.21,3.265,3.21,3.265,18,0
06N,60,20240830,140000,3.265,3.265,3.265,3.265,1087,0
06N,60,20240830,150000,3.265,3.265,3.2,3.2,2457,0
06N,60,20240830,160000,3.2,3.255,3.2,3.205,7650,0
06N,60,20240830,170000,3.205,3.245,3.2,3.245,3025,0
06N,60,20240902,110000,3.2,3.2,3.165,3.185,2921,0
06N,60,20240902,120000,3.185,3.185,3.17,3.18,1652,0
06N,60,20240902,130000,3.18,3.18,3.18,3.18,907,0
06N,60,20240902,150000,3.17,3.17,3.17,3.17,18,0
06N,60,20240902,160000,3.17,3.17,3.17,3.17,1,0
06N,60,20240902,170000,3.17,3.185,3.16,3.185,2378,0
06N,60,20240903,100000,3.16,3.16,3.155,3.155,4450,0
06N,60,20240903,120000,3.16,3.16,3.16,3.16,7,0
06N,60,20240903,130000,3.155,3.16,3.145,3.16,18,0
06N,60,20240903,140000,3.145,3.145,3.145,3.145,50,0
06N,60,20240903,150000,3.145,3.145,3.145,3.145,149,0
06N,60,20240903,160000,3.16,3.16,3.12,3.12,767,0
06N,60,20240903,170000,3.12,3.15,3.11,3.15,2251,0
06N,60,20240904,100000,3.09,3.16,3.09,3.16,1555,0
06N,60,20240904,110000,3.09,3.09,3.07,3.07,1000,0
06N,60,20240904,120000,3.09,3.09,3.07,3.07,1001,0
06N,60,20240904,130000,3.07,3.07,3.07,3.07,1003,0
06N,60,20240904,150000,3.08,3.08,3.08,3.08,333,0
06N,60,20240905,170000,3.155,3.155,3.155,3.155,64,0
06N,60,20240906,100000,3.155,3.155,3.155,3.155,4,0
06N,60,20240906,110000,3.085,3.085,3.065,3.07,6844,0
06N,60,20240906,120000,3.07,3.145,3.07,3.07,31,0
06N,60,20240906,130000,3.07,3.145,3.07,3.145,7,0
06N,60,20240906,150000,3.08,3.08,3.08,3.08,150,0
06N,60,20240906,170000,3.08,3.15,3.08,3.15,1190,0
06N,60,20240909,100000,3.065,3.15,3.065,3.07,1013,0
06N,60,20240909,110000,3.07,3.07,3.07,3.07,755,0
06N,60,20240909,130000,3.06,3.06,3.06,3.06,10,0
06N,60,20240909,140000,3.14,3.14,3.14,3.14,4,0
06N,60,20240909,150000,3.06,3.14,3.06,3.14,254,0
06N,60,20240910,100000,3.06,3.06,3.06,3.06,617,0
06N,60,20240910,110000,3.06,3.06,3.06,3.06,7961,0
06N,60,20240910,120000,3.06,3.06,3.06,3.06,4710,0
06N,60,20240910,130000,3.055,3.06,3.035,3.035,1057,0
06N,60,20240910,140000,3.03,3.06,3.03,3.06,1001,0
06N,60,20240910,150000,3.03,3.04,3.01,3.01,1307,0
06N,60,20240910,160000,3.06,3.06,3.01,3.01,900,0
06N,60,20240910,170000,3.02,3.06,3.02,3.06,77,0
06N,60,20240911,100000,3.1,3.1,3.1,3.1,10,0
06N,60,20240911,110000,3.1,3.11,3.02,3.105,618,0
06N,60,20240911,120000,3.105,3.105,3.105,3.105,8,0
06N,60,20240911,170000,3.015,3.095,3.015,3.095,534,0
06N,60,20240912,100000,3.02,3.02,2.97,3.02,2696,0
06N,60,20240912,110000,2.99,2.99,2.98,2.98,2228,0
06N,60,20240912,120000,2.975,3.08,2.97,3,5922,0
06N,60,20240912,130000,3,3,3,3,400,0
06N,60,20240912,140000,3,3.075,3,3.075,339,0
06N,60,20240912,150000,3.005,3.005,3.005,3.005,16,0
06N,60,20240912,160000,3.005,3.02,3.005,3.02,1084,0
06N,60,20240912,170000,3,3.075,2.98,3.075,5545,0
06N,60,20240913,100000,3.08,3.08,3.08,3.08,4,0
06N,60,20240913,120000,3.02,3.02,3.02,3.02,1000,0
06N,60,20240913,130000,3.03,3.03,3,3,201,0
06N,60,20240913,140000,3,3,3,3,800,0
06N,60,20240913,150000,2.98,3.07,2.98,3.07,16,0
06N,60,20240913,160000,3.07,3.07,3.07,3.07,6,0
06N,60,20240916,100000,3.085,3.085,3.085,3.085,30,0
06N,60,20240916,120000,3.01,3.01,3.01,3.01,5,0
06N,60,20240916,130000,3.08,3.08,3.005,3.01,1814,0
06N,60,20240916,160000,3.015,3.015,3.015,3.015,333,0
06N,60,20240916,170000,3.015,3.075,3.01,3.075,729,0
06N,60,20240917,100000,3.05,3.05,3.05,3.05,1493,0
06N,60,20240917,110000,3.04,3.04,3.04,3.04,1200,0
06N,60,20240917,120000,3.05,3.085,3.05,3.085,166,0
06N,60,20240917,160000,3.075,3.075,3.015,3.015,8,0
06N,60,20240917,170000,3.07,3.07,3.07,3.07,32,0
06N,60,20240918,100000,3.015,3.015,3.01,3.01,2001,0
06N,60,20240918,110000,3.01,3.01,3,3,552,0
06N,60,20240918,120000,3,3,3,3,7,0
06N,60,20240918,140000,3,3,3,3,289,0
06N,60,20240918,150000,3,3.065,3,3.065,866,0
06N,60,20240918,170000,3,3.065,2.97,3.045,4854,0
06N,60,20240919,100000,3,3.075,3,3.075,2595,0
06N,60,20240919,110000,3.06,3.065,3.06,3.065,1570,0
06N,60,20240919,130000,3.06,3.06,2.98,2.98,2781,0
06N,60,20240919,140000,3.045,3.045,3.045,3.045,4,0
06N,60,20240919,160000,2.995,2.995,2.9,2.9,7014,0
06N,60,20240919,170000,2.95,2.985,2.95,2.985,1388,0
06N,60,20240920,100000,3.035,3.035,2.925,2.99,9285,0
06N,60,20240920,110000,2.94,3.02,2.935,3.02,8747,0
06N,60,20240920,120000,3.02,3.02,2.98,2.98,3181,0
06N,60,20240920,130000,2.98,2.98,2.98,2.98,42,0
06N,60,20240920,150000,3.005,3.03,3.005,3.03,1737,0
06N,60,20240920,160000,2.99,2.99,2.99,2.99,10,0
06N,60,20240920,170000,3.04,3.05,3.04,3.05,588,0
06N,60,20240923,100000,3.05,3.055,2.985,3,2570,0
06N,60,20240923,110000,3.05,3.05,3,3,1016,0
06N,60,20240923,120000,3.045,3.045,3.045,3.045,4,0
06N,60,20240923,160000,3.045,3.045,3.04,3.04,38,0
06N,60,20240923,170000,3.04,3.04,3.04,3.04,1,0
06N,60,20240924,100000,3.045,3.045,3.045,3.045,4,0
06N,60,20240924,120000,3,3.045,3,3.045,5,0
06N,60,20240924,140000,3,3.045,3,3.045,5,0
06N,60,20240924,160000,3,3,3,3,496,0
06N,60,20240924,170000,3,3.035,2.98,3.035,1004,0
06N,60,20240925,100000,3.035,3.035,3,3,27,0
06N,60,20240925,110000,3.04,3.045,3.01,3.04,1719,0
06N,60,20240925,130000,3.005,3.04,3.005,3.04,67,0
06N,60,20240925,140000,3.04,3.04,3.02,3.02,500,0
06N,60,20240925,150000,3.02,3.04,3.02,3.04,24,0
06N,60,20240925,160000,3.02,3.02,3,3,1200,0
06N,60,20240925,170000,3.04,3.04,3.04,3.04,1200,0
06N,60,20240926,100000,3.005,3.04,3,3.04,4188,0
06N,60,20240926,120000,3.01,3.04,3.01,3.04,1504,0
06N,60,20240926,130000,3.035,3.035,3.015,3.015,1446,0
06N,60,20240926,150000,3.015,3.015,3.015,3.015,308,0
06N,60,20240926,160000,3.015,3.015,3.015,3.015,368,0
06N,60,20240926,170000,3.04,3.04,3.02,3.04,1780,0
06N,60,20240927,100000,3.005,3.04,2.98,2.98,17206,0
06N,60,20240927,110000,3.035,3.04,3.035,3.04,6,0
06N,60,20240927,120000,2.99,3.05,2.92,3.01,15122,0
06N,60,20240927,130000,3.045,3.045,3.045,3.045,5,0
06N,60,20240927,150000,3.025,3.025,3,3,5061,0
06N,60,20240927,160000,3,3.08,3,3.08,7428,0
06N,60,20240927,170000,3.08,3.09,3.075,3.075,531,0
06N,60,20240930,100000,3.03,3.07,3.03,3.07,538,0
06N,60,20240930,110000,3.025,3.025,3.01,3.01,2590,0
06N,60,20240930,120000,3.065,3.065,3.01,3.01,1329,0
06N,60,20240930,130000,3.005,3.005,3.005,3.005,11,0
06N,60,20240930,140000,3.005,3.005,3,3,1000,0
06N,60,20240930,150000,3,3,3,3,139,0
06N,60,20240930,160000,2.995,2.995,2.98,2.985,1548,0
06N,60,20240930,170000,3.035,3.035,2.985,3.035,5428,0
06N,60,20241001,100000,2.99,3,2.95,2.95,4850,0
06N,60,20241001,120000,3,3.03,3,3.03,50,0
06N,60,20241001,140000,2.98,2.98,2.975,2.975,430,0
06N,60,20241001,150000,2.98,2.98,2.98,2.98,1000,0
06N,60,20241001,160000,2.99,2.99,2.99,2.99,400,0
06N,60,20241001,170000,2.99,2.99,2.99,2.99,165,0
06N,60,20241002,100000,2.97,2.97,2.94,2.97,4770,0
06N,60,20241002,110000,2.975,2.985,2.975,2.985,1320,0
06N,60,20241002,120000,2.985,2.985,2.985,2.985,9,0
06N,60,20241002,130000,2.98,2.98,2.98,2.98,1500,0
06N,60,20241002,140000,2.955,2.96,2.955,2.955,490,0
06N,60,20241002,160000,2.96,2.98,2.955,2.98,1911,0
06N,60,20241002,170000,2.995,3.035,2.995,3.035,56,0
06N,60,20241003,100000,2.97,2.97,2.97,2.97,1,0
06N,60,20241003,110000,2.975,2.975,2.97,2.97,1123,0
06N,60,20241003,120000,2.97,2.975,2.97,2.975,5883,0
06N,60,20241003,130000,3.03,3.03,3,3.03,2015,0
06N,60,20241003,140000,2.975,2.975,2.975,2.975,660,0
06N,60,20241003,150000,3,3,2.975,2.975,416,0
06N,60,20241004,100000,3.005,3.01,3.005,3.005,19,0
06N,60,20241004,130000,3.005,3.005,3.005,3.005,97,0
06N,60,20241004,150000,2.98,2.98,2.98,2.98,435,0
06N,60,20241004,160000,2.98,2.98,2.975,2.975,200,0
06N,60,20241004,170000,2.99,2.99,2.99,2.99,4,0
06N,60,20241007,100000,2.985,2.985,2.985,2.985,115,0
06N,60,20241007,120000,2.98,2.98,2.98,2.98,223,0
06N,60,20241007,140000,2.985,2.99,2.965,2.99,1107,0
06N,60,20241008,100000,2.96,2.96,2.94,2.94,2550,0
06N,60,20241008,110000,2.935,2.935,2.935,2.935,154,0
06N,60,20241008,120000,2.935,2.935,2.93,2.935,1001,0
06N,60,20241008,140000,2.935,2.935,2.935,2.935,1172,0
06N,60,20241008,170000,2.92,2.92,2.92,2.92,2373,0
06N,60,20241009,100000,2.92,2.95,2.92,2.95,2154,0
06N,60,20241009,110000,2.945,2.945,2.945,2.945,6,0
06N,60,20241009,130000,2.92,2.945,2.92,2.945,805,0
06N,60,20241009,150000,2.94,2.945,2.94,2.945,200,0
06N,60,20241009,170000,2.92,2.945,2.92,2.945,402,0
06N,60,20241010,110000,2.915,2.95,2.91,2.95,11224,0
06N,60,20241010,120000,2.97,2.985,2.915,2.915,21,0
06N,60,20241010,130000,2.925,2.925,2.925,2.925,20,0
06N,60,20241010,140000,2.93,2.93,2.93,2.93,1000,0
06N,60,20241010,160000,2.945,2.945,2.925,2.945,1008,0
06N,60,20241010,170000,2.945,2.945,2.945,2.945,2211,0
06N,60,20241011,100000,2.92,2.975,2.92,2.975,7,0
06N,60,20241011,110000,2.92,2.975,2.915,2.975,366,0
06N,60,20241011,120000,2.975,2.975,2.975,2.975,4,0
06N,60,20241011,140000,2.92,2.92,2.92,2.92,500,0
06N,60,20241011,150000,2.965,2.99,2.965,2.99,2100,0
06N,60,20241014,100000,2.925,2.99,2.925,2.99,85,0
06N,60,20241014,110000,2.935,2.99,2.935,2.99,204,0
06N,60,20241014,120000,2.935,2.935,2.935,2.935,1000,0
06N,60,20241014,130000,2.95,2.985,2.95,2.985,467,0
06N,60,20241014,140000,2.985,3.05,2.985,3.05,4542,0
06N,60,20241014,170000,2.975,2.98,2.97,2.98,500,0
06N,60,20241015,100000,3.04,3.04,3.04,3.04,17,0
06N,60,20241015,120000,2.98,2.98,2.98,2.98,120,0
06N,60,20241015,130000,3.04,3.04,3.04,3.04,4,0
06N,60,20241015,170000,3.04,3.04,3.04,3.04,1,0
06N,60,20241016,100000,3.03,3.03,3.03,3.03,1,0
06N,60,20241016,130000,2.99,2.99,2.99,2.99,1,0
06N,60,20241016,140000,3.03,3.03,3.03,3.03,7,0
06N,60,20241016,150000,3.03,3.06,3.03,3.06,5323,0
06N,60,20241016,160000,3.06,3.06,3.06,3.06,5,0
06N,60,20241016,170000,3.005,3.06,3.005,3.06,145,0
06N,60,20241017,100000,3.06,3.07,2.985,3.01,3857,0
06N,60,20241017,110000,3.03,3.055,3.01,3.01,2005,0
06N,60,20241017,120000,3.055,3.055,3.01,3.055,10,0
06N,60,20241017,140000,3.01,3.055,2.95,3.055,1816,0
06N,60,20241017,160000,3.05,3.05,3.05,3.05,5,0
06N,60,20241018,100000,2.965,3.025,2.965,3.025,12,0
06N,60,20241018,120000,2.985,2.985,2.965,2.965,8,0
06N,60,20241018,130000,2.97,2.97,2.97,2.97,4,0
06N,60,20241018,140000,2.97,2.97,2.97,2.97,1,0
06N,60,20241018,160000,2.97,2.975,2.97,2.975,1801,0
06N,60,20241018,170000,3.015,3.05,2.965,3.05,6473,0
06N,60,20241021,100000,3.05,3.05,3.05,3.05,7,0
06N,60,20241021,130000,2.995,2.995,2.995,2.995,426,0
06N,60,20241021,150000,2.99,2.99,2.99,2.99,10,0
06N,60,20241021,170000,2.995,2.995,2.995,2.995,60,0
06N,60,20241022,100000,2.995,3,2.98,2.98,522,0
06N,60,20241022,110000,3,3.03,3,3.03,2695,0
06N,60,20241022,120000,3.04,3.135,3.04,3.135,18234,0
06N,60,20241022,130000,3.03,3.12,3.03,3.12,41,0
06N,60,20241022,160000,3.03,3.12,3.03,3.12,63,0
06N,60,20241022,170000,3.1,3.1,3.1,3.1,200,0
06N,60,20241023,110000,3.03,3.09,3.03,3.07,190,0
06N,60,20241023,130000,3.02,3.07,3.02,3.07,155,0
06N,60,20241023,140000,3.02,3.07,3.02,3.07,225,0
06N,60,20241023,150000,3.02,3.07,3.02,3.07,658,0
06N,60,20241023,170000,3.02,3.07,3.015,3.07,1037,0
06N,60,20241024,110000,3.015,3.07,3.015,3.07,510,0
06N,60,20241024,130000,3.015,3.015,3.015,3.015,4,0
06N,60,20241024,140000,3.07,3.07,3.015,3.015,655,0
06N,60,20241024,160000,3.015,3.015,3.015,3.015,140,0
06N,60,20241024,170000,3.015,3.07,3.015,3.07,35,0
06N,60,20241025,110000,3.015,3.015,3.015,3.015,1,0
06N,60,20241025,120000,3.015,3.015,3.015,3.015,1,0
06N,60,20241025,130000,3.015,3.015,3.015,3.015,200,0
06N,60,20241025,160000,3.015,3.015,3,3,1951,0
06N,60,20241025,170000,3.05,3.05,3.05,3.05,13,0
06N,60,20241028,100000,3.085,3.085,3.08,3.08,1015,0
06N,60,20241028,110000,3.01,3.01,3.01,3.01,900,0
06N,60,20241028,120000,3.07,3.07,3.01,3.01,11,0
06N,60,20241028,130000,3.01,3.01,3.01,3.01,1,0
06N,60,20241028,150000,3.01,3.01,3,3,900,0
06N,60,20241028,160000,3,3,3,3,96,0
06N,60,20241028,170000,3,3,3,3,2741,0
06N,60,20241029,100000,3,3,3,3,506,0
06N,60,20241029,110000,3,3,3,3,1033,0
06N,60,20241029,120000,3.05,3.05,2.985,2.985,209,0
06N,60,20241029,130000,3.035,3.035,3.035,3.035,4,0
06N,60,20241029,140000,3.03,3.03,3.03,3.03,4,0
06N,60,20241029,160000,2.985,3.03,2.93,3.03,1804,0
06N,60,20241029,170000,2.93,3.025,2.93,3.025,606,0
06N,60,20241030,100000,3,3.025,3,3.025,4,0
06N,60,20241030,110000,3.025,3.06,3.01,3.01,3017,0
06N,60,20241030,120000,2.975,2.975,2.975,2.975,1,0
06N,60,20241030,140000,2.985,3.05,2.985,2.985,38,0
06N,60,20241030,150000,3.05,3.05,3.05,3.05,4,0
06N,60,20241031,120000,2.99,2.99,2.99,2.99,504,0
06N,60,20241031,130000,3.06,3.06,3.06,3.06,4,0
06N,60,20241104,100000,3.06,3.06,3.03,3.03,207,0
06N,60,20241104,110000,2.99,3.03,2.99,2.99,19,0
06N,60,20241104,120000,3.03,3.03,2.99,3.03,9,0
06N,60,20241104,140000,3,3.03,2.99,2.99,163,0
06N,60,20241104,150000,2.99,2.99,2.99,2.99,2,0
06N,60,20241104,160000,2.99,2.99,2.99,2.99,6,0
06N,60,20241104,170000,3.03,3.03,3.03,3.03,60,0
06N,60,20241105,100000,3.03,3.03,2.995,2.995,16,0
06N,60,20241105,110000,2.99,2.99,2.99,2.99,1,0
06N,60,20241105,140000,2.99,2.99,2.985,2.99,1297,0
06N,60,20241105,150000,3,3,3,3,158,0
06N,60,20241106,100000,2.99,3.06,2.99,3.06,200,0
06N,60,20241106,130000,2.99,2.99,2.99,2.99,2,0
06N,60,20241106,150000,2.99,2.99,2.99,2.99,29,0
06N,60,20241106,160000,2.99,2.99,2.99,2.99,1,0
06N,60,20241106,170000,3.025,3.025,3.025,3.025,30,0
06N,60,20241107,100000,3.025,3.025,3.025,3.025,1,0
06N,60,20241107,120000,2.985,2.985,2.98,2.98,31,0
06N,60,20241107,130000,2.98,2.98,2.98,2.98,5,0
06N,60,20241107,150000,3,3,3,3,24,0
06N,60,20241107,170000,2.98,2.98,2.98,2.98,4,0
06N,60,20241112,100000,2.98,3,2.95,2.95,7390,0
06N,60,20241112,110000,2.95,2.95,2.95,2.95,2,0
06N,60,20241112,120000,2.99,3.01,2.99,3.01,1655,0
06N,60,20241112,130000,2.97,2.97,2.97,2.97,10,0
06N,60,20241112,170000,3,3,3,3,30,0
06N,60,20241113,100000,3,3,3,3,2001,0
06N,60,20241113,130000,3,3,2.955,2.955,817,0
06N,60,20241113,150000,2.96,2.96,2.96,2.96,8,0
06N,60,20241113,170000,2.97,3,2.965,3,2490,0
06N,60,20241114,100000,2.96,2.96,2.825,2.89,12764,0
06N,60,20241114,110000,2.9,2.995,2.8,2.945,16029,0
06N,60,20241114,120000,2.85,2.86,2.85,2.855,1356,0
06N,60,20241114,150000,2.945,2.945,2.945,2.945,750,0
06N,60,20241114,160000,2.945,2.945,2.945,2.945,91,0
06N,60,20241114,170000,2.945,2.945,2.87,2.93,3770,0
06N,60,20241115,100000,2.93,2.94,2.93,2.94,10,0
06N,60,20241115,110000,2.94,2.945,2.94,2.945,125,0
06N,60,20241115,120000,2.895,2.895,2.895,2.895,2,0
06N,60,20241115,130000,2.895,2.98,2.895,2.98,48,0
06N,60,20241115,170000,2.9,2.96,2.9,2.96,2510,0
06N,60,20241118,100000,2.89,2.955,2.89,2.95,2601,0
06N,60,20241118,110000,2.905,2.905,2.89,2.89,3475,0
06N,60,20241118,120000,2.925,2.925,2.87,2.87,613,0
06N,60,20241118,130000,2.87,2.87,2.87,2.87,400,0
06N,60,20241118,140000,2.87,2.875,2.87,2.875,102,0
06N,60,20241118,160000,2.875,2.875,2.82,2.82,6283,0
06N,60,20241118,170000,2.82,2.875,2.82,2.845,3136,0
06N,60,20241119,100000,2.82,2.865,2.79,2.865,14090,0
06N,60,20241119,110000,2.8,2.85,2.78,2.85,3687,0
06N,60,20241119,120000,2.775,2.775,2.76,2.76,5801,0
06N,60,20241119,130000,2.755,2.79,2.75,2.79,2016,0
06N,60,20241119,140000,2.75,2.75,2.68,2.68,5830,0
06N,60,20241119,150000,2.75,2.75,2.67,2.75,444,0
06N,60,20241119,160000,2.69,2.69,2.66,2.66,1895,0
06N,60,20241119,170000,2.63,2.74,2.6,2.74,3385,0
06N,60,20241120,110000,2.75,2.75,2.75,2.75,268,0
06N,60,20241120,120000,2.7,2.7,2.7,2.7,3000,0
06N,60,20241120,130000,2.7,2.7,2.7,2.7,700,0
06N,60,20241120,140000,2.7,2.7,2.7,2.7,3800,0
06N,60,20241120,150000,2.72,2.72,2.64,2.64,14570,0
06N,60,20241120,160000,2.71,2.71,2.71,2.71,8,0
06N,60,20241120,170000,2.7,2.74,2.7,2.74,770,0
06N,60,20241121,100000,2.67,2.74,2.67,2.74,63,0
06N,60,20241121,110000,2.72,2.72,2.67,2.72,21,0
06N,60,20241121,120000,2.67,2.7,2.67,2.7,502,0
06N,60,20241121,130000,2.7,2.7,2.7,2.7,200,0
06N,60,20241121,140000,2.715,2.715,2.715,2.715,600,0
06N,60,20241121,150000,2.705,2.715,2.705,2.715,6500,0
06N,60,20241121,160000,2.72,2.74,2.715,2.74,5993,0
06N,60,20241121,170000,2.74,2.76,2.74,2.76,2197,0
06N,60,20241122,100000,2.775,2.83,2.775,2.83,1489,0
06N,60,20241122,120000,2.82,2.82,2.82,2.82,9,0
06N,60,20241122,140000,2.745,2.795,2.62,2.795,8479,0
06N,60,20241122,150000,2.765,2.765,2.765,2.765,10,0
06N,60,20241122,170000,2.775,2.775,2.775,2.775,3000,0
06N,60,20241125,100000,2.8,2.815,2.8,2.815,30,0
06N,60,20241125,110000,2.75,2.75,2.75,2.75,1000,0
06N,60,20241125,120000,2.795,2.795,2.685,2.685,9,0
06N,60,20241125,130000,2.685,2.685,2.67,2.675,1509,0
06N,60,20241125,160000,2.7,2.8,2.7,2.8,822,0
06N,60,20241125,170000,2.805,2.82,2.805,2.82,717,0
06N,60,20241126,100000,2.78,2.78,2.78,2.78,500,0
06N,60,20241126,110000,2.82,2.835,2.82,2.835,809,0
06N,60,20241126,120000,2.82,2.82,2.82,2.82,234,0
06N,60,20241126,130000,2.825,2.83,2.825,2.83,210,0
06N,60,20241126,140000,2.78,2.83,2.78,2.83,9,0
06N,60,20241126,150000,2.83,2.83,2.78,2.825,111,0
06N,60,20241126,160000,2.825,2.825,2.78,2.825,19,0
06N,60,20241127,100000,2.825,2.825,2.825,2.825,4,0
06N,60,20241127,110000,2.735,2.79,2.69,2.7,12073,0
06N,60,20241127,120000,2.765,2.79,2.765,2.79,30,0
06N,60,20241127,140000,2.78,2.78,2.78,2.78,900,0
06N,60,20241127,150000,2.77,2.77,2.77,2.77,600,0
06N,60,20241127,160000,2.71,2.71,2.705,2.705,2000,0
06N,60,20241127,170000,2.71,2.8,2.71,2.8,3451,0
06N,60,20241128,100000,2.78,2.82,2.715,2.8,4656,0
06N,60,20241128,110000,2.795,2.82,2.73,2.82,4974,0
06N,60,20241128,120000,2.755,2.82,2.755,2.82,104,0
06N,60,20241128,130000,2.76,2.82,2.76,2.82,5,0
06N,60,20241128,140000,2.82,2.83,2.82,2.83,2000,0
06N,60,20241128,150000,2.83,2.845,2.78,2.845,397,0
06N,60,20241128,160000,2.84,2.845,2.84,2.845,358,0
06N,60,20241128,170000,2.84,2.84,2.84,2.84,4,0
06N,60,20241129,100000,2.84,2.84,2.84,2.84,199,0
06N,60,20241129,110000,2.82,2.82,2.82,2.82,1,0
06N,60,20241129,120000,2.82,2.82,2.8,2.8,2876,0
06N,60,20241129,130000,2.82,2.82,2.8,2.82,833,0
06N,60,20241129,140000,2.8,2.84,2.8,2.84,355,0
06N,60,20241129,150000,2.8,2.84,2.75,2.75,1004,0
06N,60,20241129,170000,2.83,2.87,2.83,2.87,4426,0
06N,60,20241202,100000,2.9,2.9,2.75,2.895,397,0
06N,60,20241202,120000,2.76,2.895,2.76,2.895,505,0
06N,60,20241202,140000,2.895,2.895,2.76,2.895,21,0
06N,60,20241202,150000,2.765,2.895,2.765,2.895,691,0
06N,60,20241203,100000,2.8,2.8,2.77,2.77,1500,0
06N,60,20241203,120000,2.8,2.8,2.8,2.8,1,0
06N,60,20241203,130000,2.86,2.86,2.86,2.86,34,0
06N,60,20241203,140000,2.86,2.86,2.8,2.86,28,0
06N,60,20241203,150000,2.795,2.795,2.77,2.77,20,0
06N,60,20241203,160000,2.77,2.8,2.77,2.8,529,0
06N,60,20241204,100000,2.8,2.8,2.8,2.8,19,0
06N,60,20241204,110000,2.77,2.77,2.77,2.77,1,0
06N,60,20241204,120000,2.8,2.8,2.8,2.8,371,0
06N,60,20241204,130000,2.8,2.8,2.8,2.8,1129,0
06N,60,20241204,140000,2.77,2.77,2.77,2.77,2,0
06N,60,20241204,150000,2.77,2.77,2.77,2.77,1000,0
06N,60,20241204,160000,2.77,2.77,2.77,2.77,51,0
06N,60,20241204,170000,2.77,2.8,2.77,2.8,31,0
06N,60,20241205,100000,2.855,2.855,2.8,2.8,573,0
06N,60,20241205,110000,2.75,2.75,2.75,2.75,7,0
06N,60,20241205,120000,2.8,2.8,2.8,2.8,15,0
06N,60,20241205,150000,2.75,2.8,2.75,2.8,489,0
06N,60,20241205,170000,2.8,2.85,2.8,2.85,157,0
06N,60,20241206,100000,2.85,2.85,2.745,2.745,132,0
06N,60,20241206,110000,2.76,2.76,2.76,2.76,13,0
06N,60,20241206,120000,2.76,2.76,2.76,2.76,2,0
06N,60,20241206,150000,2.765,2.765,2.76,2.76,840,0
06N,60,20241206,160000,2.765,2.765,2.76,2.76,1499,0
06N,60,20241206,170000,2.845,2.845,2.845,2.845,600,0
06N,60,20241209,100000,2.84,2.845,2.84,2.845,500,0
06N,60,20241209,110000,2.83,2.83,2.83,2.83,2000,0
06N,60,20241209,120000,2.8,2.8,2.8,2.8,4,0
06N,60,20241209,130000,2.765,2.765,2.765,2.765,401,0
06N,60,20241209,140000,2.77,2.795,2.765,2.795,1905,0
06N,60,20241209,150000,2.8,2.8,2.795,2.795,371,0
06N,60,20241209,160000,2.795,2.8,2.795,2.8,637,0
06N,60,20241209,170000,2.84,2.84,2.84,2.84,375,0
06N,60,20241210,100000,2.77,2.77,2.75,2.75,2780,0
06N,60,20241210,110000,2.75,2.82,2.75,2.82,642,0
06N,60,20241210,120000,2.8,2.82,2.8,2.82,3191,0
06N,60,20241210,130000,2.76,2.82,2.76,2.76,180,0
06N,60,20241210,140000,2.76,2.765,2.76,2.765,29,0
06N,60,20241210,150000,2.765,2.765,2.765,2.765,10,0
06N,60,20241210,170000,2.8,2.8,2.765,2.8,175,0
06N,60,20241211,100000,2.765,2.765,2.765,2.765,32,0
06N,60,20241211,110000,2.8,2.8,2.8,2.8,9,0
06N,60,20241211,120000,2.765,2.8,2.765,2.8,11,0
06N,60,20241211,140000,2.765,2.8,2.765,2.8,11,0
06N,60,20241211,150000,2.765,2.8,2.76,2.8,2008,0
06N,60,20241211,160000,2.76,2.8,2.76,2.8,1132,0
06N,60,20241212,100000,2.75,2.8,2.75,2.8,16,0
06N,60,20241212,120000,2.76,2.76,2.75,2.75,1549,0
06N,60,20241212,130000,2.74,2.74,2.74,2.74,2,0
06N,60,20241212,170000,2.8,2.8,2.8,2.8,12,0
06N,60,20241213,100000,2.74,2.74,2.625,2.64,10100,0
06N,60,20241213,110000,2.64,2.71,2.64,2.705,4289,0
06N,60,20241213,120000,2.69,2.7,2.69,2.7,56,0
06N,60,20241213,130000,2.69,2.7,2.65,2.65,3252,0
06N,60,20241213,140000,2.695,2.7,2.695,2.7,346,0
06N,60,20241213,150000,2.7,2.705,2.65,2.705,2832,0
06N,60,20241213,160000,2.66,2.66,2.6,2.6,11000,0
06N,60,20241213,170000,2.62,2.685,2.59,2.65,19215,0
06N,60,20241216,100000,2.65,2.685,2.585,2.59,7995,0
06N,60,20241216,110000,2.595,2.595,2.59,2.59,4110,0
06N,60,20241216,120000,2.605,2.605,2.545,2.545,10000,0
06N,60,20241216,130000,2.6,2.645,2.6,2.6,2410,0
06N,60,20241216,140000,2.63,2.65,2.63,2.65,4400,0
06N,60,20241216,150000,2.65,2.67,2.65,2.66,1294,0
06N,60,20241216,160000,2.65,2.65,2.545,2.545,5000,0
06N,60,20241216,170000,2.55,2.6,2.54,2.6,6981,0
06N,60,20241217,100000,2.625,2.625,2.6,2.6,511,0
06N,60,20241217,110000,2.55,2.595,2.55,2.595,507,0
06N,60,20241217,120000,2.55,2.565,2.55,2.565,708,0
06N,60,20241217,130000,2.595,2.62,2.57,2.62,5647,0
06N,60,20241217,140000,2.575,2.62,2.54,2.545,7823,0
06N,60,20241217,150000,2.58,2.58,2.545,2.545,2139,0
06N,60,20241217,160000,2.565,2.57,2.565,2.57,1500,0
06N,60,20241217,170000,2.57,2.57,2.57,2.57,10,0
06N,60,20241218,100000,2.55,2.57,2.55,2.57,847,0
06N,60,20241218,110000,2.55,2.565,2.545,2.565,2719,0
06N,60,20241218,120000,2.545,2.56,2.545,2.545,7257,0
06N,60,20241218,130000,2.55,2.62,2.545,2.565,358845,0
06N,60,20241218,140000,2.58,2.62,2.58,2.595,4700,0
06N,60,20241218,150000,2.615,2.615,2.615,2.615,2447,0
06N,60,20241218,160000,2.61,2.61,2.565,2.565,7500,0
06N,60,20241218,170000,2.58,2.615,2.56,2.6,7678,0
06N,60,20241219,100000,2.6,2.6,2.56,2.56,11,0
06N,60,20241219,110000,2.57,2.57,2.565,2.565,4007,0
06N,60,20241219,120000,2.57,2.595,2.57,2.595,2851,0
06N,60,20241219,140000,2.575,2.575,2.575,2.575,15,0
06N,60,20241219,150000,2.575,2.575,2.575,2.575,2486,0
06N,60,20241219,160000,2.585,2.6,2.565,2.6,12412,0
06N,60,20241219,170000,2.615,2.615,2.615,2.615,30,0
06N,60,20241220,100000,2.6,2.6,2.58,2.6,1477,0
06N,60,20241220,110000,2.58,2.58,2.58,2.58,1590,0
06N,60,20241220,120000,2.58,2.6,2.58,2.6,5242,0
06N,60,20241220,130000,2.61,2.65,2.61,2.65,9400,0
06N,60,20241220,140000,2.6,2.6,2.6,2.6,13,0
06N,60,20241220,150000,2.6,2.6,2.6,2.6,304,0
06N,60,20241220,160000,2.6,2.6,2.6,2.6,5214,0
06N,60,20241220,170000,2.6,2.635,2.58,2.635,4597,0
06N,60,20241223,100000,2.6,2.615,2.585,2.585,4779,0
06N,60,20241223,110000,2.585,2.585,2.58,2.58,1000,0
06N,60,20241223,120000,2.58,2.6,2.58,2.6,4386,0
06N,60,20241223,130000,2.6,2.615,2.58,2.58,10250,0
06N,60,20241223,150000,2.58,2.58,2.57,2.58,3520,0
06N,60,20241223,160000,2.58,2.58,2.58,2.58,1000,0
06N,60,20241223,170000,2.585,2.605,2.58,2.585,3268,0
06N,60,20241227,100000,2.61,2.61,2.61,2.61,4,0
06N,60,20241227,110000,2.585,2.59,2.585,2.59,1055,0
06N,60,20241227,120000,2.61,2.61,2.61,2.61,1234,0
06N,60,20241227,130000,2.59,2.61,2.59,2.59,2112,0
06N,60,20241227,140000,2.61,2.68,2.61,2.68,1854,0
06N,60,20241227,150000,2.68,2.68,2.68,2.68,6,0
06N,60,20241227,170000,2.605,2.66,2.6,2.66,1930,0
06N,60,20241230,100000,2.61,2.675,2.61,2.675,13,0
06N,60,20241230,110000,2.675,2.675,2.61,2.675,608,0
06N,60,20241230,130000,2.61,2.61,2.61,2.61,1,0
06N,60,20241230,140000,2.61,2.62,2.605,2.62,1483,0
06N,60,20241230,150000,2.62,2.62,2.62,2.62,394,0
06N,60,20241230,160000,2.67,2.67,2.67,2.67,397,0
06N,60,20241230,170000,2.61,2.67,2.605,2.67,804,0
06N,60,20250102,100000,2.67,2.67,2.6,2.605,1506,0
06N,60,20250102,110000,2.665,2.665,2.665,2.665,600,0
06N,60,20250102,120000,2.61,2.665,2.61,2.66,1041,0
06N,60,20250102,130000,2.66,2.66,2.62,2.62,31,0
06N,60,20250102,140000,2.625,2.665,2.62,2.62,2800,0
06N,60,20250102,150000,2.665,2.665,2.665,2.665,20,0
06N,60,20250102,160000,2.665,2.74,2.665,2.74,3750,0
06N,60,20250103,100000,2.725,2.725,2.72,2.72,140,0
06N,60,20250103,120000,2.635,2.72,2.635,2.72,31,0
06N,60,20250103,140000,2.72,2.72,2.72,2.72,500,0
06N,60,20250103,170000,2.72,2.72,2.72,2.72,30,0
06N,60,20250107,100000,2.64,2.715,2.615,2.715,14132,0
06N,60,20250107,110000,2.7,2.7,2.7,2.7,272,0
06N,60,20250107,120000,2.7,2.7,2.64,2.64,22,0
06N,60,20250107,130000,2.65,2.65,2.65,2.65,2020,0
06N,60,20250107,140000,2.65,2.685,2.64,2.685,2458,0
06N,60,20250107,150000,2.65,2.685,2.65,2.685,240,0
06N,60,20250107,160000,2.685,2.685,2.66,2.66,100,0
06N,60,20250107,170000,2.695,2.695,2.695,2.695,5,0
06N,60,20250108,110000,2.66,2.66,2.66,2.66,1,0
06N,60,20250108,120000,2.66,2.66,2.66,2.66,704,0
06N,60,20250108,130000,2.7,2.7,2.7,2.7,185,0
06N,60,20250108,140000,2.7,2.7,2.7,2.7,11,0
06N,60,20250108,150000,2.7,2.75,2.64,2.64,6323,0
06N,60,20250108,160000,2.745,2.75,2.715,2.715,2690,0
06N,60,20250108,170000,2.67,2.7,2.67,2.7,1504,0
06N,60,20250109,100000,2.7,2.75,2.695,2.75,1199,0
06N,60,20250109,110000,2.76,2.77,2.75,2.75,2610,0
06N,60,20250109,120000,2.75,2.835,2.75,2.835,5818,0
06N,60,20250109,130000,2.82,2.82,2.79,2.8,1755,0
06N,60,20250109,140000,2.8,2.88,2.79,2.79,5510,0
06N,60,20250109,150000,2.79,2.79,2.79,2.79,200,0
06N,60,20250109,160000,2.845,2.845,2.84,2.84,24,0
06N,60,20250109,170000,2.84,2.84,2.84,2.84,1273,0
06N,60,20250110,100000,2.845,2.925,2.84,2.915,9750,0
06N,60,20250110,110000,2.9,2.9,2.89,2.89,1815,0
06N,60,20250110,120000,2.89,2.89,2.89,2.89,8,0
06N,60,20250110,130000,2.84,2.91,2.84,2.91,2167,0
06N,60,20250110,140000,2.89,2.91,2.81,2.89,1021,0
06N,60,20250110,150000,2.89,2.89,2.89,2.89,10,0
06N,60,20250110,160000,2.89,2.89,2.76,2.76,6038,0
06N,60,20250110,170000,2.8,2.85,2.8,2.85,419,0
06N,60,20250113,100000,2.84,2.84,2.775,2.775,697,0
06N,60,20250113,120000,2.83,2.83,2.78,2.78,319,0
06N,60,20250113,130000,2.78,2.78,2.77,2.77,686,0
06N,60,20250113,150000,2.77,2.77,2.77,2.77,1000,0
06N,60,20250113,160000,2.77,2.77,2.77,2.77,50,0
06N,60,20250113,170000,2.835,2.835,2.835,2.835,30,0
06N,60,20250114,100000,2.77,2.77,2.77,2.77,1,0
06N,60,20250114,120000,2.77,2.77,2.77,2.77,2000,0
06N,60,20250114,140000,2.77,2.77,2.77,2.77,500,0
06N,60,20250114,150000,2.77,2.77,2.77,2.77,1400,0
06N,60,20250114,170000,2.795,2.795,2.795,2.795,14,0
06N,60,20250115,120000,2.755,2.755,2.755,2.755,330,0
06N,60,20250115,130000,2.755,2.755,2.755,2.755,1000,0
06N,60,20250115,140000,2.755,2.755,2.74,2.74,771,0
06N,60,20250115,150000,2.75,2.755,2.74,2.74,2699,0
06N,60,20250115,160000,2.73,2.75,2.73,2.75,3530,0
06N,60,20250115,170000,2.765,2.795,2.75,2.795,96,0
06N,60,20250116,100000,2.755,2.795,2.755,2.795,1005,0
06N,60,20250116,110000,2.765,2.795,2.765,2.795,540,0
06N,60,20250116,120000,2.795,2.795,2.77,2.795,79,0
06N,60,20250117,100000,2.795,2.8,2.795,2.8,2607,0
06N,60,20250117,120000,2.825,2.825,2.825,2.825,1500,0
06N,60,20250117,130000,2.775,2.83,2.775,2.83,351,0
06N,60,20250117,140000,2.775,2.83,2.775,2.83,10,0
06N,60,20250117,150000,2.83,2.83,2.83,2.83,3,0
06N,60,20250120,100000,2.75,2.825,2.75,2.78,21601,0
06N,60,20250120,120000,2.81,2.81,2.81,2.81,71,0
06N,60,20250120,130000,2.765,2.765,2.765,2.765,1925,0
06N,60,20250120,140000,2.8,2.8,2.76,2.76,10,0
06N,60,20250120,150000,2.8,2.805,2.76,2.76,51,0
06N,60,20250120,160000,2.76,2.805,2.76,2.805,4306,0
06N,60,20250120,170000,2.805,2.805,2.805,2.805,460,0
06N,60,20250121,110000,2.77,2.805,2.76,2.805,725,0
06N,60,20250121,120000,2.755,2.755,2.755,2.755,15,0
06N,60,20250121,130000,2.755,2.755,2.755,2.755,1050,0
06N,60,20250121,140000,2.755,2.755,2.755,2.755,2,0
06N,60,20250121,150000,2.805,2.805,2.805,2.805,8,0
06N,60,20250121,170000,2.805,2.98,2.805,2.98,14190,0
06N,60,20250122,100000,2.94,3.08,2.9,3.02,24749,0
06N,60,20250122,110000,3.03,3.045,3,3.03,12216,0
06N,60,20250122,120000,2.975,3.025,2.91,2.91,13446,0
06N,60,20250122,130000,2.975,2.98,2.925,2.925,501,0
06N,60,20250122,160000,2.905,2.905,2.9,2.9,1998,0
06N,60,20250122,170000,2.895,2.925,2.84,2.925,2215,0
06N,60,20250123,100000,2.845,2.92,2.845,2.92,10,0
06N,60,20250123,110000,2.9,2.9,2.9,2.9,5,0
06N,60,20250123,120000,2.865,2.865,2.865,2.865,4,0
06N,60,20250123,130000,2.865,2.9,2.865,2.9,34,0
06N,60,20250123,140000,2.86,2.9,2.85,2.9,1007,0
06N,60,20250123,150000,2.855,2.9,2.85,2.85,645,0
06N,60,20250123,160000,2.855,2.9,2.845,2.9,2540,0
06N,60,20250124,120000,2.86,2.86,2.86,2.86,3,0
06N,60,20250124,130000,2.86,2.86,2.86,2.86,2,0
06N,60,20250124,140000,2.86,2.86,2.86,2.86,1,0
06N,60,20250124,170000,2.855,2.855,2.855,2.855,999,0
06N,60,20250127,120000,2.825,2.825,2.82,2.82,100,0
06N,60,20250127,140000,2.82,2.82,2.82,2.82,2,0
06N,60,20250127,160000,2.82,2.9,2.81,2.845,949,0
06N,60,20250128,100000,2.89,2.895,2.89,2.895,450,0
06N,60,20250128,170000,2.815,2.815,2.815,2.815,800,0
06N,60,20250129,100000,2.81,2.81,2.81,2.81,1843,0
06N,60,20250129,110000,2.81,2.81,2.81,2.81,902,0
06N,60,20250129,120000,2.81,2.81,2.81,2.81,8,0
06N,60,20250129,140000,2.81,2.81,2.81,2.81,2020,0
06N,60,20250129,170000,2.81,2.81,2.8,2.8,684,0
06N,60,20250130,100000,2.865,2.885,2.865,2.875,157,0
06N,60,20250130,110000,2.805,2.805,2.805,2.805,68,0
06N,60,20250130,120000,2.805,2.87,2.805,2.87,104,0
06N,60,20250130,130000,2.87,2.875,2.8,2.8,2029,0
06N,60,20250130,140000,2.8,2.8,2.8,2.8,2,0
06N,60,20250130,150000,2.8,2.8,2.8,2.8,508,0
06N,60,20250130,170000,2.8,2.86,2.8,2.86,800,0
06N,60,20250131,100000,2.845,2.845,2.8,2.845,680,0
06N,60,20250131,110000,2.81,2.81,2.8,2.8,539,0
06N,60,20250131,140000,2.84,2.84,2.84,2.84,4,0
06N,60,20250131,150000,2.84,2.865,2.84,2.865,105,0
06N,60,20250131,160000,2.81,2.81,2.8,2.8,76,0
06N,60,20250131,170000,2.8,2.865,2.77,2.77,1190,0
06N,60,20250203,100000,2.86,2.86,2.86,2.86,25,0
06N,60,20250203,120000,2.76,2.76,2.76,2.76,1,0
06N,60,20250203,140000,2.84,2.84,2.84,2.84,8,0
06N,60,20250203,150000,2.77,2.84,2.77,2.84,108,0
06N,60,20250204,130000,2.835,2.84,2.835,2.84,200,0
06N,60,20250204,140000,2.775,2.775,2.775,2.775,10,0
06N,60,20250204,160000,2.775,2.775,2.7,2.7,3000,0
06N,60,20250204,170000,2.715,2.79,2.715,2.73,3074,0
06N,60,20250205,100000,2.785,2.81,2.74,2.74,3083,0
06N,60,20250205,110000,2.735,2.735,2.735,2.735,25,0
06N,60,20250205,130000,2.785,2.79,2.735,2.735,832,0
06N,60,20250205,140000,2.735,2.735,2.735,2.735,297,0
06N,60,20250205,150000,2.735,2.735,2.73,2.73,2000,0
06N,60,20250205,170000,2.75,2.75,2.75,2.75,120,0
06N,60,20250206,100000,2.75,2.75,2.75,2.75,4980,0
06N,60,20250206,110000,2.75,2.8,2.75,2.8,4650,0
06N,60,20250206,120000,2.8,2.81,2.75,2.75,542,0
06N,60,20250206,130000,2.75,2.81,2.75,2.81,769,0
06N,60,20250206,150000,2.8,2.8,2.8,2.8,827,0
06N,60,20250206,160000,2.8,2.8,2.8,2.8,61,0
06N,60,20250207,100000,2.795,2.805,2.76,2.805,4123,0
06N,60,20250207,110000,2.81,2.85,2.81,2.85,2012,0
06N,60,20250207,120000,2.835,2.835,2.835,2.835,5,0
06N,60,20250207,130000,2.82,2.89,2.82,2.89,4990,0
06N,60,20250207,140000,2.88,2.88,2.88,2.88,376,0
06N,60,20250207,160000,2.88,2.88,2.8,2.8,30,0
06N,60,20250207,170000,2.87,2.87,2.87,2.87,30,0
06N,60,20250210,120000,2.805,2.805,2.805,2.805,20,0
06N,60,20250210,130000,2.86,2.87,2.86,2.87,200,0
06N,60,20250210,150000,2.87,2.87,2.805,2.805,292,0
06N,60,20250210,170000,2.805,2.87,2.805,2.87,260,0
06N,60,20250211,100000,2.8,2.865,2.76,2.78,2696,0
06N,60,20250211,110000,2.78,2.79,2.78,2.79,1947,0
06N,60,20250211,120000,2.845,2.87,2.845,2.87,149,0
06N,60,20250211,130000,2.795,2.87,2.795,2.87,365,0
06N,60,20250211,140000,2.85,2.85,2.85,2.85,12,0
06N,60,20250211,150000,2.85,2.85,2.85,2.85,4,0
06N,60,20250211,160000,2.85,2.87,2.85,2.87,1296,0
06N,60,20250211,170000,2.795,2.87,2.795,2.87,61,0
06N,60,20250212,100000,2.86,2.86,2.785,2.785,144,0
06N,60,20250212,110000,2.79,2.86,2.79,2.86,1550,0
06N,60,20250212,120000,2.82,2.82,2.82,2.82,2,0
06N,60,20250212,130000,2.845,2.845,2.845,2.845,10,0
06N,60,20250212,140000,2.82,2.82,2.82,2.82,224,0
06N,60,20250212,150000,2.83,2.84,2.82,2.82,508,0
06N,60,20250212,160000,2.86,2.86,2.82,2.82,9,0
06N,60,20250212,170000,2.86,2.86,2.86,2.86,70,0
06N,60,20250213,100000,2.86,2.86,2.85,2.85,1685,0
06N,60,20250213,110000,2.86,2.86,2.86,2.86,100,0
06N,60,20250213,120000,2.82,2.82,2.82,2.82,220,0
06N,60,20250213,130000,2.82,2.85,2.82,2.85,213,0
06N,60,20250213,140000,2.85,2.85,2.85,2.85,2000,0
06N,60,20250213,150000,2.85,2.86,2.85,2.86,621,0
06N,60,20250213,170000,2.87,2.87,2.78,2.87,2573,0
06N,60,20250214,100000,2.8,2.8,2.8,2.8,3,0
06N,60,20250214,110000,2.8,2.8,2.8,2.8,89,0
06N,60,20250214,120000,2.86,2.86,2.86,2.86,18,0
06N,60,20250214,130000,2.87,2.87,2.87,2.87,4,0
06N,60,20250214,140000,2.86,2.87,2.8,2.87,113,0
06N,60,20250214,160000,2.8,2.87,2.8,2.87,56,0
06N,60,20250214,170000,2.8,2.87,2.8,2.87,1905,0
06N,60,20250217,100000,2.86,2.86,2.76,2.86,1618,0
06N,60,20250217,120000,2.8,2.86,2.8,2.86,2027,0
06N,60,20250217,130000,2.785,2.785,2.785,2.785,2,0
06N,60,20250217,150000,2.79,2.8,2.79,2.8,2001,0
06N,60,20250217,160000,2.84,2.84,2.785,2.785,591,0
06N,60,20250217,170000,2.8,2.835,2.8,2.835,81,0
06N,60,20250218,100000,2.86,2.86,2.85,2.85,367,0
06N,60,20250218,110000,2.8,2.845,2.78,2.845,21,0
06N,60,20250218,120000,2.8,2.8,2.8,2.8,386,0
06N,60,20250218,130000,2.8,2.8,2.76,2.76,3357,0
06N,60,20250218,140000,2.77,2.8,2.765,2.8,1033,0
06N,60,20250218,170000,2.77,2.835,2.77,2.835,136,0
06N,60,20250219,100000,2.77,2.825,2.76,2.785,1341,0
06N,60,20250219,120000,2.825,2.825,2.825,2.825,38,0
06N,60,20250219,130000,2.79,2.79,2.79,2.79,8,0
06N,60,20250219,140000,2.79,2.79,2.79,2.79,10,0
06N,60,20250219,150000,2.825,2.83,2.79,2.79,601,0
06N,60,20250219,160000,2.79,2.79,2.78,2.78,840,0
06N,60,20250219,170000,2.81,2.81,2.81,2.81,60,0
06N,60,20250220,100000,2.76,2.78,2.76,2.78,1804,0
06N,60,20250220,120000,2.805,2.805,2.805,2.805,26,0
06N,60,20250220,130000,2.805,2.805,2.805,2.805,7,0
06N,60,20250220,140000,2.765,2.765,2.76,2.76,5501,0
06N,60,20250220,150000,2.795,2.8,2.795,2.8,600,0
06N,60,20250220,170000,2.815,2.815,2.815,2.815,12,0
06N,60,20250221,100000,2.785,2.955,2.785,2.935,18475,0
06N,60,20250221,110000,2.935,2.935,2.86,2.89,2667,0
06N,60,20250221,120000,2.86,2.86,2.86,2.86,3666,0
06N,60,20250221,130000,2.85,2.85,2.85,2.85,354,0
06N,60,20250221,150000,2.85,2.85,2.815,2.815,10,0
06N,60,20250221,160000,2.845,2.85,2.845,2.85,50,0
06N,60,20250221,170000,2.85,2.88,2.8,2.88,2022,0
06N,60,20250224,100000,2.88,2.88,2.8,2.875,57,0
06N,60,20250224,110000,2.88,2.88,2.88,2.88,94,0
06N,60,20250224,120000,2.8,2.88,2.8,2.88,6,0
06N,60,20250224,130000,2.8,2.88,2.8,2.88,16,0
06N,60,20250224,150000,2.805,2.805,2.8,2.8,700,0
06N,60,20250224,170000,2.88,2.88,2.88,2.88,120,0
06N,60,20250225,100000,2.81,2.81,2.81,2.81,10,0
06N,60,20250225,110000,2.85,2.85,2.8,2.8,20,0
06N,60,20250225,130000,2.8,2.8,2.8,2.8,801,0
06N,60,20250225,140000,2.8,2.8,2.78,2.78,12,0
06N,60,20250225,150000,2.78,2.78,2.78,2.78,190,0
06N,60,20250225,160000,2.78,2.8,2.78,2.785,103,0
06N,60,20250226,100000,2.85,2.93,2.85,2.85,7805,0
06N,60,20250226,110000,2.85,2.85,2.81,2.81,1280,0
06N,60,20250226,120000,2.82,2.82,2.78,2.78,2451,0
06N,60,20250226,130000,2.785,2.785,2.78,2.78,698,0
06N,60,20250226,140000,2.79,2.79,2.79,2.79,20,0
06N,60,20250226,150000,2.8,2.8,2.79,2.79,2706,0
06N,60,20250226,160000,2.79,2.79,2.78,2.78,2833,0
06N,60,20250226,170000,2.835,2.835,2.835,2.835,30,0
06N,60,20250227,100000,2.78,2.78,2.78,2.78,2,0
06N,60,20250227,110000,2.78,2.78,2.78,2.78,350,0
06N,60,20250227,170000,2.835,2.835,2.835,2.835,400,0
06N,60,20250228,100000,2.835,2.835,2.835,2.835,4,0
06N,60,20250228,110000,2.835,2.835,2.835,2.835,5,0
06N,60,20250228,120000,2.785,2.8,2.78,2.8,868,0
06N,60,20250228,140000,2.8,2.8,2.8,2.8,816,0
06N,60,20250228,150000,2.8,2.8,2.8,2.8,4000,0
06N,60,20250228,160000,2.8,2.8,2.8,2.8,1,0
06N,60,20250228,170000,2.8,2.98,2.8,2.9,31706,0
06N,60,20250303,100000,2.94,2.97,2.85,2.85,6672,0
06N,60,20250303,110000,2.85,2.85,2.85,2.85,23,0
06N,60,20250303,120000,2.85,2.85,2.85,2.85,5,0
06N,60,20250303,130000,2.9,2.9,2.9,2.9,510,0
06N,60,20250303,140000,2.85,2.85,2.85,2.85,3,0
06N,60,20250303,160000,2.85,2.85,2.85,2.85,100,0
06N,60,20250303,170000,2.9,2.9,2.9,2.9,60,0
06N,60,20250304,100000,2.9,2.94,2.85,2.85,355,0
06N,60,20250304,110000,2.85,2.85,2.815,2.815,500,0
06N,60,20250304,130000,2.9,2.9,2.825,2.825,292,0
06N,60,20250304,140000,2.825,2.825,2.82,2.825,3138,0
06N,60,20250304,160000,2.82,2.82,2.8,2.8,2493,0
06N,60,20250305,100000,2.805,2.805,2.805,2.805,200,0
06N,60,20250305,110000,2.81,2.845,2.805,2.845,922,0
06N,60,20250305,140000,2.825,2.83,2.825,2.83,1000,0
06N,60,20250305,150000,2.83,2.83,2.83,2.83,2228,0
06N,60,20250305,160000,2.82,2.82,2.805,2.805,442,0
06N,60,20250305,170000,2.84,2.84,2.84,2.84,53,0
06N,60,20250306,100000,2.82,2.85,2.81,2.85,1124,0
06N,60,20250306,110000,2.845,2.845,2.845,2.845,100,0
06N,60,20250306,120000,2.825,2.825,2.825,2.825,200,0
06N,60,20250306,140000,2.845,2.845,2.845,2.845,46,0
06N,60,20250306,160000,2.84,2.84,2.84,2.84,1009,0
06N,60,20250306,170000,2.84,2.89,2.84,2.89,124,0
06N,60,20250307,100000,2.82,2.89,2.82,2.89,21,0
06N,60,20250307,110000,2.82,2.82,2.79,2.81,14200,0
06N,60,20250307,120000,2.88,2.88,2.795,2.795,220,0
06N,60,20250307,140000,2.8,2.84,2.8,2.84,39,0
06N,60,20250307,150000,2.8,2.84,2.8,2.84,59,0
06N,60,20250307,160000,2.84,2.84,2.84,2.84,210,0
06N,60,20250307,170000,2.88,2.88,2.88,2.88,5,0
06N,60,20250310,100000,2.8,2.8,2.8,2.8,32,0
06N,60,20250310,110000,2.8,2.8,2.8,2.8,216,0
06N,60,20250310,120000,2.8,2.8,2.8,2.8,52,0
06N,60,20250310,130000,2.845,2.85,2.845,2.85,1132,0
06N,60,20250310,140000,2.86,2.92,2.86,2.92,10751,0
06N,60,20250310,170000,2.89,2.89,2.89,2.89,145,0
06N,60,20250311,100000,2.89,2.89,2.815,2.815,169,0
06N,60,20250311,140000,2.815,2.815,2.81,2.81,1602,0
06N,60,20250311,160000,2.81,2.81,2.81,2.81,1153,0
06N,60,20250311,170000,2.855,2.86,2.855,2.86,115,0
06N,60,20250312,100000,2.87,2.87,2.795,2.795,512,0
06N,60,20250312,110000,2.8,2.8,2.8,2.8,500,0
06N,60,20250312,120000,2.8,2.8,2.8,2.8,500,0
06N,60,20250312,130000,2.85,2.87,2.85,2.87,111,0
06N,60,20250312,150000,2.81,2.81,2.81,2.81,1,0
06N,60,20250312,170000,2.81,2.81,2.81,2.81,1,0
06N,60,20250313,100000,2.81,2.89,2.78,2.89,2875,0
06N,60,20250313,110000,2.805,2.85,2.805,2.85,2501,0
06N,60,20250313,130000,2.805,2.805,2.795,2.795,2222,0
06N,60,20250313,140000,2.81,2.81,2.81,2.81,32,0
06N,60,20250313,170000,2.815,2.875,2.81,2.875,3378,0
06N,60,20250314,100000,2.875,2.88,2.875,2.875,2211,0
06N,60,20250314,110000,2.875,2.875,2.875,2.875,1020,0
06N,60,20250314,120000,2.875,2.89,2.875,2.89,5850,0
06N,60,20250314,140000,2.825,2.825,2.825,2.825,1,0
06N,60,20250314,150000,2.825,2.825,2.825,2.825,12,0
06N,60,20250314,160000,2.88,2.88,2.88,2.88,10,0
06N,60,20250317,100000,2.815,2.89,2.815,2.89,3118,0
06N,60,20250317,120000,2.875,2.875,2.875,2.875,17,0
06N,60,20250317,140000,2.85,2.85,2.85,2.85,10,0
06N,60,20250317,170000,2.82,2.845,2.82,2.845,687,0
06N,60,20250318,100000,2.815,2.855,2.81,2.855,1053,0
06N,60,20250318,110000,2.82,2.865,2.82,2.865,47,0
06N,60,20250318,120000,2.855,2.86,2.82,2.82,434,0
06N,60,20250318,150000,2.86,2.86,2.795,2.86,1445,0
06N,60,20250318,160000,2.795,2.84,2.795,2.84,18,0
06N,60,20250319,100000,2.825,2.825,2.825,2.825,20,0
06N,60,20250319,110000,2.825,2.9,2.825,2.9,10004,0
06N,60,20250319,130000,2.815,2.815,2.815,2.815,1,0
06N,60,20250319,140000,2.815,2.85,2.815,2.815,31,0
06N,60,20250319,150000,2.815,2.815,2.815,2.815,6,0
06N,60,20250319,160000,2.82,2.845,2.82,2.845,20,0
06N,60,20250319,170000,2.845,2.85,2.845,2.85,33,0
06N,60,20250320,120000,2.89,2.9,2.89,2.9,300,0
06N,60,20250320,140000,2.89,2.89,2.89,2.89,5,0
06N,60,20250320,150000,2.825,2.825,2.81,2.81,685,0
06N,60,20250320,160000,2.82,2.825,2.82,2.825,680,0
06N,60,20250320,170000,2.81,2.825,2.81,2.825,32,0
06N,60,20250321,100000,2.825,2.825,2.81,2.825,2594,0
06N,60,20250321,120000,2.815,2.845,2.81,2.845,1010,0
06N,60,20250321,130000,2.81,2.835,2.81,2.835,57,0
06N,60,20250321,140000,2.835,2.835,2.81,2.835,24,0
06N,60,20250321,160000,2.835,2.835,2.8,2.8,43,0
06N,60,20250324,100000,2.8,2.835,2.8,2.835,2624,0
06N,60,20250324,110000,2.8,2.8,2.8,2.8,30,0
06N,60,20250324,130000,2.8,2.8,2.79,2.79,3220,0
06N,60,20250324,140000,2.785,2.79,2.77,2.79,2500,0
06N,60,20250324,150000,2.79,2.79,2.77,2.77,1782,0
06N,60,20250324,160000,2.835,2.835,2.835,2.835,10,0
06N,60,20250325,110000,2.835,2.835,2.835,2.835,150,0
06N,60,20250325,120000,2.79,2.79,2.775,2.775,62,0
06N,60,20250325,140000,2.83,2.83,2.77,2.77,1008,0
06N,60,20250325,150000,2.83,2.83,2.76,2.76,1764,0
06N,60,20250325,160000,2.76,2.83,2.76,2.83,5246,0
06N,60,20250326,100000,2.76,2.765,2.76,2.765,74,0
06N,60,20250326,130000,2.77,2.77,2.77,2.77,502,0
06N,60,20250326,140000,2.77,2.77,2.765,2.765,906,0
06N,60,20250326,150000,2.765,2.765,2.765,2.765,294,0
06N,60,20250326,170000,2.8,2.83,2.8,2.83,17,0
06N,60,20250327,100000,2.765,2.85,2.765,2.83,11919,0
06N,60,20250327,110000,2.83,2.87,2.83,2.83,1858,0
06N,60,20250327,120000,2.83,2.83,2.83,2.83,3190,0
06N,60,20250327,130000,2.83,2.83,2.83,2.83,58,0
06N,60,20250327,140000,2.8,2.8,2.8,2.8,1,0
06N,60,20250327,160000,2.8,2.83,2.755,2.755,2015,0
06N,60,20250327,170000,2.8,2.825,2.8,2.825,60,0
06N,60,20250328,100000,2.77,2.89,2.755,2.89,9250,0
06N,60,20250328,110000,2.89,2.89,2.77,2.77,1860,0
06N,60,20250328,120000,2.77,2.8,2.765,2.77,637,0
06N,60,20250328,140000,2.84,2.845,2.775,2.775,85,0
06N,60,20250328,150000,2.78,2.78,2.78,2.78,53,0
06N,60,20250331,100000,2.84,2.875,2.84,2.875,2731,0
06N,60,20250331,110000,2.875,2.875,2.875,2.875,5,0
06N,60,20250331,130000,2.785,2.845,2.78,2.845,446,0
06N,60,20250401,100000,2.82,2.82,2.82,2.82,50,0
06N,60,20250401,110000,2.8,2.8,2.8,2.8,2,0
06N,60,20250401,120000,2.84,2.85,2.74,2.74,1528,0
06N,60,20250401,130000,2.76,2.76,2.76,2.76,600,0
06N,60,20250401,140000,2.84,2.84,2.77,2.77,201,0
06N,60,20250401,150000,2.77,2.77,2.77,2.77,1,0
06N,60,20250401,170000,2.84,2.84,2.84,2.84,214,0
06N,60,20250402,100000,2.83,2.83,2.74,2.74,1437,0
06N,60,20250402,110000,2.79,2.8,2.79,2.8,3100,0
06N,60,20250402,170000,2.81,2.82,2.81,2.82,107,0
06N,60,20250403,100000,2.76,2.81,2.74,2.81,5826,0
06N,60,20250403,110000,2.78,2.84,2.78,2.82,2179,0
06N,60,20250403,120000,2.76,2.76,2.73,2.73,2534,0
06N,60,20250403,140000,2.81,2.81,2.74,2.75,1650,0
06N,60,20250403,150000,2.74,2.74,2.74,2.74,1,0
06N,60,20250403,160000,2.74,2.74,2.73,2.73,571,0
06N,60,20250403,170000,2.73,2.75,2.73,2.75,4926,0
06N,60,20250404,100000,2.78,2.79,2.78,2.79,30,0
06N,60,20250404,110000,2.73,2.73,2.71,2.71,159,0
06N,60,20250404,130000,2.72,2.72,2.72,2.72,950,0
06N,60,20250404,140000,2.71,2.71,2.71,2.71,1,0
06N,60,20250404,150000,2.71,2.71,2.68,2.7,3936,0
06N,60,20250404,160000,2.7,2.7,2.7,2.7,485,0
06N,60,20250404,170000,2.68,2.78,2.68,2.78,649,0
06N,60,20250407,100000,2.69,2.69,2.69,2.69,9,0
06N,60,20250407,110000,2.65,2.74,2.62,2.74,2112,0
06N,60,20250407,120000,2.63,2.63,2.63,2.63,10,0
06N,60,20250407,130000,2.73,2.77,2.73,2.77,190,0
06N,60,20250407,150000,2.66,2.74,2.63,2.74,1216,0
06N,60,20250407,170000,2.73,2.73,2.63,2.63,1793,0
06N,60,20250408,120000,2.69,2.69,2.63,2.63,2841,0
06N,60,20250408,130000,2.62,2.62,2.62,2.62,1,0
06N,60,20250408,140000,2.66,2.76,2.66,2.76,4150,0
06N,60,20250408,170000,2.69,2.7,2.69,2.69,266,0
06N,60,20250409,100000,2.66,2.66,2.66,2.66,600,0
06N,60,20250409,110000,2.66,2.66,2.66,2.66,410,0
06N,60,20250409,120000,2.66,2.66,2.66,2.66,500,0
06N,60,20250409,140000,2.64,2.64,2.62,2.62,600,0
06N,60,20250409,150000,2.68,2.69,2.68,2.69,1012,0
06N,60,20250409,170000,2.63,2.63,2.62,2.62,1000,0
06N,60,20250410,100000,2.67,2.76,2.67,2.76,672,0
06N,60,20250410,110000,2.75,2.75,2.68,2.68,2954,0
06N,60,20250410,120000,2.65,2.65,2.65,2.65,1,0
06N,60,20250410,150000,2.7,2.7,2.65,2.65,65,0
06N,60,20250410,160000,2.69,2.69,2.69,2.69,1000,0
06N,60,20250410,170000,2.69,2.69,2.69,2.69,30,0
06N,60,20250411,120000,2.64,2.68,2.64,2.68,540,0
06N,60,20250414,100000,2.64,2.72,2.64,2.71,3111,0
06N,60,20250414,110000,2.69,2.7,2.69,2.7,1000,0
06N,60,20250414,140000,2.66,2.69,2.66,2.69,3004,0
06N,60,20250414,150000,2.69,2.69,2.69,2.69,5,0
06N,60,20250415,100000,2.69,2.69,2.65,2.65,807,0
06N,60,20250415,110000,2.65,2.65,2.65,2.65,500,0
06N,60,20250415,120000,2.65,2.67,2.65,2.65,217,0
06N,60,20250415,130000,2.67,2.67,2.67,2.67,5,0
06N,60,20250415,140000,2.65,2.65,2.63,2.63,1365,0
06N,60,20250415,170000,2.66,2.66,2.66,2.66,4,0
06N,60,20250416,100000,2.65,2.65,2.62,2.65,1538,0
06N,60,20250416,110000,2.65,2.65,2.65,2.65,1945,0
06N,60,20250416,120000,2.66,2.67,2.66,2.67,2691,0
06N,60,20250416,130000,2.67,2.68,2.67,2.68,2555,0
06N,60,20250416,140000,2.64,2.64,2.64,2.64,500,0
06N,60,20250416,150000,2.64,2.64,2.63,2.63,500,0
06N,60,20250416,170000,2.66,2.66,2.66,2.66,60,0
06N,60,20250417,100000,2.63,2.63,2.63,2.63,1662,0
06N,60,20250417,120000,2.66,2.72,2.66,2.72,9134,0
06N,60,20250417,130000,2.65,2.65,2.64,2.64,1000,0
06N,60,20250417,140000,2.65,2.65,2.65,2.65,600,0
06N,60,20250417,150000,2.65,2.68,2.65,2.68,1007,0
06N,60,20250422,100000,2.68,2.74,2.68,2.72,9359,0
06N,60,20250422,120000,2.7,2.7,2.7,2.7,1578,0
06N,60,20250422,140000,2.68,2.68,2.68,2.68,1,0
06N,60,20250422,150000,2.68,2.7,2.68,2.68,17,0
06N,60,20250422,160000,2.66,2.66,2.66,2.66,1014,0
06N,60,20250422,170000,2.7,2.7,2.7,2.7,30,0
06N,60,20250423,100000,2.66,2.66,2.63,2.63,3039,0
06N,60,20250423,110000,2.65,2.66,2.63,2.66,8040,0
06N,60,20250423,120000,2.65,2.65,2.65,2.65,1,0
06N,60,20250423,130000,2.65,2.65,2.65,2.65,1100,0
06N,60,20250423,140000,2.67,2.67,2.65,2.67,189,0
06N,60,20250423,150000,2.65,2.65,2.64,2.64,1000,0
06N,60,20250423,160000,2.64,2.64,2.64,2.64,500,0
06N,60,20250424,110000,2.64,2.64,2.57,2.57,9610,0
06N,60,20250424,120000,2.64,2.65,2.64,2.64,183,0
06N,60,20250424,130000,2.64,2.64,2.64,2.64,477,0
06N,60,20250424,140000,2.65,2.65,2.64,2.64,1475,0
06N,60,20250424,150000,2.65,2.65,2.64,2.64,2500,0
06N,60,20250424,160000,2.64,2.65,2.64,2.65,1158,0
06N,60,20250424,170000,2.64,2.64,2.64,2.64,133,0
06N,60,20250425,100000,2.64,2.64,2.64,2.64,5,0
06N,60,20250425,120000,2.62,2.64,2.61,2.64,1963,0
06N,60,20250425,130000,2.63,2.64,2.63,2.64,7335,0
06N,60,20250425,140000,2.63,2.64,2.63,2.63,17,0
06N,60,20250425,150000,2.63,2.69,2.63,2.66,6588,0
06N,60,20250425,160000,2.63,2.68,2.63,2.67,15,0
06N,60,20250428,100000,2.65,2.66,2.63,2.64,1294,0
06N,60,20250428,110000,2.63,2.63,2.61,2.61,1150,0
06N,60,20250428,120000,2.64,2.64,2.62,2.62,513,0
06N,60,20250428,130000,2.62,2.62,2.62,2.62,1000,0
06N,60,20250428,140000,2.64,2.64,2.58,2.6,7143,0
06N,60,20250428,150000,2.6,2.6,2.59,2.6,2277,0
06N,60,20250428,170000,2.6,2.64,2.6,2.64,337,0
06N,60,20250429,100000,2.6,2.63,2.6,2.63,301,0
06N,60,20250429,110000,2.63,2.64,2.63,2.64,109,0
06N,60,20250429,130000,2.64,2.64,2.63,2.63,115,0
06N,60,20250429,140000,2.63,2.64,2.63,2.64,107,0
06N,60,20250429,150000,2.63,2.63,2.63,2.63,1,0
06N,60,20250429,160000,2.6,2.64,2.6,2.64,45,0
06N,60,20250429,170000,2.6,2.64,2.6,2.64,1115,0
06N,60,20250430,100000,2.64,2.64,2.61,2.61,3001,0
06N,60,20250430,110000,2.61,2.61,2.59,2.6,3173,0
06N,60,20250430,120000,2.63,2.63,2.63,2.63,500,0
06N,60,20250430,130000,2.6,2.62,2.6,2.62,38,0
06N,60,20250430,140000,2.62,2.62,2.62,2.62,5,0
06N,60,20250430,150000,2.62,2.62,2.6,2.6,501,0
06N,60,20250430,160000,2.6,2.6,2.6,2.6,184,0
06N,60,20250430,170000,2.62,2.62,2.62,2.62,1072,0
06N,60,20250502,100000,2.63,2.63,2.63,2.63,119,0
06N,60,20250502,110000,2.63,2.64,2.63,2.64,453,0
06N,60,20250502,120000,2.61,2.61,2.61,2.61,500,0
06N,60,20250502,130000,2.63,2.64,2.63,2.64,787,0
06N,60,20250502,140000,2.61,2.61,2.6,2.6,500,0
06N,60,20250502,160000,2.63,2.63,2.6,2.6,120,0
06N,60,20250502,170000,2.61,2.66,2.61,2.66,2502,0
06N,60,20250505,100000,2.64,2.64,2.63,2.63,2250,0
06N,60,20250505,110000,2.63,2.63,2.63,2.63,1,0
06N,60,20250505,120000,2.64,2.65,2.64,2.65,632,0
06N,60,20250505,130000,2.65,2.65,2.65,2.65,204,0
06N,60,20250505,150000,2.63,2.63,2.54,2.61,10760,0
06N,60,20250505,160000,2.58,2.59,2.58,2.59,988,0
06N,60,20250505,170000,2.59,2.6,2.57,2.6,1551,0
06N,60,20250506,100000,2.61,2.61,2.61,2.61,6,0
06N,60,20250506,110000,2.57,2.57,2.57,2.57,300,0
06N,60,20250506,120000,2.61,2.61,2.61,2.61,50,0
06N,60,20250506,130000,2.57,2.61,2.57,2.61,138,0
06N,60,20250506,140000,2.61,2.61,2.61,2.61,50,0
06N,60,20250506,150000,2.58,2.58,2.58,2.58,5,0
06N,60,20250506,160000,2.6,2.6,2.58,2.58,201,0
06N,60,20250506,170000,2.59,2.61,2.59,2.61,3894,0
