<TICKER>,<PER>,<DATE>,<TIME>,<OPEN>,<HIGH>,<LOW>,<CLOSE>,<VOL>,<OPENINT>
AAT,60,20240411,120000,1.85,1.85,1.805,1.805,5099,0
AAT,60,20240411,170000,1.845,1.85,1.845,1.85,70,0
AAT,60,20240412,100000,1.845,1.85,1.845,1.85,4033,0
AAT,60,20240412,110000,1.84,1.84,1.84,1.84,4000,0
AAT,60,20240412,150000,1.85,1.86,1.85,1.85,7200,0
AAT,60,20240412,170000,1.85,1.85,1.85,1.85,1600,0
AAT,60,20240415,100000,1.855,1.855,1.855,1.855,247,0
AAT,60,20240415,110000,1.855,1.86,1.85,1.85,3608,0
AAT,60,20240415,120000,1.85,1.85,1.76,1.76,2015,0
AAT,60,20240415,130000,1.76,1.76,1.76,1.76,148,0
AAT,60,20240415,140000,1.845,1.845,1.845,1.845,14,0
AAT,60,20240416,170000,1.76,1.81,1.76,1.81,105,0
AAT,60,20240417,100000,1.81,1.81,1.81,1.81,97,0
AAT,60,20240417,110000,1.81,1.81,1.81,1.81,6,0
AAT,60,20240417,130000,1.765,1.765,1.765,1.765,6,0
AAT,60,20240418,100000,1.8,1.81,1.76,1.81,2723,0
AAT,60,20240418,150000,1.795,1.795,1.795,1.795,2410,0
AAT,60,20240418,160000,1.825,1.83,1.825,1.83,2386,0
AAT,60,20240418,170000,1.84,2.16,1.84,2.1,51671,0
AAT,60,20240419,100000,2.1,2.15,2,2.02,11746,0
AAT,60,20240419,110000,2.02,2.15,1.95,2.1,14163,0
AAT,60,20240419,120000,2.1,2.15,2,2.1,3271,0
AAT,60,20240419,130000,2.1,2.1,2.1,2.1,1000,0
AAT,60,20240419,140000,2.03,2.03,2.03,2.03,250,0
AAT,60,20240419,150000,2.14,2.2,2.14,2.16,5160,0
AAT,60,20240419,160000,2.15,2.16,2.15,2.16,2200,0
AAT,60,20240419,170000,2.15,2.15,2.15,2.15,400,0
AAT,60,20240422,100000,2.1,2.15,2.02,2.02,9270,0
AAT,60,20240422,120000,2.04,2.04,2.04,2.04,54,0
AAT,60,20240422,160000,2.02,2.02,2.02,2.02,14,0
AAT,60,20240423,100000,2.03,2.03,1.91,1.91,4946,0
AAT,60,20240423,110000,1.98,1.99,1.98,1.99,1322,0
AAT,60,20240423,120000,2.04,2.05,2,2.05,1019,0
AAT,60,20240423,130000,2,2.05,1.9,2.05,10036,0
AAT,60,20240423,140000,2.03,2.03,2.03,2.03,500,0
AAT,60,20240423,150000,2.03,2.03,2.03,2.03,5,0
AAT,60,20240423,160000,1.935,1.935,1.935,1.935,5,0
AAT,60,20240423,170000,2.02,2.04,2.02,2.04,1800,0
AAT,60,20240424,100000,2.03,2.03,2,2,997,0
AAT,60,20240424,110000,2.02,2.02,1.94,1.94,8251,0
AAT,60,20240424,120000,1.95,1.97,1.95,1.97,2000,0
AAT,60,20240424,130000,1.97,2,1.97,2,2500,0
AAT,60,20240424,140000,1.95,1.95,1.95,1.95,450,0
AAT,60,20240424,150000,1.955,1.955,1.92,1.92,12597,0
AAT,60,20240425,100000,1.9,1.92,1.9,1.92,1437,0
AAT,60,20240425,110000,1.92,1.92,1.92,1.92,4563,0
AAT,60,20240425,130000,1.96,1.96,1.96,1.96,2000,0
AAT,60,20240425,140000,1.96,1.96,1.86,1.95,9770,0
AAT,60,20240425,170000,1.87,1.93,1.87,1.93,63,0
AAT,60,20240426,100000,1.96,2.1,1.96,2.09,7309,0
AAT,60,20240426,120000,2.07,2.07,2.07,2.07,780,0
AAT,60,20240426,130000,2.07,2.07,2.07,2.07,300,0
AAT,60,20240426,140000,1.965,1.965,1.965,1.965,10,0
AAT,60,20240426,150000,2.05,2.05,2.05,2.05,49,0
AAT,60,20240426,160000,2.04,2.04,1.99,2,2625,0
AAT,60,20240426,170000,2.05,2.06,2.05,2.06,1130,0
AAT,60,20240429,100000,1.965,1.965,1.96,1.96,530,0
AAT,60,20240429,110000,2.1,2.21,2.1,2.2,7035,0
AAT,60,20240429,120000,2.14,2.14,2.14,2.14,1156,0
AAT,60,20240429,130000,2.14,2.17,2.06,2.17,1557,0
AAT,60,20240429,140000,2.06,2.18,2.06,2.18,2505,0
AAT,60,20240429,150000,2.19,2.2,2.16,2.16,6527,0
AAT,60,20240429,170000,2.14,2.15,2.14,2.15,770,0
AAT,60,20240430,100000,2.18,2.18,2.18,2.18,3210,0
AAT,60,20240430,120000,2.07,2.17,2.03,2.05,9057,0
AAT,60,20240430,130000,2.1,2.1,2.1,2.1,118,0
AAT,60,20240430,150000,2.15,2.15,2.15,2.15,900,0
AAT,60,20240430,170000,2.15,2.17,2.05,2.05,2808,0
AAT,60,20240502,100000,2.04,2.15,2.04,2.15,1557,0
AAT,60,20240502,110000,2.07,2.07,2.01,2.04,12122,0
AAT,60,20240502,120000,2.05,2.1,2.05,2.1,3000,0
AAT,60,20240502,150000,2.05,2.05,2.05,2.05,2500,0
AAT,60,20240502,160000,2.05,2.05,2.05,2.05,3083,0
AAT,60,20240502,170000,2.1,2.1,2.1,2.1,102,0
AAT,60,20240506,100000,2.1,2.1,2.1,2.1,4793,0
AAT,60,20240506,110000,2.1,2.1,2.1,2.1,404,0
AAT,60,20240506,120000,2.05,2.05,2.01,2.01,7303,0
AAT,60,20240506,130000,2.04,2.05,2.04,2.04,1050,0
AAT,60,20240506,150000,2.04,2.04,2,2,1700,0
AAT,60,20240506,160000,2,2,2,2,1086,0
AAT,60,20240506,170000,2,2,1.935,1.935,12048,0
AAT,60,20240507,100000,1.93,1.98,1.93,1.93,7610,0
AAT,60,20240507,110000,1.93,1.975,1.93,1.975,857,0
AAT,60,20240507,120000,1.935,1.935,1.935,1.935,57,0
AAT,60,20240507,130000,1.975,1.975,1.975,1.975,12,0
AAT,60,20240507,170000,1.975,1.995,1.975,1.995,6689,0
AAT,60,20240508,110000,1.96,1.96,1.95,1.95,4517,0
AAT,60,20240509,100000,1.99,1.99,1.99,1.99,109,0
AAT,60,20240509,110000,1.95,1.95,1.95,1.95,333,0
AAT,60,20240509,130000,1.99,1.99,1.95,1.985,332,0
AAT,60,20240510,100000,1.985,2,1.985,2,9591,0
AAT,60,20240510,110000,1.95,1.95,1.95,1.95,350,0
AAT,60,20240510,140000,2.02,2.02,2.02,2.02,10,0
AAT,60,20240510,160000,2.02,2.05,2.02,2.05,4990,0
AAT,60,20240513,100000,2.08,2.08,2.08,2.08,614,0
AAT,60,20240513,110000,2.02,2.14,2,2.14,15307,0
AAT,60,20240513,120000,2.1,2.1,2.09,2.09,805,0
AAT,60,20240513,130000,2.09,2.09,2.09,2.09,300,0
AAT,60,20240513,140000,2.08,2.08,2.04,2.04,307,0
AAT,60,20240513,150000,2.04,2.04,2.04,2.04,993,0
AAT,60,20240513,160000,2.02,2.02,2.02,2.02,7,0
AAT,60,20240513,170000,2.02,2.03,2.02,2.03,103,0
AAT,60,20240514,100000,2.03,2.05,2.03,2.05,2023,0
AAT,60,20240514,130000,2.07,2.07,2.06,2.06,1603,0
AAT,60,20240514,150000,2.14,2.14,2.06,2.06,2441,0
AAT,60,20240514,160000,2.06,2.06,2.06,2.06,967,0
AAT,60,20240514,170000,2.11,2.11,2.11,2.11,233,0
AAT,60,20240515,110000,2.14,2.14,2.11,2.14,373,0
AAT,60,20240515,120000,2.14,2.15,2.14,2.15,1153,0
AAT,60,20240515,130000,2.15,2.15,2.15,2.15,50,0
AAT,60,20240515,140000,2.15,2.15,2.03,2.03,5446,0
AAT,60,20240515,150000,2.03,2.03,2.01,2.01,2895,0
AAT,60,20240515,160000,2.02,2.15,2.02,2.15,2900,0
AAT,60,20240515,170000,2.04,2.14,2.04,2.14,550,0
AAT,60,20240516,100000,2.14,2.14,2.06,2.06,616,0
AAT,60,20240516,120000,2.07,2.1,2.07,2.1,6450,0
AAT,60,20240516,150000,2.11,2.11,2.1,2.1,540,0
AAT,60,20240516,160000,2.1,2.1,2.1,2.1,500,0
AAT,60,20240516,170000,2.1,2.1,2.06,2.06,7620,0
AAT,60,20240517,110000,2.06,2.06,2.06,2.06,3,0
AAT,60,20240517,130000,2.06,2.06,2,2.01,11110,0
AAT,60,20240517,160000,2.03,2.03,2.02,2.02,500,0
AAT,60,20240517,170000,2.02,2.08,2.02,2.08,105,0
AAT,60,20240520,100000,2.08,2.09,2.02,2.02,970,0
AAT,60,20240520,110000,2.08,2.08,2.08,2.08,100,0
AAT,60,20240520,130000,2.08,2.08,2.08,2.08,1000,0
AAT,60,20240520,150000,2.08,2.08,2.08,2.08,15,0
AAT,60,20240521,100000,2.07,2.07,2.07,2.07,10,0
AAT,60,20240522,130000,2.06,2.07,2.06,2.07,1300,0
AAT,60,20240522,170000,2.07,2.1,2.07,2.1,1157,0
AAT,60,20240523,120000,2.02,2.02,2.02,2.02,1,0
AAT,60,20240523,130000,2.02,2.02,1.98,1.98,5935,0
AAT,60,20240523,140000,2.03,2.03,2.03,2.03,900,0
AAT,60,20240523,160000,2,2.08,2,2.08,4350,0
AAT,60,20240523,170000,2.01,2.1,1.95,2.1,33742,0
AAT,60,20240524,100000,2.18,2.34,2.18,2.29,28362,0
AAT,60,20240524,110000,2.29,2.29,2.21,2.23,7548,0
AAT,60,20240524,120000,2.25,2.25,2.16,2.23,9756,0
AAT,60,20240524,130000,2.24,2.25,2.24,2.24,210,0
AAT,60,20240524,140000,2.2,2.2,2.2,2.2,3024,0
AAT,60,20240524,150000,2.2,2.23,2.2,2.23,2226,0
AAT,60,20240524,160000,2.16,2.16,2.07,2.1,11247,0
AAT,60,20240524,170000,2.11,2.11,2.11,2.11,2500,0
AAT,60,20240527,110000,2.19,2.23,2.18,2.23,6215,0
AAT,60,20240527,120000,2.21,2.21,2.21,2.21,2883,0
AAT,60,20240527,140000,2.19,2.19,2.1,2.1,19889,0
AAT,60,20240527,160000,2.11,2.26,2.1,2.26,52125,0
AAT,60,20240527,170000,2.26,2.27,2.16,2.27,24622,0
AAT,60,20240528,100000,2.27,2.27,2.25,2.27,14478,0
AAT,60,20240528,110000,2.27,2.27,2.27,2.27,1573,0
AAT,60,20240528,130000,2.26,2.26,2.21,2.21,3150,0
AAT,60,20240528,140000,2.27,2.27,2.22,2.22,1545,0
AAT,60,20240528,150000,2.22,2.22,2.22,2.22,588,0
AAT,60,20240528,160000,2.26,2.27,2.2,2.2,9267,0
AAT,60,20240528,170000,2.26,2.26,2.26,2.26,5000,0
AAT,60,20240529,100000,2.3,2.34,2.22,2.29,14165,0
AAT,60,20240529,110000,2.29,2.33,2.27,2.33,2527,0
AAT,60,20240529,120000,2.27,2.31,2.27,2.31,2500,0
AAT,60,20240529,140000,2.3,2.37,2.3,2.37,15109,0
AAT,60,20240529,160000,2.28,2.28,2.22,2.23,11100,0
AAT,60,20240529,170000,2.24,2.35,2.24,2.35,6973,0
AAT,60,20240531,100000,2.33,2.42,2.33,2.4,16050,0
AAT,60,20240531,110000,2.35,2.4,2.33,2.4,8420,0
AAT,60,20240531,120000,2.38,2.42,2.38,2.42,3627,0
AAT,60,20240531,130000,2.41,2.41,2.41,2.41,1132,0
AAT,60,20240531,140000,2.41,2.41,2.41,2.41,600,0
AAT,60,20240531,150000,2.36,2.36,2.33,2.33,2234,0
AAT,60,20240531,160000,2.4,2.41,2.4,2.41,648,0
AAT,60,20240603,100000,2.4,2.4,2.37,2.37,9620,0
AAT,60,20240603,110000,2.37,2.37,2.37,2.37,1500,0
AAT,60,20240603,130000,2.37,2.37,2.37,2.37,500,0
AAT,60,20240603,140000,2.37,2.37,2.36,2.36,2401,0
AAT,60,20240603,150000,2.37,2.37,2.37,2.37,980,0
AAT,60,20240603,160000,2.37,2.37,2.36,2.36,5070,0
AAT,60,20240603,170000,2.39,2.39,2.39,2.39,25,0
AAT,60,20240604,100000,2.36,2.36,2.32,2.32,8065,0
AAT,60,20240604,110000,2.32,2.32,2.24,2.24,13558,0
AAT,60,20240604,120000,2.29,2.29,2.29,2.29,250,0
AAT,60,20240604,140000,2.3,2.3,2.27,2.27,3341,0
AAT,60,20240604,150000,2.3,2.3,2.3,2.3,4296,0
AAT,60,20240604,160000,2.32,2.32,2.32,2.32,120,0
AAT,60,20240605,100000,2.23,2.3,2.23,2.3,1160,0
AAT,60,20240605,110000,2.32,2.42,2.27,2.31,11548,0
AAT,60,20240605,130000,2.31,2.31,2.31,2.31,494,0
AAT,60,20240605,140000,2.4,2.4,2.4,2.4,50,0
AAT,60,20240605,150000,2.34,2.34,2.34,2.34,29,0
AAT,60,20240605,170000,2.34,2.39,2.34,2.39,9168,0
AAT,60,20240606,100000,2.31,2.37,2.31,2.37,2167,0
AAT,60,20240606,120000,2.37,2.42,2.37,2.42,4124,0
AAT,60,20240606,130000,2.35,2.35,2.35,2.35,9672,0
AAT,60,20240606,140000,2.37,2.37,2.37,2.37,2555,0
AAT,60,20240606,150000,2.37,2.37,2.37,2.37,1756,0
AAT,60,20240606,160000,2.35,2.35,2.35,2.35,15,0
AAT,60,20240607,100000,2.36,2.36,2.36,2.36,1035,0
AAT,60,20240607,130000,2.36,2.36,2.33,2.33,877,0
AAT,60,20240607,170000,2.37,2.37,2.37,2.37,4200,0
AAT,60,20240610,110000,2.32,2.32,2.32,2.32,500,0
AAT,60,20240610,160000,2.32,2.32,2.2,2.2,6312,0
AAT,60,20240610,170000,2.27,2.28,2.27,2.28,252,0
AAT,60,20240611,100000,2.22,2.32,2.22,2.32,148,0
AAT,60,20240611,130000,2.23,2.23,2.23,2.23,267,0
AAT,60,20240611,170000,2.24,2.29,2.23,2.29,2816,0
AAT,60,20240612,110000,2.27,2.27,2.26,2.26,2700,0
AAT,60,20240612,120000,2.26,2.26,2.07,2.07,49052,0
AAT,60,20240612,130000,2.1,2.14,2.05,2.14,31067,0
AAT,60,20240612,140000,2.15,2.18,2.15,2.15,3094,0
AAT,60,20240612,150000,2.12,2.12,2.1,2.1,2500,0
AAT,60,20240612,160000,2.1,2.1,2.1,2.1,2395,0
AAT,60,20240612,170000,2.1,2.14,2.09,2.09,5241,0
AAT,60,20240613,100000,2.13,2.13,2.13,2.13,603,0
AAT,60,20240613,110000,2.1,2.1,2.1,2.1,670,0
AAT,60,20240613,120000,2.09,2.09,2.06,2.06,4537,0
AAT,60,20240613,130000,2.07,2.07,2.06,2.06,8448,0
AAT,60,20240613,140000,2.1,2.1,2.08,2.08,786,0
AAT,60,20240613,170000,2.08,2.31,2.08,2.31,22902,0
AAT,60,20240614,100000,2.3,2.53,2.3,2.53,93676,0
AAT,60,20240614,110000,2.78,2.78,2.71,2.78,60607,0
AAT,60,20240614,120000,2.78,2.78,2.71,2.78,42822,0
AAT,60,20240614,130000,2.77,2.78,2.72,2.78,48480,0
AAT,60,20240614,140000,2.78,2.79,2.75,2.79,34013,0
AAT,60,20240614,150000,2.79,2.79,2.76,2.77,40194,0
AAT,60,20240614,160000,2.76,2.78,2.75,2.75,41678,0
AAT,60,20240614,170000,2.75,2.79,2.75,2.79,48136,0
AAT,60,20240617,100000,2.89,3.27,2.86,3.18,210902,0
AAT,60,20240617,110000,3.18,3.34,3,3.28,101901,0
AAT,60,20240617,120000,3.22,3.33,3.18,3.2,36433,0
AAT,60,20240617,130000,3.22,3.29,3.09,3.14,64299,0
AAT,60,20240617,140000,3.24,3.29,3.2,3.28,18797,0
AAT,60,20240617,150000,3.29,3.3,3.17,3.29,18424,0
AAT,60,20240617,160000,3.22,3.48,3.18,3.48,45404,0
AAT,60,20240618,100000,3.44,3.44,3.16,3.32,135731,0
AAT,60,20240618,110000,3.31,3.35,3.2,3.27,35277,0
AAT,60,20240618,120000,3.21,3.24,2.87,3.02,47338,0
AAT,60,20240618,130000,3.02,3.1,2.98,3.1,15642,0
AAT,60,20240618,140000,3.04,3.04,2.96,2.96,9771,0
AAT,60,20240618,150000,3.03,3.17,2.99,3.1,8886,0
AAT,60,20240618,160000,3.15,3.35,3.14,3.32,42430,0
AAT,60,20240618,170000,3.3,3.31,3.08,3.08,15755,0
AAT,60,20240619,100000,3.08,3.3,3,3.24,31683,0
AAT,60,20240619,110000,3.14,3.15,2.97,3.06,25876,0
AAT,60,20240619,120000,3.01,3.07,2.96,3.02,9461,0
AAT,60,20240619,130000,2.96,3.02,2.94,3.02,11126,0
AAT,60,20240619,140000,3.01,3.04,2.96,3.04,3070,0
AAT,60,20240619,150000,3.04,3.15,3.04,3.15,5802,0
AAT,60,20240619,160000,3.14,3.15,3.14,3.14,1100,0
AAT,60,20240619,170000,3.14,3.14,3.05,3.14,7572,0
AAT,60,20240620,100000,3.12,3.12,2.9,2.92,28252,0
AAT,60,20240620,110000,2.98,3,2.9,2.99,19611,0
AAT,60,20240620,120000,2.93,3,2.93,2.98,5827,0
AAT,60,20240620,130000,2.98,2.98,2.93,2.98,3575,0
AAT,60,20240620,140000,2.93,2.98,2.92,2.98,3618,0
AAT,60,20240620,150000,2.92,2.95,2.85,2.85,20276,0
AAT,60,20240620,160000,2.85,2.94,2.85,2.85,5650,0
AAT,60,20240620,170000,2.85,2.89,2.81,2.89,23146,0
AAT,60,20240621,100000,2.89,2.9,2.75,2.8,13667,0
AAT,60,20240621,110000,2.76,2.86,2.72,2.85,16195,0
AAT,60,20240621,130000,2.82,2.82,2.81,2.81,3220,0
AAT,60,20240621,140000,2.81,2.88,2.81,2.82,7375,0
AAT,60,20240621,150000,2.82,2.86,2.81,2.86,1222,0
AAT,60,20240621,160000,2.81,2.85,2.81,2.85,6071,0
AAT,60,20240621,170000,2.81,2.86,2.81,2.86,4404,0
AAT,60,20240624,100000,2.85,2.86,2.72,2.85,4846,0
AAT,60,20240624,110000,2.76,2.85,2.75,2.85,641,0
AAT,60,20240624,120000,2.85,2.85,2.75,2.79,1480,0
AAT,60,20240624,130000,2.76,2.79,2.72,2.79,9873,0
AAT,60,20240624,140000,2.77,2.77,2.77,2.77,200,0
AAT,60,20240624,150000,2.77,2.79,2.75,2.79,3784,0
AAT,60,20240624,160000,2.76,2.79,2.75,2.79,3791,0
AAT,60,20240624,170000,2.77,2.78,2.74,2.77,2381,0
AAT,60,20240625,100000,2.76,2.82,2.72,2.79,8512,0
AAT,60,20240625,110000,2.79,2.9,2.79,2.86,11830,0
AAT,60,20240625,120000,2.85,2.88,2.82,2.83,4492,0
AAT,60,20240625,130000,2.79,2.8,2.76,2.8,5352,0
AAT,60,20240625,150000,2.78,2.8,2.78,2.78,1697,0
AAT,60,20240625,160000,2.78,2.8,2.78,2.78,910,0
AAT,60,20240625,170000,2.78,2.8,2.78,2.78,1076,0
AAT,60,20240626,100000,2.82,2.82,2.72,2.72,9565,0
AAT,60,20240626,110000,2.71,2.78,2.7,2.74,30151,0
AAT,60,20240626,120000,2.74,2.77,2.73,2.73,3835,0
AAT,60,20240626,130000,2.77,2.77,2.71,2.71,5051,0
AAT,60,20240626,140000,2.72,2.74,2.7,2.71,13676,0
AAT,60,20240626,150000,2.73,2.77,2.7,2.75,7624,0
AAT,60,20240626,160000,2.71,2.71,2.7,2.7,3017,0
AAT,60,20240626,170000,2.73,2.78,2.73,2.77,1722,0
AAT,60,20240627,100000,2.76,2.87,2.73,2.84,6160,0
AAT,60,20240627,110000,2.83,2.91,2.82,2.91,9956,0
AAT,60,20240627,120000,2.9,2.93,2.88,2.88,6418,0
AAT,60,20240627,130000,2.88,2.88,2.82,2.82,4849,0
AAT,60,20240627,140000,2.88,2.88,2.82,2.87,2065,0
AAT,60,20240627,160000,2.88,2.88,2.88,2.88,500,0
AAT,60,20240627,170000,2.89,2.89,2.89,2.89,222,0
AAT,60,20240628,100000,2.88,2.88,2.7,2.7,15730,0
AAT,60,20240628,110000,2.71,2.72,2.6,2.7,18242,0
AAT,60,20240628,120000,2.7,2.72,2.66,2.72,3197,0
AAT,60,20240628,130000,2.72,2.72,2.72,2.72,2329,0
AAT,60,20240628,140000,2.72,2.74,2.72,2.74,1105,0
AAT,60,20240628,150000,2.74,2.74,2.69,2.69,267,0
AAT,60,20240628,160000,2.69,2.73,2.65,2.73,7198,0
AAT,60,20240628,170000,2.66,2.7,2.66,2.7,907,0
AAT,60,20240701,100000,2.62,2.68,2.57,2.62,26688,0
AAT,60,20240701,110000,2.62,2.66,2.59,2.66,5122,0
AAT,60,20240701,120000,2.59,2.66,2.57,2.66,8549,0
AAT,60,20240701,130000,2.6,2.66,2.6,2.64,1821,0
AAT,60,20240701,140000,2.6,2.65,2.6,2.65,3184,0
AAT,60,20240701,150000,2.65,2.65,2.59,2.59,3971,0
AAT,60,20240701,160000,2.59,2.59,2.51,2.51,19123,0
AAT,60,20240701,170000,2.54,2.56,2.48,2.54,12787,0
AAT,60,20240702,100000,2.54,2.54,2.37,2.45,28307,0
AAT,60,20240702,110000,2.38,2.43,2.38,2.4,7971,0
AAT,60,20240702,120000,2.4,2.5,2.4,2.5,41929,0
AAT,60,20240702,130000,2.46,2.51,2.4,2.47,37089,0
AAT,60,20240702,140000,2.42,2.42,2.42,2.42,44,0
AAT,60,20240702,160000,2.47,2.47,2.47,2.47,1000,0
AAT,60,20240702,170000,2.47,2.49,2.47,2.48,2260,0
AAT,60,20240703,100000,2.48,2.49,2.37,2.47,2916,0
AAT,60,20240703,110000,2.47,2.47,2.4,2.4,125,0
AAT,60,20240703,120000,2.47,2.47,2.43,2.47,134,0
AAT,60,20240703,130000,2.47,2.47,2.47,2.47,100,0
AAT,60,20240703,140000,2.47,2.48,2.43,2.48,2429,0
AAT,60,20240703,150000,2.47,2.48,2.47,2.48,1294,0
AAT,60,20240703,160000,2.43,2.48,2.41,2.48,1033,0
AAT,60,20240703,170000,2.46,2.58,2.44,2.58,8372,0
AAT,60,20240704,100000,2.58,2.64,2.56,2.64,5613,0
AAT,60,20240704,110000,2.64,2.64,2.54,2.6,97,0
AAT,60,20240704,120000,2.6,2.61,2.6,2.61,14100,0
AAT,60,20240704,130000,2.6,2.6,2.5,2.56,421,0
AAT,60,20240704,160000,2.51,2.55,2.5,2.55,1578,0
AAT,60,20240704,170000,2.51,2.55,2.51,2.55,450,0
AAT,60,20240705,100000,2.51,2.52,2.43,2.44,19134,0
AAT,60,20240705,110000,2.49,2.49,2.49,2.49,11,0
AAT,60,20240705,130000,2.45,2.49,2.45,2.49,439,0
AAT,60,20240705,140000,2.47,2.47,2.47,2.47,433,0
AAT,60,20240705,150000,2.45,2.45,2.45,2.45,1063,0
AAT,60,20240705,160000,2.47,2.49,2.47,2.48,6926,0
AAT,60,20240705,170000,2.5,2.51,2.49,2.51,3611,0
AAT,60,20240708,100000,2.5,2.5,2.5,2.5,2700,0
AAT,60,20240708,110000,2.47,2.47,2.47,2.47,31,0
AAT,60,20240708,120000,2.48,2.52,2.45,2.52,2992,0
AAT,60,20240708,130000,2.51,2.51,2.47,2.47,1394,0
AAT,60,20240708,140000,2.5,2.5,2.5,2.5,1400,0
AAT,60,20240708,150000,2.52,2.52,2.52,2.52,1403,0
AAT,60,20240708,160000,2.53,2.53,2.53,2.53,960,0
AAT,60,20240708,170000,2.56,2.66,2.56,2.64,7128,0
AAT,60,20240709,100000,2.62,2.67,2.58,2.58,7825,0
AAT,60,20240709,110000,2.62,2.67,2.62,2.67,22457,0
AAT,60,20240709,120000,2.67,2.68,2.6,2.61,6031,0
AAT,60,20240709,130000,2.63,2.63,2.63,2.63,248,0
AAT,60,20240709,150000,2.68,2.68,2.64,2.64,720,0
AAT,60,20240709,160000,2.64,2.7,2.63,2.69,14777,0
AAT,60,20240709,170000,2.69,2.71,2.69,2.71,13106,0
AAT,60,20240710,100000,2.71,2.71,2.65,2.66,1028,0
AAT,60,20240710,110000,2.66,2.74,2.63,2.67,10654,0
AAT,60,20240710,120000,2.67,2.67,2.67,2.67,5000,0
AAT,60,20240710,130000,2.65,2.72,2.63,2.72,3071,0
AAT,60,20240710,140000,2.68,2.68,2.68,2.68,290,0
AAT,60,20240710,160000,2.68,2.71,2.68,2.71,122,0
AAT,60,20240710,170000,2.71,2.73,2.64,2.64,12096,0
AAT,60,20240711,100000,2.74,2.84,2.69,2.83,16358,0
AAT,60,20240711,110000,2.83,2.87,2.7,2.73,20474,0
AAT,60,20240711,120000,2.71,2.72,2.66,2.66,586,0
AAT,60,20240711,130000,2.69,2.78,2.66,2.69,3729,0
AAT,60,20240711,140000,2.76,2.76,2.76,2.76,8,0
AAT,60,20240711,150000,2.76,2.77,2.71,2.73,2600,0
AAT,60,20240711,160000,2.73,2.82,2.73,2.82,13270,0
AAT,60,20240711,170000,2.8,2.81,2.75,2.77,4892,0
AAT,60,20240712,100000,2.77,2.84,2.77,2.84,5908,0
AAT,60,20240712,110000,2.84,2.87,2.83,2.87,6988,0
AAT,60,20240712,120000,2.85,2.85,2.76,2.83,12333,0
AAT,60,20240712,130000,2.82,2.82,2.6,2.75,9005,0
AAT,60,20240712,140000,2.72,2.72,2.72,2.72,1,0
AAT,60,20240712,150000,2.71,2.71,2.6,2.7,6095,0
AAT,60,20240712,160000,2.7,2.71,2.65,2.71,746,0
AAT,60,20240712,170000,2.71,2.71,2.71,2.71,55,0
AAT,60,20240715,100000,2.74,2.74,2.6,2.73,2571,0
AAT,60,20240715,110000,2.68,2.7,2.64,2.7,601,0
AAT,60,20240715,120000,2.67,2.7,2.62,2.7,1009,0
AAT,60,20240715,140000,2.69,2.69,2.69,2.69,500,0
AAT,60,20240715,160000,2.67,2.7,2.6,2.64,2218,0
AAT,60,20240715,170000,2.67,2.67,2.67,2.67,338,0
AAT,60,20240716,100000,2.6,2.62,2.55,2.55,6125,0
AAT,60,20240716,110000,2.55,2.62,2.51,2.62,5324,0
AAT,60,20240716,120000,2.62,2.62,2.52,2.62,1617,0
AAT,60,20240716,130000,2.57,2.62,2.55,2.62,355,0
AAT,60,20240716,140000,2.6,2.6,2.57,2.57,509,0
AAT,60,20240716,150000,2.59,2.62,2.55,2.58,1108,0
AAT,60,20240716,160000,2.57,2.57,2.57,2.57,1,0
AAT,60,20240716,170000,2.56,2.56,2.56,2.56,37,0
AAT,60,20240717,100000,2.58,2.6,2.58,2.6,367,0
AAT,60,20240717,110000,2.55,2.6,2.54,2.6,633,0
AAT,60,20240717,120000,2.55,2.55,2.54,2.54,513,0
AAT,60,20240717,130000,2.52,2.56,2.52,2.56,1538,0
AAT,60,20240717,140000,2.55,2.6,2.5,2.59,15231,0
AAT,60,20240717,150000,2.52,2.56,2.51,2.56,1181,0
AAT,60,20240717,160000,2.55,2.59,2.5,2.58,11470,0
AAT,60,20240717,170000,2.58,2.7,2.57,2.69,30286,0
AAT,60,20240718,100000,2.69,2.82,2.64,2.82,28217,0
AAT,60,20240718,110000,2.82,2.95,2.82,2.9,109422,0
AAT,60,20240718,120000,2.94,3.13,2.9,3.12,132712,0
AAT,60,20240718,130000,3.12,3.24,3.11,3.24,130929,0
AAT,60,20240718,140000,3.25,3.25,3.22,3.22,46761,0
AAT,60,20240718,150000,3.22,3.25,3.22,3.25,17088,0
AAT,60,20240718,160000,3.27,3.27,3.24,3.27,30703,0
AAT,60,20240718,170000,3.27,3.28,3.24,3.28,51979,0
AAT,60,20240719,100000,3.28,3.59,3.12,3.16,322632,0
AAT,60,20240719,110000,3.18,3.18,3.03,3.07,102099,0
AAT,60,20240719,120000,3.08,3.13,3.01,3.06,63308,0
AAT,60,20240719,130000,3.1,3.1,2.96,3.01,29506,0
AAT,60,20240719,140000,3.02,3.08,3,3.03,30856,0
AAT,60,20240719,150000,3.04,3.07,3.03,3.03,10123,0
AAT,60,20240719,160000,3.03,3.06,3.02,3.05,4711,0
AAT,60,20240719,170000,3.02,3.02,2.94,3,21275,0
AAT,60,20240722,100000,3.02,3.02,2.81,2.81,51811,0
AAT,60,20240722,110000,2.81,2.92,2.8,2.92,7870,0
AAT,60,20240722,120000,2.85,2.85,2.84,2.84,1767,0
AAT,60,20240722,130000,2.84,2.89,2.82,2.82,3461,0
AAT,60,20240722,140000,2.82,2.86,2.82,2.86,3386,0
AAT,60,20240722,150000,2.86,2.86,2.8,2.8,19635,0
AAT,60,20240722,160000,2.8,2.84,2.8,2.84,1004,0
AAT,60,20240722,170000,2.85,2.85,2.81,2.85,2362,0
AAT,60,20240723,100000,2.85,2.85,2.76,2.82,32194,0
AAT,60,20240723,110000,2.78,2.78,2.76,2.76,2449,0
AAT,60,20240723,120000,2.8,2.83,2.76,2.76,2546,0
AAT,60,20240723,130000,2.77,2.82,2.76,2.82,3648,0
AAT,60,20240723,150000,2.8,2.8,2.8,2.8,2400,0
AAT,60,20240723,160000,2.8,2.8,2.77,2.77,4869,0
AAT,60,20240723,170000,2.78,2.81,2.77,2.81,3665,0
AAT,60,20240724,100000,2.78,2.78,2.74,2.74,3242,0
AAT,60,20240724,110000,2.78,2.8,2.76,2.8,4898,0
AAT,60,20240724,120000,2.8,2.8,2.78,2.78,2355,0
AAT,60,20240724,130000,2.78,2.81,2.78,2.81,1141,0
AAT,60,20240724,160000,2.78,2.78,2.77,2.77,353,0
AAT,60,20240724,170000,2.8,2.83,2.79,2.83,2874,0
AAT,60,20240725,100000,2.74,2.79,2.73,2.78,2038,0
AAT,60,20240725,110000,2.77,2.79,2.74,2.78,49,0
AAT,60,20240725,120000,2.78,2.79,2.75,2.79,1741,0
AAT,60,20240725,130000,2.77,2.79,2.77,2.79,16,0
AAT,60,20240725,140000,2.77,2.79,2.77,2.77,1026,0
AAT,60,20240725,150000,2.77,2.78,2.77,2.78,415,0
AAT,60,20240725,170000,2.78,2.78,2.78,2.78,1185,0
AAT,60,20240726,100000,2.76,2.78,2.76,2.78,2094,0
AAT,60,20240726,110000,2.78,2.8,2.78,2.8,456,0
AAT,60,20240726,120000,2.79,2.79,2.76,2.79,1606,0
AAT,60,20240726,130000,2.79,2.79,2.74,2.75,7513,0
AAT,60,20240726,140000,2.8,2.8,2.73,2.73,3110,0
AAT,60,20240726,150000,2.75,2.75,2.75,2.75,7,0
AAT,60,20240726,160000,2.75,2.79,2.75,2.78,2032,0
AAT,60,20240726,170000,2.77,2.8,2.75,2.8,1077,0
AAT,60,20240729,100000,2.74,2.79,2.7,2.79,6810,0
AAT,60,20240729,110000,2.79,2.79,2.72,2.79,2884,0
AAT,60,20240729,130000,2.75,2.75,2.74,2.74,1294,0
AAT,60,20240729,140000,2.78,2.78,2.78,2.78,7,0
AAT,60,20240730,100000,2.76,2.79,2.75,2.79,2107,0
AAT,60,20240730,120000,2.73,2.79,2.73,2.74,329,0
AAT,60,20240730,130000,2.79,2.79,2.74,2.74,158,0
AAT,60,20240730,140000,2.74,2.74,2.74,2.74,100,0
AAT,60,20240730,160000,2.79,2.79,2.71,2.78,3975,0
AAT,60,20240730,170000,2.72,2.79,2.68,2.73,11429,0
AAT,60,20240731,100000,2.63,2.68,2.54,2.68,6373,0
AAT,60,20240731,110000,2.65,2.66,2.6,2.6,9405,0
AAT,60,20240731,120000,2.61,2.65,2.61,2.65,4124,0
AAT,60,20240731,130000,2.63,2.66,2.6,2.65,18048,0
AAT,60,20240731,140000,2.65,2.72,2.65,2.72,30375,0
AAT,60,20240731,150000,2.73,2.75,2.68,2.68,2478,0
AAT,60,20240731,160000,2.72,2.72,2.72,2.72,1250,0
AAT,60,20240801,100000,2.74,2.74,2.74,2.74,1065,0
AAT,60,20240801,110000,2.66,2.66,2.64,2.64,1082,0
AAT,60,20240801,120000,2.68,2.69,2.68,2.69,360,0
AAT,60,20240801,150000,2.69,2.69,2.69,2.69,10,0
AAT,60,20240801,170000,2.66,2.68,2.66,2.68,989,0
AAT,60,20240802,100000,2.65,2.69,2.63,2.65,6081,0
AAT,60,20240802,120000,2.58,2.59,2.55,2.55,2370,0
AAT,60,20240802,130000,2.57,2.63,2.56,2.63,766,0
AAT,60,20240802,150000,2.64,2.64,2.63,2.64,1500,0
AAT,60,20240805,100000,2.52,2.53,2.27,2.53,48360,0
AAT,60,20240805,110000,2.44,2.47,2.37,2.42,5430,0
AAT,60,20240805,120000,2.41,2.42,2.33,2.38,2885,0
AAT,60,20240805,130000,2.33,2.36,2.33,2.33,2403,0
AAT,60,20240805,140000,2.33,2.39,2.32,2.36,4500,0
AAT,60,20240805,150000,2.36,2.39,2.36,2.39,2084,0
AAT,60,20240805,160000,2.39,2.39,2.31,2.37,4593,0
AAT,60,20240805,170000,2.38,2.38,2.35,2.38,4533,0
AAT,60,20240806,100000,2.38,2.47,2.38,2.42,3668,0
AAT,60,20240806,110000,2.42,2.43,2.39,2.43,5538,0
AAT,60,20240806,120000,2.36,2.41,2.34,2.4,2603,0
AAT,60,20240806,130000,2.35,2.35,2.34,2.34,1232,0
AAT,60,20240806,140000,2.34,2.34,2.34,2.34,67,0
AAT,60,20240806,160000,2.38,2.38,2.38,2.38,100,0
AAT,60,20240806,170000,2.37,2.38,2.32,2.38,759,0
AAT,60,20240807,100000,2.37,2.43,2.37,2.42,7414,0
AAT,60,20240807,110000,2.34,2.37,2.33,2.37,5776,0
AAT,60,20240807,120000,2.33,2.37,2.33,2.37,773,0
AAT,60,20240807,130000,2.34,2.37,2.33,2.37,1341,0
AAT,60,20240807,140000,2.36,2.37,2.34,2.37,64,0
AAT,60,20240807,150000,2.37,2.5,2.37,2.49,24154,0
AAT,60,20240807,160000,2.49,2.49,2.47,2.49,4018,0
AAT,60,20240807,170000,2.45,2.45,2.44,2.44,2134,0
AAT,60,20240808,100000,2.47,2.49,2.46,2.49,4048,0
AAT,60,20240808,120000,2.48,2.48,2.42,2.47,1076,0
AAT,60,20240808,130000,2.42,2.42,2.4,2.41,3615,0
AAT,60,20240808,150000,2.41,2.41,2.41,2.41,5,0
AAT,60,20240808,160000,2.39,2.41,2.39,2.41,312,0
AAT,60,20240808,170000,2.4,2.48,2.4,2.48,5395,0
AAT,60,20240809,100000,2.48,2.69,2.46,2.63,18701,0
AAT,60,20240809,110000,2.63,2.64,2.63,2.64,3131,0
AAT,60,20240809,120000,2.6,2.65,2.6,2.65,2269,0
AAT,60,20240809,130000,2.64,2.64,2.64,2.64,8,0
AAT,60,20240809,140000,2.64,2.64,2.64,2.64,753,0
AAT,60,20240809,150000,2.64,2.64,2.52,2.6,351,0
AAT,60,20240809,170000,2.54,2.59,2.52,2.52,3450,0
AAT,60,20240812,100000,2.57,2.65,2.51,2.51,6618,0
AAT,60,20240812,110000,2.58,2.58,2.58,2.58,15,0
AAT,60,20240812,120000,2.53,2.53,2.52,2.52,460,0
AAT,60,20240812,150000,2.52,2.52,2.52,2.52,250,0
AAT,60,20240812,170000,2.58,2.58,2.58,2.58,5,0
AAT,60,20240813,100000,2.58,2.61,2.58,2.6,3996,0
AAT,60,20240813,110000,2.61,2.7,2.61,2.7,5954,0
AAT,60,20240813,120000,2.68,2.68,2.68,2.68,1000,0
AAT,60,20240813,130000,2.68,2.68,2.68,2.68,3716,0
AAT,60,20240813,140000,2.68,2.68,2.67,2.67,4600,0
AAT,60,20240813,150000,2.67,2.7,2.62,2.62,507,0
AAT,60,20240814,100000,2.72,2.87,2.72,2.86,17076,0
AAT,60,20240814,110000,2.86,2.86,2.85,2.85,766,0
AAT,60,20240814,120000,2.85,2.87,2.85,2.87,3292,0
AAT,60,20240814,130000,2.86,2.88,2.86,2.88,3732,0
AAT,60,20240814,140000,2.87,2.87,2.78,2.86,4406,0
AAT,60,20240814,150000,2.78,2.78,2.78,2.78,300,0
AAT,60,20240814,170000,2.8,2.86,2.8,2.86,2100,0
AAT,60,20240816,100000,2.86,2.87,2.8,2.8,750,0
AAT,60,20240816,110000,2.84,2.84,2.78,2.78,8,0
AAT,60,20240816,120000,2.78,2.78,2.77,2.77,100,0
AAT,60,20240816,130000,2.83,2.83,2.83,2.83,1000,0
AAT,60,20240816,140000,2.8,2.82,2.8,2.82,1500,0
AAT,60,20240816,150000,2.78,2.78,2.78,2.78,1162,0
AAT,60,20240816,160000,2.77,2.81,2.75,2.76,3444,0
AAT,60,20240816,170000,2.74,2.74,2.74,2.74,999,0
AAT,60,20240819,100000,2.8,2.8,2.74,2.74,2008,0
AAT,60,20240819,110000,2.83,2.87,2.83,2.87,3880,0
AAT,60,20240819,130000,2.87,2.87,2.8,2.8,912,0
AAT,60,20240819,140000,2.81,2.81,2.81,2.81,58,0
AAT,60,20240819,150000,2.81,2.81,2.81,2.81,1000,0
AAT,60,20240820,100000,2.86,2.87,2.86,2.87,105,0
AAT,60,20240820,110000,2.82,2.82,2.82,2.82,435,0
AAT,60,20240820,120000,2.82,2.82,2.82,2.82,691,0
AAT,60,20240820,130000,2.87,2.87,2.87,2.87,2,0
AAT,60,20240820,140000,2.87,2.87,2.87,2.87,20,0
AAT,60,20240820,170000,2.82,2.82,2.8,2.82,2365,0
AAT,60,20240821,100000,2.88,2.88,2.76,2.77,282,0
AAT,60,20240821,110000,2.76,2.76,2.75,2.75,3086,0
AAT,60,20240821,120000,2.75,2.84,2.75,2.8,3318,0
AAT,60,20240821,130000,2.8,2.87,2.79,2.87,1066,0
AAT,60,20240821,140000,2.8,2.8,2.8,2.8,110,0
AAT,60,20240821,150000,2.84,2.84,2.8,2.84,266,0
AAT,60,20240822,100000,2.8,2.86,2.78,2.78,6159,0
AAT,60,20240822,110000,2.77,2.77,2.77,2.77,221,0
AAT,60,20240822,120000,2.84,2.84,2.77,2.77,109,0
AAT,60,20240822,160000,2.84,2.84,2.84,2.84,1100,0
AAT,60,20240823,100000,2.79,2.79,2.76,2.76,3521,0
AAT,60,20240823,110000,2.76,2.76,2.74,2.74,79,0
AAT,60,20240823,150000,2.75,2.75,2.75,2.75,180,0
AAT,60,20240823,160000,2.74,2.74,2.74,2.74,1200,0
AAT,60,20240826,100000,2.75,2.75,2.75,2.75,100,0
AAT,60,20240826,120000,2.75,2.8,2.74,2.8,1070,0
AAT,60,20240826,140000,2.8,2.8,2.8,2.8,4,0
AAT,60,20240826,160000,2.74,2.74,2.74,2.74,300,0
AAT,60,20240826,170000,2.79,2.79,2.79,2.79,2,0
AAT,60,20240827,110000,2.74,2.74,2.73,2.73,176,0
AAT,60,20240827,120000,2.8,2.8,2.8,2.8,141,0
AAT,60,20240827,130000,2.73,2.73,2.73,2.73,890,0
AAT,60,20240827,140000,2.73,2.73,2.69,2.69,6136,0
AAT,60,20240827,150000,2.69,2.7,2.69,2.7,2508,0
AAT,60,20240827,160000,2.66,2.69,2.65,2.69,4270,0
AAT,60,20240827,170000,2.66,2.66,2.66,2.66,1000,0
AAT,60,20240828,100000,2.66,2.66,2.65,2.65,1642,0
AAT,60,20240828,110000,2.69,2.78,2.69,2.78,2176,0
AAT,60,20240828,120000,2.69,2.78,2.69,2.78,89,0
AAT,60,20240828,130000,2.75,2.75,2.75,2.75,884,0
AAT,60,20240828,140000,2.77,2.78,2.77,2.78,200,0
AAT,60,20240828,170000,2.7,2.7,2.7,2.7,500,0
AAT,60,20240829,110000,2.7,2.74,2.7,2.74,1659,0
AAT,60,20240829,120000,2.7,2.78,2.7,2.78,543,0
AAT,60,20240829,130000,2.69,2.78,2.69,2.78,237,0
AAT,60,20240829,160000,2.78,2.78,2.77,2.77,857,0
AAT,60,20240829,170000,2.77,2.77,2.77,2.77,1,0
AAT,60,20240830,100000,2.72,2.79,2.72,2.79,31,0
AAT,60,20240830,110000,2.77,2.77,2.77,2.77,200,0
AAT,60,20240830,120000,2.71,2.78,2.69,2.78,5113,0
AAT,60,20240830,140000,2.71,2.71,2.71,2.71,1,0
AAT,60,20240830,170000,2.77,2.77,2.77,2.77,123,0
AAT,60,20240902,100000,2.72,2.72,2.71,2.72,4359,0
AAT,60,20240902,110000,2.72,2.89,2.72,2.83,13922,0
AAT,60,20240902,120000,2.83,2.87,2.83,2.86,5395,0
AAT,60,20240902,130000,2.86,2.86,2.8,2.85,2901,0
AAT,60,20240902,140000,2.8,2.85,2.8,2.85,585,0
AAT,60,20240902,160000,2.82,2.85,2.82,2.85,5116,0
AAT,60,20240902,170000,2.84,2.85,2.84,2.84,2446,0
AAT,60,20240903,100000,2.86,2.9,2.8,2.8,2611,0
AAT,60,20240903,110000,2.81,2.81,2.81,2.81,460,0
AAT,60,20240903,120000,2.87,2.87,2.81,2.81,1194,0
AAT,60,20240903,130000,2.88,2.88,2.88,2.88,4,0
AAT,60,20240903,150000,2.82,2.87,2.82,2.87,1874,0
AAT,60,20240904,100000,2.86,2.88,2.86,2.88,2615,0
AAT,60,20240904,110000,2.88,2.88,2.88,2.88,518,0
AAT,60,20240904,130000,2.87,2.92,2.86,2.92,9770,0
AAT,60,20240904,140000,2.93,2.93,2.93,2.93,7,0
AAT,60,20240904,150000,2.93,2.94,2.9,2.94,5720,0
AAT,60,20240904,160000,2.9,2.9,2.9,2.9,5,0
AAT,60,20240904,170000,2.94,2.94,2.94,2.94,794,0
AAT,60,20240905,100000,2.95,3.14,2.95,3.1,20892,0
AAT,60,20240905,110000,3.09,3.11,3.07,3.11,6383,0
AAT,60,20240905,120000,3.1,3.14,3.1,3.14,30122,0
AAT,60,20240905,130000,3.14,3.2,3.12,3.2,13944,0
AAT,60,20240905,140000,3.16,3.25,3.15,3.25,13852,0
AAT,60,20240905,150000,3.25,3.3,3.11,3.23,25252,0
AAT,60,20240905,160000,3.23,3.23,3.1,3.16,5488,0
AAT,60,20240905,170000,3.21,3.22,3.13,3.18,5715,0
AAT,60,20240906,100000,3.18,3.2,2.88,3.11,31539,0
AAT,60,20240906,110000,3.06,3.13,2.98,3.02,3948,0
AAT,60,20240906,120000,3.04,3.04,3.02,3.02,1409,0
AAT,60,20240906,130000,3.02,3.04,3.02,3.04,726,0
AAT,60,20240906,140000,3.01,3.03,3,3.03,13,0
AAT,60,20240906,150000,3.03,3.12,3.03,3.12,3218,0
AAT,60,20240906,160000,3.02,3.02,3,3,3320,0
AAT,60,20240906,170000,3.03,3.03,3.03,3.03,3,0
AAT,60,20240909,100000,2.93,2.99,2.82,2.96,9114,0
AAT,60,20240909,110000,2.86,2.86,2.85,2.85,1300,0
AAT,60,20240909,120000,2.87,2.87,2.85,2.85,3000,0
AAT,60,20240909,130000,2.87,2.97,2.83,2.97,6070,0
AAT,60,20240909,160000,2.96,2.97,2.96,2.97,70,0
AAT,60,20240910,100000,2.92,2.92,2.83,2.85,1347,0
AAT,60,20240910,110000,2.86,2.95,2.86,2.95,659,0
AAT,60,20240910,120000,2.96,2.97,2.96,2.97,428,0
AAT,60,20240910,150000,2.87,2.95,2.86,2.87,730,0
AAT,60,20240910,160000,2.87,2.87,2.87,2.87,830,0
AAT,60,20240910,170000,2.89,2.89,2.87,2.87,295,0
AAT,60,20240911,100000,2.87,2.89,2.87,2.89,502,0
AAT,60,20240911,110000,2.86,2.86,2.83,2.83,4444,0
AAT,60,20240911,120000,2.83,2.85,2.75,2.75,5660,0
AAT,60,20240911,130000,2.77,2.85,2.76,2.85,1593,0
AAT,60,20240911,150000,2.79,2.79,2.79,2.79,15,0
AAT,60,20240911,170000,2.79,2.8,2.79,2.8,607,0
AAT,60,20240912,110000,2.82,2.84,2.82,2.84,1064,0
AAT,60,20240912,120000,2.85,2.85,2.77,2.78,822,0
AAT,60,20240912,130000,2.83,2.84,2.78,2.84,164,0
AAT,60,20240912,140000,2.78,2.79,2.78,2.79,16,0
AAT,60,20240912,160000,2.78,2.79,2.77,2.77,1440,0
AAT,60,20240912,170000,2.77,2.77,2.77,2.77,24,0
AAT,60,20240913,110000,2.77,2.77,2.75,2.75,2000,0
AAT,60,20240913,130000,2.83,2.83,2.83,2.83,187,0
AAT,60,20240913,140000,2.83,2.83,2.83,2.83,427,0
AAT,60,20240913,170000,2.8,2.88,2.78,2.78,1523,0
AAT,60,20240916,100000,2.75,2.77,2.73,2.73,1311,0
AAT,60,20240916,110000,2.73,2.73,2.72,2.72,738,0
AAT,60,20240916,130000,2.75,2.77,2.75,2.77,1000,0
AAT,60,20240916,150000,2.77,2.88,2.77,2.88,3066,0
AAT,60,20240916,160000,2.87,2.87,2.87,2.87,8,0
AAT,60,20240916,170000,2.86,2.87,2.86,2.87,100,0
AAT,60,20240917,100000,2.87,2.87,2.85,2.85,191,0
AAT,60,20240917,150000,2.82,2.85,2.8,2.84,4329,0
AAT,60,20240917,160000,2.8,2.8,2.78,2.78,216,0
AAT,60,20240917,170000,2.8,2.84,2.8,2.84,696,0
AAT,60,20240918,100000,2.8,2.84,2.74,2.84,1231,0
AAT,60,20240918,110000,2.84,2.84,2.84,2.84,744,0
AAT,60,20240918,140000,2.84,2.84,2.84,2.84,900,0
AAT,60,20240918,150000,2.84,2.84,2.84,2.84,1691,0
AAT,60,20240918,160000,2.82,2.85,2.7,2.85,6617,0
AAT,60,20240918,170000,2.78,2.85,2.75,2.85,2763,0
AAT,60,20240919,100000,2.85,2.85,2.77,2.83,533,0
AAT,60,20240919,110000,2.8,2.83,2.78,2.83,205,0
AAT,60,20240919,150000,2.83,2.83,2.83,2.83,10,0
AAT,60,20240919,170000,2.83,2.83,2.82,2.82,178,0
AAT,60,20240920,100000,2.82,2.83,2.82,2.83,713,0
AAT,60,20240920,110000,2.82,2.82,2.82,2.82,1,0
AAT,60,20240920,120000,2.79,2.82,2.79,2.82,7,0
AAT,60,20240920,140000,2.82,2.82,2.82,2.82,140,0
AAT,60,20240920,150000,2.82,2.85,2.82,2.85,6268,0
AAT,60,20240920,160000,2.85,2.98,2.84,2.93,15506,0
AAT,60,20240920,170000,2.87,3.24,2.86,3.12,44062,0
AAT,60,20240923,100000,3.18,3.19,2.96,3.05,45181,0
AAT,60,20240923,110000,3,3.05,2.99,3,13490,0
AAT,60,20240923,120000,3.05,3.1,3.04,3.1,10480,0
AAT,60,20240923,130000,3.1,3.28,3.1,3.25,21350,0
AAT,60,20240923,140000,3.17,3.24,3.16,3.19,3398,0
AAT,60,20240923,150000,3.19,3.19,2.96,3,28195,0
AAT,60,20240923,160000,3.01,3.04,2.91,3,10313,0
AAT,60,20240923,170000,2.98,3.13,2.98,3,10777,0
AAT,60,20240924,100000,3.12,3.14,2.92,2.92,6294,0
AAT,60,20240924,110000,3.04,3.05,2.93,3,5072,0
AAT,60,20240924,120000,3,3,2.95,3,1167,0
AAT,60,20240924,130000,2.99,3,2.99,3,456,0
AAT,60,20240924,140000,2.99,2.99,2.96,2.96,852,0
AAT,60,20240924,150000,3,3,2.98,2.98,3658,0
AAT,60,20240924,160000,2.98,2.98,2.95,2.98,2926,0
AAT,60,20240924,170000,2.94,2.98,2.93,2.98,665,0
AAT,60,20240925,100000,3,3,2.84,2.9,13848,0
AAT,60,20240925,120000,2.9,2.91,2.86,2.91,2320,0
AAT,60,20240925,130000,2.91,3,2.91,3,2889,0
AAT,60,20240925,140000,2.99,2.99,2.91,2.91,2944,0
AAT,60,20240925,150000,2.91,2.91,2.86,2.86,1300,0
AAT,60,20240925,160000,2.94,2.94,2.94,2.94,1468,0
AAT,60,20240925,170000,2.94,2.95,2.91,2.95,1927,0
AAT,60,20240926,100000,2.9,2.9,2.8,2.85,39331,0
AAT,60,20240926,110000,2.82,2.85,2.79,2.8,13116,0
AAT,60,20240926,120000,2.82,2.84,2.77,2.82,2799,0
AAT,60,20240926,130000,2.82,2.82,2.78,2.82,1066,0
AAT,60,20240926,140000,2.78,2.8,2.78,2.8,1011,0
AAT,60,20240926,150000,2.8,2.8,2.79,2.8,3788,0
AAT,60,20240926,160000,2.8,2.84,2.8,2.84,901,0
AAT,60,20240926,170000,2.83,2.84,2.83,2.84,1504,0
AAT,60,20240927,100000,2.78,2.78,2.76,2.76,396,0
AAT,60,20240927,110000,2.76,2.84,2.75,2.84,2223,0
AAT,60,20240927,120000,2.79,2.84,2.75,2.78,1138,0
AAT,60,20240927,130000,2.8,2.81,2.79,2.81,215,0
AAT,60,20240927,140000,2.81,2.81,2.79,2.81,59,0
AAT,60,20240927,150000,2.79,2.79,2.6,2.66,60633,0
AAT,60,20240927,160000,2.66,2.67,2.6,2.67,15493,0
AAT,60,20240927,170000,2.67,2.72,2.62,2.65,9968,0
AAT,60,20240930,100000,2.68,2.68,2.58,2.68,8531,0
AAT,60,20240930,110000,2.62,2.67,2.53,2.57,7997,0
AAT,60,20240930,120000,2.56,2.57,2.53,2.57,869,0
AAT,60,20240930,130000,2.57,2.6,2.51,2.59,5080,0
AAT,60,20240930,140000,2.57,2.59,2.55,2.57,6966,0
AAT,60,20240930,150000,2.55,2.56,2.55,2.56,1236,0
AAT,60,20240930,160000,2.56,2.57,2.56,2.57,4234,0
AAT,60,20240930,170000,2.58,2.58,2.55,2.55,1511,0
AAT,60,20241001,100000,2.59,2.59,2.56,2.56,3122,0
AAT,60,20241001,110000,2.52,2.56,2.51,2.56,1386,0
AAT,60,20241001,120000,2.54,2.56,2.51,2.56,231,0
AAT,60,20241001,140000,2.56,2.56,2.56,2.56,5725,0
AAT,60,20241001,150000,2.59,2.59,2.59,2.59,791,0
AAT,60,20241001,160000,2.6,2.6,2.6,2.6,33,0
AAT,60,20241002,100000,2.59,2.6,2.59,2.6,3728,0
AAT,60,20241002,110000,2.7,2.7,2.7,2.7,22,0
AAT,60,20241002,120000,2.61,2.62,2.6,2.62,568,0
AAT,60,20241002,140000,2.6,2.62,2.56,2.62,209,0
AAT,60,20241002,160000,2.57,2.57,2.52,2.52,3900,0
AAT,60,20241002,170000,2.6,2.6,2.6,2.6,9,0
AAT,60,20241003,100000,2.5,2.6,2.31,2.45,32438,0
AAT,60,20241003,110000,2.43,2.45,2.4,2.44,2702,0
AAT,60,20241003,120000,2.44,2.45,2.38,2.43,4358,0
AAT,60,20241003,130000,2.42,2.43,2.38,2.42,1181,0
AAT,60,20241003,140000,2.43,2.43,2.43,2.43,1000,0
AAT,60,20241003,150000,2.43,2.43,2.43,2.43,64,0
AAT,60,20241003,170000,2.42,2.42,2.32,2.38,7846,0
AAT,60,20241004,100000,2.38,2.38,2.38,2.38,2650,0
AAT,60,20241004,120000,2.38,2.38,2.38,2.38,899,0
AAT,60,20241004,130000,2.38,2.38,2.28,2.28,5305,0
AAT,60,20241004,140000,2.28,2.32,2.27,2.31,2599,0
AAT,60,20241004,150000,2.3,2.3,2.27,2.27,2366,0
AAT,60,20241004,160000,2.28,2.29,2.28,2.29,300,0
AAT,60,20241004,170000,2.29,2.3,2.29,2.3,2813,0
AAT,60,20241007,100000,2.3,2.31,2.2,2.28,11229,0
AAT,60,20241007,110000,2.28,2.38,2.26,2.33,2701,0
AAT,60,20241007,120000,2.33,2.38,2.33,2.37,3657,0
AAT,60,20241007,130000,2.36,2.36,2.36,2.36,35,0
AAT,60,20241007,140000,2.35,2.37,2.35,2.37,33,0
AAT,60,20241007,150000,2.36,2.37,2.34,2.34,1888,0
AAT,60,20241007,160000,2.36,2.37,2.36,2.37,574,0
AAT,60,20241007,170000,2.37,2.38,2.32,2.38,838,0
AAT,60,20241008,100000,2.37,2.39,2.31,2.37,2153,0
AAT,60,20241008,120000,2.34,2.34,2.31,2.31,3241,0
AAT,60,20241008,130000,2.3,2.3,2.3,2.3,3166,0
AAT,60,20241008,170000,2.33,2.4,2.33,2.4,17367,0
AAT,60,20241009,100000,2.4,2.55,2.36,2.55,14238,0
AAT,60,20241009,110000,2.5,2.55,2.44,2.45,5802,0
AAT,60,20241009,120000,2.46,2.59,2.39,2.56,10371,0
AAT,60,20241009,130000,2.53,2.58,2.53,2.58,1185,0
AAT,60,20241009,140000,2.55,2.58,2.53,2.58,1131,0
AAT,60,20241009,150000,2.54,2.61,2.53,2.61,2163,0
AAT,60,20241009,170000,2.55,2.62,2.55,2.62,4524,0
AAT,60,20241010,100000,2.61,2.62,2.6,2.62,6091,0
AAT,60,20241010,110000,2.6,2.6,2.55,2.57,3878,0
AAT,60,20241010,120000,2.62,2.62,2.62,2.62,197,0
AAT,60,20241010,130000,2.57,2.57,2.55,2.55,985,0
AAT,60,20241010,140000,2.6,2.6,2.55,2.55,280,0
AAT,60,20241010,150000,2.6,2.6,2.54,2.59,612,0
AAT,60,20241010,170000,2.58,2.59,2.56,2.58,2148,0
AAT,60,20241011,100000,2.63,2.75,2.63,2.72,13185,0
AAT,60,20241011,110000,2.62,2.72,2.6,2.72,5048,0
AAT,60,20241011,120000,2.72,2.74,2.65,2.65,1354,0
AAT,60,20241011,130000,2.72,2.72,2.65,2.72,114,0
AAT,60,20241011,140000,2.67,2.67,2.67,2.67,20,0
AAT,60,20241011,160000,2.67,2.67,2.67,2.67,1010,0
AAT,60,20241011,170000,2.67,2.7,2.67,2.7,865,0
AAT,60,20241014,100000,2.7,2.7,2.68,2.68,11019,0
AAT,60,20241014,110000,2.68,2.68,2.68,2.68,4,0
AAT,60,20241014,120000,2.68,2.68,2.63,2.63,240,0
AAT,60,20241014,130000,2.68,2.68,2.68,2.68,747,0
AAT,60,20241014,140000,2.68,2.68,2.62,2.62,3603,0
AAT,60,20241014,150000,2.68,2.68,2.68,2.68,10,0
AAT,60,20241014,170000,2.62,2.68,2.62,2.68,890,0
AAT,60,20241015,100000,2.63,2.63,2.62,2.63,1904,0
AAT,60,20241015,120000,2.63,2.63,2.63,2.63,2000,0
AAT,60,20241015,130000,2.63,2.63,2.63,2.63,10,0
AAT,60,20241015,140000,2.69,2.69,2.69,2.69,20,0
AAT,60,20241015,160000,2.65,2.65,2.65,2.65,690,0
AAT,60,20241015,170000,2.65,2.65,2.62,2.62,1037,0
AAT,60,20241016,100000,2.62,2.62,2.61,2.61,400,0
AAT,60,20241016,110000,2.61,2.61,2.54,2.55,3157,0
AAT,60,20241016,120000,2.55,2.55,2.55,2.55,518,0
AAT,60,20241016,130000,2.55,2.55,2.55,2.55,489,0
AAT,60,20241016,140000,2.55,2.59,2.55,2.59,725,0
AAT,60,20241016,160000,2.55,2.58,2.55,2.55,500,0
AAT,60,20241016,170000,2.55,2.58,2.54,2.58,2005,0
AAT,60,20241017,100000,2.54,2.54,2.49,2.49,5237,0
AAT,60,20241017,110000,2.46,2.54,2.42,2.5,9397,0
AAT,60,20241017,120000,2.5,2.5,2.5,2.5,9,0
AAT,60,20241017,130000,2.45,2.45,2.4,2.45,3505,0
AAT,60,20241017,140000,2.45,2.45,2.45,2.45,6,0
AAT,60,20241017,160000,2.41,2.45,2.4,2.45,2200,0
AAT,60,20241017,170000,2.42,2.42,2.42,2.42,4,0
AAT,60,20241018,100000,2.41,2.45,2.4,2.45,2021,0
AAT,60,20241018,110000,2.45,2.5,2.44,2.5,3397,0
AAT,60,20241018,130000,2.46,2.46,2.44,2.46,4971,0
AAT,60,20241018,150000,2.46,2.46,2.46,2.46,1000,0
AAT,60,20241018,160000,2.45,2.45,2.37,2.37,4886,0
AAT,60,20241018,170000,2.4,2.43,2.4,2.43,3756,0
AAT,60,20241021,100000,2.43,2.43,2.41,2.41,2677,0
AAT,60,20241021,110000,2.42,2.42,2.41,2.41,1200,0
AAT,60,20241021,120000,2.43,2.43,2.43,2.43,9,0
AAT,60,20241021,140000,2.41,2.41,2.4,2.4,806,0
AAT,60,20241021,170000,2.37,2.4,2.34,2.4,690,0
AAT,60,20241022,100000,2.4,2.4,2.36,2.36,129,0
AAT,60,20241022,110000,2.39,2.39,2.39,2.39,2000,0
AAT,60,20241022,120000,2.39,2.39,2.36,2.36,1632,0
AAT,60,20241022,130000,2.36,2.39,2.36,2.39,2644,0
AAT,60,20241022,140000,2.39,2.39,2.39,2.39,1000,0
AAT,60,20241022,160000,2.36,2.36,2.36,2.36,700,0
AAT,60,20241022,170000,2.36,2.39,2.34,2.39,2022,0
AAT,60,20241023,100000,2.35,2.39,2.34,2.34,1277,0
AAT,60,20241023,120000,2.38,2.4,2.38,2.4,621,0
AAT,60,20241023,130000,2.39,2.39,2.35,2.35,2807,0
AAT,60,20241023,150000,2.37,2.37,2.35,2.35,2770,0
AAT,60,20241023,170000,2.39,2.4,2.39,2.4,277,0
AAT,60,20241024,100000,2.4,2.4,2.37,2.37,878,0
AAT,60,20241024,120000,2.39,2.45,2.39,2.45,3587,0
AAT,60,20241024,130000,2.39,2.39,2.39,2.39,110,0
AAT,60,20241024,140000,2.44,2.45,2.44,2.45,66,0
AAT,60,20241024,150000,2.42,2.42,2.42,2.42,1284,0
AAT,60,20241024,160000,2.45,2.45,2.45,2.45,510,0
AAT,60,20241025,100000,2.45,2.45,2.4,2.45,501,0
AAT,60,20241025,110000,2.41,2.44,2.41,2.44,722,0
AAT,60,20241025,160000,2.4,2.44,2.38,2.44,2707,0
AAT,60,20241025,170000,2.39,2.44,2.38,2.43,1292,0
AAT,60,20241028,120000,2.39,2.39,2.38,2.38,1000,0
AAT,60,20241028,130000,2.38,2.43,2.38,2.43,18,0
AAT,60,20241029,100000,2.43,2.5,2.39,2.5,9617,0
AAT,60,20241029,120000,2.46,2.49,2.42,2.48,4085,0
AAT,60,20241029,130000,2.48,2.49,2.43,2.49,4237,0
AAT,60,20241029,140000,2.49,2.49,2.49,2.49,5,0
AAT,60,20241029,170000,2.42,2.48,2.42,2.48,5534,0
AAT,60,20241030,100000,2.43,2.46,2.43,2.46,2091,0
AAT,60,20241030,130000,2.46,2.5,2.46,2.5,3133,0
AAT,60,20241030,160000,2.48,2.48,2.48,2.48,262,0
AAT,60,20241030,170000,2.46,2.5,2.46,2.5,1429,0
AAT,60,20241031,100000,2.5,2.5,2.5,2.5,140,0
AAT,60,20241031,110000,2.45,2.5,2.37,2.42,18037,0
AAT,60,20241031,120000,2.44,2.46,2.35,2.38,10807,0
AAT,60,20241031,130000,2.38,2.42,2.37,2.42,2178,0
AAT,60,20241031,140000,2.38,2.38,2.38,2.38,240,0
AAT,60,20241031,170000,2.43,2.43,2.38,2.42,101,0
AAT,60,20241104,100000,2.39,2.42,2.31,2.4,6802,0
AAT,60,20241104,110000,2.36,2.4,2.36,2.4,218,0
AAT,60,20241104,120000,2.39,2.4,2.3,2.38,4659,0
AAT,60,20241104,130000,2.35,2.35,2.31,2.31,4386,0
AAT,60,20241104,150000,2.32,2.32,2.31,2.31,1427,0
AAT,60,20241104,160000,2.33,2.36,2.33,2.36,35,0
AAT,60,20241104,170000,2.35,2.36,2.35,2.36,160,0
AAT,60,20241105,100000,2.3,2.37,2.21,2.37,2729,0
AAT,60,20241105,120000,2.33,2.33,2.33,2.33,5,0
AAT,60,20241105,130000,2.28,2.28,2.28,2.28,500,0
AAT,60,20241105,160000,2.28,2.28,2.28,2.28,1100,0
AAT,60,20241105,170000,2.33,2.33,2.33,2.33,7,0
AAT,60,20241106,100000,2.33,2.33,2.33,2.33,1,0
AAT,60,20241106,110000,2.3,2.3,2.26,2.26,1989,0
AAT,60,20241106,120000,2.26,2.26,2.26,2.26,1699,0
AAT,60,20241106,130000,2.26,2.26,2.22,2.24,1125,0
AAT,60,20241106,140000,2.25,2.3,2.25,2.3,2888,0
AAT,60,20241106,160000,2.29,2.29,2.26,2.29,495,0
AAT,60,20241107,100000,2.26,2.29,2.24,2.29,2352,0
AAT,60,20241107,110000,2.27,2.27,2.27,2.27,1,0
AAT,60,20241107,140000,2.27,2.32,2.24,2.32,4242,0
AAT,60,20241107,170000,2.26,2.32,2.26,2.32,935,0
AAT,60,20241108,100000,2.33,2.33,2.27,2.29,1996,0
AAT,60,20241108,110000,2.29,2.33,2.29,2.33,359,0
AAT,60,20241108,120000,2.33,2.35,2.33,2.35,2275,0
AAT,60,20241108,130000,2.35,2.36,2.32,2.36,2531,0
AAT,60,20241108,140000,2.36,2.36,2.3,2.3,3135,0
AAT,60,20241108,150000,2.3,2.3,2.3,2.3,509,0
AAT,60,20241108,160000,2.28,2.28,2.27,2.27,11,0
AAT,60,20241108,170000,2.3,2.32,2.3,2.32,100,0
AAT,60,20241112,110000,2.28,2.28,2.28,2.28,5,0
AAT,60,20241112,120000,2.27,2.33,2.27,2.33,1119,0
AAT,60,20241112,140000,2.27,2.32,2.26,2.3,20,0
AAT,60,20241112,160000,2.27,2.27,2.26,2.27,1450,0
AAT,60,20241112,170000,2.29,2.33,2.29,2.33,11,0
AAT,60,20241113,100000,2.25,2.32,2.14,2.24,17086,0
AAT,60,20241113,110000,2.24,2.24,2.23,2.23,661,0
AAT,60,20241113,140000,2.23,2.24,2.23,2.24,4800,0
AAT,60,20241113,160000,2.23,2.23,2.22,2.23,1248,0
AAT,60,20241113,170000,2.22,2.23,2.14,2.23,16058,0
AAT,60,20241114,100000,2.17,2.29,2.17,2.26,1517,0
AAT,60,20241114,110000,2.21,2.26,2.18,2.26,1041,0
AAT,60,20241114,130000,2.21,2.24,2.16,2.22,3868,0
AAT,60,20241114,140000,2.19,2.2,2.19,2.2,35,0
AAT,60,20241114,150000,2.19,2.19,2.19,2.19,3296,0
AAT,60,20241114,160000,2.18,2.18,2.16,2.17,290,0
AAT,60,20241115,100000,2.16,2.16,2.15,2.15,331,0
AAT,60,20241115,110000,2.13,2.14,2.1,2.14,5070,0
AAT,60,20241115,120000,2.14,2.14,2.14,2.14,6525,0
AAT,60,20241115,130000,2.12,2.12,2.12,2.12,1569,0
AAT,60,20241115,140000,2.12,2.14,2.12,2.12,805,0
AAT,60,20241115,150000,2.14,2.23,2.14,2.23,7076,0
AAT,60,20241115,170000,2.15,2.2,2.14,2.2,2140,0
AAT,60,20241118,100000,2.14,2.21,2.14,2.21,1022,0
AAT,60,20241118,110000,2.18,2.21,2.16,2.21,3102,0
AAT,60,20241118,120000,2.21,2.21,2.21,2.21,12,0
AAT,60,20241118,130000,2.18,2.21,2.1,2.21,1397,0
AAT,60,20241118,170000,2.19,2.19,2.14,2.14,701,0
AAT,60,20241119,100000,2.18,2.19,2.16,2.19,1467,0
AAT,60,20241119,110000,2.16,2.16,2.16,2.16,1,0
AAT,60,20241119,120000,2.14,2.16,2.1,2.15,3012,0
AAT,60,20241119,140000,2.12,2.12,2.12,2.12,190,0
AAT,60,20241119,150000,2.11,2.12,2.1,2.11,3895,0
AAT,60,20241119,160000,2.13,2.15,2.13,2.15,11,0
AAT,60,20241119,170000,2.12,2.16,2.11,2.15,6539,0
AAT,60,20241120,100000,2.17,2.17,2.11,2.17,2486,0
AAT,60,20241120,110000,2.12,2.16,2.11,2.16,346,0
AAT,60,20241120,140000,2.16,2.16,2.16,2.16,50,0
AAT,60,20241120,150000,2.14,2.18,2.14,2.18,2141,0
AAT,60,20241120,160000,2.18,2.18,2.18,2.18,875,0
AAT,60,20241120,170000,2.18,2.19,2.17,2.19,1839,0
AAT,60,20241121,100000,2.19,2.19,2.19,2.19,1390,0
AAT,60,20241121,120000,2.18,2.19,2.18,2.19,1508,0
AAT,60,20241121,130000,2.19,2.2,2.16,2.2,14969,0
AAT,60,20241121,140000,2.22,2.22,2.22,2.22,313,0
AAT,60,20241121,150000,2.19,2.28,2.17,2.28,6862,0
AAT,60,20241121,160000,2.22,2.22,2.22,2.22,5800,0
AAT,60,20241121,170000,2.24,2.4,2.24,2.39,48740,0
AAT,60,20241122,100000,2.39,2.47,2.39,2.47,1808,0
AAT,60,20241122,110000,2.47,2.48,2.47,2.48,583,0
AAT,60,20241122,120000,2.4,2.46,2.4,2.46,1382,0
AAT,60,20241122,140000,2.4,2.46,2.4,2.46,3245,0
AAT,60,20241122,160000,2.45,2.48,2.43,2.46,5375,0
AAT,60,20241122,170000,2.41,2.46,2.41,2.46,274,0
AAT,60,20241125,100000,2.4,2.47,2.4,2.47,3070,0
AAT,60,20241125,110000,2.45,2.48,2.45,2.48,8674,0
AAT,60,20241125,120000,2.49,2.52,2.49,2.52,7225,0
AAT,60,20241125,140000,2.5,2.56,2.48,2.48,13527,0
AAT,60,20241125,150000,2.47,2.54,2.44,2.54,1527,0
AAT,60,20241125,160000,2.48,2.56,2.48,2.49,2438,0
AAT,60,20241125,170000,2.51,2.56,2.48,2.56,3410,0
AAT,60,20241126,100000,2.47,2.47,2.46,2.46,400,0
AAT,60,20241126,110000,2.48,2.54,2.46,2.54,999,0
AAT,60,20241126,120000,2.54,2.54,2.47,2.47,1019,0
AAT,60,20241126,130000,2.46,2.46,2.45,2.46,2793,0
AAT,60,20241126,160000,2.46,2.53,2.46,2.53,41,0
AAT,60,20241126,170000,2.53,2.53,2.53,2.53,380,0
AAT,60,20241127,100000,2.46,2.46,2.43,2.44,939,0
AAT,60,20241127,110000,2.53,2.53,2.53,2.53,100,0
AAT,60,20241127,130000,2.49,2.53,2.49,2.53,2095,0
AAT,60,20241127,160000,2.44,2.5,2.44,2.5,105,0
AAT,60,20241128,100000,2.48,2.5,2.48,2.5,1840,0
AAT,60,20241128,120000,2.43,2.43,2.43,2.43,350,0
AAT,60,20241128,130000,2.43,2.43,2.43,2.43,100,0
AAT,60,20241128,150000,2.43,2.43,2.42,2.42,5150,0
AAT,60,20241128,170000,2.38,2.38,2.32,2.35,3915,0
AAT,60,20241129,100000,2.4,2.4,2.39,2.4,505,0
AAT,60,20241129,110000,2.4,2.42,2.4,2.42,558,0
AAT,60,20241129,170000,2.39,2.39,2.35,2.35,701,0
AAT,60,20241202,110000,2.35,2.35,2.34,2.34,319,0
AAT,60,20241202,120000,2.34,2.35,2.34,2.35,2014,0
AAT,60,20241202,150000,2.34,2.34,2.33,2.33,4475,0
AAT,60,20241202,160000,2.33,2.33,2.33,2.33,1262,0
AAT,60,20241202,170000,2.31,2.31,2.31,2.31,555,0
AAT,60,20241203,100000,2.3,2.3,2.3,2.3,2141,0
AAT,60,20241203,110000,2.3,2.3,2.3,2.3,459,0
AAT,60,20241203,130000,2.25,2.25,2.23,2.23,574,0
AAT,60,20241203,150000,2.23,2.23,2.22,2.22,3000,0
AAT,60,20241203,160000,2.23,2.23,2.22,2.22,69,0
AAT,60,20241203,170000,2.26,2.29,2.26,2.29,2100,0
AAT,60,20241204,110000,2.28,2.28,2.28,2.28,1000,0
AAT,60,20241204,120000,2.28,2.29,2.28,2.29,4043,0
AAT,60,20241204,130000,2.28,2.28,2.27,2.27,424,0
AAT,60,20241204,140000,2.26,2.27,2.25,2.27,3006,0
AAT,60,20241204,160000,2.24,2.27,2.24,2.27,1902,0
AAT,60,20241204,170000,2.23,2.27,2.23,2.27,2167,0
AAT,60,20241205,110000,2.23,2.23,2.23,2.23,885,0
AAT,60,20241205,120000,2.23,2.31,2.23,2.3,2290,0
AAT,60,20241205,130000,2.3,2.3,2.3,2.3,435,0
AAT,60,20241205,140000,2.3,2.31,2.3,2.31,161,0
AAT,60,20241205,160000,2.28,2.3,2.28,2.3,2033,0
AAT,60,20241206,100000,2.29,2.3,2.29,2.3,1870,0
AAT,60,20241206,140000,2.3,2.3,2.3,2.3,5,0
AAT,60,20241206,170000,2.3,2.31,2.3,2.31,333,0
AAT,60,20241209,100000,2.31,2.31,2.31,2.31,6,0
AAT,60,20241209,110000,2.27,2.31,2.26,2.31,3193,0
AAT,60,20241209,150000,2.26,2.3,2.26,2.3,2877,0
AAT,60,20241209,160000,2.29,2.29,2.24,2.24,1470,0
AAT,60,20241209,170000,2.26,2.3,2.26,2.3,2170,0
AAT,60,20241210,100000,2.31,2.31,2.31,2.31,5,0
AAT,60,20241210,110000,2.25,2.3,2.21,2.3,2414,0
AAT,60,20241210,150000,2.26,2.26,2.21,2.21,4180,0
AAT,60,20241210,170000,2.26,2.26,2.26,2.26,6,0
AAT,60,20241211,100000,2.22,2.26,2.15,2.17,8035,0
AAT,60,20241211,120000,2.17,2.18,2.17,2.18,3000,0
AAT,60,20241211,130000,2.19,2.19,2.18,2.18,1000,0
AAT,60,20241211,140000,2.19,2.2,2.19,2.2,4983,0
AAT,60,20241211,150000,2.19,2.19,2.19,2.19,2075,0
AAT,60,20241211,160000,2.19,2.19,2.19,2.19,2,0
AAT,60,20241211,170000,2.19,2.2,2.17,2.17,3069,0
AAT,60,20241212,100000,2.17,2.18,2.17,2.18,1481,0
AAT,60,20241212,110000,2.17,2.17,2.17,2.17,1000,0
AAT,60,20241212,120000,2.18,2.22,2.15,2.17,6047,0
AAT,60,20241212,130000,2.16,2.21,2.16,2.21,14156,0
AAT,60,20241212,150000,2.19,2.2,2.17,2.17,2005,0
AAT,60,20241212,160000,2.16,2.18,2.16,2.18,1910,0
AAT,60,20241212,170000,2.18,2.19,2.14,2.19,2504,0
AAT,60,20241213,100000,2.14,2.14,2.14,2.14,175,0
AAT,60,20241213,110000,2.14,2.21,2.14,2.21,4015,0
AAT,60,20241213,120000,2.2,2.21,2.2,2.21,2000,0
AAT,60,20241213,140000,2.2,2.21,2.13,2.15,12418,0
AAT,60,20241213,150000,2.15,2.18,2.15,2.18,1233,0
AAT,60,20241213,160000,2.18,2.18,2.18,2.18,60,0
AAT,60,20241213,170000,2.18,2.21,2.15,2.15,5001,0
AAT,60,20241216,100000,2.15,2.15,2.15,2.15,200,0
AAT,60,20241216,110000,2.16,2.19,2.16,2.16,4045,0
AAT,60,20241216,140000,2.18,2.18,2.13,2.13,1006,0
AAT,60,20241216,150000,2.18,2.18,2.17,2.17,40,0
AAT,60,20241216,170000,2.14,2.17,2.14,2.17,1047,0
AAT,60,20241217,100000,2.14,2.17,2.14,2.17,511,0
AAT,60,20241217,110000,2.14,2.17,2.13,2.17,1002,0
AAT,60,20241217,140000,2.14,2.17,2.14,2.17,4168,0
AAT,60,20241217,150000,2.18,2.18,2.18,2.18,4,0
AAT,60,20241218,120000,2.13,2.16,2.13,2.16,5633,0
AAT,60,20241218,150000,2.13,2.13,2.13,2.13,500,0
AAT,60,20241218,160000,2.15,2.15,2.15,2.15,32,0
AAT,60,20241219,100000,2.13,2.13,2.08,2.08,4918,0
AAT,60,20241219,110000,2.1,2.11,2.09,2.09,748,0
AAT,60,20241219,120000,2.1,2.11,2.08,2.09,9367,0
AAT,60,20241219,130000,2.09,2.09,2.09,2.09,171,0
AAT,60,20241219,150000,2.09,2.09,2.08,2.08,2200,0
AAT,60,20241219,170000,2.09,2.11,2.07,2.07,2955,0
AAT,60,20241220,100000,2.07,2.07,2.05,2.07,210,0
AAT,60,20241220,120000,2.05,2.07,2.05,2.07,2115,0
AAT,60,20241220,130000,2.05,2.07,2.05,2.07,2680,0
AAT,60,20241220,140000,2.05,2.05,2.04,2.04,646,0
AAT,60,20241220,150000,2.06,2.06,2.06,2.06,300,0
AAT,60,20241220,160000,2.04,2.05,2.04,2.04,840,0
AAT,60,20241220,170000,2.05,2.05,2.05,2.05,50,0
AAT,60,20241223,100000,2.04,2.04,2.02,2.02,2520,0
AAT,60,20241223,110000,2.05,2.06,2.02,2.06,8483,0
AAT,60,20241223,130000,2.03,2.03,2.03,2.03,148,0
AAT,60,20241223,150000,2.03,2.03,2,2,6138,0
AAT,60,20241223,160000,2.04,2.06,2.04,2.06,61602,0
AAT,60,20241223,170000,2.06,2.13,2.05,2.13,3710,0
AAT,60,20241227,100000,2.13,2.13,2.13,2.13,146,0
AAT,60,20241227,120000,2.08,2.08,2.08,2.08,983,0
AAT,60,20241227,130000,2.08,2.08,2.05,2.05,1417,0
AAT,60,20241227,160000,2.1,2.12,2.1,2.12,4082,0
AAT,60,20241227,170000,2.17,2.17,2.17,2.17,1600,0
AAT,60,20241230,100000,2.17,2.18,2.17,2.18,1325,0
AAT,60,20241230,120000,2.17,2.17,2.1,2.1,1155,0
AAT,60,20241230,130000,2.18,2.18,2.17,2.17,11005,0
AAT,60,20241230,140000,2.17,2.17,2.17,2.17,65,0
AAT,60,20241230,150000,2.17,2.17,2.17,2.17,5,0
AAT,60,20241230,160000,2.17,2.17,2.17,2.17,25,0
AAT,60,20241230,170000,2.14,2.17,2.13,2.17,560,0
AAT,60,20250102,100000,2.17,2.23,2.17,2.23,3691,0
AAT,60,20250102,110000,2.23,2.23,2.23,2.23,2438,0
AAT,60,20250102,120000,2.3,2.33,2.22,2.33,4115,0
AAT,60,20250102,130000,2.24,2.37,2.24,2.24,7048,0
AAT,60,20250102,140000,2.25,2.25,2.22,2.23,3004,0
AAT,60,20250102,150000,2.22,2.23,2.21,2.21,649,0
AAT,60,20250102,160000,2.22,2.3,2.22,2.23,1222,0
AAT,60,20250102,170000,2.26,2.26,2.26,2.26,622,0
AAT,60,20250103,100000,2.27,2.3,2.27,2.3,900,0
AAT,60,20250103,110000,2.3,2.3,2.26,2.26,4715,0
AAT,60,20250103,130000,2.29,2.29,2.29,2.29,5,0
AAT,60,20250103,150000,2.26,2.3,2.23,2.23,1096,0
AAT,60,20250103,160000,2.28,2.29,2.28,2.29,50,0
AAT,60,20250103,170000,2.28,2.3,2.24,2.3,3024,0
AAT,60,20250107,100000,2.3,2.3,2.3,2.3,2700,0
AAT,60,20250107,110000,2.27,2.27,2.27,2.27,20,0
AAT,60,20250107,130000,2.3,2.3,2.3,2.3,2000,0
AAT,60,20250107,140000,2.3,2.3,2.3,2.3,4879,0
AAT,60,20250107,150000,2.27,2.3,2.27,2.3,1994,0
AAT,60,20250107,160000,2.3,2.3,2.28,2.28,1505,0
AAT,60,20250107,170000,2.28,2.3,2.27,2.3,2301,0
AAT,60,20250108,110000,2.27,2.27,2.27,2.27,1400,0
AAT,60,20250108,150000,2.26,2.26,2.26,2.26,1000,0
AAT,60,20250108,170000,2.3,2.3,2.25,2.25,1301,0
AAT,60,20250109,100000,2.3,2.3,2.29,2.3,7162,0
AAT,60,20250109,110000,2.33,2.34,2.3,2.3,5005,0
AAT,60,20250109,150000,2.33,2.33,2.33,2.33,1500,0
AAT,60,20250109,160000,2.33,2.33,2.33,2.33,22,0
AAT,60,20250109,170000,2.33,2.34,2.33,2.34,1382,0
AAT,60,20250110,100000,2.36,2.37,2.36,2.37,10,0
AAT,60,20250110,110000,2.33,2.41,2.33,2.36,3545,0
AAT,60,20250110,120000,2.41,2.43,2.4,2.4,1188,0
AAT,60,20250110,130000,2.36,2.36,2.36,2.36,3240,0
AAT,60,20250110,150000,2.36,2.36,2.35,2.35,2260,0
AAT,60,20250110,160000,2.35,2.35,2.35,2.35,1500,0
AAT,60,20250110,170000,2.35,2.35,2.32,2.32,9982,0
AAT,60,20250113,100000,2.37,2.37,2.32,2.36,34,0
AAT,60,20250113,110000,2.36,2.41,2.33,2.41,2414,0
AAT,60,20250113,120000,2.43,2.44,2.41,2.44,6847,0
AAT,60,20250113,130000,2.48,2.54,2.48,2.53,3006,0
AAT,60,20250113,140000,2.5,2.5,2.5,2.5,6,0
AAT,60,20250113,160000,2.44,2.44,2.44,2.44,658,0
AAT,60,20250113,170000,2.44,2.49,2.44,2.49,911,0
AAT,60,20250114,100000,2.47,2.47,2.47,2.47,400,0
AAT,60,20250114,110000,2.49,2.5,2.41,2.41,1360,0
AAT,60,20250114,120000,2.49,2.49,2.41,2.48,425,0
AAT,60,20250114,130000,2.48,2.48,2.39,2.39,1200,0
AAT,60,20250114,140000,2.4,2.4,2.39,2.39,1800,0
AAT,60,20250114,150000,2.39,2.39,2.39,2.39,15,0
AAT,60,20250114,160000,2.39,2.39,2.39,2.39,2000,0
AAT,60,20250114,170000,2.4,2.48,2.4,2.48,2000,0
AAT,60,20250115,120000,2.49,2.49,2.49,2.49,15,0
AAT,60,20250115,130000,2.41,2.41,2.41,2.41,508,0
AAT,60,20250115,170000,2.48,2.5,2.43,2.43,1824,0
AAT,60,20250116,100000,2.49,2.49,2.49,2.49,100,0
AAT,60,20250116,110000,2.43,2.43,2.41,2.41,600,0
AAT,60,20250116,120000,2.41,2.41,2.41,2.41,15,0
AAT,60,20250116,150000,2.42,2.42,2.42,2.42,190,0
AAT,60,20250116,160000,2.44,2.44,2.44,2.44,30,0
AAT,60,20250116,170000,2.42,2.45,2.41,2.45,2567,0
AAT,60,20250117,110000,2.43,2.43,2.43,2.43,1361,0
AAT,60,20250117,120000,2.43,2.49,2.43,2.49,140,0
AAT,60,20250117,130000,2.43,2.46,2.43,2.46,2031,0
AAT,60,20250117,170000,2.46,2.49,2.46,2.49,433,0
AAT,60,20250120,100000,2.47,2.48,2.47,2.48,1000,0
AAT,60,20250120,110000,2.5,2.5,2.47,2.47,4091,0
AAT,60,20250120,120000,2.47,2.53,2.47,2.53,2716,0
AAT,60,20250120,150000,2.52,2.52,2.52,2.52,10,0
AAT,60,20250120,170000,2.52,2.52,2.52,2.52,111,0
AAT,60,20250121,110000,2.5,2.6,2.5,2.6,4792,0
AAT,60,20250121,130000,2.54,2.59,2.54,2.59,275,0
AAT,60,20250121,140000,2.54,2.59,2.5,2.55,4986,0
AAT,60,20250121,150000,2.55,2.55,2.5,2.5,3700,0
AAT,60,20250121,160000,2.5,2.5,2.4,2.4,11555,0
AAT,60,20250121,170000,2.4,2.45,2.37,2.45,4647,0
AAT,60,20250122,120000,2.38,2.45,2.38,2.45,2116,0
AAT,60,20250122,130000,2.4,2.4,2.4,2.4,1,0
AAT,60,20250122,140000,2.38,2.44,2.38,2.43,2171,0
AAT,60,20250122,160000,2.39,2.39,2.39,2.39,25,0
AAT,60,20250122,170000,2.39,2.39,2.39,2.39,518,0
AAT,60,20250123,100000,2.44,2.44,2.4,2.4,1706,0
AAT,60,20250123,110000,2.39,2.39,2.39,2.39,1000,0
AAT,60,20250123,140000,2.4,2.44,2.4,2.44,340,0
AAT,60,20250123,150000,2.4,2.44,2.4,2.44,101,0
AAT,60,20250123,160000,2.4,2.44,2.4,2.44,1010,0
AAT,60,20250123,170000,2.4,2.45,2.38,2.45,876,0
AAT,60,20250124,110000,2.44,2.45,2.44,2.45,1645,0
AAT,60,20250124,130000,2.46,2.46,2.46,2.46,1,0
AAT,60,20250124,140000,2.39,2.44,2.39,2.44,15,0
AAT,60,20250124,160000,2.43,2.43,2.43,2.43,12,0
AAT,60,20250127,100000,2.46,2.46,2.46,2.46,1,0
AAT,60,20250127,110000,2.46,2.49,2.46,2.49,5000,0
AAT,60,20250127,120000,2.46,2.48,2.46,2.48,135,0
AAT,60,20250127,130000,2.41,2.46,2.4,2.46,202,0
AAT,60,20250127,140000,2.45,2.45,2.45,2.45,2000,0
AAT,60,20250127,160000,2.44,2.44,2.44,2.44,98,0
AAT,60,20250127,170000,2.43,2.45,2.43,2.45,180,0
AAT,60,20250128,100000,2.41,2.41,2.41,2.41,621,0
AAT,60,20250128,110000,2.41,2.41,2.4,2.41,1400,0
AAT,60,20250128,120000,2.4,2.45,2.4,2.45,2281,0
AAT,60,20250129,100000,2.39,2.39,2.36,2.36,4710,0
AAT,60,20250129,110000,2.35,2.41,2.35,2.41,569,0
AAT,60,20250129,120000,2.41,2.41,2.41,2.41,277,0
AAT,60,20250129,130000,2.36,2.42,2.28,2.28,10497,0
AAT,60,20250129,140000,2.35,2.39,2.35,2.39,3253,0
AAT,60,20250129,150000,2.34,2.34,2.34,2.34,270,0
AAT,60,20250129,170000,2.39,2.39,2.39,2.39,1,0
AAT,60,20250130,120000,2.39,2.4,2.39,2.4,680,0
AAT,60,20250130,130000,2.4,2.4,2.4,2.4,1200,0
AAT,60,20250130,140000,2.4,2.4,2.4,2.4,778,0
AAT,60,20250130,150000,2.43,2.43,2.43,2.43,282,0
AAT,60,20250130,170000,2.43,2.44,2.43,2.44,1500,0
AAT,60,20250131,120000,2.44,2.44,2.44,2.44,31,0
AAT,60,20250131,130000,2.38,2.38,2.38,2.38,500,0
AAT,60,20250131,160000,2.38,2.38,2.38,2.38,2000,0
AAT,60,20250131,170000,2.42,2.42,2.42,2.42,1,0
AAT,60,20250203,100000,2.38,2.38,2.36,2.36,2400,0
AAT,60,20250203,120000,2.36,2.36,2.36,2.36,555,0
AAT,60,20250203,130000,2.36,2.36,2.35,2.35,1486,0
AAT,60,20250203,170000,2.36,2.36,2.36,2.36,5,0
AAT,60,20250204,100000,2.35,2.35,2.35,2.35,1500,0
AAT,60,20250204,110000,2.34,2.34,2.34,2.34,3000,0
AAT,60,20250204,150000,2.34,2.34,2.32,2.32,300,0
AAT,60,20250204,170000,2.36,2.36,2.32,2.32,734,0
AAT,60,20250205,100000,2.32,2.32,2.32,2.32,857,0
AAT,60,20250205,130000,2.31,2.36,2.31,2.36,996,0
AAT,60,20250205,140000,2.3,2.3,2.29,2.29,1130,0
AAT,60,20250205,160000,2.29,2.29,2.29,2.29,2520,0
AAT,60,20250205,170000,2.35,2.35,2.29,2.29,851,0
AAT,60,20250206,100000,2.29,2.36,2.29,2.36,6001,0
AAT,60,20250206,110000,2.32,2.32,2.32,2.32,145,0
AAT,60,20250206,120000,2.32,2.32,2.32,2.32,1,0
AAT,60,20250206,130000,2.36,2.4,2.36,2.4,1200,0
AAT,60,20250206,140000,2.33,2.35,2.33,2.35,7692,0
AAT,60,20250206,150000,2.35,2.35,2.35,2.35,46,0
AAT,60,20250206,170000,2.41,2.41,2.41,2.41,854,0
AAT,60,20250207,120000,2.36,2.36,2.36,2.36,543,0
AAT,60,20250207,130000,2.41,2.42,2.36,2.36,479,0
AAT,60,20250207,140000,2.42,2.43,2.42,2.43,1300,0
AAT,60,20250207,160000,2.37,2.37,2.37,2.37,250,0
AAT,60,20250207,170000,2.37,2.37,2.37,2.37,1500,0
AAT,60,20250210,130000,2.41,2.41,2.41,2.41,600,0
AAT,60,20250210,150000,2.39,2.39,2.39,2.39,700,0
AAT,60,20250210,160000,2.41,2.41,2.37,2.37,770,0
AAT,60,20250210,170000,2.37,2.4,2.37,2.39,2855,0
AAT,60,20250211,100000,2.39,2.4,2.39,2.39,1013,0
AAT,60,20250211,130000,2.39,2.39,2.39,2.39,100,0
AAT,60,20250211,140000,2.39,2.39,2.39,2.39,2,0
AAT,60,20250211,150000,2.37,2.39,2.37,2.39,820,0
AAT,60,20250211,170000,2.38,2.4,2.37,2.37,3403,0
AAT,60,20250212,110000,2.43,2.44,2.43,2.44,380,0
AAT,60,20250212,120000,2.42,2.43,2.42,2.43,1970,0
AAT,60,20250212,150000,2.4,2.4,2.4,2.4,380,0
AAT,60,20250212,160000,2.4,2.4,2.38,2.38,1334,0
AAT,60,20250212,170000,2.38,2.38,2.3,2.3,23617,0
AAT,60,20250213,100000,2.35,2.35,2.31,2.35,3300,0
AAT,60,20250213,110000,2.35,2.39,2.34,2.39,1130,0
AAT,60,20250213,130000,2.38,2.42,2.38,2.42,2635,0
AAT,60,20250213,150000,2.42,2.42,2.34,2.34,1687,0
AAT,60,20250213,160000,2.34,2.34,2.34,2.34,40,0
AAT,60,20250213,170000,2.4,2.4,2.4,2.4,2,0
AAT,60,20250214,100000,2.4,2.4,2.31,2.31,1354,0
AAT,60,20250214,110000,2.39,2.4,2.39,2.4,700,0
AAT,60,20250214,120000,2.34,2.35,2.34,2.35,2903,0
AAT,60,20250214,150000,2.35,2.35,2.35,2.35,1290,0
AAT,60,20250214,160000,2.38,2.41,2.38,2.41,2400,0
AAT,60,20250217,100000,2.41,2.41,2.41,2.41,5,0
AAT,60,20250217,110000,2.41,2.42,2.41,2.42,6100,0
AAT,60,20250217,130000,2.42,2.42,2.37,2.37,540,0
AAT,60,20250217,140000,2.37,2.37,2.35,2.35,3797,0
AAT,60,20250217,160000,2.34,2.34,2.34,2.34,3000,0
AAT,60,20250217,170000,2.34,2.34,2.34,2.34,2000,0
AAT,60,20250218,100000,2.34,2.34,2.34,2.34,2791,0
AAT,60,20250218,110000,2.34,2.34,2.33,2.33,1300,0
AAT,60,20250218,130000,2.36,2.36,2.36,2.36,5,0
AAT,60,20250218,140000,2.36,2.36,2.36,2.36,250,0
AAT,60,20250219,120000,2.33,2.33,2.33,2.33,200,0
AAT,60,20250219,130000,2.33,2.33,2.32,2.32,5000,0
AAT,60,20250219,140000,2.36,2.38,2.36,2.38,550,0
AAT,60,20250220,100000,2.32,2.32,2.32,2.32,5,0
AAT,60,20250220,110000,2.36,2.36,2.36,2.36,1000,0
AAT,60,20250220,120000,2.37,2.37,2.37,2.37,15,0
AAT,60,20250220,130000,2.32,2.32,2.24,2.24,15005,0
AAT,60,20250220,140000,2.28,2.28,2.28,2.28,10,0
AAT,60,20250220,170000,2.37,2.37,2.37,2.37,155,0
AAT,60,20250221,130000,2.28,2.28,2.28,2.28,10,0
AAT,60,20250221,140000,2.29,2.29,2.28,2.28,10,0
AAT,60,20250221,170000,2.36,2.38,2.36,2.38,3177,0
AAT,60,20250224,100000,2.38,2.38,2.38,2.38,9,0
AAT,60,20250224,110000,2.37,2.37,2.37,2.37,5,0
AAT,60,20250224,120000,2.38,2.4,2.38,2.38,2100,0
AAT,60,20250224,130000,2.4,2.42,2.4,2.42,4308,0
AAT,60,20250224,160000,2.41,2.41,2.39,2.39,3500,0
AAT,60,20250225,120000,2.38,2.38,2.38,2.38,175,0
AAT,60,20250225,130000,2.38,2.38,2.3,2.3,3200,0
AAT,60,20250225,140000,2.39,2.39,2.3,2.3,10,0
AAT,60,20250225,170000,2.36,2.36,2.36,2.36,45,0
AAT,60,20250226,100000,2.32,2.32,2.32,2.32,6,0
AAT,60,20250226,110000,2.36,2.36,2.36,2.36,209,0
AAT,60,20250227,140000,2.32,2.32,2.3,2.3,3684,0
AAT,60,20250227,150000,2.29,2.29,2.29,2.29,490,0
AAT,60,20250227,170000,2.3,2.35,2.3,2.33,3236,0
AAT,60,20250228,100000,2.33,2.33,2.33,2.33,557,0
AAT,60,20250228,140000,2.29,2.29,2.29,2.29,1000,0
AAT,60,20250228,150000,2.29,2.29,2.29,2.29,400,0
AAT,60,20250228,170000,2.29,2.31,2.29,2.31,102,0
AAT,60,20250304,120000,2.38,2.38,2.28,2.28,85,0
AAT,60,20250304,130000,2.26,2.26,2.25,2.25,1415,0
AAT,60,20250304,140000,2.24,2.25,2.24,2.25,881,0
AAT,60,20250304,160000,2.22,2.22,2.2,2.2,3130,0
AAT,60,20250304,170000,2.2,2.28,2.2,2.28,1084,0
AAT,60,20250305,100000,2.24,2.29,2.24,2.29,165,0
AAT,60,20250305,110000,2.29,2.29,2.2,2.2,2705,0
AAT,60,20250305,120000,2.2,2.21,2.17,2.2,5439,0
AAT,60,20250305,140000,2.2,2.2,2.2,2.2,2773,0
AAT,60,20250305,160000,2.19,2.19,2.19,2.19,685,0
AAT,60,20250306,100000,2.22,2.22,2.22,2.22,583,0
AAT,60,20250306,110000,2.18,2.22,2.17,2.22,1550,0
AAT,60,20250306,120000,2.18,2.18,2.16,2.16,2324,0
AAT,60,20250306,130000,2.16,2.2,2.13,2.2,3035,0
AAT,60,20250306,140000,2.15,2.15,2.15,2.15,10,0
AAT,60,20250306,150000,2.19,2.19,2.19,2.19,20,0
AAT,60,20250306,170000,2.19,2.19,2.19,2.19,1201,0
AAT,60,20250307,100000,2.17,2.17,2.15,2.15,1163,0
AAT,60,20250307,120000,2.16,2.16,2.16,2.16,20,0
AAT,60,20250307,130000,2.19,2.2,2.19,2.2,30,0
AAT,60,20250307,140000,2.18,2.19,2.18,2.19,1066,0
AAT,60,20250307,150000,2.19,2.19,2.19,2.19,855,0
AAT,60,20250307,160000,2.18,2.18,2.18,2.18,500,0
AAT,60,20250307,170000,2.17,2.17,2.17,2.17,139,0
AAT,60,20250310,100000,2.15,2.17,2.15,2.17,483,0
AAT,60,20250310,110000,2.15,2.17,2.15,2.17,45,0
AAT,60,20250310,120000,2.17,2.17,2.15,2.15,4384,0
AAT,60,20250310,170000,2.19,2.19,2.19,2.19,5,0
AAT,60,20250311,100000,2.16,2.19,2.15,2.19,320,0
AAT,60,20250311,140000,2.15,2.15,2.15,2.15,875,0
AAT,60,20250311,150000,2.14,2.14,2.1,2.1,12850,0
AAT,60,20250311,170000,2.14,2.14,2.14,2.14,219,0
AAT,60,20250312,100000,2.06,2.07,2.05,2.05,21183,0
AAT,60,20250312,110000,2.08,2.14,2.06,2.06,1925,0
AAT,60,20250312,120000,2.08,2.1,2.08,2.1,105,0
AAT,60,20250312,130000,2.1,2.1,2.07,2.07,4557,0
AAT,60,20250312,140000,2.09,2.09,2.07,2.09,1295,0
AAT,60,20250312,150000,2.06,2.06,2.05,2.05,300,0
AAT,60,20250312,160000,2.08,2.09,2.08,2.09,25,0
AAT,60,20250312,170000,2.1,2.1,2.1,2.1,10900,0
AAT,60,20250313,110000,2.1,2.1,2.05,2.05,109,0
AAT,60,20250313,130000,2.08,2.1,2.07,2.07,5170,0
AAT,60,20250313,140000,2.06,2.06,2.05,2.05,6231,0
AAT,60,20250313,150000,2.06,2.06,2.06,2.06,1072,0
AAT,60,20250313,160000,2.06,2.07,2.06,2.07,2590,0
AAT,60,20250313,170000,2.1,2.1,2.1,2.1,2,0
AAT,60,20250314,100000,2.06,2.08,2.04,2.08,2423,0
AAT,60,20250314,110000,2.08,2.08,2.08,2.08,329,0
AAT,60,20250314,120000,2.08,2.1,2.08,2.1,7797,0
AAT,60,20250314,130000,2.1,2.1,2.1,2.1,3317,0
AAT,60,20250314,150000,2.09,2.09,2.09,2.09,1000,0
AAT,60,20250314,160000,2.13,2.13,2.13,2.13,2,0
AAT,60,20250317,100000,2.13,2.13,2.06,2.06,3447,0
AAT,60,20250317,130000,2.1,2.1,2.1,2.1,1000,0
AAT,60,20250317,140000,2.13,2.15,2.13,2.15,11477,0
AAT,60,20250317,170000,2.1,2.18,2.1,2.18,327,0
AAT,60,20250318,100000,2.1,2.19,2.07,2.1,14002,0
AAT,60,20250318,110000,2.14,2.14,2.14,2.14,50,0
AAT,60,20250318,120000,2.15,2.17,2.15,2.17,1550,0
AAT,60,20250318,140000,2.13,2.13,2.13,2.13,3532,0
AAT,60,20250318,150000,2.13,2.13,2.13,2.13,10,0
AAT,60,20250318,160000,2.13,2.13,2.13,2.13,57,0
AAT,60,20250318,170000,2.13,2.13,2.13,2.13,150,0
AAT,60,20250319,100000,2.11,2.13,2.07,2.13,22000,0
AAT,60,20250319,110000,2.16,2.17,2.16,2.17,1637,0
AAT,60,20250319,130000,2.11,2.11,2.11,2.11,2000,0
AAT,60,20250319,150000,2.11,2.11,2.11,2.11,10,0
AAT,60,20250319,170000,2.14,2.15,2.14,2.15,990,0
AAT,60,20250320,100000,2.1,2.1,2.07,2.07,15000,0
AAT,60,20250320,110000,2.07,2.07,2.07,2.07,10,0
AAT,60,20250320,130000,2.08,2.08,2.08,2.08,40,0
AAT,60,20250320,140000,2.11,2.11,2.08,2.08,1185,0
AAT,60,20250320,150000,2.07,2.07,2.07,2.07,10,0
AAT,60,20250320,160000,2.11,2.11,2.11,2.11,5,0
AAT,60,20250321,100000,2.1,2.11,2.1,2.11,2470,0
AAT,60,20250321,110000,2.13,2.13,2.13,2.13,100,0
AAT,60,20250321,120000,2.13,2.15,2.13,2.15,2339,0
AAT,60,20250321,140000,2.14,2.14,2.08,2.08,7000,0
AAT,60,20250324,100000,2.09,2.09,2.09,2.09,78,0
AAT,60,20250324,110000,2.14,2.15,2.08,2.08,10000,0
AAT,60,20250324,120000,2.12,2.29,2.12,2.29,34961,0
AAT,60,20250324,130000,2.22,2.29,2.22,2.29,5000,0
AAT,60,20250324,140000,2.22,2.29,2.22,2.29,5001,0
AAT,60,20250324,150000,2.29,2.29,2.29,2.29,2156,0
AAT,60,20250324,160000,2.28,2.28,2.24,2.24,39,0
AAT,60,20250324,170000,2.28,2.28,2.24,2.27,1019,0
AAT,60,20250325,100000,2.29,2.31,2.24,2.24,8872,0
AAT,60,20250325,110000,2.24,2.3,2.24,2.3,1046,0
AAT,60,20250325,120000,2.3,2.3,2.3,2.3,455,0
AAT,60,20250325,130000,2.24,2.24,2.24,2.24,311,0
AAT,60,20250325,140000,2.23,2.23,2.23,2.23,1000,0
AAT,60,20250325,150000,2.22,2.22,2.22,2.22,1162,0
AAT,60,20250325,160000,2.3,2.3,2.2,2.3,1640,0
AAT,60,20250325,170000,2.3,2.36,2.3,2.36,20470,0
AAT,60,20250326,100000,2.36,2.36,2.36,2.36,14,0
AAT,60,20250326,120000,2.26,2.26,2.24,2.24,3808,0
AAT,60,20250326,130000,2.35,2.35,2.35,2.35,1,0
AAT,60,20250326,140000,2.3,2.34,2.3,2.34,1000,0
AAT,60,20250326,160000,2.24,2.24,2.24,2.24,1900,0
AAT,60,20250326,170000,2.3,2.34,2.3,2.34,600,0
AAT,60,20250327,100000,2.3,2.3,2.3,2.3,1500,0
AAT,60,20250327,120000,2.27,2.27,2.27,2.27,1500,0
AAT,60,20250327,140000,2.29,2.29,2.29,2.29,575,0
AAT,60,20250327,150000,2.27,2.27,2.23,2.23,3000,0
AAT,60,20250327,160000,2.23,2.23,2.23,2.23,1500,0
AAT,60,20250327,170000,2.29,2.3,2.23,2.23,635,0
AAT,60,20250328,100000,2.29,2.29,2.29,2.29,1000,0
AAT,60,20250328,110000,2.29,2.29,2.29,2.29,44,0
AAT,60,20250328,130000,2.29,2.29,2.22,2.22,2130,0
AAT,60,20250328,140000,2.24,2.24,2.24,2.24,75,0
AAT,60,20250328,150000,2.24,2.24,2.22,2.22,3000,0
AAT,60,20250328,170000,2.28,2.29,2.28,2.29,1000,0
AAT,60,20250331,100000,2.18,2.18,2.18,2.18,4500,0
AAT,60,20250331,110000,2.23,2.23,2.18,2.18,6,0
AAT,60,20250331,120000,2.18,2.18,2.15,2.15,3000,0
AAT,60,20250331,130000,2.16,2.16,2.15,2.15,255,0
AAT,60,20250331,150000,2.15,2.15,2.14,2.14,2521,0
AAT,60,20250331,160000,2.14,2.14,2.12,2.13,9700,0
AAT,60,20250401,100000,2.14,2.28,2.12,2.16,3526,0
AAT,60,20250401,110000,2.16,2.16,2.15,2.16,18662,0
AAT,60,20250401,120000,2.15,2.15,2.15,2.15,44,0
AAT,60,20250401,130000,2.22,2.22,2.16,2.16,705,0
AAT,60,20250401,140000,2.15,2.16,2.14,2.16,14145,0
AAT,60,20250401,170000,2.15,2.19,2.15,2.19,3010,0
AAT,60,20250402,120000,2.2,2.2,2.2,2.2,1140,0
AAT,60,20250402,130000,2.22,2.22,2.22,2.22,5,0
AAT,60,20250403,100000,2.22,2.22,2.22,2.22,795,0
AAT,60,20250403,110000,2.21,2.21,2.21,2.21,5,0
AAT,60,20250403,120000,2.18,2.18,2.18,2.18,940,0
AAT,60,20250403,150000,2.19,2.19,2.16,2.16,687,0
AAT,60,20250403,160000,2.16,2.16,2.13,2.13,1500,0
AAT,60,20250404,100000,2.13,2.13,2.12,2.12,2025,0
AAT,60,20250404,150000,2.11,2.11,2.1,2.1,2993,0
AAT,60,20250404,160000,2.1,2.1,2.08,2.08,2050,0
AAT,60,20250404,170000,2.08,2.12,2.06,2.12,4931,0
AAT,60,20250407,100000,2.06,2.06,2.01,2.01,4980,0
AAT,60,20250407,110000,2.09,2.09,2.09,2.09,1784,0
AAT,60,20250407,130000,2.06,2.06,2.06,2.06,1000,0
AAT,60,20250408,100000,2.12,2.12,2.12,2.12,2899,0
AAT,60,20250408,120000,2.12,2.12,2.1,2.1,805,0
AAT,60,20250408,150000,2.08,2.09,2.06,2.09,1639,0
AAT,60,20250408,160000,2.09,2.09,2.09,2.09,3400,0
AAT,60,20250409,120000,2.06,2.06,2.06,2.06,305,0
AAT,60,20250409,130000,2.06,2.1,2.05,2.1,1842,0
AAT,60,20250409,140000,2.05,2.05,1.9,2,12986,0
AAT,60,20250409,150000,1.995,1.995,1.995,1.995,65,0
AAT,60,20250409,170000,2.07,2.07,2.07,2.07,2,0
AAT,60,20250410,100000,2.08,2.16,2.08,2.16,1605,0
AAT,60,20250410,110000,2.1,2.1,2,2,4829,0
AAT,60,20250410,120000,2.02,2.14,2.02,2.14,2675,0
AAT,60,20250410,140000,2.04,2.04,2.03,2.03,1800,0
AAT,60,20250410,170000,2.12,2.14,2.12,2.13,3002,0
AAT,60,20250411,110000,2.03,2.03,2.02,2.02,1033,0
AAT,60,20250411,120000,2,2.03,1.98,1.98,2949,0
AAT,60,20250411,150000,2.06,2.06,2.05,2.05,3132,0
AAT,60,20250414,110000,2.08,2.08,2.02,2.02,10,0
AAT,60,20250414,120000,2.04,2.04,2.04,2.04,2501,0
AAT,60,20250414,170000,2.07,2.08,2.07,2.08,25,0
AAT,60,20250416,120000,2.08,2.08,2.05,2.05,25,0
AAT,60,20250416,140000,2.05,2.05,2.05,2.05,295,0
AAT,60,20250416,150000,2.05,2.08,2.05,2.08,1200,0
AAT,60,20250417,110000,2.07,2.07,2.07,2.07,5,0
AAT,60,20250417,130000,2.07,2.07,2.07,2.07,895,0
AAT,60,20250417,150000,2.07,2.07,2.07,2.07,899,0
AAT,60,20250417,160000,2.1,2.14,2.1,2.14,4170,0
AAT,60,20250417,170000,2.17,2.17,2.17,2.17,6,0
AAT,60,20250422,100000,2.14,2.14,2.01,2.07,3420,0
AAT,60,20250422,110000,2.1,2.13,2.1,2.13,844,0
AAT,60,20250422,120000,2.1,2.1,2.1,2.1,222,0
AAT,60,20250422,130000,2.13,2.13,2.04,2.04,291,0
AAT,60,20250422,150000,2.07,2.07,2.07,2.07,200,0
AAT,60,20250422,160000,2.13,2.13,2.13,2.13,798,0
AAT,60,20250422,170000,2.13,2.13,2.1,2.1,705,0
AAT,60,20250423,100000,2.1,2.1,2.04,2.04,1343,0
AAT,60,20250423,110000,2.12,2.12,2.12,2.12,5,0
AAT,60,20250423,120000,2.12,2.12,2.05,2.05,1022,0
AAT,60,20250423,150000,2.05,2.05,2.04,2.04,1000,0
AAT,60,20250423,160000,2.06,2.12,2.06,2.12,1010,0
AAT,60,20250423,170000,2.12,2.12,2.12,2.12,1587,0
AAT,60,20250424,100000,2.06,2.08,2.04,2.08,3265,0
AAT,60,20250424,120000,2.11,2.11,2.11,2.11,1000,0
AAT,60,20250424,140000,2.1,2.1,2.1,2.1,1000,0
AAT,60,20250424,150000,2.11,2.13,2.11,2.13,3806,0
AAT,60,20250425,110000,2.07,2.07,2.05,2.05,1002,0
AAT,60,20250425,120000,2.12,2.12,2.04,2.04,1505,0
AAT,60,20250425,130000,2.06,2.06,2.06,2.06,5,0
AAT,60,20250425,150000,2.09,2.09,2.09,2.09,5,0
AAT,60,20250425,170000,2.11,2.11,2.11,2.11,2000,0
AAT,60,20250428,100000,2.06,2.06,2.06,2.06,1423,0
AAT,60,20250428,110000,2.11,2.11,2.11,2.11,400,0
AAT,60,20250428,130000,2.11,2.11,2.06,2.06,1852,0
AAT,60,20250428,150000,2.07,2.07,2.07,2.07,1000,0
AAT,60,20250428,170000,2.07,2.07,2.06,2.06,3500,0
AAT,60,20250429,110000,2.11,2.11,2.11,2.11,5,0
AAT,60,20250429,120000,2.11,2.12,2.11,2.12,7139,0
AAT,60,20250429,140000,2.08,2.08,2.04,2.04,14069,0
AAT,60,20250429,160000,2.06,2.1,2.04,2.04,15398,0
AAT,60,20250429,170000,2.03,2.07,2.01,2.07,6509,0
AAT,60,20250430,100000,2.09,2.09,2.09,2.09,2236,0
AAT,60,20250430,130000,2.08,2.08,2.08,2.08,887,0
AAT,60,20250430,140000,2.08,2.08,2.08,2.08,5,0
AAT,60,20250430,170000,2.08,2.08,2.08,2.08,5,0
AAT,60,20250502,100000,2.08,2.08,2.04,2.04,1668,0
AAT,60,20250502,110000,2.04,2.08,2.04,2.08,1142,0
AAT,60,20250502,120000,2.09,2.09,2.09,2.09,20,0
AAT,60,20250502,130000,2.07,2.08,2.06,2.06,2010,0
AAT,60,20250502,140000,2.09,2.1,2.09,2.1,9162,0
AAT,60,20250502,160000,2.06,2.13,2.06,2.13,2779,0
AAT,60,20250502,170000,2.14,2.14,2.14,2.14,405,0
AAT,60,20250505,100000,2.13,2.13,2.13,2.13,5,0
AAT,60,20250505,140000,2.13,2.13,2.13,2.13,295,0
AAT,60,20250505,150000,2.11,2.11,2.04,2.05,9586,0
AAT,60,20250505,160000,2.05,2.09,2.01,2.09,5851,0
AAT,60,20250505,170000,2.09,2.09,2.09,2.09,5,0
AAT,60,20250506,100000,2.08,2.08,2.08,2.08,174,0
AAT,60,20250506,120000,2.03,2.08,2.02,2.08,861,0
AAT,60,20250506,160000,2.04,2.04,2.04,2.04,985,0
AAT,60,20250506,170000,2.08,2.08,2.08,2.08,5,0
