<TICKER>,<PER>,<DATE>,<TIME>,<OPEN>,<HIGH>,<LOW>,<CLOSE>,<VOL>,<OPENINT>
BCM,60,20240411,100000,5.4375,5.4375,5.4375,5.4375,2.1333333334,0
BCM,60,20240411,140000,5.34375,5.34375,5.34375,5.34375,3146.666666765,0
BCM,60,20240411,160000,5.25,5.25,5.20312,5.25,1133.8666667021,0
BCM,60,20240411,170000,5.34375,5.34375,5.34375,5.34375,53.333333335,0
BCM,60,20240412,100000,5.4375,5.4375,5.4375,5.4375,2.1333333334,0
BCM,60,20240412,110000,5.20312,5.20312,5.20312,5.20312,2133.3333334,0
BCM,60,20240412,170000,5.15625,5.34375,5.15625,5.34375,829.8666666926,0
BCM,60,20240415,100000,5.39062,5.39062,5.0625,5.0625,3020.8000000944,0
BCM,60,20240415,110000,5.15625,5.15625,5.15625,5.15625,533.33333335,0
BCM,60,20240416,100000,5.15625,5.15625,5.15625,5.15625,583.4666666849,0
BCM,60,20240416,110000,5.15625,5.15625,5.15625,5.15625,320.00000001,0
BCM,60,20240417,100000,5.29687,5.29687,5.29687,5.29687,2.1333333334,0
BCM,60,20240417,120000,5.0625,5.15625,5.0625,5.15625,2041.6000000638,0
BCM,60,20240417,130000,5.15625,5.15625,5.15625,5.15625,2666.66666675,0
BCM,60,20240417,140000,5.29687,5.34375,5.29687,5.34375,1813.33333339,0
BCM,60,20240418,100000,5.34375,5.34375,5.34375,5.34375,2.1333333334,0
BCM,60,20240418,160000,5.34375,5.34375,5.34375,5.34375,2.1333333334,0
BCM,60,20240419,100000,5.34375,5.34375,5.34375,5.34375,2.1333333334,0
BCM,60,20240419,160000,5.34375,5.34375,5.34375,5.34375,8.5333333336,0
BCM,60,20240422,100000,5.29687,5.29687,5.29687,5.29687,279.4666666754,0
BCM,60,20240422,110000,5.29687,5.29687,5.29687,5.29687,42.666666668,0
BCM,60,20240422,170000,5.34375,5.34375,5.34375,5.34375,2.1333333334,0
BCM,60,20240423,100000,5.34375,5.34375,5.34375,5.34375,2.1333333334,0
BCM,60,20240423,110000,5.34375,5.34375,5.34375,5.34375,450.13333334739997,0
BCM,60,20240423,130000,5.34375,5.34375,5.34375,5.34375,19.2000000006,0
BCM,60,20240423,150000,5.29687,5.29687,5.29687,5.29687,283.7333333422,0
BCM,60,20240423,160000,5.34375,5.34375,5.34375,5.34375,213.33333334,0
BCM,60,20240424,100000,5.34375,5.34375,5.34375,5.34375,10.666666667,0
BCM,60,20240424,150000,5.34375,5.34375,5.34375,5.34375,981.3333333639999,0
BCM,60,20240424,160000,5.34375,5.34375,5.34375,5.34375,85.333333336,0
BCM,60,20240425,100000,5.39062,5.39062,5.39062,5.39062,2.1333333334,0
BCM,60,20240425,110000,5.39062,5.4375,5.39062,5.4375,533.33333335,0
BCM,60,20240425,140000,5.4375,5.4375,5.4375,5.4375,11.7333333337,0
BCM,60,20240425,150000,5.4375,5.4375,5.4375,5.4375,245.33333334099999,0
BCM,60,20240426,100000,5.4375,5.4375,5.4375,5.4375,162.1333333384,0
BCM,60,20240426,160000,5.4375,5.4375,5.4375,5.4375,6.4000000002,0
BCM,60,20240429,100000,5.625,5.625,5.20312,5.20312,58.6666666685,0
BCM,60,20240429,150000,5.4375,5.4375,5.4375,5.4375,533.33333335,0
BCM,60,20240429,170000,5.4375,5.4375,5.4375,5.4375,1600.00000005,0
BCM,60,20240430,100000,5.39062,5.39062,5.39062,5.39062,37.3333333345,0
BCM,60,20240430,110000,5.39062,5.39062,5.39062,5.39062,1970.1333333948999,0
BCM,60,20240502,100000,5.4375,5.4375,5.4375,5.4375,5.3333333335,0
BCM,60,20240502,120000,5.4375,5.57812,5.4375,5.57812,3242.666666768,0
BCM,60,20240502,130000,5.57812,5.57812,5.57812,5.57812,373.33333334499997,0
BCM,60,20240502,140000,5.57812,5.625,5.57812,5.625,1301.333333374,0
BCM,60,20240502,170000,5.625,5.71875,5.625,5.71875,1148.8000000359,0
BCM,60,20240506,100000,5.71875,5.71875,5.71875,5.71875,36.2666666678,0
BCM,60,20240506,150000,5.67187,5.67187,5.67187,5.67187,394.666666679,0
BCM,60,20240506,160000,5.71875,5.71875,5.71875,5.71875,4.2666666668,0
BCM,60,20240506,170000,5.67187,5.67187,5.67187,5.67187,21.333333334,0
BCM,60,20240507,100000,5.71875,5.71875,5.53125,5.53125,66.1333333354,0
BCM,60,20240507,170000,5.625,5.67187,5.625,5.67187,96.000000003,0
BCM,60,20240508,100000,5.71875,5.71875,5.71875,5.71875,3.2000000001,0
BCM,60,20240508,120000,5.67187,5.67187,5.67187,5.67187,34.1333333344,0
BCM,60,20240508,150000,5.67187,5.67187,5.67187,5.67187,1.0666666667,0
BCM,60,20240508,170000,5.71875,5.71875,5.71875,5.71875,292.2666666758,0
BCM,60,20240509,100000,5.76562,5.76562,5.76562,5.76562,11.7333333337,0
BCM,60,20240509,130000,5.57812,5.57812,5.57812,5.57812,2688.000000084,0
BCM,60,20240509,140000,5.57812,5.57812,5.57812,5.57812,10.666666667,0
BCM,60,20240509,150000,5.71875,5.76562,5.71875,5.76562,11614.933333696,0
BCM,60,20240509,160000,5.71875,5.76562,5.71875,5.71875,13009.066667073,0
BCM,60,20240509,170000,5.71875,5.71875,5.71875,5.71875,667.7333333542,0
BCM,60,20240510,100000,5.71875,5.71875,5.71875,5.71875,2.1333333334,0
BCM,60,20240510,130000,5.71875,5.71875,5.71875,5.71875,61.8666666686,0
BCM,60,20240513,100000,5.85937,5.85937,5.57812,5.57812,1056.0000000329999,0
BCM,60,20240513,110000,5.8125,5.8125,5.8125,5.8125,321.0666666767,0
BCM,60,20240514,100000,5.85937,5.85937,5.67187,5.85937,404.2666666793,0
BCM,60,20240514,110000,5.90625,5.90625,5.85937,5.85937,248.5333333411,0
BCM,60,20240514,130000,5.71875,5.71875,5.67187,5.67187,3306.66666677,0
BCM,60,20240514,150000,5.67187,5.67187,5.67187,5.67187,1066.6666667,0
BCM,60,20240514,170000,5.71875,5.71875,5.71875,5.71875,10.666666667,0
BCM,60,20240515,100000,5.90625,5.90625,5.90625,5.90625,2.1333333334,0
BCM,60,20240515,110000,5.71875,5.71875,5.71875,5.71875,106.66666667,0
BCM,60,20240515,170000,5.71875,5.71875,5.71875,5.71875,6.4000000002,0
BCM,60,20240516,100000,5.71875,5.71875,5.71875,5.71875,2.1333333334,0
BCM,60,20240516,110000,5.67187,5.67187,5.625,5.625,487.4666666819,0
BCM,60,20240516,170000,5.67187,5.67187,5.67187,5.67187,4.2666666668,0
BCM,60,20240517,100000,5.71875,5.71875,5.71875,5.71875,748.8000000234,0
BCM,60,20240517,170000,5.71875,5.71875,5.53125,5.53125,263.4666666749,0
BCM,60,20240520,100000,5.53125,5.71875,5.53125,5.53125,2116.2666667328,0
BCM,60,20240520,170000,5.67187,5.67187,5.53125,5.53125,7783.4666669099,0
BCM,60,20240521,100000,5.76562,5.76562,5.4375,5.4375,52.2666666683,0
BCM,60,20240521,160000,5.625,5.625,5.625,5.625,6.4000000002,0
BCM,60,20240521,170000,5.625,5.625,5.625,5.625,320.00000001,0
BCM,60,20240522,100000,5.625,5.625,5.625,5.625,2.1333333334,0
BCM,60,20240522,170000,5.625,5.625,5.625,5.625,8.5333333336,0
BCM,60,20240523,100000,5.625,5.625,5.625,5.625,5.3333333335,0
BCM,60,20240523,150000,5.48437,5.48437,5.48437,5.48437,586.666666685,0
BCM,60,20240523,170000,5.48437,5.625,5.48437,5.625,1235.2000000386,0
BCM,60,20240524,100000,5.625,5.625,5.625,5.625,5.3333333335,0
BCM,60,20240524,120000,5.53125,5.53125,5.53125,5.53125,990.9333333643,0
BCM,60,20240524,140000,5.53125,5.53125,5.53125,5.53125,28.8000000009,0
BCM,60,20240527,100000,5.625,5.625,5.625,5.625,2.1333333334,0
BCM,60,20240527,130000,5.625,5.67187,5.625,5.67187,1900.8000000594,0
BCM,60,20240527,160000,5.625,5.625,5.625,5.625,72.5333333356,0
BCM,60,20240528,100000,5.71875,5.71875,5.71875,5.71875,2.1333333334,0
BCM,60,20240528,140000,5.53125,5.53125,5.39062,5.39062,1638.4000000512,0
BCM,60,20240528,170000,5.71875,5.71875,5.71875,5.71875,2.1333333334,0
BCM,60,20240529,100000,5.71875,5.71875,5.625,5.625,1442.1333333784,0
BCM,60,20240529,170000,5.67187,5.67187,5.67187,5.67187,6.4000000002,0
BCM,60,20240531,100000,5.71875,5.71875,5.67187,5.67187,324.2666666768,0
BCM,60,20240531,130000,5.67187,5.67187,5.67187,5.67187,228.2666666738,0
BCM,60,20240531,140000,5.625,5.625,5.625,5.625,352.000000011,0
BCM,60,20240603,100000,5.625,5.67187,5.625,5.67187,160.000000005,0
BCM,60,20240603,120000,5.67187,5.67187,5.67187,5.67187,426.66666668,0
BCM,60,20240603,170000,5.67187,5.67187,5.67187,5.67187,2.1333333334,0
BCM,60,20240604,100000,5.67187,5.67187,5.67187,5.67187,292.2666666758,0
BCM,60,20240604,110000,5.53125,5.53125,5.53125,5.53125,712.5333333556,0
BCM,60,20240604,130000,5.53125,5.53125,5.53125,5.53125,714.666666689,0
BCM,60,20240605,100000,5.53125,5.53125,5.53125,5.53125,5.3333333335,0
BCM,60,20240605,110000,5.53125,5.53125,5.53125,5.53125,693.333333355,0
BCM,60,20240607,100000,5.67187,5.71875,5.67187,5.71875,4.2666666668,0
BCM,60,20240607,140000,5.48437,5.48437,5.48437,5.48437,1546.666666715,0
BCM,60,20240613,100000,5.625,5.67187,5.625,5.67187,19.2000000006,0
BCM,60,20240613,150000,5.625,5.625,5.625,5.625,2.1333333334,0
BCM,60,20240617,100000,5.53125,5.53125,5.48437,5.48437,4.2666666668,0
BCM,60,20240617,160000,5.39062,5.39062,5.39062,5.39062,652.8000000204,0
BCM,60,20240617,170000,5.48437,5.48437,5.48437,5.48437,106.66666667,0
BCM,60,20240618,100000,5.48437,5.48437,5.48437,5.48437,2.1333333334,0
BCM,60,20240618,110000,5.48437,5.48437,5.48437,5.48437,53.333333335,0
BCM,60,20240619,100000,5.48437,5.48437,5.39062,5.39062,445.8666666806,0
BCM,60,20240619,130000,5.48437,5.48437,5.48437,5.48437,72.5333333356,0
BCM,60,20240620,100000,5.625,5.625,5.625,5.625,2.1333333334,0
BCM,60,20240620,110000,5.625,5.625,5.625,5.625,38.4000000012,0
BCM,60,20240621,100000,5.625,5.625,5.625,5.625,2.1333333334,0
BCM,60,20240621,130000,5.625,5.625,5.625,5.625,4.2666666668,0
BCM,60,20240621,150000,5.625,5.625,5.625,5.625,142.9333333378,0
BCM,60,20240624,100000,5.71875,5.71875,5.39062,5.39062,1691.7333333862,0
BCM,60,20240624,140000,5.4375,5.4375,5.4375,5.4375,1066.6666667,0
BCM,60,20240624,170000,5.4375,5.4375,5.4375,5.4375,533.33333335,0
BCM,60,20240626,100000,5.625,5.625,5.625,5.625,57.6000000018,0
BCM,60,20240626,150000,5.4375,5.4375,5.4375,5.4375,213.33333334,0
BCM,60,20240701,100000,5.625,5.625,5.10937,5.10937,4898.1333334864,0
BCM,60,20240701,110000,5.29687,5.29687,5.29687,5.29687,5.3333333335,0
BCM,60,20240701,120000,5.10937,5.10937,5.10937,5.10937,34.1333333344,0
BCM,60,20240701,140000,5.25,5.25,4.96875,4.96875,3319.4666667704,0
BCM,60,20240701,150000,5.01562,5.01562,4.96875,4.96875,481.0666666817,0
BCM,60,20240701,160000,5.01562,5.01562,4.96875,4.96875,1066.6666667,0
BCM,60,20240701,170000,5.15625,5.15625,5.01562,5.01562,1944.5333333941,0
BCM,60,20240702,100000,5.39062,5.39062,5.39062,5.39062,42.666666668,0
BCM,60,20240702,130000,5.01562,5.01562,5.01562,5.01562,533.33333335,0
BCM,60,20240702,160000,5.01562,5.01562,4.96875,4.96875,1107.2000000346,0
BCM,60,20240702,170000,4.92187,4.92187,4.92187,4.92187,1600.00000005,0
BCM,60,20240703,100000,5.0625,5.0625,5.0625,5.0625,161.0666666717,0
BCM,60,20240703,150000,4.92187,4.92187,4.92187,4.92187,1104.0000000345,0
BCM,60,20240703,170000,5.0625,5.0625,4.92187,4.92187,293.3333333425,0
BCM,60,20240704,100000,5.0625,5.0625,4.92187,4.92187,780.8000000244,0
BCM,60,20240704,140000,4.96875,4.96875,4.875,4.875,3626.66666678,0
BCM,60,20240704,170000,4.875,4.875,4.82812,4.82812,3641.6000001138,0
BCM,60,20240705,100000,5.0625,5.0625,5.0625,5.0625,2.1333333334,0
BCM,60,20240705,110000,4.92187,4.92187,4.92187,4.92187,13.8666666671,0
BCM,60,20240705,120000,4.78125,4.78125,4.78125,4.78125,36.2666666678,0
BCM,60,20240705,130000,4.92187,4.96875,4.92187,4.96875,1860.2666667248,0
BCM,60,20240705,150000,4.82812,4.82812,4.82812,4.82812,266.666666675,0
BCM,60,20240705,170000,4.96875,4.96875,4.96875,4.96875,10.666666667,0
BCM,60,20240708,100000,5.0625,5.0625,5.0625,5.0625,10.666666667,0
BCM,60,20240708,160000,5.01562,5.01562,5.01562,5.01562,5.3333333335,0
BCM,60,20240709,100000,5.0625,5.0625,5.0625,5.0625,10.666666667,0
BCM,60,20240709,130000,4.82812,4.82812,4.82812,4.82812,586.666666685,0
BCM,60,20240709,140000,4.82812,4.82812,4.73437,4.73437,2090.666666732,0
BCM,60,20240709,170000,4.73437,4.73437,4.73437,4.73437,640.00000002,0
BCM,60,20240710,100000,4.96875,4.96875,4.96875,4.96875,2.1333333334,0
BCM,60,20240710,170000,4.96875,4.96875,4.96875,4.96875,8.5333333336,0
BCM,60,20240711,100000,4.96875,4.96875,4.96875,4.96875,2.1333333334,0
BCM,60,20240711,130000,4.6875,4.6875,4.59375,4.6875,4282.6666668005,0
BCM,60,20240711,150000,4.6875,4.6875,4.6875,4.6875,117.333333337,0
BCM,60,20240712,100000,4.6875,4.6875,4.63125,4.6875,1869.8666667251,0
BCM,60,20240712,110000,4.575,4.575,4.575,4.575,160.000000005,0
BCM,60,20240712,120000,4.6875,4.6875,4.6875,4.6875,1066.6666667,0
BCM,60,20240712,130000,4.82812,4.82812,4.82812,4.82812,26.6666666675,0
BCM,60,20240712,170000,4.63125,4.63125,4.63125,4.63125,248.5333333411,0
BCM,60,20240715,100000,4.63125,4.82812,4.63125,4.82812,1642.666666718,0
BCM,60,20240715,130000,4.63125,4.63125,4.63125,4.63125,21.333333334,0
BCM,60,20240715,150000,4.63125,4.63125,4.63125,4.63125,547.2000000171,0
BCM,60,20240715,160000,4.63125,4.63125,4.63125,4.63125,533.33333335,0
BCM,60,20240715,170000,4.63125,4.63125,4.40625,4.55625,2402.1333334084,0
BCM,60,20240716,100000,4.48125,4.6875,4.48125,4.6875,80.0000000025,0
BCM,60,20240716,120000,4.5,4.5,4.5,4.5,493.8666666821,0
BCM,60,20240716,140000,4.5,4.5,4.5,4.5,510.93333334929997,0
BCM,60,20240716,150000,4.5375,4.5375,4.5,4.5,734.9333333563,0
BCM,60,20240716,160000,4.5375,4.5375,4.5375,4.5375,320.00000001,0
BCM,60,20240716,170000,4.5,4.5,4.48125,4.48125,1351.4666667089,0
BCM,60,20240717,100000,4.48125,4.48125,4.48125,4.48125,236.8000000074,0
BCM,60,20240717,120000,4.48125,4.48125,4.48125,4.48125,1866.666666725,0
BCM,60,20240717,140000,4.40625,4.40625,4.40625,4.40625,227.2000000071,0
BCM,60,20240717,150000,4.35,4.35,4.21875,4.21875,1965.8666667281,0
BCM,60,20240717,160000,4.2375,4.2375,4.125,4.125,659.2000000206,0
BCM,60,20240717,170000,4.3125,4.3125,4.125,4.125,729.6000000228,0
BCM,60,20240718,100000,4.3125,4.6875,4.3125,4.4625,3991.4666667914,0
BCM,60,20240718,110000,4.5375,4.5375,4.5375,4.5375,150.4000000047,0
BCM,60,20240718,120000,4.44375,4.5375,4.40625,4.40625,3666.1333334479,0
BCM,60,20240718,130000,4.40625,4.40625,4.35,4.35,1602.1333333834,0
BCM,60,20240718,140000,4.2375,4.2375,4.2375,4.2375,57.6000000018,0
BCM,60,20240718,150000,4.2375,4.2375,4.2375,4.2375,465.0666666812,0
BCM,60,20240718,160000,4.2375,4.2375,4.2375,4.2375,529.0666666832,0
BCM,60,20240718,170000,4.25625,4.25625,4.25625,4.25625,554.666666684,0
BCM,60,20240719,100000,4.44375,4.44375,4.25625,4.3125,1745.0666667212,0
BCM,60,20240719,110000,4.3125,4.3125,4.275,4.275,256.000000008,0
BCM,60,20240719,120000,4.275,4.275,4.21875,4.21875,4074.666666794,0
BCM,60,20240719,130000,4.21875,4.2375,4.21875,4.21875,256.000000008,0
BCM,60,20240719,140000,4.21875,4.21875,4.21875,4.21875,256.000000008,0
BCM,60,20240719,150000,4.21875,4.21875,4.14375,4.1625,251.7333333412,0
BCM,60,20240719,160000,4.1625,4.1625,4.1625,4.1625,240.0000000075,0
BCM,60,20240719,170000,4.1625,4.29375,4.1625,4.29375,325.3333333435,0
BCM,60,20240722,100000,4.29375,4.29375,4.29375,4.29375,477.8666666816,0
BCM,60,20240722,110000,4.14375,4.14375,4.14375,4.14375,277.333333342,0
BCM,60,20240722,120000,4.14375,4.14375,4.125,4.125,6777.6000002118,0
BCM,60,20240722,130000,4.0875,4.0875,4.0125,4.0125,1353.6000000423,0
BCM,60,20240722,150000,4.0125,4.0125,4.0125,4.0125,90.6666666695,0
BCM,60,20240722,170000,3.975,3.975,3.975,3.975,480.000000015,0
BCM,60,20240723,100000,3.99375,3.99375,3.99375,3.99375,442.6666666805,0
BCM,60,20240723,120000,3.99375,3.99375,3.99375,3.99375,1.0666666667,0
BCM,60,20240723,130000,3.99375,3.99375,3.99375,3.99375,305.0666666762,0
BCM,60,20240723,160000,3.99375,3.99375,3.99375,3.99375,2.1333333334,0
BCM,60,20240723,170000,3.9375,3.9375,3.9375,3.9375,891.7333333612,0
BCM,60,20240724,100000,4.21875,4.21875,4.21875,4.21875,3.2000000001,0
BCM,60,20240724,160000,4.21875,4.21875,4.06875,4.06875,812.8000000254,0
BCM,60,20240725,100000,4.06875,4.06875,4.06875,4.06875,71.4666666689,0
BCM,60,20240725,110000,4.05,4.05,3.9375,3.9375,42.666666668,0
BCM,60,20240725,160000,4.05,4.05,4.05,4.05,4.2666666668,0
BCM,60,20240725,170000,3.95625,3.95625,3.9,3.9,1066.6666667,0
BCM,60,20240726,100000,4.05,4.05,4.05,4.05,5.3333333335,0
BCM,60,20240726,140000,3.9,3.9,3.88125,3.88125,2657.0666667497,0
BCM,60,20240726,160000,3.825,3.825,3.825,3.825,469.333333348,0
BCM,60,20240726,170000,3.825,3.825,3.825,3.825,38.4000000012,0
BCM,60,20240729,100000,3.7875,3.95625,3.7875,3.95625,800.000000025,0
BCM,60,20240729,120000,3.9375,3.9375,3.9375,3.9375,68.2666666688,0
BCM,60,20240731,100000,4.05,4.21875,4.03125,4.2,509.8666666826,0
BCM,60,20240731,130000,4.03125,4.03125,4.03125,4.03125,4.2666666668,0
BCM,60,20240731,170000,3.9,3.9,3.9,3.9,533.33333335,0
BCM,60,20240801,100000,4.2,4.2,4.0125,4.0125,244.2666666743,0
BCM,60,20240801,120000,4.0125,4.0125,3.9,3.9,341.333333344,0
BCM,60,20240802,100000,3.9,3.9,3.9,3.9,292.2666666758,0
BCM,60,20240802,130000,3.9,3.9,3.75,3.75,1472.000000046,0
BCM,60,20240802,170000,3.75,3.75,3.73125,3.73125,2372.2666667408,0
BCM,60,20240805,100000,3.88125,3.88125,3.88125,3.88125,3.2000000001,0
BCM,60,20240805,120000,3.8625,3.8625,3.8625,3.8625,90.6666666695,0
BCM,60,20240805,150000,3.88125,3.88125,3.88125,3.88125,12.8000000004,0
BCM,60,20240805,160000,3.88125,3.88125,3.88125,3.88125,106.66666667,0
BCM,60,20240807,100000,3.88125,3.99375,3.88125,3.99375,10.666666667,0
BCM,60,20240807,140000,3.8625,3.8625,3.8625,3.8625,533.33333335,0
BCM,60,20240808,100000,3.99375,3.99375,3.99375,3.99375,5.3333333335,0
BCM,60,20240808,110000,3.95625,3.95625,3.95625,3.95625,177.0666666722,0
BCM,60,20240809,100000,3.95625,3.95625,3.9375,3.9375,112.0000000035,0
BCM,60,20240809,130000,3.76875,3.76875,3.76875,3.76875,12.8000000004,0
BCM,60,20240809,170000,3.75,3.75,3.75,3.75,7.4666666669,0
BCM,60,20240812,100000,3.95625,3.95625,3.9375,3.9375,247.4666666744,0
BCM,60,20240812,160000,3.95625,3.99375,3.95625,3.99375,498.1333333489,0
BCM,60,20240812,170000,4.2,4.2,4.2,4.2,32.000000001,0
BCM,60,20240813,100000,4.2,4.2,4.2,4.2,106.66666667,0
BCM,60,20240813,120000,4.18125,4.18125,4.18125,4.18125,213.33333334,0
BCM,60,20240813,130000,4.21875,4.21875,4.21875,4.21875,568.5333333510999,0
BCM,60,20240813,170000,4.25625,4.25625,4.25625,4.25625,321.0666666767,0
BCM,60,20240816,100000,4.25625,4.25625,4.2375,4.2375,177.0666666722,0
BCM,60,20240816,120000,4.18125,4.18125,4.18125,4.18125,21.333333334,0
BCM,60,20240816,130000,4.1625,4.1625,4.03125,4.03125,1066.6666667,0
BCM,60,20240816,140000,4.03125,4.03125,4.03125,4.03125,12.8000000004,0
BCM,60,20240816,160000,4.1625,4.1625,4.1625,4.1625,520.5333333496,0
BCM,60,20240816,170000,4.0125,4.0125,3.99375,3.99375,402.1333333459,0
BCM,60,20240819,100000,3.99375,4.2375,3.99375,4.0125,405.333333346,0
BCM,60,20240819,120000,4.0875,4.0875,4.0875,4.0875,533.33333335,0
BCM,60,20240819,140000,4.0875,4.0875,4.0875,4.0875,373.33333334499997,0
BCM,60,20240819,170000,4.0875,4.0875,4.0875,4.0875,1813.33333339,0
BCM,60,20240820,100000,4.0875,4.2,4.05,4.05,268.8000000084,0
BCM,60,20240820,120000,4.05,4.05,4.03125,4.03125,160.000000005,0
BCM,60,20240820,130000,4.03125,4.03125,4.03125,4.03125,106.66666667,0
BCM,60,20240820,160000,4.1625,4.18125,4.1625,4.18125,320.00000001,0
BCM,60,20240821,100000,4.18125,4.18125,4.18125,4.18125,1066.6666667,0
BCM,60,20240821,120000,4.1625,4.2,4.1625,4.2,2922.666666758,0
BCM,60,20240821,170000,4.2,4.2,4.2,4.2,251.7333333412,0
BCM,60,20240822,100000,4.275,4.275,4.275,4.275,2.1333333334,0
BCM,60,20240822,120000,4.2375,4.2375,4.21875,4.21875,2765.8666667531,0
BCM,60,20240822,130000,4.25625,4.25625,4.25625,4.25625,266.666666675,0
BCM,60,20240823,100000,4.25625,4.29375,4.25625,4.29375,5680.0000001775,0
BCM,60,20240823,160000,4.29375,4.29375,4.275,4.275,1325.8666667081,0
BCM,60,20240826,100000,4.425,4.425,4.425,4.425,80.0000000025,0
BCM,60,20240826,160000,4.29375,4.29375,4.29375,4.29375,309.333333343,0
BCM,60,20240827,100000,4.44375,4.44375,4.44375,4.44375,642.1333333534,0
BCM,60,20240827,110000,4.44375,4.44375,4.44375,4.44375,1145.6000000358,0
BCM,60,20240827,120000,4.4625,4.48125,4.4625,4.48125,277.333333342,0
BCM,60,20240827,170000,4.48125,4.48125,4.48125,4.48125,42.666666668,0
BCM,60,20240828,100000,4.48125,4.48125,4.4625,4.4625,48.0000000015,0
BCM,60,20240828,130000,4.3125,4.3125,4.3125,4.3125,64.000000002,0
BCM,60,20240828,160000,4.4625,4.4625,4.4625,4.4625,4.2666666668,0
BCM,60,20240829,100000,4.4625,4.4625,4.4625,4.4625,3.2000000001,0
BCM,60,20240829,150000,4.44375,4.44375,4.44375,4.44375,1066.6666667,0
BCM,60,20240829,160000,4.44375,4.5,4.44375,4.4625,2666.66666675,0
BCM,60,20240830,100000,4.40625,4.40625,4.40625,4.40625,2054.4000000642,0
BCM,60,20240830,110000,4.40625,4.40625,4.40625,4.40625,2085.3333333985,0
BCM,60,20240830,170000,4.40625,4.40625,4.40625,4.40625,11.7333333337,0
BCM,60,20240902,100000,4.40625,4.40625,4.29375,4.29375,3884.8000001214,0
BCM,60,20240902,110000,4.3875,4.3875,4.3875,4.3875,612.2666666858,0
BCM,60,20240902,120000,4.3875,4.3875,4.3875,4.3875,320.00000001,0
BCM,60,20240902,130000,4.3875,4.3875,4.3875,4.3875,533.33333335,0
BCM,60,20240902,150000,4.3875,4.3875,4.3875,4.3875,610.1333333524,0
BCM,60,20240902,170000,4.3875,4.3875,4.3875,4.3875,674.1333333544,0
BCM,60,20240903,100000,4.3875,4.40625,4.3875,4.40625,13989.333333771,0
BCM,60,20240903,140000,4.40625,4.40625,4.40625,4.40625,106.66666667,0
BCM,60,20240903,150000,4.3875,4.3875,4.3875,4.3875,2397.8666667416,0
BCM,60,20240903,160000,4.3875,4.3875,4.3875,4.3875,408.5333333461,0
BCM,60,20240903,170000,4.3875,4.3875,4.3875,4.3875,938.666666696,0
BCM,60,20240904,100000,4.40625,4.40625,4.40625,4.40625,3758.9333334508,0
BCM,60,20240904,110000,4.48125,4.48125,4.48125,4.48125,69.3333333355,0
BCM,60,20240904,120000,4.48125,4.51875,4.48125,4.51875,1066.6666667,0
BCM,60,20240904,140000,4.51875,4.51875,4.51875,4.51875,245.33333334099999,0
BCM,60,20240904,150000,4.51875,4.5375,4.51875,4.5375,6202.6666668605,0
BCM,60,20240904,160000,4.51875,4.51875,4.51875,4.51875,278.4000000087,0
BCM,60,20240904,170000,4.51875,4.51875,4.5,4.5,519.4666666829,0
BCM,60,20240905,100000,4.58,4.58,4.58,4.58,5,0
BCM,60,20240905,160000,4.5,4.54,4.48,4.54,595,0
BCM,60,20240906,100000,4.76,4.76,4.48,4.48,79,0
BCM,60,20240906,170000,4.66,4.66,4.66,4.66,15,0
BCM,60,20240911,100000,4.66,4.66,4.48,4.62,1617,0
BCM,60,20240911,130000,4.5,4.5,4.5,4.5,636,0
BCM,60,20240911,150000,4.5,4.62,4.48,4.62,1905,0
BCM,60,20240911,160000,4.48,4.48,4.48,4.48,232,0
BCM,60,20240911,170000,4.48,4.48,4.4,4.4,1400,0
BCM,60,20240912,100000,4.62,4.62,4.58,4.58,59,0
BCM,60,20240912,120000,4.58,4.58,4.58,4.58,43,0
BCM,60,20240912,150000,4.5,4.5,4.5,4.5,5,0
BCM,60,20240913,100000,4.5,4.5,4.24,4.32,2211,0
BCM,60,20240913,160000,4.46,4.46,4.46,4.46,500,0
BCM,60,20240913,170000,4.42,4.42,4.28,4.28,1809,0
BCM,60,20240917,100000,4.28,4.6,4.28,4.6,13,0
BCM,60,20240917,110000,4.28,4.28,4.28,4.28,70,0
BCM,60,20240917,170000,4.28,4.28,4.28,4.28,6,0
BCM,60,20240918,100000,4.6,4.6,4.6,4.6,3,0
BCM,60,20240918,170000,4.6,4.6,4.6,4.6,8,0
BCM,60,20240920,100000,4.6,4.6,4.6,4.6,28,0
BCM,60,20240920,140000,4.28,4.28,4.28,4.28,192,0
BCM,60,20240920,150000,4.38,4.38,4.38,4.38,113,0
BCM,60,20240923,100000,4.6,4.6,4.6,4.6,3,0
BCM,60,20240923,150000,4.38,4.38,4.38,4.38,105,0
BCM,60,20240924,100000,4.6,4.6,4.38,4.38,1855,0
BCM,60,20240924,110000,4.54,4.54,4.54,4.54,90,0
BCM,60,20240924,120000,4.54,4.54,4.54,4.54,46,0
BCM,60,20240924,130000,4.36,4.36,4.36,4.36,200,0
BCM,60,20240924,140000,4.36,4.36,4.36,4.36,640,0
BCM,60,20240925,100000,4.58,4.58,4.58,4.58,3,0
BCM,60,20240925,120000,4.54,4.54,4.54,4.54,4,0
BCM,60,20240925,130000,4.54,4.54,4.54,4.54,4,0
BCM,60,20240925,160000,4.4,4.4,4.4,4.4,185,0
BCM,60,20240926,100000,4.58,4.58,4.58,4.58,2,0
BCM,60,20240926,110000,4.36,4.36,4.36,4.36,2518,0
BCM,60,20240927,100000,4.5,4.5,4.5,4.5,3,0
BCM,60,20240927,110000,4.34,4.5,4.34,4.5,868,0
BCM,60,20240927,170000,4.34,4.34,4.34,4.34,1,0
BCM,60,20240930,100000,4.5,4.5,4.5,4.5,3,0
BCM,60,20240930,140000,4.4,4.4,4.4,4.4,112,0
BCM,60,20241001,100000,4.5,4.5,4.5,4.5,14,0
BCM,60,20241001,170000,4.44,4.44,4.44,4.44,42,0
BCM,60,20241002,100000,4.44,4.44,4.44,4.44,50,0
BCM,60,20241002,140000,4.34,4.34,4.3,4.3,2000,0
BCM,60,20241002,170000,4.3,4.3,4.3,4.3,311,0
BCM,60,20241003,100000,4.44,4.44,4.44,4.44,20,0
BCM,60,20241003,110000,4.4,4.4,4.4,4.4,105,0
BCM,60,20241003,160000,4.3,4.3,4.3,4.3,1591,0
BCM,60,20241007,100000,4.42,4.42,4.4,4.4,88,0
BCM,60,20241007,120000,4.38,4.38,4.22,4.22,1381,0
BCM,60,20241007,170000,4.24,4.24,4.24,4.24,199,0
BCM,60,20241008,100000,4.24,4.24,4.24,4.24,1,0
BCM,60,20241008,140000,4.24,4.24,4.24,4.24,185,0
BCM,60,20241008,150000,4.24,4.24,4.24,4.24,213,0
BCM,60,20241008,170000,4.24,4.24,4.22,4.22,600,0
BCM,60,20241009,100000,4.38,4.38,4.38,4.38,135,0
BCM,60,20241009,120000,4.24,4.24,4.24,4.24,280,0
BCM,60,20241010,100000,4.24,4.24,4.24,4.24,5,0
BCM,60,20241010,130000,4.38,4.38,4.38,4.38,50,0
BCM,60,20241010,160000,4.24,4.24,4.2,4.2,3355,0
BCM,60,20241011,100000,4.38,4.38,4.38,4.38,5,0
BCM,60,20241011,130000,4.2,4.2,4.2,4.2,200,0
BCM,60,20241014,100000,4.38,4.38,4.2,4.2,2503,0
BCM,60,20241014,170000,4.18,4.18,4.18,4.18,330,0
BCM,60,20241015,100000,4.38,4.38,4.18,4.18,206,0
BCM,60,20241015,110000,4.36,4.36,4.36,4.36,20,0
BCM,60,20241015,120000,4.18,4.18,4.18,4.18,500,0
BCM,60,20241015,170000,4.34,4.34,4.34,4.34,100,0
BCM,60,20241016,100000,4.34,4.34,4.34,4.34,3,0
BCM,60,20241016,120000,4.18,4.18,4.18,4.18,50,0
BCM,60,20241016,160000,4.34,4.34,4.34,4.34,6,0
BCM,60,20241016,170000,4.34,4.34,4.34,4.34,50,0
BCM,60,20241018,100000,4.34,4.34,4.34,4.34,64,0
BCM,60,20241018,150000,4.18,4.18,4.18,4.18,1350,0
BCM,60,20241018,160000,4.18,4.18,4.18,4.18,350,0
BCM,60,20241018,170000,4.34,4.34,4.34,4.34,10,0
BCM,60,20241021,100000,4.12,4.3,4.12,4.3,351,0
BCM,60,20241021,120000,4.3,4.3,4.3,4.3,90,0
BCM,60,20241021,170000,4.34,4.34,4.34,4.34,10,0
BCM,60,20241023,100000,4.34,4.34,4.34,4.34,40,0
BCM,60,20241023,110000,4.2,4.2,4.2,4.2,51,0
BCM,60,20241029,100000,4.34,4.34,4.2,4.2,592,0
BCM,60,20241029,160000,4.34,4.34,4.34,4.34,9,0
BCM,60,20241030,100000,4.2,4.2,4.2,4.2,175,0
BCM,60,20241030,110000,4.14,4.14,4.14,4.14,500,0
BCM,60,20241030,170000,4.3,4.3,4.3,4.3,9,0
BCM,60,20241104,100000,4.34,4.34,4.12,4.12,358,0
BCM,60,20241104,120000,4.26,4.26,4.26,4.26,5,0
BCM,60,20241104,140000,4.3,4.3,4.3,4.3,50,0
BCM,60,20241106,100000,4.3,4.3,4.3,4.3,45,0
BCM,60,20241106,150000,4.14,4.14,4.14,4.14,824,0
BCM,60,20241107,100000,4.14,4.14,4.14,4.14,150,0
BCM,60,20241107,140000,4.14,4.14,4.12,4.12,300,0
BCM,60,20241108,100000,4.3,4.3,4.12,4.12,365,0
BCM,60,20241108,150000,4.12,4.12,4.12,4.12,30,0
BCM,60,20241114,100000,4.3,4.34,4.28,4.28,740,0
BCM,60,20241114,170000,4.34,4.34,4.34,4.34,12,0
BCM,60,20241115,100000,4.36,4.36,4.36,4.36,15,0
BCM,60,20241115,140000,4.12,4.12,4.1,4.1,250,0
BCM,60,20241118,100000,4.12,4.12,4.12,4.12,1000,0
BCM,60,20241118,110000,4.12,4.12,4.08,4.08,805,0
BCM,60,20241118,170000,4.24,4.24,4.24,4.24,100,0
BCM,60,20241119,100000,4.08,4.08,4.08,4.08,1000,0
BCM,60,20241119,110000,4.06,4.06,4.06,4.06,286,0
BCM,60,20241119,130000,4.1,4.1,4.1,4.1,100,0
BCM,60,20241121,100000,4.36,4.36,4.2,4.36,420,0
BCM,60,20241121,120000,4.04,4.04,4.04,4.04,245,0
BCM,60,20241121,130000,4.04,4.04,4.04,4.04,22,0
BCM,60,20241121,150000,4.2,4.28,4.2,4.28,1500,0
BCM,60,20241121,170000,4.3,4.3,4.3,4.3,100,0
BCM,60,20241125,100000,4.36,4.36,4.3,4.3,38,0
BCM,60,20241125,110000,4.24,4.24,4.24,4.24,50,0
BCM,60,20241126,100000,4.34,4.34,4.16,4.16,65,0
BCM,60,20241126,140000,4.06,4.06,4.06,4.06,350,0
BCM,60,20241126,160000,4.16,4.16,4.1,4.1,155,0
BCM,60,20241126,170000,4.24,4.24,4.24,4.24,50,0
BCM,60,20241127,100000,4.24,4.24,4.06,4.06,1760,0
BCM,60,20241127,110000,4.1,4.1,3.92,4.1,3098,0
BCM,60,20241128,100000,4.26,4.26,4.26,4.26,3,0
BCM,60,20241128,130000,4.14,4.14,4.14,4.14,2000,0
BCM,60,20241202,100000,4.16,4.16,4,4,1515,0
BCM,60,20241202,170000,4.1,4.1,4.1,4.1,50,0
BCM,60,20241203,100000,4.14,4.14,4.14,4.14,6,0
BCM,60,20241203,170000,4.14,4.14,4.14,4.14,9,0
BCM,60,20241204,100000,4,4,4,4,571,0
BCM,60,20241204,110000,3.98,3.98,3.98,3.98,480,0
BCM,60,20241204,120000,3.98,3.98,3.98,3.98,100,0
BCM,60,20241204,130000,4.1,4.1,4.1,4.1,50,0
BCM,60,20241204,160000,4,4,4,4,145,0
BCM,60,20241205,100000,4,4,4,4,20,0
BCM,60,20241205,120000,4,4,4,4,200,0
BCM,60,20241205,150000,4,4,4,4,35,0
BCM,60,20241206,100000,4,4,4,4,3,0
BCM,60,20241206,110000,3.98,3.98,3.96,3.96,500,0
BCM,60,20241206,140000,4,4,4,4,650,0
BCM,60,20241209,100000,4,4,4,4,600,0
BCM,60,20241209,150000,4.06,4.06,4.06,4.06,20,0
BCM,60,20241209,160000,4.06,4.06,4.06,4.06,100,0
BCM,60,20241210,100000,4.26,4.3,4.2,4.2,1900,0
BCM,60,20241210,120000,4.22,4.22,4.22,4.22,100,0
BCM,60,20241210,130000,4.2,4.2,4.2,4.2,7,0
BCM,60,20241210,140000,4.2,4.2,4.2,4.2,20,0
BCM,60,20241210,170000,4.14,4.14,4.14,4.14,16,0
BCM,60,20241211,100000,4.14,4.14,4.1,4.12,4084,0
BCM,60,20241211,130000,4.04,4.04,4.04,4.04,233,0
BCM,60,20241212,100000,4.06,4.06,4.06,4.06,1000,0
BCM,60,20241212,110000,4.1,4.1,4.06,4.06,1223,0
BCM,60,20241213,100000,4.1,4.1,4.1,4.1,3,0
BCM,60,20241213,120000,4.04,4.04,4.02,4.02,171,0
BCM,60,20241213,170000,4,4,4,4,3234,0
BCM,60,20241216,100000,4.1,4.1,4.1,4.1,2,0
BCM,60,20241216,120000,4.1,4.18,4.1,4.18,1560,0
BCM,60,20241217,100000,4.18,4.18,4.02,4.02,2000,0
BCM,60,20241217,120000,4.1,4.1,4.1,4.1,50,0
BCM,60,20241217,140000,4.1,4.1,4.1,4.1,1000,0
BCM,60,20241218,100000,4.18,4.18,4.18,4.18,3,0
BCM,60,20241218,130000,4.02,4.02,4.02,4.02,162,0
BCM,60,20241218,140000,4.02,4.02,4.02,4.02,100,0
BCM,60,20241218,170000,4.02,4.02,4.02,4.02,200,0
BCM,60,20241219,100000,4.18,4.18,4.18,4.18,17,0
BCM,60,20241219,140000,4.16,4.16,4.16,4.16,50,0
BCM,60,20241219,150000,4.02,4.02,4.02,4.02,1582,0
BCM,60,20241219,160000,3.98,3.98,3.98,3.98,265,0
BCM,60,20241219,170000,3.98,4.06,3.92,4.06,541,0
BCM,60,20241220,100000,4.16,4.16,4.16,4.16,3,0
BCM,60,20241220,130000,4.04,4.04,4.04,4.04,600,0
BCM,60,20241220,160000,4.04,4.06,3.92,4.06,4888,0
BCM,60,20241220,170000,4.14,4.14,4.14,4.14,75,0
BCM,60,20241223,100000,4.14,4.14,4.1,4.1,141,0
BCM,60,20241223,110000,4.12,4.12,4.12,4.12,434,0
BCM,60,20241223,120000,4.1,4.1,4.08,4.08,51,0
BCM,60,20241223,150000,4.02,4.02,4.02,4.02,716,0
BCM,60,20241223,160000,4.02,4.02,4.02,4.02,50,0
BCM,60,20241227,100000,4.02,4.12,4.02,4.12,2088,0
BCM,60,20241227,130000,4.06,4.06,4.06,4.06,582,0
BCM,60,20241227,140000,4.12,4.12,4.12,4.12,900,0
BCM,60,20241227,150000,4.12,4.12,4.12,4.12,120,0
BCM,60,20250102,100000,4.12,4.12,4.12,4.12,630,0
BCM,60,20250102,140000,4.12,4.12,4.12,4.12,314,0
BCM,60,20250103,100000,4.16,4.16,4.12,4.12,479,0
BCM,60,20250103,130000,4.12,4.12,4.12,4.12,356,0
BCM,60,20250108,100000,4.16,4.16,4.16,4.16,20,0
BCM,60,20250108,130000,4.16,4.16,4.16,4.16,10,0
BCM,60,20250108,140000,4.06,4.06,4.06,4.06,688,0
BCM,60,20250109,100000,4.16,4.16,4.16,4.16,3,0
BCM,60,20250109,170000,4.16,4.16,4.16,4.16,75,0
BCM,60,20250110,100000,4.16,4.16,4.16,4.16,5,0
BCM,60,20250110,120000,4.06,4.06,4.06,4.06,1600,0
BCM,60,20250110,130000,4.16,4.16,4.16,4.16,110,0
BCM,60,20250115,100000,4.26,4.26,4.16,4.26,7,0
BCM,60,20250115,170000,4.04,4.04,4.04,4.04,304,0
BCM,60,20250116,100000,4.16,4.16,4.16,4.16,9,0
BCM,60,20250116,130000,4.16,4.18,4.16,4.18,1075,0
BCM,60,20250116,140000,4.16,4.16,4.04,4.04,600,0
BCM,60,20250117,100000,4.1,4.1,4.1,4.1,5,0
BCM,60,20250117,150000,4.1,4.1,4.1,4.1,1700,0
BCM,60,20250120,100000,4.1,4.1,4.1,4.1,200,0
BCM,60,20250120,160000,4.14,4.14,4.06,4.06,1200,0
BCM,60,20250120,170000,4.18,4.18,4.18,4.18,10,0
BCM,60,20250121,100000,4.08,4.08,4.08,4.08,2000,0
BCM,60,20250121,150000,4.16,4.16,4.16,4.16,668,0
BCM,60,20250121,160000,4.1,4.1,4.1,4.1,500,0
BCM,60,20250122,100000,4.1,4.16,4.1,4.16,2410,0
BCM,60,20250122,110000,4.16,4.16,4.16,4.16,700,0
BCM,60,20250122,120000,4.14,4.14,4.14,4.14,2000,0
BCM,60,20250123,100000,4.1,4.1,4.1,4.1,500,0
BCM,60,20250123,160000,4.18,4.18,4.18,4.18,800,0
BCM,60,20250124,100000,4.2,4.2,4.2,4.2,5,0
BCM,60,20250124,130000,4.12,4.12,4.12,4.12,900,0
BCM,60,20250127,120000,4.12,4.12,4.12,4.12,1282,0
BCM,60,20250127,130000,4.18,4.18,4.18,4.18,650,0
BCM,60,20250127,140000,4.18,4.18,4.18,4.18,3,0
BCM,60,20250129,100000,4.16,4.16,4.16,4.16,28,0
BCM,60,20250129,170000,4.16,4.16,4.16,4.16,200,0
BCM,60,20250130,100000,4.16,4.16,4.16,4.16,3,0
BCM,60,20250130,120000,4.16,4.16,4.16,4.16,309,0
BCM,60,20250131,100000,4.14,4.14,4.14,4.14,990,0
BCM,60,20250131,150000,4.06,4.06,4.06,4.06,450,0
BCM,60,20250131,160000,4.06,4.06,4.06,4.06,500,0
BCM,60,20250204,100000,4.16,4.16,4.16,4.16,6,0
BCM,60,20250204,140000,4.06,4.06,4.06,4.06,54,0
BCM,60,20250204,150000,4.16,4.16,4.16,4.16,3,0
BCM,60,20250205,100000,4.16,4.16,4.16,4.16,2,0
BCM,60,20250205,110000,4.16,4.16,4.16,4.16,90,0
BCM,60,20250205,150000,4.06,4.06,4.06,4.06,1450,0
BCM,60,20250206,100000,4.16,4.16,4.16,4.16,60,0
BCM,60,20250206,110000,4.16,4.16,4.16,4.16,50,0
BCM,60,20250206,160000,4.16,4.16,4.16,4.16,6,0
BCM,60,20250210,100000,4.16,4.16,4.16,4.16,293,0
BCM,60,20250210,110000,4.06,4.16,4.06,4.16,319,0
BCM,60,20250210,140000,4.06,4.06,4.06,4.06,130,0
BCM,60,20250210,170000,4.06,4.06,4.04,4.04,500,0
BCM,60,20250211,100000,4.06,4.06,4.06,4.06,5,0
BCM,60,20250211,110000,4.06,4.06,4.06,4.06,500,0
BCM,60,20250211,170000,4.16,4.16,4.16,4.16,120,0
BCM,60,20250214,100000,4.04,4.16,4.04,4.16,311,0
BCM,60,20250214,120000,4.1,4.1,4.06,4.06,1500,0
BCM,60,20250214,150000,4.1,4.1,4.1,4.1,48,0
BCM,60,20250214,160000,4.1,4.1,4.1,4.1,40,0
BCM,60,20250217,100000,4.16,4.16,4.16,4.16,200,0
BCM,60,20250217,120000,4.16,4.16,4.16,4.16,300,0
BCM,60,20250217,130000,4.12,4.12,4.12,4.12,300,0
BCM,60,20250218,100000,4.16,4.2,4.16,4.2,2007,0
BCM,60,20250218,110000,4.2,4.38,4.14,4.28,4709,0
BCM,60,20250218,120000,4.1,4.1,4.1,4.1,640,0
BCM,60,20250218,140000,4.22,4.22,4.22,4.22,250,0
BCM,60,20250218,160000,4.14,4.14,4.08,4.08,3629,0
BCM,60,20250218,170000,4.24,4.24,4.24,4.24,50,0
BCM,60,20250219,100000,4.24,4.24,4.24,4.24,1000,0
BCM,60,20250219,130000,4.2,4.2,4.2,4.2,1200,0
BCM,60,20250219,160000,4.24,4.24,4.24,4.24,190,0
BCM,60,20250220,100000,4.24,4.24,4.24,4.24,3,0
BCM,60,20250220,110000,4.24,4.24,4.24,4.24,93,0
BCM,60,20250220,120000,4.24,4.24,4.24,4.24,1500,0
BCM,60,20250220,130000,4.2,4.2,4.2,4.2,500,0
BCM,60,20250221,100000,4.1,4.1,4.1,4.1,4635,0
BCM,60,20250221,110000,4.1,4.1,4.1,4.1,164,0
BCM,60,20250225,100000,4.34,4.34,4.26,4.26,26,0
BCM,60,20250225,150000,4.26,4.26,4.26,4.26,16,0
BCM,60,20250225,160000,4.12,4.12,4.12,4.12,300,0
BCM,60,20250227,100000,4.12,4.24,4.12,4.24,312,0
BCM,60,20250227,170000,4.24,4.24,4.24,4.24,11,0
BCM,60,20250228,100000,4.24,4.24,4.24,4.24,100,0
BCM,60,20250228,150000,4.12,4.12,4.12,4.12,200,0
BCM,60,20250228,170000,4.24,4.24,4.24,4.24,15,0
BCM,60,20250303,100000,4.26,4.26,4.26,4.26,3358,0
BCM,60,20250303,110000,4.26,4.26,4.26,4.26,30,0
BCM,60,20250303,130000,4.24,4.24,4.24,4.24,15,0
BCM,60,20250304,100000,4.24,4.24,4.12,4.12,2848,0
BCM,60,20250304,120000,4.2,4.2,4.2,4.2,25,0
BCM,60,20250304,170000,4.16,4.16,4.16,4.16,580,0
BCM,60,20250305,100000,4.22,4.22,4.22,4.22,15,0
BCM,60,20250305,120000,4.2,4.2,4.2,4.2,45,0
BCM,60,20250305,130000,4.14,4.14,4.14,4.14,300,0
BCM,60,20250306,100000,4.22,4.22,4.22,4.22,25,0
BCM,60,20250306,120000,4.14,4.14,4.14,4.14,625,0
BCM,60,20250306,160000,4.12,4.12,4.12,4.12,1200,0
BCM,60,20250307,100000,4.14,4.14,4.14,4.14,650,0
BCM,60,20250307,110000,4.14,4.14,4.14,4.14,500,0
BCM,60,20250307,130000,4.14,4.14,4.14,4.14,10,0
BCM,60,20250307,170000,4.12,4.14,4.12,4.14,2040,0
BCM,60,20250310,100000,4.16,4.16,4.06,4.06,1850,0
BCM,60,20250310,160000,4.16,4.16,4.16,4.16,80,0
BCM,60,20250311,100000,4.16,4.16,4.16,4.16,5,0
BCM,60,20250311,120000,4.16,4.16,4.16,4.16,10,0
BCM,60,20250311,170000,4.16,4.16,4.16,4.16,2,0
BCM,60,20250312,100000,4.16,4.16,4.16,4.16,15,0
BCM,60,20250312,140000,4.08,4.08,4.08,4.08,1475,0
BCM,60,20250312,150000,4.08,4.08,4.08,4.08,1890,0
BCM,60,20250313,100000,4.16,4.16,4.16,4.16,15,0
BCM,60,20250313,120000,4.16,4.16,4.16,4.16,220,0
BCM,60,20250314,100000,4.16,4.16,4.16,4.16,15,0
BCM,60,20250314,150000,4.16,4.18,4.16,4.18,3000,0
BCM,60,20250314,170000,4.18,4.18,4.18,4.18,94,0
BCM,60,20250317,100000,4.22,4.22,4.22,4.22,5,0
BCM,60,20250317,120000,4.18,4.18,4.18,4.18,53,0
BCM,60,20250317,140000,4.08,4.08,4.06,4.06,3500,0
BCM,60,20250317,150000,4.06,4.06,4.06,4.06,30,0
BCM,60,20250318,100000,4.16,4.16,4.16,4.16,15,0
BCM,60,20250318,130000,4.16,4.16,4.16,4.16,13,0
BCM,60,20250318,140000,4.16,4.18,4.16,4.18,1932,0
BCM,60,20250318,170000,4.2,4.2,4.2,4.2,100,0
BCM,60,20250324,100000,4.22,4.22,4.18,4.18,116,0
BCM,60,20250324,140000,4.12,4.12,4.1,4.1,508,0
BCM,60,20250326,100000,4.2,4.2,4.2,4.2,5,0
BCM,60,20250326,120000,4.1,4.1,4.1,4.1,2574,0
BCM,60,20250326,130000,4.18,4.18,4.18,4.18,1945,0
BCM,60,20250327,100000,4.18,4.18,4.18,4.18,3,0
BCM,60,20250327,170000,4.1,4.1,4.1,4.1,1169,0
BCM,60,20250328,100000,4.16,4.16,4.16,4.16,15,0
BCM,60,20250328,130000,4.16,4.16,4.16,4.16,718,0
BCM,60,20250328,150000,4.16,4.16,4.16,4.16,213,0
BCM,60,20250328,170000,4.16,4.16,4.16,4.16,44,0
BCM,60,20250331,100000,4.16,4.16,4.16,4.16,3,0
BCM,60,20250331,110000,4.08,4.16,4.08,4.08,761,0
BCM,60,20250331,140000,4.1,4.1,4.1,4.1,389,0
BCM,60,20250401,100000,4.16,4.16,4.16,4.16,15,0
BCM,60,20250401,110000,4.16,4.16,4.16,4.16,774,0
BCM,60,20250401,120000,4.16,4.16,4.16,4.16,47,0
BCM,60,20250401,130000,4.16,4.3,4.16,4.3,7647,0
BCM,60,20250401,150000,4.26,4.26,4.26,4.26,1,0
BCM,60,20250402,100000,4.2,4.2,4.2,4.2,297,0
BCM,60,20250402,150000,4.18,4.18,4.16,4.16,300,0
BCM,60,20250403,100000,4.2,4.2,4.2,4.2,700,0
BCM,60,20250403,130000,4.2,4.2,4.18,4.18,210,0
BCM,60,20250403,170000,4.18,4.18,4.18,4.18,160,0
BCM,60,20250404,100000,4.18,4.18,4.18,4.18,15,0
BCM,60,20250404,110000,4.18,4.18,4.18,4.18,385,0
BCM,60,20250404,150000,4.18,4.18,4.18,4.18,1115,0
BCM,60,20250404,170000,4.16,4.16,4.16,4.16,200,0
BCM,60,20250408,100000,4.24,4.24,4.12,4.22,5716,0
BCM,60,20250408,130000,4.22,4.22,4.22,4.22,10,0
BCM,60,20250408,160000,4.16,4.16,4.16,4.16,3000,0
BCM,60,20250415,100000,4.22,4.22,4.22,4.22,118,0
BCM,60,20250415,110000,4.22,4.24,4.22,4.24,2000,0
BCM,60,20250415,130000,4.24,4.26,4.24,4.26,700,0
BCM,60,20250416,100000,4.26,4.26,4.18,4.18,212,0
BCM,60,20250416,130000,4.26,4.28,4.26,4.28,2315,0
BCM,60,20250416,140000,4.28,4.5,4.28,4.48,5551,0
BCM,60,20250417,100000,4.38,4.38,4.34,4.34,3399,0
BCM,60,20250417,120000,4.34,4.34,4.34,4.34,61,0
BCM,60,20250422,100000,4.4,4.4,4.3,4.3,434,0
BCM,60,20250422,110000,4.26,4.26,4.26,4.26,952,0
BCM,60,20250422,120000,4.26,4.26,4.22,4.22,3048,0
BCM,60,20250422,150000,4.22,4.36,4.22,4.36,120,0
BCM,60,20250424,100000,4.34,4.34,4.32,4.32,10,0
BCM,60,20250424,140000,4.28,4.28,4.26,4.26,213,0
BCM,60,20250429,100000,4.34,4.46,4.34,4.46,3851,0
BCM,60,20250429,170000,4.44,4.44,4.44,4.44,150,0
BCM,60,20250430,100000,4.44,4.44,4.44,4.44,10,0
BCM,60,20250430,130000,4.44,4.52,4.44,4.52,5999,0
BCM,60,20250430,160000,4.54,4.54,4.54,4.54,300,0
BCM,60,20250505,100000,4.54,4.56,4.54,4.56,20,0
BCM,60,20250505,110000,4.56,4.56,4.56,4.56,200,0
BCM,60,20250505,120000,4.5,4.5,4.4,4.4,786,0
BCM,60,20250505,170000,4.5,4.5,4.5,4.5,50,0
BCM,60,20250506,100000,4.5,4.5,4.5,4.5,5,0
