<TICKER>,<PER>,<DATE>,<TIME>,<OPEN>,<HIGH>,<LOW>,<CLOSE>,<VOL>,<OPENINT>
BIP,60,20240411,100000,23,23,23,23,50,0
BIP,60,20240411,110000,23,23,23,23,25,0
BIP,60,20240411,130000,23,23,23,23,1,0
BIP,60,20240411,160000,22,23,22,23,98,0
BIP,60,20240411,170000,22,22,22,22,5,0
BIP,60,20240412,100000,23,23,23,23,25,0
BIP,60,20240412,120000,23,23,23,23,95,0
BIP,60,20240412,160000,22.6,22.6,22.6,22.6,90,0
BIP,60,20240415,100000,23,23,23,23,5,0
BIP,60,20240415,110000,23,23.8,23,23.8,1116,0
BIP,60,20240415,120000,23.8,24,23.8,24,745,0
BIP,60,20240415,130000,23.8,23.8,23.8,23.8,1,0
BIP,60,20240415,140000,23.8,24,23,24,937,0
BIP,60,20240415,150000,23,23,23,23,340,0
BIP,60,20240415,160000,24,24,23,23,125,0
BIP,60,20240415,170000,23.6,24,23.6,24,50,0
BIP,60,20240416,100000,24,24,24,24,9,0
BIP,60,20240416,110000,23.4,23.4,23.4,23.4,100,0
BIP,60,20240416,130000,23.8,23.8,23.8,23.8,25,0
BIP,60,20240416,140000,23.4,23.8,23,23.8,185,0
BIP,60,20240417,130000,23.8,23.8,23.8,23.8,3,0
BIP,60,20240417,150000,23.8,23.8,23.8,23.8,2,0
BIP,60,20240417,160000,23.8,23.8,23.8,23.8,10,0
BIP,60,20240418,110000,23,24,23,24,220,0
BIP,60,20240418,160000,23.8,23.8,23.8,23.8,3,0
BIP,60,20240419,110000,23.2,23.8,23.2,23.8,19,0
BIP,60,20240419,140000,23.2,23.8,23.2,23.8,35,0
BIP,60,20240422,100000,23.8,23.8,23.8,23.8,18,0
BIP,60,20240424,110000,23.8,23.8,23.2,23.8,201,0
BIP,60,20240424,160000,23.8,23.8,23.8,23.8,10,0
BIP,60,20240425,100000,23,23.2,21,23,765,0
BIP,60,20240425,110000,22.8,22.8,22.8,22.8,35,0
BIP,60,20240425,120000,22,23,22,23,31,0
BIP,60,20240425,170000,22.4,23,22,23,542,0
BIP,60,20240426,100000,22.8,22.8,22.8,22.8,43,0
BIP,60,20240426,150000,22.8,22.8,22.8,22.8,2,0
BIP,60,20240426,170000,22,22,22,22,205,0
BIP,60,20240429,100000,22,22,21.2,21.2,420,0
BIP,60,20240429,110000,21,21,21,21,100,0
BIP,60,20240429,130000,21,21.6,21,21.6,302,0
BIP,60,20240429,160000,21.2,21.6,21.2,21.6,130,0
BIP,60,20240429,170000,21.6,21.6,21.6,21.6,2,0
BIP,60,20240430,100000,21,21.6,21,21.6,22,0
BIP,60,20240430,120000,21,21,21,21,26,0
BIP,60,20240430,130000,21,21,21,21,342,0
BIP,60,20240430,170000,20.2,21,20,21,309,0
BIP,60,20240502,100000,20,20,20,20,148,0
BIP,60,20240502,110000,20.8,20.8,20.8,20.8,4,0
BIP,60,20240502,130000,20,20.8,20,20.8,80,0
BIP,60,20240502,150000,20,20.8,20,20.8,15,0
BIP,60,20240506,100000,20.2,20.8,20,20,1024,0
BIP,60,20240506,110000,19.3,19.3,19.3,19.3,5,0
BIP,60,20240506,120000,20,20,19.3,19.3,145,0
BIP,60,20240506,130000,20,20,20,20,155,0
BIP,60,20240506,140000,19.3,19.3,19.3,19.3,9,0
BIP,60,20240506,150000,19.3,20,19.3,20,55,0
BIP,60,20240506,170000,19.6,19.6,18.4,19,2502,0
BIP,60,20240507,100000,18.9,19,18.9,19,160,0
BIP,60,20240507,110000,19,19,19,19,11,0
BIP,60,20240507,170000,18.7,19,18.5,19,26,0
BIP,60,20240508,100000,19.2,19.2,18.5,19.1,341,0
BIP,60,20240508,110000,19.1,19.2,19.1,19.2,123,0
BIP,60,20240508,120000,19.1,19.1,18.4,19.1,542,0
BIP,60,20240508,160000,19.1,19.1,19.1,19.1,5,0
BIP,60,20240508,170000,18.6,19.2,18.6,19.2,803,0
BIP,60,20240509,100000,19.2,19.2,19.2,19.2,112,0
BIP,60,20240509,120000,19.2,19.2,19.2,19.2,1,0
BIP,60,20240510,130000,19.2,19.2,19.2,19.2,1,0
BIP,60,20240513,100000,19,19.2,19,19.2,84,0
BIP,60,20240513,110000,19,19,19,19,2,0
BIP,60,20240513,120000,19,19,18.4,18.4,565,0
BIP,60,20240513,130000,18.5,18.5,18.4,18.4,319,0
BIP,60,20240513,140000,18.9,18.9,18.5,18.9,209,0
BIP,60,20240513,160000,18.9,19.1,18.9,19.1,97,0
BIP,60,20240513,170000,19.1,19.1,18.4,19,268,0
BIP,60,20240514,120000,18.7,19,18.7,19,209,0
BIP,60,20240515,100000,19.2,19.2,19.2,19.2,3,0
BIP,60,20240516,110000,19,19,18.5,18.5,100,0
BIP,60,20240516,120000,18.5,18.5,18.4,18.4,150,0
BIP,60,20240516,130000,18.7,18.7,18.7,18.7,1,0
BIP,60,20240516,140000,18.7,18.7,17.2,17.9,909,0
BIP,60,20240516,150000,17.9,17.9,17.6,17.6,10,0
BIP,60,20240516,160000,17.9,17.9,17.9,17.9,37,0
BIP,60,20240517,100000,17.6,17.6,17.6,17.6,65,0
BIP,60,20240517,110000,17.7,17.7,17.6,17.6,6,0
BIP,60,20240517,120000,17.6,17.6,17.6,17.6,700,0
BIP,60,20240517,140000,17.7,17.8,17.6,17.6,424,0
BIP,60,20240517,150000,17.6,17.6,17.6,17.6,127,0
BIP,60,20240517,160000,17.5,17.5,17.5,17.5,200,0
BIP,60,20240520,110000,17.7,17.7,17.7,17.7,1,0
BIP,60,20240520,170000,17.7,17.7,17.7,17.7,20,0
BIP,60,20240521,100000,17.7,17.7,17.7,17.7,23,0
BIP,60,20240521,120000,17.6,17.7,17.6,17.7,11,0
BIP,60,20240521,150000,17.6,17.6,17.2,17.2,598,0
BIP,60,20240521,160000,17,17,16.8,16.8,451,0
BIP,60,20240521,170000,16.8,16.8,16.4,16.8,403,0
BIP,60,20240522,100000,16.8,16.8,16.2,16.2,536,0
BIP,60,20240522,110000,16.1,16.8,16.1,16.8,374,0
BIP,60,20240522,120000,16.7,16.7,16.2,16.2,51,0
BIP,60,20240522,140000,16.5,16.5,16.5,16.5,6,0
BIP,60,20240523,100000,16.7,16.8,16.6,16.6,136,0
BIP,60,20240523,110000,16.8,16.8,16.8,16.8,43,0
BIP,60,20240523,120000,16.8,16.8,16.8,16.8,91,0
BIP,60,20240523,130000,16.8,16.8,16.8,16.8,17,0
BIP,60,20240524,100000,16.8,16.8,16.5,16.5,125,0
BIP,60,20240524,120000,16.5,16.5,16.5,16.5,20,0
BIP,60,20240524,130000,16.5,16.5,16.5,16.5,10,0
BIP,60,20240524,170000,16.7,16.8,16.7,16.8,208,0
BIP,60,20240527,100000,16.8,16.8,16.8,16.8,1,0
BIP,60,20240527,110000,16.8,16.8,16.4,16.4,120,0
BIP,60,20240527,140000,16.8,16.8,16.8,16.8,1,0
BIP,60,20240528,100000,16.8,16.8,16.8,16.8,91,0
BIP,60,20240528,110000,16.5,16.5,16.1,16.1,860,0
BIP,60,20240528,120000,16.6,16.7,16.6,16.7,196,0
BIP,60,20240528,160000,16.2,16.2,16.2,16.2,100,0
BIP,60,20240528,170000,16.1,16.6,16.1,16.6,195,0
BIP,60,20240529,130000,16.6,16.6,16.6,16.6,1,0
BIP,60,20240529,170000,16.2,16.8,16.1,16.8,310,0
BIP,60,20240531,120000,16.8,16.8,16.8,16.8,1,0
BIP,60,20240531,150000,16.2,16.2,16.1,16.1,233,0
BIP,60,20240531,170000,16.2,16.2,16.2,16.2,70,0
BIP,60,20240603,100000,16.6,16.6,16.6,16.6,1,0
BIP,60,20240603,110000,16.3,16.3,16.3,16.3,3,0
BIP,60,20240603,120000,16.1,16.1,16.1,16.1,6,0
BIP,60,20240603,130000,16.1,16.1,16.1,16.1,190,0
BIP,60,20240603,140000,16.1,17.8,15.2,17.8,2931,0
BIP,60,20240603,150000,16,17,16,17,703,0
BIP,60,20240603,170000,16.6,16.6,16,16,241,0
BIP,60,20240604,100000,16,16.5,16,16.5,461,0
BIP,60,20240604,110000,16.5,17.3,16.5,17,1070,0
BIP,60,20240604,120000,16.6,17.1,16.6,17.1,395,0
BIP,60,20240604,130000,17,17,17,17,29,0
BIP,60,20240604,140000,16.6,16.6,16.6,16.6,291,0
BIP,60,20240604,150000,16.6,17,15.7,16,1618,0
BIP,60,20240604,160000,16.1,16.1,16.1,16.1,82,0
BIP,60,20240604,170000,15.7,16,15.7,16,30,0
BIP,60,20240605,100000,16,16,16,16,283,0
BIP,60,20240605,120000,16,16,16,16,10,0
BIP,60,20240605,130000,16,16,16,16,1,0
BIP,60,20240605,160000,15.8,16,15.8,16,61,0
BIP,60,20240606,100000,15.6,15.6,15.6,15.6,100,0
BIP,60,20240606,110000,15.5,15.5,15.4,15.4,298,0
BIP,60,20240606,120000,15.9,15.9,15.9,15.9,15,0
BIP,60,20240606,130000,15.5,15.5,15.4,15.4,45,0
BIP,60,20240606,150000,15.9,15.9,15.9,15.9,11,0
BIP,60,20240606,170000,15.4,15.4,15.4,15.4,89,0
BIP,60,20240607,100000,15.4,15.4,15.4,15.4,215,0
BIP,60,20240607,110000,15.4,15.4,15.4,15.4,30,0
BIP,60,20240607,130000,15.4,15.4,15.4,15.4,1,0
BIP,60,20240610,100000,15.4,15.4,15.4,15.4,116,0
BIP,60,20240610,110000,15.4,15.4,15.4,15.4,51,0
BIP,60,20240611,120000,15.3,15.3,15.3,15.3,82,0
BIP,60,20240611,140000,15.4,15.4,15.4,15.4,37,0
BIP,60,20240611,150000,15.7,15.7,15.7,15.7,1,0
BIP,60,20240611,160000,15.9,16,15.9,16,90,0
BIP,60,20240611,170000,15.9,15.9,15.9,15.9,35,0
BIP,60,20240612,110000,15.8,15.8,15.8,15.8,1,0
BIP,60,20240612,120000,15.5,15.5,15.4,15.4,72,0
BIP,60,20240612,160000,15.7,15.7,15.7,15.7,10,0
BIP,60,20240613,100000,15.4,15.7,15.4,15.7,7,0
BIP,60,20240613,160000,15.7,15.7,15.7,15.7,35,0
BIP,60,20240614,100000,15.4,15.4,15.4,15.4,49,0
BIP,60,20240614,110000,15.7,15.7,15.4,15.4,2,0
BIP,60,20240614,170000,15.5,15.5,15.4,15.4,61,0
BIP,60,20240617,100000,15.8,15.8,15.8,15.8,1,0
BIP,60,20240617,120000,15.8,15.8,15.8,15.8,25,0
BIP,60,20240620,110000,15.9,15.9,15.9,15.9,68,0
BIP,60,20240621,120000,15.9,15.9,15.9,15.9,1,0
BIP,60,20240621,130000,15.9,15.9,15.9,15.9,10,0
BIP,60,20240624,100000,15.9,15.9,15.9,15.9,90,0
BIP,60,20240624,120000,15.9,15.9,15.9,15.9,17,0
BIP,60,20240624,130000,15.7,15.9,15.7,15.9,61,0
BIP,60,20240625,100000,15.7,15.7,15.7,15.7,14,0
BIP,60,20240625,110000,15.9,15.9,15.9,15.9,36,0
BIP,60,20240625,160000,15.7,15.7,15.7,15.7,1,0
BIP,60,20240626,100000,15.7,15.9,15.7,15.9,6,0
BIP,60,20240626,120000,15.7,15.7,15.7,15.7,5,0
BIP,60,20240626,130000,15.9,15.9,15.9,15.9,63,0
BIP,60,20240626,140000,15.9,15.9,15.9,15.9,592,0
BIP,60,20240626,150000,16,16,16,16,30,0
BIP,60,20240627,120000,16.5,16.5,16.5,16.5,1,0
BIP,60,20240627,140000,16.2,16.2,16.2,16.2,58,0
BIP,60,20240628,100000,16.5,16.5,16.3,16.3,95,0
BIP,60,20240628,110000,16.5,16.5,16.5,16.5,1,0
BIP,60,20240628,120000,16.4,16.4,16.4,16.4,60,0
BIP,60,20240701,100000,16.5,16.5,16.5,16.5,6,0
BIP,60,20240701,120000,16.4,16.4,16.4,16.4,55,0
BIP,60,20240701,130000,16.5,16.7,16.5,16.7,200,0
BIP,60,20240701,150000,16.7,16.7,16.7,16.7,1,0
BIP,60,20240701,160000,16.7,16.7,16.7,16.7,50,0
BIP,60,20240702,100000,16.7,16.7,16.7,16.7,1,0
BIP,60,20240702,140000,16.4,16.4,16.4,16.4,1,0
BIP,60,20240702,170000,16.7,16.7,16.7,16.7,8,0
BIP,60,20240703,120000,16.7,16.7,16.7,16.7,36,0
BIP,60,20240704,110000,16.7,16.7,16.7,16.7,18,0
BIP,60,20240705,100000,16.7,16.7,16.7,16.7,100,0
BIP,60,20240705,120000,17,17,17,17,2,0
BIP,60,20240708,100000,17,17,17,17,1,0
BIP,60,20240708,110000,16.7,16.7,16.7,16.7,3,0
BIP,60,20240708,150000,17,17,17,17,440,0
BIP,60,20240708,170000,17,17.5,17,17.5,255,0
BIP,60,20240709,100000,18,19.4,18,19.4,753,0
BIP,60,20240709,110000,19.1,19.1,18.5,18.5,208,0
BIP,60,20240709,120000,19.1,19.1,18.5,18.5,112,0
BIP,60,20240709,130000,18.9,18.9,18.9,18.9,8,0
BIP,60,20240709,140000,19,19,18.5,18.5,212,0
BIP,60,20240709,160000,18.9,18.9,18.6,18.6,34,0
BIP,60,20240709,170000,18.5,19,18.5,19,18,0
BIP,60,20240710,110000,19,19.2,19,19.2,70,0
BIP,60,20240710,140000,18.8,18.8,18.5,18.5,470,0
BIP,60,20240710,170000,18.6,19.5,18.6,19.5,630,0
BIP,60,20240711,100000,19,19,19,19,25,0
BIP,60,20240711,150000,18.6,18.6,18.6,18.6,125,0
BIP,60,20240711,170000,18.9,19,18.9,19,30,0
BIP,60,20240712,120000,19,19,18.5,18.5,84,0
BIP,60,20240712,140000,19,19,19,19,10,0
BIP,60,20240712,170000,19,19,19,19,125,0
BIP,60,20240715,100000,19,19,18.4,18.4,14,0
BIP,60,20240715,120000,19,19,19,19,1,0
BIP,60,20240715,150000,19,19,19,19,1,0
BIP,60,20240716,120000,18.7,19,18.4,19,304,0
BIP,60,20240716,140000,18.6,18.6,18.4,18.4,86,0
BIP,60,20240716,150000,19,19,19,19,1000,0
BIP,60,20240716,160000,19,19,19,19,43,0
BIP,60,20240717,100000,19,19,19,19,754,0
BIP,60,20240717,120000,18.5,18.5,18.5,18.5,101,0
BIP,60,20240717,130000,18.5,18.5,18.5,18.5,100,0
BIP,60,20240717,140000,18.4,18.4,18.4,18.4,5,0
BIP,60,20240719,100000,18.5,18.5,18.4,18.4,2,0
BIP,60,20240719,170000,18.1,18.1,17.9,17.9,50,0
BIP,60,20240722,110000,17.9,17.9,17.9,17.9,100,0
BIP,60,20240722,160000,18.5,18.5,18.5,18.5,1,0
BIP,60,20240723,110000,18,18,18,18,50,0
BIP,60,20240723,150000,18,18,18,18,23,0
BIP,60,20240724,100000,18,18,18,18,37,0
BIP,60,20240724,150000,18,18.6,18,18.6,131,0
BIP,60,20240729,120000,18.6,18.6,17.5,17.5,526,0
BIP,60,20240729,130000,17.5,17.5,16.8,16.8,1056,0
BIP,60,20240729,150000,17.4,17.4,17.4,17.4,7,0
BIP,60,20240730,110000,17.4,17.4,17.4,17.4,1,0
BIP,60,20240731,150000,17.3,17.4,17.3,17.4,60,0
BIP,60,20240731,160000,17.4,17.4,17.4,17.4,25,0
BIP,60,20240731,170000,17,17,16.8,16.8,10,0
BIP,60,20240801,100000,17.4,17.4,17.4,17.4,7,0
BIP,60,20240801,120000,17,17,17,17,100,0
BIP,60,20240801,160000,17.4,17.4,17.4,17.4,10,0
BIP,60,20240802,100000,17.4,17.4,17.4,17.4,250,0
BIP,60,20240802,120000,17.4,17.4,17.4,17.4,1,0
BIP,60,20240802,140000,17.4,17.4,17.4,17.4,50,0
BIP,60,20240802,150000,17.4,17.4,17.4,17.4,150,0
BIP,60,20240802,160000,18,18,18,18,25,0
BIP,60,20240805,100000,18.8,18.8,18,18,1043,0
BIP,60,20240805,120000,17.7,17.7,17.6,17.6,33,0
BIP,60,20240805,140000,18,18,17.7,17.7,265,0
BIP,60,20240805,150000,17.7,17.7,17.7,17.7,229,0
BIP,60,20240805,160000,17.7,17.7,17.7,17.7,263,0
BIP,60,20240806,100000,18,18,18,18,33,0
BIP,60,20240806,110000,18,18,18,18,100,0
BIP,60,20240806,120000,18.7,18.7,18,18,224,0
BIP,60,20240806,130000,18,18,18,18,100,0
BIP,60,20240806,170000,18.2,18.2,18.2,18.2,25,0
BIP,60,20240807,100000,18.2,18.2,18.2,18.2,100,0
BIP,60,20240807,160000,18.4,18.4,18.4,18.4,25,0
BIP,60,20240808,130000,18.6,18.6,18.6,18.6,5,0
BIP,60,20240808,150000,18,18,18,18,1,0
BIP,60,20240809,100000,17.9,17.9,17.8,17.8,119,0
BIP,60,20240809,110000,18.5,18.5,18.5,18.5,5,0
BIP,60,20240809,170000,18.5,18.5,18.5,18.5,10,0
BIP,60,20240812,100000,18.5,18.5,18.5,18.5,5,0
BIP,60,20240812,170000,17.9,17.9,17.9,17.9,60,0
BIP,60,20240813,100000,17.9,17.9,17.9,17.9,10,0
BIP,60,20240813,160000,18.5,18.6,18.5,18.6,39,0
BIP,60,20240813,170000,18.5,18.5,18.5,18.5,6,0
BIP,60,20240816,110000,18,18,18,18,51,0
BIP,60,20240816,160000,18,18,18,18,49,0
BIP,60,20240816,170000,18,18,18,18,1,0
BIP,60,20240819,100000,18.5,18.5,18.5,18.5,36,0
BIP,60,20240819,140000,18.5,18.5,18.5,18.5,1,0
BIP,60,20240819,170000,18,18,17.9,17.9,4,0
BIP,60,20240820,100000,17.8,17.8,17.8,17.8,300,0
BIP,60,20240820,110000,18.5,18.5,18.5,18.5,10,0
BIP,60,20240821,100000,18.1,18.1,18.1,18.1,14,0
BIP,60,20240821,130000,18.1,18.1,18.1,18.1,1,0
BIP,60,20240821,170000,18.1,18.5,18.1,18.5,90,0
BIP,60,20240822,100000,18.3,18.5,18.3,18.5,11,0
BIP,60,20240822,130000,18.5,18.5,18.5,18.5,1,0
BIP,60,20240822,170000,18.5,18.5,18.5,18.5,1,0
BIP,60,20240823,100000,18.5,18.5,18.5,18.5,11,0
BIP,60,20240823,110000,18,18,17.9,17.9,52,0
BIP,60,20240823,130000,18,18,18,18,75,0
BIP,60,20240823,170000,18,18,18,18,100,0
BIP,60,20240826,100000,18,18,18,18,1,0
BIP,60,20240826,170000,18,18,18,18,20,0
BIP,60,20240827,110000,17.8,17.8,17.5,17.5,364,0
BIP,60,20240827,130000,17.8,18,17.8,18,15,0
BIP,60,20240827,140000,18,18,18,18,1,0
BIP,60,20240828,120000,17.6,17.6,17.6,17.6,1,0
BIP,60,20240828,130000,17.6,17.6,17.6,17.6,8,0
BIP,60,20240828,150000,17.6,18,17.6,18,150,0
BIP,60,20240829,130000,18,18,18,18,1,0
BIP,60,20240830,120000,18,18,18,18,1,0
BIP,60,20240903,110000,18.3,18.3,18.3,18.3,1,0
BIP,60,20240903,170000,18.3,18.3,18.3,18.3,53,0
BIP,60,20240904,100000,18.3,18.9,18,18.9,214,0
BIP,60,20240904,110000,18.9,18.9,18.9,18.9,1,0
BIP,60,20240904,120000,18.9,18.9,18.9,18.9,12,0
BIP,60,20240905,110000,18.4,18.4,18.4,18.4,7,0
BIP,60,20240905,130000,18.4,18.4,18.4,18.4,1,0
BIP,60,20240905,150000,18.4,18.4,18.4,18.4,10,0
BIP,60,20240906,110000,18.2,18.2,18.2,18.2,305,0
BIP,60,20240906,140000,18.3,18.3,18.3,18.3,1,0
BIP,60,20240906,160000,18.2,18.2,18.2,18.2,4,0
BIP,60,20240909,100000,18.2,18.2,17.8,17.8,101,0
BIP,60,20240909,110000,17.8,18.3,17.8,18.3,30,0
BIP,60,20240910,170000,18.3,18.3,18.3,18.3,211,0
BIP,60,20240911,100000,18.4,18.5,18.4,18.4,12,0
BIP,60,20240911,130000,18.4,18.5,18.4,18.5,45,0
BIP,60,20240912,100000,18.5,18.5,18.5,18.5,5,0
BIP,60,20240912,130000,18.5,18.5,18.5,18.5,15,0
BIP,60,20240912,140000,18.5,18.5,18.5,18.5,12,0
BIP,60,20240913,100000,18.5,18.5,18.5,18.5,5,0
BIP,60,20240913,110000,18.5,18.5,18.5,18.5,12,0
BIP,60,20240913,130000,18.5,18.5,18.5,18.5,1,0
BIP,60,20240916,100000,18.4,18.4,18.4,18.4,78,0
BIP,60,20240916,120000,18.4,18.4,18.4,18.4,2,0
BIP,60,20240916,130000,18.5,18.5,18.5,18.5,63,0
BIP,60,20240916,140000,18.5,18.6,18.5,18.6,40,0
BIP,60,20240916,150000,18.4,18.6,18.4,18.6,17,0
BIP,60,20240917,100000,18.6,18.6,18.6,18.6,5,0
BIP,60,20240917,120000,18.5,18.5,18.3,18.5,50,0
BIP,60,20240917,130000,18.5,18.5,18.5,18.5,14,0
BIP,60,20240919,100000,18.6,19.4,18,18,574,0
BIP,60,20240919,140000,18,18,18,18,330,0
BIP,60,20240919,150000,18,18,18,18,3,0
BIP,60,20240919,170000,18,18,18,18,594,0
BIP,60,20240920,100000,18.7,18.7,18.7,18.7,9,0
BIP,60,20240920,110000,18.1,18.1,18,18,10,0
BIP,60,20240920,150000,18.6,18.6,18.6,18.6,14,0
BIP,60,20240923,100000,18.7,18.7,18,18,1054,0
BIP,60,20240924,110000,18,18,18,18,1,0
BIP,60,20240924,130000,17.8,17.8,17.8,17.8,7,0
BIP,60,20240925,100000,17.9,17.9,17.9,17.9,10,0
BIP,60,20240925,120000,17.9,17.9,17.9,17.9,70,0
BIP,60,20240925,140000,17.9,18,17.9,18,188,0
BIP,60,20240926,120000,18,18,18,18,7,0
BIP,60,20240926,130000,18,18,18,18,10,0
BIP,60,20240926,150000,17.8,17.8,17.8,17.8,11,0
BIP,60,20240926,170000,18,18,18,18,10,0
BIP,60,20240927,160000,18,18,18,18,1,0
BIP,60,20240927,170000,18,18,18,18,20,0
BIP,60,20240930,130000,18,18,18,18,10,0
BIP,60,20240930,140000,18,18,18,18,1,0
BIP,60,20241001,110000,18,18,18,18,1,0
BIP,60,20241001,140000,17.7,17.7,17.7,17.7,1,0
BIP,60,20241001,160000,17.7,18,17.7,18,80,0
BIP,60,20241001,170000,18.1,18.1,18.1,18.1,116,0
BIP,60,20241002,100000,18.1,18.3,17.5,18.3,98,0
BIP,60,20241002,170000,18.3,18.3,18.3,18.3,33,0
BIP,60,20241003,110000,18.3,18.3,18.3,18.3,1,0
BIP,60,20241003,140000,18.3,18.3,18.3,18.3,5,0
BIP,60,20241003,170000,17.5,17.5,17.5,17.5,500,0
BIP,60,20241004,100000,17.8,18,17.8,18,22,0
BIP,60,20241004,110000,17.2,17.2,17.1,17.1,220,0
BIP,60,20241004,120000,17.7,17.7,17.7,17.7,1,0
BIP,60,20241007,100000,17.6,17.7,17,17,19,0
BIP,60,20241007,110000,17,17,17,17,63,0
BIP,60,20241007,120000,17,17,17,17,35,0
BIP,60,20241007,160000,17.7,17.8,17.7,17.8,91,0
BIP,60,20241008,110000,17.2,17.2,17.2,17.2,7,0
BIP,60,20241008,130000,17.8,17.8,17.8,17.8,5,0
BIP,60,20241008,140000,17.1,18.5,17,18.5,1987,0
BIP,60,20241009,100000,18.5,18.5,18.5,18.5,8,0
BIP,60,20241009,130000,17.9,18.5,17,18.4,2087,0
BIP,60,20241009,170000,18,18,18,18,98,0
BIP,60,20241010,160000,17.9,17.9,17.9,17.9,1,0
BIP,60,20241014,100000,18,18,18,18,12,0
BIP,60,20241014,130000,18.4,18.4,18.4,18.4,1,0
BIP,60,20241014,140000,18,18,18,18,13,0
BIP,60,20241015,100000,18,18,18,18,10,0
BIP,60,20241015,110000,18,18,18,18,3,0
BIP,60,20241015,120000,18.4,18.4,18.4,18.4,1,0
BIP,60,20241015,170000,18,18,18,18,9,0
BIP,60,20241016,120000,18.1,18.1,18.1,18.1,1,0
BIP,60,20241017,110000,18,18,18,18,74,0
BIP,60,20241017,130000,17.9,17.9,17.8,17.8,3,0
BIP,60,20241017,140000,18.1,18.1,18.1,18.1,1,0
BIP,60,20241021,100000,18.1,18.1,18.1,18.1,42,0
BIP,60,20241021,170000,17.8,17.8,17.8,17.8,448,0
BIP,60,20241022,120000,17.8,17.8,17.8,17.8,1,0
BIP,60,20241023,110000,17.1,17.1,17.1,17.1,2,0
BIP,60,20241023,160000,17,17,17,17,100,0
BIP,60,20241023,170000,17.7,17.7,17.7,17.7,4,0
BIP,60,20241024,150000,17.4,17.4,17.4,17.4,7,0
BIP,60,20241025,120000,17.1,17.1,17.1,17.1,2,0
BIP,60,20241025,140000,17.1,17.1,17.1,17.1,1,0
BIP,60,20241025,160000,17.1,17.1,17,17,203,0
BIP,60,20241025,170000,17.1,17.1,17.1,17.1,1,0
BIP,60,20241028,140000,17.1,17.1,17.1,17.1,2,0
BIP,60,20241028,150000,17.1,17.1,17.1,17.1,10,0
BIP,60,20241030,120000,16.8,16.8,16,16,780,0
BIP,60,20241030,130000,16.5,16.5,16.5,16.5,56,0
BIP,60,20241030,140000,16.5,16.5,16.1,16.1,70,0
BIP,60,20241030,170000,17,17,17,17,5,0
BIP,60,20241031,110000,16,16,16,16,3,0
BIP,60,20241031,140000,16.6,17.2,16.6,16.6,243,0
BIP,60,20241031,160000,17.4,17.4,17.4,17.4,2,0
BIP,60,20241104,100000,16.7,16.7,16.7,16.7,35,0
BIP,60,20241104,110000,16.7,16.7,16.7,16.7,5,0
BIP,60,20241104,130000,16.7,16.7,16.7,16.7,2,0
BIP,60,20241105,140000,16.7,16.7,16.7,16.7,40,0
BIP,60,20241106,120000,16.7,16.7,16.7,16.7,1,0
BIP,60,20241107,110000,16.7,16.7,16.7,16.7,1,0
BIP,60,20241107,120000,16.3,16.3,16.3,16.3,1,0
BIP,60,20241107,140000,16.7,16.7,16.7,16.7,10,0
BIP,60,20241108,110000,16.7,16.7,16.7,16.7,1,0
BIP,60,20241108,130000,16.4,16.4,16.3,16.3,8,0
BIP,60,20241108,150000,16.3,16.3,16.3,16.3,24,0
BIP,60,20241112,120000,16.2,16.3,16,16.3,128,0
BIP,60,20241112,160000,16,16.3,16,16.3,107,0
BIP,60,20241112,170000,16.3,16.3,16.3,16.3,1,0
BIP,60,20241113,100000,15.8,15.8,15.8,15.8,1,0
BIP,60,20241113,110000,16.3,16.3,16.3,16.3,1,0
BIP,60,20241113,140000,16.3,16.3,16.3,16.3,4,0
BIP,60,20241114,110000,16.2,16.2,16.2,16.2,1,0
BIP,60,20241114,160000,16.2,16.2,16.2,16.2,10,0
BIP,60,20241115,100000,15.8,15.8,15.8,15.8,100,0
BIP,60,20241115,160000,16.2,16.2,15.9,16.2,199,0
BIP,60,20241118,100000,16.2,17.7,16.2,17.7,751,0
BIP,60,20241118,110000,17.7,17.9,16,17.9,140,0
BIP,60,20241118,120000,17.9,18,17.9,18,21,0
BIP,60,20241118,130000,18,18,18,18,2,0
BIP,60,20241118,140000,17.9,17.9,17.8,17.8,5,0
BIP,60,20241118,150000,16.1,18,16.1,18,504,0
BIP,60,20241118,170000,16.8,17.9,16.8,17.9,1017,0
BIP,60,20241119,110000,16.7,17.4,16.7,17.4,87,0
BIP,60,20241119,140000,17.4,17.4,17.4,17.4,1,0
BIP,60,20241120,100000,17.4,17.4,17.4,17.4,4,0
BIP,60,20241120,130000,17.4,17.4,17.4,17.4,110,0
BIP,60,20241121,100000,16.8,17.4,16.7,17.4,618,0
BIP,60,20241121,110000,16.6,16.6,16,16,669,0
BIP,60,20241121,120000,15.8,17.4,15.8,16.7,6050,0
BIP,60,20241122,100000,16.5,16.7,16.5,16.7,518,0
BIP,60,20241122,130000,16.6,16.6,16.3,16.3,2,0
BIP,60,20241122,140000,16.6,16.6,16.6,16.6,10,0
BIP,60,20241122,150000,16.6,16.6,16.6,16.6,325,0
BIP,60,20241125,110000,16.5,16.5,16.5,16.5,1,0
BIP,60,20241125,140000,16.3,16.3,16,16,675,0
BIP,60,20241125,150000,16.1,16.1,16.1,16.1,10,0
BIP,60,20241125,170000,16,16,16,16,30,0
BIP,60,20241127,140000,16,16,16,16,15,0
BIP,60,20241129,100000,16,16.4,16,16,519,0
BIP,60,20241129,110000,16,16,16,16,10,0
BIP,60,20241129,160000,16,16,16,16,5,0
BIP,60,20241202,100000,16,16,16,16,11,0
BIP,60,20241202,170000,16,16,16,16,1,0
BIP,60,20241203,100000,16,16,16,16,17,0
BIP,60,20241203,110000,16,16,16,16,1,0
BIP,60,20241203,120000,16,16,16,16,4,0
BIP,60,20241203,130000,16,16,16,16,130,0
BIP,60,20241203,140000,16,16,16,16,40,0
BIP,60,20241204,110000,15.7,15.7,15.7,15.7,394,0
BIP,60,20241204,130000,15.7,16,15.7,16,229,0
BIP,60,20241204,140000,15.7,15.7,15.7,15.7,192,0
BIP,60,20241205,110000,15.6,15.7,15.6,15.7,60,0
BIP,60,20241205,120000,15.6,15.6,15.6,15.6,2,0
BIP,60,20241205,130000,15.7,15.7,15.7,15.7,42,0
BIP,60,20241205,140000,15.6,15.7,15.6,15.7,135,0
BIP,60,20241206,120000,15.5,15.7,15.4,15.7,1060,0
BIP,60,20241206,160000,15.7,15.7,15.7,15.7,66,0
BIP,60,20241209,100000,15.7,15.7,15.7,15.7,50,0
BIP,60,20241209,160000,15.7,15.7,15.7,15.7,500,0
BIP,60,20241209,170000,16,16,15.6,16,49,0
BIP,60,20241210,130000,15.8,15.8,15.8,15.8,1,0
BIP,60,20241210,140000,15.8,15.8,15.8,15.8,9,0
BIP,60,20241210,160000,15.8,15.8,15.8,15.8,240,0
BIP,60,20241210,170000,16,16,16,16,10,0
BIP,60,20241213,100000,15.7,16,15.6,15.6,193,0
BIP,60,20241213,110000,16,16,16,16,8,0
BIP,60,20241213,140000,16,16,16,16,6,0
BIP,60,20241213,150000,16,16,16,16,1,0
BIP,60,20241216,100000,15.6,15.6,15.6,15.6,60,0
BIP,60,20241216,110000,16,16,16,16,35,0
BIP,60,20241217,150000,15.6,16,15.6,16,630,0
BIP,60,20241217,160000,15.6,15.6,15.6,15.6,120,0
BIP,60,20241218,100000,15.5,15.6,15.4,15.6,74,0
BIP,60,20241218,130000,15.2,15.2,15.2,15.2,80,0
BIP,60,20241218,160000,15.2,15.2,15.2,15.2,20,0
BIP,60,20241218,170000,15.6,15.6,15.6,15.6,1,0
BIP,60,20241219,110000,15.2,15.6,15,15.6,1008,0
BIP,60,20241220,100000,15,15,15,15,100,0
BIP,60,20241220,130000,15,15,15,15,70,0
BIP,60,20241220,150000,15.3,15.3,15.3,15.3,5,0
BIP,60,20241223,100000,15.3,15.3,15.2,15.2,125,0
BIP,60,20241223,130000,15.2,16,15.2,16,1805,0
BIP,60,20241223,140000,15.9,15.9,15.9,15.9,10,0
BIP,60,20241223,170000,15.9,16,15.9,16,100,0
BIP,60,20241227,100000,16,16,16,16,6,0
BIP,60,20241227,120000,16,16,16,16,1,0
BIP,60,20241227,140000,16,16,16,16,16,0
BIP,60,20241227,150000,16,16,16,16,30,0
BIP,60,20241230,130000,15.5,16,15.5,15.5,340,0
BIP,60,20241230,170000,15.5,15.5,15.5,15.5,1,0
BIP,60,20250102,100000,15.5,15.5,15.5,15.5,450,0
BIP,60,20250102,120000,15.5,15.5,15.5,15.5,13,0
BIP,60,20250102,150000,15.5,15.5,15.5,15.5,40,0
BIP,60,20250102,170000,16.9,16.9,16.9,16.9,110,0
BIP,60,20250103,110000,15.6,16.5,15.6,16.5,570,0
BIP,60,20250103,150000,16.1,16.2,16.1,16.2,175,0
BIP,60,20250103,170000,16,17.2,16,17.2,1403,0
BIP,60,20250107,100000,16.7,16.7,16.6,16.6,509,0
BIP,60,20250107,120000,16.6,17.1,16.6,17.1,1006,0
BIP,60,20250107,130000,17.1,17.2,17.1,17.2,10,0
BIP,60,20250107,140000,17.2,17.2,17.2,17.2,59,0
BIP,60,20250107,160000,17,17,17,17,1,0
BIP,60,20250107,170000,17.2,18.2,17.2,18.2,449,0
BIP,60,20250108,100000,17.9,17.9,17.9,17.9,6,0
BIP,60,20250108,110000,17.9,17.9,17.3,17.9,66,0
BIP,60,20250108,120000,17.9,18,17.3,18,78,0
BIP,60,20250108,140000,18,18,18,18,7,0
BIP,60,20250108,150000,18,18,17.3,17.3,74,0
BIP,60,20250108,160000,17.7,17.9,17.3,17.9,41,0
BIP,60,20250108,170000,17.9,19.3,17.9,19.3,746,0
BIP,60,20250109,100000,18.3,18.3,18.3,18.3,5,0
BIP,60,20250109,120000,18.1,18.6,17.7,18.6,21,0
BIP,60,20250109,140000,18.6,18.6,18.6,18.6,2,0
BIP,60,20250109,150000,18.1,18.6,18.1,18.6,11,0
BIP,60,20250110,100000,18.6,18.6,18,18.6,113,0
BIP,60,20250110,110000,18.3,18.6,18.3,18.6,6,0
BIP,60,20250110,120000,18.6,18.6,18.6,18.6,2,0
BIP,60,20250110,140000,18.4,18.6,18.4,18.6,6,0
BIP,60,20250110,150000,18.1,18.8,18.1,18.8,212,0
BIP,60,20250110,160000,18,18.7,18,18.7,17,0
BIP,60,20250113,100000,18,18,17.9,17.9,885,0
BIP,60,20250113,110000,18,18,18,18,1,0
BIP,60,20250113,120000,17.7,18,17.2,18,19,0
BIP,60,20250113,130000,17.3,17.3,17.3,17.3,3,0
BIP,60,20250113,140000,17.3,17.3,17.3,17.3,90,0
BIP,60,20250113,150000,17.9,17.9,17.9,17.9,1,0
BIP,60,20250113,160000,17.9,17.9,17.9,17.9,7,0
BIP,60,20250114,100000,17.9,17.9,17.9,17.9,11,0
BIP,60,20250114,120000,17.8,17.8,17.8,17.8,1,0
BIP,60,20250114,150000,17.3,17.3,17.3,17.3,1,0
BIP,60,20250114,170000,17.8,17.8,17.8,17.8,5,0
BIP,60,20250115,100000,17.8,17.8,17.8,17.8,14,0
BIP,60,20250115,110000,17.8,17.8,17.8,17.8,1,0
BIP,60,20250115,120000,17.3,17.3,17.3,17.3,51,0
BIP,60,20250115,140000,17.7,17.7,17.7,17.7,1,0
BIP,60,20250116,100000,17.3,17.8,17.3,17.8,234,0
BIP,60,20250117,110000,17.8,17.8,17.6,17.6,301,0
BIP,60,20250117,120000,17.3,18,17.3,17.9,316,0
BIP,60,20250121,100000,18,18,18,18,6,0
BIP,60,20250121,110000,18,18,17.4,17.4,196,0
BIP,60,20250121,120000,17.3,17.3,17.3,17.3,37,0
BIP,60,20250121,130000,17.4,17.4,17.4,17.4,4,0
BIP,60,20250121,160000,17.9,17.9,17.9,17.9,8,0
BIP,60,20250122,130000,17.4,18,17.4,18,207,0
BIP,60,20250122,150000,18,18,18,18,10,0
BIP,60,20250123,100000,18,18,17.4,18,20,0
BIP,60,20250124,110000,18,18,18,18,10,0
BIP,60,20250124,130000,18,18,17.5,17.5,10,0
BIP,60,20250124,170000,18,18,18,18,9,0
BIP,60,20250127,120000,17.5,17.5,17.4,17.4,114,0
BIP,60,20250127,130000,17.9,17.9,17.9,17.9,1,0
BIP,60,20250128,120000,17.8,17.8,17.8,17.8,1,0
BIP,60,20250128,140000,17.5,17.5,17.5,17.5,1,0
BIP,60,20250128,150000,17.4,17.4,17.4,17.4,125,0
BIP,60,20250128,160000,17.5,17.5,17.5,17.5,8,0
BIP,60,20250129,100000,17.5,17.5,17.5,17.5,1,0
BIP,60,20250129,110000,17.5,17.5,17.5,17.5,2,0
BIP,60,20250129,160000,17.4,17.4,17.4,17.4,9,0
BIP,60,20250129,170000,17.4,17.4,17.4,17.4,11,0
BIP,60,20250130,100000,17.4,17.4,17.4,17.4,59,0
BIP,60,20250130,150000,17.5,17.5,17.5,17.5,1,0
BIP,60,20250131,100000,17.5,17.5,17.5,17.5,11,0
BIP,60,20250131,130000,17.5,17.5,17.5,17.5,10,0
BIP,60,20250203,110000,17.6,17.6,17.6,17.6,1,0
BIP,60,20250203,140000,17.6,17.7,17.4,17.4,746,0
BIP,60,20250203,170000,17.9,18,17.9,18,100,0
BIP,60,20250204,120000,18,18,18,18,53,0
BIP,60,20250204,130000,18.1,18.1,18.1,18.1,26,0
BIP,60,20250204,170000,18.1,18.1,18.1,18.1,10,0
BIP,60,20250205,100000,18.1,18.1,18,18,280,0
BIP,60,20250205,130000,18,18,17.6,17.6,3,0
BIP,60,20250205,140000,18.1,18.6,18.1,18.6,432,0
BIP,60,20250206,100000,18.6,18.6,18.5,18.6,14,0
BIP,60,20250206,110000,18.6,18.6,18.6,18.6,1,0
BIP,60,20250206,150000,18.4,18.4,18,18,2,0
BIP,60,20250206,160000,18.1,18.5,18.1,18.5,15,0
BIP,60,20250207,100000,18.5,18.5,18.5,18.5,5,0
BIP,60,20250207,130000,18.6,18.6,18.6,18.6,1,0
BIP,60,20250207,140000,18.3,18.3,18,18,50,0
BIP,60,20250207,150000,18.6,18.6,18.6,18.6,1,0
BIP,60,20250210,110000,18.4,18.4,18.4,18.4,204,0
BIP,60,20250210,150000,18.4,18.4,18.4,18.4,1,0
BIP,60,20250210,170000,18.3,18.3,18,18,441,0
BIP,60,20250211,100000,18,18,18,18,27,0
BIP,60,20250211,130000,17.8,17.8,17.8,17.8,16,0
BIP,60,20250211,140000,17.8,17.8,17.4,17.4,57,0
BIP,60,20250211,170000,17.9,17.9,17.9,17.9,40,0
BIP,60,20250212,100000,17.4,17.8,17.4,17.8,63,0
BIP,60,20250212,140000,17.7,17.7,17.7,17.7,1,0
BIP,60,20250212,160000,17.4,17.9,17.4,17.9,16,0
BIP,60,20250212,170000,17.6,17.6,17.6,17.6,237,0
BIP,60,20250213,100000,17.6,17.6,17.6,17.6,457,0
BIP,60,20250213,140000,17.3,17.3,17.3,17.3,30,0
BIP,60,20250213,160000,17.3,17.6,17.3,17.6,17,0
BIP,60,20250214,100000,17.7,17.7,17.7,17.7,2,0
BIP,60,20250214,150000,17.7,17.7,17.7,17.7,10,0
BIP,60,20250217,100000,17.5,17.5,17.5,17.5,921,0
BIP,60,20250217,110000,17.5,18.6,17.5,18.6,4110,0
BIP,60,20250217,120000,18.6,18.6,18.6,18.6,300,0
BIP,60,20250217,130000,18.5,18.6,18.5,18.6,75,0
BIP,60,20250217,150000,18,18.6,18,18.6,379,0
BIP,60,20250217,160000,18.6,18.6,18.6,18.6,1,0
BIP,60,20250217,170000,18.6,18.6,18.6,18.6,1,0
BIP,60,20250218,100000,18.1,18.1,18.1,18.1,1,0
BIP,60,20250218,110000,18.6,18.6,18.6,18.6,123,0
BIP,60,20250218,130000,18.6,18.6,18.6,18.6,50,0
BIP,60,20250218,150000,18.1,18.5,18,18.5,31,0
BIP,60,20250218,160000,18.5,18.5,18,18.5,49,0
BIP,60,20250219,100000,18.6,18.6,18.6,18.6,15,0
BIP,60,20250219,140000,18.1,18.5,18,18.5,215,0
BIP,60,20250219,160000,18.1,18.5,18,18.5,55,0
BIP,60,20250220,130000,18,18,17.5,17.5,500,0
BIP,60,20250220,170000,18,18,18,18,10,0
BIP,60,20250221,130000,18,18,18,18,13,0
BIP,60,20250221,140000,18,18,18,18,60,0
BIP,60,20250221,170000,17.9,17.9,17.9,17.9,20,0
BIP,60,20250224,130000,17.4,18,17.4,17.9,55,0
BIP,60,20250224,150000,17.4,17.4,17.4,17.4,509,0
BIP,60,20250225,140000,16.9,16.9,16.9,16.9,36,0
BIP,60,20250225,160000,17.5,17.5,17.5,17.5,40,0
BIP,60,20250227,110000,16.9,17.5,16.9,17.2,55,0
BIP,60,20250227,120000,17.2,17.5,17.2,17.5,30,0
BIP,60,20250303,170000,17.5,17.5,17.5,17.5,7,0
BIP,60,20250304,100000,17.5,17.5,17.1,17.1,3,0
BIP,60,20250304,150000,17.1,17.1,17.1,17.1,1,0
BIP,60,20250304,160000,17,17,17,17,300,0
BIP,60,20250305,110000,16.8,16.8,16.8,16.8,1,0
BIP,60,20250305,120000,16.8,17.5,16.8,17.5,2180,0
BIP,60,20250306,110000,16.9,16.9,16.8,16.8,465,0
BIP,60,20250306,120000,17,17.2,17,17.2,150,0
BIP,60,20250310,140000,16.5,17.2,16.2,16.2,392,0
BIP,60,20250310,150000,16.6,17.2,16.6,17.2,500,0
BIP,60,20250311,100000,16.7,16.7,16.7,16.7,1,0
BIP,60,20250311,110000,17.1,17.2,17.1,17.2,100,0
BIP,60,20250311,120000,16.6,17.2,16.6,17.2,43,0
BIP,60,20250312,130000,17.1,17.1,17.1,17.1,2,0
BIP,60,20250312,160000,17.1,17.2,17.1,17.2,100,0
BIP,60,20250312,170000,17.2,17.2,17.2,17.2,3,0
BIP,60,20250313,110000,17.2,17.2,17.2,17.2,1,0
BIP,60,20250313,150000,17.2,17.2,17.2,17.2,10,0
BIP,60,20250313,160000,17.2,17.2,17.2,17.2,10,0
BIP,60,20250317,100000,17.2,17.2,17.2,17.2,69,0
BIP,60,20250317,140000,17.2,17.2,17.2,17.2,1,0
BIP,60,20250317,160000,17.2,17.2,17.2,17.2,1,0
BIP,60,20250318,100000,17.2,17.2,17.2,17.2,30,0
BIP,60,20250318,150000,17.2,17.2,17.2,17.2,30,0
BIP,60,20250319,110000,17.2,17.2,17.2,17.2,2,0
BIP,60,20250319,150000,17.2,17.2,17.2,17.2,20,0
BIP,60,20250320,100000,17.2,17.2,17.2,17.2,16,0
BIP,60,20250320,110000,17.2,17.2,17.2,17.2,20,0
BIP,60,20250320,130000,16.9,17.2,16.7,17.2,13,0
BIP,60,20250321,100000,17.2,17.2,17.2,17.2,13,0
BIP,60,20250321,110000,16.7,16.7,16.6,16.6,73,0
BIP,60,20250326,130000,17.2,17.2,17,17.2,86,0
BIP,60,20250326,150000,16.8,17.2,16.7,17.2,110,0
BIP,60,20250327,100000,17.2,17.2,17.2,17.2,58,0
BIP,60,20250327,120000,16.7,18.6,16.7,18.6,1149,0
BIP,60,20250327,130000,18.4,18.4,18.4,18.4,5,0
BIP,60,20250328,100000,18.4,18.4,17.7,17.7,31,0
BIP,60,20250328,130000,17.2,17.2,17.2,17.2,65,0
BIP,60,20250328,140000,17.7,17.7,17.7,17.7,449,0
BIP,60,20250328,150000,18.3,18.3,18.3,18.3,6,0
BIP,60,20250328,160000,17.7,17.7,17.7,17.7,7,0
BIP,60,20250328,170000,18.3,18.3,17.7,18.3,32,0
BIP,60,20250331,100000,18.3,18.3,18.3,18.3,91,0
BIP,60,20250331,110000,18.3,18.3,18.3,18.3,5,0
BIP,60,20250331,120000,18.3,18.3,18.3,18.3,100,0
BIP,60,20250331,140000,18.4,18.4,18.4,18.4,2,0
BIP,60,20250331,150000,18.4,18.4,18.4,18.4,1,0
BIP,60,20250331,160000,18.3,18.4,18.3,18.3,5,0
BIP,60,20250401,100000,18.2,18.2,18.2,18.2,27,0
BIP,60,20250401,130000,18.2,18.2,18.2,18.2,1,0
BIP,60,20250402,100000,18.4,18.4,18.4,18.4,4,0
BIP,60,20250402,110000,18.4,18.95,18.4,18.95,595,0
BIP,60,20250402,120000,18.95,19,18.95,19,72,0
BIP,60,20250402,130000,19.2,19.2,18.5,19.2,23,0
BIP,60,20250402,150000,18.55,19.2,18.55,19.2,3,0
BIP,60,20250402,160000,18.55,18.55,18.55,18.55,10,0
BIP,60,20250402,170000,18.55,19.15,18.5,19.15,85,0
BIP,60,20250403,100000,18.55,18.55,18.5,18.5,99,0
BIP,60,20250403,110000,19.15,19.15,19.15,19.15,1,0
BIP,60,20250403,160000,18.5,18.5,18.5,18.5,149,0
BIP,60,20250404,110000,18.5,18.9,18.5,18.9,432,0
BIP,60,20250407,100000,19,19.2,17.35,17.35,176,0
BIP,60,20250407,110000,18.05,18.05,18.05,18.05,3,0
BIP,60,20250407,120000,18.05,18.05,18.05,18.05,6,0
BIP,60,20250407,130000,18.05,18.05,18,18,630,0
BIP,60,20250409,100000,18.15,18.2,18.15,18.2,10,0
BIP,60,20250409,160000,17.55,17.55,17.55,17.55,6,0
BIP,60,20250410,100000,17.95,18,17.95,18,8,0
BIP,60,20250410,120000,17.95,18,17.95,18,10,0
BIP,60,20250410,170000,18,18,18,18,5,0
BIP,60,20250414,100000,17.95,17.95,17.95,17.95,10,0
BIP,60,20250414,150000,17.7,18,17.7,18,87,0
BIP,60,20250415,120000,18,18,18,18,12,0
BIP,60,20250415,160000,17.65,18,17.65,18,11,0
BIP,60,20250417,100000,18,18,17.6,18,78,0
BIP,60,20250417,110000,18,18,18,18,30,0
BIP,60,20250417,120000,18,18,18,18,150,0
BIP,60,20250417,140000,17.6,18,17.6,18,14,0
BIP,60,20250422,100000,18,18,18,18,13,0
BIP,60,20250422,170000,18,18,18,18,8,0
BIP,60,20250423,100000,18,18,18,18,20,0
BIP,60,20250423,170000,18,18,18,18,5,0
BIP,60,20250425,100000,18,18,18,18,28,0
BIP,60,20250425,130000,17.65,17.95,17.5,17.95,510,0
BIP,60,20250425,140000,17.5,17.95,17.5,17.95,553,0
BIP,60,20250425,160000,17.5,18,17,18,1230,0
BIP,60,20250428,100000,18,18,18,18,5,0
BIP,60,20250428,130000,17.5,18,17.5,18,19,0
BIP,60,20250429,110000,17.5,17.5,17.5,17.5,446,0
BIP,60,20250429,120000,17.35,17.5,17.35,17.5,501,0
BIP,60,20250429,130000,17.5,17.6,17.5,17.6,10,0
BIP,60,20250430,140000,17.5,17.5,17.5,17.5,67,0
BIP,60,20250430,160000,16.85,16.85,16,16.3,1654,0
BIP,60,20250430,170000,16.95,16.95,16,16.95,3775,0
BIP,60,20250502,100000,16.85,16.85,16.85,16.85,50,0
BIP,60,20250502,110000,16.85,16.85,16.85,16.85,3,0
BIP,60,20250502,130000,16.85,16.9,16.85,16.9,40,0
BIP,60,20250505,100000,16.35,16.8,16,16.8,777,0
BIP,60,20250505,110000,16.15,16.15,16.15,16.15,10,0
BIP,60,20250505,120000,16.8,16.8,16.8,16.8,15,0
BIP,60,20250505,130000,16.8,16.8,16.8,16.8,60,0
BIP,60,20250505,160000,16.15,16.3,15.2,16.3,7587,0
BIP,60,20250505,170000,15.35,15.5,15.1,15.1,1572,0
BIP,60,20250506,100000,15.3,15.6,15.3,15.6,710,0
BIP,60,20250506,110000,15.3,15.65,15.2,15.65,498,0
BIP,60,20250506,130000,15.65,16.15,15.65,16.15,998,0
BIP,60,20250506,160000,16.15,16.15,15.3,15.7,1004,0
BIP,60,20250506,170000,15.7,15.7,15.65,15.65,214,0
