<TICKER>,<PER>,<DATE>,<TIME>,<OPEN>,<HIGH>,<LOW>,<CLOSE>,<VOL>,<OPENINT>
BOW,60,20240411,100000,6.49985,6.65742,6.49985,6.65742,3701.1633282225,0
BOW,60,20240411,110000,6.64757,6.69681,6.59833,6.67712,3527.528505417,0
BOW,60,20240411,120000,6.66727,6.87408,6.65742,6.85439,9440.2511556885,0
BOW,60,20240411,130000,6.76575,6.94302,6.76575,6.94302,5073.9953775385,0
BOW,60,20240411,140000,6.89378,6.93317,6.7953,6.89378,4414.995377534,0
BOW,60,20240411,150000,6.91347,6.93317,6.69681,6.7756,4513.4899846225,0
BOW,60,20240411,160000,6.78545,6.94302,6.7756,6.94302,5787.82742685,0
BOW,60,20240411,170000,6.93317,6.93317,6.81499,6.81499,1494.681047776,0
BOW,60,20240412,100000,6.87408,6.87408,6.7953,6.86423,3145.734976909,0
BOW,60,20240412,110000,6.85439,6.85439,6.85439,6.85439,203.08166409999998,0
BOW,60,20240412,120000,6.86423,6.87408,6.81499,6.82484,1072.271186448,0
BOW,60,20240412,130000,6.81499,6.86423,6.81499,6.81499,177.6964560875,0
BOW,60,20240412,140000,6.81499,6.86423,6.81499,6.86423,611.275808941,0
BOW,60,20240412,150000,6.81499,6.86423,6.7756,6.7756,3509.251155648,0
BOW,60,20240412,160000,6.7559,6.7559,6.71651,6.71651,2433.9337442385,0
BOW,60,20240412,170000,6.82484,6.85439,6.71651,6.71651,1861.2434514765,0
BOW,60,20240415,100000,6.69681,6.70666,6.60818,6.68697,1538.3436055575,0
BOW,60,20240415,110000,6.68697,6.7953,6.68697,6.7953,1725.1787365295,0
BOW,60,20240415,120000,6.7756,6.7756,6.7756,6.7756,101.54083204999999,0
BOW,60,20240415,130000,6.70666,6.72636,6.63772,6.72636,62.955315871,0
BOW,60,20240415,140000,6.70666,6.70666,6.70666,6.70666,2.030816641,0
BOW,60,20240415,150000,6.70666,6.73621,6.64757,6.73621,538.166409865,0
BOW,60,20240415,160000,6.71651,6.72636,6.71651,6.72636,306.65331279099996,0
BOW,60,20240415,170000,6.71651,6.71651,6.69681,6.71651,677.2773497735,0
BOW,60,20240416,100000,6.65742,6.73621,6.65742,6.73621,164.496147921,0
BOW,60,20240416,110000,6.66727,6.66727,6.66727,6.66727,223.38983051,0
BOW,60,20240416,120000,6.70666,6.72636,6.66727,6.66727,251.821263484,0
BOW,60,20240416,130000,6.66727,6.71651,6.65742,6.71651,830.604006169,0
BOW,60,20240416,140000,6.71651,6.99226,6.64757,6.97256,8504.0446841875,0
BOW,60,20240416,150000,6.97256,6.98241,6.89378,6.95287,2844.1587057205,0
BOW,60,20240416,160000,6.95287,6.95287,6.89378,6.89378,3856.520801259,0
BOW,60,20240416,170000,6.89378,6.90363,6.89378,6.89378,17172.585516296,0
BOW,60,20240417,100000,6.89378,7.0612,6.89378,7.0612,5519.759630238,0
BOW,60,20240417,110000,7.0612,7.07105,6.99226,6.99226,2274.51463792,0
BOW,60,20240417,120000,6.99226,7.0809,6.89378,6.89378,5808.13559326,0
BOW,60,20240417,140000,6.90363,6.98241,6.89378,6.98241,1162.6425269725,0
BOW,60,20240417,150000,6.98241,7.09074,6.89378,7.09074,2075.494607102,0
BOW,60,20240417,160000,6.99226,6.99226,6.95287,6.95287,233.543913715,0
BOW,60,20240417,170000,7.05135,7.05135,6.99226,6.99226,836.696456092,0
BOW,60,20240418,110000,6.99226,6.99226,6.89378,6.89378,2449.164869046,0
BOW,60,20240418,120000,6.88393,6.89378,6.88393,6.89378,14.215716487,0
BOW,60,20240418,170000,6.88393,6.89378,6.83469,6.83469,236.5901386765,0
BOW,60,20240419,100000,6.85439,6.85439,6.7953,6.7953,476.2265023145,0
BOW,60,20240419,110000,6.7953,6.7953,6.7756,6.7756,2798.465331298,0
BOW,60,20240419,120000,6.83469,6.84454,6.83469,6.84454,30.462249614999998,0
BOW,60,20240419,130000,6.83469,6.84454,6.83469,6.84454,508.7195685705,0
BOW,60,20240419,140000,6.83469,6.89378,6.83469,6.89378,418.348228046,0
BOW,60,20240419,150000,6.81499,6.87408,6.7953,6.87408,255.882896766,0
BOW,60,20240419,170000,6.85439,6.85439,6.78545,6.7953,541.2126348265,0
BOW,60,20240422,100000,6.84454,6.87408,6.84454,6.87408,20.30816641,0
BOW,60,20240422,110000,6.7953,6.89378,6.7953,6.7953,1624.6533128,0
BOW,60,20240422,120000,6.87408,6.88393,6.87408,6.88393,101.54083204999999,0
BOW,60,20240422,160000,6.86423,6.86423,6.86423,6.86423,152.31124807499998,0
BOW,60,20240422,170000,6.82484,6.82484,6.82484,6.82484,152.31124807499998,0
BOW,60,20240423,100000,6.81499,6.81499,6.7953,6.7953,316.80739599599997,0
BOW,60,20240423,110000,6.83469,6.83469,6.66727,6.83469,2641.0770416205,0
BOW,60,20240423,120000,6.80514,6.83469,6.80514,6.83469,207.143297382,0
BOW,60,20240423,130000,6.82484,6.82484,6.80514,6.80514,286.345146381,0
BOW,60,20240423,140000,6.82484,6.82484,6.82484,6.82484,25.385208012499998,0
BOW,60,20240423,150000,6.81499,6.82484,6.81499,6.82484,151.2958397545,0
BOW,60,20240423,160000,6.82484,6.82484,6.69681,6.7559,1239.8135593305,0
BOW,60,20240423,170000,6.73621,6.80514,6.71651,6.71651,993.0693374489999,0
BOW,60,20240424,100000,6.80514,6.81499,6.64757,6.7756,1204.274268113,0
BOW,60,20240424,110000,6.76575,6.7953,6.76575,6.7953,6478.3050847899995,0
BOW,60,20240424,120000,6.7953,6.82484,6.7953,6.82484,372.6548536235,0
BOW,60,20240424,140000,6.7953,6.7953,6.7953,6.7953,914.8828967705,0
BOW,60,20240424,170000,6.7953,6.7953,6.7953,6.7953,22.338983051,0
BOW,60,20240425,110000,6.7953,6.7953,6.7953,6.7953,5.0770416025,0
BOW,60,20240425,130000,6.7953,6.94302,6.7953,6.94302,4902.391371373999,0
BOW,60,20240425,140000,6.89378,6.89378,6.89378,6.89378,1218.4899845999998,0
BOW,60,20240425,150000,6.81499,6.82484,6.74605,6.82484,2715.201849017,0
BOW,60,20240425,160000,6.80514,6.80514,6.80514,6.80514,30.462249614999998,0
BOW,60,20240425,170000,6.72636,6.76575,6.66727,6.68697,2182.1124807545,0
BOW,60,20240426,100000,6.74605,6.74605,6.73621,6.74605,305.6379044705,0
BOW,60,20240426,110000,6.74605,6.7559,6.74605,6.7559,236.5901386765,0
BOW,60,20240426,120000,6.74605,6.7559,6.69681,6.69681,832.63482281,0
BOW,60,20240426,130000,6.69681,6.73621,6.69681,6.73621,272.129429894,0
BOW,60,20240426,140000,6.72636,6.74605,6.67712,6.74605,1731.2711864525,0
BOW,60,20240426,150000,6.73621,6.84454,6.73621,6.84454,1998.3235747439999,0
BOW,60,20240426,160000,6.83469,6.84454,6.83469,6.84454,40.61633282,0
BOW,60,20240426,170000,6.7559,6.7559,6.7559,6.7559,404.13251155899997,0
BOW,60,20240429,100000,6.83469,6.85439,6.83469,6.85439,1401.26348229,0
BOW,60,20240429,110000,6.85439,6.85439,6.7559,6.84454,820.449922964,0
BOW,60,20240429,130000,6.83469,6.84454,6.83469,6.84454,43.6625577815,0
BOW,60,20240429,140000,6.7953,6.7953,6.7953,6.7953,284.31432974,0
BOW,60,20240429,160000,6.84454,6.84454,6.84454,6.84454,50.770416024999996,0
BOW,60,20240429,170000,6.7756,6.85439,6.76575,6.7756,681.3389830555,0
BOW,60,20240430,100000,6.74605,6.74605,6.74605,6.74605,2.030816641,0
BOW,60,20240430,120000,6.74605,6.85439,6.74605,6.85439,510.7503852115,0
BOW,60,20240430,140000,6.76575,6.7953,6.76575,6.7756,106.6178736525,0
BOW,60,20240430,150000,6.78545,6.78545,6.78545,6.78545,268.067796612,0
BOW,60,20240430,170000,6.7559,6.7756,6.7559,6.7559,2997.485362116,0
BOW,60,20240502,100000,6.7953,6.7953,6.74605,6.74605,514.8120184935,0
BOW,60,20240502,110000,6.74605,6.74605,6.74605,6.74605,32.493066256,0
BOW,60,20240502,120000,6.73621,6.73621,6.73621,6.73621,2.030816641,0
BOW,60,20240502,130000,6.73621,6.73621,6.73621,6.73621,2.030816641,0
BOW,60,20240502,140000,6.73621,6.73621,6.71651,6.71651,243.69799692,0
BOW,60,20240502,150000,6.74605,6.74605,6.74605,6.74605,20.30816641,0
BOW,60,20240502,160000,6.74605,6.74605,6.74605,6.74605,15.231124807499999,0
BOW,60,20240502,170000,6.72636,6.72636,6.64757,6.64757,785.926040067,0
BOW,60,20240506,100000,6.71651,6.72636,6.65742,6.72636,27.4160246535,0
BOW,60,20240506,120000,6.71651,6.73621,6.71651,6.73621,741.248073965,0
BOW,60,20240506,130000,6.66727,6.71651,6.61803,6.61803,1288.5531587145,0
BOW,60,20240506,140000,6.61803,6.61803,6.61803,6.61803,12.184899846,0
BOW,60,20240506,150000,6.61803,6.68697,6.61803,6.68697,886.4514637965,0
BOW,60,20240506,160000,6.62788,6.62788,6.60818,6.60818,76.15562403749999,0
BOW,60,20240506,170000,6.66727,6.66727,6.66727,6.66727,2.030816641,0
BOW,60,20240507,100000,6.66727,6.69681,6.65742,6.69681,111.694915255,0
BOW,60,20240507,120000,6.68697,6.68697,6.68697,6.68697,12.184899846,0
BOW,60,20240507,130000,6.64757,6.68697,6.62788,6.64757,440.687211097,0
BOW,60,20240507,140000,6.61803,6.61803,6.57863,6.59833,2793.3882896955,0
BOW,60,20240507,150000,6.59833,6.59833,6.59833,6.59833,1167.719568575,0
BOW,60,20240507,160000,6.59833,6.67712,6.59833,6.66727,3182.2896764469997,0
BOW,60,20240507,170000,6.67712,6.67712,6.60818,6.60818,174.650231126,0
BOW,60,20240508,100000,6.60818,6.69681,6.60818,6.69681,494.5038520835,0
BOW,60,20240508,110000,6.60818,6.67712,6.60818,6.67712,302.591679509,0
BOW,60,20240508,120000,6.66727,6.67712,6.66727,6.67712,248.77503852249998,0
BOW,60,20240508,130000,6.68697,6.69681,6.66727,6.69681,93.417565486,0
BOW,60,20240508,150000,6.68697,6.69681,6.68697,6.69681,152.31124807499998,0
BOW,60,20240508,160000,6.68697,6.70666,6.68697,6.70666,882.3898305145,0
BOW,60,20240508,170000,6.71651,6.74605,6.62788,6.62788,2219.682588613,0
BOW,60,20240509,100000,6.62788,6.73621,6.62788,6.71651,1224.582434523,0
BOW,60,20240509,110000,6.69681,6.71651,6.69681,6.71651,91.386748845,0
BOW,60,20240509,120000,6.70666,6.71651,6.70666,6.71651,60.92449923,0
BOW,60,20240509,140000,6.69681,6.71651,6.66727,6.66727,251.821263484,0
BOW,60,20240509,150000,6.70666,6.71651,6.70666,6.71651,10.154083205,0
BOW,60,20240509,170000,6.70666,6.71651,6.64757,6.64757,1722.132511568,0
BOW,60,20240510,100000,6.64757,6.71651,6.64757,6.71651,116.7719568575,0
BOW,60,20240510,110000,6.69681,6.71651,6.69681,6.71651,1529.204930673,0
BOW,60,20240510,120000,6.71651,6.74605,6.69681,6.69681,1490.619414494,0
BOW,60,20240510,130000,6.74605,6.74605,6.74605,6.74605,33.5084745765,0
BOW,60,20240510,140000,6.72636,6.74605,6.69681,6.69681,1350.493066265,0
BOW,60,20240510,150000,6.73621,6.74605,6.69681,6.74605,815.3728813614999,0
BOW,60,20240510,160000,6.73621,6.74605,6.73621,6.74605,1278.3990755095,0
BOW,60,20240510,170000,6.74605,6.7756,6.70666,6.70666,528.01232666,0
BOW,60,20240513,100000,6.7756,6.7756,6.7756,6.7756,175.6656394465,0
BOW,60,20240513,110000,6.76575,6.76575,6.76575,6.76575,681.3389830555,0
BOW,60,20240513,120000,6.76575,6.7756,6.76575,6.7756,393.97842835399996,0
BOW,60,20240513,130000,6.73621,6.73621,6.72636,6.72636,236.5901386765,0
BOW,60,20240513,140000,6.76575,6.7756,6.76575,6.7756,1335.2619414575,0
BOW,60,20240513,150000,6.7756,6.7953,6.76575,6.7953,3669.685670287,0
BOW,60,20240513,160000,6.7953,6.7953,6.7953,6.7953,896.6055470015,0
BOW,60,20240513,170000,6.7756,6.7756,6.76575,6.76575,1748.533127901,0
BOW,60,20240514,100000,6.7756,6.7756,6.70666,6.7559,997.130970731,0
BOW,60,20240514,110000,6.71651,6.7559,6.70666,6.7559,37.5701078585,0
BOW,60,20240514,120000,6.74605,6.74605,6.74605,6.74605,161.4499229595,0
BOW,60,20240514,130000,6.74605,6.7559,6.74605,6.74605,36.554699538,0
BOW,60,20240514,160000,6.73621,6.74605,6.73621,6.74605,101.54083204999999,0
BOW,60,20240515,100000,6.71651,6.71651,6.71651,6.71651,507.70416025,0
BOW,60,20240515,110000,6.73621,6.74605,6.64757,6.69681,949.4067796675,0
BOW,60,20240515,130000,6.69681,6.69681,6.69681,6.69681,101.54083205,0
BOW,60,20240515,140000,6.72636,6.72636,6.72636,6.72636,68.0323574735,0
BOW,60,20240515,170000,6.72636,6.72636,6.70666,6.72636,378.7473035465,0
BOW,60,20240516,100000,6.72636,6.74605,6.69681,6.73621,1785.087827439,0
BOW,60,20240516,110000,6.74605,6.74605,6.71651,6.74605,414.286594764,0
BOW,60,20240516,120000,6.72636,6.7559,6.72636,6.74605,4813.03543917,0
BOW,60,20240516,130000,6.7559,6.7559,6.74605,6.74605,106.6178736525,0
BOW,60,20240516,140000,6.7559,6.7559,6.74605,6.74605,2190.2357473185,0
BOW,60,20240516,150000,6.74605,6.7559,6.74605,6.7559,375.701078585,0
BOW,60,20240516,160000,6.74605,6.74605,6.74605,6.74605,1747.5177195805,0
BOW,60,20240516,170000,6.7559,6.7559,6.73621,6.73621,301.5762711885,0
BOW,60,20240517,100000,6.74605,6.7559,6.74605,6.7559,1008.3004622564999,0
BOW,60,20240517,110000,6.74605,6.74605,6.74605,6.74605,516.8428351345,0
BOW,60,20240517,120000,6.7559,6.7559,6.7559,6.7559,186.835130972,0
BOW,60,20240517,130000,6.7559,6.7559,6.74605,6.74605,1379.9399075595,0
BOW,60,20240517,150000,6.74605,6.76575,6.74605,6.76575,1848.04314331,0
BOW,60,20240517,170000,6.7756,6.7953,6.74605,6.74605,407.1787365205,0
BOW,60,20240520,100000,6.78545,6.78545,6.68697,6.68697,2079.556240384,0
BOW,60,20240520,110000,6.70666,6.70666,6.67712,6.69681,4483.0277350075,0
BOW,60,20240520,120000,6.69681,6.70666,6.69681,6.70666,2035.8936826025,0
BOW,60,20240520,130000,6.74605,6.74605,6.74605,6.74605,134.033898306,0
BOW,60,20240520,140000,6.69681,6.69681,6.68697,6.69681,169.5731895235,0
BOW,60,20240520,160000,6.69681,6.69681,6.69681,6.69681,339.146379047,0
BOW,60,20240520,170000,6.73621,6.73621,6.73621,6.73621,2.030816641,0
BOW,60,20240521,100000,6.71651,6.74605,6.71651,6.74605,1577.944530057,0
BOW,60,20240521,120000,6.74605,6.7559,6.74605,6.7559,233.543913715,0
BOW,60,20240521,130000,6.7559,6.7559,6.71651,6.71651,408.19414484099997,0
BOW,60,20240521,150000,6.7559,6.7559,6.7559,6.7559,2.030816641,0
BOW,60,20240521,160000,6.73621,6.73621,6.72636,6.72636,221.359013869,0
BOW,60,20240521,170000,6.71651,6.7559,6.71651,6.7559,32.493066256,0
BOW,60,20240522,100000,6.70666,6.74605,6.69681,6.69681,467.08782743,0
BOW,60,20240522,110000,6.74605,6.74605,6.74605,6.74605,2.030816641,0
BOW,60,20240522,130000,6.73621,6.73621,6.73621,6.73621,15.231124807499999,0
BOW,60,20240522,140000,6.73621,6.73621,6.73621,6.73621,719.9244992345,0
BOW,60,20240522,150000,6.73621,6.73621,6.73621,6.73621,803.1879815155,0
BOW,60,20240522,170000,6.69681,6.72636,6.69681,6.72636,428.502311251,0
BOW,60,20240523,100000,6.66727,6.73621,6.66727,6.73621,283.2989214195,0
BOW,60,20240523,110000,6.70666,6.70666,6.70666,6.70666,29.4468412945,0
BOW,60,20240523,120000,6.67712,6.71651,6.66727,6.70666,625.491525428,0
BOW,60,20240523,130000,6.70666,6.70666,6.70666,6.70666,82.2480739605,0
BOW,60,20240523,140000,6.70666,6.70666,6.70666,6.70666,69.047765794,0
BOW,60,20240523,160000,6.70666,6.70666,6.70666,6.70666,18.277349769,0
BOW,60,20240523,170000,6.69681,6.69681,6.68697,6.69681,124.8952234215,0
BOW,60,20240524,100000,6.71651,6.71651,6.59833,6.59833,2295.8382126505,0
BOW,60,20240524,110000,6.68697,6.68697,6.64757,6.64757,233.543913715,0
BOW,60,20240524,120000,6.68697,6.68697,6.68697,6.68697,2.030816641,0
BOW,60,20240524,140000,6.68697,6.68697,6.68697,6.68697,6.092449923,0
BOW,60,20240524,150000,6.67712,6.67712,6.63772,6.64757,3350.84745765,0
BOW,60,20240524,160000,6.65742,6.65742,6.63772,6.63772,539.1818181855,0
BOW,60,20240524,170000,6.66727,6.68697,6.64757,6.64757,348.2850539315,0
BOW,60,20240527,100000,6.69681,6.69681,6.59833,6.69681,1912.0138675015,0
BOW,60,20240527,120000,6.68697,6.68697,6.64757,6.64757,1025.562403705,0
BOW,60,20240527,130000,6.64757,6.67712,6.64757,6.67712,2035.8936826025,0
BOW,60,20240527,150000,6.65742,6.69681,6.65742,6.69681,996.1155624104999,0
BOW,60,20240527,170000,6.63772,6.65742,6.59833,6.59833,810.295839759,0
BOW,60,20240528,100000,6.63772,6.64757,6.63772,6.64757,7.1078582435,0
BOW,60,20240528,110000,6.60818,6.65742,6.58848,6.59833,3789.503852106,0
BOW,60,20240528,120000,6.64757,6.64757,6.59833,6.59833,639.707241915,0
BOW,60,20240528,130000,6.64757,6.64757,6.59833,6.59833,1124.0570107935,0
BOW,60,20240528,150000,6.64757,6.64757,6.64757,6.64757,31.4776579355,0
BOW,60,20240528,160000,6.60818,6.60818,6.59833,6.59833,144.187981511,0
BOW,60,20240528,170000,6.59833,6.59833,6.54909,6.54909,729.063174119,0
BOW,60,20240529,100000,6.59833,6.59833,6.54909,6.54909,1580.9907550185,0
BOW,60,20240529,110000,6.58848,6.66727,6.58848,6.66727,1959.738058565,0
BOW,60,20240529,120000,6.66727,6.66727,6.59833,6.59833,1456.095531597,0
BOW,60,20240529,130000,6.59833,6.67712,6.59833,6.67712,2433.9337442385,0
BOW,60,20240529,140000,6.60818,6.67712,6.54909,6.54909,2963.9768875395,0
BOW,60,20240529,150000,6.59833,6.59833,6.54909,6.54909,2492.8274268275,0
BOW,60,20240529,160000,6.59833,6.59833,6.52939,6.58848,1818.5963020155,0
BOW,60,20240529,170000,6.58848,6.59833,6.54909,6.54909,376.7164869055,0
BOW,60,20240531,100000,6.59833,6.68697,6.59833,6.59833,2942.653312809,0
BOW,60,20240531,110000,6.59833,6.65742,6.59833,6.59833,124.8952234215,0
BOW,60,20240531,120000,6.59833,6.59833,6.59833,6.59833,1624.6533127999999,0
BOW,60,20240531,130000,6.64757,6.64757,6.59833,6.59833,1146.3959938445,0
BOW,60,20240531,140000,6.59833,6.59833,6.59833,6.59833,66.0015408325,0
BOW,60,20240531,150000,6.59833,6.59833,6.59833,6.59833,71.078582435,0
BOW,60,20240531,160000,6.59833,6.59833,6.56879,6.56879,30.462249614999998,0
BOW,60,20240531,170000,6.59833,6.64757,6.59833,6.64757,2439.010785841,0
BOW,60,20240603,100000,6.63772,6.69681,6.63772,6.69681,1559.667180288,0
BOW,60,20240603,110000,6.69681,6.70666,6.69681,6.70666,103.571648691,0
BOW,60,20240603,130000,6.69681,6.70666,6.69681,6.70666,40.61633282,0
BOW,60,20240603,140000,6.69681,6.70666,6.69681,6.69681,454.902927584,0
BOW,60,20240603,150000,6.69681,6.7559,6.65742,6.74605,2809.6348228235,0
BOW,60,20240603,160000,6.73621,6.85439,6.73621,6.7559,5195.8443759985,0
BOW,60,20240603,170000,6.82484,6.83469,6.7559,6.7559,3084.810477679,0
BOW,60,20240604,100000,6.83469,6.83469,6.83469,6.83469,372.6548536235,0
BOW,60,20240604,110000,6.84454,6.84454,6.71651,6.82484,2480.6425269815,0
BOW,60,20240604,130000,6.81499,6.81499,6.73621,6.81499,1653.084745774,0
BOW,60,20240604,140000,6.81499,6.86423,6.74605,6.86423,2376.05546997,0
BOW,60,20240604,160000,6.85439,6.86423,6.74605,6.86423,2365.901386765,0
BOW,60,20240604,170000,6.85439,6.88393,6.7559,6.87408,1010.3312788975,0
BOW,60,20240605,100000,6.76575,6.85439,6.73621,6.85439,1806.4114021695,0
BOW,60,20240605,110000,6.87408,6.87408,6.87408,6.87408,142.15716487,0
BOW,60,20240605,120000,6.85439,6.85439,6.85439,6.85439,120.83359013949999,0
BOW,60,20240605,130000,6.85439,6.85439,6.7559,6.7559,232.5285053945,0
BOW,60,20240605,140000,6.85439,6.85439,6.85439,6.85439,2.030816641,0
BOW,60,20240605,160000,6.76575,6.83469,6.73621,6.83469,1698.7781201965,0
BOW,60,20240605,170000,6.7559,6.85439,6.7559,6.85439,1037.747303551,0
BOW,60,20240606,100000,6.85439,6.85439,6.73621,6.80514,2789.3266564135,0
BOW,60,20240606,110000,6.74605,6.80514,6.74605,6.7756,520.9044684165,0
BOW,60,20240606,120000,6.76575,6.76575,6.76575,6.76575,20.30816641,0
BOW,60,20240606,130000,6.74605,6.74605,6.74605,6.74605,327.9768875215,0
BOW,60,20240606,140000,6.76575,6.76575,6.76575,6.76575,10.154083205,0
BOW,60,20240606,150000,6.74605,6.76575,6.74605,6.76575,792.01848999,0
BOW,60,20240606,170000,6.76575,6.76575,6.74605,6.74605,464.0416024685,0
BOW,60,20240607,110000,6.73621,6.74605,6.73621,6.74605,114.7411402165,0
BOW,60,20240607,120000,6.74605,6.7953,6.74605,6.7953,250.80585516349998,0
BOW,60,20240607,130000,6.78545,6.81499,6.78545,6.81499,812.3266563999999,0
BOW,60,20240607,160000,6.74605,6.7953,6.74605,6.7953,103.571648691,0
BOW,60,20240607,170000,6.7953,6.7953,6.74605,6.7756,616.3528505435,0
BOW,60,20240610,100000,6.78545,6.82484,6.78545,6.82484,1023.531587064,0
BOW,60,20240610,110000,6.80514,6.80514,6.78545,6.78545,308.68412943199996,0
BOW,60,20240610,120000,6.78545,6.78545,6.78545,6.78545,5.0770416025,0
BOW,60,20240610,130000,6.78545,6.78545,6.78545,6.78545,20.30816641,0
BOW,60,20240610,140000,6.73621,6.73621,6.73621,6.73621,303.60708782949996,0
BOW,60,20240610,160000,6.7756,6.7756,6.7756,6.7756,369.608628662,0
BOW,60,20240610,170000,6.7756,6.7756,6.7756,6.7756,4.061633282,0
BOW,60,20240611,100000,6.7756,6.81499,6.7756,6.81499,136.064714947,0
BOW,60,20240611,110000,6.81499,6.82484,6.69681,6.7953,4516.536209584,0
BOW,60,20240611,120000,6.78545,6.78545,6.78545,6.78545,1.0154083205,0
BOW,60,20240611,130000,6.78545,6.81499,6.78545,6.81499,50.770416024999996,0
BOW,60,20240611,140000,6.7756,6.7756,6.7756,6.7756,1245.9060092534999,0
BOW,60,20240611,150000,6.7756,6.7756,6.7756,6.7756,253.852080125,0
BOW,60,20240611,160000,6.7756,6.7756,6.71651,6.7756,2022.693374436,0
BOW,60,20240611,170000,6.7756,6.7756,6.7756,6.7756,2450.1802773665,0
BOW,60,20240612,100000,6.78545,6.7953,6.7756,6.7756,555.4283513135,0
BOW,60,20240612,110000,6.7756,6.7756,6.7756,6.7756,304.62249614999996,0
BOW,60,20240612,120000,6.7756,6.81499,6.7756,6.81499,10.154083205,0
BOW,60,20240612,130000,6.81499,6.81499,6.81499,6.81499,10.154083205,0
BOW,60,20240612,140000,6.78545,6.78545,6.78545,6.78545,12.184899846,0
BOW,60,20240612,150000,6.7756,6.78545,6.69681,6.7756,1707.916795081,0
BOW,60,20240612,170000,6.71651,6.76575,6.69681,6.69681,2208.5130970875,0
BOW,60,20240613,100000,6.74605,6.7756,6.69681,6.7756,142.15716487,0
BOW,60,20240613,110000,6.72636,6.72636,6.69681,6.69681,1015.4083205,0
BOW,60,20240613,120000,6.7559,6.7559,6.7559,6.7559,30.462249614999998,0
BOW,60,20240613,130000,6.72636,6.72636,6.59833,6.63772,4491.1510015715,0
BOW,60,20240613,140000,6.63772,6.67712,6.63772,6.67712,233.543913715,0
BOW,60,20240613,150000,6.61803,6.67712,6.59833,6.59833,4528.72110943,0
BOW,60,20240613,160000,6.64757,6.64757,6.64757,6.64757,132.003081665,0
BOW,60,20240613,170000,6.60818,6.64757,6.60818,6.64757,296.499229586,0
BOW,60,20240614,100000,6.63772,6.64757,6.63772,6.64757,152.311248075,0
BOW,60,20240614,110000,6.64757,6.64757,6.63772,6.64757,423.4252696485,0
BOW,60,20240614,120000,6.65742,6.67712,6.65742,6.67712,20.30816641,0
BOW,60,20240614,160000,6.64757,6.64757,6.64757,6.64757,663.0616332865,0
BOW,60,20240614,170000,6.64757,6.64757,6.64757,6.64757,306.65331279099996,0
BOW,60,20240617,100000,6.65742,6.65742,6.62788,6.62788,165.5115562415,0
BOW,60,20240617,110000,6.63772,6.65742,6.63772,6.65742,333.053929124,0
BOW,60,20240617,120000,6.65742,6.65742,6.65742,6.65742,203.08166409999998,0
BOW,60,20240617,130000,6.64757,6.65742,6.63772,6.63772,5.0770416025,0
BOW,60,20240617,140000,6.65742,6.65742,6.65742,6.65742,30.462249614999998,0
BOW,60,20240617,150000,6.65742,6.65742,6.65742,6.65742,10.154083205,0
BOW,60,20240617,160000,6.64757,6.64757,6.64757,6.64757,3.0462249615,0
BOW,60,20240617,170000,6.64757,6.64757,6.61803,6.64757,245.728813561,0
BOW,60,20240618,100000,6.64757,6.64757,6.64757,6.64757,253.852080125,0
BOW,60,20240618,110000,6.65742,6.65742,6.64757,6.64757,91.386748845,0
BOW,60,20240618,130000,6.64757,6.65742,6.64757,6.65742,216.2819722665,0
BOW,60,20240618,150000,6.64757,6.64757,6.64757,6.64757,8.123266564,0
BOW,60,20240618,170000,6.64757,6.64757,6.64757,6.64757,2.030816641,0
BOW,60,20240619,100000,6.64757,6.64757,6.64757,6.64757,799.1263482335,0
BOW,60,20240619,110000,6.63772,6.65742,6.61803,6.65742,465.057010789,0
BOW,60,20240619,120000,6.66727,6.66727,6.64757,6.66727,3807.781201875,0
BOW,60,20240619,130000,6.64757,6.66727,6.61803,6.61803,267.0523882915,0
BOW,60,20240619,140000,6.66727,6.69681,6.66727,6.69681,1376.893682598,0
BOW,60,20240619,150000,6.69681,6.69681,6.69681,6.69681,12.184899846,0
BOW,60,20240619,160000,6.67712,6.67712,6.67712,6.67712,641.7380585559999,0
BOW,60,20240619,170000,6.61803,6.64757,6.61803,6.64757,239.636363638,0
BOW,60,20240620,100000,6.59833,6.69681,6.59833,6.69681,2750.7411402345,0
BOW,60,20240620,110000,6.60818,6.72636,6.59833,6.72636,1415.479198777,0
BOW,60,20240620,130000,6.62788,6.71651,6.62788,6.71651,106.6178736525,0
BOW,60,20240620,140000,6.69681,6.71651,6.69681,6.71651,448.810477661,0
BOW,60,20240620,150000,6.69681,6.71651,6.69681,6.71651,10.154083205,0
BOW,60,20240620,160000,6.69681,6.71651,6.69681,6.71651,25.3852080125,0
BOW,60,20240621,100000,6.65742,6.65742,6.64757,6.64757,41.6317411405,0
BOW,60,20240621,110000,6.69681,6.72636,6.68697,6.72636,172.619414485,0
BOW,60,20240621,130000,6.71651,6.72636,6.71651,6.72636,30.462249614999998,0
BOW,60,20240624,100000,6.63772,6.71651,6.62788,6.71651,863.097072425,0
BOW,60,20240624,110000,6.70666,6.71651,6.70666,6.71651,50.770416024999996,0
BOW,60,20240624,130000,6.69681,6.69681,6.69681,6.69681,15.231124807499999,0
BOW,60,20240624,140000,6.69681,6.69681,6.69681,6.69681,10.154083205,0
BOW,60,20240624,150000,6.69681,6.69681,6.69681,6.69681,20.30816641,0
BOW,60,20240624,170000,6.65742,6.67712,6.65742,6.67712,307.6687211115,0
BOW,60,20240625,100000,6.65742,6.65742,6.65742,6.65742,625.491525428,0
BOW,60,20240625,120000,6.64757,6.64757,6.5097,6.58848,4889.1910632075,0
BOW,60,20240625,130000,6.58848,6.64757,6.57863,6.64757,2371.993836688,0
BOW,60,20240625,140000,6.60818,6.64757,6.59833,6.59833,1533.266563955,0
BOW,60,20240625,150000,6.59833,6.63772,6.59833,6.63772,360.4699537775,0
BOW,60,20240625,160000,6.59833,6.62788,6.59833,6.62788,1462.18798152,0
BOW,60,20240625,170000,6.59833,6.59833,6.59833,6.59833,304.62249614999996,0
BOW,60,20240626,100000,6.58848,6.59833,6.58848,6.59833,524.9661016985,0
BOW,60,20240626,110000,6.58848,6.63772,6.58848,6.63772,1881.5516178865,0
BOW,60,20240626,120000,6.62788,6.64757,6.59833,6.64757,1832.8120185025,0
BOW,60,20240626,130000,6.63772,6.64757,6.59833,6.59833,1198.18181819,0
BOW,60,20240626,140000,6.63772,6.63772,6.63772,6.63772,103.571648691,0
BOW,60,20240626,160000,6.62788,6.62788,6.62788,6.62788,2.030816641,0
BOW,60,20240626,170000,6.63772,6.63772,6.63772,6.63772,101.54083204999999,0
BOW,60,20240627,100000,6.64757,6.64757,6.62788,6.62788,46.708782743,0
BOW,60,20240627,120000,6.62788,6.64757,6.61803,6.64757,409.2095531615,0
BOW,60,20240627,130000,6.62788,6.63772,6.57863,6.63772,472.1648690325,0
BOW,60,20240627,140000,6.57863,6.57863,6.57863,6.57863,9.1386748845,0
BOW,60,20240627,150000,6.57863,6.62788,6.5097,6.62788,3118.3189522555,0
BOW,60,20240627,160000,6.59833,6.59833,6.59833,6.59833,152.31124807499998,0
BOW,60,20240627,170000,6.59833,6.59833,6.59833,6.59833,2.030816641,0
BOW,60,20240628,100000,6.58848,6.58848,6.57863,6.58848,161.4499229595,0
BOW,60,20240628,120000,6.55894,6.58848,6.51954,6.58848,1033.685670269,0
BOW,60,20240628,130000,6.52939,6.58848,6.49985,6.58848,3255.399075523,0
BOW,60,20240628,140000,6.52939,6.58848,6.52939,6.58848,172.619414485,0
BOW,60,20240628,150000,6.51954,6.57863,6.5097,6.57863,1320.03081665,0
BOW,60,20240628,160000,6.57863,6.57863,6.57863,6.57863,17.2619414485,0
BOW,60,20240628,170000,6.57863,6.57863,6.5097,6.56879,455.9183359045,0
BOW,60,20240701,100000,6.56879,6.57863,6.55894,6.57863,159.41910631849998,0
BOW,60,20240701,110000,6.57863,6.57863,6.49985,6.57863,2134.388289691,0
BOW,60,20240701,120000,6.56879,6.57863,6.49985,6.57863,2379.1016949315,0
BOW,60,20240701,140000,6.56879,6.57863,6.56879,6.57863,32.493066256,0
BOW,60,20240701,150000,6.57863,6.58848,6.54909,6.58848,544.258859788,0
BOW,60,20240701,160000,6.55894,6.58848,6.54909,6.58848,1726.19414485,0
BOW,60,20240702,100000,6.55894,6.55894,6.43091,6.55894,7341.402157215,0
BOW,60,20240702,110000,6.44076,6.56879,6.40137,6.55894,3902.2141756815,0
BOW,60,20240702,120000,6.41121,6.57863,6.41121,6.48015,1117.9645608705,0
BOW,60,20240702,130000,6.54909,6.58848,6.48015,6.57863,1191.0739599465,0
BOW,60,20240702,140000,6.56879,6.58848,6.46046,6.58848,831.6194144895,0
BOW,60,20240702,150000,6.49985,6.58848,6.44076,6.58848,1116.94915255,0
BOW,60,20240702,160000,6.4703,6.55894,6.45061,6.55894,1056.02465332,0
BOW,60,20240702,170000,6.46046,6.49985,6.45061,6.49985,118.8027734985,0
BOW,60,20240703,100000,6.55894,6.57863,6.42106,6.57863,2032.847457641,0
BOW,60,20240703,110000,6.49985,6.52939,6.45061,6.52939,665.0924499275,0
BOW,60,20240703,120000,6.52939,6.52939,6.40137,6.5097,2457.28813561,0
BOW,60,20240703,130000,6.49985,6.49985,6.41121,6.49,1700.8089368375,0
BOW,60,20240703,140000,6.48015,6.49985,6.48015,6.49,936.206471501,0
BOW,60,20240703,160000,6.49,6.49,6.49,6.49,10.154083205,0
BOW,60,20240703,170000,6.46046,6.49,6.43091,6.49,103.571648691,0
BOW,60,20240704,100000,6.40137,6.49,6.40137,6.41121,1849.0585516305,0
BOW,60,20240704,110000,6.41121,6.49,6.41121,6.49,1218.4899845999998,0
BOW,60,20240704,120000,6.41121,6.4703,6.40137,6.46046,255.882896766,0
BOW,60,20240704,130000,6.42106,6.4703,6.40137,6.4703,1167.719568575,0
BOW,60,20240704,140000,6.46046,6.46046,6.40137,6.41121,563.5516178775,0
BOW,60,20240704,150000,6.45061,6.4703,6.40137,6.4703,1205.2896764335,0
BOW,60,20240704,160000,6.46046,6.46046,6.46046,6.46046,6.092449923,0
BOW,60,20240704,170000,6.46046,6.4703,6.40137,6.4703,1380.95531588,0
BOW,60,20240705,100000,6.4703,6.4703,6.4703,6.4703,309.6995377525,0
BOW,60,20240705,110000,6.46046,6.49,6.44076,6.44076,2104.9414483965,0
BOW,60,20240705,120000,6.45061,6.49,6.41121,6.49,3457.4653313025,0
BOW,60,20240705,130000,6.49,6.49,6.49,6.49,11.1694915255,0
BOW,60,20240705,140000,6.43091,6.43091,6.42106,6.42106,5.0770416025,0
BOW,60,20240705,150000,6.43091,6.48015,6.40137,6.44076,4252.530046254,0
BOW,60,20240705,160000,6.42106,6.49,6.40137,6.49,1624.6533127999999,0
BOW,60,20240705,170000,6.41121,6.42106,6.40137,6.40137,172.619414485,0
BOW,60,20240708,100000,6.45061,6.49,6.36197,6.49,918.9445300525,0
BOW,60,20240708,110000,6.39152,6.59833,6.39152,6.40137,9711.365177262,0
BOW,60,20240708,120000,6.59833,6.59833,6.55894,6.55894,1222.551617882,0
BOW,60,20240708,130000,6.55894,6.58848,6.55894,6.58848,20.30816641,0
BOW,60,20240708,140000,6.58848,6.58848,6.58848,6.58848,5.0770416025,0
BOW,60,20240708,150000,6.55894,6.55894,6.55894,6.55894,8.123266564,0
BOW,60,20240708,160000,6.52939,6.53924,6.49,6.49,299.5454545475,0
BOW,60,20240708,170000,6.49,6.49,6.49,6.49,187.8505392925,0
BOW,60,20240709,100000,6.58,6.65,6.4,6.54,3568,0
BOW,60,20240709,110000,6.5,6.5,6.5,6.5,18,0
BOW,60,20240709,120000,6.51,6.51,6.51,6.51,30,0
BOW,60,20240709,130000,6.5,6.54,6.44,6.46,621,0
BOW,60,20240709,140000,6.55,6.55,6.47,6.47,353,0
BOW,60,20240709,150000,6.47,6.54,6.46,6.54,1783,0
BOW,60,20240709,160000,6.48,6.48,6.45,6.45,200,0
BOW,60,20240709,170000,6.52,6.53,6.52,6.52,10,0
BOW,60,20240710,100000,6.52,6.59,6.52,6.59,1051,0
BOW,60,20240710,110000,6.55,6.6,6.55,6.6,40,0
BOW,60,20240710,120000,6.6,6.62,6.6,6.62,280,0
BOW,60,20240710,130000,6.62,6.62,6.54,6.54,25,0
BOW,60,20240710,140000,6.6,6.62,6.53,6.53,750,0
BOW,60,20240710,150000,6.6,6.62,6.6,6.62,50,0
BOW,60,20240710,170000,6.6,6.6,6.6,6.6,200,0
BOW,60,20240711,100000,6.6,6.6,6.52,6.52,110,0
BOW,60,20240711,110000,6.53,6.6,6.53,6.6,1112,0
BOW,60,20240711,120000,6.6,6.6,6.6,6.6,152,0
BOW,60,20240711,130000,6.59,6.6,6.59,6.6,150,0
BOW,60,20240711,140000,6.58,6.58,6.58,6.58,6,0
BOW,60,20240711,160000,6.58,6.58,6.58,6.58,150,0
BOW,60,20240711,170000,6.56,6.6,6.56,6.6,368,0
BOW,60,20240712,100000,6.56,6.6,6.51,6.51,870,0
BOW,60,20240712,110000,6.57,6.59,6.51,6.59,87,0
BOW,60,20240712,120000,6.57,6.6,6.57,6.6,2215,0
BOW,60,20240712,140000,6.58,6.59,6.58,6.59,192,0
BOW,60,20240712,150000,6.59,6.59,6.59,6.59,54,0
BOW,60,20240712,170000,6.56,6.6,6.55,6.6,2073,0
BOW,60,20240715,100000,6.55,6.61,6.55,6.61,30,0
BOW,60,20240715,110000,6.6,6.6,6.6,6.6,60,0
BOW,60,20240715,130000,6.53,6.6,6.51,6.59,264,0
BOW,60,20240715,140000,6.59,6.6,6.59,6.59,335,0
BOW,60,20240715,160000,6.58,6.59,6.51,6.51,1399,0
BOW,60,20240715,170000,6.58,6.6,6.58,6.59,48,0
BOW,60,20240716,110000,6.57,6.59,6.41,6.57,2020,0
BOW,60,20240716,130000,6.56,6.57,6.56,6.57,20,0
BOW,60,20240716,160000,6.55,6.56,6.55,6.56,20,0
BOW,60,20240716,170000,6.5,6.5,6.5,6.5,402,0
BOW,60,20240717,100000,6.46,6.55,6.46,6.55,370,0
BOW,60,20240717,110000,6.54,6.56,6.5,6.5,1168,0
BOW,60,20240717,120000,6.5,6.5,6.5,6.5,101,0
BOW,60,20240717,140000,6.52,6.56,6.5,6.54,445,0
BOW,60,20240717,150000,6.53,6.6,6.53,6.53,1528,0
BOW,60,20240717,170000,6.53,6.59,6.53,6.59,32,0
BOW,60,20240718,100000,6.51,6.58,6.51,6.55,240,0
BOW,60,20240718,110000,6.52,6.55,6.51,6.55,402,0
BOW,60,20240718,120000,6.57,6.58,6.57,6.58,54,0
BOW,60,20240718,130000,6.56,6.56,6.56,6.56,550,0
BOW,60,20240718,140000,6.56,6.56,6.56,6.56,233,0
BOW,60,20240719,100000,6.56,6.56,6.52,6.56,240,0
BOW,60,20240719,120000,6.53,6.53,6.53,6.53,60,0
BOW,60,20240719,130000,6.56,6.56,6.56,6.56,25,0
BOW,60,20240719,160000,6.56,6.56,6.54,6.56,170,0
BOW,60,20240719,170000,6.53,6.53,6.53,6.53,200,0
BOW,60,20240722,100000,6.56,6.56,6.55,6.55,15,0
BOW,60,20240722,120000,6.55,6.55,6.53,6.53,212,0
BOW,60,20240722,130000,6.55,6.55,6.55,6.55,20,0
BOW,60,20240722,140000,6.55,6.55,6.55,6.55,10,0
BOW,60,20240722,160000,6.55,6.55,6.55,6.55,293,0
BOW,60,20240722,170000,6.55,6.55,6.55,6.55,2,0
BOW,60,20240723,100000,6.56,6.56,6.56,6.56,492,0
BOW,60,20240723,110000,6.56,6.56,6.5,6.5,1384,0
BOW,60,20240723,120000,6.5,6.51,6.5,6.5,853,0
BOW,60,20240723,130000,6.48,6.48,6.45,6.45,2306,0
BOW,60,20240723,140000,6.46,6.46,6.46,6.46,593,0
BOW,60,20240723,150000,6.49,6.5,6.49,6.5,77,0
BOW,60,20240723,160000,6.49,6.5,6.49,6.5,2,0
BOW,60,20240723,170000,6.49,6.5,6.47,6.47,242,0
BOW,60,20240724,100000,6.54,6.54,6.44,6.44,1566,0
BOW,60,20240724,110000,6.44,6.44,6.44,6.44,455,0
BOW,60,20240724,120000,6.44,6.44,6.3,6.4,2884,0
BOW,60,20240724,130000,6.38,6.38,6.38,6.38,61,0
BOW,60,20240724,140000,6.38,6.4,6.38,6.4,1851,0
BOW,60,20240724,150000,6.35,6.4,6.34,6.4,206,0
BOW,60,20240724,170000,6.39,6.4,6.39,6.4,24,0
BOW,60,20240725,100000,6.39,6.43,6.39,6.43,2803,0
BOW,60,20240725,120000,6.42,6.42,6.4,6.4,352,0
BOW,60,20240725,130000,6.4,6.42,6.33,6.4,2549,0
BOW,60,20240725,140000,6.39,6.4,6.33,6.33,332,0
BOW,60,20240725,150000,6.39,6.4,6.34,6.34,380,0
BOW,60,20240725,160000,6.34,6.34,6.33,6.33,343,0
BOW,60,20240725,170000,6.39,6.39,6.39,6.39,2,0
BOW,60,20240726,100000,6.39,6.4,6.38,6.4,142,0
BOW,60,20240726,110000,6.35,6.39,6.34,6.39,250,0
BOW,60,20240726,120000,6.35,6.38,6.31,6.38,1043,0
BOW,60,20240726,130000,6.32,6.37,6.32,6.37,22,0
BOW,60,20240726,140000,6.33,6.33,6.32,6.32,487,0
BOW,60,20240726,160000,6.37,6.37,6.37,6.37,4,0
BOW,60,20240726,170000,6.37,6.37,6.37,6.37,2,0
BOW,60,20240729,100000,6.37,6.37,6.37,6.37,448,0
BOW,60,20240729,110000,6.34,6.37,6.3,6.35,1849,0
BOW,60,20240729,130000,6.35,6.35,6.34,6.34,790,0
BOW,60,20240729,140000,6.34,6.34,6.34,6.34,40,0
BOW,60,20240729,150000,6.33,6.33,6.33,6.33,1148,0
BOW,60,20240729,160000,6.34,6.36,6.34,6.36,619,0
BOW,60,20240730,100000,6.31,6.36,6.3,6.3,1236,0
BOW,60,20240730,110000,6.34,6.35,6.34,6.35,20,0
BOW,60,20240730,120000,6.34,6.35,6.34,6.34,12,0
BOW,60,20240730,130000,6.33,6.33,6.33,6.33,2,0
BOW,60,20240730,150000,6.33,6.33,6.33,6.33,720,0
BOW,60,20240731,100000,6.35,6.35,6.35,6.35,17,0
BOW,60,20240731,160000,6.35,6.37,6.35,6.37,467,0
BOW,60,20240801,100000,6.35,6.38,6.32,6.38,481,0
BOW,60,20240801,110000,6.37,6.38,6.37,6.38,50,0
BOW,60,20240801,120000,6.32,6.37,6.29,6.37,2520,0
BOW,60,20240801,140000,6.36,6.37,6.36,6.37,24,0
BOW,60,20240802,110000,6.36,6.36,6.3,6.35,226,0
BOW,60,20240802,140000,6.35,6.35,6.35,6.35,100,0
BOW,60,20240802,170000,6.31,6.31,6.28,6.28,1000,0
BOW,60,20240805,100000,6.26,6.3,5.9,5.9,4323,0
BOW,60,20240805,110000,6.08,6.09,5.65,5.81,21167,0
BOW,60,20240805,120000,5.86,5.87,5.82,5.82,3126,0
BOW,60,20240805,130000,5.87,5.88,5.78,5.78,5210,0
BOW,60,20240805,140000,5.78,5.86,5.76,5.86,1821,0
BOW,60,20240805,150000,5.89,5.9,5.88,5.9,765,0
BOW,60,20240805,160000,5.9,6.04,5.9,6.02,1349,0
BOW,60,20240805,170000,5.99,6.02,5.99,6.02,10,0
BOW,60,20240806,100000,6.01,6.08,6.01,6.08,3722,0
BOW,60,20240806,110000,6.05,6.06,6,6,577,0
BOW,60,20240806,120000,6,6,5.9,5.91,400,0
BOW,60,20240806,130000,6.02,6.04,5.9,6.04,615,0
BOW,60,20240806,140000,6.03,6.03,6.03,6.03,2,0
BOW,60,20240806,150000,6.03,6.03,6.03,6.03,10,0
BOW,60,20240806,170000,5.99,6,5.99,6,20,0
BOW,60,20240807,100000,5.99,6.03,5.99,6.03,141,0
BOW,60,20240807,110000,6,6.02,6,6.02,110,0
BOW,60,20240807,120000,6.01,6.02,6.01,6.02,1100,0
BOW,60,20240807,140000,6.02,6.03,6.02,6.03,5,0
BOW,60,20240807,150000,6.03,6.03,6.03,6.03,3,0
BOW,60,20240807,160000,5.98,5.98,5.98,5.98,77,0
BOW,60,20240807,170000,6.02,6.03,6.02,6.03,10,0
BOW,60,20240808,100000,5.98,5.98,5.97,5.98,2018,0
BOW,60,20240808,110000,6.01,6.01,6.01,6.01,20,0
BOW,60,20240808,120000,5.98,6.02,5.9,6.02,2518,0
BOW,60,20240808,130000,5.99,6.02,5.99,6.02,10,0
BOW,60,20240808,140000,6.02,6.02,6.02,6.02,25,0
BOW,60,20240808,170000,6,6.01,6,6.01,6,0
BOW,60,20240809,100000,6.02,6.02,5.92,6.01,480,0
BOW,60,20240809,110000,6,6,5.88,5.89,1369,0
BOW,60,20240809,120000,5.92,5.98,5.9,5.98,238,0
BOW,60,20240809,130000,5.98,5.98,5.88,5.9,122,0
BOW,60,20240809,140000,5.89,5.89,5.73,5.78,7072,0
BOW,60,20240809,150000,5.94,5.97,5.5,5.51,18042,0
BOW,60,20240809,160000,5.51,5.64,5.42,5.6,52407,0
BOW,60,20240809,170000,5.59,5.6,5.43,5.44,4544,0
BOW,60,20240812,100000,5.8,5.8,5.62,5.66,6183,0
BOW,60,20240812,110000,5.74,5.74,5.66,5.66,1011,0
BOW,60,20240812,120000,5.68,5.68,5.55,5.55,1789,0
BOW,60,20240812,130000,5.58,5.6,5.5,5.5,1243,0
BOW,60,20240812,140000,5.57,5.58,5.57,5.58,13,0
BOW,60,20240812,150000,5.55,5.58,5.47,5.58,105,0
BOW,60,20240812,160000,5.57,5.59,5.57,5.59,250,0
BOW,60,20240812,170000,5.57,5.59,5.5,5.5,214,0
BOW,60,20240813,100000,5.59,5.65,5.59,5.6,3885,0
BOW,60,20240813,110000,5.6,5.6,5.53,5.6,17,0
BOW,60,20240813,120000,5.59,5.6,5.59,5.6,236,0
BOW,60,20240813,150000,5.59,5.6,5.59,5.6,250,0
BOW,60,20240813,160000,5.6,5.6,5.6,5.6,29,0
BOW,60,20240813,170000,5.56,5.6,5.56,5.6,134,0
BOW,60,20240814,100000,5.6,5.65,5.5,5.5,5419,0
BOW,60,20240814,110000,5.59,5.6,5.59,5.6,85,0
BOW,60,20240814,120000,5.52,5.59,5.5,5.59,20,0
BOW,60,20240814,130000,5.55,5.55,5.55,5.55,471,0
BOW,60,20240814,140000,5.58,5.6,5.58,5.6,2560,0
BOW,60,20240814,160000,5.58,5.58,5.58,5.58,60,0
BOW,60,20240814,170000,5.6,5.6,5.58,5.58,50,0
BOW,60,20240816,100000,5.53,5.6,5.49,5.59,700,0
BOW,60,20240816,110000,5.55,5.55,5.55,5.55,2,0
BOW,60,20240816,120000,5.55,5.55,5.55,5.55,131,0
BOW,60,20240816,130000,5.58,5.6,5.55,5.59,319,0
BOW,60,20240816,160000,5.54,5.54,5.49,5.49,455,0
BOW,60,20240816,170000,5.59,5.59,5.5,5.51,328,0
BOW,60,20240819,100000,5.48,5.51,5.48,5.51,1146,0
BOW,60,20240819,110000,5.5,5.59,5.5,5.59,100,0
BOW,60,20240819,120000,5.56,5.57,5.56,5.57,110,0
BOW,60,20240819,130000,5.55,5.57,5.55,5.57,800,0
BOW,60,20240819,140000,5.53,5.58,5.5,5.58,110,0
BOW,60,20240819,150000,5.51,5.58,5.5,5.58,650,0
BOW,60,20240820,100000,5.57,5.59,5.54,5.54,198,0
BOW,60,20240820,110000,5.58,5.59,5.5,5.54,1352,0
BOW,60,20240820,120000,5.5,5.59,5.46,5.59,551,0
BOW,60,20240820,130000,5.5,5.58,5.46,5.58,130,0
BOW,60,20240820,140000,5.57,5.58,5.57,5.58,10,0
BOW,60,20240820,150000,5.58,5.58,5.57,5.57,105,0
BOW,60,20240821,100000,5.56,5.57,5.5,5.5,1020,0
BOW,60,20240821,110000,5.56,5.57,5.56,5.57,5,0
BOW,60,20240821,120000,5.55,5.57,5.55,5.57,30,0
BOW,60,20240821,130000,5.55,5.57,5.55,5.57,5,0
BOW,60,20240821,140000,5.56,5.57,5.56,5.57,71,0
BOW,60,20240821,150000,5.57,5.57,5.57,5.57,3,0
BOW,60,20240821,170000,5.57,5.57,5.57,5.57,2,0
BOW,60,20240822,100000,5.57,5.57,5.56,5.57,585,0
BOW,60,20240822,110000,5.57,5.59,5.57,5.59,540,0
BOW,60,20240822,120000,5.56,5.59,5.5,5.59,2005,0
BOW,60,20240822,160000,5.56,5.58,5.56,5.58,50,0
BOW,60,20240822,170000,5.55,5.58,5.48,5.48,557,0
BOW,60,20240823,100000,5.5,5.57,5.5,5.56,1428,0
BOW,60,20240823,110000,5.51,5.51,5.5,5.5,20,0
BOW,60,20240823,120000,5.54,5.55,5.54,5.55,22,0
BOW,60,20240823,130000,5.55,5.57,5.55,5.57,20,0
BOW,60,20240823,140000,5.56,5.57,5.56,5.57,133,0
BOW,60,20240823,170000,5.57,5.57,5.52,5.57,37,0
BOW,60,20240826,100000,5.56,5.56,5.56,5.56,15,0
BOW,60,20240826,110000,5.54,5.54,5.54,5.54,5,0
BOW,60,20240826,130000,5.53,5.54,5.53,5.54,167,0
BOW,60,20240826,140000,5.56,5.57,5.56,5.57,10,0
BOW,60,20240826,150000,5.56,5.58,5.56,5.58,250,0
BOW,60,20240826,160000,5.53,5.53,5.53,5.53,1281,0
BOW,60,20240826,170000,5.49,5.49,5.49,5.49,1000,0
BOW,60,20240827,100000,5.57,5.57,5.56,5.57,25,0
BOW,60,20240827,110000,5.5,5.5,5.5,5.5,13,0
BOW,60,20240827,120000,5.5,5.5,5.49,5.49,6,0
BOW,60,20240827,130000,5.5,5.5,5.5,5.5,547,0
BOW,60,20240827,140000,5.55,5.57,5.55,5.57,338,0
BOW,60,20240827,150000,5.51,5.51,5.49,5.49,315,0
BOW,60,20240827,160000,5.54,5.55,5.54,5.55,10,0
BOW,60,20240827,170000,5.54,5.54,5.54,5.54,2,0
BOW,60,20240828,100000,5.52,5.56,5.52,5.56,94,0
BOW,60,20240828,120000,5.56,5.57,5.56,5.57,191,0
BOW,60,20240828,130000,5.56,5.58,5.56,5.58,506,0
BOW,60,20240828,160000,5.57,5.57,5.57,5.57,2,0
BOW,60,20240828,170000,5.56,5.59,5.55,5.59,2370,0
BOW,60,20240829,100000,5.59,5.59,5.52,5.52,1023,0
BOW,60,20240829,110000,5.58,5.59,5.58,5.59,259,0
BOW,60,20240829,130000,5.59,5.59,5.59,5.59,210,0
BOW,60,20240829,140000,5.52,5.59,5.52,5.59,270,0
BOW,60,20240829,150000,5.52,5.59,5.52,5.59,40,0
BOW,60,20240829,160000,5.59,5.6,5.59,5.6,1124,0
BOW,60,20240829,170000,5.58,5.58,5.58,5.58,5,0
BOW,60,20240830,100000,5.58,5.59,5.58,5.58,580,0
BOW,60,20240830,110000,5.55,5.58,5.55,5.58,15,0
BOW,60,20240830,120000,5.58,5.58,5.51,5.58,902,0
BOW,60,20240830,130000,5.5,5.5,5.49,5.49,1242,0
BOW,60,20240830,140000,5.56,5.57,5.56,5.57,20,0
BOW,60,20240830,150000,5.5,5.57,5.44,5.57,2189,0
BOW,60,20240830,170000,5.56,5.57,5.56,5.57,328,0
BOW,60,20240902,100000,5.57,5.57,5.5,5.56,635,0
BOW,60,20240902,110000,5.55,5.55,5.49,5.49,709,0
BOW,60,20240902,120000,5.49,5.49,5.49,5.49,20,0
BOW,60,20240902,130000,5.49,5.49,5.49,5.49,5,0
BOW,60,20240902,140000,5.48,5.49,5.44,5.47,790,0
BOW,60,20240902,150000,5.47,5.55,5.47,5.55,668,0
BOW,60,20240902,160000,5.5,5.55,5.47,5.55,672,0
BOW,60,20240902,170000,5.55,5.56,5.55,5.55,67,0
BOW,60,20240903,100000,5.55,5.57,5.46,5.5,813,0
BOW,60,20240903,110000,5.5,5.55,5.5,5.55,591,0
BOW,60,20240903,120000,5.55,5.56,5.55,5.56,1144,0
BOW,60,20240903,130000,5.55,5.55,5.55,5.55,50,0
BOW,60,20240903,150000,5.49,5.49,5.49,5.49,100,0
BOW,60,20240903,170000,5.5,5.54,5.46,5.54,716,0
BOW,60,20240904,100000,5.46,5.48,5.43,5.44,2099,0
BOW,60,20240904,110000,5.48,5.56,5.48,5.56,1000,0
BOW,60,20240904,120000,5.55,5.55,5.55,5.55,155,0
BOW,60,20240904,130000,5.55,5.55,5.55,5.55,5,0
BOW,60,20240904,140000,5.55,5.55,5.55,5.55,244,0
BOW,60,20240904,150000,5.55,5.55,5.5,5.55,448,0
BOW,60,20240904,170000,5.49,5.54,5.46,5.54,300,0
BOW,60,20240905,100000,5.43,5.48,5.43,5.48,1115,0
BOW,60,20240905,110000,5.46,5.48,5.43,5.48,505,0
BOW,60,20240905,120000,5.48,5.49,5.48,5.49,892,0
BOW,60,20240905,130000,5.53,5.53,5.53,5.53,65,0
BOW,60,20240905,150000,5.53,5.53,5.49,5.49,102,0
BOW,60,20240905,160000,5.5,5.53,5.5,5.53,5,0
BOW,60,20240905,170000,5.49,5.53,5.49,5.53,397,0
BOW,60,20240906,110000,5.52,5.53,5.52,5.53,502,0
BOW,60,20240906,120000,5.5,5.5,5.5,5.5,45,0
BOW,60,20240906,130000,5.46,5.46,5.46,5.46,395,0
BOW,60,20240906,140000,5.52,5.52,5.52,5.52,3,0
BOW,60,20240906,160000,5.46,5.46,5.42,5.45,1304,0
BOW,60,20240906,170000,5.52,5.52,5.52,5.52,5,0
BOW,60,20240909,100000,5.42,5.42,5.42,5.42,250,0
BOW,60,20240909,120000,5.5,5.5,5.5,5.5,20,0
BOW,60,20240909,130000,5.5,5.5,5.45,5.45,410,0
BOW,60,20240909,170000,5.5,5.5,5.5,5.5,12,0
BOW,60,20240910,100000,5.49,5.49,5.49,5.49,61,0
BOW,60,20240910,110000,5.49,5.49,5.49,5.49,4,0
BOW,60,20240910,120000,5.49,5.49,5.48,5.48,1004,0
BOW,60,20240910,160000,5.45,5.45,5.39,5.39,3574,0
BOW,60,20240910,170000,5.39,5.39,5.38,5.38,500,0
BOW,60,20240911,100000,5.35,5.4,5.35,5.35,2690,0
BOW,60,20240911,110000,5.4,5.4,5.36,5.39,21,0
BOW,60,20240911,120000,5.39,5.39,5.39,5.39,25,0
BOW,60,20240911,130000,5.39,5.39,5.39,5.39,5,0
BOW,60,20240911,140000,5.39,5.39,5.39,5.39,10,0
BOW,60,20240911,160000,5.39,5.39,5.39,5.39,145,0
BOW,60,20240911,170000,5.39,5.39,5.39,5.39,57,0
BOW,60,20240912,100000,5.36,5.39,5.3,5.39,317,0
BOW,60,20240912,110000,5.39,5.4,5.39,5.4,295,0
BOW,60,20240912,160000,5.4,5.4,5.4,5.4,302,0
BOW,60,20240912,170000,5.39,5.39,5.39,5.39,2,0
BOW,60,20240913,100000,5.32,5.4,5.31,5.4,488,0
BOW,60,20240913,110000,5.38,5.38,5.38,5.38,390,0
BOW,60,20240913,120000,5.39,5.4,5.39,5.4,560,0
BOW,60,20240913,160000,5.39,5.4,5.39,5.4,370,0
BOW,60,20240913,170000,5.39,5.4,5.38,5.4,892,0
BOW,60,20240916,100000,5.3,5.4,5.3,5.4,676,0
BOW,60,20240916,110000,5.39,5.39,5.39,5.39,14,0
BOW,60,20240916,150000,5.39,5.39,5.39,5.39,87,0
BOW,60,20240916,170000,5.36,5.36,5.36,5.36,2,0
BOW,60,20240917,100000,5.36,5.36,5.35,5.35,12,0
BOW,60,20240917,110000,5.35,5.36,5.35,5.36,700,0
BOW,60,20240917,130000,5.36,5.36,5.36,5.36,250,0
BOW,60,20240917,140000,5.36,5.36,5.36,5.36,25,0
BOW,60,20240917,150000,5.36,5.36,5.36,5.36,200,0
BOW,60,20240917,160000,5.34,5.34,5.3,5.3,675,0
BOW,60,20240917,170000,5.3,5.3,5.23,5.3,660,0
BOW,60,20240918,100000,5.3,5.3,5.3,5.3,6,0
BOW,60,20240918,120000,5.3,5.3,5.21,5.21,1944,0
BOW,60,20240918,130000,5.22,5.28,5.2,5.28,4594,0
BOW,60,20240918,140000,5.16,5.19,5.07,5.19,1568,0
BOW,60,20240918,150000,5.13,5.18,5.11,5.18,22,0
BOW,60,20240918,160000,5.18,5.18,5.1,5.17,1301,0
BOW,60,20240918,170000,5.16,5.16,5.16,5.16,54,0
BOW,60,20240919,100000,5.16,5.17,5.16,5.17,1395,0
BOW,60,20240919,110000,5.17,5.17,5.16,5.16,1642,0
BOW,60,20240919,120000,5.17,5.17,5.17,5.17,400,0
BOW,60,20240919,130000,5.18,5.19,5.18,5.19,320,0
BOW,60,20240919,140000,5.19,5.19,5.19,5.19,30,0
BOW,60,20240919,160000,5.17,5.19,5.16,5.19,2040,0
BOW,60,20240920,100000,5.2,5.29,5.2,5.22,1670,0
BOW,60,20240920,110000,5.21,5.22,5.21,5.21,368,0
BOW,60,20240920,130000,5.27,5.28,5.27,5.28,204,0
BOW,60,20240920,140000,5.28,5.29,5.28,5.29,100,0
BOW,60,20240920,150000,5.29,5.29,5.29,5.29,6,0
BOW,60,20240920,160000,5.28,5.29,5.28,5.29,30,0
BOW,60,20240920,170000,5.24,5.24,5.2,5.2,1999,0
BOW,60,20240923,100000,5.2,5.2,5.2,5.2,250,0
BOW,60,20240923,110000,5.2,5.2,5.2,5.2,10,0
BOW,60,20240923,120000,5.2,5.29,5.2,5.29,1500,0
BOW,60,20240923,140000,5.28,5.29,5.28,5.29,10,0
BOW,60,20240923,160000,5.29,5.29,5.29,5.29,2,0
BOW,60,20240924,100000,5.25,5.25,5.22,5.22,720,0
BOW,60,20240924,110000,5.25,5.25,5.2,5.2,2107,0
BOW,60,20240924,120000,5.25,5.25,5.25,5.25,623,0
BOW,60,20240924,130000,5.25,5.25,5.25,5.25,155,0
BOW,60,20240924,150000,5.22,5.22,5.21,5.21,150,0
BOW,60,20240924,160000,5.21,5.25,5.2,5.25,1615,0
BOW,60,20240924,170000,5.21,5.24,5.21,5.24,6,0
BOW,60,20240925,100000,5.25,5.25,5.24,5.25,235,0
BOW,60,20240925,150000,5.24,5.24,5.24,5.24,250,0
BOW,60,20240925,160000,5.25,5.25,5.24,5.25,68,0
BOW,60,20240925,170000,5.25,5.25,5.25,5.25,100,0
BOW,60,20240926,100000,5.25,5.25,5.25,5.25,2,0
BOW,60,20240926,120000,5.22,5.22,5.22,5.22,6,0
BOW,60,20240926,130000,5.21,5.25,5.2,5.25,308,0
BOW,60,20240926,140000,5.24,5.25,5.24,5.25,30,0
BOW,60,20240926,150000,5.21,5.21,5.2,5.2,1502,0
BOW,60,20240926,160000,5.18,5.2,5.16,5.2,1173,0
BOW,60,20240927,100000,5.19,5.2,5.19,5.2,3,0
BOW,60,20240927,110000,5.2,5.2,5.2,5.2,45,0
BOW,60,20240927,120000,5.19,5.19,5.1,5.19,3065,0
BOW,60,20240927,130000,5.19,5.19,5.18,5.18,102,0
BOW,60,20240927,140000,5.13,5.19,5.1,5.19,153,0
BOW,60,20240927,150000,5.11,5.11,5.08,5.08,414,0
BOW,60,20240927,160000,5.17,5.17,5.17,5.17,43,0
BOW,60,20240927,170000,5.15,5.15,5.1,5.15,14,0
BOW,60,20240930,100000,5.15,5.2,5.12,5.2,770,0
BOW,60,20240930,110000,5.19,5.19,5.18,5.18,6,0
BOW,60,20240930,120000,5.18,5.18,5.18,5.18,29,0
BOW,60,20240930,130000,5.18,5.18,5.18,5.18,6,0
BOW,60,20240930,150000,5.18,5.18,5.18,5.18,1689,0
BOW,60,20240930,160000,5.19,5.2,5.19,5.2,15,0
BOW,60,20240930,170000,5.2,5.2,5.19,5.2,155,0
BOW,60,20241001,100000,5.19,5.2,5.15,5.2,72,0
BOW,60,20241001,110000,5.14,5.14,5.14,5.14,76,0
BOW,60,20241001,130000,5.17,5.17,5.17,5.17,2,0
BOW,60,20241001,140000,5.17,5.17,5.17,5.17,120,0
BOW,60,20241001,160000,5.17,5.19,5.14,5.14,530,0
BOW,60,20241001,170000,5.18,5.18,5.18,5.18,15,0
BOW,60,20241002,100000,5.18,5.2,5.18,5.2,1473,0
BOW,60,20241002,110000,5.2,5.29,5.2,5.29,563,0
BOW,60,20241002,120000,5.24,5.28,5.22,5.28,504,0
BOW,60,20241002,130000,5.28,5.28,5.28,5.28,3,0
BOW,60,20241002,150000,5.23,5.23,5.2,5.2,3352,0
BOW,60,20241002,160000,5.2,5.2,5.2,5.2,55,0
BOW,60,20241002,170000,5.19,5.3,5.19,5.3,4649,0
BOW,60,20241003,100000,5.2,5.32,5.2,5.31,922,0
BOW,60,20241003,110000,5.32,5.33,5.1,5.1,6050,0
BOW,60,20241003,120000,5.18,5.18,5.1,5.1,49,0
BOW,60,20241003,130000,5.1,5.1,5.1,5.1,505,0
BOW,60,20241003,150000,5.17,5.18,5.17,5.18,20,0
BOW,60,20241003,160000,5.17,5.18,5.16,5.16,302,0
BOW,60,20241003,170000,5.16,5.18,5.16,5.18,315,0
BOW,60,20241004,100000,5.18,5.18,5.17,5.17,122,0
BOW,60,20241004,110000,5.15,5.17,5.09,5.17,220,0
BOW,60,20241004,130000,5.16,5.17,5.16,5.17,340,0
BOW,60,20241004,140000,5.15,5.17,5.14,5.14,240,0
BOW,60,20241004,150000,5.12,5.13,5.12,5.13,4,0
BOW,60,20241004,160000,5.14,5.14,5.14,5.14,12,0
BOW,60,20241004,170000,5.14,5.14,5.13,5.13,205,0
BOW,60,20241007,100000,5.12,5.13,5.08,5.13,690,0
BOW,60,20241007,110000,5.11,5.13,5.06,5.08,15287,0
BOW,60,20241007,120000,5.09,5.09,5,5.04,4108,0
BOW,60,20241007,130000,5.03,5.04,5,5.04,1585,0
BOW,60,20241007,140000,5.04,5.1,5.04,5.1,670,0
BOW,60,20241007,160000,5.09,5.1,5.09,5.1,2,0
BOW,60,20241007,170000,5.1,5.1,5.1,5.1,5,0
BOW,60,20241008,100000,5.09,5.1,5.09,5.1,105,0
BOW,60,20241008,110000,5.1,5.1,5,5,1633,0
BOW,60,20241008,120000,5,5,4.97,5,1173,0
BOW,60,20241008,130000,5,5,5,5,38,0
BOW,60,20241008,140000,4.99,5,4.97,5,408,0
BOW,60,20241008,150000,5,5,5,5,100,0
BOW,60,20241008,160000,5,5,5,5,10,0
BOW,60,20241008,170000,4.98,5.09,4.97,5.08,7943,0
BOW,60,20241009,100000,5.07,5.08,5.06,5.08,20,0
BOW,60,20241009,110000,5.01,5.01,5,5,1769,0
BOW,60,20241009,120000,4.975,4.995,4.87,4.995,1627,0
BOW,60,20241009,160000,4.95,4.995,4.82,4.82,1739,0
BOW,60,20241009,170000,4.98,4.98,4.96,4.98,413,0
BOW,60,20241010,100000,4.93,4.93,4.93,4.93,483,0
BOW,60,20241010,110000,4.95,4.955,4.95,4.955,9,0
BOW,60,20241010,120000,4.93,4.97,4.93,4.97,1302,0
BOW,60,20241010,150000,4.95,4.97,4.95,4.97,1652,0
BOW,60,20241010,170000,4.97,4.97,4.97,4.97,200,0
BOW,60,20241011,100000,4.97,4.97,4.97,4.97,10,0
BOW,60,20241011,110000,4.97,4.97,4.97,4.97,9,0
BOW,60,20241011,120000,4.97,4.97,4.93,4.93,1125,0
BOW,60,20241011,130000,4.96,4.96,4.96,4.96,74,0
BOW,60,20241011,160000,4.96,5,4.96,5,2520,0
BOW,60,20241011,170000,5.01,5.01,4.94,4.94,3928,0
BOW,60,20241014,100000,4.94,4.94,4.93,4.94,543,0
BOW,60,20241014,110000,4.94,4.94,4.94,4.94,52,0
BOW,60,20241014,120000,4.94,4.94,4.94,4.94,4,0
BOW,60,20241014,130000,4.94,4.95,4.94,4.95,126,0
BOW,60,20241014,140000,4.95,4.95,4.95,4.95,3,0
BOW,60,20241014,160000,4.94,4.94,4.94,4.94,7,0
BOW,60,20241014,170000,4.95,4.95,4.95,4.95,3,0
BOW,60,20241015,100000,4.95,4.95,4.93,4.93,1923,0
BOW,60,20241015,110000,4.93,4.93,4.925,4.925,13,0
BOW,60,20241015,120000,4.93,4.93,4.93,4.93,292,0
BOW,60,20241015,130000,4.93,4.93,4.8,4.91,5044,0
BOW,60,20241015,140000,4.91,4.91,4.91,4.91,34,0
BOW,60,20241015,150000,4.91,4.91,4.91,4.91,82,0
BOW,60,20241015,160000,4.91,4.91,4.91,4.91,200,0
BOW,60,20241016,100000,4.905,4.905,4.85,4.85,275,0
BOW,60,20241016,110000,4.85,4.85,4.82,4.82,1086,0
BOW,60,20241016,120000,4.82,4.85,4.8,4.85,474,0
BOW,60,20241016,130000,4.84,4.85,4.84,4.85,2400,0
BOW,60,20241016,140000,4.85,4.85,4.85,4.85,310,0
BOW,60,20241016,150000,4.85,4.85,4.85,4.85,219,0
BOW,60,20241016,160000,4.85,4.85,4.85,4.85,25,0
BOW,60,20241016,170000,4.85,4.85,4.85,4.85,6,0
BOW,60,20241017,100000,4.84,4.85,4.78,4.8,4580,0
BOW,60,20241017,110000,4.8,4.8,4.78,4.8,2586,0
BOW,60,20241017,120000,4.785,4.785,4.78,4.78,339,0
BOW,60,20241017,140000,4.79,4.79,4.76,4.76,200,0
BOW,60,20241017,160000,4.76,4.795,4.76,4.795,905,0
BOW,60,20241017,170000,4.765,4.79,4.76,4.79,29,0
BOW,60,20241018,100000,4.79,4.79,4.79,4.79,517,0
BOW,60,20241018,110000,4.765,4.79,4.755,4.79,58,0
BOW,60,20241018,120000,4.79,4.79,4.79,4.79,200,0
BOW,60,20241018,140000,4.79,4.79,4.79,4.79,3,0
BOW,60,20241018,150000,4.79,4.79,4.79,4.79,600,0
BOW,60,20241018,160000,4.79,4.8,4.66,4.795,4038,0
BOW,60,20241018,170000,4.795,4.795,4.6,4.77,2596,0
BOW,60,20241021,100000,4.6,4.775,4.6,4.7,1887,0
BOW,60,20241021,110000,4.695,4.7,4.695,4.7,40,0
BOW,60,20241021,120000,4.695,4.775,4.605,4.77,746,0
BOW,60,20241021,130000,4.7,4.7,4.695,4.7,70,0
BOW,60,20241021,140000,4.7,4.7,4.7,4.7,3,0
BOW,60,20241021,170000,4.68,4.695,4.6,4.695,1917,0
BOW,60,20241022,100000,4.685,4.74,4.68,4.74,300,0
BOW,60,20241022,110000,4.69,4.69,4.69,4.69,217,0
BOW,60,20241022,120000,4.64,4.65,4.6,4.64,2703,0
BOW,60,20241022,130000,4.66,4.7,4.595,4.6,5937,0
BOW,60,20241022,140000,4.595,4.6,4.595,4.6,588,0
BOW,60,20241022,150000,4.59,4.59,4.59,4.59,303,0
BOW,60,20241022,170000,4.59,4.59,4.59,4.59,1456,0
BOW,60,20241023,100000,4.58,4.595,4.51,4.585,2282,0
BOW,60,20241023,110000,4.585,4.59,4.58,4.58,161,0
BOW,60,20241023,120000,4.58,4.58,4.58,4.58,5,0
BOW,60,20241023,130000,4.58,4.59,4.58,4.59,522,0
BOW,60,20241023,160000,4.545,4.585,4.53,4.53,609,0
BOW,60,20241023,170000,4.52,4.58,4.515,4.515,1035,0
BOW,60,20241024,100000,4.58,4.59,4.52,4.59,1442,0
BOW,60,20241024,110000,4.59,4.59,4.52,4.52,1000,0
BOW,60,20241024,120000,4.58,4.59,4.58,4.59,14,0
BOW,60,20241024,130000,4.55,4.55,4.53,4.53,50,0
BOW,60,20241024,140000,4.58,4.59,4.58,4.59,15,0
BOW,60,20241024,160000,4.54,4.59,4.51,4.58,2644,0
BOW,60,20241024,170000,4.52,4.52,4.52,4.52,5,0
BOW,60,20241025,100000,4.565,4.585,4.53,4.535,34,0
BOW,60,20241025,110000,4.56,4.56,4.56,4.56,20,0
BOW,60,20241025,120000,4.56,4.56,4.56,4.56,78,0
BOW,60,20241025,130000,4.535,4.535,4.535,4.535,17,0
BOW,60,20241025,140000,4.53,4.53,4.52,4.52,2010,0
BOW,60,20241025,150000,4.52,4.52,4.52,4.52,367,0
BOW,60,20241025,160000,4.51,4.51,4.51,4.51,600,0
BOW,60,20241025,170000,4.52,4.52,4.52,4.52,1966,0
BOW,60,20241028,100000,4.51,4.585,4.51,4.53,454,0
BOW,60,20241028,110000,4.53,4.58,4.53,4.58,281,0
BOW,60,20241028,120000,4.58,4.58,4.58,4.58,100,0
BOW,60,20241028,130000,4.57,4.58,4.57,4.57,70,0
BOW,60,20241028,140000,4.55,4.57,4.55,4.57,260,0
BOW,60,20241028,160000,4.55,4.55,4.55,4.55,80,0
BOW,60,20241028,170000,4.54,4.54,4.54,4.54,190,0
BOW,60,20241029,100000,4.57,4.57,4.57,4.57,220,0
BOW,60,20241029,110000,4.57,4.57,4.57,4.57,28,0
BOW,60,20241029,120000,4.53,4.565,4.53,4.565,40,0
BOW,60,20241029,140000,4.565,4.57,4.565,4.57,1000,0
BOW,60,20241029,150000,4.57,4.57,4.57,4.57,200,0
BOW,60,20241029,160000,4.57,4.57,4.57,4.57,179,0
BOW,60,20241029,170000,4.57,4.57,4.57,4.57,1210,0
BOW,60,20241030,100000,4.57,4.57,4.57,4.57,6,0
BOW,60,20241030,110000,4.545,4.57,4.51,4.51,4769,0
BOW,60,20241030,120000,4.565,4.565,4.56,4.565,115,0
BOW,60,20241030,140000,4.54,4.54,4.54,4.54,7,0
BOW,60,20241030,160000,4.54,4.57,4.5,4.57,7312,0
BOW,60,20241030,170000,4.52,4.52,4.52,4.52,4,0
BOW,60,20241031,100000,4.525,4.56,4.52,4.52,35,0
BOW,60,20241031,110000,4.55,4.55,4.55,4.55,10,0
BOW,60,20241031,120000,4.555,4.555,4.55,4.55,204,0
BOW,60,20241031,130000,4.55,4.565,4.55,4.565,404,0
BOW,60,20241031,140000,4.56,4.565,4.55,4.55,35,0
BOW,60,20241031,150000,4.54,4.54,4.54,4.54,200,0
BOW,60,20241031,160000,4.55,4.55,4.55,4.55,454,0
BOW,60,20241031,170000,4.55,4.55,4.55,4.55,88,0
BOW,60,20241104,100000,4.565,4.565,4.56,4.565,164,0
BOW,60,20241104,110000,4.565,4.565,4.565,4.565,15,0
BOW,60,20241104,120000,4.56,4.565,4.54,4.54,38,0
BOW,60,20241104,130000,4.535,4.535,4.495,4.495,7510,0
BOW,60,20241104,150000,4.495,4.495,4.49,4.495,465,0
BOW,60,20241104,160000,4.49,4.49,4.475,4.475,1000,0
BOW,60,20241104,170000,4.485,4.485,4.4,4.48,1020,0
BOW,60,20241105,100000,4.44,4.56,4.42,4.56,3090,0
BOW,60,20241105,120000,4.5,4.55,4.5,4.55,95,0
BOW,60,20241105,130000,4.51,4.55,4.51,4.55,50,0
BOW,60,20241105,140000,4.51,4.55,4.51,4.55,65,0
BOW,60,20241105,160000,4.53,4.53,4.53,4.53,5,0
BOW,60,20241105,170000,4.545,4.55,4.53,4.53,283,0
BOW,60,20241106,100000,4.55,4.55,4.48,4.48,730,0
BOW,60,20241106,110000,4.53,4.565,4.53,4.565,2345,0
BOW,60,20241106,120000,4.53,4.53,4.48,4.48,1005,0
BOW,60,20241106,130000,4.545,4.545,4.545,4.545,200,0
BOW,60,20241106,150000,4.505,4.505,4.505,4.505,5,0
BOW,60,20241106,160000,4.505,4.505,4.505,4.505,81,0
BOW,60,20241107,100000,4.515,4.54,4.515,4.54,205,0
BOW,60,20241107,110000,4.54,4.64,4.53,4.6,6108,0
BOW,60,20241107,120000,4.6,4.785,4.6,4.785,5869,0
BOW,60,20241107,130000,4.635,4.635,4.52,4.52,11345,0
BOW,60,20241107,140000,4.53,4.53,4.53,4.53,300,0
BOW,60,20241107,150000,4.53,4.55,4.53,4.55,358,0
BOW,60,20241107,160000,4.56,4.6,4.56,4.6,1020,0
BOW,60,20241107,170000,4.52,4.52,4.52,4.52,4000,0
BOW,60,20241108,100000,4.55,4.595,4.55,4.595,247,0
BOW,60,20241108,120000,4.59,4.59,4.59,4.59,250,0
BOW,60,20241108,140000,4.59,4.59,4.59,4.59,220,0
BOW,60,20241108,170000,4.56,4.59,4.56,4.59,8,0
BOW,60,20241112,100000,4.555,4.555,4.555,4.555,10,0
BOW,60,20241112,110000,4.545,4.545,4.52,4.52,350,0
BOW,60,20241112,120000,4.52,4.545,4.52,4.545,283,0
BOW,60,20241112,130000,4.56,4.56,4.56,4.56,180,0
BOW,60,20241112,140000,4.56,4.56,4.52,4.52,305,0
BOW,60,20241112,150000,4.555,4.56,4.555,4.56,20,0
BOW,60,20241112,170000,4.53,4.53,4.52,4.52,22,0
BOW,60,20241113,100000,4.52,4.52,4.515,4.52,347,0
BOW,60,20241113,120000,4.52,4.555,4.52,4.555,1097,0
BOW,60,20241113,130000,4.53,4.555,4.53,4.555,468,0
BOW,60,20241113,140000,4.52,4.55,4.515,4.55,482,0
BOW,60,20241113,160000,4.55,4.55,4.55,4.55,50,0
BOW,60,20241113,170000,4.52,4.55,4.52,4.545,236,0
BOW,60,20241114,100000,4.545,4.545,4.545,4.545,60,0
BOW,60,20241114,110000,4.54,4.54,4.54,4.54,40,0
BOW,60,20241114,120000,4.52,4.54,4.52,4.54,1001,0
BOW,60,20241114,130000,4.515,4.515,4.5,4.5,825,0
BOW,60,20241114,140000,4.49,4.525,4.48,4.525,401,0
BOW,60,20241114,170000,4.52,4.53,4.52,4.53,12,0
BOW,60,20241115,100000,4.53,4.53,4.51,4.51,2518,0
BOW,60,20241115,110000,4.51,4.51,4.51,4.51,200,0
BOW,60,20241115,120000,4.5,4.5,4.5,4.5,4,0
BOW,60,20241115,130000,4.5,4.5,4.5,4.5,46,0
BOW,60,20241115,140000,4.51,4.51,4.51,4.51,3,0
BOW,60,20241115,150000,4.5,4.5,4.5,4.5,654,0
BOW,60,20241115,160000,4.51,4.535,4.51,4.535,676,0
BOW,60,20241115,170000,4.5,4.5,4.49,4.49,398,0
BOW,60,20241118,100000,4.53,4.53,4.49,4.49,110,0
BOW,60,20241118,110000,4.485,4.485,4.41,4.47,803,0
BOW,60,20241118,120000,4.43,4.43,4.41,4.41,200,0
BOW,60,20241118,130000,4.46,4.465,4.4,4.4,1552,0
BOW,60,20241118,140000,4.445,4.45,4.36,4.4,4761,0
BOW,60,20241118,150000,4.4,4.4,4.4,4.4,12,0
BOW,60,20241118,170000,4.4,4.4,4.4,4.4,3,0
BOW,60,20241119,100000,4.4,4.4,4.31,4.4,530,0
BOW,60,20241119,110000,4.4,4.4,4.35,4.35,48,0
BOW,60,20241119,120000,4.33,4.35,4.32,4.35,125,0
BOW,60,20241119,130000,4.32,4.32,4.32,4.32,1,0
BOW,60,20241119,140000,4.32,4.32,4.28,4.28,779,0
BOW,60,20241119,150000,4.315,4.35,4.315,4.32,1215,0
BOW,60,20241119,160000,4.29,4.29,4.28,4.28,129,0
BOW,60,20241119,170000,4.29,4.29,4.29,4.29,33,0
BOW,60,20241120,100000,4.32,4.32,4.3,4.3,445,0
BOW,60,20241120,110000,4.28,4.28,4.28,4.28,60,0
BOW,60,20241120,120000,4.29,4.3,4.29,4.3,314,0
BOW,60,20241120,130000,4.3,4.32,4.3,4.32,1168,0
BOW,60,20241120,140000,4.35,4.35,4.32,4.35,2460,0
BOW,60,20241120,150000,4.345,4.4,4.34,4.4,435,0
BOW,60,20241120,160000,4.38,4.4,4.34,4.34,1795,0
BOW,60,20241120,170000,4.38,4.4,4.38,4.4,30,0
BOW,60,20241121,100000,4.39,4.4,4.3,4.3,3196,0
BOW,60,20241121,110000,4.3,4.3,4.28,4.28,215,0
BOW,60,20241121,120000,4.28,4.29,4.28,4.29,50,0
BOW,60,20241121,130000,4.29,4.29,4.29,4.29,305,0
BOW,60,20241121,140000,4.3,4.3,4.3,4.3,20,0
BOW,60,20241121,160000,4.27,4.3,4.25,4.3,457,0
BOW,60,20241121,170000,4.295,4.3,4.295,4.3,313,0
BOW,60,20241122,100000,4.3,4.3,4.26,4.3,446,0
BOW,60,20241122,110000,4.3,4.3,4.255,4.26,460,0
BOW,60,20241122,120000,4.29,4.295,4.29,4.295,100,0
BOW,60,20241122,130000,4.295,4.295,4.295,4.295,118,0
BOW,60,20241122,150000,4.265,4.265,4.265,4.265,160,0
BOW,60,20241122,160000,4.285,4.285,4.285,4.285,20,0
BOW,60,20241122,170000,4.265,4.265,4.26,4.26,584,0
BOW,60,20241125,100000,4.285,4.285,4.285,4.285,51,0
BOW,60,20241125,120000,4.27,4.27,4.25,4.25,849,0
BOW,60,20241125,130000,4.26,4.27,4.26,4.26,2190,0
BOW,60,20241125,140000,4.26,4.26,4.26,4.26,769,0
BOW,60,20241125,150000,4.27,4.27,4.26,4.26,950,0
BOW,60,20241125,160000,4.26,4.27,4.26,4.27,1000,0
BOW,60,20241126,100000,4.28,4.29,4.28,4.29,45,0
BOW,60,20241126,130000,4.29,4.29,4.29,4.29,176,0
BOW,60,20241126,140000,4.265,4.27,4.265,4.27,937,0
BOW,60,20241126,150000,4.265,4.265,4.265,4.265,24,0
BOW,60,20241126,160000,4.265,4.265,4.265,4.265,3,0
BOW,60,20241127,100000,4.255,4.27,4.255,4.265,730,0
BOW,60,20241127,130000,4.27,4.27,4.27,4.27,5,0
BOW,60,20241127,170000,4.255,4.27,4.255,4.27,668,0
BOW,60,20241128,100000,4.26,4.27,4.25,4.25,3881,0
BOW,60,20241128,110000,4.27,4.27,4.27,4.27,3,0
BOW,60,20241128,120000,4.26,4.26,4.25,4.25,600,0
BOW,60,20241128,130000,4.25,4.26,4.24,4.24,2969,0
BOW,60,20241128,140000,4.23,4.26,4.16,4.165,1153,0
BOW,60,20241128,150000,4.2,4.2,4.2,4.2,63,0
BOW,60,20241128,170000,4.2,4.2,4.2,4.2,8,0
BOW,60,20241129,100000,4.17,4.17,4.17,4.17,17,0
BOW,60,20241129,110000,4.17,4.17,4.165,4.17,87,0
BOW,60,20241129,120000,4.17,4.2,4.17,4.2,225,0
BOW,60,20241129,130000,4.2,4.2,4.2,4.2,35,0
BOW,60,20241129,150000,4.16,4.19,4.15,4.19,668,0
BOW,60,20241129,160000,4.15,4.15,4.15,4.15,99,0
BOW,60,20241129,170000,4.15,4.15,4.15,4.15,101,0
BOW,60,20241202,100000,4.18,4.18,4.165,4.18,780,0
BOW,60,20241202,110000,4.18,4.2,4.18,4.2,737,0
BOW,60,20241202,120000,4.23,4.24,4.15,4.23,1906,0
BOW,60,20241202,130000,4.24,4.24,4.23,4.24,519,0
BOW,60,20241202,140000,4.245,4.25,4.245,4.25,20,0
BOW,60,20241202,150000,4.245,4.25,4.245,4.25,14,0
BOW,60,20241202,160000,4.23,4.23,4.19,4.23,500,0
BOW,60,20241203,100000,4.225,4.23,4.21,4.21,2837,0
BOW,60,20241203,110000,4.23,4.23,4.23,4.23,100,0
BOW,60,20241203,120000,4.23,4.23,4.23,4.23,299,0
BOW,60,20241203,130000,4.23,4.23,4.23,4.23,5,0
BOW,60,20241203,140000,4.23,4.23,4.23,4.23,166,0
BOW,60,20241203,150000,4.23,4.23,4.23,4.23,1021,0
BOW,60,20241203,170000,4.22,4.22,4.22,4.22,100,0
BOW,60,20241204,100000,4.22,4.22,4.2,4.22,23,0
BOW,60,20241204,110000,4.2,4.22,4.2,4.22,506,0
BOW,60,20241204,120000,4.23,4.23,4.2,4.2,414,0
BOW,60,20241204,130000,4.23,4.23,4.23,4.23,20,0
BOW,60,20241204,140000,4.23,4.23,4.23,4.23,20,0
BOW,60,20241204,150000,4.23,4.23,4.23,4.23,10,0
BOW,60,20241204,160000,4.23,4.23,4.23,4.23,750,0
BOW,60,20241204,170000,4.23,4.23,4.23,4.23,30,0
BOW,60,20241205,100000,4.23,4.23,4.22,4.22,4107,0
BOW,60,20241205,110000,4.22,4.23,4.22,4.23,458,0
BOW,60,20241205,120000,4.22,4.22,4.19,4.19,668,0
BOW,60,20241205,130000,4.21,4.21,4.17,4.21,282,0
BOW,60,20241205,140000,4.21,4.23,4.21,4.23,13,0
BOW,60,20241205,150000,4.23,4.23,4,4.13,15510,0
BOW,60,20241205,160000,4.14,4.16,4.06,4.09,3609,0
BOW,60,20241205,170000,4.16,4.16,4.1,4.16,1085,0
BOW,60,20241206,100000,4.1,4.17,4.1,4.15,651,0
BOW,60,20241206,110000,4.15,4.15,4.11,4.11,204,0
BOW,60,20241206,120000,4.11,4.11,4.11,4.11,133,0
BOW,60,20241206,130000,4.15,4.15,4.14,4.14,183,0
BOW,60,20241206,140000,4.11,4.135,4.1,4.135,3650,0
BOW,60,20241206,160000,4.13,4.15,4.13,4.15,175,0
BOW,60,20241206,170000,4.15,4.15,4.11,4.11,240,0
BOW,60,20241209,100000,4.125,4.125,4.04,4.04,2474,0
BOW,60,20241209,110000,4.09,4.095,4.04,4.045,399,0
BOW,60,20241209,120000,4.09,4.095,4.02,4.02,3914,0
BOW,60,20241209,130000,4.06,4.06,4.03,4.03,23,0
BOW,60,20241209,140000,4.03,4.03,4,4,11594,0
BOW,60,20241209,150000,4,4,3.995,4,473,0
BOW,60,20241209,160000,4,4,3.92,4,3449,0
BOW,60,20241209,170000,3.935,4,3.93,3.99,2869,0
BOW,60,20241210,100000,3.99,3.99,3.94,3.94,2740,0
BOW,60,20241210,110000,3.94,3.99,3.9,3.99,5837,0
BOW,60,20241210,120000,3.99,3.995,3.905,3.95,1665,0
BOW,60,20241210,130000,3.945,3.95,3.91,3.94,70,0
BOW,60,20241210,140000,3.925,3.95,3.925,3.95,1371,0
BOW,60,20241210,150000,3.945,3.95,3.945,3.95,222,0
BOW,60,20241210,160000,3.935,3.95,3.935,3.95,217,0
BOW,60,20241210,170000,3.95,3.95,3.95,3.95,462,0
BOW,60,20241211,100000,3.95,3.95,3.94,3.95,2810,0
BOW,60,20241211,110000,3.93,3.93,3.9,3.925,6838,0
BOW,60,20241211,120000,3.925,3.925,3.9,3.9,648,0
BOW,60,20241211,130000,3.925,3.95,3.915,3.95,1358,0
BOW,60,20241211,160000,3.94,3.94,3.94,3.94,330,0
BOW,60,20241211,170000,3.91,3.95,3.9,3.95,1402,0
BOW,60,20241212,100000,3.95,3.95,3.905,3.945,369,0
BOW,60,20241212,120000,3.91,3.91,3.9,3.9,2575,0
BOW,60,20241212,130000,3.905,3.905,3.9,3.9,2965,0
BOW,60,20241212,140000,3.905,3.905,3.905,3.905,275,0
BOW,60,20241212,150000,3.9,3.9,3.9,3.9,220,0
BOW,60,20241212,170000,3.89,3.9,3.88,3.9,479,0
BOW,60,20241213,100000,3.88,3.945,3.88,3.9,3065,0
BOW,60,20241213,110000,3.9,3.9,3.88,3.88,305,0
BOW,60,20241213,120000,3.88,3.92,3.87,3.92,1108,0
BOW,60,20241213,130000,3.94,3.94,3.92,3.94,105,0
BOW,60,20241213,140000,3.92,3.94,3.92,3.94,260,0
BOW,60,20241213,160000,3.94,3.95,3.94,3.95,5576,0
BOW,60,20241213,170000,3.945,3.945,3.905,3.905,745,0
BOW,60,20241216,100000,3.99,4,3.985,3.995,148,0
BOW,60,20241216,110000,3.99,3.995,3.94,3.995,1554,0
BOW,60,20241216,120000,3.96,3.96,3.96,3.96,10,0
BOW,60,20241216,130000,3.99,3.995,3.96,3.99,1584,0
BOW,60,20241216,140000,3.99,3.99,3.955,3.99,1580,0
BOW,60,20241216,160000,3.99,3.99,3.97,3.97,1010,0
BOW,60,20241216,170000,3.97,3.99,3.95,3.95,2231,0
BOW,60,20241217,100000,3.96,3.96,3.9,3.9,4033,0
BOW,60,20241217,110000,3.915,3.92,3.87,3.89,19510,0
BOW,60,20241217,120000,3.89,3.89,3.86,3.885,3660,0
BOW,60,20241217,130000,3.89,3.905,3.86,3.905,62801,0
BOW,60,20241217,140000,3.9,3.905,3.9,3.905,16,0
BOW,60,20241217,150000,3.905,3.99,3.905,3.905,925,0
BOW,60,20241217,160000,3.875,3.945,3.85,3.92,3383,0
BOW,60,20241217,170000,3.94,3.945,3.93,3.93,722,0
BOW,60,20241218,100000,3.94,3.945,3.855,3.9,1706,0
BOW,60,20241218,110000,3.86,3.895,3.85,3.895,50,0
BOW,60,20241218,120000,3.855,3.895,3.855,3.855,1530,0
BOW,60,20241218,130000,3.895,3.895,3.88,3.88,570,0
BOW,60,20241218,140000,3.88,3.895,3.84,3.84,5369,0
BOW,60,20241218,150000,3.82,3.82,3.82,3.82,366,0
BOW,60,20241218,160000,3.83,3.87,3.8,3.8,1303,0
BOW,60,20241218,170000,3.87,3.87,3.87,3.87,23,0
BOW,60,20241219,100000,3.825,3.85,3.82,3.84,3006,0
BOW,60,20241219,110000,3.84,3.87,3.82,3.87,155,0
BOW,60,20241219,120000,3.87,3.88,3.865,3.88,6397,0
BOW,60,20241219,130000,3.88,3.89,3.84,3.89,2196,0
BOW,60,20241219,140000,3.88,3.88,3.84,3.88,225,0
BOW,60,20241219,150000,3.88,3.88,3.86,3.86,1404,0
BOW,60,20241219,160000,3.84,3.86,3.84,3.86,2144,0
BOW,60,20241219,170000,3.86,3.88,3.84,3.88,764,0
BOW,60,20241220,100000,3.84,3.87,3.8,3.8,6264,0
BOW,60,20241220,110000,3.8,3.82,3.8,3.805,9550,0
BOW,60,20241220,120000,3.8,3.83,3.8,3.82,3417,0
BOW,60,20241220,130000,3.855,3.86,3.855,3.86,120,0
BOW,60,20241220,140000,3.83,3.86,3.81,3.86,898,0
BOW,60,20241220,150000,3.845,3.845,3.83,3.845,487,0
BOW,60,20241220,160000,3.84,3.84,3.84,3.84,1585,0
BOW,60,20241220,170000,3.83,3.84,3.82,3.84,1664,0
BOW,60,20241223,100000,3.835,3.835,3.81,3.815,5348,0
BOW,60,20241223,110000,3.81,3.815,3.81,3.81,66775,0
BOW,60,20241223,120000,3.81,3.81,3.8,3.8,7158,0
BOW,60,20241223,130000,3.8,3.81,3.72,3.72,6444,0
BOW,60,20241223,140000,3.75,3.75,3.7,3.7,3696,0
BOW,60,20241223,150000,3.71,3.72,3.705,3.72,3700,0
BOW,60,20241223,160000,3.725,3.725,3.71,3.725,1775,0
BOW,60,20241223,170000,3.725,3.8,3.58,3.695,29739,0
BOW,60,20241227,100000,3.69,3.695,3.69,3.695,2366,0
BOW,60,20241227,110000,3.695,3.7,3.695,3.7,193,0
BOW,60,20241227,120000,3.7,3.7,3.675,3.7,1780,0
BOW,60,20241227,130000,3.675,3.675,3.65,3.675,374,0
BOW,60,20241227,150000,3.675,3.675,3.6,3.6,815,0
BOW,60,20241227,160000,3.65,3.675,3.6,3.615,2402,0
BOW,60,20241227,170000,3.675,3.695,3.675,3.695,120,0
BOW,60,20241230,100000,3.69,3.69,3.64,3.69,570,0
BOW,60,20241230,110000,3.65,3.69,3.64,3.69,560,0
BOW,60,20241230,120000,3.65,3.65,3.645,3.645,651,0
BOW,60,20241230,130000,3.68,3.68,3.65,3.65,770,0
BOW,60,20241230,140000,3.68,3.68,3.6,3.68,2105,0
BOW,60,20241230,150000,3.63,3.68,3.63,3.66,460,0
BOW,60,20241230,160000,3.635,3.66,3.6,3.605,829,0
BOW,60,20241230,170000,3.615,3.66,3.615,3.62,435,0
BOW,60,20250102,100000,3.6,3.7,3.6,3.695,939,0
BOW,60,20250102,110000,3.69,3.73,3.69,3.73,1484,0
BOW,60,20250102,120000,3.72,3.74,3.7,3.74,6146,0
BOW,60,20250102,130000,3.69,3.69,3.69,3.69,720,0
BOW,60,20250102,140000,3.69,3.765,3.69,3.765,195,0
BOW,60,20250102,150000,3.775,3.83,3.76,3.795,1278,0
BOW,60,20250102,160000,3.82,3.84,3.82,3.84,1147,0
BOW,60,20250102,170000,3.84,3.93,3.84,3.93,881,0
BOW,60,20250103,100000,3.91,3.985,3.91,3.98,1116,0
BOW,60,20250103,110000,3.97,4.07,3.97,4.07,4577,0
BOW,60,20250103,120000,4.025,4.3,4.025,4.215,19608,0
BOW,60,20250103,130000,4.195,4.25,4.195,4.24,4350,0
BOW,60,20250103,140000,4.245,4.28,4.22,4.25,1122,0
BOW,60,20250103,150000,4.23,4.23,4.21,4.23,1387,0
BOW,60,20250103,160000,4.23,4.25,4.23,4.24,4131,0
BOW,60,20250103,170000,4.235,4.27,4.2,4.27,4990,0
BOW,60,20250107,100000,4.25,4.25,4.15,4.15,4918,0
BOW,60,20250107,110000,4.15,4.19,4.15,4.19,208,0
BOW,60,20250107,120000,4.16,4.185,4.135,4.185,365,0
BOW,60,20250107,130000,4.185,4.185,4.15,4.15,1006,0
BOW,60,20250107,140000,4.18,4.18,4.15,4.15,113,0
BOW,60,20250107,150000,4.16,4.18,4.13,4.18,1620,0
BOW,60,20250107,160000,4.18,4.185,4.18,4.185,150,0
BOW,60,20250107,170000,4.185,4.2,4.185,4.2,1503,0
BOW,60,20250108,100000,4.18,4.18,4.175,4.18,180,0
BOW,60,20250108,110000,4.14,4.14,4.14,4.14,150,0
BOW,60,20250108,120000,4.17,4.18,4.17,4.18,119,0
BOW,60,20250108,130000,4.16,4.16,4.16,4.16,130,0
BOW,60,20250108,140000,4.18,4.18,4.18,4.18,105,0
BOW,60,20250108,150000,4.18,4.19,4.16,4.16,423,0
BOW,60,20250108,160000,4.19,4.19,4.19,4.19,20,0
BOW,60,20250108,170000,4.18,4.19,4.18,4.19,3,0
BOW,60,20250109,100000,4.19,4.2,4.19,4.2,3737,0
BOW,60,20250109,110000,4.2,4.22,4.16,4.2,2224,0
BOW,60,20250109,120000,4.2,4.2,4.2,4.2,5,0
BOW,60,20250109,140000,4.2,4.2,4.2,4.2,93,0
BOW,60,20250109,150000,4.19,4.19,4.19,4.19,71,0
BOW,60,20250109,160000,4.19,4.19,4.19,4.19,157,0
BOW,60,20250109,170000,4.19,4.19,4.165,4.165,503,0
BOW,60,20250110,100000,4.165,4.165,4.16,4.16,636,0
BOW,60,20250110,110000,4.165,4.165,4.165,4.165,175,0
BOW,60,20250110,130000,4.165,4.165,4.165,4.165,277,0
BOW,60,20250110,140000,4.16,4.165,4.16,4.165,40,0
BOW,60,20250110,150000,4.165,4.165,4.165,4.165,100,0
BOW,60,20250110,160000,4.165,4.165,4.165,4.165,178,0
BOW,60,20250110,170000,4.185,4.185,4.185,4.185,3,0
BOW,60,20250113,100000,4.185,4.185,4.185,4.185,247,0
BOW,60,20250113,110000,4.185,4.185,4.185,4.185,605,0
BOW,60,20250113,140000,4.19,4.19,4.185,4.185,256,0
BOW,60,20250113,150000,4.165,4.165,4.16,4.16,1356,0
BOW,60,20250113,160000,4.19,4.19,4.19,4.19,20,0
BOW,60,20250113,170000,4.16,4.19,4.16,4.19,18,0
BOW,60,20250114,100000,4.19,4.19,4.19,4.19,139,0
BOW,60,20250114,110000,4.18,4.19,4.165,4.165,1023,0
BOW,60,20250114,120000,4.19,4.19,4.19,4.19,4,0
BOW,60,20250114,130000,4.185,4.19,4.185,4.19,30,0
BOW,60,20250114,140000,4.19,4.19,4.19,4.19,200,0
BOW,60,20250114,150000,4.19,4.19,4.19,4.19,735,0
BOW,60,20250114,160000,4.19,4.2,4.19,4.2,340,0
BOW,60,20250114,170000,4.195,4.2,4.195,4.2,2107,0
BOW,60,20250115,100000,4.215,4.3,4.215,4.23,1538,0
BOW,60,20250115,110000,4.26,4.345,4.26,4.345,770,0
BOW,60,20250115,120000,4.3,4.33,4.3,4.33,6,0
BOW,60,20250115,130000,4.33,4.4,4.3,4.3,4450,0
BOW,60,20250115,150000,4.395,4.395,4.38,4.38,15,0
BOW,60,20250115,160000,4.38,4.39,4.38,4.39,3,0
BOW,60,20250116,100000,4.39,4.4,4.3,4.3,5158,0
BOW,60,20250116,110000,4.3,4.4,4.3,4.4,2642,0
BOW,60,20250116,120000,4.335,4.335,4.335,4.335,10,0
BOW,60,20250116,130000,4.395,4.4,4.395,4.4,116,0
BOW,60,20250116,160000,4.415,4.465,4.415,4.465,266,0
BOW,60,20250116,170000,4.405,4.47,4.405,4.47,2138,0
BOW,60,20250117,100000,4.49,4.54,4.405,4.54,10000,0
BOW,60,20250117,110000,4.455,4.5,4.45,4.5,1186,0
BOW,60,20250117,120000,4.5,4.535,4.5,4.535,589,0
BOW,60,20250117,130000,4.47,4.47,4.43,4.47,1898,0
BOW,60,20250117,140000,4.47,4.47,4.47,4.47,50,0
BOW,60,20250117,160000,4.47,4.47,4.47,4.47,450,0
BOW,60,20250120,100000,4.5,4.6,4.45,4.56,2636,0
BOW,60,20250120,110000,4.59,4.65,4.56,4.63,5658,0
BOW,60,20250120,120000,4.63,4.735,4.63,4.65,3422,0
BOW,60,20250120,130000,4.67,4.67,4.65,4.65,32,0
BOW,60,20250120,140000,4.63,4.65,4.63,4.65,140,0
BOW,60,20250120,150000,4.62,4.67,4.61,4.61,405,0
BOW,60,20250120,160000,4.62,4.62,4.62,4.62,2423,0
BOW,60,20250120,170000,4.665,4.79,4.645,4.79,9953,0
BOW,60,20250121,100000,4.78,5.12,4.78,5.12,11068,0
BOW,60,20250121,110000,5.11,5.11,4.92,4.975,3465,0
BOW,60,20250121,120000,4.945,4.97,4.93,4.95,758,0
BOW,60,20250121,130000,4.93,4.995,4.93,4.995,923,0
BOW,60,20250121,140000,4.995,4.995,4.905,4.905,1670,0
BOW,60,20250121,150000,4.92,4.94,4.905,4.94,515,0
BOW,60,20250121,160000,4.915,4.915,4.91,4.91,400,0
BOW,60,20250121,170000,4.94,4.965,4.94,4.965,1252,0
BOW,60,20250122,100000,4.965,5,4.965,5,2321,0
BOW,60,20250122,110000,4.965,5.06,4.93,5,3121,0
BOW,60,20250122,120000,5.04,5.04,5.01,5.04,26,0
BOW,60,20250122,130000,5.01,5.04,5.01,5.04,267,0
BOW,60,20250122,140000,5.04,5.04,5.04,5.04,360,0
BOW,60,20250122,150000,5.04,5.05,5.04,5.04,972,0
BOW,60,20250122,160000,5.04,5.04,5.04,5.04,1564,0
BOW,60,20250122,170000,5.06,5.1,5.03,5.03,2002,0
BOW,60,20250123,100000,5.1,5.1,5,5,640,0
BOW,60,20250123,110000,5,5.05,5,5.05,48,0
BOW,60,20250123,130000,5.05,5.05,5.01,5.05,487,0
BOW,60,20250123,140000,5.01,5.05,4.975,5,2420,0
BOW,60,20250123,150000,4.955,4.98,4.88,4.98,1934,0
BOW,60,20250123,170000,4.98,4.98,4.98,4.98,3,0
BOW,60,20250124,110000,4.975,4.98,4.975,4.98,20,0
BOW,60,20250124,130000,4.95,4.98,4.95,4.98,40,0
BOW,60,20250124,140000,4.95,4.95,4.95,4.95,1,0
BOW,60,20250124,150000,4.95,4.98,4.95,4.98,276,0
BOW,60,20250124,160000,4.985,4.99,4.985,4.99,72,0
BOW,60,20250124,170000,4.99,5,4.88,4.98,2348,0
BOW,60,20250127,130000,4.985,4.985,4.9,4.985,675,0
BOW,60,20250127,150000,4.915,4.975,4.9,4.975,1279,0
BOW,60,20250127,160000,4.975,4.975,4.975,4.975,6,0
BOW,60,20250127,170000,4.98,4.98,4.98,4.98,20,0
BOW,60,20250128,100000,4.96,4.96,4.95,4.95,155,0
BOW,60,20250128,120000,4.95,4.96,4.895,4.895,605,0
BOW,60,20250128,130000,4.95,4.95,4.95,4.95,20,0
BOW,60,20250128,140000,4.945,4.96,4.945,4.96,800,0
BOW,60,20250128,150000,4.96,4.97,4.96,4.97,80,0
BOW,60,20250128,160000,4.91,4.96,4.895,4.96,750,0
BOW,60,20250128,170000,4.9,4.95,4.9,4.95,973,0
BOW,60,20250129,100000,4.94,4.94,4.92,4.94,254,0
BOW,60,20250129,110000,4.91,4.94,4.88,4.88,1410,0
BOW,60,20250129,120000,4.91,4.91,4.91,4.91,50,0
BOW,60,20250129,140000,4.905,4.91,4.905,4.91,20,0
BOW,60,20250129,150000,4.91,4.91,4.91,4.91,10,0
BOW,60,20250129,160000,4.875,4.91,4.855,4.91,630,0
BOW,60,20250129,170000,4.855,4.9,4.84,4.85,770,0
BOW,60,20250130,100000,4.845,4.85,4.83,4.83,1791,0
BOW,60,20250130,110000,4.83,4.83,4.8,4.825,2105,0
BOW,60,20250130,120000,4.805,4.805,4.8,4.8,327,0
BOW,60,20250130,130000,4.8,4.83,4.8,4.83,1200,0
BOW,60,20250130,140000,4.8,4.83,4.8,4.83,35,0
BOW,60,20250130,150000,4.83,4.83,4.83,4.83,871,0
BOW,60,20250130,160000,4.83,4.83,4.8,4.83,2621,0
BOW,60,20250130,170000,4.83,4.83,4.83,4.83,6,0
BOW,60,20250131,100000,4.83,4.845,4.83,4.845,718,0
BOW,60,20250131,110000,4.82,4.82,4.82,4.82,143,0
BOW,60,20250131,120000,4.82,4.82,4.82,4.82,357,0
BOW,60,20250131,150000,4.815,4.815,4.8,4.8,395,0
BOW,60,20250131,170000,4.815,4.815,4.8,4.8,556,0
BOW,60,20250203,100000,4.8,4.8,4.8,4.8,400,0
BOW,60,20250203,110000,4.81,4.81,4.81,4.81,488,0
BOW,60,20250203,120000,4.81,4.82,4.81,4.82,463,0
BOW,60,20250203,150000,4.82,4.82,4.82,4.82,10,0
BOW,60,20250203,160000,4.815,4.815,4.81,4.81,122,0
BOW,60,20250203,170000,4.81,4.82,4.8,4.82,7043,0
BOW,60,20250204,100000,4.82,4.83,4.82,4.83,726,0
BOW,60,20250204,140000,4.86,4.86,4.86,4.86,3,0
BOW,60,20250204,150000,4.825,4.825,4.825,4.825,100,0
BOW,60,20250204,160000,4.855,4.855,4.855,4.855,20,0
BOW,60,20250204,170000,4.855,4.855,4.855,4.855,300,0
BOW,60,20250205,100000,4.81,4.86,4.81,4.86,4058,0
BOW,60,20250205,110000,4.86,4.86,4.855,4.86,30,0
BOW,60,20250205,120000,4.82,4.82,4.815,4.815,300,0
BOW,60,20250205,130000,4.815,4.815,4.815,4.815,200,0
BOW,60,20250205,150000,4.81,4.815,4.805,4.815,1046,0
BOW,60,20250205,160000,4.805,4.805,4.805,4.805,475,0
BOW,60,20250205,170000,4.805,4.815,4.8,4.8,2263,0
BOW,60,20250206,100000,4.8,4.8,4.8,4.8,200,0
BOW,60,20250206,110000,4.785,4.79,4.71,4.79,620,0
BOW,60,20250206,140000,4.785,4.79,4.785,4.79,51,0
BOW,60,20250206,150000,4.73,4.73,4.73,4.73,2500,0
BOW,60,20250206,160000,4.79,4.79,4.79,4.79,494,0
BOW,60,20250206,170000,4.79,4.79,4.79,4.79,3,0
BOW,60,20250207,100000,4.8,4.8,4.8,4.8,5,0
BOW,60,20250207,110000,4.8,4.8,4.71,4.71,2130,0
BOW,60,20250207,120000,4.73,4.73,4.73,4.73,264,0
BOW,60,20250207,130000,4.775,4.78,4.775,4.78,877,0
BOW,60,20250207,140000,4.78,4.78,4.78,4.78,876,0
BOW,60,20250207,150000,4.75,4.75,4.73,4.73,126,0
BOW,60,20250207,160000,4.73,4.755,4.71,4.755,973,0
BOW,60,20250207,170000,4.715,4.77,4.64,4.735,2990,0
BOW,60,20250210,100000,4.66,4.72,4.63,4.63,3041,0
BOW,60,20250210,110000,4.71,4.715,4.62,4.715,884,0
BOW,60,20250210,120000,4.715,4.715,4.715,4.715,250,0
BOW,60,20250210,130000,4.68,4.72,4.68,4.72,6073,0
BOW,60,20250210,140000,4.725,4.73,4.71,4.71,825,0
BOW,60,20250210,150000,4.725,4.725,4.725,4.725,4,0
BOW,60,20250210,160000,4.73,4.73,4.73,4.73,2,0
BOW,60,20250210,170000,4.72,4.74,4.67,4.74,3751,0
BOW,60,20250211,100000,4.675,4.74,4.675,4.675,745,0
BOW,60,20250211,110000,4.68,4.73,4.68,4.73,8,0
BOW,60,20250211,120000,4.7,4.7,4.7,4.7,200,0
BOW,60,20250211,130000,4.725,4.74,4.725,4.74,100,0
BOW,60,20250211,140000,4.73,4.73,4.73,4.73,10,0
BOW,60,20250211,160000,4.7,4.7,4.66,4.66,3949,0
BOW,60,20250211,170000,4.67,4.695,4.67,4.695,20,0
BOW,60,20250212,100000,4.695,4.72,4.695,4.7,153,0
BOW,60,20250212,110000,4.7,4.715,4.7,4.715,119,0
BOW,60,20250212,120000,4.72,4.74,4.72,4.74,1015,0
BOW,60,20250212,130000,4.7,4.7,4.7,4.7,10,0
BOW,60,20250212,140000,4.74,4.74,4.7,4.74,705,0
BOW,60,20250212,150000,4.74,4.745,4.74,4.745,1335,0
BOW,60,20250212,160000,4.735,4.735,4.735,4.735,15,0
BOW,60,20250212,170000,4.7,4.7,4.7,4.7,1650,0
BOW,60,20250213,100000,4.7,4.7,4.68,4.7,103,0
BOW,60,20250213,110000,4.7,4.7,4.7,4.7,4,0
BOW,60,20250213,120000,4.695,4.7,4.695,4.7,30,0
BOW,60,20250213,130000,4.695,4.695,4.665,4.665,953,0
BOW,60,20250213,140000,4.665,4.665,4.66,4.66,762,0
BOW,60,20250213,150000,4.66,4.68,4.61,4.68,2267,0
BOW,60,20250213,160000,4.68,4.68,4.68,4.68,3,0
BOW,60,20250213,170000,4.68,4.68,4.675,4.68,18,0
BOW,60,20250214,100000,4.66,4.68,4.66,4.66,1573,0
BOW,60,20250214,110000,4.67,4.695,4.67,4.695,520,0
BOW,60,20250214,130000,4.68,4.695,4.58,4.695,2070,0
BOW,60,20250214,150000,4.69,4.695,4.69,4.695,20,0
BOW,60,20250217,100000,4.665,4.7,4.62,4.665,1282,0
BOW,60,20250217,110000,4.695,4.7,4.695,4.7,323,0
BOW,60,20250217,150000,4.67,4.67,4.65,4.65,1081,0
BOW,60,20250217,160000,4.65,4.65,4.63,4.63,275,0
BOW,60,20250217,170000,4.65,4.65,4.65,4.65,500,0
BOW,60,20250218,100000,4.65,4.65,4.58,4.58,1097,0
BOW,60,20250218,110000,4.615,4.675,4.615,4.675,894,0
BOW,60,20250218,120000,4.65,4.69,4.58,4.69,1058,0
BOW,60,20250218,130000,4.67,4.69,4.67,4.69,803,0
BOW,60,20250218,140000,4.695,4.7,4.695,4.7,503,0
BOW,60,20250218,150000,4.69,4.7,4.69,4.7,1000,0
BOW,60,20250218,160000,4.695,4.7,4.695,4.7,10,0
BOW,60,20250218,170000,4.63,4.695,4.625,4.695,205,0
BOW,60,20250219,100000,4.64,4.72,4.64,4.705,3192,0
BOW,60,20250219,110000,4.725,4.73,4.705,4.705,410,0
BOW,60,20250219,120000,4.705,4.755,4.7,4.755,5086,0
BOW,60,20250219,130000,4.7,4.7,4.7,4.7,200,0
BOW,60,20250219,140000,4.7,4.7,4.7,4.7,450,0
BOW,60,20250219,150000,4.72,4.72,4.72,4.72,273,0
BOW,60,20250219,160000,4.7,4.74,4.7,4.74,601,0
BOW,60,20250220,100000,4.75,4.785,4.725,4.725,2199,0
BOW,60,20250220,120000,4.74,4.775,4.74,4.775,35,0
BOW,60,20250220,130000,4.775,4.785,4.775,4.785,1000,0
BOW,60,20250220,140000,4.745,4.745,4.74,4.74,700,0
BOW,60,20250220,150000,4.78,4.78,4.78,4.78,250,0
BOW,60,20250220,160000,4.78,4.78,4.78,4.78,11,0
BOW,60,20250221,100000,4.78,4.78,4.78,4.78,393,0
BOW,60,20250221,110000,4.75,4.78,4.75,4.75,100,0
BOW,60,20250221,120000,4.79,4.79,4.79,4.79,10,0
BOW,60,20250221,130000,4.79,4.925,4.79,4.925,7814,0
BOW,60,20250221,140000,4.88,4.88,4.815,4.815,1108,0
BOW,60,20250221,150000,4.82,4.875,4.81,4.875,1363,0
BOW,60,20250221,160000,4.815,5.17,4.815,5.17,12126,0
BOW,60,20250221,170000,5.1,5.21,5,5.21,2413,0
BOW,60,20250224,100000,5.27,5.27,5.12,5.12,7357,0
BOW,60,20250224,110000,5.16,5.25,5.16,5.24,6999,0
BOW,60,20250224,120000,5.18,5.18,5.14,5.15,554,0
BOW,60,20250224,130000,5.21,5.21,5.21,5.21,20,0
BOW,60,20250224,150000,5.15,5.15,5.15,5.15,10,0
BOW,60,20250224,160000,5.15,5.15,5.15,5.15,2,0
BOW,60,20250225,100000,5.17,5.21,5.15,5.21,283,0
BOW,60,20250225,110000,5.15,5.15,5.14,5.14,500,0
BOW,60,20250225,120000,5.2,5.2,5.18,5.18,1040,0
BOW,60,20250225,130000,5.21,5.21,5.18,5.18,1066,0
BOW,60,20250225,140000,5.2,5.21,5.03,5.03,2234,0
BOW,60,20250225,150000,5.09,5.24,5.09,5.2,7435,0
BOW,60,20250225,160000,5.05,5.05,5.03,5.03,72,0
BOW,60,20250225,170000,5.06,5.06,4.98,4.98,2979,0
BOW,60,20250226,100000,4.98,5,4.98,4.98,609,0
BOW,60,20250226,110000,5,5,5,5,10,0
BOW,60,20250226,140000,5,5,5,5,78,0
BOW,60,20250226,150000,5,5,5,5,1565,0
BOW,60,20250226,170000,5,5,5,5,300,0
BOW,60,20250227,100000,5,5,4.9,4.92,1778,0
BOW,60,20250227,110000,4.985,4.99,4.92,4.92,560,0
BOW,60,20250227,120000,4.92,4.92,4.92,4.92,250,0
BOW,60,20250227,130000,4.95,4.95,4.95,4.95,7,0
BOW,60,20250227,140000,4.925,4.925,4.7,4.84,20490,0
BOW,60,20250227,150000,4.835,4.84,4.79,4.79,131,0
BOW,60,20250227,160000,4.79,4.79,4.64,4.65,4573,0
BOW,60,20250227,170000,4.645,4.755,4.645,4.67,2523,0
BOW,60,20250228,100000,4.71,4.76,4.7,4.7,2859,0
BOW,60,20250228,110000,4.75,4.75,4.67,4.67,42,0
BOW,60,20250228,120000,4.7,4.75,4.7,4.7,3527,0
BOW,60,20250228,130000,4.75,4.79,4.7,4.78,2150,0
BOW,60,20250228,140000,4.7,4.77,4.69,4.765,1255,0
BOW,60,20250228,150000,4.755,4.755,4.755,4.755,208,0
BOW,60,20250228,170000,4.75,4.75,4.75,4.75,2369,0
BOW,60,20250303,100000,4.75,4.8,4.75,4.8,1521,0
BOW,60,20250303,110000,4.75,4.79,4.75,4.78,559,0
BOW,60,20250303,120000,4.775,4.82,4.71,4.82,1570,0
BOW,60,20250303,130000,4.82,4.86,4.82,4.86,2158,0
BOW,60,20250303,140000,4.81,4.86,4.79,4.79,2766,0
BOW,60,20250303,150000,4.86,4.87,4.8,4.87,3765,0
BOW,60,20250303,160000,4.865,4.93,4.84,4.84,7000,0
BOW,60,20250303,170000,4.89,4.89,4.89,4.89,3000,0
BOW,60,20250304,100000,4.89,4.925,4.89,4.91,2571,0
BOW,60,20250304,110000,4.915,4.915,4.825,4.91,3650,0
BOW,60,20250304,130000,4.85,4.885,4.81,4.88,2508,0
BOW,60,20250304,140000,4.87,4.915,4.87,4.915,2555,0
BOW,60,20250304,150000,4.91,4.91,4.91,4.91,10,0
BOW,60,20250304,160000,4.905,4.91,4.865,4.865,300,0
BOW,60,20250304,170000,4.865,4.865,4.73,4.73,4316,0
BOW,60,20250305,100000,4.81,4.86,4.75,4.81,5059,0
BOW,60,20250305,110000,4.845,4.85,4.845,4.85,267,0
BOW,60,20250305,120000,4.855,4.87,4.85,4.87,10360,0
BOW,60,20250305,130000,4.87,4.87,4.87,4.87,1532,0
BOW,60,20250305,140000,4.87,4.88,4.79,4.875,9026,0
BOW,60,20250305,150000,4.85,4.875,4.85,4.85,3374,0
BOW,60,20250305,160000,4.85,4.91,4.85,4.91,2102,0
BOW,60,20250305,170000,4.885,4.9,4.84,4.9,1983,0
BOW,60,20250306,100000,4.94,5.79,4.94,5.77,39593,0
BOW,60,20250306,110000,5.76,5.97,5.65,5.97,26336,0
BOW,60,20250306,120000,5.97,5.97,5.78,5.78,28033,0
BOW,60,20250306,130000,5.78,5.97,5.77,5.97,22846,0
BOW,60,20250306,140000,5.96,6.42,5.96,6.1,35916,0
BOW,60,20250306,150000,6.1,6.28,5.96,6.28,24653,0
BOW,60,20250306,160000,6.24,6.26,6.12,6.12,9759,0
BOW,60,20250306,170000,6.16,6.29,6.16,6.21,7661,0
BOW,60,20250307,100000,6.28,7.16,6.21,6.88,267636,0
BOW,60,20250307,110000,6.88,7.32,6.88,7.09,84079,0
BOW,60,20250307,120000,7.09,7.25,6.7,6.72,43654,0
BOW,60,20250307,130000,6.73,6.91,6.65,6.91,24028,0
BOW,60,20250307,140000,6.9,6.97,6.65,6.9,30826,0
BOW,60,20250307,150000,6.72,6.84,6.65,6.65,15807,0
BOW,60,20250307,160000,6.7,6.87,6.42,6.67,17336,0
BOW,60,20250307,170000,6.66,6.66,6.41,6.42,7746,0
BOW,60,20250310,100000,6.55,6.88,6.39,6.52,23460,0
BOW,60,20250310,110000,6.52,6.55,6.42,6.54,11014,0
BOW,60,20250310,120000,6.5,6.5,6.4,6.42,8669,0
BOW,60,20250310,130000,6.46,6.5,6.37,6.4,701,0
BOW,60,20250310,140000,6.37,6.39,6.2,6.2,8411,0
BOW,60,20250310,150000,6.22,6.38,6.2,6.38,1905,0
BOW,60,20250310,160000,6.38,6.38,6.27,6.38,501,0
BOW,60,20250310,170000,6.36,6.38,6.12,6.24,6080,0
BOW,60,20250311,100000,6,6.23,5.63,5.92,36526,0
BOW,60,20250311,110000,5.86,5.89,5.7,5.72,25614,0
BOW,60,20250311,120000,5.72,5.89,5.71,5.8,9596,0
BOW,60,20250311,130000,5.81,5.86,5.78,5.86,2797,0
BOW,60,20250311,140000,5.8,5.94,5.8,5.92,6789,0
BOW,60,20250311,150000,5.92,5.94,5.86,5.9,3102,0
BOW,60,20250311,160000,5.92,5.93,5.8,5.8,3323,0
BOW,60,20250311,170000,5.8,5.89,5.8,5.88,1917,0
BOW,60,20250312,100000,5.9,5.9,5.75,5.85,4255,0
BOW,60,20250312,110000,5.89,6.15,5.89,6.14,18534,0
BOW,60,20250312,120000,6.11,6.11,5.99,6.11,16070,0
BOW,60,20250312,130000,6.11,6.14,6.06,6.06,1773,0
BOW,60,20250312,140000,6.14,6.14,6.08,6.13,131,0
BOW,60,20250312,150000,6.13,6.2,6.13,6.2,3926,0
BOW,60,20250312,160000,6.23,6.26,6.23,6.26,650,0
BOW,60,20250312,170000,6.25,6.3,6.25,6.28,2403,0
BOW,60,20250313,100000,6.28,6.28,6.01,6.12,6496,0
BOW,60,20250313,110000,6.13,6.15,6.03,6.15,1014,0
BOW,60,20250313,120000,6.15,6.15,6.1,6.13,963,0
BOW,60,20250313,140000,6.13,6.13,6.1,6.1,2035,0
BOW,60,20250313,150000,6.1,6.1,6.01,6.01,1311,0
BOW,60,20250313,160000,5.95,6.08,5.95,5.95,2765,0
BOW,60,20250313,170000,6,6,5.9,5.97,4386,0
BOW,60,20250314,100000,5.94,6,5.94,6,4000,0
BOW,60,20250314,110000,6.05,6.13,6.01,6.13,2584,0
BOW,60,20250314,120000,6.09,6.13,6.09,6.12,1010,0
BOW,60,20250314,130000,6.04,6.04,6.04,6.04,75,0
BOW,60,20250314,140000,6.13,6.13,6.13,6.13,151,0
BOW,60,20250314,150000,6.04,6.04,5.98,5.98,4305,0
BOW,60,20250314,160000,5.96,5.98,5.91,5.91,3490,0
BOW,60,20250314,170000,5.91,5.98,5.84,5.97,6420,0
BOW,60,20250317,100000,6,6,5.86,5.88,3133,0
BOW,60,20250317,110000,5.98,5.98,5.87,5.87,119,0
BOW,60,20250317,120000,5.87,5.97,5.7,5.8,13289,0
BOW,60,20250317,130000,5.7,5.8,5.7,5.8,1340,0
BOW,60,20250317,140000,5.73,5.76,5.68,5.71,4434,0
BOW,60,20250317,150000,5.69,5.71,5.68,5.71,478,0
BOW,60,20250317,160000,5.71,5.8,5.68,5.8,1696,0
BOW,60,20250317,170000,5.73,5.79,5.68,5.7,1466,0
BOW,60,20250318,100000,5.7,5.77,5.68,5.77,2049,0
BOW,60,20250318,110000,5.74,5.96,5.72,5.9,13572,0
BOW,60,20250318,120000,5.9,5.9,5.7,5.73,11231,0
BOW,60,20250318,130000,5.73,5.73,5.73,5.73,2,0
BOW,60,20250318,140000,5.73,5.74,5.73,5.74,333,0
BOW,60,20250318,150000,5.74,5.74,5.65,5.65,2294,0
BOW,60,20250318,160000,5.68,5.69,5.67,5.67,1847,0
BOW,60,20250318,170000,5.68,5.7,5.68,5.7,582,0
BOW,60,20250319,100000,5.67,5.74,5.67,5.74,54,0
BOW,60,20250319,110000,5.74,5.75,5.74,5.75,838,0
BOW,60,20250319,120000,5.75,5.76,5.73,5.76,277,0
BOW,60,20250319,130000,5.75,5.79,5.75,5.79,444,0
BOW,60,20250319,140000,5.78,5.8,5.78,5.79,2129,0
BOW,60,20250319,150000,5.79,5.79,5.77,5.77,1709,0
BOW,60,20250319,160000,5.77,5.77,5.74,5.77,4563,0
BOW,60,20250319,170000,5.77,5.77,5.77,5.77,1725,0
BOW,60,20250320,100000,5.77,5.92,5.77,5.88,4135,0
BOW,60,20250320,110000,5.88,5.88,5.88,5.88,355,0
BOW,60,20250320,120000,5.87,5.88,5.87,5.88,5241,0
BOW,60,20250320,130000,5.88,5.88,5.86,5.88,3094,0
BOW,60,20250320,140000,5.86,5.88,5.86,5.88,217,0
BOW,60,20250320,160000,5.84,5.84,5.84,5.84,385,0
BOW,60,20250320,170000,5.87,5.88,5.83,5.83,60,0
BOW,60,20250321,100000,5.88,5.88,5.8,5.88,1996,0
BOW,60,20250321,120000,5.83,5.83,5.83,5.83,2,0
BOW,60,20250321,130000,5.81,5.83,5.81,5.83,53,0
BOW,60,20250321,140000,5.81,5.87,5.81,5.87,629,0
BOW,60,20250321,150000,5.84,5.84,5.83,5.83,54,0
BOW,60,20250321,170000,5.83,5.84,5.81,5.84,212,0
BOW,60,20250324,100000,5.88,5.98,5.88,5.98,15824,0
BOW,60,20250324,110000,5.97,5.98,5.84,5.96,3167,0
BOW,60,20250324,120000,5.96,5.96,5.92,5.92,695,0
BOW,60,20250324,130000,5.93,5.98,5.93,5.97,3042,0
BOW,60,20250324,140000,5.95,5.95,5.88,5.88,371,0
BOW,60,20250324,150000,5.95,5.95,5.87,5.87,282,0
BOW,60,20250324,160000,5.94,5.94,5.91,5.91,759,0
BOW,60,20250324,170000,5.91,5.91,5.91,5.91,1321,0
BOW,60,20250325,100000,5.97,5.98,5.95,5.95,2281,0
BOW,60,20250325,110000,5.95,5.95,5.94,5.94,1309,0
BOW,60,20250325,120000,5.94,5.94,5.9,5.9,111,0
BOW,60,20250325,130000,5.94,5.94,5.8,5.8,8800,0
BOW,60,20250325,140000,5.8,5.87,5.74,5.8,2784,0
BOW,60,20250325,150000,5.76,5.76,5.67,5.74,2243,0
BOW,60,20250325,160000,5.69,5.74,5.66,5.66,1969,0
BOW,60,20250325,170000,5.74,5.77,5.66,5.77,2784,0
BOW,60,20250326,100000,5.78,5.78,5.67,5.67,2864,0
BOW,60,20250326,110000,5.68,5.68,5.66,5.67,446,0
BOW,60,20250326,120000,5.7,5.76,5.52,5.62,3786,0
BOW,60,20250326,130000,5.6,5.6,5.52,5.52,497,0
BOW,60,20250326,140000,5.56,5.56,5.48,5.48,5234,0
BOW,60,20250326,150000,5.54,5.58,5.52,5.53,3947,0
BOW,60,20250326,160000,5.53,5.58,5.53,5.58,191,0
BOW,60,20250326,170000,5.58,5.58,5.55,5.58,1252,0
BOW,60,20250327,100000,5.58,5.6,5.56,5.6,184,0
BOW,60,20250327,110000,5.59,5.59,5.59,5.59,350,0
BOW,60,20250327,120000,5.58,5.59,5.58,5.59,12010,0
BOW,60,20250327,140000,5.58,5.59,5.5,5.5,4815,0
BOW,60,20250327,150000,5.5,5.56,5.5,5.56,575,0
BOW,60,20250327,160000,5.45,5.53,5.45,5.53,1722,0
BOW,60,20250327,170000,5.53,5.6,5.53,5.6,2052,0
BOW,60,20250328,100000,5.6,5.75,5.6,5.75,2076,0
BOW,60,20250328,110000,5.75,5.75,5.62,5.62,190,0
BOW,60,20250328,120000,5.7,5.78,5.7,5.78,100,0
BOW,60,20250328,130000,5.75,5.75,5.66,5.66,320,0
BOW,60,20250328,140000,5.75,5.75,5.75,5.75,10,0
BOW,60,20250328,150000,5.7,5.7,5.63,5.63,868,0
BOW,60,20250328,160000,5.73,5.74,5.72,5.73,150,0
BOW,60,20250328,170000,5.73,5.73,5.61,5.69,1009,0
BOW,60,20250331,100000,5.63,5.63,5.45,5.46,1903,0
BOW,60,20250331,110000,5.46,5.51,5.34,5.5,8515,0
BOW,60,20250331,120000,5.49,5.49,5.4,5.44,1480,0
BOW,60,20250331,130000,5.49,5.53,5.43,5.43,1728,0
BOW,60,20250331,140000,5.45,5.45,5.43,5.43,400,0
BOW,60,20250331,150000,5.44,5.44,5.32,5.4,7806,0
BOW,60,20250331,160000,5.39,5.4,5.39,5.39,736,0
BOW,60,20250331,170000,5.37,5.4,5.37,5.39,2702,0
BOW,60,20250401,100000,5.7,5.7,5.6,5.66,1326,0
BOW,60,20250401,110000,5.6,5.6,5.6,5.6,10,0
BOW,60,20250401,120000,5.52,5.58,5.42,5.58,1955,0
BOW,60,20250401,140000,5.48,5.48,5.48,5.48,7,0
BOW,60,20250401,150000,5.46,5.46,5.34,5.34,3061,0
BOW,60,20250401,160000,5.34,5.46,5.32,5.46,1111,0
BOW,60,20250401,170000,5.36,5.46,5.36,5.46,14,0
BOW,60,20250402,100000,5.46,5.48,5.46,5.48,1067,0
BOW,60,20250402,110000,5.38,5.38,5.3,5.3,1933,0
BOW,60,20250402,120000,5.32,5.32,5.24,5.24,6645,0
BOW,60,20250402,130000,5.3,5.3,5.3,5.3,851,0
BOW,60,20250402,140000,5.3,5.4,5.3,5.4,2700,0
BOW,60,20250402,150000,5.4,5.4,5.36,5.36,350,0
BOW,60,20250402,160000,5.36,5.36,5.36,5.36,53,0
BOW,60,20250402,170000,5.38,5.44,5.38,5.44,481,0
BOW,60,20250403,100000,5.3,5.34,5.26,5.26,2745,0
BOW,60,20250403,110000,5.28,5.3,5.28,5.3,100,0
BOW,60,20250403,120000,5.3,5.38,5.3,5.34,1953,0
BOW,60,20250403,130000,5.3,5.3,5.22,5.22,1739,0
BOW,60,20250403,140000,5.22,5.22,5,5.1,10490,0
BOW,60,20250403,150000,5.1,5.1,5.06,5.06,828,0
BOW,60,20250403,160000,5.1,5.18,4.96,5,6844,0
BOW,60,20250403,170000,5,5.1,4.98,5.1,1250,0
BOW,60,20250404,100000,5.08,5.08,4.92,4.95,3879,0
BOW,60,20250404,110000,5,5.02,4.85,4.98,4311,0
BOW,60,20250404,120000,4.98,4.98,4.6,4.72,21068,0
BOW,60,20250404,130000,4.72,4.72,4.4,4.58,3791,0
BOW,60,20250404,140000,4.58,4.78,4.53,4.78,5559,0
BOW,60,20250404,150000,4.78,4.78,4.77,4.78,2248,0
BOW,60,20250404,160000,4.79,4.79,4.74,4.74,1068,0
BOW,60,20250404,170000,4.71,4.74,4.66,4.74,1845,0
BOW,60,20250407,100000,4.63,4.63,4.1,4.3,15427,0
BOW,60,20250407,110000,4.43,4.5,4.43,4.5,8864,0
BOW,60,20250407,120000,4.5,4.7,4.5,4.7,3740,0
BOW,60,20250407,130000,4.61,4.7,4.61,4.7,654,0
BOW,60,20250407,140000,4.68,4.68,4.6,4.6,352,0
BOW,60,20250407,170000,4.67,4.67,4.61,4.67,68,0
BOW,60,20250408,100000,4.6,4.6,4.49,4.49,6118,0
BOW,60,20250408,110000,4.49,4.5,4.49,4.5,628,0
BOW,60,20250408,120000,4.5,4.56,4.5,4.56,2005,0
BOW,60,20250408,130000,4.56,4.58,4.56,4.58,537,0
BOW,60,20250408,140000,4.59,4.59,4.56,4.59,1973,0
BOW,60,20250408,150000,4.59,4.6,4.58,4.6,2457,0
BOW,60,20250408,160000,4.61,4.62,4.61,4.62,114,0
BOW,60,20250408,170000,4.63,4.64,4.63,4.64,550,0
BOW,60,20250409,100000,4.6,4.6,4.56,4.58,5316,0
BOW,60,20250409,110000,4.56,4.56,4.52,4.52,2726,0
BOW,60,20250409,120000,4.52,4.58,4.52,4.56,3102,0
BOW,60,20250409,130000,4.54,4.56,4.4,4.56,4567,0
BOW,60,20250409,150000,4.54,4.54,4.54,4.54,200,0
BOW,60,20250409,160000,4.5,4.5,4.5,4.5,10,0
BOW,60,20250409,170000,4.5,4.55,4.5,4.55,220,0
BOW,60,20250410,100000,4.66,4.8,4.6,4.66,15321,0
BOW,60,20250410,110000,4.61,4.61,4.5,4.5,7296,0
BOW,60,20250410,120000,4.5,4.7,4.5,4.7,8877,0
BOW,60,20250410,130000,4.68,4.68,4.68,4.68,45,0
BOW,60,20250410,140000,4.68,4.68,4.6,4.6,2435,0
BOW,60,20250410,160000,4.59,4.6,4.59,4.59,21,0
BOW,60,20250410,170000,4.6,4.6,4.6,4.6,203,0
BOW,60,20250411,100000,4.6,4.69,4.59,4.69,1020,0
BOW,60,20250411,110000,4.67,4.67,4.67,4.67,5,0
BOW,60,20250411,120000,4.67,4.68,4.6,4.68,1293,0
BOW,60,20250411,130000,4.67,4.68,4.67,4.68,250,0
BOW,60,20250411,140000,4.67,4.67,4.67,4.67,257,0
BOW,60,20250411,150000,4.67,4.7,4.67,4.7,2574,0
BOW,60,20250411,170000,4.67,4.69,4.67,4.69,2500,0
BOW,60,20250414,100000,4.69,4.76,4.69,4.75,5743,0
BOW,60,20250414,110000,4.75,4.75,4.71,4.71,237,0
BOW,60,20250414,120000,4.74,4.74,4.69,4.69,3393,0
BOW,60,20250414,130000,4.7,4.76,4.7,4.76,1620,0
BOW,60,20250414,140000,4.74,4.76,4.74,4.76,198,0
BOW,60,20250414,150000,4.78,4.79,4.78,4.79,593,0
BOW,60,20250414,160000,4.77,4.8,4.77,4.8,633,0
BOW,60,20250414,170000,4.79,4.8,4.79,4.8,1000,0
BOW,60,20250415,100000,4.79,4.84,4.71,4.8,3327,0
BOW,60,20250415,110000,4.83,4.88,4.8,4.88,405,0
BOW,60,20250415,120000,4.87,4.9,4.81,4.81,604,0
BOW,60,20250415,130000,4.81,4.83,4.69,4.83,4842,0
BOW,60,20250415,140000,4.72,4.72,4.7,4.7,310,0
BOW,60,20250415,150000,4.72,4.72,4.71,4.71,46,0
BOW,60,20250415,160000,4.72,4.77,4.72,4.72,696,0
BOW,60,20250415,170000,4.76,4.76,4.76,4.76,3,0
BOW,60,20250416,100000,4.77,4.77,4.69,4.76,2376,0
BOW,60,20250416,110000,4.71,4.77,4.71,4.72,148,0
BOW,60,20250416,130000,4.72,4.72,4.71,4.71,8230,0
BOW,60,20250416,140000,4.71,4.71,4.7,4.7,400,0
BOW,60,20250416,150000,4.7,4.72,4.7,4.72,305,0
BOW,60,20250416,160000,4.72,4.72,4.69,4.71,868,0
BOW,60,20250416,170000,4.71,4.71,4.71,4.71,3,0
BOW,60,20250417,100000,4.69,4.71,4.69,4.71,356,0
BOW,60,20250417,110000,4.69,4.71,4.59,4.59,7223,0
BOW,60,20250417,120000,4.59,4.59,4.59,4.59,353,0
BOW,60,20250417,130000,4.59,4.6,4.59,4.6,1531,0
BOW,60,20250417,140000,4.6,4.6,4.58,4.6,1937,0
BOW,60,20250417,150000,4.6,4.6,4.6,4.6,53,0
BOW,60,20250417,160000,4.6,4.6,4.56,4.56,380,0
BOW,60,20250417,170000,4.56,4.59,4.56,4.59,1022,0
BOW,60,20250422,100000,4.59,4.76,4.59,4.76,4096,0
BOW,60,20250422,110000,4.75,5.04,4.75,5,21968,0
BOW,60,20250422,120000,4.95,4.98,4.88,4.88,1889,0
BOW,60,20250422,130000,4.88,4.97,4.82,4.97,3253,0
BOW,60,20250422,140000,4.97,4.97,4.96,4.96,10,0
BOW,60,20250422,150000,4.96,4.96,4.87,4.9,890,0
BOW,60,20250422,160000,4.9,4.93,4.9,4.91,177,0
BOW,60,20250422,170000,4.9,4.96,4.86,4.96,1816,0
BOW,60,20250423,100000,4.97,5.18,4.92,5.1,8706,0
BOW,60,20250423,110000,5.1,5.1,5,5.08,1882,0
BOW,60,20250423,120000,5.08,5.08,5.08,5.08,13,0
BOW,60,20250423,130000,5.02,5.02,5.02,5.02,351,0
BOW,60,20250423,140000,5.06,5.06,5.06,5.06,10,0
BOW,60,20250423,150000,5.04,5.04,4.94,4.97,5474,0
BOW,60,20250423,160000,4.94,4.96,4.94,4.96,110,0
BOW,60,20250423,170000,4.96,4.96,4.9,4.9,651,0
BOW,60,20250424,100000,4.83,5.08,4.82,5,2810,0
BOW,60,20250424,110000,5.08,5.1,4.95,4.99,4291,0
BOW,60,20250424,120000,4.99,4.99,4.99,4.99,100,0
BOW,60,20250424,130000,4.98,4.98,4.97,4.97,155,0
BOW,60,20250424,140000,4.98,4.98,4.98,4.98,300,0
BOW,60,20250424,150000,4.97,4.98,4.96,4.98,1553,0
BOW,60,20250424,160000,4.96,4.98,4.94,4.98,422,0
BOW,60,20250424,170000,4.98,4.98,4.98,4.98,943,0
BOW,60,20250425,100000,5,5.1,5,5.08,1862,0
BOW,60,20250425,110000,5.02,5.08,5.02,5.08,1108,0
BOW,60,20250425,120000,5.08,5.12,5.04,5.08,1828,0
BOW,60,20250425,130000,5.06,5.06,4.96,5.06,4582,0
BOW,60,20250425,140000,5,5.06,5,5.06,1720,0
BOW,60,20250425,150000,5,5,5,5,3733,0
BOW,60,20250425,170000,5,5,4.98,5,423,0
BOW,60,20250428,100000,5,5.06,4.94,4.94,4907,0
BOW,60,20250428,110000,5.06,5.06,5.06,5.06,1010,0
BOW,60,20250428,130000,5.04,5.04,5,5,105,0
BOW,60,20250428,140000,5,5.04,5,5.04,1611,0
BOW,60,20250428,150000,5,5,5,5,65,0
BOW,60,20250428,160000,5,5,4.91,4.91,1605,0
BOW,60,20250428,170000,5,5.02,5,5.02,7,0
BOW,60,20250429,100000,5.02,5.02,5,5.02,326,0
BOW,60,20250429,110000,4.92,5.02,4.92,5.02,120,0
BOW,60,20250429,120000,4.92,4.99,4.92,4.99,40,0
BOW,60,20250429,130000,4.99,4.99,4.99,4.99,146,0
BOW,60,20250429,140000,4.92,4.92,4.92,4.92,588,0
BOW,60,20250429,150000,4.96,4.96,4.95,4.96,471,0
BOW,60,20250429,170000,4.96,5,4.96,5,1973,0
BOW,60,20250430,100000,5.02,5.04,5.02,5.04,512,0
BOW,60,20250430,110000,5,5,5,5,20,0
BOW,60,20250430,120000,5.04,5.04,4.94,4.94,72,0
BOW,60,20250430,130000,4.94,4.94,4.61,4.88,10641,0
BOW,60,20250430,140000,4.81,4.84,4.81,4.83,1541,0
BOW,60,20250430,150000,4.83,4.83,4.72,4.72,900,0
BOW,60,20250430,160000,4.82,4.85,4.82,4.85,1108,0
BOW,60,20250430,170000,4.84,4.88,4.84,4.88,1005,0
BOW,60,20250502,100000,4.76,4.76,4.72,4.75,2315,0
BOW,60,20250502,110000,4.75,4.84,4.75,4.8,3803,0
BOW,60,20250502,120000,4.79,4.8,4.78,4.8,720,0
BOW,60,20250502,130000,4.79,4.8,4.78,4.8,2624,0
BOW,60,20250502,140000,4.81,4.82,4.81,4.82,201,0
BOW,60,20250502,150000,4.84,4.84,4.84,4.84,2,0
BOW,60,20250502,160000,4.84,4.84,4.84,4.84,95,0
BOW,60,20250502,170000,4.85,4.85,4.82,4.82,251,0
BOW,60,20250505,100000,4.8,4.82,4.8,4.82,9,0
BOW,60,20250505,110000,4.82,4.82,4.8,4.8,2011,0
BOW,60,20250505,120000,4.8,4.8,4.8,4.8,331,0
BOW,60,20250505,130000,4.8,4.8,4.8,4.8,650,0
BOW,60,20250505,150000,4.8,4.8,4.77,4.77,20,0
BOW,60,20250505,160000,4.8,4.8,4.8,4.8,10,0
BOW,60,20250505,170000,4.8,4.8,4.75,4.8,123,0
BOW,60,20250506,100000,4.8,4.8,4.8,4.8,5,0
BOW,60,20250506,110000,4.75,4.8,4.75,4.8,920,0
BOW,60,20250506,130000,4.75,4.8,4.73,4.8,350,0
BOW,60,20250506,140000,4.8,4.8,4.8,4.8,1037,0
BOW,60,20250506,170000,4.77,4.77,4.77,4.77,82,0
