<TICKER>,<PER>,<DATE>,<TIME>,<OPEN>,<HIGH>,<LOW>,<CLOSE>,<VOL>,<OPENINT>
CAP,60,20240411,100000,0.62,0.63,0.618,0.626,12617,0
CAP,60,20240411,110000,0.622,0.626,0.618,0.626,22924,0
CAP,60,20240411,120000,0.62,0.62,0.618,0.618,13300,0
CAP,60,20240411,130000,0.618,0.62,0.58,0.61,246649,0
CAP,60,20240411,140000,0.61,0.616,0.6,0.6,41182,0
CAP,60,20240411,150000,0.616,0.616,0.616,0.616,1796,0
CAP,60,20240411,160000,0.616,0.616,0.6,0.6,12938,0
CAP,60,20240411,170000,0.6,0.616,0.6,0.61,7976,0
CAP,60,20240412,100000,0.61,0.618,0.6,0.6,10334,0
CAP,60,20240412,110000,0.6,0.61,0.598,0.6,24356,0
CAP,60,20240412,120000,0.61,0.61,0.598,0.598,22686,0
CAP,60,20240412,130000,0.6,0.6,0.6,0.6,13000,0
CAP,60,20240412,140000,0.61,0.61,0.61,0.61,10,0
CAP,60,20240412,150000,0.6,0.61,0.6,0.6,13020,0
CAP,60,20240412,160000,0.6,0.608,0.6,0.6,22063,0
CAP,60,20240412,170000,0.598,0.6,0.598,0.6,43818,0
CAP,60,20240415,100000,0.598,0.618,0.59,0.596,57720,0
CAP,60,20240415,110000,0.592,0.604,0.59,0.59,77400,0
CAP,60,20240415,120000,0.6,0.6,0.59,0.6,15077,0
CAP,60,20240415,130000,0.6,0.6,0.6,0.6,50600,0
CAP,60,20240415,140000,0.6,0.6,0.6,0.6,6500,0
CAP,60,20240415,150000,0.604,0.604,0.592,0.592,817,0
CAP,60,20240415,160000,0.602,0.602,0.602,0.602,1210,0
CAP,60,20240415,170000,0.6,0.6,0.6,0.6,7000,0
CAP,60,20240416,100000,0.592,0.598,0.588,0.598,35000,0
CAP,60,20240416,110000,0.598,0.598,0.58,0.582,48210,0
CAP,60,20240416,120000,0.594,0.594,0.586,0.59,39096,0
CAP,60,20240416,130000,0.596,0.596,0.59,0.59,22070,0
CAP,60,20240416,140000,0.594,0.594,0.594,0.594,7000,0
CAP,60,20240416,150000,0.596,0.596,0.596,0.596,5000,0
CAP,60,20240416,160000,0.59,0.594,0.588,0.588,15020,0
CAP,60,20240416,170000,0.588,0.59,0.578,0.58,129653,0
CAP,60,20240417,100000,0.562,0.586,0.562,0.582,86376,0
CAP,60,20240417,110000,0.58,0.584,0.576,0.58,45548,0
CAP,60,20240417,120000,0.584,0.594,0.58,0.594,91109,0
CAP,60,20240417,130000,0.584,0.592,0.58,0.586,81345,0
CAP,60,20240417,140000,0.586,0.586,0.58,0.58,7293,0
CAP,60,20240417,150000,0.588,0.588,0.588,0.588,100,0
CAP,60,20240417,160000,0.588,0.588,0.588,0.588,3450,0
CAP,60,20240417,170000,0.584,0.586,0.576,0.58,17512,0
CAP,60,20240418,100000,0.58,0.592,0.58,0.58,4366,0
CAP,60,20240418,110000,0.592,0.602,0.588,0.602,61115,0
CAP,60,20240418,120000,0.602,0.602,0.582,0.582,25818,0
CAP,60,20240418,130000,0.59,0.596,0.58,0.58,33504,0
CAP,60,20240418,140000,0.594,0.6,0.58,0.6,37651,0
CAP,60,20240418,150000,0.586,0.596,0.58,0.588,26203,0
CAP,60,20240418,160000,0.59,0.59,0.586,0.586,55914,0
CAP,60,20240418,170000,0.586,0.59,0.578,0.59,211150,0
CAP,60,20240419,100000,0.59,0.59,0.576,0.576,39340,0
CAP,60,20240419,110000,0.588,0.588,0.57,0.572,25428,0
CAP,60,20240419,120000,0.582,0.582,0.576,0.578,30490,0
CAP,60,20240419,130000,0.578,0.58,0.576,0.58,101400,0
CAP,60,20240419,140000,0.582,0.584,0.582,0.584,10634,0
CAP,60,20240419,150000,0.584,0.586,0.582,0.582,13390,0
CAP,60,20240419,160000,0.582,0.588,0.58,0.588,24075,0
CAP,60,20240419,170000,0.582,0.584,0.576,0.584,33237,0
CAP,60,20240422,100000,0.58,0.586,0.572,0.584,46030,0
CAP,60,20240422,110000,0.578,0.58,0.578,0.58,184500,0
CAP,60,20240422,120000,0.58,0.58,0.572,0.58,40662,0
CAP,60,20240422,130000,0.58,0.58,0.58,0.58,39011,0
CAP,60,20240422,140000,0.578,0.578,0.578,0.578,9500,0
CAP,60,20240422,150000,0.58,0.58,0.58,0.58,2812,0
CAP,60,20240422,160000,0.58,0.58,0.58,0.58,3000,0
CAP,60,20240422,170000,0.578,0.58,0.578,0.58,1964,0
CAP,60,20240423,100000,0.578,0.58,0.576,0.58,16574,0
CAP,60,20240423,110000,0.576,0.584,0.576,0.584,63028,0
CAP,60,20240423,120000,0.584,0.598,0.578,0.598,66476,0
CAP,60,20240423,130000,0.596,0.596,0.596,0.596,2494,0
CAP,60,20240423,150000,0.584,0.584,0.578,0.578,42158,0
CAP,60,20240423,160000,0.58,0.586,0.58,0.586,34408,0
CAP,60,20240423,170000,0.588,0.588,0.58,0.58,35164,0
CAP,60,20240424,100000,0.582,0.588,0.58,0.586,56255,0
CAP,60,20240424,110000,0.588,0.588,0.584,0.584,10268,0
CAP,60,20240424,120000,0.582,0.582,0.578,0.578,27829,0
CAP,60,20240424,130000,0.586,0.586,0.58,0.58,5000,0
CAP,60,20240424,140000,0.58,0.58,0.576,0.578,42606,0
CAP,60,20240424,150000,0.574,0.58,0.574,0.58,14393,0
CAP,60,20240424,160000,0.58,0.58,0.58,0.58,8732,0
CAP,60,20240424,170000,0.58,0.58,0.58,0.58,11500,0
CAP,60,20240425,100000,0.586,0.586,0.58,0.58,5937,0
CAP,60,20240425,110000,0.58,0.58,0.58,0.58,10000,0
CAP,60,20240425,120000,0.58,0.58,0.576,0.578,18035,0
CAP,60,20240425,130000,0.578,0.578,0.574,0.574,9986,0
CAP,60,20240425,140000,0.574,0.578,0.574,0.578,13080,0
CAP,60,20240425,150000,0.578,0.578,0.576,0.576,10000,0
CAP,60,20240425,160000,0.576,0.576,0.576,0.576,10000,0
CAP,60,20240425,170000,0.574,0.576,0.572,0.576,17551,0
CAP,60,20240426,100000,0.578,0.578,0.57,0.574,90145,0
CAP,60,20240426,110000,0.574,0.578,0.57,0.578,39471,0
CAP,60,20240426,120000,0.57,0.57,0.57,0.57,29722,0
CAP,60,20240426,130000,0.576,0.576,0.576,0.576,7790,0
CAP,60,20240426,140000,0.574,0.574,0.574,0.574,5000,0
CAP,60,20240426,150000,0.57,0.57,0.568,0.568,16440,0
CAP,60,20240426,160000,0.568,0.572,0.568,0.572,4200,0
CAP,60,20240426,170000,0.568,0.568,0.568,0.568,1300,0
CAP,60,20240429,100000,0.57,0.574,0.57,0.574,26620,0
CAP,60,20240429,110000,0.578,0.578,0.578,0.578,500,0
CAP,60,20240429,120000,0.578,0.584,0.578,0.584,16500,0
CAP,60,20240429,130000,0.586,0.586,0.584,0.586,40917,0
CAP,60,20240429,140000,0.584,0.584,0.58,0.58,1300,0
CAP,60,20240429,150000,0.58,0.584,0.58,0.584,9550,0
CAP,60,20240429,160000,0.584,0.586,0.58,0.582,39974,0
CAP,60,20240429,170000,0.586,0.586,0.58,0.586,13400,0
CAP,60,20240430,100000,0.586,0.586,0.586,0.586,10322,0
CAP,60,20240430,110000,0.578,0.578,0.578,0.578,5956,0
CAP,60,20240430,120000,0.578,0.586,0.572,0.58,6130,0
CAP,60,20240430,130000,0.574,0.58,0.57,0.58,49373,0
CAP,60,20240430,140000,0.58,0.582,0.57,0.58,122288,0
CAP,60,20240430,150000,0.572,0.572,0.57,0.57,27481,0
CAP,60,20240430,160000,0.576,0.576,0.57,0.57,6750,0
CAP,60,20240430,170000,0.57,0.576,0.568,0.576,34925,0
CAP,60,20240502,100000,0.58,0.582,0.57,0.58,86271,0
CAP,60,20240502,110000,0.58,0.582,0.57,0.572,160867,0
CAP,60,20240502,120000,0.57,0.58,0.568,0.57,77154,0
CAP,60,20240502,130000,0.57,0.576,0.568,0.568,64165,0
CAP,60,20240502,140000,0.574,0.576,0.568,0.576,42005,0
CAP,60,20240502,150000,0.568,0.576,0.568,0.576,11550,0
CAP,60,20240502,160000,0.576,0.576,0.572,0.572,18500,0
CAP,60,20240502,170000,0.574,0.574,0.57,0.57,37588,0
CAP,60,20240506,100000,0.57,0.57,0.564,0.564,74835,0
CAP,60,20240506,110000,0.57,0.57,0.564,0.57,57009,0
CAP,60,20240506,120000,0.57,0.57,0.564,0.566,18327,0
CAP,60,20240506,130000,0.566,0.566,0.56,0.56,34500,0
CAP,60,20240506,140000,0.56,0.568,0.56,0.568,37622,0
CAP,60,20240506,150000,0.568,0.57,0.562,0.57,119086,0
CAP,60,20240506,160000,0.57,0.57,0.57,0.57,90970,0
CAP,60,20240506,170000,0.57,0.57,0.57,0.57,2680,0
CAP,60,20240507,100000,0.566,0.57,0.564,0.564,38650,0
CAP,60,20240507,110000,0.57,0.57,0.564,0.564,34886,0
CAP,60,20240507,120000,0.57,0.57,0.564,0.564,28156,0
CAP,60,20240507,130000,0.57,0.57,0.564,0.564,7352,0
CAP,60,20240507,140000,0.566,0.566,0.564,0.564,5098,0
CAP,60,20240507,150000,0.568,0.568,0.568,0.568,9800,0
CAP,60,20240507,160000,0.568,0.568,0.564,0.564,3800,0
CAP,60,20240507,170000,0.57,0.57,0.57,0.57,3416,0
CAP,60,20240508,100000,0.564,0.57,0.562,0.566,32239,0
CAP,60,20240508,110000,0.566,0.566,0.55,0.55,139599,0
CAP,60,20240508,120000,0.56,0.56,0.55,0.55,90525,0
CAP,60,20240508,130000,0.558,0.558,0.548,0.556,60674,0
CAP,60,20240508,140000,0.55,0.554,0.548,0.55,124607,0
CAP,60,20240508,150000,0.554,0.554,0.548,0.55,50813,0
CAP,60,20240508,160000,0.55,0.554,0.55,0.55,73854,0
CAP,60,20240508,170000,0.55,0.552,0.55,0.55,43707,0
CAP,60,20240509,100000,0.55,0.558,0.55,0.55,83346,0
CAP,60,20240509,110000,0.552,0.552,0.548,0.548,39007,0
CAP,60,20240509,120000,0.55,0.55,0.55,0.55,22543,0
CAP,60,20240509,130000,0.55,0.55,0.546,0.55,66875,0
CAP,60,20240509,140000,0.546,0.55,0.546,0.55,25500,0
CAP,60,20240509,150000,0.55,0.55,0.548,0.548,26273,0
CAP,60,20240509,160000,0.548,0.55,0.548,0.55,7540,0
CAP,60,20240509,170000,0.548,0.548,0.546,0.548,22568,0
CAP,60,20240510,100000,0.548,0.554,0.544,0.55,89552,0
CAP,60,20240510,110000,0.552,0.552,0.548,0.548,9050,0
CAP,60,20240510,120000,0.548,0.55,0.546,0.546,15515,0
CAP,60,20240510,130000,0.546,0.55,0.546,0.55,38763,0
CAP,60,20240510,140000,0.55,0.55,0.548,0.548,17730,0
CAP,60,20240510,150000,0.548,0.548,0.544,0.548,27817,0
CAP,60,20240510,160000,0.548,0.55,0.546,0.55,37300,0
CAP,60,20240510,170000,0.546,0.55,0.546,0.55,4625,0
CAP,60,20240513,100000,0.55,0.55,0.544,0.544,45450,0
CAP,60,20240513,110000,0.546,0.546,0.544,0.546,8035,0
CAP,60,20240513,120000,0.546,0.546,0.546,0.546,5169,0
CAP,60,20240513,130000,0.548,0.548,0.546,0.548,16694,0
CAP,60,20240513,140000,0.548,0.55,0.548,0.55,14483,0
CAP,60,20240513,150000,0.55,0.55,0.55,0.55,3500,0
CAP,60,20240513,170000,0.55,0.55,0.542,0.55,80370,0
CAP,60,20240514,100000,0.544,0.55,0.544,0.548,13626,0
CAP,60,20240514,110000,0.55,0.55,0.55,0.55,13000,0
CAP,60,20240514,120000,0.55,0.55,0.548,0.548,138352,0
CAP,60,20240514,130000,0.55,0.55,0.548,0.548,4804,0
CAP,60,20240514,140000,0.548,0.548,0.548,0.548,4988,0
CAP,60,20240514,150000,0.548,0.548,0.548,0.548,18901,0
CAP,60,20240514,160000,0.548,0.548,0.546,0.546,7000,0
CAP,60,20240514,170000,0.548,0.548,0.544,0.544,18540,0
CAP,60,20240515,100000,0.55,0.55,0.542,0.55,39330,0
CAP,60,20240515,110000,0.55,0.55,0.546,0.546,8152,0
CAP,60,20240515,130000,0.546,0.548,0.546,0.548,7500,0
CAP,60,20240515,140000,0.548,0.548,0.546,0.546,13000,0
CAP,60,20240515,150000,0.546,0.546,0.546,0.546,5000,0
CAP,60,20240515,160000,0.546,0.548,0.546,0.548,22500,0
CAP,60,20240515,170000,0.544,0.548,0.544,0.548,3222,0
CAP,60,20240516,100000,0.548,0.548,0.548,0.548,21408,0
CAP,60,20240516,110000,0.544,0.544,0.544,0.544,655,0
CAP,60,20240516,120000,0.548,0.548,0.546,0.548,40986,0
CAP,60,20240516,130000,0.544,0.544,0.544,0.544,1741,0
CAP,60,20240516,140000,0.548,0.56,0.548,0.55,406468,0
CAP,60,20240516,150000,0.55,0.55,0.55,0.55,93247,0
CAP,60,20240516,160000,0.552,0.556,0.55,0.556,85312,0
CAP,60,20240516,170000,0.556,0.558,0.55,0.55,486422,0
CAP,60,20240517,100000,0.548,0.554,0.548,0.55,24717,0
CAP,60,20240517,110000,0.554,0.554,0.554,0.554,36337,0
CAP,60,20240517,120000,0.55,0.556,0.55,0.556,28012,0
CAP,60,20240517,130000,0.556,0.556,0.556,0.556,5000,0
CAP,60,20240517,140000,0.554,0.554,0.554,0.554,26289,0
CAP,60,20240517,150000,0.552,0.552,0.55,0.55,251542,0
CAP,60,20240517,160000,0.554,0.554,0.55,0.55,48200,0
CAP,60,20240517,170000,0.548,0.55,0.548,0.55,14375,0
CAP,60,20240520,100000,0.552,0.556,0.55,0.55,24466,0
CAP,60,20240520,110000,0.55,0.554,0.548,0.548,11549,0
CAP,60,20240520,120000,0.548,0.554,0.546,0.554,13834,0
CAP,60,20240520,130000,0.55,0.55,0.546,0.546,10000,0
CAP,60,20240520,140000,0.546,0.546,0.546,0.546,1633,0
CAP,60,20240520,160000,0.55,0.55,0.55,0.55,760,0
CAP,60,20240520,170000,0.55,0.55,0.55,0.55,8500,0
CAP,60,20240521,100000,0.55,0.556,0.55,0.556,7210,0
CAP,60,20240521,110000,0.548,0.548,0.548,0.548,7500,0
CAP,60,20240521,120000,0.55,0.55,0.55,0.55,13750,0
CAP,60,20240521,130000,0.55,0.55,0.548,0.548,18671,0
CAP,60,20240521,160000,0.548,0.548,0.548,0.548,110,0
CAP,60,20240521,170000,0.55,0.55,0.55,0.55,1844,0
CAP,60,20240522,100000,0.546,0.554,0.546,0.552,14400,0
CAP,60,20240522,110000,0.55,0.55,0.55,0.55,1542,0
CAP,60,20240522,120000,0.552,0.552,0.548,0.548,3353,0
CAP,60,20240522,130000,0.552,0.552,0.552,0.552,9795,0
CAP,60,20240522,140000,0.548,0.548,0.546,0.546,6210,0
CAP,60,20240522,160000,0.55,0.55,0.548,0.548,5700,0
CAP,60,20240522,170000,0.55,0.55,0.548,0.55,31060,0
CAP,60,20240523,100000,0.548,0.548,0.546,0.546,12600,0
CAP,60,20240523,110000,0.548,0.548,0.548,0.548,2000,0
CAP,60,20240523,120000,0.548,0.55,0.546,0.546,11044,0
CAP,60,20240523,140000,0.546,0.55,0.546,0.55,2458,0
CAP,60,20240523,150000,0.546,0.55,0.544,0.55,16937,0
CAP,60,20240523,160000,0.55,0.55,0.544,0.546,5300,0
CAP,60,20240523,170000,0.548,0.552,0.548,0.552,24251,0
CAP,60,20240524,100000,0.55,0.558,0.55,0.552,10991,0
CAP,60,20240524,110000,0.556,0.562,0.556,0.562,53851,0
CAP,60,20240524,120000,0.56,0.568,0.56,0.566,24951,0
CAP,60,20240524,130000,0.566,0.578,0.566,0.578,42866,0
CAP,60,20240524,140000,0.576,0.58,0.576,0.578,62495,0
CAP,60,20240524,150000,0.574,0.58,0.572,0.58,31757,0
CAP,60,20240524,160000,0.58,0.588,0.58,0.586,29056,0
CAP,60,20240524,170000,0.584,0.594,0.58,0.592,52575,0
CAP,60,20240527,100000,0.596,0.61,0.588,0.606,303351,0
CAP,60,20240527,110000,0.606,0.63,0.606,0.61,271177,0
CAP,60,20240527,120000,0.61,0.624,0.61,0.618,38951,0
CAP,60,20240527,130000,0.62,0.624,0.6,0.618,58385,0
CAP,60,20240527,140000,0.612,0.618,0.608,0.618,10558,0
CAP,60,20240527,150000,0.614,0.618,0.614,0.618,12698,0
CAP,60,20240527,160000,0.616,0.618,0.61,0.61,24783,0
CAP,60,20240527,170000,0.612,0.62,0.612,0.618,26812,0
CAP,60,20240528,100000,0.608,0.608,0.58,0.602,311371,0
CAP,60,20240528,110000,0.586,0.6,0.586,0.6,1010,0
CAP,60,20240528,120000,0.586,0.6,0.57,0.58,60845,0
CAP,60,20240528,130000,0.58,0.588,0.576,0.588,21900,0
CAP,60,20240528,140000,0.578,0.584,0.578,0.58,36411,0
CAP,60,20240528,150000,0.584,0.584,0.578,0.578,4876,0
CAP,60,20240528,160000,0.578,0.58,0.576,0.58,9831,0
CAP,60,20240528,170000,0.58,0.584,0.578,0.584,5605,0
CAP,60,20240529,100000,0.578,0.578,0.578,0.578,2600,0
CAP,60,20240529,110000,0.576,0.576,0.57,0.574,6034,0
CAP,60,20240529,120000,0.574,0.574,0.574,0.574,3000,0
CAP,60,20240529,140000,0.574,0.576,0.566,0.566,6460,0
CAP,60,20240529,150000,0.564,0.564,0.562,0.564,16860,0
CAP,60,20240529,160000,0.574,0.574,0.574,0.574,10,0
CAP,60,20240529,170000,0.574,0.574,0.564,0.574,2020,0
CAP,60,20240531,100000,0.568,0.568,0.56,0.56,66944,0
CAP,60,20240531,110000,0.568,0.568,0.564,0.564,1366,0
CAP,60,20240531,120000,0.568,0.568,0.568,0.568,100,0
CAP,60,20240531,140000,0.566,0.574,0.566,0.574,16580,0
CAP,60,20240531,150000,0.574,0.574,0.57,0.57,7700,0
CAP,60,20240531,160000,0.57,0.57,0.564,0.564,10335,0
CAP,60,20240531,170000,0.562,0.566,0.556,0.566,39505,0
CAP,60,20240603,100000,0.568,0.574,0.554,0.56,72504,0
CAP,60,20240603,110000,0.56,0.56,0.558,0.558,8200,0
CAP,60,20240603,120000,0.558,0.566,0.558,0.566,25406,0
CAP,60,20240603,130000,0.564,0.564,0.56,0.56,7850,0
CAP,60,20240603,140000,0.56,0.56,0.56,0.56,1000,0
CAP,60,20240603,150000,0.56,0.564,0.56,0.564,2650,0
CAP,60,20240603,170000,0.558,0.566,0.554,0.566,22878,0
CAP,60,20240604,100000,0.57,0.57,0.56,0.564,35289,0
CAP,60,20240604,110000,0.56,0.56,0.556,0.556,11924,0
CAP,60,20240604,120000,0.562,0.562,0.558,0.558,12919,0
CAP,60,20240604,130000,0.558,0.558,0.558,0.558,1750,0
CAP,60,20240604,150000,0.562,0.564,0.562,0.562,3224,0
CAP,60,20240604,160000,0.564,0.564,0.556,0.558,20823,0
CAP,60,20240604,170000,0.564,0.564,0.564,0.564,8619,0
CAP,60,20240605,100000,0.566,0.57,0.566,0.57,35370,0
CAP,60,20240605,110000,0.568,0.568,0.562,0.564,2962,0
CAP,60,20240605,120000,0.568,0.568,0.564,0.564,14715,0
CAP,60,20240605,130000,0.568,0.568,0.568,0.568,500,0
CAP,60,20240605,140000,0.566,0.566,0.566,0.566,7820,0
CAP,60,20240605,150000,0.564,0.564,0.564,0.564,14609,0
CAP,60,20240605,160000,0.564,0.564,0.562,0.562,2028,0
CAP,60,20240605,170000,0.564,0.564,0.564,0.564,12001,0
CAP,60,20240606,100000,0.566,0.568,0.56,0.566,24340,0
CAP,60,20240606,140000,0.56,0.566,0.56,0.566,1975,0
CAP,60,20240606,150000,0.562,0.562,0.55,0.552,114455,0
CAP,60,20240606,160000,0.552,0.56,0.55,0.55,81931,0
CAP,60,20240606,170000,0.55,0.56,0.55,0.56,114346,0
CAP,60,20240607,100000,0.546,0.56,0.546,0.56,10010,0
CAP,60,20240607,110000,0.55,0.552,0.55,0.55,5062,0
CAP,60,20240607,120000,0.55,0.55,0.546,0.546,15351,0
CAP,60,20240607,130000,0.55,0.55,0.548,0.548,16130,0
CAP,60,20240607,140000,0.55,0.55,0.54,0.542,28902,0
CAP,60,20240607,150000,0.548,0.548,0.548,0.548,1000,0
CAP,60,20240607,160000,0.544,0.544,0.536,0.54,68654,0
CAP,60,20240607,170000,0.538,0.54,0.536,0.536,77273,0
CAP,60,20240610,100000,0.536,0.544,0.53,0.53,39780,0
CAP,60,20240610,110000,0.536,0.536,0.536,0.536,500,0
CAP,60,20240610,130000,0.53,0.536,0.53,0.536,2500,0
CAP,60,20240610,140000,0.532,0.532,0.53,0.53,20777,0
CAP,60,20240610,150000,0.53,0.53,0.528,0.528,8366,0
CAP,60,20240610,160000,0.524,0.534,0.522,0.534,2989,0
CAP,60,20240610,170000,0.534,0.534,0.534,0.534,1001,0
CAP,60,20240611,100000,0.534,0.536,0.534,0.536,8816,0
CAP,60,20240611,110000,0.538,0.54,0.53,0.54,40700,0
CAP,60,20240611,120000,0.54,0.54,0.54,0.54,900,0
CAP,60,20240611,140000,0.534,0.534,0.53,0.53,23334,0
CAP,60,20240611,150000,0.53,0.54,0.524,0.54,13666,0
CAP,60,20240611,160000,0.53,0.53,0.53,0.53,20000,0
CAP,60,20240611,170000,0.54,0.54,0.54,0.54,5010,0
CAP,60,20240612,100000,0.54,0.54,0.54,0.54,10896,0
CAP,60,20240612,130000,0.532,0.54,0.532,0.54,9500,0
CAP,60,20240612,150000,0.53,0.53,0.53,0.53,18500,0
CAP,60,20240612,160000,0.53,0.53,0.528,0.53,32800,0
CAP,60,20240612,170000,0.528,0.536,0.526,0.536,51010,0
CAP,60,20240613,100000,0.53,0.53,0.524,0.524,45000,0
CAP,60,20240613,110000,0.534,0.534,0.53,0.53,25078,0
CAP,60,20240613,120000,0.53,0.53,0.526,0.526,14934,0
CAP,60,20240613,130000,0.526,0.53,0.524,0.53,14700,0
CAP,60,20240613,150000,0.524,0.524,0.524,0.524,2200,0
CAP,60,20240613,160000,0.53,0.53,0.528,0.528,69296,0
CAP,60,20240613,170000,0.524,0.53,0.524,0.528,49915,0
CAP,60,20240614,100000,0.528,0.532,0.528,0.532,1488,0
CAP,60,20240614,110000,0.524,0.53,0.52,0.526,20725,0
CAP,60,20240614,120000,0.52,0.532,0.52,0.532,12340,0
CAP,60,20240614,130000,0.53,0.53,0.53,0.53,5510,0
CAP,60,20240614,140000,0.53,0.534,0.53,0.534,16543,0
CAP,60,20240614,150000,0.534,0.534,0.534,0.534,7060,0
CAP,60,20240614,160000,0.534,0.538,0.526,0.538,12211,0
CAP,60,20240614,170000,0.53,0.53,0.53,0.53,4000,0
CAP,60,20240617,100000,0.528,0.528,0.5,0.51,207181,0
CAP,60,20240617,110000,0.52,0.524,0.52,0.524,18111,0
CAP,60,20240617,120000,0.516,0.516,0.516,0.516,10000,0
CAP,60,20240617,130000,0.524,0.524,0.504,0.52,82978,0
CAP,60,20240617,140000,0.51,0.516,0.51,0.516,8600,0
CAP,60,20240617,150000,0.516,0.516,0.516,0.516,6000,0
CAP,60,20240617,160000,0.516,0.52,0.516,0.52,1532,0
CAP,60,20240617,170000,0.514,0.52,0.514,0.52,5010,0
CAP,60,20240618,100000,0.52,0.528,0.512,0.526,26900,0
CAP,60,20240618,110000,0.522,0.524,0.516,0.524,18860,0
CAP,60,20240618,120000,0.516,0.524,0.516,0.524,1800,0
CAP,60,20240618,130000,0.518,0.518,0.518,0.518,9682,0
CAP,60,20240618,150000,0.52,0.52,0.518,0.518,13418,0
CAP,60,20240618,160000,0.518,0.518,0.514,0.514,17833,0
CAP,60,20240618,170000,0.512,0.522,0.512,0.522,2800,0
CAP,60,20240619,100000,0.522,0.522,0.522,0.522,948,0
CAP,60,20240619,110000,0.512,0.512,0.51,0.512,7000,0
CAP,60,20240619,120000,0.518,0.518,0.506,0.516,34943,0
CAP,60,20240619,130000,0.508,0.516,0.504,0.516,15000,0
CAP,60,20240619,140000,0.514,0.516,0.51,0.516,35000,0
CAP,60,20240619,150000,0.512,0.518,0.512,0.518,790,0
CAP,60,20240619,160000,0.518,0.52,0.518,0.52,4600,0
CAP,60,20240619,170000,0.514,0.52,0.514,0.52,5250,0
CAP,60,20240620,100000,0.522,0.524,0.51,0.51,10575,0
CAP,60,20240620,110000,0.524,0.526,0.514,0.514,1275,0
CAP,60,20240620,120000,0.522,0.522,0.518,0.522,8700,0
CAP,60,20240620,130000,0.522,0.524,0.522,0.524,1350,0
CAP,60,20240620,160000,0.518,0.522,0.518,0.522,5700,0
CAP,60,20240620,170000,0.522,0.522,0.518,0.518,12806,0
CAP,60,20240621,110000,0.52,0.52,0.514,0.514,26349,0
CAP,60,20240621,120000,0.526,0.526,0.526,0.526,10,0
CAP,60,20240621,130000,0.52,0.52,0.514,0.52,7757,0
CAP,60,20240621,150000,0.52,0.526,0.52,0.526,4171,0
CAP,60,20240621,170000,0.526,0.526,0.526,0.526,13778,0
CAP,60,20240624,100000,0.532,0.532,0.52,0.52,18950,0
CAP,60,20240624,110000,0.52,0.532,0.514,0.52,36330,0
CAP,60,20240624,120000,0.53,0.532,0.522,0.53,10346,0
CAP,60,20240624,130000,0.528,0.528,0.528,0.528,6000,0
CAP,60,20240624,140000,0.528,0.53,0.528,0.53,6562,0
CAP,60,20240624,150000,0.532,0.544,0.532,0.54,66741,0
CAP,60,20240624,160000,0.538,0.542,0.538,0.538,27331,0
CAP,60,20240624,170000,0.542,0.548,0.538,0.548,36787,0
CAP,60,20240625,100000,0.548,0.556,0.548,0.556,17961,0
CAP,60,20240625,110000,0.554,0.578,0.554,0.574,141024,0
CAP,60,20240625,120000,0.572,0.584,0.56,0.568,558081,0
CAP,60,20240625,130000,0.568,0.57,0.564,0.568,18261,0
CAP,60,20240625,140000,0.564,0.568,0.564,0.568,7907,0
CAP,60,20240625,150000,0.562,0.566,0.554,0.56,34665,0
CAP,60,20240625,160000,0.56,0.564,0.56,0.564,5210,0
CAP,60,20240626,100000,0.566,0.568,0.558,0.568,11030,0
CAP,60,20240626,110000,0.558,0.564,0.55,0.55,30384,0
CAP,60,20240626,130000,0.546,0.546,0.54,0.54,33200,0
CAP,60,20240626,150000,0.546,0.548,0.54,0.54,7500,0
CAP,60,20240626,160000,0.544,0.544,0.544,0.544,3662,0
CAP,60,20240626,170000,0.548,0.548,0.548,0.548,1900,0
CAP,60,20240627,100000,0.55,0.552,0.55,0.55,2910,0
CAP,60,20240627,110000,0.55,0.55,0.55,0.55,690,0
CAP,60,20240627,120000,0.55,0.55,0.55,0.55,2500,0
CAP,60,20240627,130000,0.542,0.55,0.542,0.55,3500,0
CAP,60,20240627,150000,0.542,0.542,0.52,0.54,50015,0
CAP,60,20240627,170000,0.54,0.542,0.53,0.53,20032,0
CAP,60,20240628,100000,0.542,0.548,0.524,0.542,20851,0
CAP,60,20240628,110000,0.534,0.542,0.532,0.542,10002,0
CAP,60,20240628,130000,0.542,0.546,0.542,0.546,16993,0
CAP,60,20240628,140000,0.546,0.55,0.546,0.55,18110,0
CAP,60,20240628,150000,0.54,0.54,0.54,0.54,1070,0
CAP,60,20240628,160000,0.548,0.548,0.54,0.548,1006,0
CAP,60,20240701,100000,0.546,0.546,0.544,0.544,10100,0
CAP,60,20240701,110000,0.54,0.54,0.53,0.54,22706,0
CAP,60,20240701,130000,0.538,0.538,0.538,0.538,5000,0
CAP,60,20240701,140000,0.536,0.54,0.534,0.534,8501,0
CAP,60,20240701,150000,0.53,0.54,0.524,0.538,30261,0
CAP,60,20240701,160000,0.538,0.538,0.538,0.538,4632,0
CAP,60,20240701,170000,0.53,0.538,0.53,0.538,11438,0
CAP,60,20240702,100000,0.538,0.54,0.52,0.52,84394,0
CAP,60,20240702,110000,0.53,0.53,0.53,0.53,6550,0
CAP,60,20240702,120000,0.53,0.532,0.53,0.532,5970,0
CAP,60,20240702,130000,0.532,0.532,0.53,0.53,2600,0
CAP,60,20240702,140000,0.534,0.534,0.534,0.534,100,0
CAP,60,20240702,150000,0.53,0.534,0.528,0.534,6695,0
CAP,60,20240702,160000,0.53,0.53,0.52,0.53,80010,0
CAP,60,20240702,170000,0.522,0.53,0.522,0.53,1810,0
CAP,60,20240703,100000,0.526,0.528,0.52,0.522,47461,0
CAP,60,20240703,110000,0.526,0.53,0.526,0.53,32865,0
CAP,60,20240703,120000,0.532,0.534,0.532,0.534,15880,0
CAP,60,20240703,130000,0.536,0.536,0.534,0.534,4328,0
CAP,60,20240703,150000,0.534,0.536,0.534,0.536,5073,0
CAP,60,20240703,160000,0.532,0.534,0.53,0.534,5025,0
CAP,60,20240703,170000,0.534,0.548,0.526,0.54,38875,0
CAP,60,20240704,100000,0.54,0.54,0.532,0.532,35542,0
CAP,60,20240704,110000,0.532,0.542,0.53,0.542,41664,0
CAP,60,20240704,120000,0.542,0.544,0.542,0.544,1326,0
CAP,60,20240704,130000,0.54,0.54,0.538,0.538,1451,0
CAP,60,20240704,140000,0.534,0.534,0.534,0.534,29,0
CAP,60,20240704,150000,0.534,0.544,0.532,0.544,64939,0
CAP,60,20240704,160000,0.544,0.546,0.536,0.536,15284,0
CAP,60,20240704,170000,0.542,0.542,0.536,0.542,8145,0
CAP,60,20240705,100000,0.536,0.542,0.53,0.542,71000,0
CAP,60,20240705,110000,0.536,0.536,0.536,0.536,8000,0
CAP,60,20240705,120000,0.534,0.536,0.532,0.536,10473,0
CAP,60,20240705,130000,0.536,0.542,0.536,0.542,8255,0
CAP,60,20240705,160000,0.54,0.548,0.54,0.548,33604,0
CAP,60,20240705,170000,0.55,0.558,0.546,0.558,130030,0
CAP,60,20240708,100000,0.56,0.56,0.55,0.56,85530,0
CAP,60,20240708,110000,0.56,0.56,0.55,0.55,27422,0
CAP,60,20240708,120000,0.56,0.56,0.54,0.54,88950,0
CAP,60,20240708,130000,0.54,0.54,0.54,0.54,30,0
CAP,60,20240708,140000,0.55,0.55,0.55,0.55,2776,0
CAP,60,20240708,160000,0.54,0.54,0.54,0.54,5898,0
CAP,60,20240708,170000,0.55,0.55,0.55,0.55,100,0
CAP,60,20240709,100000,0.548,0.548,0.544,0.548,8569,0
CAP,60,20240709,110000,0.542,0.542,0.54,0.54,6920,0
CAP,60,20240709,120000,0.54,0.54,0.54,0.54,5917,0
CAP,60,20240709,130000,0.54,0.544,0.54,0.544,6583,0
CAP,60,20240709,160000,0.54,0.54,0.536,0.536,15789,0
CAP,60,20240709,170000,0.54,0.54,0.54,0.54,10,0
CAP,60,20240710,100000,0.532,0.54,0.532,0.54,1510,0
CAP,60,20240710,110000,0.54,0.542,0.54,0.542,10017,0
CAP,60,20240710,120000,0.542,0.546,0.54,0.544,14491,0
CAP,60,20240710,130000,0.532,0.532,0.532,0.532,1000,0
CAP,60,20240710,140000,0.542,0.55,0.54,0.55,30352,0
CAP,60,20240710,160000,0.546,0.546,0.546,0.546,1000,0
CAP,60,20240710,170000,0.546,0.546,0.546,0.546,1260,0
CAP,60,20240711,100000,0.54,0.55,0.536,0.546,4793,0
CAP,60,20240711,110000,0.546,0.546,0.534,0.546,10510,0
CAP,60,20240711,120000,0.538,0.538,0.53,0.534,47687,0
CAP,60,20240711,130000,0.53,0.53,0.528,0.528,17319,0
CAP,60,20240711,140000,0.53,0.534,0.52,0.53,83853,0
CAP,60,20240711,170000,0.53,0.53,0.53,0.53,5000,0
CAP,60,20240712,100000,0.53,0.53,0.524,0.528,41469,0
CAP,60,20240712,110000,0.534,0.534,0.534,0.534,15000,0
CAP,60,20240712,120000,0.53,0.53,0.53,0.53,1000,0
CAP,60,20240712,130000,0.534,0.538,0.52,0.53,66000,0
CAP,60,20240712,140000,0.53,0.53,0.53,0.53,500,0
CAP,60,20240712,150000,0.53,0.53,0.53,0.53,200,0
CAP,60,20240712,160000,0.53,0.53,0.52,0.53,6810,0
CAP,60,20240715,100000,0.53,0.53,0.522,0.53,6558,0
CAP,60,20240715,130000,0.53,0.53,0.522,0.522,9774,0
CAP,60,20240715,140000,0.53,0.538,0.52,0.526,201171,0
CAP,60,20240715,150000,0.52,0.522,0.514,0.522,25201,0
CAP,60,20240715,160000,0.522,0.524,0.522,0.524,2800,0
CAP,60,20240715,170000,0.516,0.524,0.516,0.524,12735,0
CAP,60,20240716,100000,0.524,0.526,0.5,0.5,94875,0
CAP,60,20240716,110000,0.51,0.51,0.502,0.51,39007,0
CAP,60,20240716,120000,0.51,0.51,0.506,0.506,13908,0
CAP,60,20240716,130000,0.51,0.51,0.51,0.51,8100,0
CAP,60,20240716,140000,0.51,0.51,0.5,0.5,72796,0
CAP,60,20240716,150000,0.504,0.504,0.504,0.504,9800,0
CAP,60,20240716,160000,0.504,0.508,0.5,0.504,48776,0
CAP,60,20240716,170000,0.504,0.504,0.504,0.504,8500,0
CAP,60,20240717,100000,0.504,0.504,0.494,0.494,18923,0
CAP,60,20240717,110000,0.504,0.508,0.494,0.506,10543,0
CAP,60,20240717,120000,0.506,0.508,0.506,0.508,2543,0
CAP,60,20240717,130000,0.508,0.508,0.508,0.508,800,0
CAP,60,20240717,140000,0.506,0.51,0.504,0.51,29161,0
CAP,60,20240717,150000,0.508,0.508,0.5,0.508,26431,0
CAP,60,20240717,160000,0.502,0.502,0.502,0.502,500,0
CAP,60,20240717,170000,0.508,0.508,0.5,0.5,15220,0
CAP,60,20240718,100000,0.51,0.51,0.496,0.51,20924,0
CAP,60,20240718,110000,0.508,0.514,0.506,0.506,50311,0
CAP,60,20240718,140000,0.504,0.506,0.504,0.506,12000,0
CAP,60,20240718,150000,0.506,0.506,0.504,0.504,20000,0
CAP,60,20240718,160000,0.504,0.506,0.498,0.5,41975,0
CAP,60,20240718,170000,0.506,0.508,0.506,0.506,17024,0
CAP,60,20240719,100000,0.506,0.508,0.506,0.508,10460,0
CAP,60,20240719,130000,0.502,0.506,0.5,0.506,11681,0
CAP,60,20240719,140000,0.5,0.506,0.5,0.506,19439,0
CAP,60,20240719,150000,0.506,0.508,0.506,0.508,8850,0
CAP,60,20240719,160000,0.508,0.508,0.508,0.508,3000,0
CAP,60,20240719,170000,0.508,0.508,0.508,0.508,5800,0
CAP,60,20240722,100000,0.514,0.514,0.51,0.51,2500,0
CAP,60,20240722,110000,0.502,0.506,0.492,0.506,28729,0
CAP,60,20240722,120000,0.494,0.494,0.49,0.49,17257,0
CAP,60,20240722,130000,0.506,0.506,0.504,0.504,2501,0
CAP,60,20240722,140000,0.504,0.506,0.504,0.504,4560,0
CAP,60,20240722,150000,0.504,0.506,0.5,0.5,34085,0
CAP,60,20240722,160000,0.5,0.5,0.5,0.5,1000,0
CAP,60,20240722,170000,0.5,0.506,0.5,0.506,16144,0
CAP,60,20240723,100000,0.496,0.504,0.496,0.504,10306,0
CAP,60,20240723,110000,0.5,0.5,0.498,0.498,3010,0
CAP,60,20240723,120000,0.5,0.5,0.498,0.498,2300,0
CAP,60,20240723,130000,0.5,0.504,0.496,0.496,1200,0
CAP,60,20240723,140000,0.504,0.504,0.496,0.496,10540,0
CAP,60,20240723,170000,0.504,0.504,0.504,0.504,10,0
CAP,60,20240724,100000,0.504,0.504,0.494,0.504,76493,0
CAP,60,20240724,110000,0.498,0.498,0.498,0.498,5000,0
CAP,60,20240724,120000,0.5,0.5,0.5,0.5,30000,0
CAP,60,20240724,130000,0.502,0.502,0.502,0.502,500,0
CAP,60,20240724,140000,0.502,0.502,0.502,0.502,1687,0
CAP,60,20240724,150000,0.504,0.504,0.504,0.504,500,0
CAP,60,20240724,170000,0.504,0.504,0.502,0.502,18964,0
CAP,60,20240725,100000,0.5,0.502,0.498,0.5,32400,0
CAP,60,20240725,120000,0.496,0.5,0.496,0.5,5970,0
CAP,60,20240725,130000,0.5,0.502,0.496,0.502,8390,0
CAP,60,20240725,150000,0.502,0.502,0.494,0.494,4000,0
CAP,60,20240725,160000,0.502,0.502,0.502,0.502,3000,0
CAP,60,20240726,100000,0.5,0.502,0.498,0.498,18750,0
CAP,60,20240726,110000,0.494,0.494,0.494,0.494,8100,0
CAP,60,20240726,130000,0.498,0.498,0.498,0.498,500,0
CAP,60,20240726,140000,0.498,0.498,0.494,0.498,8019,0
CAP,60,20240726,150000,0.496,0.498,0.492,0.492,9237,0
CAP,60,20240726,160000,0.498,0.498,0.498,0.498,500,0
CAP,60,20240726,170000,0.497,0.497,0.497,0.497,100,0
CAP,60,20240729,100000,0.497,0.499,0.492,0.499,38222,0
CAP,60,20240729,110000,0.5,0.522,0.5,0.52,98701,0
CAP,60,20240729,120000,0.518,0.518,0.518,0.518,716,0
CAP,60,20240729,140000,0.504,0.514,0.504,0.514,19644,0
CAP,60,20240729,150000,0.512,0.518,0.508,0.508,38130,0
CAP,60,20240729,160000,0.508,0.512,0.504,0.512,7470,0
CAP,60,20240729,170000,0.512,0.512,0.506,0.512,2210,0
CAP,60,20240730,100000,0.514,0.514,0.514,0.514,1000,0
CAP,60,20240730,110000,0.51,0.514,0.51,0.514,1510,0
CAP,60,20240730,120000,0.502,0.51,0.502,0.51,9001,0
CAP,60,20240730,130000,0.504,0.514,0.502,0.514,47605,0
CAP,60,20240730,140000,0.514,0.514,0.514,0.514,3241,0
CAP,60,20240730,150000,0.516,0.516,0.516,0.516,2646,0
CAP,60,20240730,160000,0.516,0.518,0.5,0.5,32010,0
CAP,60,20240730,170000,0.512,0.512,0.494,0.506,14243,0
CAP,60,20240731,100000,0.5,0.506,0.49,0.5,80277,0
CAP,60,20240731,110000,0.499,0.51,0.499,0.51,17560,0
CAP,60,20240731,120000,0.506,0.506,0.506,0.506,1093,0
CAP,60,20240731,130000,0.504,0.504,0.504,0.504,4200,0
CAP,60,20240731,140000,0.499,0.504,0.499,0.504,10980,0
CAP,60,20240731,150000,0.504,0.504,0.495,0.495,8915,0
CAP,60,20240731,170000,0.504,0.504,0.504,0.504,5,0
CAP,60,20240801,100000,0.5,0.508,0.5,0.504,8651,0
CAP,60,20240801,110000,0.508,0.508,0.496,0.496,10700,0
CAP,60,20240801,120000,0.498,0.506,0.496,0.506,11450,0
CAP,60,20240801,170000,0.498,0.506,0.497,0.506,10010,0
CAP,60,20240802,100000,0.497,0.506,0.496,0.506,11370,0
CAP,60,20240802,140000,0.504,0.504,0.504,0.504,17,0
CAP,60,20240802,170000,0.502,0.504,0.502,0.504,580,0
CAP,60,20240805,100000,0.49,0.498,0.472,0.48,128911,0
CAP,60,20240805,110000,0.48,0.48,0.461,0.461,45496,0
CAP,60,20240805,120000,0.47,0.473,0.469,0.469,114034,0
CAP,60,20240805,130000,0.469,0.473,0.468,0.473,112251,0
CAP,60,20240805,140000,0.47,0.473,0.468,0.473,47390,0
CAP,60,20240805,150000,0.472,0.472,0.467,0.47,21500,0
CAP,60,20240805,160000,0.47,0.472,0.47,0.472,11410,0
CAP,60,20240805,170000,0.472,0.473,0.472,0.473,17812,0
CAP,60,20240806,100000,0.492,0.492,0.482,0.49,6400,0
CAP,60,20240806,110000,0.488,0.488,0.48,0.48,14393,0
CAP,60,20240806,120000,0.481,0.481,0.48,0.48,1075,0
CAP,60,20240806,130000,0.474,0.48,0.472,0.48,4900,0
CAP,60,20240806,140000,0.479,0.479,0.474,0.474,10100,0
CAP,60,20240806,150000,0.477,0.477,0.475,0.475,6500,0
CAP,60,20240806,170000,0.473,0.475,0.473,0.475,8352,0
CAP,60,20240807,100000,0.48,0.48,0.474,0.475,4347,0
CAP,60,20240807,110000,0.472,0.472,0.472,0.472,5604,0
CAP,60,20240807,120000,0.472,0.48,0.472,0.48,382,0
CAP,60,20240807,130000,0.48,0.48,0.47,0.48,33154,0
CAP,60,20240807,140000,0.472,0.476,0.47,0.474,13946,0
CAP,60,20240807,150000,0.474,0.474,0.472,0.472,7400,0
CAP,60,20240807,160000,0.474,0.475,0.474,0.475,8449,0
CAP,60,20240807,170000,0.472,0.474,0.47,0.47,40849,0
CAP,60,20240808,100000,0.482,0.482,0.47,0.481,6310,0
CAP,60,20240808,110000,0.48,0.482,0.48,0.482,10300,0
CAP,60,20240808,130000,0.475,0.482,0.471,0.482,14930,0
CAP,60,20240808,140000,0.478,0.481,0.461,0.481,10250,0
CAP,60,20240808,150000,0.476,0.481,0.47,0.48,3210,0
CAP,60,20240808,160000,0.48,0.48,0.48,0.48,1000,0
CAP,60,20240808,170000,0.472,0.48,0.45,0.47,103768,0
CAP,60,20240809,100000,0.47,0.478,0.46,0.478,11964,0
CAP,60,20240809,120000,0.46,0.474,0.451,0.474,91734,0
CAP,60,20240809,130000,0.46,0.46,0.46,0.46,2150,0
CAP,60,20240809,140000,0.466,0.468,0.466,0.468,27469,0
CAP,60,20240809,150000,0.46,0.468,0.46,0.468,2510,0
CAP,60,20240809,170000,0.458,0.468,0.458,0.466,12068,0
CAP,60,20240812,100000,0.463,0.463,0.46,0.462,22754,0
CAP,60,20240812,110000,0.46,0.46,0.46,0.46,3643,0
CAP,60,20240812,120000,0.46,0.46,0.46,0.46,8663,0
CAP,60,20240812,130000,0.46,0.46,0.46,0.46,19464,0
CAP,60,20240812,140000,0.458,0.46,0.458,0.46,12112,0
CAP,60,20240812,150000,0.46,0.46,0.456,0.46,6270,0
CAP,60,20240812,160000,0.457,0.457,0.456,0.457,37660,0
CAP,60,20240812,170000,0.458,0.458,0.458,0.458,18949,0
CAP,60,20240813,100000,0.458,0.466,0.458,0.466,25078,0
CAP,60,20240813,110000,0.462,0.462,0.462,0.462,250,0
CAP,60,20240813,120000,0.46,0.46,0.46,0.46,6755,0
CAP,60,20240813,140000,0.462,0.465,0.45,0.45,153339,0
CAP,60,20240813,150000,0.45,0.45,0.445,0.45,98702,0
CAP,60,20240813,160000,0.45,0.45,0.45,0.45,5400,0
CAP,60,20240813,170000,0.45,0.45,0.45,0.45,14217,0
CAP,60,20240814,100000,0.459,0.459,0.455,0.455,450,0
CAP,60,20240814,110000,0.455,0.455,0.448,0.45,11310,0
CAP,60,20240814,120000,0.451,0.455,0.448,0.455,11476,0
CAP,60,20240814,130000,0.455,0.456,0.45,0.45,16191,0
CAP,60,20240814,140000,0.448,0.45,0.448,0.45,29105,0
CAP,60,20240814,150000,0.45,0.45,0.45,0.45,10000,0
CAP,60,20240814,160000,0.45,0.45,0.444,0.448,25710,0
CAP,60,20240814,170000,0.448,0.448,0.448,0.448,7200,0
CAP,60,20240816,100000,0.448,0.457,0.448,0.454,57875,0
CAP,60,20240816,110000,0.45,0.453,0.448,0.452,12205,0
CAP,60,20240816,130000,0.452,0.452,0.452,0.452,3784,0
CAP,60,20240816,140000,0.448,0.448,0.446,0.446,4800,0
CAP,60,20240816,150000,0.452,0.452,0.446,0.45,16686,0
CAP,60,20240816,160000,0.452,0.452,0.452,0.452,1000,0
CAP,60,20240816,170000,0.452,0.452,0.446,0.446,23563,0
CAP,60,20240819,100000,0.45,0.457,0.445,0.457,24800,0
CAP,60,20240819,110000,0.457,0.459,0.45,0.45,19900,0
CAP,60,20240819,120000,0.45,0.45,0.45,0.45,9250,0
CAP,60,20240819,130000,0.45,0.45,0.45,0.45,4000,0
CAP,60,20240819,140000,0.45,0.45,0.45,0.45,500,0
CAP,60,20240819,150000,0.448,0.448,0.447,0.447,11980,0
CAP,60,20240819,160000,0.45,0.45,0.45,0.45,2810,0
CAP,60,20240820,100000,0.446,0.459,0.446,0.457,40629,0
CAP,60,20240820,110000,0.457,0.458,0.457,0.458,1600,0
CAP,60,20240820,120000,0.45,0.45,0.45,0.45,3250,0
CAP,60,20240820,140000,0.46,0.46,0.46,0.46,8603,0
CAP,60,20240820,150000,0.46,0.46,0.46,0.46,10000,0
CAP,60,20240820,160000,0.457,0.457,0.457,0.457,2500,0
CAP,60,20240820,170000,0.457,0.457,0.457,0.457,100,0
CAP,60,20240821,100000,0.457,0.458,0.45,0.45,71022,0
CAP,60,20240821,110000,0.45,0.45,0.45,0.45,13836,0
CAP,60,20240821,120000,0.45,0.45,0.448,0.448,7500,0
CAP,60,20240821,130000,0.45,0.45,0.45,0.45,140,0
CAP,60,20240821,140000,0.45,0.45,0.45,0.45,20000,0
CAP,60,20240821,150000,0.45,0.45,0.449,0.45,29260,0
CAP,60,20240821,160000,0.449,0.45,0.449,0.45,18001,0
CAP,60,20240821,170000,0.449,0.449,0.448,0.448,7100,0
CAP,60,20240822,100000,0.451,0.451,0.449,0.451,905,0
CAP,60,20240822,110000,0.45,0.451,0.45,0.451,4505,0
CAP,60,20240822,120000,0.451,0.451,0.451,0.451,5152,0
CAP,60,20240822,130000,0.449,0.449,0.448,0.448,6352,0
CAP,60,20240822,140000,0.448,0.448,0.448,0.448,9977,0
CAP,60,20240822,160000,0.448,0.448,0.448,0.448,6265,0
CAP,60,20240822,170000,0.448,0.45,0.442,0.45,63250,0
CAP,60,20240823,100000,0.451,0.451,0.45,0.45,11684,0
CAP,60,20240823,110000,0.449,0.45,0.449,0.45,16579,0
CAP,60,20240823,120000,0.451,0.451,0.45,0.45,18087,0
CAP,60,20240823,130000,0.446,0.446,0.446,0.446,95,0
CAP,60,20240823,140000,0.446,0.446,0.446,0.446,700,0
CAP,60,20240823,150000,0.45,0.451,0.45,0.451,2500,0
CAP,60,20240823,160000,0.45,0.456,0.446,0.456,32360,0
CAP,60,20240823,170000,0.455,0.457,0.455,0.457,43000,0
CAP,60,20240826,100000,0.452,0.458,0.452,0.458,22416,0
CAP,60,20240826,110000,0.452,0.452,0.45,0.45,42084,0
CAP,60,20240826,120000,0.45,0.45,0.45,0.45,24629,0
CAP,60,20240826,130000,0.45,0.45,0.45,0.45,9836,0
CAP,60,20240826,140000,0.449,0.449,0.449,0.449,4000,0
CAP,60,20240826,150000,0.449,0.45,0.447,0.447,56639,0
CAP,60,20240826,160000,0.45,0.45,0.45,0.45,1081,0
CAP,60,20240826,170000,0.45,0.45,0.45,0.45,200,0
CAP,60,20240827,100000,0.456,0.456,0.455,0.455,2823,0
CAP,60,20240827,110000,0.455,0.455,0.455,0.455,1100,0
CAP,60,20240827,130000,0.455,0.455,0.447,0.455,862,0
CAP,60,20240827,140000,0.447,0.447,0.445,0.445,8297,0
CAP,60,20240827,150000,0.445,0.456,0.445,0.456,3899,0
CAP,60,20240827,160000,0.447,0.455,0.447,0.455,20010,0
CAP,60,20240827,170000,0.455,0.455,0.455,0.455,3092,0
CAP,60,20240828,100000,0.455,0.46,0.452,0.452,33170,0
CAP,60,20240828,110000,0.46,0.46,0.46,0.46,5655,0
CAP,60,20240828,130000,0.452,0.452,0.452,0.452,351,0
CAP,60,20240828,140000,0.46,0.462,0.46,0.462,20000,0
CAP,60,20240828,150000,0.462,0.486,0.46,0.484,86248,0
CAP,60,20240828,160000,0.479,0.48,0.46,0.479,32297,0
CAP,60,20240828,170000,0.476,0.477,0.47,0.47,27627,0
CAP,60,20240829,100000,0.477,0.49,0.472,0.485,60779,0
CAP,60,20240829,110000,0.485,0.49,0.477,0.48,43252,0
CAP,60,20240829,120000,0.489,0.489,0.48,0.48,19412,0
CAP,60,20240829,130000,0.48,0.489,0.475,0.489,12963,0
CAP,60,20240829,140000,0.477,0.488,0.476,0.488,6325,0
CAP,60,20240829,150000,0.487,0.488,0.476,0.476,14465,0
CAP,60,20240829,160000,0.484,0.488,0.48,0.488,15198,0
CAP,60,20240829,170000,0.482,0.49,0.482,0.49,15873,0
CAP,60,20240830,100000,0.499,0.516,0.499,0.514,152781,0
CAP,60,20240830,110000,0.514,0.516,0.504,0.51,48777,0
CAP,60,20240830,120000,0.516,0.544,0.516,0.536,212290,0
CAP,60,20240830,130000,0.536,0.546,0.53,0.546,139985,0
CAP,60,20240830,140000,0.546,0.546,0.538,0.538,24391,0
CAP,60,20240830,150000,0.536,0.536,0.52,0.536,60286,0
CAP,60,20240830,160000,0.536,0.536,0.536,0.536,3110,0
CAP,60,20240830,170000,0.528,0.54,0.526,0.538,16333,0
CAP,60,20240902,100000,0.538,0.54,0.504,0.54,147509,0
CAP,60,20240902,110000,0.538,0.54,0.528,0.54,23680,0
CAP,60,20240902,130000,0.528,0.54,0.528,0.54,39055,0
CAP,60,20240902,140000,0.54,0.54,0.528,0.528,33430,0
CAP,60,20240902,150000,0.528,0.536,0.528,0.528,22490,0
CAP,60,20240902,160000,0.534,0.54,0.53,0.538,23558,0
CAP,60,20240902,170000,0.538,0.54,0.538,0.54,11607,0
CAP,60,20240903,100000,0.532,0.532,0.53,0.53,6594,0
CAP,60,20240903,110000,0.538,0.538,0.528,0.53,19520,0
CAP,60,20240903,120000,0.528,0.53,0.526,0.526,47284,0
CAP,60,20240903,130000,0.528,0.53,0.526,0.528,37200,0
CAP,60,20240903,140000,0.534,0.534,0.534,0.534,13,0
CAP,60,20240903,150000,0.532,0.532,0.53,0.53,6000,0
CAP,60,20240903,160000,0.53,0.532,0.518,0.518,37909,0
CAP,60,20240903,170000,0.52,0.528,0.516,0.528,9928,0
CAP,60,20240904,100000,0.52,0.528,0.5,0.504,72858,0
CAP,60,20240904,110000,0.506,0.51,0.502,0.51,45600,0
CAP,60,20240904,120000,0.502,0.512,0.502,0.512,6000,0
CAP,60,20240904,130000,0.51,0.512,0.51,0.512,3108,0
CAP,60,20240904,140000,0.504,0.512,0.504,0.512,3882,0
CAP,60,20240904,150000,0.512,0.53,0.51,0.51,40319,0
CAP,60,20240904,160000,0.508,0.526,0.508,0.526,210,0
CAP,60,20240904,170000,0.504,0.52,0.504,0.52,3121,0
CAP,60,20240905,100000,0.52,0.53,0.506,0.528,28300,0
CAP,60,20240905,110000,0.528,0.53,0.528,0.53,3000,0
CAP,60,20240905,120000,0.528,0.528,0.528,0.528,3317,0
CAP,60,20240905,140000,0.528,0.53,0.526,0.526,299447,0
CAP,60,20240905,150000,0.526,0.526,0.518,0.518,83294,0
CAP,60,20240905,160000,0.52,0.52,0.51,0.514,62571,0
CAP,60,20240905,170000,0.52,0.52,0.52,0.52,200,0
CAP,60,20240906,100000,0.52,0.52,0.504,0.516,25014,0
CAP,60,20240906,110000,0.508,0.516,0.506,0.512,13897,0
CAP,60,20240906,130000,0.512,0.512,0.508,0.508,5000,0
CAP,60,20240906,140000,0.514,0.514,0.514,0.514,10,0
CAP,60,20240906,150000,0.506,0.514,0.504,0.514,26627,0
CAP,60,20240906,170000,0.516,0.524,0.508,0.524,13025,0
CAP,60,20240909,100000,0.518,0.524,0.506,0.506,21671,0
CAP,60,20240909,110000,0.508,0.518,0.508,0.508,20010,0
CAP,60,20240909,120000,0.506,0.514,0.482,0.482,86166,0
CAP,60,20240909,130000,0.49,0.514,0.49,0.514,21210,0
CAP,60,20240909,150000,0.512,0.512,0.506,0.506,1900,0
CAP,60,20240909,160000,0.5,0.51,0.5,0.51,6608,0
CAP,60,20240909,170000,0.51,0.51,0.51,0.51,1010,0
CAP,60,20240910,110000,0.5,0.51,0.5,0.51,5700,0
CAP,60,20240910,120000,0.5,0.51,0.492,0.492,8871,0
CAP,60,20240910,130000,0.496,0.496,0.494,0.494,10330,0
CAP,60,20240910,140000,0.494,0.494,0.492,0.492,2000,0
CAP,60,20240910,150000,0.5,0.508,0.5,0.508,600,0
CAP,60,20240910,170000,0.492,0.506,0.492,0.506,7360,0
CAP,60,20240911,100000,0.506,0.508,0.492,0.508,6246,0
CAP,60,20240911,110000,0.493,0.493,0.493,0.493,15559,0
CAP,60,20240911,120000,0.506,0.506,0.506,0.506,1000,0
CAP,60,20240911,140000,0.504,0.504,0.504,0.504,3000,0
CAP,60,20240911,160000,0.504,0.506,0.504,0.506,6985,0
CAP,60,20240911,170000,0.494,0.498,0.49,0.498,22710,0
CAP,60,20240912,100000,0.498,0.504,0.498,0.504,4815,0
CAP,60,20240912,110000,0.504,0.51,0.504,0.51,12700,0
CAP,60,20240912,130000,0.508,0.508,0.49,0.49,10165,0
CAP,60,20240912,140000,0.492,0.508,0.492,0.508,29588,0
CAP,60,20240912,150000,0.5,0.5,0.5,0.5,3000,0
CAP,60,20240912,160000,0.5,0.508,0.499,0.508,6005,0
CAP,60,20240912,170000,0.502,0.512,0.5,0.512,24560,0
CAP,60,20240913,100000,0.514,0.514,0.504,0.514,14560,0
CAP,60,20240913,110000,0.51,0.51,0.51,0.51,5501,0
CAP,60,20240913,120000,0.51,0.51,0.506,0.506,12599,0
CAP,60,20240913,130000,0.504,0.504,0.5,0.5,16665,0
CAP,60,20240913,140000,0.502,0.51,0.502,0.51,22416,0
CAP,60,20240913,150000,0.51,0.514,0.51,0.514,2400,0
CAP,60,20240916,100000,0.512,0.512,0.502,0.512,1175,0
CAP,60,20240916,110000,0.512,0.512,0.512,0.512,1603,0
CAP,60,20240916,130000,0.512,0.514,0.512,0.514,4102,0
CAP,60,20240916,140000,0.514,0.514,0.514,0.514,1398,0
CAP,60,20240916,170000,0.514,0.518,0.504,0.516,9360,0
CAP,60,20240917,100000,0.518,0.518,0.5,0.518,25020,0
CAP,60,20240917,120000,0.502,0.502,0.493,0.5,28588,0
CAP,60,20240917,130000,0.51,0.51,0.5,0.5,2410,0
CAP,60,20240917,140000,0.508,0.518,0.508,0.518,21510,0
CAP,60,20240917,150000,0.516,0.518,0.512,0.512,18128,0
CAP,60,20240917,160000,0.506,0.506,0.5,0.5,25000,0
CAP,60,20240917,170000,0.508,0.514,0.508,0.514,3285,0
CAP,60,20240918,100000,0.504,0.512,0.504,0.512,510,0
CAP,60,20240918,120000,0.504,0.504,0.502,0.502,4170,0
CAP,60,20240918,130000,0.504,0.512,0.504,0.512,2271,0
CAP,60,20240918,140000,0.506,0.506,0.5,0.5,50378,0
CAP,60,20240918,160000,0.5,0.5,0.5,0.5,14757,0
CAP,60,20240918,170000,0.5,0.5,0.495,0.5,22710,0
CAP,60,20240919,100000,0.5,0.5,0.495,0.5,14118,0
CAP,60,20240919,110000,0.5,0.5,0.496,0.496,4200,0
CAP,60,20240919,120000,0.506,0.506,0.495,0.506,4208,0
CAP,60,20240919,150000,0.495,0.495,0.487,0.487,24175,0
CAP,60,20240919,160000,0.492,0.492,0.492,0.492,447,0
CAP,60,20240919,170000,0.49,0.494,0.488,0.494,6710,0
CAP,60,20240920,100000,0.495,0.495,0.494,0.494,4700,0
CAP,60,20240920,110000,0.494,0.497,0.494,0.497,2000,0
CAP,60,20240920,130000,0.497,0.499,0.497,0.499,2200,0
CAP,60,20240920,140000,0.498,0.498,0.498,0.498,5000,0
CAP,60,20240920,150000,0.499,0.5,0.499,0.5,3630,0
CAP,60,20240920,160000,0.496,0.5,0.495,0.5,12710,0
CAP,60,20240920,170000,0.495,0.5,0.495,0.5,3010,0
CAP,60,20240923,100000,0.494,0.5,0.494,0.5,3065,0
CAP,60,20240923,110000,0.498,0.498,0.494,0.494,3645,0
CAP,60,20240923,120000,0.494,0.494,0.494,0.494,4000,0
CAP,60,20240923,140000,0.497,0.497,0.497,0.497,9000,0
CAP,60,20240923,150000,0.497,0.5,0.497,0.5,177,0
CAP,60,20240923,160000,0.497,0.497,0.497,0.497,833,0
CAP,60,20240923,170000,0.5,0.5,0.5,0.5,10,0
CAP,60,20240924,100000,0.5,0.506,0.491,0.5,80414,0
CAP,60,20240924,110000,0.496,0.5,0.49,0.5,5010,0
CAP,60,20240924,120000,0.492,0.492,0.48,0.48,48685,0
CAP,60,20240924,130000,0.499,0.499,0.482,0.498,2900,0
CAP,60,20240924,140000,0.484,0.484,0.48,0.48,13583,0
CAP,60,20240924,150000,0.494,0.494,0.48,0.49,18044,0
CAP,60,20240924,160000,0.48,0.489,0.48,0.489,51038,0
CAP,60,20240924,170000,0.487,0.488,0.464,0.47,21244,0
CAP,60,20240925,100000,0.485,0.488,0.478,0.48,14452,0
CAP,60,20240925,110000,0.484,0.484,0.476,0.484,6147,0
CAP,60,20240925,130000,0.484,0.484,0.48,0.48,2014,0
CAP,60,20240925,140000,0.478,0.48,0.477,0.48,23761,0
CAP,60,20240925,150000,0.484,0.487,0.482,0.487,29373,0
CAP,60,20240925,160000,0.48,0.485,0.477,0.485,9810,0
CAP,60,20240925,170000,0.484,0.486,0.479,0.486,7500,0
CAP,60,20240926,100000,0.486,0.486,0.481,0.486,6720,0
CAP,60,20240926,110000,0.48,0.485,0.478,0.482,21317,0
CAP,60,20240926,120000,0.478,0.482,0.46,0.474,61378,0
CAP,60,20240926,130000,0.474,0.474,0.474,0.474,7200,0
CAP,60,20240926,140000,0.47,0.47,0.47,0.47,5150,0
CAP,60,20240926,150000,0.47,0.478,0.47,0.478,2413,0
CAP,60,20240926,160000,0.474,0.474,0.467,0.467,17697,0
CAP,60,20240926,170000,0.467,0.477,0.464,0.477,11005,0
CAP,60,20240927,100000,0.465,0.475,0.464,0.475,6009,0
CAP,60,20240927,110000,0.474,0.477,0.474,0.477,4700,0
CAP,60,20240927,120000,0.477,0.48,0.47,0.48,108218,0
CAP,60,20240927,130000,0.472,0.48,0.471,0.48,15000,0
CAP,60,20240927,140000,0.484,0.484,0.463,0.463,53000,0
CAP,60,20240927,150000,0.484,0.484,0.479,0.48,23192,0
CAP,60,20240927,160000,0.47,0.47,0.467,0.467,18506,0
CAP,60,20240927,170000,0.479,0.479,0.479,0.479,1500,0
CAP,60,20240930,100000,0.479,0.48,0.471,0.478,39223,0
CAP,60,20240930,110000,0.478,0.483,0.478,0.483,15988,0
CAP,60,20240930,120000,0.483,0.483,0.48,0.48,10041,0
CAP,60,20240930,130000,0.473,0.473,0.47,0.47,14000,0
CAP,60,20240930,140000,0.472,0.472,0.47,0.47,6446,0
CAP,60,20240930,150000,0.478,0.478,0.478,0.478,1111,0
CAP,60,20240930,160000,0.48,0.48,0.48,0.48,5000,0
CAP,60,20241001,100000,0.478,0.479,0.471,0.479,4110,0
CAP,60,20241001,130000,0.473,0.478,0.473,0.478,14700,0
CAP,60,20241001,150000,0.474,0.474,0.474,0.474,4600,0
CAP,60,20241001,160000,0.474,0.474,0.474,0.474,2000,0
CAP,60,20241001,170000,0.479,0.479,0.479,0.479,220,0
CAP,60,20241002,110000,0.468,0.479,0.468,0.479,5210,0
CAP,60,20241002,120000,0.47,0.47,0.468,0.468,4000,0
CAP,60,20241002,130000,0.477,0.478,0.477,0.478,4000,0
CAP,60,20241002,140000,0.478,0.478,0.478,0.478,11890,0
CAP,60,20241002,160000,0.478,0.478,0.478,0.478,3960,0
CAP,60,20241002,170000,0.479,0.48,0.472,0.478,3880,0
CAP,60,20241003,100000,0.48,0.48,0.48,0.48,9377,0
CAP,60,20241003,110000,0.478,0.478,0.472,0.472,17800,0
CAP,60,20241003,120000,0.472,0.478,0.47,0.478,15953,0
CAP,60,20241003,130000,0.472,0.478,0.472,0.478,10155,0
CAP,60,20241003,140000,0.472,0.472,0.472,0.472,6600,0
CAP,60,20241003,150000,0.472,0.472,0.472,0.472,5000,0
CAP,60,20241003,160000,0.479,0.479,0.479,0.479,10,0
CAP,60,20241003,170000,0.479,0.479,0.475,0.479,3090,0
CAP,60,20241004,100000,0.472,0.48,0.472,0.48,11010,0
CAP,60,20241004,110000,0.478,0.478,0.478,0.478,2000,0
CAP,60,20241004,140000,0.478,0.478,0.473,0.473,6500,0
CAP,60,20241004,150000,0.48,0.48,0.48,0.48,10,0
CAP,60,20241004,170000,0.472,0.479,0.47,0.479,10360,0
CAP,60,20241007,100000,0.467,0.479,0.467,0.479,5207,0
CAP,60,20241007,110000,0.469,0.478,0.469,0.478,1510,0
CAP,60,20241007,120000,0.469,0.469,0.467,0.468,16829,0
CAP,60,20241007,130000,0.478,0.478,0.478,0.478,2276,0
CAP,60,20241007,140000,0.467,0.467,0.467,0.467,1000,0
CAP,60,20241007,150000,0.467,0.467,0.465,0.465,8818,0
CAP,60,20241007,160000,0.47,0.47,0.464,0.464,24890,0
CAP,60,20241007,170000,0.464,0.47,0.464,0.47,15110,0
CAP,60,20241008,100000,0.47,0.479,0.47,0.47,17290,0
CAP,60,20241008,120000,0.47,0.475,0.463,0.475,11060,0
CAP,60,20241008,140000,0.464,0.464,0.464,0.464,900,0
CAP,60,20241008,150000,0.474,0.48,0.469,0.469,24701,0
CAP,60,20241008,160000,0.479,0.48,0.465,0.479,22310,0
CAP,60,20241008,170000,0.47,0.477,0.465,0.477,9620,0
CAP,60,20241009,100000,0.464,0.477,0.462,0.475,21220,0
CAP,60,20241009,120000,0.474,0.474,0.474,0.474,1000,0
CAP,60,20241009,140000,0.474,0.474,0.474,0.474,2300,0
CAP,60,20241009,160000,0.475,0.475,0.475,0.475,7600,0
CAP,60,20241009,170000,0.475,0.479,0.475,0.479,8437,0
CAP,60,20241010,100000,0.478,0.478,0.465,0.478,35752,0
CAP,60,20241010,120000,0.476,0.476,0.476,0.476,9000,0
CAP,60,20241010,130000,0.47,0.475,0.465,0.475,22600,0
CAP,60,20241010,150000,0.473,0.475,0.473,0.475,4000,0
CAP,60,20241010,160000,0.466,0.466,0.46,0.46,79303,0
CAP,60,20241010,170000,0.46,0.46,0.46,0.46,19520,0
CAP,60,20241011,100000,0.459,0.46,0.458,0.46,16000,0
CAP,60,20241011,110000,0.46,0.46,0.457,0.46,6406,0
CAP,60,20241011,120000,0.46,0.46,0.46,0.46,7500,0
CAP,60,20241011,130000,0.458,0.46,0.457,0.46,26547,0
CAP,60,20241011,140000,0.457,0.457,0.45,0.452,37000,0
CAP,60,20241011,150000,0.452,0.46,0.45,0.46,25010,0
CAP,60,20241014,100000,0.46,0.467,0.46,0.467,10350,0
CAP,60,20241014,110000,0.453,0.46,0.453,0.46,13054,0
CAP,60,20241014,120000,0.458,0.46,0.458,0.46,3736,0
CAP,60,20241014,130000,0.46,0.46,0.458,0.458,4183,0
CAP,60,20241014,140000,0.456,0.456,0.455,0.455,8000,0
CAP,60,20241014,160000,0.46,0.46,0.457,0.46,22060,0
CAP,60,20241015,100000,0.46,0.46,0.459,0.46,20000,0
CAP,60,20241015,110000,0.46,0.467,0.46,0.467,43822,0
CAP,60,20241015,120000,0.467,0.472,0.467,0.472,22200,0
CAP,60,20241015,130000,0.459,0.472,0.459,0.47,36501,0
CAP,60,20241015,140000,0.47,0.483,0.47,0.48,970081,0
CAP,60,20241015,150000,0.485,0.5,0.48,0.49,102396,0
CAP,60,20241015,160000,0.49,0.5,0.49,0.49,48502,0
CAP,60,20241015,170000,0.498,0.5,0.498,0.499,91030,0
CAP,60,20241016,100000,0.495,0.5,0.49,0.494,56095,0
CAP,60,20241016,110000,0.494,0.499,0.494,0.499,9427,0
CAP,60,20241016,120000,0.492,0.492,0.49,0.49,18775,0
CAP,60,20241016,130000,0.486,0.486,0.481,0.481,24163,0
CAP,60,20241016,140000,0.488,0.488,0.477,0.477,34397,0
CAP,60,20241016,150000,0.488,0.489,0.46,0.466,255908,0
CAP,60,20241016,160000,0.47,0.47,0.466,0.47,40102,0
CAP,60,20241016,170000,0.47,0.47,0.466,0.47,36589,0
CAP,60,20241017,100000,0.461,0.469,0.461,0.461,40501,0
CAP,60,20241017,110000,0.46,0.466,0.45,0.464,185507,0
CAP,60,20241017,120000,0.452,0.453,0.452,0.453,2150,0
CAP,60,20241017,130000,0.456,0.46,0.454,0.46,2911,0
CAP,60,20241017,140000,0.464,0.466,0.46,0.466,22789,0
CAP,60,20241017,150000,0.456,0.462,0.456,0.462,2510,0
CAP,60,20241017,160000,0.456,0.456,0.455,0.456,69535,0
CAP,60,20241017,170000,0.457,0.46,0.454,0.46,25888,0
CAP,60,20241018,100000,0.465,0.465,0.454,0.464,7110,0
CAP,60,20241018,110000,0.464,0.464,0.464,0.464,2000,0
CAP,60,20241018,120000,0.464,0.466,0.457,0.457,38831,0
CAP,60,20241018,130000,0.467,0.467,0.46,0.46,16580,0
CAP,60,20241018,150000,0.46,0.46,0.46,0.46,80,0
CAP,60,20241018,160000,0.46,0.46,0.46,0.46,2000,0
CAP,60,20241018,170000,0.46,0.468,0.459,0.468,27915,0
CAP,60,20241021,100000,0.46,0.469,0.46,0.46,14010,0
CAP,60,20241021,110000,0.466,0.466,0.466,0.466,90,0
CAP,60,20241021,120000,0.46,0.46,0.46,0.46,4390,0
CAP,60,20241021,130000,0.46,0.468,0.46,0.468,10526,0
CAP,60,20241021,150000,0.46,0.46,0.46,0.46,9000,0
CAP,60,20241021,160000,0.46,0.46,0.46,0.46,590,0
CAP,60,20241021,170000,0.464,0.466,0.464,0.466,20537,0
CAP,60,20241022,100000,0.466,0.467,0.46,0.461,14173,0
CAP,60,20241022,110000,0.461,0.467,0.461,0.467,37000,0
CAP,60,20241022,140000,0.467,0.47,0.467,0.47,25500,0
CAP,60,20241022,150000,0.464,0.464,0.464,0.464,1360,0
CAP,60,20241022,160000,0.464,0.464,0.464,0.464,3620,0
CAP,60,20241022,170000,0.464,0.469,0.464,0.469,6266,0
CAP,60,20241023,100000,0.47,0.47,0.464,0.464,20663,0
CAP,60,20241023,110000,0.469,0.469,0.463,0.463,1062,0
CAP,60,20241023,120000,0.468,0.468,0.46,0.46,35178,0
CAP,60,20241023,130000,0.46,0.461,0.46,0.461,3500,0
CAP,60,20241023,140000,0.461,0.461,0.46,0.46,5174,0
CAP,60,20241023,150000,0.466,0.466,0.461,0.461,10369,0
CAP,60,20241023,160000,0.461,0.461,0.455,0.455,7639,0
CAP,60,20241023,170000,0.459,0.467,0.459,0.467,1823,0
CAP,60,20241024,100000,0.466,0.467,0.466,0.467,11000,0
CAP,60,20241024,110000,0.467,0.47,0.461,0.461,60010,0
CAP,60,20241024,120000,0.465,0.465,0.465,0.465,2307,0
CAP,60,20241024,140000,0.465,0.465,0.465,0.465,160,0
CAP,60,20241024,150000,0.468,0.468,0.468,0.468,10,0
CAP,60,20241024,160000,0.462,0.467,0.462,0.462,1602,0
CAP,60,20241024,170000,0.462,0.466,0.46,0.464,13223,0
CAP,60,20241025,100000,0.464,0.464,0.46,0.46,2002,0
CAP,60,20241025,110000,0.458,0.458,0.456,0.456,7785,0
CAP,60,20241025,120000,0.462,0.464,0.462,0.464,110,0
CAP,60,20241025,130000,0.456,0.456,0.456,0.456,4675,0
CAP,60,20241025,140000,0.462,0.462,0.458,0.458,5332,0
CAP,60,20241025,150000,0.466,0.466,0.466,0.466,10,0
CAP,60,20241025,170000,0.465,0.465,0.465,0.465,1000,0
CAP,60,20241028,100000,0.465,0.465,0.458,0.458,8958,0
CAP,60,20241028,110000,0.458,0.46,0.458,0.46,11042,0
CAP,60,20241028,120000,0.465,0.465,0.465,0.465,2010,0
CAP,60,20241028,150000,0.465,0.465,0.463,0.463,9900,0
CAP,60,20241028,160000,0.463,0.463,0.459,0.459,2650,0
CAP,60,20241028,170000,0.465,0.466,0.457,0.457,39591,0
CAP,60,20241029,100000,0.457,0.457,0.457,0.457,6156,0
CAP,60,20241029,110000,0.463,0.464,0.457,0.457,3504,0
CAP,60,20241029,130000,0.46,0.467,0.46,0.467,20152,0
CAP,60,20241029,140000,0.465,0.465,0.465,0.465,743,0
CAP,60,20241029,150000,0.46,0.46,0.46,0.46,13100,0
CAP,60,20241029,160000,0.457,0.457,0.455,0.455,23909,0
CAP,60,20241029,170000,0.457,0.46,0.456,0.46,43267,0
CAP,60,20241030,100000,0.46,0.46,0.457,0.457,30976,0
CAP,60,20241030,110000,0.457,0.457,0.457,0.457,559,0
CAP,60,20241030,130000,0.46,0.46,0.46,0.46,17510,0
CAP,60,20241030,150000,0.458,0.458,0.458,0.458,10000,0
CAP,60,20241030,160000,0.46,0.46,0.456,0.46,4895,0
CAP,60,20241030,170000,0.456,0.457,0.456,0.457,16272,0
CAP,60,20241031,100000,0.456,0.458,0.456,0.458,3010,0
CAP,60,20241031,110000,0.458,0.459,0.456,0.456,3501,0
CAP,60,20241031,120000,0.456,0.458,0.454,0.458,16416,0
CAP,60,20241031,150000,0.456,0.456,0.454,0.454,3254,0
CAP,60,20241104,100000,0.46,0.46,0.46,0.46,10400,0
CAP,60,20241104,120000,0.457,0.457,0.451,0.457,21030,0
CAP,60,20241104,130000,0.45,0.457,0.45,0.457,1150,0
CAP,60,20241104,140000,0.457,0.457,0.457,0.457,500,0
CAP,60,20241104,150000,0.45,0.45,0.45,0.45,582,0
CAP,60,20241104,160000,0.457,0.457,0.457,0.457,10,0
CAP,60,20241105,100000,0.457,0.46,0.45,0.46,69891,0
CAP,60,20241105,120000,0.451,0.451,0.451,0.451,3000,0
CAP,60,20241105,130000,0.451,0.451,0.451,0.451,316,0
CAP,60,20241105,150000,0.452,0.452,0.452,0.452,340,0
CAP,60,20241105,160000,0.459,0.459,0.459,0.459,10,0
CAP,60,20241105,170000,0.459,0.459,0.459,0.459,1000,0
CAP,60,20241106,100000,0.46,0.46,0.46,0.46,100,0
CAP,60,20241106,120000,0.46,0.46,0.452,0.452,11000,0
CAP,60,20241106,130000,0.452,0.452,0.452,0.452,1942,0
CAP,60,20241106,170000,0.453,0.453,0.452,0.452,23058,0
CAP,60,20241107,100000,0.452,0.457,0.451,0.457,9536,0
CAP,60,20241107,110000,0.457,0.457,0.453,0.453,2500,0
CAP,60,20241107,120000,0.457,0.458,0.457,0.458,500,0
CAP,60,20241107,130000,0.454,0.454,0.453,0.453,4500,0
CAP,60,20241107,140000,0.453,0.453,0.453,0.453,1172,0
CAP,60,20241107,150000,0.453,0.46,0.45,0.46,61000,0
CAP,60,20241107,160000,0.451,0.451,0.451,0.451,1000,0
CAP,60,20241107,170000,0.458,0.458,0.458,0.458,10,0
CAP,60,20241108,100000,0.45,0.45,0.446,0.45,35662,0
CAP,60,20241108,110000,0.45,0.456,0.45,0.456,27400,0
CAP,60,20241108,150000,0.451,0.451,0.451,0.451,10606,0
CAP,60,20241108,160000,0.456,0.456,0.456,0.456,10,0
CAP,60,20241108,170000,0.456,0.458,0.456,0.458,8888,0
CAP,60,20241112,100000,0.452,0.458,0.447,0.447,38492,0
CAP,60,20241112,110000,0.447,0.447,0.447,0.447,1154,0
CAP,60,20241112,120000,0.452,0.452,0.45,0.45,4380,0
CAP,60,20241112,130000,0.452,0.452,0.452,0.452,4510,0
CAP,60,20241112,150000,0.45,0.457,0.45,0.457,7819,0
CAP,60,20241112,160000,0.448,0.458,0.448,0.458,11010,0
CAP,60,20241112,170000,0.449,0.457,0.447,0.457,15010,0
CAP,60,20241113,100000,0.449,0.457,0.449,0.457,6110,0
CAP,60,20241113,110000,0.451,0.457,0.451,0.454,11260,0
CAP,60,20241113,120000,0.453,0.457,0.451,0.457,17600,0
CAP,60,20241113,130000,0.457,0.459,0.451,0.457,49310,0
CAP,60,20241113,140000,0.451,0.46,0.45,0.46,103000,0
CAP,60,20241113,150000,0.46,0.46,0.453,0.453,22251,0
CAP,60,20241113,160000,0.459,0.46,0.453,0.455,17670,0
CAP,60,20241113,170000,0.46,0.46,0.452,0.459,24035,0
CAP,60,20241114,100000,0.459,0.459,0.447,0.447,105366,0
CAP,60,20241114,110000,0.45,0.45,0.45,0.45,9100,0
CAP,60,20241114,120000,0.45,0.45,0.45,0.45,4800,0
CAP,60,20241114,140000,0.455,0.455,0.455,0.455,13668,0
CAP,60,20241114,150000,0.45,0.456,0.45,0.456,15098,0
CAP,60,20241114,170000,0.451,0.456,0.45,0.456,14179,0
CAP,60,20241115,100000,0.457,0.46,0.456,0.46,82755,0
CAP,60,20241115,110000,0.452,0.459,0.45,0.459,15505,0
CAP,60,20241115,120000,0.459,0.459,0.459,0.459,2895,0
CAP,60,20241115,130000,0.459,0.459,0.453,0.453,200,0
CAP,60,20241115,140000,0.458,0.458,0.458,0.458,2000,0
CAP,60,20241115,150000,0.458,0.459,0.458,0.459,5729,0
CAP,60,20241115,160000,0.454,0.454,0.454,0.454,45,0
CAP,60,20241115,170000,0.459,0.459,0.454,0.459,2435,0
CAP,60,20241118,100000,0.459,0.459,0.45,0.457,52162,0
CAP,60,20241118,110000,0.448,0.455,0.448,0.455,8059,0
CAP,60,20241118,130000,0.447,0.447,0.447,0.447,7111,0
CAP,60,20241118,140000,0.447,0.447,0.447,0.447,2910,0
CAP,60,20241118,150000,0.447,0.447,0.447,0.447,3779,0
CAP,60,20241118,160000,0.446,0.446,0.446,0.446,721,0
CAP,60,20241118,170000,0.454,0.454,0.447,0.454,515,0
CAP,60,20241119,100000,0.447,0.455,0.446,0.455,19505,0
CAP,60,20241119,110000,0.445,0.445,0.444,0.444,9986,0
CAP,60,20241119,120000,0.455,0.455,0.443,0.443,7055,0
CAP,60,20241119,130000,0.443,0.444,0.443,0.444,10100,0
CAP,60,20241119,140000,0.445,0.445,0.443,0.443,22293,0
CAP,60,20241119,150000,0.455,0.455,0.449,0.449,2798,0
CAP,60,20241119,160000,0.449,0.45,0.442,0.442,8639,0
CAP,60,20241119,170000,0.443,0.45,0.442,0.45,11010,0
CAP,60,20241120,100000,0.448,0.457,0.448,0.457,3301,0
CAP,60,20241120,110000,0.457,0.457,0.457,0.457,2000,0
CAP,60,20241120,120000,0.45,0.454,0.45,0.454,3500,0
CAP,60,20241120,130000,0.454,0.454,0.454,0.454,3000,0
CAP,60,20241120,140000,0.444,0.444,0.444,0.444,10535,0
CAP,60,20241120,150000,0.444,0.449,0.438,0.449,76405,0
CAP,60,20241120,160000,0.444,0.444,0.444,0.444,410000,0
CAP,60,20241120,170000,0.449,0.449,0.449,0.449,1340,0
CAP,60,20241121,100000,0.441,0.45,0.441,0.45,12553,0
CAP,60,20241121,110000,0.45,0.454,0.444,0.446,22855,0
CAP,60,20241121,120000,0.444,0.453,0.442,0.45,21416,0
CAP,60,20241121,130000,0.453,0.453,0.453,0.453,5000,0
CAP,60,20241121,140000,0.453,0.454,0.453,0.454,10200,0
CAP,60,20241121,170000,0.45,0.454,0.45,0.454,4626,0
CAP,60,20241122,100000,0.45,0.454,0.444,0.454,24819,0
CAP,60,20241122,110000,0.448,0.448,0.448,0.448,15499,0
CAP,60,20241122,120000,0.448,0.453,0.441,0.441,17457,0
CAP,60,20241122,130000,0.453,0.453,0.453,0.453,5,0
CAP,60,20241122,140000,0.446,0.446,0.446,0.446,10000,0
CAP,60,20241122,150000,0.453,0.453,0.453,0.453,5,0
CAP,60,20241122,160000,0.446,0.446,0.446,0.446,12726,0
CAP,60,20241122,170000,0.453,0.453,0.453,0.453,5,0
CAP,60,20241125,100000,0.45,0.465,0.45,0.46,265243,0
CAP,60,20241125,110000,0.463,0.466,0.463,0.463,43910,0
CAP,60,20241125,120000,0.462,0.465,0.462,0.465,30000,0
CAP,60,20241125,130000,0.458,0.465,0.456,0.456,16200,0
CAP,60,20241125,140000,0.451,0.451,0.451,0.451,248,0
CAP,60,20241125,150000,0.464,0.464,0.464,0.464,10,0
CAP,60,20241125,170000,0.451,0.465,0.451,0.465,90104,0
CAP,60,20241126,110000,0.458,0.464,0.451,0.451,23668,0
CAP,60,20241126,120000,0.451,0.464,0.451,0.452,32976,0
CAP,60,20241126,130000,0.464,0.464,0.464,0.464,5000,0
CAP,60,20241126,140000,0.454,0.454,0.453,0.453,14450,0
CAP,60,20241126,150000,0.457,0.458,0.457,0.458,10160,0
CAP,60,20241126,170000,0.453,0.463,0.453,0.463,3890,0
CAP,60,20241127,100000,0.455,0.463,0.455,0.463,5205,0
CAP,60,20241127,110000,0.456,0.463,0.456,0.463,8005,0
CAP,60,20241127,120000,0.46,0.46,0.46,0.46,5205,0
CAP,60,20241127,140000,0.46,0.46,0.46,0.46,4534,0
CAP,60,20241127,150000,0.454,0.454,0.453,0.453,1502,0
CAP,60,20241127,160000,0.453,0.453,0.453,0.453,1500,0
CAP,60,20241127,170000,0.453,0.475,0.452,0.47,638752,0
CAP,60,20241128,100000,0.475,0.49,0.469,0.47,1031851,0
CAP,60,20241128,110000,0.47,0.474,0.461,0.47,58875,0
CAP,60,20241128,120000,0.468,0.468,0.46,0.46,30239,0
CAP,60,20241128,130000,0.46,0.46,0.454,0.46,43877,0
CAP,60,20241128,150000,0.465,0.466,0.465,0.466,21800,0
CAP,60,20241128,160000,0.462,0.469,0.45,0.469,199660,0
CAP,60,20241128,170000,0.46,0.469,0.455,0.462,70359,0
CAP,60,20241129,100000,0.456,0.462,0.456,0.462,16105,0
CAP,60,20241129,110000,0.462,0.469,0.462,0.469,1740,0
CAP,60,20241129,130000,0.462,0.468,0.456,0.468,23627,0
CAP,60,20241129,150000,0.468,0.469,0.456,0.469,26000,0
CAP,60,20241129,160000,0.457,0.457,0.456,0.456,21636,0
CAP,60,20241129,170000,0.456,0.468,0.456,0.468,2800,0
CAP,60,20241202,100000,0.467,0.467,0.454,0.454,8214,0
CAP,60,20241202,110000,0.465,0.465,0.465,0.465,5,0
CAP,60,20241202,120000,0.454,0.454,0.452,0.453,5795,0
CAP,60,20241202,130000,0.453,0.453,0.453,0.453,645,0
CAP,60,20241202,140000,0.453,0.463,0.45,0.461,103438,0
CAP,60,20241202,150000,0.46,0.46,0.46,0.46,73000,0
CAP,60,20241202,160000,0.452,0.463,0.452,0.453,8029,0
CAP,60,20241202,170000,0.453,0.46,0.451,0.46,14560,0
CAP,60,20241203,100000,0.461,0.463,0.45,0.45,20336,0
CAP,60,20241203,110000,0.45,0.45,0.432,0.436,94447,0
CAP,60,20241203,120000,0.44,0.447,0.438,0.447,14100,0
CAP,60,20241203,130000,0.446,0.446,0.435,0.435,26112,0
CAP,60,20241203,140000,0.436,0.438,0.42,0.43,117279,0
CAP,60,20241203,150000,0.438,0.438,0.438,0.438,19300,0
CAP,60,20241203,160000,0.433,0.438,0.433,0.438,6062,0
CAP,60,20241203,170000,0.433,0.438,0.43,0.438,16505,0
CAP,60,20241204,100000,0.438,0.438,0.428,0.428,17529,0
CAP,60,20241204,110000,0.428,0.437,0.425,0.426,20368,0
CAP,60,20241204,120000,0.428,0.43,0.426,0.43,27232,0
CAP,60,20241204,130000,0.428,0.44,0.427,0.44,19872,0
CAP,60,20241204,140000,0.43,0.44,0.43,0.44,28555,0
CAP,60,20241204,170000,0.431,0.442,0.431,0.442,21403,0
CAP,60,20241205,100000,0.442,0.442,0.44,0.44,7416,0
CAP,60,20241205,110000,0.44,0.44,0.432,0.44,3527,0
CAP,60,20241205,130000,0.432,0.432,0.43,0.43,6215,0
CAP,60,20241205,140000,0.43,0.43,0.43,0.43,200,0
CAP,60,20241205,150000,0.431,0.44,0.43,0.43,10835,0
CAP,60,20241205,160000,0.44,0.44,0.44,0.44,505,0
CAP,60,20241205,170000,0.432,0.432,0.432,0.432,1200,0
CAP,60,20241206,100000,0.432,0.432,0.43,0.432,12987,0
CAP,60,20241206,110000,0.439,0.439,0.439,0.439,5000,0
CAP,60,20241206,120000,0.433,0.438,0.431,0.431,24286,0
CAP,60,20241206,130000,0.431,0.437,0.431,0.437,1000,0
CAP,60,20241206,140000,0.431,0.436,0.43,0.436,10275,0
CAP,60,20241206,150000,0.433,0.433,0.43,0.43,12000,0
CAP,60,20241206,160000,0.43,0.43,0.426,0.43,22242,0
CAP,60,20241206,170000,0.433,0.433,0.415,0.428,61005,0
CAP,60,20241209,100000,0.424,0.43,0.416,0.43,45830,0
CAP,60,20241209,110000,0.42,0.424,0.4,0.42,115712,0
CAP,60,20241209,120000,0.412,0.423,0.412,0.415,33345,0
CAP,60,20241209,130000,0.415,0.422,0.415,0.422,309,0
CAP,60,20241209,140000,0.421,0.421,0.421,0.421,2000,0
CAP,60,20241209,150000,0.422,0.422,0.422,0.422,4000,0
CAP,60,20241209,160000,0.422,0.435,0.422,0.435,37963,0
CAP,60,20241209,170000,0.433,0.448,0.423,0.44,82987,0
CAP,60,20241210,100000,0.44,0.44,0.412,0.412,108962,0
CAP,60,20241210,110000,0.428,0.428,0.425,0.425,105,0
CAP,60,20241210,120000,0.416,0.425,0.415,0.425,16900,0
CAP,60,20241210,140000,0.42,0.42,0.418,0.418,2247,0
CAP,60,20241210,150000,0.425,0.425,0.414,0.424,20010,0
CAP,60,20241210,160000,0.424,0.428,0.422,0.422,27119,0
CAP,60,20241210,170000,0.428,0.428,0.428,0.428,6320,0
CAP,60,20241211,100000,0.424,0.428,0.42,0.428,14149,0
CAP,60,20241211,110000,0.42,0.42,0.418,0.418,5000,0
CAP,60,20241211,120000,0.418,0.418,0.41,0.41,104076,0
CAP,60,20241211,130000,0.421,0.421,0.421,0.421,3000,0
CAP,60,20241211,150000,0.421,0.421,0.421,0.421,60,0
CAP,60,20241211,170000,0.421,0.422,0.414,0.422,13005,0
CAP,60,20241212,100000,0.42,0.42,0.411,0.411,4656,0
CAP,60,20241212,110000,0.413,0.42,0.412,0.42,5950,0
CAP,60,20241212,120000,0.412,0.412,0.412,0.412,5000,0
CAP,60,20241212,140000,0.42,0.422,0.42,0.422,8780,0
CAP,60,20241212,150000,0.415,0.415,0.412,0.412,11000,0
CAP,60,20241212,160000,0.412,0.412,0.408,0.408,40000,0
CAP,60,20241212,170000,0.408,0.42,0.404,0.418,47485,0
CAP,60,20241213,100000,0.4,0.417,0.394,0.41,202551,0
CAP,60,20241213,110000,0.41,0.415,0.41,0.41,5326,0
CAP,60,20241213,120000,0.41,0.415,0.397,0.397,11800,0
CAP,60,20241213,130000,0.4,0.414,0.397,0.412,30910,0
CAP,60,20241213,140000,0.412,0.412,0.412,0.412,6500,0
CAP,60,20241213,150000,0.399,0.409,0.399,0.4,20001,0
CAP,60,20241213,160000,0.41,0.412,0.41,0.412,10400,0
CAP,60,20241213,170000,0.412,0.413,0.404,0.413,1675,0
CAP,60,20241216,100000,0.413,0.42,0.401,0.401,24425,0
CAP,60,20241216,110000,0.42,0.42,0.42,0.42,5,0
CAP,60,20241216,120000,0.41,0.41,0.403,0.403,12200,0
CAP,60,20241216,140000,0.404,0.415,0.403,0.415,11200,0
CAP,60,20241216,150000,0.41,0.41,0.41,0.41,8230,0
CAP,60,20241216,170000,0.405,0.409,0.402,0.409,11292,0
CAP,60,20241217,100000,0.402,0.403,0.402,0.403,7678,0
CAP,60,20241217,110000,0.408,0.416,0.402,0.402,12732,0
CAP,60,20241217,120000,0.403,0.405,0.403,0.405,1297,0
CAP,60,20241217,130000,0.406,0.414,0.395,0.405,73769,0
CAP,60,20241217,140000,0.395,0.404,0.394,0.4,39500,0
CAP,60,20241217,150000,0.399,0.404,0.399,0.404,11844,0
CAP,60,20241217,160000,0.401,0.401,0.401,0.401,5953,0
CAP,60,20241217,170000,0.4,0.4,0.399,0.4,4344,0
CAP,60,20241218,100000,0.4,0.4,0.381,0.381,82079,0
CAP,60,20241218,110000,0.381,0.399,0.381,0.398,35692,0
CAP,60,20241218,120000,0.389,0.404,0.383,0.396,50220,0
CAP,60,20241218,130000,0.402,0.403,0.402,0.403,4000,0
CAP,60,20241218,140000,0.403,0.409,0.402,0.409,31119,0
CAP,60,20241218,150000,0.409,0.412,0.403,0.403,30580,0
CAP,60,20241218,160000,0.404,0.404,0.402,0.402,9500,0
CAP,60,20241218,170000,0.41,0.41,0.402,0.408,17518,0
CAP,60,20241219,100000,0.4,0.4,0.383,0.395,64766,0
CAP,60,20241219,110000,0.391,0.396,0.39,0.39,40666,0
CAP,60,20241219,120000,0.39,0.396,0.39,0.396,7600,0
CAP,60,20241219,130000,0.391,0.395,0.391,0.395,7153,0
CAP,60,20241219,140000,0.395,0.395,0.392,0.392,2321,0
CAP,60,20241219,150000,0.392,0.392,0.392,0.392,1698,0
CAP,60,20241219,160000,0.394,0.394,0.392,0.394,10164,0
CAP,60,20241219,170000,0.392,0.398,0.392,0.398,5150,0
CAP,60,20241220,100000,0.391,0.398,0.39,0.39,29054,0
CAP,60,20241220,110000,0.39,0.397,0.39,0.39,16461,0
CAP,60,20241220,120000,0.396,0.4,0.39,0.4,46907,0
CAP,60,20241220,130000,0.399,0.4,0.391,0.391,16312,0
CAP,60,20241220,140000,0.392,0.405,0.392,0.405,2042,0
CAP,60,20241220,150000,0.405,0.408,0.394,0.394,11120,0
CAP,60,20241220,160000,0.395,0.395,0.395,0.395,2520,0
CAP,60,20241220,170000,0.4,0.41,0.395,0.395,24790,0
CAP,60,20241223,100000,0.394,0.41,0.394,0.4,11865,0
CAP,60,20241223,110000,0.396,0.396,0.392,0.392,23466,0
CAP,60,20241223,120000,0.394,0.407,0.39,0.407,162131,0
CAP,60,20241223,130000,0.407,0.408,0.4,0.4,11900,0
CAP,60,20241223,140000,0.4,0.4,0.397,0.397,15510,0
CAP,60,20241223,150000,0.397,0.397,0.396,0.397,5029,0
CAP,60,20241223,160000,0.397,0.398,0.39,0.39,33680,0
CAP,60,20241223,170000,0.4,0.405,0.391,0.405,20804,0
CAP,60,20241227,100000,0.404,0.404,0.404,0.404,3000,0
CAP,60,20241227,110000,0.404,0.404,0.395,0.395,2000,0
CAP,60,20241227,130000,0.402,0.415,0.402,0.408,29524,0
CAP,60,20241227,140000,0.406,0.419,0.406,0.419,23362,0
CAP,60,20241227,150000,0.418,0.419,0.418,0.419,3500,0
CAP,60,20241227,170000,0.41,0.418,0.41,0.417,4141,0
CAP,60,20241230,100000,0.408,0.418,0.408,0.418,30005,0
CAP,60,20241230,120000,0.418,0.418,0.418,0.418,3500,0
CAP,60,20241230,130000,0.418,0.42,0.418,0.42,35500,0
CAP,60,20241230,140000,0.42,0.424,0.42,0.424,22000,0
CAP,60,20241230,150000,0.418,0.418,0.418,0.418,80,0
CAP,60,20241230,160000,0.418,0.418,0.415,0.415,10861,0
CAP,60,20241230,170000,0.422,0.434,0.422,0.43,57200,0
CAP,60,20250102,100000,0.43,0.43,0.412,0.428,12820,0
CAP,60,20250102,110000,0.417,0.417,0.411,0.411,10000,0
CAP,60,20250102,120000,0.42,0.42,0.42,0.42,5476,0
CAP,60,20250102,130000,0.42,0.42,0.42,0.42,77,0
CAP,60,20250102,160000,0.425,0.432,0.421,0.432,51270,0
CAP,60,20250103,100000,0.43,0.43,0.43,0.43,495,0
CAP,60,20250103,110000,0.429,0.439,0.429,0.439,11300,0
CAP,60,20250103,120000,0.43,0.43,0.43,0.43,47,0
CAP,60,20250103,130000,0.43,0.436,0.43,0.436,38313,0
CAP,60,20250103,150000,0.436,0.438,0.436,0.438,5000,0
CAP,60,20250103,170000,0.437,0.437,0.432,0.437,6483,0
CAP,60,20250107,100000,0.439,0.446,0.43,0.436,28887,0
CAP,60,20250107,110000,0.436,0.444,0.432,0.444,11135,0
CAP,60,20250107,130000,0.443,0.443,0.443,0.443,112,0
CAP,60,20250107,140000,0.434,0.434,0.434,0.434,90,0
CAP,60,20250107,150000,0.441,0.442,0.441,0.442,5475,0
CAP,60,20250107,160000,0.436,0.441,0.436,0.441,5197,0
CAP,60,20250107,170000,0.442,0.443,0.44,0.443,12532,0
CAP,60,20250108,100000,0.436,0.436,0.436,0.436,49027,0
CAP,60,20250108,110000,0.44,0.442,0.432,0.442,30489,0
CAP,60,20250108,120000,0.44,0.44,0.44,0.44,1000,0
CAP,60,20250108,130000,0.429,0.429,0.429,0.429,300,0
CAP,60,20250108,150000,0.43,0.432,0.43,0.43,22334,0
CAP,60,20250108,160000,0.43,0.43,0.43,0.43,2800,0
CAP,60,20250108,170000,0.43,0.43,0.43,0.43,1185,0
CAP,60,20250109,100000,0.43,0.439,0.43,0.43,30550,0
CAP,60,20250109,110000,0.43,0.439,0.43,0.439,9137,0
CAP,60,20250109,120000,0.428,0.437,0.428,0.437,24321,0
CAP,60,20250109,140000,0.436,0.436,0.436,0.436,7000,0
CAP,60,20250109,150000,0.436,0.436,0.436,0.436,10000,0
CAP,60,20250109,160000,0.43,0.436,0.428,0.436,10885,0
CAP,60,20250109,170000,0.436,0.436,0.436,0.436,690,0
CAP,60,20250110,120000,0.43,0.43,0.43,0.43,67,0
CAP,60,20250110,140000,0.43,0.43,0.43,0.43,1289,0
CAP,60,20250110,150000,0.43,0.43,0.43,0.43,168,0
CAP,60,20250110,160000,0.43,0.43,0.428,0.428,1190,0
CAP,60,20250110,170000,0.428,0.436,0.428,0.436,4005,0
CAP,60,20250113,100000,0.436,0.436,0.436,0.436,6250,0
CAP,60,20250113,120000,0.436,0.436,0.43,0.43,10155,0
CAP,60,20250113,150000,0.43,0.436,0.425,0.436,15005,0
CAP,60,20250114,100000,0.435,0.435,0.435,0.435,50,0
CAP,60,20250114,120000,0.435,0.435,0.435,0.435,2260,0
CAP,60,20250114,130000,0.426,0.426,0.42,0.42,13500,0
CAP,60,20250114,150000,0.421,0.434,0.421,0.434,505,0
CAP,60,20250114,170000,0.421,0.421,0.421,0.421,2539,0
CAP,60,20250115,110000,0.432,0.434,0.432,0.434,3500,0
CAP,60,20250115,120000,0.43,0.43,0.422,0.422,5000,0
CAP,60,20250115,140000,0.434,0.436,0.434,0.436,8000,0
CAP,60,20250115,170000,0.436,0.441,0.436,0.441,42871,0
CAP,60,20250116,100000,0.429,0.442,0.429,0.433,8302,0
CAP,60,20250116,110000,0.433,0.433,0.42,0.421,81198,0
CAP,60,20250116,120000,0.421,0.435,0.421,0.435,702,0
CAP,60,20250116,130000,0.422,0.437,0.422,0.437,6344,0
CAP,60,20250116,140000,0.437,0.437,0.437,0.437,45,0
CAP,60,20250116,170000,0.424,0.435,0.423,0.435,6155,0
CAP,60,20250117,100000,0.435,0.435,0.43,0.43,8195,0
CAP,60,20250117,110000,0.428,0.428,0.428,0.428,6555,0
CAP,60,20250117,120000,0.433,0.433,0.433,0.433,400,0
CAP,60,20250117,130000,0.428,0.428,0.428,0.428,861,0
CAP,60,20250117,140000,0.433,0.434,0.433,0.434,10000,0
CAP,60,20250117,150000,0.429,0.429,0.429,0.429,600,0
CAP,60,20250117,160000,0.43,0.43,0.43,0.43,15000,0
CAP,60,20250117,170000,0.434,0.442,0.434,0.441,73838,0
CAP,60,20250120,100000,0.446,0.447,0.436,0.446,50188,0
CAP,60,20250120,110000,0.446,0.447,0.446,0.447,19800,0
CAP,60,20250120,120000,0.447,0.447,0.441,0.441,595,0
CAP,60,20250120,130000,0.447,0.447,0.447,0.447,200,0
CAP,60,20250120,140000,0.446,0.45,0.444,0.444,95613,0
CAP,60,20250120,150000,0.449,0.45,0.444,0.449,12875,0
CAP,60,20250120,160000,0.444,0.444,0.44,0.44,42380,0
CAP,60,20250120,170000,0.449,0.449,0.449,0.449,90,0
CAP,60,20250121,100000,0.449,0.449,0.449,0.449,5565,0
CAP,60,20250121,130000,0.442,0.445,0.441,0.445,20851,0
CAP,60,20250121,140000,0.448,0.448,0.448,0.448,140,0
CAP,60,20250121,150000,0.445,0.445,0.445,0.445,5373,0
CAP,60,20250121,160000,0.441,0.441,0.438,0.44,65000,0
CAP,60,20250121,170000,0.44,0.44,0.436,0.439,19495,0
CAP,60,20250122,100000,0.44,0.44,0.44,0.44,1009,0
CAP,60,20250122,110000,0.436,0.44,0.43,0.44,25797,0
CAP,60,20250122,120000,0.43,0.43,0.428,0.428,10000,0
CAP,60,20250122,140000,0.436,0.436,0.436,0.436,275,0
CAP,60,20250122,150000,0.436,0.436,0.436,0.436,200,0
CAP,60,20250122,160000,0.435,0.435,0.435,0.435,492,0
CAP,60,20250122,170000,0.435,0.435,0.435,0.435,1149,0
CAP,60,20250123,120000,0.428,0.428,0.424,0.424,24890,0
CAP,60,20250123,130000,0.426,0.426,0.424,0.424,27280,0
CAP,60,20250123,140000,0.424,0.424,0.424,0.424,234,0
CAP,60,20250123,150000,0.43,0.43,0.425,0.425,12755,0
CAP,60,20250123,170000,0.425,0.43,0.425,0.43,490,0
CAP,60,20250124,110000,0.425,0.448,0.42,0.43,129901,0
CAP,60,20250124,120000,0.431,0.431,0.43,0.43,3631,0
CAP,60,20250124,130000,0.432,0.432,0.432,0.432,1240,0
CAP,60,20250124,140000,0.432,0.432,0.43,0.43,4033,0
CAP,60,20250124,160000,0.434,0.434,0.434,0.434,160,0
CAP,60,20250124,170000,0.434,0.434,0.422,0.434,8973,0
CAP,60,20250127,120000,0.433,0.434,0.433,0.434,2600,0
CAP,60,20250127,130000,0.439,0.439,0.439,0.439,21281,0
CAP,60,20250127,140000,0.44,0.443,0.44,0.443,40330,0
CAP,60,20250127,150000,0.443,0.446,0.443,0.444,15381,0
CAP,60,20250127,160000,0.444,0.444,0.444,0.444,165,0
CAP,60,20250127,170000,0.438,0.442,0.437,0.442,6757,0
CAP,60,20250128,110000,0.441,0.441,0.438,0.438,30251,0
CAP,60,20250128,130000,0.438,0.44,0.438,0.44,10577,0
CAP,60,20250128,140000,0.44,0.44,0.437,0.437,4589,0
CAP,60,20250128,150000,0.441,0.441,0.441,0.441,8000,0
CAP,60,20250128,160000,0.44,0.44,0.44,0.44,20126,0
CAP,60,20250128,170000,0.435,0.435,0.435,0.435,4983,0
CAP,60,20250129,100000,0.433,0.433,0.43,0.43,10100,0
CAP,60,20250129,110000,0.435,0.44,0.431,0.431,2765,0
CAP,60,20250129,130000,0.44,0.442,0.44,0.442,45493,0
CAP,60,20250129,140000,0.442,0.442,0.436,0.44,137691,0
CAP,60,20250129,150000,0.44,0.44,0.44,0.44,600,0
CAP,60,20250129,160000,0.44,0.44,0.44,0.44,100,0
CAP,60,20250129,170000,0.44,0.44,0.435,0.44,14866,0
CAP,60,20250130,100000,0.435,0.435,0.435,0.435,1000,0
CAP,60,20250130,130000,0.435,0.435,0.435,0.435,1,0
CAP,60,20250130,140000,0.436,0.436,0.436,0.436,4200,0
CAP,60,20250130,150000,0.437,0.439,0.437,0.437,13200,0
CAP,60,20250130,160000,0.437,0.437,0.437,0.437,6500,0
CAP,60,20250130,170000,0.44,0.44,0.436,0.44,4959,0
CAP,60,20250131,100000,0.44,0.44,0.44,0.44,5106,0
CAP,60,20250131,110000,0.44,0.44,0.44,0.44,7019,0
CAP,60,20250131,130000,0.441,0.441,0.441,0.441,250,0
CAP,60,20250131,140000,0.44,0.44,0.44,0.44,981,0
CAP,60,20250131,150000,0.441,0.441,0.438,0.441,23010,0
CAP,60,20250131,160000,0.441,0.442,0.438,0.438,17512,0
CAP,60,20250131,170000,0.437,0.437,0.437,0.437,5583,0
CAP,60,20250203,100000,0.437,0.442,0.437,0.441,855,0
CAP,60,20250203,110000,0.44,0.44,0.44,0.44,2000,0
CAP,60,20250203,120000,0.44,0.44,0.44,0.44,4000,0
CAP,60,20250203,140000,0.436,0.44,0.436,0.437,14273,0
CAP,60,20250203,150000,0.437,0.437,0.437,0.437,5000,0
CAP,60,20250203,160000,0.437,0.44,0.437,0.44,402,0
CAP,60,20250203,170000,0.44,0.44,0.44,0.44,4000,0
CAP,60,20250204,100000,0.44,0.44,0.44,0.44,200,0
CAP,60,20250204,110000,0.435,0.435,0.435,0.435,2999,0
CAP,60,20250204,120000,0.434,0.434,0.434,0.434,2500,0
CAP,60,20250204,130000,0.432,0.438,0.428,0.438,58240,0
CAP,60,20250204,140000,0.438,0.438,0.438,0.438,19660,0
CAP,60,20250204,170000,0.44,0.44,0.44,0.44,21000,0
CAP,60,20250205,100000,0.435,0.439,0.43,0.437,34268,0
CAP,60,20250205,110000,0.437,0.437,0.437,0.437,1745,0
CAP,60,20250205,120000,0.438,0.438,0.438,0.438,1000,0
CAP,60,20250205,140000,0.437,0.437,0.437,0.437,1855,0
CAP,60,20250205,150000,0.435,0.435,0.435,0.435,1000,0
CAP,60,20250205,160000,0.436,0.436,0.435,0.435,7000,0
CAP,60,20250205,170000,0.435,0.439,0.435,0.439,7857,0
CAP,60,20250206,100000,0.439,0.439,0.435,0.435,2037,0
CAP,60,20250206,110000,0.439,0.44,0.439,0.44,11431,0
CAP,60,20250206,120000,0.44,0.454,0.44,0.453,85949,0
CAP,60,20250206,130000,0.45,0.452,0.441,0.452,16409,0
CAP,60,20250206,140000,0.45,0.45,0.45,0.45,2200,0
CAP,60,20250206,150000,0.45,0.452,0.45,0.452,6638,0
CAP,60,20250206,160000,0.451,0.451,0.446,0.446,5000,0
CAP,60,20250206,170000,0.448,0.448,0.444,0.446,15030,0
CAP,60,20250207,100000,0.448,0.448,0.441,0.441,13510,0
CAP,60,20250207,110000,0.448,0.45,0.448,0.45,7390,0
CAP,60,20250207,120000,0.45,0.45,0.445,0.445,18291,0
CAP,60,20250207,130000,0.446,0.449,0.446,0.449,10697,0
CAP,60,20250207,140000,0.448,0.448,0.448,0.448,1100,0
CAP,60,20250207,160000,0.445,0.445,0.445,0.445,3643,0
CAP,60,20250207,170000,0.442,0.45,0.44,0.45,27005,0
CAP,60,20250210,100000,0.45,0.45,0.448,0.45,28580,0
CAP,60,20250210,110000,0.444,0.45,0.444,0.45,69738,0
CAP,60,20250210,120000,0.45,0.459,0.45,0.458,475533,0
CAP,60,20250210,130000,0.458,0.459,0.457,0.457,24562,0
CAP,60,20250210,140000,0.456,0.456,0.452,0.452,3306,0
CAP,60,20250210,150000,0.452,0.457,0.452,0.457,12699,0
CAP,60,20250210,160000,0.457,0.457,0.446,0.457,16510,0
CAP,60,20250210,170000,0.45,0.457,0.45,0.457,24687,0
CAP,60,20250211,100000,0.459,0.459,0.452,0.452,9082,0
CAP,60,20250211,110000,0.458,0.459,0.458,0.459,78762,0
CAP,60,20250211,120000,0.455,0.459,0.455,0.459,14831,0
CAP,60,20250211,130000,0.459,0.459,0.459,0.459,1388,0
CAP,60,20250211,140000,0.459,0.459,0.45,0.45,21195,0
CAP,60,20250211,150000,0.451,0.458,0.451,0.458,13500,0
CAP,60,20250211,160000,0.455,0.455,0.455,0.455,5400,0
CAP,60,20250211,170000,0.455,0.459,0.455,0.459,33494,0
CAP,60,20250212,100000,0.459,0.459,0.452,0.452,23046,0
CAP,60,20250212,110000,0.452,0.452,0.452,0.452,200,0
CAP,60,20250212,120000,0.455,0.458,0.455,0.458,19301,0
CAP,60,20250212,130000,0.458,0.459,0.458,0.459,45413,0
CAP,60,20250212,140000,0.459,0.459,0.459,0.459,1062,0
CAP,60,20250212,150000,0.455,0.455,0.45,0.455,13330,0
CAP,60,20250212,170000,0.455,0.458,0.45,0.458,24526,0
CAP,60,20250213,100000,0.451,0.451,0.448,0.448,48524,0
CAP,60,20250213,110000,0.448,0.457,0.444,0.456,10892,0
CAP,60,20250213,130000,0.448,0.448,0.446,0.446,10000,0
CAP,60,20250213,140000,0.446,0.446,0.445,0.445,4000,0
CAP,60,20250213,150000,0.445,0.445,0.438,0.438,57458,0
CAP,60,20250213,160000,0.445,0.45,0.44,0.44,88151,0
CAP,60,20250213,170000,0.442,0.45,0.442,0.45,8500,0
CAP,60,20250214,100000,0.45,0.458,0.45,0.456,17509,0
CAP,60,20250214,110000,0.442,0.455,0.44,0.455,27181,0
CAP,60,20250214,130000,0.44,0.454,0.44,0.45,21543,0
CAP,60,20250214,140000,0.45,0.45,0.45,0.45,3457,0
CAP,60,20250214,150000,0.45,0.46,0.45,0.46,120128,0
CAP,60,20250214,160000,0.46,0.463,0.46,0.462,73719,0
CAP,60,20250214,170000,0.46,0.462,0.46,0.462,24829,0
CAP,60,20250217,100000,0.463,0.463,0.462,0.463,25644,0
CAP,60,20250217,110000,0.464,0.466,0.463,0.463,27634,0
CAP,60,20250217,120000,0.464,0.465,0.464,0.465,10305,0
CAP,60,20250217,130000,0.465,0.466,0.465,0.466,10750,0
CAP,60,20250217,160000,0.466,0.467,0.461,0.467,53566,0
CAP,60,20250217,170000,0.467,0.467,0.463,0.467,73508,0
CAP,60,20250218,100000,0.467,0.467,0.467,0.467,34603,0
CAP,60,20250218,110000,0.467,0.468,0.462,0.468,132949,0
CAP,60,20250218,120000,0.468,0.475,0.462,0.475,106893,0
CAP,60,20250218,130000,0.463,0.474,0.463,0.474,5039,0
CAP,60,20250218,140000,0.474,0.474,0.47,0.47,2197,0
CAP,60,20250218,150000,0.47,0.47,0.47,0.47,4003,0
CAP,60,20250218,160000,0.465,0.474,0.465,0.472,18690,0
CAP,60,20250218,170000,0.466,0.472,0.466,0.472,2608,0
CAP,60,20250219,100000,0.47,0.472,0.47,0.472,8177,0
CAP,60,20250219,110000,0.47,0.47,0.47,0.47,30,0
CAP,60,20250219,120000,0.467,0.467,0.464,0.466,8975,0
CAP,60,20250219,130000,0.464,0.465,0.462,0.465,6270,0
CAP,60,20250219,140000,0.464,0.464,0.461,0.461,16000,0
CAP,60,20250219,150000,0.461,0.461,0.461,0.461,6127,0
CAP,60,20250219,160000,0.46,0.464,0.435,0.449,64117,0
CAP,60,20250219,170000,0.45,0.45,0.438,0.438,120392,0
CAP,60,20250220,100000,0.437,0.447,0.431,0.431,17040,0
CAP,60,20250220,110000,0.431,0.433,0.431,0.432,11843,0
CAP,60,20250220,120000,0.445,0.445,0.445,0.445,5,0
CAP,60,20250220,130000,0.436,0.436,0.432,0.432,16596,0
CAP,60,20250220,140000,0.433,0.433,0.431,0.431,37961,0
CAP,60,20250220,150000,0.431,0.444,0.43,0.444,26802,0
CAP,60,20250220,160000,0.44,0.442,0.44,0.442,30651,0
CAP,60,20250220,170000,0.442,0.442,0.442,0.442,847,0
CAP,60,20250221,100000,0.433,0.446,0.432,0.446,8710,0
CAP,60,20250221,110000,0.445,0.456,0.445,0.455,38550,0
CAP,60,20250221,120000,0.447,0.447,0.445,0.445,1202,0
CAP,60,20250221,130000,0.453,0.453,0.453,0.453,8,0
CAP,60,20250221,140000,0.453,0.454,0.442,0.442,25132,0
CAP,60,20250221,150000,0.44,0.454,0.44,0.454,61811,0
CAP,60,20250221,160000,0.453,0.456,0.453,0.456,13000,0
CAP,60,20250221,170000,0.454,0.454,0.454,0.454,321,0
CAP,60,20250224,100000,0.445,0.451,0.445,0.451,6083,0
CAP,60,20250224,110000,0.451,0.451,0.451,0.451,111,0
CAP,60,20250224,120000,0.45,0.45,0.446,0.446,3110,0
CAP,60,20250224,130000,0.445,0.446,0.445,0.446,2240,0
CAP,60,20250224,160000,0.446,0.446,0.444,0.444,45950,0
CAP,60,20250224,170000,0.45,0.45,0.44,0.45,5644,0
CAP,60,20250225,100000,0.449,0.455,0.449,0.454,26000,0
CAP,60,20250225,110000,0.453,0.454,0.445,0.453,13385,0
CAP,60,20250225,120000,0.453,0.454,0.453,0.454,10000,0
CAP,60,20250225,130000,0.453,0.453,0.453,0.453,2525,0
CAP,60,20250225,140000,0.453,0.454,0.448,0.448,3418,0
CAP,60,20250225,150000,0.454,0.454,0.454,0.454,40,0
CAP,60,20250225,160000,0.454,0.454,0.454,0.454,200,0
CAP,60,20250225,170000,0.454,0.462,0.452,0.462,27409,0
CAP,60,20250226,100000,0.452,0.46,0.451,0.46,3605,0
CAP,60,20250226,110000,0.46,0.46,0.46,0.46,865,0
CAP,60,20250226,120000,0.46,0.46,0.46,0.46,1100,0
CAP,60,20250226,130000,0.453,0.453,0.453,0.453,2500,0
CAP,60,20250226,150000,0.453,0.461,0.453,0.461,9000,0
CAP,60,20250226,170000,0.461,0.464,0.461,0.464,34757,0
CAP,60,20250227,100000,0.457,0.464,0.457,0.464,4000,0
CAP,60,20250227,110000,0.464,0.475,0.46,0.475,50289,0
CAP,60,20250227,120000,0.474,0.474,0.474,0.474,5000,0
CAP,60,20250227,130000,0.472,0.474,0.472,0.474,5000,0
CAP,60,20250227,150000,0.474,0.474,0.472,0.473,3652,0
CAP,60,20250227,160000,0.472,0.472,0.472,0.472,900,0
CAP,60,20250227,170000,0.464,0.471,0.463,0.463,11058,0
CAP,60,20250228,100000,0.46,0.47,0.46,0.47,2160,0
CAP,60,20250228,110000,0.47,0.47,0.47,0.47,1200,0
CAP,60,20250228,120000,0.47,0.473,0.47,0.473,5000,0
CAP,60,20250228,140000,0.47,0.47,0.47,0.47,75,0
CAP,60,20250228,150000,0.463,0.47,0.459,0.47,13787,0
CAP,60,20250228,160000,0.468,0.468,0.468,0.468,1500,0
CAP,60,20250228,170000,0.468,0.475,0.468,0.475,42126,0
CAP,60,20250303,100000,0.475,0.475,0.475,0.475,22781,0
CAP,60,20250303,110000,0.463,0.475,0.463,0.475,6476,0
CAP,60,20250303,120000,0.475,0.475,0.475,0.475,9500,0
CAP,60,20250303,140000,0.464,0.464,0.464,0.464,6140,0
CAP,60,20250303,150000,0.475,0.475,0.475,0.475,5,0
CAP,60,20250303,160000,0.474,0.474,0.474,0.474,1976,0
CAP,60,20250304,100000,0.474,0.474,0.474,0.474,1244,0
CAP,60,20250304,120000,0.463,0.463,0.462,0.462,7300,0
CAP,60,20250304,130000,0.461,0.47,0.46,0.47,8502,0
CAP,60,20250304,140000,0.468,0.472,0.462,0.472,8720,0
CAP,60,20250304,150000,0.472,0.473,0.472,0.473,1500,0
CAP,60,20250304,160000,0.461,0.461,0.461,0.461,10,0
CAP,60,20250304,170000,0.473,0.473,0.458,0.47,6548,0
CAP,60,20250305,100000,0.457,0.457,0.457,0.457,1032,0
CAP,60,20250305,120000,0.458,0.458,0.453,0.453,20000,0
CAP,60,20250305,130000,0.467,0.467,0.467,0.467,2160,0
CAP,60,20250305,140000,0.467,0.467,0.467,0.467,200,0
CAP,60,20250305,160000,0.46,0.46,0.458,0.458,6000,0
CAP,60,20250305,170000,0.458,0.458,0.457,0.457,5000,0
CAP,60,20250306,100000,0.466,0.466,0.466,0.466,824,0
CAP,60,20250306,120000,0.46,0.46,0.46,0.46,173,0
CAP,60,20250306,130000,0.46,0.46,0.46,0.46,1000,0
CAP,60,20250306,140000,0.46,0.466,0.45,0.466,8978,0
CAP,60,20250306,160000,0.45,0.464,0.45,0.464,4830,0
CAP,60,20250307,100000,0.466,0.466,0.466,0.466,726,0
CAP,60,20250307,110000,0.451,0.462,0.44,0.462,28991,0
CAP,60,20250307,120000,0.445,0.445,0.445,0.445,600,0
CAP,60,20250307,130000,0.446,0.446,0.446,0.446,1174,0
CAP,60,20250307,150000,0.463,0.475,0.455,0.455,35200,0
CAP,60,20250307,160000,0.472,0.472,0.472,0.472,5,0
CAP,60,20250310,100000,0.472,0.473,0.458,0.473,4605,0
CAP,60,20250310,110000,0.473,0.474,0.46,0.46,15915,0
CAP,60,20250310,120000,0.457,0.457,0.455,0.455,7000,0
CAP,60,20250310,130000,0.455,0.455,0.45,0.45,61449,0
CAP,60,20250310,140000,0.45,0.45,0.45,0.45,74275,0
CAP,60,20250310,150000,0.45,0.458,0.45,0.458,4886,0
CAP,60,20250310,160000,0.452,0.458,0.452,0.452,7305,0
CAP,60,20250310,170000,0.46,0.461,0.454,0.454,17400,0
CAP,60,20250311,100000,0.45,0.45,0.446,0.446,7251,0
CAP,60,20250311,110000,0.461,0.462,0.461,0.462,2201,0
CAP,60,20250311,130000,0.45,0.45,0.446,0.446,26450,0
CAP,60,20250311,140000,0.447,0.447,0.447,0.447,2400,0
CAP,60,20250311,150000,0.446,0.446,0.445,0.445,17975,0
CAP,60,20250311,160000,0.459,0.459,0.444,0.459,178,0
CAP,60,20250311,170000,0.45,0.459,0.45,0.459,30715,0
CAP,60,20250312,100000,0.447,0.46,0.447,0.46,6200,0
CAP,60,20250312,110000,0.446,0.458,0.445,0.458,11200,0
CAP,60,20250312,130000,0.458,0.458,0.458,0.458,2000,0
CAP,60,20250312,140000,0.458,0.458,0.45,0.45,5531,0
CAP,60,20250312,150000,0.458,0.458,0.458,0.458,79,0
CAP,60,20250312,160000,0.458,0.458,0.458,0.458,799,0
CAP,60,20250312,170000,0.459,0.462,0.459,0.462,16285,0
CAP,60,20250313,100000,0.462,0.462,0.462,0.462,1005,0
CAP,60,20250313,150000,0.452,0.458,0.451,0.451,6069,0
CAP,60,20250313,170000,0.459,0.46,0.459,0.46,2500,0
CAP,60,20250314,100000,0.46,0.46,0.453,0.453,6767,0
CAP,60,20250314,110000,0.453,0.453,0.453,0.453,1000,0
CAP,60,20250314,130000,0.452,0.452,0.452,0.452,850,0
CAP,60,20250314,160000,0.46,0.46,0.46,0.46,100,0
CAP,60,20250314,170000,0.46,0.461,0.459,0.461,20000,0
CAP,60,20250317,100000,0.46,0.46,0.453,0.46,4229,0
CAP,60,20250317,130000,0.453,0.453,0.453,0.453,3078,0
CAP,60,20250317,150000,0.453,0.453,0.453,0.453,3100,0
CAP,60,20250317,160000,0.453,0.46,0.453,0.46,3000,0
CAP,60,20250318,100000,0.459,0.459,0.45,0.459,38456,0
CAP,60,20250318,110000,0.459,0.461,0.459,0.461,29444,0
CAP,60,20250318,120000,0.462,0.463,0.459,0.463,7255,0
CAP,60,20250318,130000,0.463,0.463,0.459,0.459,2119,0
CAP,60,20250318,140000,0.463,0.463,0.463,0.463,1090,0
CAP,60,20250318,170000,0.46,0.462,0.46,0.462,1350,0
CAP,60,20250319,100000,0.463,0.463,0.463,0.463,648,0
CAP,60,20250319,130000,0.456,0.456,0.45,0.45,30000,0
CAP,60,20250319,140000,0.459,0.46,0.459,0.459,13715,0
CAP,60,20250319,160000,0.45,0.45,0.45,0.45,2206,0
CAP,60,20250319,170000,0.45,0.45,0.45,0.45,1100,0
CAP,60,20250320,100000,0.458,0.458,0.45,0.45,2476,0
CAP,60,20250320,120000,0.45,0.45,0.45,0.45,8000,0
CAP,60,20250320,130000,0.458,0.461,0.45,0.45,26721,0
CAP,60,20250320,140000,0.45,0.45,0.45,0.45,9716,0
CAP,60,20250320,150000,0.45,0.45,0.45,0.45,11388,0
CAP,60,20250320,160000,0.458,0.458,0.458,0.458,100,0
CAP,60,20250320,170000,0.457,0.457,0.457,0.457,2500,0
CAP,60,20250321,100000,0.457,0.46,0.457,0.46,7312,0
CAP,60,20250321,120000,0.451,0.451,0.45,0.45,4423,0
CAP,60,20250321,130000,0.46,0.46,0.45,0.45,5200,0
CAP,60,20250321,140000,0.45,0.45,0.45,0.45,300,0
CAP,60,20250321,150000,0.45,0.45,0.45,0.45,9700,0
CAP,60,20250321,170000,0.456,0.456,0.456,0.456,1000,0
CAP,60,20250324,100000,0.456,0.456,0.456,0.456,721,0
CAP,60,20250324,110000,0.455,0.456,0.45,0.456,10584,0
CAP,60,20250324,140000,0.45,0.456,0.45,0.456,1697,0
CAP,60,20250324,150000,0.458,0.461,0.458,0.461,26008,0
CAP,60,20250325,100000,0.463,0.463,0.46,0.46,1051,0
CAP,60,20250325,130000,0.453,0.453,0.45,0.45,21000,0
CAP,60,20250325,150000,0.458,0.458,0.45,0.45,6400,0
CAP,60,20250325,160000,0.45,0.45,0.45,0.45,4713,0
CAP,60,20250325,170000,0.458,0.458,0.45,0.458,5010,0
CAP,60,20250326,100000,0.457,0.457,0.457,0.457,1464,0
CAP,60,20250326,110000,0.457,0.457,0.45,0.45,8286,0
CAP,60,20250326,120000,0.45,0.45,0.45,0.45,1,0
CAP,60,20250326,130000,0.458,0.458,0.458,0.458,2000,0
CAP,60,20250326,140000,0.45,0.45,0.45,0.45,2500,0
CAP,60,20250326,150000,0.45,0.45,0.45,0.45,1000,0
CAP,60,20250326,160000,0.45,0.45,0.45,0.45,7320,0
CAP,60,20250326,170000,0.457,0.457,0.45,0.457,5010,0
CAP,60,20250327,100000,0.457,0.457,0.45,0.456,7165,0
CAP,60,20250327,110000,0.45,0.456,0.45,0.456,11067,0
CAP,60,20250327,140000,0.451,0.451,0.45,0.45,4700,0
CAP,60,20250327,150000,0.45,0.457,0.45,0.457,22599,0
CAP,60,20250327,160000,0.457,0.457,0.457,0.457,1761,0
CAP,60,20250328,100000,0.451,0.451,0.451,0.451,986,0
CAP,60,20250328,110000,0.459,0.46,0.459,0.46,3000,0
CAP,60,20250328,120000,0.452,0.452,0.452,0.452,3259,0
CAP,60,20250328,140000,0.452,0.452,0.452,0.452,2800,0
CAP,60,20250328,160000,0.452,0.452,0.45,0.45,4053,0
CAP,60,20250328,170000,0.459,0.459,0.45,0.458,16040,0
CAP,60,20250331,100000,0.458,0.458,0.452,0.452,8529,0
CAP,60,20250331,120000,0.452,0.452,0.452,0.452,15000,0
CAP,60,20250331,140000,0.454,0.454,0.452,0.452,5855,0
CAP,60,20250331,150000,0.452,0.452,0.452,0.452,3300,0
CAP,60,20250331,160000,0.452,0.452,0.452,0.452,15570,0
CAP,60,20250331,170000,0.452,0.458,0.452,0.458,26000,0
CAP,60,20250401,100000,0.458,0.464,0.458,0.464,7568,0
CAP,60,20250401,110000,0.454,0.465,0.454,0.454,10154,0
CAP,60,20250401,120000,0.466,0.466,0.466,0.466,3350,0
CAP,60,20250401,130000,0.465,0.465,0.465,0.465,2000,0
CAP,60,20250401,150000,0.454,0.454,0.452,0.452,21676,0
CAP,60,20250401,170000,0.453,0.461,0.453,0.461,3546,0
CAP,60,20250402,100000,0.46,0.461,0.46,0.461,10103,0
CAP,60,20250402,120000,0.454,0.454,0.454,0.454,4050,0
CAP,60,20250402,130000,0.4545,0.4545,0.45,0.45,20000,0
CAP,60,20250402,140000,0.451,0.451,0.45,0.45,10000,0
CAP,60,20250402,150000,0.4505,0.4505,0.45,0.45,10298,0
CAP,60,20250402,160000,0.45,0.45,0.45,0.45,702,0
CAP,60,20250402,170000,0.45,0.457,0.45,0.457,305,0
CAP,60,20250403,100000,0.457,0.457,0.451,0.451,15497,0
CAP,60,20250403,110000,0.451,0.451,0.451,0.451,80000,0
CAP,60,20250403,120000,0.451,0.451,0.45,0.45,74091,0
CAP,60,20250403,130000,0.45,0.45,0.45,0.45,1002,0
CAP,60,20250403,140000,0.45,0.45,0.45,0.45,2498,0
CAP,60,20250403,150000,0.449,0.449,0.446,0.449,4017,0
CAP,60,20250403,160000,0.445,0.446,0.445,0.445,7631,0
CAP,60,20250403,170000,0.449,0.449,0.449,0.449,377,0
CAP,60,20250404,100000,0.454,0.454,0.443,0.443,4341,0
CAP,60,20250404,130000,0.446,0.446,0.43,0.43,53929,0
CAP,60,20250404,140000,0.436,0.436,0.423,0.423,4784,0
CAP,60,20250404,150000,0.43,0.43,0.43,0.43,5200,0
CAP,60,20250404,170000,0.434,0.434,0.434,0.434,1000,0
CAP,60,20250407,100000,0.438,0.439,0.421,0.421,18360,0
CAP,60,20250407,110000,0.41,0.42,0.4,0.42,32920,0
CAP,60,20250407,120000,0.418,0.436,0.418,0.435,18407,0
CAP,60,20250407,130000,0.435,0.435,0.435,0.435,21500,0
CAP,60,20250407,170000,0.438,0.439,0.43,0.439,13577,0
CAP,60,20250408,100000,0.439,0.439,0.432,0.432,9122,0
CAP,60,20250408,110000,0.44,0.44,0.44,0.44,598,0
CAP,60,20250408,120000,0.44,0.442,0.44,0.442,2500,0
CAP,60,20250408,130000,0.442,0.448,0.4345,0.4345,34149,0
CAP,60,20250408,140000,0.433,0.445,0.432,0.445,7544,0
CAP,60,20250408,160000,0.436,0.436,0.4325,0.4325,7980,0
CAP,60,20250408,170000,0.445,0.448,0.445,0.448,6003,0
CAP,60,20250409,100000,0.436,0.445,0.436,0.44,16500,0
CAP,60,20250409,110000,0.451,0.454,0.451,0.454,2400,0
CAP,60,20250409,130000,0.439,0.448,0.437,0.448,10025,0
CAP,60,20250409,150000,0.437,0.448,0.4355,0.4355,9880,0
CAP,60,20250409,170000,0.445,0.445,0.445,0.445,459,0
CAP,60,20250410,100000,0.448,0.454,0.448,0.454,10293,0
CAP,60,20250410,120000,0.4525,0.4525,0.4525,0.4525,100,0
CAP,60,20250410,130000,0.446,0.4525,0.446,0.4525,125,0
CAP,60,20250410,160000,0.446,0.446,0.446,0.446,5930,0
CAP,60,20250410,170000,0.452,0.452,0.444,0.452,6527,0
CAP,60,20250411,100000,0.4515,0.4515,0.4515,0.4515,840,0
CAP,60,20250411,110000,0.4525,0.4525,0.4515,0.452,5400,0
CAP,60,20250411,140000,0.4485,0.4485,0.447,0.447,3200,0
CAP,60,20250411,160000,0.4425,0.4425,0.4425,0.4425,1555,0
CAP,60,20250411,170000,0.441,0.441,0.438,0.438,7400,0
CAP,60,20250414,100000,0.447,0.447,0.44,0.44,1807,0
CAP,60,20250414,110000,0.44,0.447,0.44,0.447,9519,0
CAP,60,20250414,120000,0.447,0.449,0.44,0.44,12500,0
CAP,60,20250414,130000,0.4405,0.4405,0.44,0.44,17164,0
CAP,60,20250414,140000,0.44,0.45,0.44,0.45,14549,0
CAP,60,20250414,150000,0.45,0.455,0.4405,0.453,79890,0
CAP,60,20250414,160000,0.456,0.456,0.453,0.453,11577,0
CAP,60,20250415,100000,0.452,0.456,0.444,0.456,26755,0
CAP,60,20250415,110000,0.45,0.45,0.45,0.45,660,0
CAP,60,20250415,120000,0.45,0.45,0.439,0.439,41131,0
CAP,60,20250415,130000,0.45,0.45,0.4485,0.45,34277,0
CAP,60,20250415,140000,0.45,0.455,0.45,0.455,23900,0
CAP,60,20250415,150000,0.455,0.455,0.444,0.444,7100,0
CAP,60,20250415,160000,0.452,0.452,0.452,0.452,5,0
CAP,60,20250415,170000,0.452,0.453,0.444,0.444,4786,0
CAP,60,20250416,100000,0.45,0.456,0.45,0.456,19000,0
CAP,60,20250416,110000,0.456,0.4615,0.456,0.4615,43569,0
CAP,60,20250416,120000,0.46,0.4605,0.46,0.4605,6846,0
CAP,60,20250416,130000,0.46,0.461,0.46,0.461,5300,0
CAP,60,20250416,150000,0.4605,0.4605,0.459,0.459,1425,0
CAP,60,20250416,160000,0.459,0.459,0.459,0.459,1000,0
CAP,60,20250416,170000,0.456,0.459,0.456,0.459,245,0
CAP,60,20250417,100000,0.4515,0.458,0.4515,0.458,1731,0
CAP,60,20250417,110000,0.451,0.451,0.448,0.448,16000,0
CAP,60,20250417,130000,0.446,0.446,0.444,0.444,12000,0
CAP,60,20250417,140000,0.454,0.454,0.4525,0.4525,8506,0
CAP,60,20250422,100000,0.4525,0.4525,0.444,0.444,11383,0
CAP,60,20250422,110000,0.452,0.452,0.452,0.452,5,0
CAP,60,20250422,120000,0.445,0.4495,0.444,0.4495,17700,0
CAP,60,20250422,130000,0.444,0.444,0.4405,0.4405,17377,0
CAP,60,20250422,140000,0.441,0.441,0.441,0.441,11360,0
CAP,60,20250422,150000,0.4415,0.4485,0.44,0.4405,20396,0
CAP,60,20250422,170000,0.4405,0.4485,0.44,0.4485,7005,0
CAP,60,20250423,100000,0.448,0.448,0.448,0.448,881,0
CAP,60,20250423,120000,0.447,0.448,0.447,0.448,18500,0
CAP,60,20250423,130000,0.441,0.4465,0.44,0.4465,21229,0
CAP,60,20250423,140000,0.4465,0.4465,0.444,0.444,2750,0
CAP,60,20250423,150000,0.444,0.4465,0.444,0.4465,3900,0
CAP,60,20250423,160000,0.4405,0.4405,0.44,0.4405,5107,0
CAP,60,20250423,170000,0.44,0.4465,0.4355,0.4355,29510,0
CAP,60,20250424,100000,0.4365,0.445,0.4365,0.4435,18005,0
CAP,60,20250424,110000,0.444,0.444,0.444,0.444,5375,0
CAP,60,20250424,120000,0.4445,0.4445,0.4445,0.4445,8925,0
CAP,60,20250424,130000,0.4445,0.4445,0.4445,0.4445,75,0
CAP,60,20250424,140000,0.4445,0.4445,0.4445,0.4445,100,0
CAP,60,20250424,150000,0.4445,0.4445,0.437,0.437,7610,0
CAP,60,20250424,170000,0.4445,0.4445,0.4445,0.4445,4989,0
CAP,60,20250425,100000,0.444,0.4445,0.444,0.444,8693,0
CAP,60,20250425,110000,0.4435,0.4435,0.4435,0.4435,3589,0
CAP,60,20250425,120000,0.438,0.438,0.4375,0.4375,20200,0
CAP,60,20250425,130000,0.438,0.438,0.438,0.438,5300,0
CAP,60,20250425,140000,0.438,0.438,0.438,0.438,700,0
CAP,60,20250425,150000,0.437,0.438,0.4365,0.4365,8346,0
CAP,60,20250425,160000,0.4365,0.4425,0.435,0.435,20151,0
CAP,60,20250425,170000,0.441,0.441,0.441,0.441,10,0
CAP,60,20250428,110000,0.441,0.442,0.441,0.442,7000,0
CAP,60,20250428,120000,0.434,0.4345,0.432,0.432,14373,0
CAP,60,20250428,130000,0.4395,0.4395,0.4395,0.4395,1444,0
CAP,60,20250428,160000,0.4395,0.4415,0.4395,0.4415,5443,0
CAP,60,20250428,170000,0.434,0.434,0.434,0.434,2089,0
CAP,60,20250429,100000,0.441,0.441,0.441,0.441,841,0
CAP,60,20250429,120000,0.44,0.4415,0.44,0.4415,3900,0
CAP,60,20250429,130000,0.4415,0.4415,0.44,0.44,11204,0
CAP,60,20250429,140000,0.438,0.438,0.4355,0.4355,2500,0
CAP,60,20250429,150000,0.4415,0.4425,0.4385,0.4385,13600,0
CAP,60,20250429,160000,0.443,0.4435,0.443,0.4435,5000,0
CAP,60,20250429,170000,0.4435,0.4435,0.4435,0.4435,150,0
CAP,60,20250430,100000,0.4405,0.445,0.4405,0.445,19705,0
CAP,60,20250430,110000,0.445,0.45,0.445,0.4495,6690,0
CAP,60,20250430,120000,0.4495,0.4495,0.4495,0.4495,315,0
CAP,60,20250430,130000,0.446,0.446,0.444,0.444,14944,0
CAP,60,20250430,140000,0.449,0.4495,0.449,0.4495,5000,0
CAP,60,20250430,150000,0.4495,0.45,0.4495,0.45,5000,0
CAP,60,20250430,160000,0.451,0.452,0.451,0.452,2500,0
CAP,60,20250430,170000,0.452,0.454,0.452,0.454,9000,0
CAP,60,20250502,100000,0.4535,0.4535,0.44,0.45,5713,0
CAP,60,20250502,110000,0.45,0.45,0.45,0.45,10700,0
CAP,60,20250502,120000,0.45,0.454,0.444,0.4535,12305,0
CAP,60,20250502,140000,0.444,0.444,0.444,0.444,90,0
CAP,60,20250502,160000,0.4525,0.4525,0.4525,0.4525,5,0
CAP,60,20250502,170000,0.4515,0.453,0.4515,0.453,15610,0
CAP,60,20250505,100000,0.453,0.453,0.4435,0.445,18624,0
CAP,60,20250505,110000,0.4525,0.4525,0.4525,0.4525,5,0
CAP,60,20250505,120000,0.45,0.4525,0.45,0.45,17300,0
CAP,60,20250505,140000,0.45,0.45,0.45,0.45,500,0
CAP,60,20250505,170000,0.45,0.452,0.45,0.452,1319,0
CAP,60,20250506,100000,0.45,0.453,0.444,0.45,17691,0
CAP,60,20250506,120000,0.444,0.444,0.444,0.444,297,0
CAP,60,20250506,140000,0.444,0.444,0.444,0.444,316,0
CAP,60,20250506,150000,0.444,0.444,0.444,0.444,3584,0
CAP,60,20250506,170000,0.444,0.4495,0.444,0.4495,355,0
