<TICKER>,<PER>,<DATE>,<TIME>,<OPEN>,<HIGH>,<LOW>,<CLOSE>,<VOL>,<OPENINT>
CTX,60,20240411,100000,75.4,76.6,74.6,74.6,81,0
CTX,60,20240411,110000,76,77.2,75.6,75.6,62,0
CTX,60,20240411,120000,76,76,75.6,75.6,6577,0
CTX,60,20240411,130000,75.8,78,75.8,78,954,0
CTX,60,20240411,150000,78.2,78.2,78.2,78.2,12,0
CTX,60,20240411,160000,78,79.2,78,78.6,273,0
CTX,60,20240411,170000,79.2,81.8,79,80,551,0
CTX,60,20240412,100000,81.6,83.4,81.4,82.8,1356,0
CTX,60,20240412,110000,82.6,82.6,81.2,81.6,174,0
CTX,60,20240412,120000,82,82.8,82,82.8,300,0
CTX,60,20240412,130000,82.6,82.6,82.6,82.6,60,0
CTX,60,20240412,140000,82.4,82.4,81.2,81.2,546,0
CTX,60,20240412,150000,81,82.4,81,81,56,0
CTX,60,20240412,160000,81,81,79.6,79.6,132,0
CTX,60,20240412,170000,79,81,79,81,563,0
CTX,60,20240415,110000,79,79,79,79,50,0
CTX,60,20240415,120000,81.4,81.4,79,79,6,0
CTX,60,20240415,130000,80,80,80,80,13,0
CTX,60,20240415,140000,79,80,78.8,80,3094,0
CTX,60,20240415,150000,81.8,82.2,81.8,82.2,5,0
CTX,60,20240415,170000,79,79,79,79,13,0
CTX,60,20240416,100000,81.4,81.8,81.4,81.6,24,0
CTX,60,20240416,110000,81.2,81.2,79,81.2,80,0
CTX,60,20240416,120000,81.2,81.8,79,79,1026,0
CTX,60,20240416,130000,81.8,81.8,81.8,81.8,1,0
CTX,60,20240416,140000,79.6,81.6,79.6,81,3084,0
CTX,60,20240416,160000,81,81.4,80.4,81.4,713,0
CTX,60,20240416,170000,80.4,81.4,79.2,79.2,3248,0
CTX,60,20240417,100000,81.6,81.8,81.6,81.8,76,0
CTX,60,20240417,110000,81.8,82,79.4,82,87,0
CTX,60,20240417,120000,82,82,81,81.6,429,0
CTX,60,20240417,130000,81.6,81.6,81.6,81.6,28,0
CTX,60,20240417,140000,81.6,81.6,81,81.6,89,0
CTX,60,20240417,150000,81.6,81.6,81,81.6,447,0
CTX,60,20240417,160000,81.6,82,81,82,65,0
CTX,60,20240417,170000,81.8,81.8,80.2,80.2,24,0
CTX,60,20240418,100000,81.8,81.8,81.8,81.8,200,0
CTX,60,20240418,110000,80.2,82,80.2,82,92,0
CTX,60,20240418,130000,81.2,81.2,81.2,81.2,35,0
CTX,60,20240418,140000,81.6,81.6,81.6,81.6,2,0
CTX,60,20240418,150000,81.6,82,81.2,81.2,302,0
CTX,60,20240418,160000,81.2,81.2,81.2,81.2,20,0
CTX,60,20240418,170000,81.8,82.4,81.2,82.4,122,0
CTX,60,20240419,100000,82.2,82.2,82,82.2,55,0
CTX,60,20240419,110000,82.2,82.2,82.2,82.2,22,0
CTX,60,20240419,130000,82.2,82.2,82.2,82.2,145,0
CTX,60,20240419,140000,82.2,82.2,82.2,82.2,60,0
CTX,60,20240419,150000,80.4,80.4,80.2,80.2,52,0
CTX,60,20240419,160000,80.2,81.2,80.2,81.2,9,0
CTX,60,20240419,170000,80.2,80.2,80.2,80.2,66,0
CTX,60,20240422,100000,82,82,81.8,82,575,0
CTX,60,20240422,110000,82,82,80,80,199,0
CTX,60,20240422,120000,80,82,80,80.6,492,0
CTX,60,20240422,130000,80.6,81.6,80.2,80.2,110,0
CTX,60,20240422,140000,81.4,82,80,80,684,0
CTX,60,20240422,160000,80,80,80,80,17,0
CTX,60,20240422,170000,80,80,80,80,260,0
CTX,60,20240423,100000,81.6,81.6,81.6,81.6,13,0
CTX,60,20240423,110000,80,80,79.2,80,183,0
CTX,60,20240423,120000,79.8,79.8,79.8,79.8,2,0
CTX,60,20240423,130000,81.2,81.2,81.2,81.2,2,0
CTX,60,20240423,140000,79.8,81.2,79.8,81.2,18,0
CTX,60,20240423,150000,81,81,79.6,80,1675,0
CTX,60,20240423,160000,80,80.2,80,80,286,0
CTX,60,20240423,170000,80,81.2,80,81.2,1447,0
CTX,60,20240424,100000,82,82,81.6,82,100,0
CTX,60,20240424,110000,81.6,81.6,81.6,81.6,75,0
CTX,60,20240424,120000,81.6,81.6,81.6,81.6,32,0
CTX,60,20240424,140000,81.6,81.6,81.6,81.6,65,0
CTX,60,20240424,150000,81.2,81.2,80,80,100,0
CTX,60,20240424,160000,80,80,79.8,79.8,710,0
CTX,60,20240424,170000,81.2,81.2,81.2,81.2,10,0
CTX,60,20240425,100000,81.8,81.8,81.2,81.2,101,0
CTX,60,20240425,110000,81.2,81.4,81,81,107,0
CTX,60,20240425,120000,81,81,79.8,79.8,58,0
CTX,60,20240425,130000,79.8,81,79.8,81,159,0
CTX,60,20240425,150000,80.6,81,80,81,4602,0
CTX,60,20240425,160000,81,81,80,80,611,0
CTX,60,20240425,170000,80.2,80.2,80,80,56,0
CTX,60,20240426,100000,80,81.8,80,80,104,0
CTX,60,20240426,110000,80,80,80,80,261,0
CTX,60,20240426,120000,80,80,80,80,501,0
CTX,60,20240426,150000,80,80,79.8,79.8,153,0
CTX,60,20240429,100000,79.8,80,79.8,80,700,0
CTX,60,20240429,130000,80,80,80,80,40,0
CTX,60,20240429,140000,80,80,80,80,20,0
CTX,60,20240429,150000,80,80,79.8,79.8,1100,0
CTX,60,20240429,160000,80,80,80,80,30,0
CTX,60,20240429,170000,80,80,79.8,79.8,521,0
CTX,60,20240430,100000,79.8,80,79.8,80,302,0
CTX,60,20240430,110000,80,80,80,80,5,0
CTX,60,20240430,120000,80,80,80,80,2,0
CTX,60,20240430,130000,81,81,81,81,1,0
CTX,60,20240430,140000,80,80,80,80,21,0
CTX,60,20240430,160000,80,81,80,80,221,0
CTX,60,20240430,170000,80,82.8,80,80,502,0
CTX,60,20240502,100000,82.8,82.8,82.8,82.8,8,0
CTX,60,20240502,110000,80,80,80,80,1,0
CTX,60,20240502,130000,80,82.8,80,82.8,44,0
CTX,60,20240502,160000,80,80,80,80,23,0
CTX,60,20240502,170000,79.8,83,79.8,83,554,0
CTX,60,20240506,100000,83,86.4,80,86,1061,0
CTX,60,20240506,110000,85.8,85.8,85.8,85.8,7,0
CTX,60,20240506,120000,80,80,80,80,1,0
CTX,60,20240506,130000,83,83,82,83,182,0
CTX,60,20240506,140000,82,83,82,83,11,0
CTX,60,20240506,150000,83,83,82,82,5,0
CTX,60,20240506,160000,82.2,82.2,80,80.2,100,0
CTX,60,20240506,170000,82,82,80,80,19,0
CTX,60,20240507,100000,81,81,81,81,66,0
CTX,60,20240507,110000,82.8,83,81.2,82.4,373,0
CTX,60,20240507,120000,83,83,83,83,89,0
CTX,60,20240507,130000,83,83,83,83,10,0
CTX,60,20240507,140000,81.2,81.2,81.2,81.2,27,0
CTX,60,20240507,160000,81.2,81.2,81,81,50,0
CTX,60,20240507,170000,82.8,82.8,81.6,82.8,65,0
CTX,60,20240508,120000,81,82.6,73,79.2,1714,0
CTX,60,20240508,140000,81,82,79,79,301,0
CTX,60,20240508,150000,79.6,79.6,78,79.4,452,0
CTX,60,20240508,160000,78.2,78.2,78.2,78.2,6,0
CTX,60,20240508,170000,79,79.4,79,79.4,80,0
CTX,60,20240509,100000,80.4,80.4,78.6,78.6,90,0
CTX,60,20240509,110000,79.6,79.6,79.6,79.6,1255,0
CTX,60,20240509,120000,79,79,78.6,79,101,0
CTX,60,20240509,160000,79,79,79,79,128,0
CTX,60,20240509,170000,79,79,78,78,654,0
CTX,60,20240510,100000,78,78,78,78,2,0
CTX,60,20240510,130000,79.8,79.8,78,78,40,0
CTX,60,20240510,140000,77.6,77.6,74.4,75.2,181,0
CTX,60,20240510,150000,75.4,79.2,75.2,79.2,46,0
CTX,60,20240510,170000,76.6,76.6,76.4,76.4,22,0
CTX,60,20240513,100000,76.2,79,75.2,78.6,60,0
CTX,60,20240513,120000,78.6,78.6,78.6,78.6,14,0
CTX,60,20240513,130000,78,78,75.2,75.2,16,0
CTX,60,20240513,160000,76.2,76.2,76.2,76.2,12,0
CTX,60,20240513,170000,76.2,78,76.2,77,4,0
CTX,60,20240514,100000,77,77,77,77,3,0
CTX,60,20240514,110000,77,77,74.4,74.4,200,0
CTX,60,20240514,120000,74.4,77.6,72.6,77.6,403,0
CTX,60,20240514,160000,75.2,77.4,75.2,77.2,135,0
CTX,60,20240514,170000,77.2,77.2,77.2,77.2,114,0
CTX,60,20240515,100000,77.2,77.4,72.8,77.4,78,0
CTX,60,20240515,110000,74,77.4,74,77.4,4,0
CTX,60,20240515,120000,77.2,77.2,77.2,77.2,650,0
CTX,60,20240515,130000,77,77.2,76.6,77.2,416,0
CTX,60,20240515,160000,77,77,74.2,74.2,1550,0
CTX,60,20240515,170000,75.2,77.2,74.8,77.2,65,0
CTX,60,20240516,100000,74.8,75,73,74.4,179,0
CTX,60,20240516,110000,75,75,74.6,74.6,156,0
CTX,60,20240516,120000,74.6,74.6,73.4,74.4,93,0
CTX,60,20240516,140000,74.2,74.2,74.2,74.2,1,0
CTX,60,20240516,150000,74.2,75,74.2,75,143,0
CTX,60,20240516,160000,75,75,74,74,108,0
CTX,60,20240516,170000,74.4,77,74.4,76,1097,0
CTX,60,20240517,100000,74,74.2,74,74.2,61,0
CTX,60,20240517,120000,75,75,75,75,60,0
CTX,60,20240517,140000,76,76,76,76,100,0
CTX,60,20240517,150000,76,77,76,77,100,0
CTX,60,20240517,160000,77,77,77,77,41,0
CTX,60,20240517,170000,77,77,76,76,82,0
CTX,60,20240520,100000,77.4,77.4,77.4,77.4,6,0
CTX,60,20240520,110000,77.4,78,74,74,643,0
CTX,60,20240520,120000,75.8,75.8,75.8,75.8,6,0
CTX,60,20240520,160000,76,76,76,76,18,0
CTX,60,20240520,170000,76,77.8,76,76,26,0
CTX,60,20240521,100000,77.8,77.8,77.8,77.8,186,0
CTX,60,20240521,110000,77.8,77.8,76.8,76.8,21,0
CTX,60,20240521,130000,77,77.8,77,77.8,23,0
CTX,60,20240521,150000,77.8,77.8,77.8,77.8,47,0
CTX,60,20240521,170000,77.8,77.8,76.4,76.4,56,0
CTX,60,20240522,100000,76.6,78,76.6,77.6,209,0
CTX,60,20240522,110000,77.6,78,77.6,78,467,0
CTX,60,20240522,120000,78,78,78,78,551,0
CTX,60,20240522,130000,78,78,78,78,20,0
CTX,60,20240522,140000,77.8,77.8,77.8,77.8,2,0
CTX,60,20240522,160000,78,78,78,78,1,0
CTX,60,20240523,120000,76.2,78,76,78,451,0
CTX,60,20240523,130000,78,78.6,78,78.6,591,0
CTX,60,20240523,140000,78,78,77.8,77.8,3,0
CTX,60,20240523,150000,77.8,78,77.8,78,90,0
CTX,60,20240523,160000,78.2,78.6,76.4,76.4,61,0
CTX,60,20240523,170000,78.4,78.4,78.4,78.4,7,0
CTX,60,20240524,120000,78.4,78.4,76,76,157,0
CTX,60,20240524,130000,77,77,76,76,26,0
CTX,60,20240524,140000,76,76,76,76,18,0
CTX,60,20240524,150000,76,78,75.4,75.4,163,0
CTX,60,20240524,160000,76,76,76,76,2,0
CTX,60,20240524,170000,76,76,76,76,46,0
CTX,60,20240527,110000,76,76,74.6,75,180,0
CTX,60,20240527,120000,75,75,75,75,68,0
CTX,60,20240527,140000,75,75,75,75,67,0
CTX,60,20240527,150000,75,75,75,75,35,0
CTX,60,20240527,160000,75,75,75,75,28,0
CTX,60,20240527,170000,74.8,74.8,74.8,74.8,18,0
CTX,60,20240528,100000,74.8,74.8,74.4,74.4,16,0
CTX,60,20240528,130000,75.2,75.2,75,75,25,0
CTX,60,20240528,170000,77.8,78.6,77.8,78.6,400,0
CTX,60,20240529,100000,78.4,78.4,78.4,78.4,10,0
CTX,60,20240529,120000,75.6,77,75.6,77,33,0
CTX,60,20240529,130000,76.4,76.4,75.8,75.8,21,0
CTX,60,20240529,150000,75.8,75.8,75.8,75.8,20,0
CTX,60,20240529,160000,75.8,75.8,75.8,75.8,23,0
CTX,60,20240531,100000,75,75,72.8,74.8,125,0
CTX,60,20240531,110000,74,74,74,74,5,0
CTX,60,20240531,120000,75,75,75,75,20,0
CTX,60,20240531,150000,74.6,74.6,74.6,74.6,103,0
CTX,60,20240531,160000,74.6,74.6,73.6,73.6,67,0
CTX,60,20240531,170000,74,74,73,73,61,0
CTX,60,20240603,100000,73,75,73,75,8,0
CTX,60,20240603,140000,74.6,74.6,74.6,74.6,39,0
CTX,60,20240603,170000,73.6,73.6,72.8,72.8,23,0
CTX,60,20240604,100000,72.8,72.8,72.8,72.8,36,0
CTX,60,20240604,110000,74.8,75,74.8,75,20,0
CTX,60,20240604,120000,73.4,73.4,73.2,73.2,15,0
CTX,60,20240604,160000,74.4,75,74.4,75,6,0
CTX,60,20240604,170000,75,75,75,75,35,0
CTX,60,20240605,100000,78.4,78.4,78.4,78.4,37,0
CTX,60,20240605,110000,74.4,74.4,72,73,159,0
CTX,60,20240605,120000,71.6,72.8,70.6,71.6,96,0
CTX,60,20240605,130000,71.6,72.8,71.6,72.8,152,0
CTX,60,20240605,140000,72,72,70.6,71,189,0
CTX,60,20240605,150000,70.6,71.8,69.6,70,3818,0
CTX,60,20240605,160000,71.4,72.8,71,72,647,0
CTX,60,20240605,170000,72.8,73.4,72.8,73,274,0
CTX,60,20240606,100000,73,73,70,72.2,77,0
CTX,60,20240606,120000,72.2,72.2,72.2,72.2,15,0
CTX,60,20240606,130000,72.2,72.2,72.2,72.2,20,0
CTX,60,20240606,140000,71.8,71.8,71.6,71.6,8,0
CTX,60,20240606,160000,71.6,72,71.2,72,65,0
CTX,60,20240606,170000,71.4,71.6,71.4,71.6,53,0
CTX,60,20240607,100000,71.4,71.4,71.2,71.2,34,0
CTX,60,20240607,110000,71.2,71.2,68.8,70,999,0
CTX,60,20240607,120000,70,70,70,70,46,0
CTX,60,20240607,140000,71.4,71.4,71.2,71.2,17,0
CTX,60,20240607,150000,70,71.4,70,71.4,238,0
CTX,60,20240607,160000,71.4,71.4,69.6,69.6,33,0
CTX,60,20240607,170000,71,74,71,74,803,0
CTX,60,20240610,100000,74,74,73.8,73.8,23,0
CTX,60,20240610,110000,73.2,73.2,70.2,70.2,30,0
CTX,60,20240610,120000,72.6,72.6,72.6,72.6,14,0
CTX,60,20240610,140000,72,72.6,70.2,72.6,51,0
CTX,60,20240610,170000,72.6,72.6,71.4,71.4,7,0
CTX,60,20240611,130000,71.4,71.4,70,70,137,0
CTX,60,20240611,140000,70,70,70,70,5,0
CTX,60,20240611,150000,70,70,70,70,373,0
CTX,60,20240611,160000,70,70,70,70,1,0
CTX,60,20240611,170000,69.8,70,69.6,70,28,0
CTX,60,20240612,100000,71.2,71.2,70,70,305,0
CTX,60,20240612,110000,70,70,69.4,69.4,26,0
CTX,60,20240612,120000,69.4,69.4,69.4,69.4,116,0
CTX,60,20240612,130000,69.4,70,69.4,70,107,0
CTX,60,20240612,150000,69.8,69.8,69.8,69.8,2,0
CTX,60,20240612,160000,70,71,70,71,9,0
CTX,60,20240613,100000,73.6,78.6,73.4,77,876,0
CTX,60,20240613,110000,76.8,76.8,72.4,75,515,0
CTX,60,20240613,120000,73.2,75,73,73,341,0
CTX,60,20240613,130000,73.2,77,71.4,74,1703,0
CTX,60,20240613,140000,74,74,73.6,73.6,1609,0
CTX,60,20240613,160000,74.6,75,74.6,75,100,0
CTX,60,20240613,170000,74.6,78.8,74.6,78.8,775,0
CTX,60,20240614,100000,79,79,77,77,823,0
CTX,60,20240614,110000,77,77,74,74,54,0
CTX,60,20240614,120000,76,76.8,76,76.8,188,0
CTX,60,20240614,130000,76.8,76.8,76.8,76.8,17,0
CTX,60,20240614,140000,76.8,77,76.8,77,30,0
CTX,60,20240614,150000,77,79,75,75,332,0
CTX,60,20240614,170000,78,79,76,79,403,0
CTX,60,20240617,100000,79,79,79,79,125,0
CTX,60,20240617,150000,78.8,78.8,78.8,78.8,7,0
CTX,60,20240617,160000,76,76,75.2,75.2,42,0
CTX,60,20240617,170000,74.6,74.6,74,74,106,0
CTX,60,20240618,100000,74,75,74,75,20,0
CTX,60,20240618,110000,75,75,75,75,3,0
CTX,60,20240618,140000,75,75,75,75,2,0
CTX,60,20240618,150000,75.8,75.8,75.8,75.8,64,0
CTX,60,20240618,160000,77.4,77.4,77.4,77.4,29,0
CTX,60,20240618,170000,77.4,79,77.4,79,537,0
CTX,60,20240619,100000,78,78,78,78,12,0
CTX,60,20240619,130000,78,78,78,78,48,0
CTX,60,20240619,150000,79,79,78,79,352,0
CTX,60,20240619,160000,78,78,78,78,11,0
CTX,60,20240620,100000,79,79,79,79,62,0
CTX,60,20240620,110000,78,78,78,78,5,0
CTX,60,20240620,160000,78,78,78,78,8,0
CTX,60,20240620,170000,78,78.8,78,78.8,9,0
CTX,60,20240621,100000,78.8,78.8,78.8,78.8,24,0
CTX,60,20240621,120000,78.8,78.8,78.8,78.8,10,0
CTX,60,20240621,160000,78,78,78,78,21,0
CTX,60,20240621,170000,78.8,80,78.8,80,952,0
CTX,60,20240624,100000,80,80,80,80,4,0
CTX,60,20240624,110000,80,80,80,80,15,0
CTX,60,20240624,130000,80,80,80,80,93,0
CTX,60,20240624,150000,80,80,80,80,70,0
CTX,60,20240624,160000,78.8,80,75.2,75.2,71,0
CTX,60,20240624,170000,79.6,80,76,80,569,0
CTX,60,20240625,100000,80.8,80.8,79,79,63,0
CTX,60,20240625,130000,75.2,75.2,75.2,75.2,10,0
CTX,60,20240625,140000,78.8,78.8,78.8,78.8,1,0
CTX,60,20240625,150000,79,79,79,79,15,0
CTX,60,20240625,170000,78.6,78.6,78.6,78.6,13,0
CTX,60,20240626,100000,76.4,76.4,76.2,76.2,10,0
CTX,60,20240626,160000,77.2,77.2,77.2,77.2,56,0
CTX,60,20240626,170000,80.4,80.4,78.8,80.2,495,0
CTX,60,20240627,100000,76.4,76.4,76.4,76.4,55,0
CTX,60,20240627,110000,76.4,76.4,76.4,76.4,75,0
CTX,60,20240627,130000,78,78.2,76.2,76.2,29,0
CTX,60,20240627,140000,78,78.2,76.8,76.8,18,0
CTX,60,20240627,150000,78,78.2,74.2,78.2,309,0
CTX,60,20240627,160000,78,78,78,78,77,0
CTX,60,20240627,170000,79.2,79.2,79.2,79.2,421,0
CTX,60,20240628,120000,76,76,75.2,75.2,190,0
CTX,60,20240628,130000,75.2,76.2,75.2,76.2,117,0
CTX,60,20240628,140000,75.6,75.6,75.6,75.6,22,0
CTX,60,20240628,150000,75.6,75.6,75.6,75.6,11,0
CTX,60,20240628,170000,76.6,77.4,76.6,77.4,359,0
CTX,60,20240701,100000,77.4,77.4,76.2,76.8,21,0
CTX,60,20240701,110000,76,76,76,76,10,0
CTX,60,20240701,120000,76.2,76.2,76,76,214,0
CTX,60,20240701,170000,77,77.4,76,76.8,561,0
CTX,60,20240702,120000,76,76,76,76,28,0
CTX,60,20240702,140000,75.4,75.4,74,74,42,0
CTX,60,20240702,150000,75.8,75.8,75.8,75.8,763,0
CTX,60,20240702,160000,75.8,75.8,75.8,75.8,1,0
CTX,60,20240702,170000,74.8,74.8,74.8,74.8,42,0
CTX,60,20240703,100000,74,74.6,74,74,45,0
CTX,60,20240703,130000,74,74,70.2,73,339,0
CTX,60,20240703,150000,73,73,73,73,9,0
CTX,60,20240703,170000,73,73.6,72,73.6,600,0
CTX,60,20240704,100000,72.2,72.2,72,72,19,0
CTX,60,20240704,130000,71.6,72.6,70,72.6,288,0
CTX,60,20240704,140000,70.2,70.2,69.6,69.6,176,0
CTX,60,20240704,150000,71.6,71.6,71.6,71.6,770,0
CTX,60,20240704,160000,70.2,72,70,72,355,0
CTX,60,20240704,170000,71.6,71.8,70,71.8,440,0
CTX,60,20240705,100000,72.2,72.2,72,72,128,0
CTX,60,20240705,120000,72,72,72,72,32,0
CTX,60,20240705,130000,72,72,72,72,31,0
CTX,60,20240705,140000,70.4,70.4,70,70,420,0
CTX,60,20240705,150000,70,70,70,70,200,0
CTX,60,20240705,160000,70,71.4,70,70,301,0
CTX,60,20240705,170000,70.8,71.4,70.8,71.4,414,0
CTX,60,20240708,100000,72,72.6,72,72,547,0
CTX,60,20240708,120000,72.2,72.2,71.4,71.4,390,0
CTX,60,20240708,130000,71.8,72,71.8,72,223,0
CTX,60,20240708,150000,72,72,72,72,28,0
CTX,60,20240708,160000,72,72.2,72,72,440,0
CTX,60,20240708,170000,72.2,74.4,72.2,74.4,1381,0
CTX,60,20240709,100000,73,73,73,73,100,0
CTX,60,20240709,110000,74.8,76,74.8,76,1667,0
CTX,60,20240709,120000,75.8,76,74.8,74.8,1430,0
CTX,60,20240709,130000,75.8,76,75.8,76,565,0
CTX,60,20240709,140000,80,80,76.4,76.4,232,0
CTX,60,20240709,150000,79.8,80,78,78,361,0
CTX,60,20240709,160000,79.8,80,76.4,76.4,822,0
CTX,60,20240709,170000,76.2,78,76.2,78,1417,0
CTX,60,20240710,100000,79.4,79.4,79.4,79.4,1,0
CTX,60,20240710,110000,78.2,78.2,75.6,78,31,0
CTX,60,20240710,120000,76.2,76.2,76.2,76.2,7,0
CTX,60,20240710,130000,76.2,76.2,76.2,76.2,23,0
CTX,60,20240710,140000,77.6,78,77.6,78,368,0
CTX,60,20240710,150000,77.8,77.8,77.8,77.8,70,0
CTX,60,20240710,160000,77.8,79.2,77.6,77.6,533,0
CTX,60,20240710,170000,76.8,76.8,76.8,76.8,680,0
CTX,60,20240711,110000,77,78,76,78,191,0
CTX,60,20240711,140000,75.6,75.6,75.6,75.6,3,0
CTX,60,20240711,150000,75.6,75.6,75.6,75.6,10,0
CTX,60,20240711,170000,76,78,76,78,651,0
CTX,60,20240712,100000,75.8,76.4,75.8,76.2,188,0
CTX,60,20240712,130000,76.2,76.2,76,76,500,0
CTX,60,20240712,140000,77,77.2,77,77.2,250,0
CTX,60,20240712,150000,77.2,77.4,77.2,77.4,46,0
CTX,60,20240712,170000,77.4,79,77,79,824,0
CTX,60,20240715,100000,79,79,77,77,226,0
CTX,60,20240715,110000,77,77,76,76,299,0
CTX,60,20240715,120000,76.4,76.8,76.4,76.8,33,0
CTX,60,20240715,140000,77,77,77,77,92,0
CTX,60,20240715,150000,77,77,77,77,22,0
CTX,60,20240715,160000,76.8,78.4,76.8,78.4,329,0
CTX,60,20240715,170000,78.4,78.6,77,78,1696,0
CTX,60,20240716,100000,78.6,78.6,78.6,78.6,30,0
CTX,60,20240716,110000,78.6,78.6,77.4,78.6,37,0
CTX,60,20240716,120000,77.6,77.6,77.6,77.6,5,0
CTX,60,20240716,130000,77.6,77.6,77.6,77.6,1,0
CTX,60,20240716,140000,77.6,77.6,77.4,77.4,149,0
CTX,60,20240716,150000,77.2,77.4,76,77.4,630,0
CTX,60,20240716,160000,76,76,76,76,80,0
CTX,60,20240716,170000,77.4,78,76,78,984,0
CTX,60,20240717,100000,76.2,79,76.2,76.6,46,0
CTX,60,20240717,110000,76.6,76.6,76.6,76.6,20,0
CTX,60,20240717,120000,77.2,77.2,76.4,76.4,400,0
CTX,60,20240717,130000,76.6,78.8,76.6,78.8,648,0
CTX,60,20240717,140000,77.4,78.8,77.4,77.4,20,0
CTX,60,20240717,150000,78.8,78.8,77,77,706,0
CTX,60,20240717,160000,77.2,77.8,77,77,383,0
CTX,60,20240717,170000,77,78,76.8,78,823,0
CTX,60,20240718,100000,77.4,77.4,77.2,77.2,240,0
CTX,60,20240718,110000,78,78.2,77,78.2,462,0
CTX,60,20240718,120000,77,77,77,77,43,0
CTX,60,20240718,140000,77.2,77.2,77,77,250,0
CTX,60,20240718,160000,77,77,77,77,260,0
CTX,60,20240718,170000,76.8,76.8,76.4,76.4,442,0
CTX,60,20240719,100000,76.4,76.4,76.4,76.4,155,0
CTX,60,20240719,110000,76.4,76.4,76.4,76.4,19,0
CTX,60,20240719,120000,76.2,76.2,75.4,75.4,44,0
CTX,60,20240719,130000,76.2,76.4,76.2,76.4,20,0
CTX,60,20240719,140000,76.4,76.4,76.4,76.4,11,0
CTX,60,20240719,160000,77.4,77.4,77.4,77.4,20,0
CTX,60,20240719,170000,77.8,78,77.8,78,500,0
CTX,60,20240722,100000,78,78,78,78,40,0
CTX,60,20240722,110000,78,78,77,78,343,0
CTX,60,20240722,120000,78,78,77.6,78,237,0
CTX,60,20240722,130000,78,78,77.8,78,1466,0
CTX,60,20240722,140000,78.6,78.8,78,78.8,1509,0
CTX,60,20240722,150000,78.8,78.8,78.2,78.8,575,0
CTX,60,20240722,160000,78.8,80,78.6,79.8,1767,0
CTX,60,20240722,170000,79.8,79.8,79,79.8,1384,0
CTX,60,20240723,100000,80.4,80.4,80,80,1304,0
CTX,60,20240723,110000,80,81,80,81,1091,0
CTX,60,20240723,120000,80.8,81,80.4,80.8,108,0
CTX,60,20240723,130000,80.8,81,79.8,79.8,348,0
CTX,60,20240723,140000,79.4,79.4,78.8,79.4,207,0
CTX,60,20240723,150000,79.4,80,79.4,80,125,0
CTX,60,20240723,160000,79.8,80,79.6,80,231,0
CTX,60,20240723,170000,79.6,80.4,79.6,80.4,314,0
CTX,60,20240724,100000,81,81,78.6,79.2,99,0
CTX,60,20240724,110000,81,81,81,81,11,0
CTX,60,20240724,120000,80.6,80.6,79,80.4,89,0
CTX,60,20240724,140000,79.6,79.6,79.6,79.6,39,0
CTX,60,20240724,150000,79.6,79.6,79,79,296,0
CTX,60,20240724,170000,78.8,79,78.6,79,38,0
CTX,60,20240725,100000,78.8,78.8,76,76,253,0
CTX,60,20240725,110000,77,77,76.4,76.4,38,0
CTX,60,20240725,130000,78,78,78,78,21,0
CTX,60,20240725,140000,78,78,76.4,76.4,309,0
CTX,60,20240725,160000,76.6,76.6,76.6,76.6,2,0
CTX,60,20240725,170000,78.2,78.2,77,77,200,0
CTX,60,20240726,100000,77,77,77,77,18,0
CTX,60,20240726,110000,78.4,79,76.8,78.8,386,0
CTX,60,20240726,120000,78.8,78.8,78.8,78.8,34,0
CTX,60,20240726,130000,77.2,78.2,76.6,78.2,306,0
CTX,60,20240726,140000,77.6,78,77.6,78,194,0
CTX,60,20240726,160000,77.2,77.2,77,77,41,0
CTX,60,20240726,170000,78.8,78.8,78.8,78.8,10,0
CTX,60,20240729,100000,78.8,78.8,76.6,76.6,114,0
CTX,60,20240729,110000,76.8,76.8,76.8,76.8,3,0
CTX,60,20240729,120000,77,77,77,77,1,0
CTX,60,20240729,140000,77,77,76.8,76.8,29,0
CTX,60,20240729,170000,77.4,77.4,77.4,77.4,75,0
CTX,60,20240730,110000,77.8,77.8,77.8,77.8,20,0
CTX,60,20240730,120000,77,77.8,77,77.8,55,0
CTX,60,20240730,130000,76.4,77.4,76.4,77.4,80,0
CTX,60,20240730,140000,77.6,77.6,77.6,77.6,2,0
CTX,60,20240731,100000,77,77,77,77,40,0
CTX,60,20240731,130000,77,77,77,77,15,0
CTX,60,20240731,150000,78,78.8,78,78.6,185,0
CTX,60,20240731,170000,78.6,80.6,78.4,80.6,1033,0
CTX,60,20240801,100000,79,81,79,81,42,0
CTX,60,20240801,130000,80.8,83.8,80.8,83.8,2122,0
CTX,60,20240801,140000,83.8,83.8,83.6,83.8,156,0
CTX,60,20240801,150000,82,82,82,82,1,0
CTX,60,20240801,160000,82,82,81.8,81.8,139,0
CTX,60,20240801,170000,81.2,83,81.2,83,38,0
CTX,60,20240802,100000,82.8,82.8,81.4,82.8,84,0
CTX,60,20240802,110000,81.4,81.4,81.4,81.4,78,0
CTX,60,20240802,130000,82.8,82.8,81.4,81.6,2676,0
CTX,60,20240802,150000,82,82,81,81,84,0
CTX,60,20240802,170000,82,82,82,82,100,0
CTX,60,20240805,100000,81,81.6,76,77.4,1305,0
CTX,60,20240805,120000,78.6,78.6,78.4,78.4,67,0
CTX,60,20240805,130000,78.4,78.4,78.2,78.4,195,0
CTX,60,20240805,140000,78.4,78.4,75,75.4,1492,0
CTX,60,20240805,170000,78.6,81,78.6,81,290,0
CTX,60,20240806,100000,78.2,78.2,78.2,78.2,33,0
CTX,60,20240806,110000,79.4,79.4,79.4,79.4,19,0
CTX,60,20240806,120000,79.4,79.4,79.4,79.4,31,0
CTX,60,20240806,140000,79.4,80,79.4,80,40,0
CTX,60,20240806,150000,80,80,80,80,9,0
CTX,60,20240806,160000,80,80.8,80,80.8,64,0
CTX,60,20240806,170000,82,82,82,82,408,0
CTX,60,20240807,100000,82.6,82.6,82.6,82.6,130,0
CTX,60,20240807,110000,82.4,82.4,81.8,82.4,92,0
CTX,60,20240807,120000,81.8,81.8,81.8,81.8,100,0
CTX,60,20240807,130000,81.8,81.8,81,81,260,0
CTX,60,20240807,140000,82.2,82.2,82.2,82.2,3,0
CTX,60,20240807,160000,81,81,80.4,80.4,15,0
CTX,60,20240807,170000,82,82.2,82,82.2,84,0
CTX,60,20240808,100000,82.2,82.2,80.4,80.4,166,0
CTX,60,20240808,140000,81.8,82,81.8,82,10,0
CTX,60,20240808,150000,82.2,82.2,82.2,82.2,18,0
CTX,60,20240808,160000,81,81,81,81,1,0
CTX,60,20240808,170000,82.2,82.2,81.8,81.8,32,0
CTX,60,20240809,130000,80.6,80.6,80.2,80.2,42,0
CTX,60,20240809,170000,81.6,81.6,80.4,80.4,9,0
CTX,60,20240812,110000,80.6,82.2,80.6,82.2,40,0
CTX,60,20240812,120000,82,82,81,81,44,0
CTX,60,20240812,130000,82,82,80.8,80.8,118,0
CTX,60,20240812,170000,80.8,80.8,80.6,80.6,50,0
CTX,60,20240813,100000,81,81,81,81,5,0
CTX,60,20240813,140000,80.2,80.2,80,80,371,0
CTX,60,20240813,170000,80,80,80,80,6,0
CTX,60,20240814,100000,80,80,80,80,269,0
CTX,60,20240814,110000,81,81,80,80,52,0
CTX,60,20240814,150000,79.6,80,79.6,80,104,0
CTX,60,20240814,160000,80,80,80,80,55,0
CTX,60,20240814,170000,80,80,80,80,13,0
CTX,60,20240816,100000,80,80,80,80,273,0
CTX,60,20240816,110000,80,80,79.8,79.8,61,0
CTX,60,20240816,120000,80,80,80,80,24,0
CTX,60,20240816,130000,80,80,79,80,2090,0
CTX,60,20240816,140000,80,80,80,80,98,0
CTX,60,20240816,150000,80,80,80,80,200,0
CTX,60,20240816,160000,81,81,81,81,2,0
CTX,60,20240816,170000,80,80,79,80,218,0
CTX,60,20240819,100000,79,79,79,79,117,0
CTX,60,20240819,130000,80.8,80.8,80.8,80.8,200,0
CTX,60,20240819,140000,80.8,81,80.8,81,244,0
CTX,60,20240819,150000,81,81,81,81,1237,0
CTX,60,20240819,170000,81,81,81,81,165,0
CTX,60,20240820,110000,81,81,81,81,10,0
CTX,60,20240820,160000,80,80,80,80,2,0
CTX,60,20240820,170000,81,81,81,81,30,0
CTX,60,20240821,100000,82,82,81,81,458,0
CTX,60,20240821,110000,81,81,81,81,500,0
CTX,60,20240821,120000,79.6,81,79.6,81,172,0
CTX,60,20240821,130000,82,82,82,82,147,0
CTX,60,20240821,140000,81.8,81.8,81.8,81.8,3,0
CTX,60,20240821,150000,81.8,82.2,81.8,82.2,2714,0
CTX,60,20240821,160000,82.2,82.2,82.2,82.2,2,0
CTX,60,20240821,170000,82,82.4,80.8,80.8,3886,0
CTX,60,20240822,100000,81.6,81.6,81.6,81.6,105,0
CTX,60,20240822,110000,81,81,81,81,75,0
CTX,60,20240822,140000,80.8,80.8,80.8,80.8,1,0
CTX,60,20240822,150000,80.8,81,80.8,81,333,0
CTX,60,20240822,160000,81,81,80.4,80.4,221,0
CTX,60,20240822,170000,80.8,80.8,80.8,80.8,59,0
CTX,60,20240823,100000,84,84,80.2,81,5867,0
CTX,60,20240823,110000,81,81.4,79,81,398,0
CTX,60,20240823,120000,79.2,80.8,79.2,80.6,213,0
CTX,60,20240823,130000,80.6,80.6,80.6,80.6,44,0
CTX,60,20240823,140000,80.6,81.4,80.6,81.4,54,0
CTX,60,20240823,150000,81.8,81.8,81.8,81.8,19,0
CTX,60,20240823,170000,80,81,80,81,50,0
CTX,60,20240826,100000,81,81,77.6,77.6,589,0
CTX,60,20240826,110000,78.8,78.8,78.8,78.8,1,0
CTX,60,20240826,120000,78.8,79.8,77.6,77.6,30,0
CTX,60,20240826,140000,77.8,78.6,77.8,78.6,63,0
CTX,60,20240826,150000,78.6,78.6,78.6,78.6,13,0
CTX,60,20240826,160000,78.6,78.6,78.6,78.6,2,0
CTX,60,20240826,170000,78.4,78.4,77.4,77.8,500,0
CTX,60,20240827,100000,77.4,77.4,72,75,1169,0
CTX,60,20240827,110000,75,76.4,74.6,75.6,564,0
CTX,60,20240827,120000,75.4,75.4,73.6,75.4,435,0
CTX,60,20240827,130000,75,75.4,74.2,74.2,345,0
CTX,60,20240827,140000,75,75.4,75,75.2,19,0
CTX,60,20240827,150000,75.2,76,75.2,76,745,0
CTX,60,20240827,160000,76,76.6,76,76.6,116,0
CTX,60,20240827,170000,76,76,75.8,75.8,490,0
CTX,60,20240828,100000,75.6,75.6,72.8,75,70,0
CTX,60,20240828,110000,74,74,73.6,74,17,0
CTX,60,20240828,120000,74,74.8,74,74,683,0
CTX,60,20240828,130000,75,75,75,75,38,0
CTX,60,20240828,170000,75,75,75,75,89,0
CTX,60,20240829,100000,74.6,74.6,74.2,74.2,4,0
CTX,60,20240829,110000,74.2,76.4,74,76.4,144,0
CTX,60,20240829,140000,75.6,76.8,75.6,76.8,39,0
CTX,60,20240829,150000,76.4,76.4,76.4,76.4,55,0
CTX,60,20240829,160000,76.4,76.4,76.4,76.4,2,0
CTX,60,20240829,170000,76.8,76.8,76.8,76.8,15,0
CTX,60,20240830,100000,76,76,76,76,14,0
CTX,60,20240830,110000,76.8,77.4,76.8,77.4,156,0
CTX,60,20240830,130000,77,77,76.4,76.4,50,0
CTX,60,20240830,160000,77.4,77.4,77.4,77.4,11,0
CTX,60,20240830,170000,76.4,76.4,76.4,76.4,7,0
CTX,60,20240902,100000,76,76.6,74.6,76.6,15,0
CTX,60,20240902,110000,74.8,75,74,75,412,0
CTX,60,20240902,130000,75.6,75.6,75.6,75.6,30,0
CTX,60,20240902,150000,76.4,76.4,75.4,75.4,37,0
CTX,60,20240902,160000,76.4,76.4,75,75,2431,0
CTX,60,20240902,170000,75.6,75.6,75.6,75.6,54,0
CTX,60,20240903,110000,75,75,75,75,315,0
CTX,60,20240903,150000,76,76,76,76,3,0
CTX,60,20240903,170000,76,76,76,76,100,0
CTX,60,20240904,100000,75,75.8,75,75,188,0
CTX,60,20240904,110000,75.6,75.6,75.6,75.6,2,0
CTX,60,20240904,130000,74,75.2,74,75.2,302,0
CTX,60,20240904,140000,74,74,74,74,10,0
CTX,60,20240904,150000,75.2,75.2,75.2,75.2,1,0
CTX,60,20240904,170000,74,74,74,74,4,0
CTX,60,20240905,100000,74,75,74,74.2,165,0
CTX,60,20240905,110000,75,75,75,75,2,0
CTX,60,20240905,120000,75,75,75,75,32,0
CTX,60,20240905,130000,75,75,74.2,74.2,22,0
CTX,60,20240905,140000,74.6,74.6,74.6,74.6,100,0
CTX,60,20240905,170000,74.2,75.6,74.2,75.6,21,0
CTX,60,20240906,100000,75.6,75.6,75.6,75.6,16,0
CTX,60,20240906,140000,75.4,76.2,75.4,76.2,3206,0
CTX,60,20240906,160000,78,81.6,78,78,388,0
CTX,60,20240906,170000,81.4,82,81.4,81.8,438,0
CTX,60,20240909,100000,82.8,82.8,77.4,81,203,0
CTX,60,20240909,130000,80,80,80,80,600,0
CTX,60,20240909,150000,80,81,80,80,230,0
CTX,60,20240909,160000,80,80,80,80,19,0
CTX,60,20240909,170000,81,81,81,81,10,0
CTX,60,20240910,100000,81,81,79,79,7511,0
CTX,60,20240910,110000,79,79,79,79,2484,0
CTX,60,20240910,120000,79,79,79,79,1010,0
CTX,60,20240910,130000,79,79,79,79,5426,0
CTX,60,20240910,150000,80.8,81,79,79,142,0
CTX,60,20240910,160000,79,79,79,79,1952,0
CTX,60,20240910,170000,79,79,79,79,272,0
CTX,60,20240911,100000,79,79,79,79,944,0
CTX,60,20240911,110000,78,78,78,78,40,0
CTX,60,20240911,120000,78.2,79,78,78,439,0
CTX,60,20240911,130000,78,79,78,78,425,0
CTX,60,20240911,140000,79.2,79.2,79,79,639,0
CTX,60,20240911,170000,77.8,79,77.8,79,12,0
CTX,60,20240912,100000,79,79,78,78,151,0
CTX,60,20240912,130000,78,78,78,78,4958,0
CTX,60,20240912,150000,77.8,77.8,77.8,77.8,32,0
CTX,60,20240912,160000,77.4,77.4,76,76,96,0
CTX,60,20240912,170000,77,77,77,77,5,0
CTX,60,20240913,110000,77,78,75.2,78,331,0
CTX,60,20240913,120000,77,77,77,77,108,0
CTX,60,20240913,130000,77,77,76,76,135,0
CTX,60,20240913,170000,77,77,77,77,10,0
CTX,60,20240916,150000,77.6,77.6,77.6,77.6,3,0
CTX,60,20240917,100000,77.6,78,77.6,78,13,0
CTX,60,20240917,130000,76.8,77,76.8,76.8,560,0
CTX,60,20240917,140000,76.8,76.8,76.8,76.8,103,0
CTX,60,20240917,170000,76.8,76.8,76.8,76.8,5,0
CTX,60,20240918,100000,76.6,76.6,74,76.4,110,0
CTX,60,20240918,110000,76.2,76.2,76.2,76.2,32,0
CTX,60,20240918,120000,74.4,74.4,74,74,133,0
CTX,60,20240918,140000,75.4,75.4,74,74,111,0
CTX,60,20240918,150000,74,74,73.8,73.8,83,0
CTX,60,20240918,160000,74,74,74,74,10,0
CTX,60,20240918,170000,73.6,73.6,72.6,73.4,486,0
CTX,60,20240919,100000,73.8,74,73,74,817,0
CTX,60,20240919,110000,74,76,74,76,125,0
CTX,60,20240919,120000,76,76,76,76,60,0
CTX,60,20240919,130000,76.6,76.6,76.6,76.6,20,0
CTX,60,20240919,140000,76.6,76.6,76,76,56,0
CTX,60,20240919,170000,75,76.4,75,76.4,106,0
CTX,60,20240920,100000,76.4,76.4,76.4,76.4,1,0
CTX,60,20240920,120000,76,76,76,76,100,0
CTX,60,20240920,150000,76,76,75.8,75.8,36,0
CTX,60,20240920,170000,75.6,75.6,74.2,74.2,25,0
CTX,60,20240923,100000,74,74,74,74,73,0
CTX,60,20240923,110000,74,74,73.4,73.4,60,0
CTX,60,20240923,120000,73.4,73.4,73.4,73.4,8,0
CTX,60,20240923,130000,76,76,76,76,20,0
CTX,60,20240923,160000,75.8,76,75.8,76,150,0
CTX,60,20240923,170000,73.4,76,73.4,76,352,0
CTX,60,20240924,100000,76,76.4,76,76.4,193,0
CTX,60,20240924,120000,73.6,76,73.6,76,9,0
CTX,60,20240924,140000,76,76,73.6,73.6,212,0
CTX,60,20240924,170000,74.4,74.4,74.4,74.4,20,0
CTX,60,20240925,110000,76,76,76,76,8,0
CTX,60,20240925,130000,73.8,76,73.8,76,3,0
CTX,60,20240925,170000,75.2,75.2,75.2,75.2,5,0
CTX,60,20240926,100000,73.6,73.6,73.6,73.6,2,0
CTX,60,20240926,110000,74,74,74,74,45,0
CTX,60,20240926,120000,74,74,74,74,157,0
CTX,60,20240926,130000,75,75,75,75,22,0
CTX,60,20240926,150000,75,75,74,74,106,0
CTX,60,20240926,160000,75,75,75,75,93,0
CTX,60,20240926,170000,75,76,75,76,307,0
CTX,60,20240927,110000,74,74,74,74,50,0
CTX,60,20240927,130000,74,75.8,74,75.8,27,0
CTX,60,20240927,160000,75.8,76,75.8,76,2009,0
CTX,60,20240927,170000,76.4,76.4,76.4,76.4,10,0
CTX,60,20240930,100000,77,77,77,77,314,0
CTX,60,20240930,110000,77,77,77,77,4,0
CTX,60,20240930,120000,77,77,77,77,15,0
CTX,60,20240930,140000,76.6,76.6,76.6,76.6,206,0
CTX,60,20240930,150000,76.6,76.6,76.6,76.6,20,0
CTX,60,20240930,170000,75,75,75,75,5,0
CTX,60,20241001,100000,76.8,77,76.8,77,131,0
CTX,60,20241001,120000,76,76,76,76,260,0
CTX,60,20241001,130000,76,76,73.6,73.6,142,0
CTX,60,20241001,140000,75,75,75,75,185,0
CTX,60,20241001,160000,76,76,76,76,35,0
CTX,60,20241001,170000,76,76,75.6,75.6,365,0
CTX,60,20241002,100000,76.8,77,74.4,74.4,147,0
CTX,60,20241002,120000,74.2,74.2,74,74,50,0
CTX,60,20241003,100000,74,74,73,73,366,0
CTX,60,20241003,120000,73,73,73,73,37,0
CTX,60,20241003,140000,72.8,72.8,72.8,72.8,5,0
CTX,60,20241003,150000,73,73.6,73,73.6,10,0
CTX,60,20241003,160000,72.8,72.8,72,72,58,0
CTX,60,20241003,170000,72.2,73.6,72,73.6,1323,0
CTX,60,20241004,100000,76,76,76,76,2,0
CTX,60,20241004,110000,72.2,72.2,72.2,72.2,20,0
CTX,60,20241004,120000,72.2,75,72.2,75,153,0
CTX,60,20241004,160000,75.2,75.4,75.2,75.4,146,0
CTX,60,20241004,170000,75,76,75,76,320,0
CTX,60,20241007,100000,76,76,74.2,74.2,73,0
CTX,60,20241007,110000,73.8,73.8,73.8,73.8,60,0
CTX,60,20241007,140000,73.6,73.6,72.6,72.6,195,0
CTX,60,20241007,150000,72.6,72.6,72.6,72.6,33,0
CTX,60,20241007,160000,72.6,72.6,72,72,224,0
CTX,60,20241007,170000,73,73,73,73,560,0
CTX,60,20241008,100000,73,73,73,73,2,0
CTX,60,20241008,110000,73,73,73,73,90,0
CTX,60,20241008,120000,72.6,72.6,72.6,72.6,1000,0
CTX,60,20241008,130000,73,73,73,73,80,0
CTX,60,20241008,170000,72,73,72,73,1500,0
CTX,60,20241009,120000,73,73,70,70,557,0
CTX,60,20241009,130000,70,70.6,70,70.4,231,0
CTX,60,20241009,140000,70.6,71.8,70.6,70.6,295,0
CTX,60,20241009,150000,71.8,71.8,70,70,1231,0
CTX,60,20241009,160000,70,71.2,70,70.2,439,0
CTX,60,20241009,170000,71,71.2,71,71,466,0
CTX,60,20241010,110000,71.2,71.2,69,69.8,323,0
CTX,60,20241010,120000,70,70,69.8,69.8,263,0
CTX,60,20241010,130000,69.8,69.8,69.8,69.8,100,0
CTX,60,20241010,150000,70,70,70,70,92,0
CTX,60,20241010,170000,70,70,69,70,289,0
CTX,60,20241011,100000,70,70,69,69,131,0
CTX,60,20241011,110000,69,69,64.4,64.4,903,0
CTX,60,20241011,120000,67.8,69,66,69,308,0
CTX,60,20241011,130000,69.6,69.6,69.6,69.6,22,0
CTX,60,20241011,140000,69.6,69.6,68.8,68.8,2,0
CTX,60,20241011,150000,69,69,68.6,68.6,60,0
CTX,60,20241011,160000,69.2,69.4,68.8,69,1146,0
CTX,60,20241011,170000,69.6,71.2,69.6,71.2,745,0
CTX,60,20241014,100000,71.2,71.8,71,71.8,454,0
CTX,60,20241014,110000,72,72.4,72,72.4,366,0
CTX,60,20241014,120000,72.4,72.4,70.8,70.8,74,0
CTX,60,20241014,130000,72.2,72.2,72,72.2,66,0
CTX,60,20241014,140000,72.2,72.2,72,72,24,0
CTX,60,20241014,150000,72.2,72.2,72.2,72.2,30,0
CTX,60,20241014,160000,72.2,72.2,72.2,72.2,124,0
CTX,60,20241014,170000,72.2,72.6,72.2,72.6,600,0
CTX,60,20241015,100000,72.6,72.6,72.6,72.6,121,0
CTX,60,20241015,110000,72.6,72.6,72.2,72.4,107,0
CTX,60,20241015,130000,72.4,72.4,72.4,72.4,12,0
CTX,60,20241015,140000,72.2,72.4,71.2,72.4,267,0
CTX,60,20241015,160000,72.2,72.2,72.2,72.2,7,0
CTX,60,20241015,170000,72.2,72.2,72.2,72.2,1,0
CTX,60,20241016,100000,71.4,72,71.4,72,45,0
CTX,60,20241016,110000,71.4,72,71,72,35,0
CTX,60,20241016,120000,71,71,70.4,70.4,450,0
CTX,60,20241016,130000,70.6,70.6,70.6,70.6,3,0
CTX,60,20241016,140000,70.6,72,70.6,70.6,22,0
CTX,60,20241016,150000,70.6,70.6,70.6,70.6,150,0
CTX,60,20241016,170000,72,72,70.6,72,520,0
CTX,60,20241017,100000,72,72,70.6,70.6,243,0
CTX,60,20241017,120000,71.6,71.6,71.6,71.6,2,0
CTX,60,20241017,130000,71.6,71.6,71,71,335,0
CTX,60,20241017,140000,70.8,70.8,70,70,687,0
CTX,60,20241017,150000,70.8,70.8,70.8,70.8,1,0
CTX,60,20241017,160000,71,71,68,69.4,791,0
CTX,60,20241017,170000,69.2,69.2,68,68,449,0
CTX,60,20241018,100000,69,69,67.4,68,158,0
CTX,60,20241018,110000,67.2,68,67.2,68,42,0
CTX,60,20241018,120000,68,68,67,67,409,0
CTX,60,20241018,130000,68,68,67.4,68,172,0
CTX,60,20241018,140000,67.4,67.4,67.4,67.4,5,0
CTX,60,20241018,150000,68,68,66.2,66.8,378,0
CTX,60,20241018,160000,67,67.6,66.4,67,53,0
CTX,60,20241018,170000,66.4,67,66,66,386,0
CTX,60,20241021,100000,67,67,66,66.8,302,0
CTX,60,20241021,110000,66.8,66.8,66.8,66.8,5,0
CTX,60,20241021,120000,65.8,65.8,65.8,65.8,40,0
CTX,60,20241021,140000,66.8,66.8,66.8,66.8,11,0
CTX,60,20241021,150000,66.8,66.8,66.8,66.8,4,0
CTX,60,20241021,160000,66.8,67,66.8,67,148,0
CTX,60,20241021,170000,67,67,66,66,104,0
CTX,60,20241022,100000,66,66,66,66,23,0
CTX,60,20241022,110000,67,67,67,67,2,0
CTX,60,20241022,120000,67,67,67,67,18,0
CTX,60,20241022,140000,67,67,67,67,9,0
CTX,60,20241022,150000,66.8,66.8,66.8,66.8,100,0
CTX,60,20241022,160000,66.2,66.2,66,66,51,0
CTX,60,20241023,100000,67,67,67,67,50,0
CTX,60,20241023,120000,66,67,66,67,16,0
CTX,60,20241023,150000,67,67,67,67,50,0
CTX,60,20241023,170000,67,68.6,67,68.6,1002,0
CTX,60,20241024,100000,68.4,68.4,68.4,68.4,100,0
CTX,60,20241024,120000,68,68,68,68,7,0
CTX,60,20241024,130000,67.4,67.4,67.4,67.4,30,0
CTX,60,20241024,160000,67.2,68,67.2,68,164,0
CTX,60,20241024,170000,68,68,68,68,1,0
CTX,60,20241025,100000,67.8,67.8,67.8,67.8,5,0
CTX,60,20241025,120000,67.8,69.4,67.8,69.4,104,0
CTX,60,20241025,160000,69,69,69,69,60,0
CTX,60,20241025,170000,69.2,69.2,69,69.2,442,0
CTX,60,20241028,100000,69.8,70,68.4,70,276,0
CTX,60,20241028,110000,70,70,69.8,70,58,0
CTX,60,20241028,120000,70.2,70.2,70.2,70.2,3,0
CTX,60,20241028,150000,70.2,70.2,70.2,70.2,35,0
CTX,60,20241028,160000,70.2,70.8,69.4,69.4,242,0
CTX,60,20241028,170000,71,71,71,71,606,0
CTX,60,20241029,100000,71,72.2,71,72.2,479,0
CTX,60,20241029,110000,70.4,72.2,70.4,72.2,105,0
CTX,60,20241029,170000,70.4,71.2,70,70,765,0
CTX,60,20241030,110000,70.8,70.8,70.8,70.8,12,0
CTX,60,20241030,120000,69.2,69.2,69,69,280,0
CTX,60,20241030,160000,69,69,69,69,34,0
CTX,60,20241031,170000,68.4,69,68.4,69,2,0
CTX,60,20241104,100000,68.4,68.4,66,67,147,0
CTX,60,20241104,110000,68.4,70,68,70,56,0
CTX,60,20241104,120000,68,68,68,68,32,0
CTX,60,20241104,130000,70,70,70,70,3,0
CTX,60,20241104,140000,70,70,70,70,1,0
CTX,60,20241104,150000,69,69,69,69,20,0
CTX,60,20241104,160000,68.2,68.2,68.2,68.2,3,0
CTX,60,20241104,170000,69.6,70,69.6,70,7,0
CTX,60,20241105,100000,69.4,69.4,66.6,68.8,54,0
CTX,60,20241105,130000,68.4,68.4,68.4,68.4,10,0
CTX,60,20241105,170000,68.8,69,68.8,69,21,0
CTX,60,20241106,100000,68,68.8,67.6,68.8,39,0
CTX,60,20241106,110000,68.6,69,68,68,143,0
CTX,60,20241106,130000,67.8,67.8,67.8,67.8,2,0
CTX,60,20241106,140000,68.6,68.6,66.8,66.8,186,0
CTX,60,20241106,160000,67,67,66,66,366,0
CTX,60,20241106,170000,67.6,67.6,64.8,65.8,123,0
CTX,60,20241107,100000,64.2,65.4,62.4,65.4,374,0
CTX,60,20241107,110000,65,66,65,66,140,0
CTX,60,20241107,120000,65,65.6,65,65.6,138,0
CTX,60,20241107,130000,65.6,65.6,64.6,64.6,894,0
CTX,60,20241107,140000,63.6,63.6,62,62,1216,0
CTX,60,20241107,150000,63.8,63.8,58.2,60.6,2013,0
CTX,60,20241107,160000,61.2,63,61.2,63,595,0
CTX,60,20241107,170000,63.2,63.2,63,63,130,0
CTX,60,20241108,100000,63,63,62,62.8,216,0
CTX,60,20241108,110000,62.8,62.8,61.8,61.8,126,0
CTX,60,20241108,120000,63,63,63,63,95,0
CTX,60,20241108,140000,61.8,61.8,61.2,61.2,35,0
CTX,60,20241108,150000,61.2,61.2,60,60,61,0
CTX,60,20241108,160000,60.2,60.2,60,60,250,0
CTX,60,20241108,170000,60.2,62.6,59.6,62.6,860,0
CTX,60,20241112,100000,62.6,63,62.6,62.6,177,0
CTX,60,20241112,110000,62.8,62.8,62.8,62.8,30,0
CTX,60,20241112,120000,62.6,62.6,60,60,485,0
CTX,60,20241112,130000,60,60,60,60,10,0
CTX,60,20241112,160000,60.2,60.2,60,60,879,0
CTX,60,20241112,170000,60.2,60.2,59.6,59.6,1456,0
CTX,60,20241113,100000,59,60,59,59.6,179,0
CTX,60,20241113,110000,59.6,59.6,59.2,59.2,50,0
CTX,60,20241113,120000,59.6,60.2,59.2,59.2,89,0
CTX,60,20241113,130000,59.2,59.2,58.2,58.2,245,0
CTX,60,20241113,140000,60,60,60,60,3,0
CTX,60,20241113,150000,60,60.2,60,60.2,18,0
CTX,60,20241113,160000,60.2,60.2,60,60,50,0
CTX,60,20241113,170000,60,60.6,59,59,365,0
CTX,60,20241114,100000,59,59,59,59,3,0
CTX,60,20241114,110000,59.4,60,59,60,65,0
CTX,60,20241114,120000,60,60,59,59,125,0
CTX,60,20241114,140000,59.4,59.4,59.4,59.4,44,0
CTX,60,20241114,150000,59,59.4,58.8,59.4,13,0
CTX,60,20241114,160000,59.6,59.8,57.6,59.6,347,0
CTX,60,20241114,170000,57.8,59.6,56.8,59.4,199,0
CTX,60,20241115,110000,58.6,58.6,57.2,57.2,113,0
CTX,60,20241115,120000,57.2,58,56,56,324,0
CTX,60,20241115,130000,58,58,58,58,1,0
CTX,60,20241115,150000,56.4,57.2,55.8,57.2,137,0
CTX,60,20241115,160000,57.2,57.2,55.8,55.8,1236,0
CTX,60,20241115,170000,55.8,56,55,55.2,4523,0
CTX,60,20241118,100000,55,55,54.8,55,4625,0
CTX,60,20241118,110000,55,56,54.8,54.8,1193,0
CTX,60,20241118,120000,54.8,54.8,54.8,54.8,22,0
CTX,60,20241118,130000,54.8,54.8,54.8,54.8,55,0
CTX,60,20241118,140000,54.8,55,54.8,55,155,0
CTX,60,20241118,150000,54.8,56.6,54.8,54.8,300,0
CTX,60,20241118,160000,55,55.8,55,55.8,21,0
CTX,60,20241118,170000,54.8,54.8,52.2,52.2,263,0
CTX,60,20241119,100000,52,52,49.6,49.6,1345,0
CTX,60,20241119,110000,51,51,51,51,2,0
CTX,60,20241119,120000,51.2,52,50.2,52,169,0
CTX,60,20241119,130000,51.6,51.6,51.6,51.6,10,0
CTX,60,20241119,140000,51.6,52,51.6,52,233,0
CTX,60,20241119,150000,53,53,53,53,403,0
CTX,60,20241119,160000,53.2,53.2,53,53,1039,0
CTX,60,20241119,170000,53,53,51,51,746,0
CTX,60,20241120,100000,51.2,51.2,51,51,20,0
CTX,60,20241120,110000,53.8,54,53.8,54,10,0
CTX,60,20241120,120000,54,54,54,54,336,0
CTX,60,20241120,130000,52.4,57.4,52.4,57.4,700,0
CTX,60,20241120,140000,57.2,57.2,53.6,57,226,0
CTX,60,20241120,150000,57,57.4,57,57,140,0
CTX,60,20241120,160000,54.2,54.2,52,52,917,0
CTX,60,20241120,170000,53,53,51.6,51.6,684,0
CTX,60,20241121,100000,53,57,52.4,55,2722,0
CTX,60,20241121,110000,55,55,53,54,1313,0
CTX,60,20241121,120000,53.2,53.6,53.2,53.6,107,0
CTX,60,20241121,130000,53.4,53.4,53.4,53.4,55,0
CTX,60,20241121,140000,53.4,54,51,51,851,0
CTX,60,20241121,150000,51,51.8,51,51,4729,0
CTX,60,20241121,160000,51,51.8,50.8,50.8,125,0
CTX,60,20241121,170000,51.2,51.8,50,50,1093,0
CTX,60,20241122,100000,50,50,49.1,49.9,884,0
CTX,60,20241122,110000,49.7,49.8,47.1,47.1,1149,0
CTX,60,20241122,120000,47.2,47.9,46.8,46.8,2511,0
CTX,60,20241122,130000,47.8,48.9,47,47,856,0
CTX,60,20241122,140000,47.1,48,46.9,47.5,598,0
CTX,60,20241122,150000,47.1,47.1,46,46.3,3559,0
CTX,60,20241122,160000,47,47,45,45,713,0
CTX,60,20241122,170000,44.3,47,44.3,45.2,780,0
CTX,60,20241125,100000,45.3,48,45.3,46.9,1210,0
CTX,60,20241125,110000,46.8,47,46.3,46.3,1191,0
CTX,60,20241125,120000,46.3,46.9,46.3,46.8,16,0
CTX,60,20241125,130000,46.3,46.3,45,45,8025,0
CTX,60,20241125,140000,45.1,45.6,45,45,398,0
CTX,60,20241125,150000,45.7,45.7,45.7,45.7,50,0
CTX,60,20241125,160000,45.7,45.7,44.8,44.8,60,0
CTX,60,20241125,170000,45.5,45.6,45.5,45.6,229,0
CTX,60,20241126,100000,46,46.1,45.5,46.1,1022,0
CTX,60,20241126,110000,46,46,46,46,40,0
CTX,60,20241126,120000,45.7,46,45.1,45.1,1212,0
CTX,60,20241126,130000,45,45,44.3,44.3,870,0
CTX,60,20241126,140000,44.3,44.9,44.1,44.9,830,0
CTX,60,20241126,160000,44.5,44.5,44.1,44.1,172,0
CTX,60,20241126,170000,44.4,45,44.4,45,764,0
CTX,60,20241127,100000,45.7,46.1,44,45.9,6733,0
CTX,60,20241127,110000,45.5,46.6,45.1,45.9,2577,0
CTX,60,20241127,120000,45.9,46,45.9,46,296,0
CTX,60,20241127,130000,46,46.4,46,46.4,56,0
CTX,60,20241127,140000,46.4,46.4,46.3,46.3,176,0
CTX,60,20241127,150000,46.2,46.3,46.2,46.3,170,0
CTX,60,20241127,160000,46.3,46.3,46.3,46.3,110,0
CTX,60,20241127,170000,46.3,46.3,45.7,46.3,157,0
CTX,60,20241128,100000,46.9,48,46.9,48,546,0
CTX,60,20241128,110000,48,48,48,48,700,0
CTX,60,20241128,120000,48,48,47.9,47.9,334,0
CTX,60,20241128,130000,47.3,47.3,47,47,398,0
CTX,60,20241128,140000,47.3,47.3,47.3,47.3,100,0
CTX,60,20241128,150000,46.5,46.5,46.5,46.5,200,0
CTX,60,20241128,170000,46.5,47.9,46.4,47.9,244,0
CTX,60,20241129,100000,47.9,47.9,46.5,46.5,51,0
CTX,60,20241129,110000,47.9,47.9,47.9,47.9,1,0
CTX,60,20241129,120000,47.7,47.9,47.7,47.9,124,0
CTX,60,20241129,130000,46.5,46.5,45.1,45.1,401,0
CTX,60,20241129,150000,47.6,47.7,46,46,491,0
CTX,60,20241129,160000,46,46,46,46,3050,0
CTX,60,20241129,170000,46.7,47.4,46,47.4,3790,0
CTX,60,20241202,100000,47.9,47.9,47.9,47.9,174,0
CTX,60,20241202,110000,47.9,47.9,47.9,47.9,410,0
CTX,60,20241202,130000,47.9,48.3,47.9,48.3,1621,0
CTX,60,20241202,140000,48.5,48.5,48.5,48.5,15,0
CTX,60,20241202,150000,48.5,48.5,48.3,48.3,13,0
CTX,60,20241202,160000,48.5,49,48.5,49,407,0
CTX,60,20241202,170000,49.5,49.5,48.5,49,635,0
CTX,60,20241203,100000,49.5,50,49.5,50,660,0
CTX,60,20241203,110000,49.1,50,49.1,50,71,0
CTX,60,20241203,120000,49.9,50,49.5,49.5,992,0
CTX,60,20241203,130000,49.1,49.9,48.9,49.9,153,0
CTX,60,20241203,140000,49.9,50,49.2,50,121,0
CTX,60,20241203,150000,49.2,49.9,49,49.9,419,0
CTX,60,20241203,160000,49.9,49.9,49.9,49.9,144,0
CTX,60,20241203,170000,50,50,48.9,48.9,763,0
CTX,60,20241204,100000,49.8,49.9,49.8,49.9,317,0
CTX,60,20241204,110000,49.9,49.9,49.6,49.8,225,0
CTX,60,20241204,120000,49.8,49.8,49.8,49.8,219,0
CTX,60,20241204,130000,49.8,49.8,49.8,49.8,15,0
CTX,60,20241204,140000,49.8,49.8,49.8,49.8,32,0
CTX,60,20241204,150000,49.8,49.8,49.8,49.8,208,0
CTX,60,20241204,160000,49.6,49.8,49.5,49.8,203,0
CTX,60,20241204,170000,49.8,49.8,49.8,49.8,185,0
CTX,60,20241205,100000,49.8,49.8,47,49.5,874,0
CTX,60,20241205,110000,49.5,49.5,49.5,49.5,50,0
CTX,60,20241205,120000,49.5,49.8,49.5,49.8,426,0
CTX,60,20241205,130000,49.7,49.7,49.7,49.7,15,0
CTX,60,20241205,140000,49.6,49.6,48.7,48.7,44,0
CTX,60,20241205,150000,48.7,49.6,48.6,49.6,113,0
CTX,60,20241205,160000,49.6,49.6,49.6,49.6,1110,0
CTX,60,20241206,100000,49.6,49.6,48.3,49.4,648,0
CTX,60,20241206,110000,49.1,49.5,49,49.1,123,0
CTX,60,20241206,120000,49.1,49.1,49.1,49.1,3,0
CTX,60,20241206,150000,49.1,49.5,49.1,49.5,143,0
CTX,60,20241206,160000,48.2,49,48,49,320,0
CTX,60,20241206,170000,49,49,48,48,302,0
CTX,60,20241209,100000,49.6,49.6,49.4,49.4,231,0
CTX,60,20241209,110000,49,49,49,49,65,0
CTX,60,20241209,120000,49,49.4,48.2,49.4,1409,0
CTX,60,20241209,140000,48.3,48.3,48,48,64,0
CTX,60,20241209,170000,49,49.3,48,49.3,177,0
CTX,60,20241210,100000,49.5,49.5,48.1,48.1,140,0
CTX,60,20241210,110000,48.2,48.5,48.1,48.5,34,0
CTX,60,20241210,120000,48.7,49.3,48.7,49.3,552,0
CTX,60,20241210,130000,49,49.2,48.5,49.2,498,0
CTX,60,20241210,150000,49.2,49.2,48.2,48.4,93,0
CTX,60,20241210,160000,48.4,48.4,48.1,48.1,352,0
CTX,60,20241210,170000,48.8,48.8,48.8,48.8,20,0
CTX,60,20241211,100000,48.7,48.7,48.6,48.6,36,0
CTX,60,20241211,110000,48.2,48.2,46.6,46.7,640,0
CTX,60,20241211,120000,47.1,47.1,46.6,46.7,210,0
CTX,60,20241211,130000,47,48,46.7,48,322,0
CTX,60,20241211,150000,47.8,47.8,47.8,47.8,25,0
CTX,60,20241211,160000,47.2,47.2,47.2,47.2,11,0
CTX,60,20241211,170000,47.4,47.8,47.4,47.7,42,0
CTX,60,20241212,100000,47.8,47.8,47.4,47.4,178,0
CTX,60,20241212,110000,46.9,46.9,46.9,46.9,108,0
CTX,60,20241212,120000,46.3,47.4,46.2,47.4,573,0
CTX,60,20241212,130000,46.2,47.8,46.2,47.8,119,0
CTX,60,20241212,140000,46.6,46.6,46.6,46.6,9,0
CTX,60,20241212,150000,47.7,47.7,47.7,47.7,1,0
CTX,60,20241212,160000,46.7,46.7,46.6,46.6,16,0
CTX,60,20241212,170000,47.5,47.5,47.5,47.5,1,0
CTX,60,20241213,100000,47.4,47.4,45,45,736,0
CTX,60,20241213,110000,45.2,45.2,44.7,44.7,193,0
CTX,60,20241213,120000,45,47.8,45,47.4,831,0
CTX,60,20241213,130000,46.4,47,46.4,46.5,55,0
CTX,60,20241213,140000,46.6,47.6,46.6,47.6,260,0
CTX,60,20241213,150000,47.5,47.8,47.5,47.8,427,0
CTX,60,20241213,160000,47.7,47.7,47.7,47.7,200,0
CTX,60,20241213,170000,47.5,47.5,46.6,47.4,108,0
CTX,60,20241216,100000,45.7,47,45.7,47,724,0
CTX,60,20241216,110000,47,47,47,47,562,0
CTX,60,20241216,120000,47.3,47.3,46.5,46.5,2801,0
CTX,60,20241216,130000,46.5,47.2,46.5,47.2,2238,0
CTX,60,20241216,150000,47.1,47.2,46.6,46.6,39,0
CTX,60,20241216,170000,47.2,47.2,47.2,47.2,2,0
CTX,60,20241217,100000,47.2,47.3,47.2,47.3,175,0
CTX,60,20241217,110000,46.3,46.3,46.3,46.3,4,0
CTX,60,20241217,120000,46.3,47,46,47,83,0
CTX,60,20241217,130000,46.1,46.5,46.1,46.1,40,0
CTX,60,20241217,140000,46.1,47.8,46,47.8,1675,0
CTX,60,20241217,160000,46.2,46.2,45.4,45.4,719,0
CTX,60,20241217,170000,45.6,45.6,45.1,45.1,741,0
CTX,60,20241218,100000,45.2,45.2,44.8,44.8,588,0
CTX,60,20241218,110000,45.1,45.2,45.1,45.2,281,0
CTX,60,20241218,120000,45.2,45.2,44.6,44.6,35,0
CTX,60,20241218,130000,44.7,44.7,44.5,44.5,964,0
CTX,60,20241218,140000,44.4,44.4,43.8,44,329,0
CTX,60,20241218,150000,45,45.5,44.9,45.5,437,0
CTX,60,20241218,160000,45.4,45.4,44.9,44.9,3184,0
CTX,60,20241218,170000,44.9,47.8,44.9,47.8,3496,0
CTX,60,20241219,100000,46.9,46.9,45.4,45.7,483,0
CTX,60,20241219,110000,45.6,45.8,45.3,45.3,724,0
CTX,60,20241219,120000,45.6,46,45.6,46,313,0
CTX,60,20241219,130000,45.6,45.6,44.8,44.8,477,0
CTX,60,20241219,140000,44.6,45.6,44.6,45.6,290,0
CTX,60,20241219,150000,45.5,45.5,44.5,44.5,330,0
CTX,60,20241219,160000,44.9,45.6,44.9,45.6,587,0
CTX,60,20241219,170000,45,45.3,44.9,44.9,330,0
CTX,60,20241220,100000,45.9,45.9,44,44.1,149,0
CTX,60,20241220,110000,44.1,44.2,44.1,44.2,2635,0
CTX,60,20241220,120000,44.5,44.5,44.5,44.5,433,0
CTX,60,20241220,130000,44.5,44.5,43.8,43.8,546,0
CTX,60,20241220,140000,44,44,44,44,5,0
CTX,60,20241220,150000,44,44,44,44,289,0
CTX,60,20241220,160000,43.9,44.2,41.4,42.1,3253,0
CTX,60,20241220,170000,43.2,43.2,41.8,41.8,527,0
CTX,60,20241223,100000,41.6,42.5,41.5,42.5,2445,0
CTX,60,20241223,110000,42.5,42.5,42,42,2430,0
CTX,60,20241223,120000,42,42.5,42,42,1425,0
CTX,60,20241223,130000,42,42,41.1,41.6,2657,0
CTX,60,20241223,140000,41.3,41.6,41.3,41.3,108,0
CTX,60,20241223,150000,41.3,41.6,41.3,41.6,226,0
CTX,60,20241223,160000,41.4,42,40.8,42,2711,0
CTX,60,20241223,170000,41.1,41.8,41.1,41.8,1281,0
CTX,60,20241227,100000,41.3,42,41.3,41.4,120,0
CTX,60,20241227,110000,41.4,42.4,41.4,42.4,279,0
CTX,60,20241227,120000,42.3,42.3,42.3,42.3,150,0
CTX,60,20241227,130000,41.7,41.7,41.6,41.7,179,0
CTX,60,20241227,140000,42,42,42,42,30,0
CTX,60,20241227,150000,41.8,42.5,41.8,42.5,86,0
CTX,60,20241227,160000,42.5,42.5,41.9,41.9,80,0
CTX,60,20241227,170000,41.8,42,41.8,42,114,0
CTX,60,20241230,100000,42.5,42.5,42.5,42.5,149,0
CTX,60,20241230,110000,42.5,42.5,42.5,42.5,4,0
CTX,60,20241230,120000,42,42,41.9,42,1177,0
CTX,60,20241230,130000,42.2,42.2,42.2,42.2,2,0
CTX,60,20241230,140000,42.2,42.2,42.2,42.2,1,0
CTX,60,20241230,150000,42.1,42.1,42,42,250,0
CTX,60,20241230,160000,42.2,42.2,42.2,42.2,120,0
CTX,60,20241230,170000,42.5,42.5,42.1,42.3,457,0
CTX,60,20250102,100000,42.4,45.5,42.4,44.4,357,0
CTX,60,20250102,110000,44.4,44.4,44,44.4,180,0
CTX,60,20250102,120000,44.1,44.2,43.4,44.2,368,0
CTX,60,20250102,130000,44.3,44.4,44.3,44.4,24,0
CTX,60,20250102,140000,44.4,44.4,44.3,44.4,206,0
CTX,60,20250102,150000,44.6,44.7,44.5,44.5,125,0
CTX,60,20250102,170000,45,45,45,45,231,0
CTX,60,20250103,100000,46.8,46.8,45.1,45.7,327,0
CTX,60,20250103,110000,45.6,45.6,45.6,45.6,12,0
CTX,60,20250103,120000,45.6,45.6,45.1,45.1,180,0
CTX,60,20250103,130000,45.6,45.6,45.6,45.6,153,0
CTX,60,20250103,140000,45.6,45.6,45,45.6,57,0
CTX,60,20250103,150000,45.4,45.4,44.9,44.9,232,0
CTX,60,20250103,160000,44.9,44.9,44,44,260,0
CTX,60,20250103,170000,44.9,45,44,45,583,0
CTX,60,20250107,100000,45,45.3,42.5,43,1391,0
CTX,60,20250107,110000,43.2,43.7,42.7,43.7,428,0
CTX,60,20250107,120000,43.7,44.4,43.7,44.4,186,0
CTX,60,20250107,130000,44,44,43.3,43.3,957,0
CTX,60,20250107,140000,43.5,43.5,43.5,43.5,36,0
CTX,60,20250107,150000,43.7,43.7,43.7,43.7,116,0
CTX,60,20250107,160000,43.7,44.2,43.1,44.2,999,0
CTX,60,20250107,170000,44.1,44.1,43.7,43.7,33,0
CTX,60,20250108,100000,43.7,43.7,43.3,43.3,36,0
CTX,60,20250108,110000,43.3,43.3,43.3,43.3,2,0
CTX,60,20250108,120000,43.3,43.9,43,43.9,492,0
CTX,60,20250108,130000,43.8,44,43.8,44,200,0
CTX,60,20250108,140000,43.9,44,43.2,43.2,198,0
CTX,60,20250108,150000,43.2,44,43,44,554,0
CTX,60,20250108,170000,43.1,43.9,43.1,43.9,61,0
CTX,60,20250109,100000,43.9,43.9,43.9,43.9,7,0
CTX,60,20250109,110000,43.2,43.2,43,43,962,0
CTX,60,20250109,120000,43.6,43.6,43.6,43.6,47,0
CTX,60,20250109,130000,43.5,43.5,43.2,43.2,325,0
CTX,60,20250109,140000,43.1,43.1,43.1,43.1,100,0
CTX,60,20250109,150000,43.1,43.7,43.1,43.7,270,0
CTX,60,20250109,160000,43.6,43.6,43.1,43.1,728,0
CTX,60,20250109,170000,43.1,43.1,43,43,714,0
CTX,60,20250110,100000,43.4,43.4,43,43,484,0
CTX,60,20250110,110000,43,43,43,43,200,0
CTX,60,20250110,120000,42.8,43.3,42.7,43.3,125,0
CTX,60,20250110,130000,43.2,43.2,43.1,43.1,150,0
CTX,60,20250110,140000,43.1,43.7,43.1,43.7,820,0
CTX,60,20250110,160000,43.7,43.7,43.7,43.7,165,0
CTX,60,20250110,170000,43.7,43.7,43.7,43.7,321,0
CTX,60,20250113,100000,43.7,43.7,42.6,42.6,2330,0
CTX,60,20250113,120000,42.7,43.3,42.7,43.3,126,0
CTX,60,20250113,130000,42.8,42.8,42.7,42.7,202,0
CTX,60,20250113,140000,42.7,42.7,42.7,42.7,164,0
CTX,60,20250113,150000,43.2,43.2,43,43,62,0
CTX,60,20250113,160000,43,43.3,43,43.3,94,0
CTX,60,20250113,170000,43.6,43.6,43.6,43.6,31,0
CTX,60,20250114,100000,43.6,43.6,43.5,43.6,1028,0
CTX,60,20250114,110000,43.6,43.7,43.6,43.7,493,0
CTX,60,20250114,140000,43.7,43.7,43.7,43.7,50,0
CTX,60,20250114,150000,43.7,43.7,43.6,43.6,275,0
CTX,60,20250114,160000,43.7,43.7,43.7,43.7,100,0
CTX,60,20250114,170000,43.5,43.7,42.9,43.7,131,0
CTX,60,20250115,100000,43.7,43.7,43,43,12,0
CTX,60,20250115,110000,43.7,43.7,43.7,43.7,30,0
CTX,60,20250115,120000,43.7,43.7,43.7,43.7,152,0
CTX,60,20250115,130000,43.7,43.7,43.7,43.7,371,0
CTX,60,20250115,140000,43.7,44.2,43.7,44.2,369,0
CTX,60,20250115,160000,44.2,44.2,44.2,44.2,4,0
CTX,60,20250115,170000,44.2,44.2,44.2,44.2,42,0
CTX,60,20250116,100000,44.2,44.5,44.2,44.5,694,0
CTX,60,20250116,110000,44.5,45.4,44,44,3382,0
CTX,60,20250116,120000,44,44.3,44,44.3,168,0
CTX,60,20250116,130000,44.3,44.3,44,44,801,0
CTX,60,20250116,140000,44,44,44,44,467,0
CTX,60,20250116,150000,44,44,44,44,11,0
CTX,60,20250116,160000,43.5,43.5,43.5,43.5,5,0
CTX,60,20250116,170000,44,44,44,44,94,0
CTX,60,20250117,100000,44.9,44.9,44.1,44.1,4,0
CTX,60,20250117,110000,44.8,44.8,44.1,44.1,29,0
CTX,60,20250117,130000,44.6,44.6,44.6,44.6,9,0
CTX,60,20250117,150000,44.6,44.6,44.6,44.6,32,0
CTX,60,20250117,160000,44.6,44.6,44.6,44.6,31,0
CTX,60,20250117,170000,44,44,44,44,115,0
CTX,60,20250120,100000,44,44,44,44,90,0
CTX,60,20250120,110000,44,44.7,43.9,44.7,59,0
CTX,60,20250120,120000,44.1,45.1,44.1,45.1,141,0
CTX,60,20250120,130000,45.1,46.2,45.1,46,881,0
CTX,60,20250120,140000,46,46.2,45.3,45.3,1216,0
CTX,60,20250120,150000,46.1,46.2,46.1,46.2,698,0
CTX,60,20250120,160000,46.2,47.2,45.3,45.5,255,0
CTX,60,20250120,170000,46.8,47,46.8,46.9,356,0
CTX,60,20250121,100000,46.5,47.2,46.5,47,187,0
CTX,60,20250121,110000,46.9,46.9,46.9,46.9,2,0
CTX,60,20250121,120000,46.9,46.9,46.9,46.9,10,0
CTX,60,20250121,130000,46.8,46.8,46.5,46.8,54,0
CTX,60,20250121,140000,46.8,46.9,46.8,46.9,600,0
CTX,60,20250121,150000,46.9,46.9,46.9,46.9,100,0
CTX,60,20250121,170000,46.8,46.9,46.4,46.9,40,0
CTX,60,20250122,100000,46.9,47,46.9,46.9,132,0
CTX,60,20250122,110000,47,47,47,47,233,0
CTX,60,20250122,120000,47,47,47,47,31,0
CTX,60,20250122,130000,47.2,47.2,47,47.2,752,0
CTX,60,20250122,140000,47.2,47.2,47.1,47.1,44,0
CTX,60,20250122,160000,47.2,47.2,47,47.2,699,0
CTX,60,20250122,170000,47.2,48.2,47.2,48.2,911,0
CTX,60,20250123,100000,45.4,48.2,45.4,48.2,105,0
CTX,60,20250123,110000,45.7,48.1,45.6,46.8,64,0
CTX,60,20250123,120000,47.9,48,47.8,47.9,80,0
CTX,60,20250123,130000,47.9,47.9,47.9,47.9,125,0
CTX,60,20250123,140000,47.9,47.9,47.9,47.9,37,0
CTX,60,20250123,170000,48.1,48.2,48.1,48.2,912,0
CTX,60,20250124,100000,48.2,49.2,48.2,49.2,1419,0
CTX,60,20250124,110000,49.2,49.2,48.3,49.2,79,0
CTX,60,20250124,120000,49.2,49.2,49.2,49.2,518,0
CTX,60,20250124,130000,49.2,50,49.2,50,2408,0
CTX,60,20250124,140000,49.9,50.2,49.8,50,1632,0
CTX,60,20250124,150000,50.2,53,49.9,52.4,2929,0
CTX,60,20250124,160000,52.2,52.2,50.4,50.4,149,0
CTX,60,20250124,170000,51.6,52,50.4,51.8,772,0
CTX,60,20250127,120000,50.2,50.2,50.2,50.2,40,0
CTX,60,20250127,130000,50.2,50.2,50.2,50.2,69,0
CTX,60,20250127,150000,50.2,50.2,50.2,50.2,488,0
CTX,60,20250127,160000,51,51,51,51,70,0
CTX,60,20250127,170000,51,51,50,51,118,0
CTX,60,20250128,100000,51,51.2,51,51.2,42,0
CTX,60,20250128,110000,51.2,51.2,51.2,51.2,540,0
CTX,60,20250128,120000,51.2,51.2,50.2,50.2,838,0
CTX,60,20250128,130000,51.2,51.2,51.2,51.2,5,0
CTX,60,20250128,140000,50.2,50.2,50.2,50.2,25,0
CTX,60,20250128,150000,51.2,51.2,51.2,51.2,350,0
CTX,60,20250128,160000,51.2,51.2,51.2,51.2,376,0
CTX,60,20250128,170000,51.4,51.8,51.4,51.8,115,0
CTX,60,20250129,100000,52,52,52,52,818,0
CTX,60,20250129,110000,52,52,51.2,51.2,87,0
CTX,60,20250129,120000,51.2,51.2,51.2,51.2,24,0
CTX,60,20250129,130000,52,52,52,52,7,0
CTX,60,20250129,140000,52,52,52,52,50,0
CTX,60,20250129,170000,51.2,51.8,51.2,51.2,137,0
CTX,60,20250130,100000,51.8,51.8,49.8,51.6,392,0
CTX,60,20250130,110000,51.6,51.6,51.6,51.6,27,0
CTX,60,20250130,130000,51.6,51.8,51.6,51.8,415,0
CTX,60,20250130,140000,51.8,51.8,50.6,50.6,177,0
CTX,60,20250130,160000,51.6,51.8,51.6,51.8,50,0
CTX,60,20250130,170000,50.8,50.8,50.8,50.8,12,0
CTX,60,20250131,100000,51,51.8,51,51.8,321,0
CTX,60,20250131,110000,51,52,51,52,55,0
CTX,60,20250131,120000,52,52,52,52,40,0
CTX,60,20250131,140000,51.2,52,51.2,51.2,8,0
CTX,60,20250131,160000,51.2,51.2,51.2,51.2,8,0
CTX,60,20250131,170000,52,52,52,52,40,0
CTX,60,20250203,100000,51.2,51.8,50,50,2013,0
CTX,60,20250203,110000,50,50,50,50,100,0
CTX,60,20250203,120000,51,51,51,51,67,0
CTX,60,20250203,130000,50,50,50,50,5,0
CTX,60,20250203,160000,50.4,50.4,50.2,50.4,57,0
CTX,60,20250203,170000,50.4,50.4,50.4,50.4,31,0
CTX,60,20250204,100000,50.4,51.6,50.2,51.6,642,0
CTX,60,20250204,120000,51.4,51.4,51.4,51.4,35,0
CTX,60,20250204,150000,51.4,51.4,51.4,51.4,50,0
CTX,60,20250204,160000,51.6,51.6,51.6,51.6,20,0
CTX,60,20250204,170000,51.6,51.6,50.2,50.2,213,0
CTX,60,20250205,100000,51,51.6,50,51.6,347,0
CTX,60,20250205,110000,51.6,51.6,50.6,50.6,31,0
CTX,60,20250205,120000,50.6,50.8,50.6,50.8,174,0
CTX,60,20250205,150000,51.6,51.6,51.6,51.6,11,0
CTX,60,20250205,170000,51.6,51.6,50.8,50.8,14,0
CTX,60,20250206,110000,51.6,51.6,51.6,51.6,732,0
CTX,60,20250206,120000,51.6,51.6,51.2,51.6,756,0
CTX,60,20250206,130000,51.6,51.6,51.6,51.6,50,0
CTX,60,20250206,140000,51.2,51.2,51.2,51.2,690,0
CTX,60,20250206,160000,51.6,51.6,51.2,51.6,371,0
CTX,60,20250206,170000,51.6,51.6,51,51.6,97,0
CTX,60,20250207,100000,51.2,51.6,51.2,51.6,110,0
CTX,60,20250207,110000,51.6,51.6,50,50,772,0
CTX,60,20250207,120000,51.6,52,51.6,51.6,219,0
CTX,60,20250207,130000,51.6,51.6,51.6,51.6,118,0
CTX,60,20250207,140000,52,52,52,52,16,0
CTX,60,20250207,150000,51.6,51.6,51.6,51.6,260,0
CTX,60,20250207,160000,51.8,51.8,51.6,51.6,13,0
CTX,60,20250207,170000,51.6,52,51.6,52,26,0
CTX,60,20250210,100000,53,53,52.2,52.2,2478,0
CTX,60,20250210,110000,52.6,53,52.6,53,630,0
CTX,60,20250210,120000,53,53,53,53,11,0
CTX,60,20250210,130000,52.6,53,52.6,53,1300,0
CTX,60,20250210,140000,53,53,53,53,202,0
CTX,60,20250210,150000,52.8,53,52.8,53,610,0
CTX,60,20250210,160000,53,53,53,53,3,0
CTX,60,20250210,170000,53,54.8,53,54,542,0
CTX,60,20250211,100000,53.8,54,53.8,54,23,0
CTX,60,20250211,110000,54,54,54,54,95,0
CTX,60,20250211,130000,53.2,53.2,53.2,53.2,12,0
CTX,60,20250211,140000,53.2,53.2,53,53,157,0
CTX,60,20250211,150000,52.6,52.8,52.6,52.8,831,0
CTX,60,20250211,160000,53,53,53,53,100,0
CTX,60,20250211,170000,53,53.6,52.6,52.6,1404,0
CTX,60,20250212,100000,54.4,54.4,54.4,54.4,50,0
CTX,60,20250212,110000,54.4,54.4,54.2,54.2,169,0
CTX,60,20250212,120000,53.6,54.2,53.4,54.2,1110,0
CTX,60,20250212,130000,53.4,54.2,53.4,54.2,94,0
CTX,60,20250212,150000,53.4,53.4,53.2,53.2,500,0
CTX,60,20250212,160000,53.2,53.2,53.2,53.2,7,0
CTX,60,20250212,170000,53,53,53,53,24,0
CTX,60,20250213,100000,53,53,53,53,21,0
CTX,60,20250213,110000,53,53,53,53,23,0
CTX,60,20250213,120000,52.2,53.2,52,52,528,0
CTX,60,20250213,130000,52.8,52.8,52.8,52.8,21,0
CTX,60,20250213,140000,52.8,52.8,52.8,52.8,47,0
CTX,60,20250213,150000,52.8,52.8,52.8,52.8,10,0
CTX,60,20250213,160000,52.8,52.8,51,51,629,0
CTX,60,20250213,170000,50.8,51.2,50,51.2,1940,0
CTX,60,20250214,100000,49.9,51,49.9,50,39,0
CTX,60,20250214,120000,50.2,50.6,50.2,50.6,142,0
CTX,60,20250214,130000,50.2,50.4,50.2,50.4,1225,0
CTX,60,20250214,140000,50.8,51,50,50,315,0
CTX,60,20250214,150000,50,51,49.7,51,1013,0
CTX,60,20250214,160000,49.8,50.2,49.8,50,243,0
CTX,60,20250214,170000,50,50,48.3,49,1383,0
CTX,60,20250217,100000,50,51,50,50.8,937,0
CTX,60,20250217,110000,50.8,50.8,49.8,50.8,1192,0
CTX,60,20250217,120000,50.8,52,50,52,615,0
CTX,60,20250217,130000,52,52,51,51,131,0
CTX,60,20250217,140000,51,52,51,51.8,152,0
CTX,60,20250217,150000,51.8,52,51.4,51.4,1677,0
CTX,60,20250217,160000,52,52,51.8,52,45,0
CTX,60,20250217,170000,52,52,52,52,327,0
CTX,60,20250218,100000,52,52,52,52,139,0
CTX,60,20250218,110000,52,52,52,52,87,0
CTX,60,20250218,120000,52,52,51.8,51.8,100,0
CTX,60,20250218,130000,51.8,51.8,51.8,51.8,130,0
CTX,60,20250218,140000,52,52.6,52,52.6,994,0
CTX,60,20250218,150000,52.6,52.6,52.6,52.6,141,0
CTX,60,20250218,160000,52.2,52.2,51.4,51.4,227,0
CTX,60,20250218,170000,52.6,52.6,52,52.6,52,0
CTX,60,20250219,100000,52.6,52.6,51.6,51.6,502,0
CTX,60,20250219,110000,51.4,51.6,48,50,2810,0
CTX,60,20250219,120000,50,50,48,48.6,1010,0
CTX,60,20250219,130000,49.1,49.7,48.7,49.7,287,0
CTX,60,20250219,140000,49.7,49.9,49,49.8,575,0
CTX,60,20250219,150000,49.2,49.8,49.2,49.7,85,0
CTX,60,20250219,160000,49.3,49.8,49.2,49.8,1399,0
CTX,60,20250219,170000,49.7,51,49.7,51,2202,0
CTX,60,20250220,100000,51,51,50.4,50.4,80,0
CTX,60,20250220,120000,50.6,50.8,50.6,50.8,64,0
CTX,60,20250220,140000,50.8,50.8,50,50,286,0
CTX,60,20250221,100000,50,50,49.2,49.2,566,0
CTX,60,20250221,110000,49.1,49.2,49.1,49.2,100,0
CTX,60,20250221,120000,49.2,49.2,49.2,49.2,2,0
CTX,60,20250221,130000,49.2,49.2,48.3,48.3,310,0
CTX,60,20250221,140000,48.6,48.6,48.5,48.5,20,0
CTX,60,20250221,150000,49.2,49.2,49.2,49.2,15,0
CTX,60,20250221,160000,49.1,49.2,48,49.2,474,0
CTX,60,20250221,170000,48.8,49.2,48.8,49.2,46,0
CTX,60,20250224,100000,49.2,50.2,49.2,50,58,0
CTX,60,20250224,110000,49.9,50,49.2,49.2,1268,0
CTX,60,20250224,130000,49.2,50,49.2,49.2,257,0
CTX,60,20250224,140000,49.1,49.1,49,49,163,0
CTX,60,20250224,150000,49,49.6,48.5,49.6,420,0
CTX,60,20250224,160000,48.5,48.5,47.1,47.1,111,0
CTX,60,20250224,170000,47,48.7,47,48.7,966,0
CTX,60,20250225,100000,48,48.4,47.9,47.9,227,0
CTX,60,20250225,110000,48.4,48.4,47.6,48,1844,0
CTX,60,20250225,130000,48,48,47.2,47.3,91,0
CTX,60,20250225,140000,48,48,48,48,1,0
CTX,60,20250225,160000,47.8,47.8,47.2,47.2,257,0
CTX,60,20250225,170000,47.2,47.7,46.9,46.9,177,0
CTX,60,20250226,110000,47.8,47.8,47,47,230,0
CTX,60,20250226,120000,47.3,47.3,47.3,47.3,40,0
CTX,60,20250226,130000,47.8,47.8,47.2,47.2,126,0
CTX,60,20250226,140000,47.7,47.7,47.7,47.7,138,0
CTX,60,20250226,150000,47.5,47.5,47.5,47.5,145,0
CTX,60,20250226,160000,47.5,47.5,47.5,47.5,5,0
CTX,60,20250226,170000,47.7,47.8,47.5,47.8,185,0
CTX,60,20250227,100000,47.8,47.8,47.8,47.8,42,0
CTX,60,20250227,110000,47.7,47.7,47.7,47.7,38,0
CTX,60,20250227,130000,47.2,47.7,46.9,46.9,323,0
CTX,60,20250227,140000,46.7,46.7,46.7,46.7,2,0
CTX,60,20250227,150000,47,47,47,47,154,0
CTX,60,20250227,160000,47,47,47,47,141,0
CTX,60,20250227,170000,47,47,46.3,47,284,0
CTX,60,20250228,100000,47,47,46.1,47,46,0
CTX,60,20250228,110000,47,47,46.8,46.9,143,0
CTX,60,20250228,140000,46.3,47,46.2,47,512,0
CTX,60,20250228,150000,46.3,47.2,45,47,1707,0
CTX,60,20250228,160000,47,47,47,47,132,0
CTX,60,20250228,170000,47,47.4,46,47.4,3402,0
CTX,60,20250303,100000,47.4,47.4,47.2,47.2,118,0
CTX,60,20250303,110000,47.1,47.2,47,47.2,61,0
CTX,60,20250303,120000,47,47,47,47,70,0
CTX,60,20250303,130000,47,47,47,47,13,0
CTX,60,20250303,140000,47,47,47,47,17,0
CTX,60,20250303,170000,46.9,47,46.9,47,77,0
CTX,60,20250304,100000,46.6,46.6,45.7,46.6,47,0
CTX,60,20250304,120000,46.8,46.8,46.8,46.8,11,0
CTX,60,20250304,130000,46.8,46.8,46.8,46.8,31,0
CTX,60,20250304,150000,46,46,46,46,200,0
CTX,60,20250304,160000,45.8,45.8,45,45,745,0
CTX,60,20250304,170000,45,45,43,43.5,1011,0
CTX,60,20250305,100000,45.2,45.6,44,45,94,0
CTX,60,20250305,110000,44,45,43.2,44.7,585,0
CTX,60,20250305,120000,44.5,44.5,44.5,44.5,4,0
CTX,60,20250305,130000,44.6,45,44.6,45,297,0
CTX,60,20250305,140000,45.6,45.6,44.7,45.5,774,0
CTX,60,20250305,150000,45.6,45.6,44.6,44.6,243,0
CTX,60,20250305,160000,45,45,45,45,211,0
CTX,60,20250305,170000,44.9,44.9,44.9,44.9,103,0
CTX,60,20250306,110000,44.5,44.5,44.5,44.5,15,0
CTX,60,20250306,120000,44.2,44.8,43.6,44.8,694,0
CTX,60,20250306,130000,44.3,44.3,44.3,44.3,77,0
CTX,60,20250306,140000,44,44,43,43,960,0
CTX,60,20250306,150000,44.2,44.6,44.2,44.6,2300,0
CTX,60,20250306,160000,44.9,45,44.9,45,3048,0
CTX,60,20250306,170000,45,45.1,44.3,45.1,4211,0
CTX,60,20250307,100000,45,45,44.9,44.9,732,0
CTX,60,20250307,110000,44.9,44.9,44.9,44.9,76,0
CTX,60,20250307,120000,44.9,44.9,44.9,44.9,224,0
CTX,60,20250307,130000,45,45,44.9,45,426,0
CTX,60,20250307,140000,45,45,44.9,44.9,275,0
CTX,60,20250307,150000,44.9,45,44.9,45,116,0
CTX,60,20250307,160000,45,45,45,45,786,0
CTX,60,20250307,170000,45,45,44.5,44.5,212,0
CTX,60,20250310,100000,45.1,45.1,44.9,44.9,73,0
CTX,60,20250310,110000,44.9,45.4,44.7,45.3,680,0
CTX,60,20250310,130000,44.7,44.7,44.7,44.7,4,0
CTX,60,20250310,140000,44.7,44.7,44.7,44.7,68,0
CTX,60,20250310,150000,43.8,43.8,43.8,43.8,7,0
CTX,60,20250310,160000,44.9,44.9,44.1,44.1,118,0
CTX,60,20250310,170000,44,44,43.7,43.7,295,0
CTX,60,20250311,100000,43.5,44,43.5,44,158,0
CTX,60,20250311,110000,43.5,43.6,43,43,374,0
CTX,60,20250311,130000,43.6,43.6,41.1,42,983,0
CTX,60,20250311,150000,43.2,43.3,43.2,43.3,50,0
CTX,60,20250311,160000,42.8,42.8,42.8,42.8,13,0
CTX,60,20250311,170000,42.8,43.1,41.2,42,1275,0
CTX,60,20250312,100000,40.6,41.2,40,40.5,4852,0
CTX,60,20250312,110000,40.8,40.9,40,40,2665,0
CTX,60,20250312,120000,40,40.7,40,40.4,446,0
CTX,60,20250312,130000,40.7,40.7,40.4,40.5,175,0
CTX,60,20250312,140000,40.4,40.5,39,39.8,1337,0
CTX,60,20250312,150000,39.1,40.1,39.1,40,1233,0
CTX,60,20250312,160000,40,40,40,40,155,0
CTX,60,20250312,170000,40.2,40.8,40,40.8,272,0
CTX,60,20250313,100000,40.9,41.1,40,40.3,794,0
CTX,60,20250313,110000,40.9,40.9,40.3,40.8,99,0
CTX,60,20250313,120000,40.8,40.8,40.7,40.8,431,0
CTX,60,20250313,130000,40.8,40.9,40.8,40.9,151,0
CTX,60,20250313,140000,40.9,40.9,40.9,40.9,96,0
CTX,60,20250313,150000,40.9,41.1,40.9,41,376,0
CTX,60,20250313,170000,41.1,41.3,40.6,41.2,367,0
CTX,60,20250314,100000,41.2,41.6,40.5,41.6,519,0
CTX,60,20250314,110000,41.6,41.6,41.6,41.6,6,0
CTX,60,20250314,120000,41.6,41.6,41.6,41.6,156,0
CTX,60,20250314,130000,41.6,41.6,41.5,41.5,125,0
CTX,60,20250314,140000,41.5,41.5,41.5,41.5,16,0
CTX,60,20250314,150000,41.3,41.5,41.3,41.5,89,0
CTX,60,20250314,170000,41.5,41.6,41.5,41.6,147,0
CTX,60,20250317,100000,41.6,42,41.6,42,1213,0
CTX,60,20250317,110000,41.6,41.6,41.6,41.6,1042,0
CTX,60,20250317,120000,41.4,42,41.2,42,513,0
CTX,60,20250317,130000,42,42,42,42,718,0
CTX,60,20250317,140000,42.1,42.1,42,42.1,572,0
CTX,60,20250317,150000,42.6,42.6,42.6,42.6,1,0
CTX,60,20250317,170000,42,42.5,42,42.5,12,0
CTX,60,20250318,100000,42.5,43.2,42.5,42.7,492,0
CTX,60,20250318,110000,42.9,42.9,42.7,42.7,79,0
CTX,60,20250318,120000,42.9,42.9,42.6,42.9,277,0
CTX,60,20250318,140000,42.9,42.9,42.7,42.9,128,0
CTX,60,20250318,150000,42.7,42.9,42.7,42.9,252,0
CTX,60,20250318,160000,42.7,42.9,42.7,42.9,1000,0
CTX,60,20250318,170000,42.6,42.6,42,42.4,2019,0
CTX,60,20250319,100000,42.4,42.4,41.8,41.8,216,0
CTX,60,20250319,110000,41.8,41.8,41.5,41.5,172,0
CTX,60,20250319,120000,41.8,41.8,41.8,41.8,10,0
CTX,60,20250319,130000,41.8,41.8,41.4,41.4,405,0
CTX,60,20250319,140000,41.4,41.4,41.4,41.4,13,0
CTX,60,20250319,150000,41.4,41.4,41.4,41.4,189,0
CTX,60,20250319,160000,41.8,41.8,41.8,41.8,48,0
CTX,60,20250319,170000,41.8,42,41.8,42,222,0
CTX,60,20250320,130000,42,42.3,42,42.3,150,0
CTX,60,20250320,140000,42,42,41.5,41.9,511,0
CTX,60,20250320,150000,41.9,41.9,41.9,41.9,400,0
CTX,60,20250320,160000,41,41,41,41,100,0
CTX,60,20250320,170000,40.8,41.5,40.7,41.5,235,0
CTX,60,20250321,100000,42.1,42.1,40,40,1796,0
CTX,60,20250321,120000,40.2,40.2,40,40,1492,0
CTX,60,20250321,130000,40,41,40,40.2,445,0
CTX,60,20250321,150000,41,41,41,41,300,0
CTX,60,20250321,170000,41,41.5,41,41.5,170,0
CTX,60,20250324,100000,41,41.5,40,40.7,1919,0
CTX,60,20250324,110000,40.7,40.8,40.7,40.7,114,0
CTX,60,20250324,120000,40.6,40.6,40.4,40.4,23,0
CTX,60,20250324,130000,40.4,40.4,40.4,40.4,132,0
CTX,60,20250324,140000,40.7,40.9,40.7,40.9,218,0
CTX,60,20250324,150000,40.8,40.8,40,40,462,0
CTX,60,20250324,160000,39.9,39.9,39,39.7,3588,0
CTX,60,20250324,170000,39.7,39.9,39.4,39.7,1536,0
CTX,60,20250325,100000,39.8,41,38.5,41,3355,0
CTX,60,20250325,110000,41,41.1,40,40,909,0
CTX,60,20250325,120000,40,40.7,40,40.7,658,0
CTX,60,20250325,130000,40.5,40.5,39.8,39.8,568,0
CTX,60,20250325,140000,39.9,39.9,39.9,39.9,160,0
CTX,60,20250325,150000,40,40,40,40,30,0
CTX,60,20250325,170000,40,40,39.4,39.9,246,0
CTX,60,20250326,100000,39.9,39.9,39,39,1637,0
CTX,60,20250326,110000,39,39.1,38.9,38.9,48,0
CTX,60,20250326,120000,39,39.4,39,39.4,131,0
CTX,60,20250326,130000,39,39,38.9,39,1234,0
CTX,60,20250326,140000,39,39.5,38.9,39.5,619,0
CTX,60,20250326,160000,39,39,38.9,39,414,0
CTX,60,20250326,170000,39,39,38.5,38.5,1016,0
CTX,60,20250327,100000,38.9,38.9,36.2,37.6,1323,0
CTX,60,20250327,110000,37.8,37.8,37.3,37.5,139,0
CTX,60,20250327,120000,37.8,37.8,37,37.8,2098,0
CTX,60,20250327,130000,37.7,38.2,37.7,38.2,255,0
CTX,60,20250327,140000,37.8,37.9,37.8,37.8,2332,0
CTX,60,20250327,150000,37.8,37.8,37.1,37.4,936,0
CTX,60,20250327,160000,37.4,37.5,37.3,37.3,262,0
CTX,60,20250327,170000,37.1,37.8,37,37.1,131,0
CTX,60,20250328,100000,37.7,37.8,37.7,37.8,276,0
CTX,60,20250328,110000,38.1,38.4,38.1,38.4,535,0
CTX,60,20250328,120000,38.8,39.4,38,39.2,7945,0
CTX,60,20250328,130000,39.4,39.4,39,39,271,0
CTX,60,20250328,140000,39,39,39,39,44,0
CTX,60,20250328,160000,38.9,38.9,38.9,38.9,160,0
CTX,60,20250328,170000,38.9,39.4,38.9,39.4,404,0
CTX,60,20250331,100000,39.6,41.4,39.5,39.5,1259,0
CTX,60,20250331,110000,39.5,39.5,39,39,570,0
CTX,60,20250331,120000,39,39,39,39,13,0
CTX,60,20250331,130000,39,39,38.8,39,128,0
CTX,60,20250331,140000,39,39,39,39,476,0
CTX,60,20250331,150000,39,39,39,39,163,0
CTX,60,20250331,160000,39,39,38,38,470,0
CTX,60,20250331,170000,38.2,38.2,38.2,38.2,293,0
CTX,60,20250401,100000,41,41,38.1,40,709,0
CTX,60,20250401,110000,40,40.5,38.7,40,854,0
CTX,60,20250401,120000,39.9,40,39.9,40,123,0
CTX,60,20250401,130000,40,40,40,40,34,0
CTX,60,20250401,140000,38.9,39.1,38.6,39.1,1060,0
CTX,60,20250401,150000,39.8,39.8,39.8,39.8,70,0
CTX,60,20250401,160000,39.8,40,39.8,40,140,0
CTX,60,20250401,170000,40,40.5,39.1,40.5,1089,0
CTX,60,20250402,100000,40.5,40.5,40,40,3018,0
CTX,60,20250402,110000,39.1,39.1,39.1,39.1,93,0
CTX,60,20250402,120000,39.1,40,39.1,40,34,0
CTX,60,20250402,130000,39.9,40,39.9,40,143,0
CTX,60,20250402,170000,39.9,39.9,39.3,39.8,100,0
CTX,60,20250403,100000,39.8,39.8,37.2,39.7,1258,0
CTX,60,20250403,110000,38.1,38.3,38.1,38.1,185,0
CTX,60,20250403,120000,38.2,38.9,38.2,38.9,330,0
CTX,60,20250403,130000,38.2,38.2,38.2,38.2,7,0
CTX,60,20250403,140000,38.2,38.2,38.1,38.1,70,0
CTX,60,20250403,150000,38.1,38.2,38.1,38.2,12,0
CTX,60,20250403,160000,38.2,38.2,38.2,38.2,1,0
CTX,60,20250403,170000,38.5,38.5,38.5,38.5,30,0
CTX,60,20250404,100000,38.5,38.5,37.3,37.6,135,0
CTX,60,20250404,110000,37.6,37.9,37.6,37.9,35,0
CTX,60,20250404,120000,37.9,37.9,37.9,37.9,117,0
CTX,60,20250404,130000,37.6,37.9,37.6,37.9,13,0
CTX,60,20250404,140000,37.9,37.9,37.3,37.3,137,0
CTX,60,20250404,170000,37.3,38.1,37,38.1,509,0
CTX,60,20250407,100000,37,37,33.9,35,652,0
CTX,60,20250407,110000,34.8,34.8,34.8,34.8,98,0
CTX,60,20250407,120000,34.7,34.8,33.1,34.5,2072,0
CTX,60,20250407,130000,34.4,34.4,34.3,34.4,337,0
CTX,60,20250407,140000,34.4,34.5,34,34.1,88,0
CTX,60,20250407,150000,34.3,34.3,34.3,34.3,1047,0
CTX,60,20250407,170000,34.1,34.5,34,34.5,429,0
CTX,60,20250408,100000,34.1,35.7,34,35.7,279,0
CTX,60,20250408,110000,35.5,35.5,33.6,34,195,0
CTX,60,20250408,120000,34,34.4,33.1,33.1,664,0
CTX,60,20250408,130000,33.2,33.2,32.8,33.2,1492,0
CTX,60,20250408,140000,33.1,33.5,32.8,33.5,632,0
CTX,60,20250408,150000,33,33.4,32.8,33,1096,0
CTX,60,20250408,160000,33.2,33.2,33,33.1,867,0
CTX,60,20250408,170000,33.2,33.2,33.1,33.2,243,0
CTX,60,20250409,100000,33.2,33.2,32.6,33,940,0
CTX,60,20250409,120000,33.1,33.1,32.8,32.9,724,0
CTX,60,20250409,130000,32.9,32.9,32.6,32.6,70,0
CTX,60,20250409,140000,32.6,32.6,32.1,32.2,457,0
CTX,60,20250409,150000,32,32.1,31.9,32,365,0
CTX,60,20250409,160000,32,32.2,32,32.2,662,0
CTX,60,20250409,170000,32.4,32.4,32,32,581,0
CTX,60,20250410,100000,33.7,33.7,33,33,480,0
CTX,60,20250410,110000,32.2,32.3,32.2,32.3,26,0
CTX,60,20250410,120000,32.3,33,32.3,33,20969,0
CTX,60,20250410,130000,33,34.5,33,34.5,7501,0
CTX,60,20250410,140000,34.5,35.1,33.7,33.8,1425,0
CTX,60,20250410,150000,33.2,33.2,33.2,33.2,31,0
CTX,60,20250410,160000,33.5,33.5,33,33,946,0
CTX,60,20250411,100000,33.9,33.9,33.9,33.9,220,0
CTX,60,20250411,110000,34,34,33.3,33.8,295,0
CTX,60,20250411,120000,33.9,33.9,33.9,33.9,31,0
CTX,60,20250411,130000,33,33.3,33,33.3,150,0
CTX,60,20250411,140000,33.3,33.3,33.3,33.3,59,0
CTX,60,20250411,150000,33,33.3,33,33.3,10177,0
CTX,60,20250411,160000,33,33.1,33,33,11854,0
CTX,60,20250411,170000,33,33.5,33,33.5,200,0
CTX,60,20250414,100000,33.7,34.6,33.1,34.6,1011,0
CTX,60,20250414,110000,34.4,34.4,33.8,33.8,632,0
CTX,60,20250414,120000,34,34.6,33.5,33.5,873,0
CTX,60,20250414,130000,33.4,33.5,33,33,838,0
CTX,60,20250414,140000,33.4,33.4,33,33.4,190,0
CTX,60,20250414,150000,33.4,33.4,33,33,254,0
CTX,60,20250414,160000,33,33,33,33,315,0
CTX,60,20250414,170000,33,33.7,32.5,33.7,273,0
CTX,60,20250415,100000,34.3,34.3,34,34.2,324,0
CTX,60,20250415,110000,33.6,33.6,33.5,33.6,2091,0
CTX,60,20250415,120000,33.1,33.1,33,33,306,0
CTX,60,20250415,130000,33,33,33,33,121,0
CTX,60,20250415,140000,33.3,33.3,32.6,32.6,7,0
CTX,60,20250415,150000,33.1,33.1,33.1,33.1,80,0
CTX,60,20250415,170000,33,33.4,32.8,33.4,75,0
CTX,60,20250416,100000,33.5,33.9,33.4,33.5,1518,0
CTX,60,20250416,110000,33.2,33.7,33.2,33.7,251,0
CTX,60,20250416,140000,33.2,33.2,33.2,33.2,84,0
CTX,60,20250416,160000,33.4,33.5,33.4,33.5,1122,0
CTX,60,20250416,170000,33.6,33.6,33.6,33.6,470,0
CTX,60,20250417,100000,33.4,33.4,33.4,33.4,3050,0
CTX,60,20250417,110000,33.4,35,33.4,35,3183,0
CTX,60,20250417,120000,35.4,35.4,34.4,35,851,0
CTX,60,20250417,130000,35,35,34.9,34.9,51,0
CTX,60,20250417,150000,34.9,35,34.5,34.5,2049,0
CTX,60,20250417,160000,34.5,35.2,34.4,34.5,205,0
CTX,60,20250417,170000,34.5,35.4,34.4,35.4,826,0
CTX,60,20250422,100000,34.5,34.5,33.4,34,1448,0
CTX,60,20250422,110000,33.7,34.4,33.7,34,592,0
CTX,60,20250422,120000,34,34,34,34,194,0
CTX,60,20250422,130000,34.3,34.4,34.3,34.4,270,0
CTX,60,20250422,140000,34,34.3,34,34.3,191,0
CTX,60,20250422,150000,34,34,33.9,34,2239,0
CTX,60,20250422,160000,33.9,33.9,33,33.7,154,0
CTX,60,20250422,170000,33.9,34,33,33.9,4645,0
CTX,60,20250423,100000,33.9,33.9,33.3,33.9,1515,0
CTX,60,20250423,110000,33.9,34.1,33.7,33.7,2228,0
CTX,60,20250423,120000,34,34,34,34,1120,0
CTX,60,20250423,130000,34.2,34.3,33.7,33.7,1640,0
CTX,60,20250423,140000,34.2,34.2,34,34,292,0
CTX,60,20250423,150000,34,34,33.7,33.8,1566,0
CTX,60,20250423,160000,33.7,33.7,33,33.1,1505,0
CTX,60,20250423,170000,33.1,33.1,33,33,407,0
CTX,60,20250424,100000,33.6,34,32.9,32.9,256,0
CTX,60,20250424,110000,32.9,32.9,32,32.5,1292,0
CTX,60,20250424,120000,32.1,32.1,31.5,32,3647,0
CTX,60,20250424,130000,32,32,31.8,31.8,1497,0
CTX,60,20250424,140000,32,32,31.5,31.6,1430,0
CTX,60,20250424,150000,31.9,32,31.9,32,702,0
CTX,60,20250424,160000,31.8,32,31.5,32,889,0
CTX,60,20250424,170000,32,32.2,31.5,31.5,665,0
CTX,60,20250425,100000,33,33,31.8,31.8,1118,0
CTX,60,20250425,110000,32,32.4,32,32.4,518,0
CTX,60,20250425,120000,31.9,31.9,31.5,31.9,909,0
CTX,60,20250425,130000,31.9,31.9,31.9,31.9,3,0
CTX,60,20250425,140000,31.9,32.4,31.9,32,368,0
CTX,60,20250425,150000,31.9,32,31.9,32,1146,0
CTX,60,20250425,160000,31.8,31.8,31.6,31.6,100,0
CTX,60,20250425,170000,32,32,31.6,31.6,1910,0
CTX,60,20250428,100000,32.5,32.5,32.5,32.5,81,0
CTX,60,20250428,110000,32.5,32.5,32,32,103,0
CTX,60,20250428,120000,32.5,32.5,32,32,350,0
CTX,60,20250428,130000,32,32,32,32,1380,0
CTX,60,20250428,140000,32,32,32,32,150,0
CTX,60,20250428,150000,31.9,32,31.9,32,151,0
CTX,60,20250428,160000,32,32,31.9,31.9,1530,0
CTX,60,20250428,170000,31.9,32,31.9,32,70,0
CTX,60,20250429,100000,32.4,32.5,32,32,435,0
CTX,60,20250429,110000,32,32,31.8,31.9,1589,0
CTX,60,20250429,120000,31.9,32,31.5,32,1692,0
CTX,60,20250429,130000,31.9,31.9,31.6,31.6,52,0
CTX,60,20250429,140000,31.8,32,31.3,31.3,3654,0
CTX,60,20250429,150000,31.3,32,31.2,31.6,2009,0
CTX,60,20250429,160000,31.3,31.6,31.2,31.6,192,0
CTX,60,20250429,170000,32,32,32,32,10,0
CTX,60,20250430,100000,31.4,32,31.4,31.5,585,0
CTX,60,20250430,110000,31.8,31.8,31.8,31.8,75,0
CTX,60,20250430,120000,31.8,31.8,31.8,31.8,60,0
CTX,60,20250430,130000,31.8,31.9,31.8,31.9,231,0
CTX,60,20250430,140000,31.9,31.9,31.7,31.8,980,0
CTX,60,20250430,150000,31.8,31.8,31.8,31.8,100,0
CTX,60,20250430,160000,31.8,31.8,31.8,31.8,94,0
CTX,60,20250430,170000,31.8,31.8,31.8,31.8,102,0
CTX,60,20250502,100000,33,33,32.2,33,567,0
CTX,60,20250502,110000,33,33,32.9,32.9,210,0
CTX,60,20250502,130000,32.8,32.8,32.8,32.8,106,0
CTX,60,20250502,140000,32.5,32.5,32.5,32.5,200,0
CTX,60,20250502,150000,32.5,32.5,32.3,32.3,229,0
CTX,60,20250502,160000,32.3,32.3,32.2,32.2,249,0
CTX,60,20250502,170000,32.2,32.2,32.2,32.2,61,0
CTX,60,20250505,100000,32.9,35.3,32.2,34,5242,0
CTX,60,20250505,110000,34,34,33.1,33.7,909,0
CTX,60,20250505,120000,33.9,35,33.7,34.5,3720,0
CTX,60,20250505,130000,34.5,35,34,34,1621,0
CTX,60,20250505,140000,34.8,34.8,33.5,34.4,1087,0
CTX,60,20250505,150000,34.8,34.8,33.8,34,372,0
CTX,60,20250505,160000,34.4,34.8,32.8,34.2,3782,0
CTX,60,20250505,170000,34.3,34.9,33.3,34.6,2448,0
CTX,60,20250506,100000,35.2,35.2,34,34.9,2087,0
CTX,60,20250506,110000,34.9,35.1,34.9,35,1069,0
CTX,60,20250506,120000,35,35.3,35,35.3,129,0
CTX,60,20250506,130000,35.3,35.3,34.5,34.5,1161,0
CTX,60,20250506,140000,34.5,34.5,34,34.1,644,0
CTX,60,20250506,150000,34.5,35.4,34.5,35.3,1393,0
CTX,60,20250506,160000,35.2,35.2,34.7,34.7,190,0
CTX,60,20250506,170000,34.8,34.8,34.8,34.8,11,0
