<TICKER>,<PER>,<DATE>,<TIME>,<OPEN>,<HIGH>,<LOW>,<CLOSE>,<VOL>,<OPENINT>
DAD,60,20240411,100000,16.45,16.45,16.45,16.45,41,0
DAD,60,20240411,120000,16.5,16.5,16.5,16.5,100,0
DAD,60,20240411,130000,16.25,16.25,16.25,16.25,161,0
DAD,60,20240411,150000,16.25,16.25,16.25,16.25,9,0
DAD,60,20240412,100000,16.25,16.35,16.25,16.35,67,0
DAD,60,20240412,120000,16.45,16.5,16.45,16.5,547,0
DAD,60,20240412,130000,16.55,16.9,16.4,16.9,1557,0
DAD,60,20240412,140000,16.4,16.55,16.35,16.5,401,0
DAD,60,20240412,160000,16.8,16.8,16.35,16.35,275,0
DAD,60,20240412,170000,16.4,16.4,16.4,16.4,31,0
DAD,60,20240415,100000,16.9,16.9,16.9,16.9,2,0
DAD,60,20240415,110000,16.8,17.3,16.8,17.3,2474,0
DAD,60,20240415,120000,17,17.25,17,17.25,275,0
DAD,60,20240415,130000,17.2,17.25,17,17,451,0
DAD,60,20240415,140000,17,17.2,17,17.2,233,0
DAD,60,20240415,150000,17.2,17.2,17.2,17.2,1,0
DAD,60,20240415,170000,17.2,17.2,17.05,17.2,531,0
DAD,60,20240416,100000,17.25,17.25,17.25,17.25,2,0
DAD,60,20240416,110000,17.15,17.5,17.15,17.5,2422,0
DAD,60,20240416,120000,17.5,17.95,17.5,17.8,2967,0
DAD,60,20240416,140000,17.6,17.6,17.6,17.6,5,0
DAD,60,20240416,160000,17.6,17.6,17.5,17.5,586,0
DAD,60,20240416,170000,17.4,17.4,17.1,17.1,432,0
DAD,60,20240417,100000,17.75,17.8,17.75,17.8,1434,0
DAD,60,20240417,110000,17.2,17.2,17.2,17.2,202,0
DAD,60,20240417,120000,17.3,17.3,17.3,17.3,19,0
DAD,60,20240417,130000,17.3,17.65,17.3,17.35,205,0
DAD,60,20240417,140000,17.45,17.45,17.45,17.45,500,0
DAD,60,20240417,160000,17.65,17.65,17.45,17.45,200,0
DAD,60,20240417,170000,17.45,17.5,17.45,17.5,97,0
DAD,60,20240418,100000,17.5,17.5,17.5,17.5,541,0
DAD,60,20240418,110000,17.55,17.55,17.55,17.55,100,0
DAD,60,20240418,130000,17.8,17.8,17.6,17.6,179,0
DAD,60,20240418,150000,17.6,17.6,17.6,17.6,200,0
DAD,60,20240418,170000,17.6,17.8,17.6,17.8,60,0
DAD,60,20240419,100000,17.8,17.8,17.8,17.8,12,0
DAD,60,20240419,120000,17.6,17.8,17.6,17.8,270,0
DAD,60,20240419,130000,17.8,17.95,17.8,17.95,533,0
DAD,60,20240419,140000,17.8,17.8,17.8,17.8,331,0
DAD,60,20240419,170000,17.8,17.8,17.8,17.8,779,0
DAD,60,20240422,100000,17.8,17.95,17.8,17.8,183,0
DAD,60,20240422,110000,17.8,17.8,17.8,17.8,424,0
DAD,60,20240422,120000,17.8,17.8,17.8,17.8,500,0
DAD,60,20240422,130000,17.8,17.8,17.8,17.8,9,0
DAD,60,20240422,140000,17.8,17.8,17.8,17.8,100,0
DAD,60,20240422,160000,17.75,17.75,17.75,17.75,35,0
DAD,60,20240423,100000,17.75,17.75,17.4,17.4,2010,0
DAD,60,20240423,140000,17.4,17.4,17.4,17.4,80,0
DAD,60,20240423,160000,17.4,17.4,17.4,17.4,34,0
DAD,60,20240423,170000,17.35,17.35,17.35,17.35,34,0
DAD,60,20240424,100000,17.35,17.75,17.35,17.75,106,0
DAD,60,20240424,110000,17.25,17.25,17.25,17.25,13,0
DAD,60,20240424,140000,17.25,17.25,17.25,17.25,20,0
DAD,60,20240425,100000,17.25,17.9,17.25,17.9,1099,0
DAD,60,20240425,110000,17.9,18.1,17.9,18.1,2500,0
DAD,60,20240425,120000,18.1,18.1,17.6,17.6,58,0
DAD,60,20240425,130000,18.1,18.1,18.1,18.1,19,0
DAD,60,20240425,140000,18.1,18.1,18,18,27,0
DAD,60,20240425,150000,18,18.1,17.6,18,452,0
DAD,60,20240425,160000,18,18.1,18,18.1,254,0
DAD,60,20240425,170000,18.1,18.5,18.1,18.5,1120,0
DAD,60,20240426,100000,18.6,18.6,18.5,18.6,764,0
DAD,60,20240426,110000,18.7,18.7,18.7,18.7,76,0
DAD,60,20240426,120000,18.65,18.65,18.65,18.65,44,0
DAD,60,20240426,130000,18.65,18.65,18.45,18.45,3,0
DAD,60,20240426,140000,18.45,18.7,18.2,18.7,160,0
DAD,60,20240426,150000,18.6,18.6,18.6,18.6,77,0
DAD,60,20240426,170000,18.35,18.35,18.35,18.35,130,0
DAD,60,20240429,100000,18.45,19,18.45,18.95,844,0
DAD,60,20240429,110000,18.95,18.95,18.95,18.95,50,0
DAD,60,20240429,120000,18.9,18.95,18.9,18.95,218,0
DAD,60,20240429,160000,18.85,18.95,18.85,18.95,290,0
DAD,60,20240429,170000,18.95,19,18.95,19,1010,0
DAD,60,20240430,100000,18.95,18.95,18.35,18.35,808,0
DAD,60,20240430,110000,18.6,18.65,18.45,18.45,107,0
DAD,60,20240430,120000,18.6,18.6,18.4,18.4,118,0
DAD,60,20240430,130000,18.4,18.4,18.4,18.4,28,0
DAD,60,20240430,140000,18.4,18.65,18.4,18.65,973,0
DAD,60,20240430,160000,18.65,18.65,18.65,18.65,160,0
DAD,60,20240502,100000,18.85,18.85,18.85,18.85,2,0
DAD,60,20240502,110000,18.85,18.85,18.85,18.85,1,0
DAD,60,20240502,140000,18.35,18.35,18.35,18.35,26,0
DAD,60,20240502,160000,18.6,18.6,18.2,18.2,673,0
DAD,60,20240506,100000,18.25,18.25,17.3,17.8,968,0
DAD,60,20240506,110000,17.8,18,17.3,18,607,0
DAD,60,20240506,130000,17.95,17.95,17.5,17.5,3,0
DAD,60,20240506,140000,17.8,17.9,17.45,17.5,730,0
DAD,60,20240506,150000,17.5,17.5,17.5,17.5,674,0
DAD,60,20240506,170000,17.6,17.6,17.5,17.5,7,0
DAD,60,20240507,100000,17.6,18.95,17.6,18.95,1372,0
DAD,60,20240507,110000,18.75,18.75,18.05,18.05,240,0
DAD,60,20240507,120000,18.3,18.3,18.3,18.3,12,0
DAD,60,20240507,130000,18.4,18.4,18.05,18.05,52,0
DAD,60,20240507,140000,18.15,18.15,18.15,18.15,19,0
DAD,60,20240507,150000,18.15,18.15,17.65,17.65,741,0
DAD,60,20240507,160000,17.7,17.75,17.7,17.75,482,0
DAD,60,20240507,170000,18.2,18.2,18.2,18.2,50,0
DAD,60,20240508,100000,18.3,18.3,18.3,18.3,54,0
DAD,60,20240508,130000,18.15,18.15,18.15,18.15,1,0
DAD,60,20240508,140000,18.15,18.15,18.15,18.15,90,0
DAD,60,20240508,170000,17.85,17.85,17.7,17.7,188,0
DAD,60,20240509,100000,17.7,18.35,17.7,18.35,557,0
DAD,60,20240509,120000,18.25,18.25,18.25,18.25,1,0
DAD,60,20240509,170000,18.25,18.25,18.2,18.2,412,0
DAD,60,20240510,100000,18.25,18.25,18.25,18.25,2,0
DAD,60,20240510,110000,18.25,18.25,18.25,18.25,45,0
DAD,60,20240510,120000,18.25,18.25,18.25,18.25,20,0
DAD,60,20240510,140000,18.25,18.25,18.25,18.25,140,0
DAD,60,20240510,150000,18.2,18.2,18.2,18.2,1,0
DAD,60,20240513,100000,18.25,18.5,17.9,18.05,299,0
DAD,60,20240513,110000,18.4,18.4,17.9,17.9,1700,0
DAD,60,20240513,130000,18.1,18.1,17.9,17.9,126,0
DAD,60,20240513,160000,18.1,18.1,17.65,17.65,430,0
DAD,60,20240513,170000,17.8,17.9,17.8,17.9,290,0
DAD,60,20240514,100000,17.8,17.9,17.6,17.6,458,0
DAD,60,20240514,130000,18.1,18.15,18.1,18.15,300,0
DAD,60,20240514,140000,18.15,18.2,17.65,17.65,120,0
DAD,60,20240514,150000,17.7,17.7,17.7,17.7,19,0
DAD,60,20240514,170000,17.7,17.7,17.65,17.65,70,0
DAD,60,20240515,100000,17.6,17.6,17.6,17.6,300,0
DAD,60,20240515,120000,17.6,18.1,17.6,18.1,54,0
DAD,60,20240515,140000,17.6,17.6,17.55,17.55,10,0
DAD,60,20240515,160000,17.65,18.05,17.55,17.55,1116,0
DAD,60,20240515,170000,17.6,17.6,17.55,17.55,572,0
DAD,60,20240516,100000,17.55,18,17.5,17.5,408,0
DAD,60,20240516,110000,17.9,17.9,17.5,17.5,384,0
DAD,60,20240516,120000,17.5,17.75,17.5,17.75,248,0
DAD,60,20240516,130000,17.6,17.6,17.5,17.5,442,0
DAD,60,20240516,140000,17.35,17.35,17.05,17.05,715,0
DAD,60,20240516,150000,17.1,17.25,16.9,17.25,900,0
DAD,60,20240516,160000,17.35,17.35,17.35,17.35,58,0
DAD,60,20240517,100000,17.35,17.4,17.3,17.3,177,0
DAD,60,20240517,110000,17.4,17.4,17.4,17.4,6,0
DAD,60,20240517,130000,17.4,17.4,17.4,17.4,251,0
DAD,60,20240517,140000,17.4,17.4,17.4,17.4,80,0
DAD,60,20240517,150000,17.3,17.3,17.3,17.3,217,0
DAD,60,20240517,160000,17.3,17.3,17.3,17.3,5,0
DAD,60,20240517,170000,17.1,17.1,17.1,17.1,633,0
DAD,60,20240520,100000,17.3,17.95,17.3,17.95,354,0
DAD,60,20240520,110000,17.8,17.9,17.8,17.9,216,0
DAD,60,20240520,140000,17.35,17.35,17.35,17.35,180,0
DAD,60,20240520,150000,17.3,17.3,17,17,599,0
DAD,60,20240520,160000,17,17,17,17,50,0
DAD,60,20240520,170000,17.05,17.05,17,17,410,0
DAD,60,20240521,100000,17.05,17.05,16.9,16.9,345,0
DAD,60,20240521,110000,16.95,17.1,16.95,17.1,240,0
DAD,60,20240521,130000,17.25,17.25,17.25,17.25,28,0
DAD,60,20240521,150000,17.25,17.25,17.25,17.25,45,0
DAD,60,20240521,170000,17.25,17.25,17.25,17.25,10,0
DAD,60,20240522,100000,17.4,17.4,17.35,17.35,122,0
DAD,60,20240522,120000,17.1,17.1,17.1,17.1,98,0
DAD,60,20240522,150000,17.3,17.3,17.3,17.3,20,0
DAD,60,20240522,160000,17.3,17.3,17.3,17.3,10,0
DAD,60,20240522,170000,16.9,17.3,16.9,17.3,13,0
DAD,60,20240523,100000,17.5,17.95,17.5,17.8,1145,0
DAD,60,20240523,110000,17.55,17.55,17.05,17.05,115,0
DAD,60,20240523,120000,17.15,17.5,17.15,17.5,191,0
DAD,60,20240523,130000,17.15,17.15,17.15,17.15,1,0
DAD,60,20240523,140000,17.15,17.5,17.15,17.5,26,0
DAD,60,20240524,100000,18.55,18.9,18.4,18.4,4283,0
DAD,60,20240524,110000,18.6,18.7,18.6,18.6,270,0
DAD,60,20240524,120000,18.6,18.9,18.6,18.9,4185,0
DAD,60,20240524,130000,18.9,19.15,18.9,19.15,1570,0
DAD,60,20240524,140000,18.95,19.4,18.95,19.3,3519,0
DAD,60,20240524,150000,19.1,19.1,18.7,19,1307,0
DAD,60,20240524,160000,18.9,19,18.9,19,157,0
DAD,60,20240524,170000,18.9,19,18.9,19,606,0
DAD,60,20240527,100000,19.3,20,19.3,19.8,7831,0
DAD,60,20240527,110000,19.8,20.7,19.7,20.7,3053,0
DAD,60,20240527,120000,20.7,20.7,20,20,85,0
DAD,60,20240527,130000,20,20,20,20,20554,0
DAD,60,20240527,140000,20,20,19.5,19.7,882,0
DAD,60,20240527,150000,20,20.1,20,20.1,2330,0
DAD,60,20240527,160000,20,20,20,20,12,0
DAD,60,20240527,170000,20.1,20.2,20,20,2523,0
DAD,60,20240528,100000,20.1,20.1,20,20,1065,0
DAD,60,20240528,110000,20.2,20.2,20.2,20.2,20,0
DAD,60,20240528,120000,20.2,20.3,20.2,20.2,4560,0
DAD,60,20240528,130000,20.2,20.3,20.2,20.3,450,0
DAD,60,20240528,140000,20.3,20.3,20.3,20.3,350,0
DAD,60,20240528,150000,20.1,20.1,20.1,20.1,123,0
DAD,60,20240528,170000,19.5,19.5,19.45,19.5,594,0
DAD,60,20240529,100000,19.8,19.8,19,19,70,0
DAD,60,20240529,110000,19.05,19.1,19.05,19.1,258,0
DAD,60,20240529,120000,19.2,19.65,19.2,19.65,179,0
DAD,60,20240529,130000,19.5,19.7,19.5,19.7,129,0
DAD,60,20240529,150000,19.5,19.5,19.5,19.5,142,0
DAD,60,20240529,160000,19.5,19.5,19.5,19.5,508,0
DAD,60,20240529,170000,19.7,19.95,19.7,19.95,375,0
DAD,60,20240531,100000,19.5,20,19.5,19.95,578,0
DAD,60,20240531,110000,20,20,20,20,588,0
DAD,60,20240531,120000,20,20,19.95,19.95,178,0
DAD,60,20240531,130000,20,20,20,20,817,0
DAD,60,20240531,140000,20,20,20,20,5,0
DAD,60,20240531,160000,20,20,20,20,15,0
DAD,60,20240531,170000,20.1,20.1,20.1,20.1,70,0
DAD,60,20240603,100000,20.2,20.2,20.1,20.2,581,0
DAD,60,20240603,110000,20,20.2,20,20.2,157,0
DAD,60,20240603,130000,20,20,20,20,151,0
DAD,60,20240603,160000,20,20,20,20,10,0
DAD,60,20240603,170000,19.95,19.95,19.1,19.1,933,0
DAD,60,20240604,100000,19.1,19.5,19.1,19.5,39,0
DAD,60,20240604,110000,19.5,19.5,19.5,19.5,402,0
DAD,60,20240604,130000,19.9,19.95,19.9,19.95,100,0
DAD,60,20240604,140000,19.8,19.8,19.5,19.5,67,0
DAD,60,20240604,150000,19.5,19.5,19.5,19.5,1,0
DAD,60,20240604,160000,19.5,19.5,19.35,19.35,168,0
DAD,60,20240604,170000,19.5,19.5,19.35,19.35,200,0
DAD,60,20240605,100000,19.35,19.5,19.15,19.15,55,0
DAD,60,20240605,110000,19.5,19.5,19.5,19.5,255,0
DAD,60,20240605,130000,19.5,20,19.5,20,2537,0
DAD,60,20240605,140000,19.55,19.55,19.1,19.15,2695,0
DAD,60,20240605,150000,19.8,20.1,19.8,20.1,1048,0
DAD,60,20240605,160000,20,20,20,20,1000,0
DAD,60,20240606,100000,20.3,21.4,20.3,21,2617,0
DAD,60,20240606,110000,21,21,21,21,24,0
DAD,60,20240606,120000,21,21,21,21,650,0
DAD,60,20240606,130000,20.7,21,20.6,21,201,0
DAD,60,20240606,140000,20.6,20.7,20.6,20.6,292,0
DAD,60,20240607,100000,20.6,20.6,20.6,20.6,1,0
DAD,60,20240607,110000,20.6,20.7,20.6,20.7,580,0
DAD,60,20240607,120000,20.3,20.3,20.2,20.2,161,0
DAD,60,20240607,130000,20.7,20.7,20.7,20.7,158,0
DAD,60,20240607,140000,20.3,20.7,20.2,20.2,429,0
DAD,60,20240607,150000,20.2,20.7,20.2,20.7,122,0
DAD,60,20240607,160000,20.2,20.2,20.2,20.2,50,0
DAD,60,20240607,170000,20.2,20.8,20.2,20.8,501,0
DAD,60,20240610,100000,20.9,21,20.9,21,750,0
DAD,60,20240610,110000,20.9,21.4,20.9,21.3,3403,0
DAD,60,20240610,120000,20.8,20.8,20.4,20.4,384,0
DAD,60,20240610,130000,20.5,20.5,20.4,20.5,862,0
DAD,60,20240610,140000,20.5,20.6,20.5,20.6,25,0
DAD,60,20240610,150000,20.6,20.8,20.1,20.8,731,0
DAD,60,20240611,100000,20.8,20.8,20.6,20.6,102,0
DAD,60,20240611,110000,20.4,20.4,19.5,20.4,2301,0
DAD,60,20240611,120000,20.4,20.4,20.4,20.4,81,0
DAD,60,20240611,130000,20.4,20.4,20.4,20.4,83,0
DAD,60,20240611,150000,20.7,20.7,20.7,20.7,40,0
DAD,60,20240611,160000,20.6,20.6,20.6,20.6,1,0
DAD,60,20240612,100000,20.6,20.6,20.5,20.5,13,0
DAD,60,20240612,110000,20.3,20.5,20.3,20.5,1283,0
DAD,60,20240612,120000,20.4,20.4,20.3,20.3,102,0
DAD,60,20240612,130000,20.3,20.3,20.3,20.3,18,0
DAD,60,20240612,140000,20.3,20.3,20.3,20.3,56,0
DAD,60,20240612,150000,20.3,20.3,20.3,20.3,114,0
DAD,60,20240612,160000,20.4,20.4,20.4,20.4,16,0
DAD,60,20240612,170000,20.3,20.3,20.3,20.3,90,0
DAD,60,20240613,100000,20.5,20.5,20.4,20.4,3,0
DAD,60,20240613,120000,20.5,20.5,20.5,20.5,5,0
DAD,60,20240613,160000,20.1,20.1,20.1,20.1,50,0
DAD,60,20240613,170000,20.5,20.5,20.5,20.5,1,0
DAD,60,20240614,100000,20.6,20.6,20.6,20.6,17,0
DAD,60,20240614,170000,20.2,20.2,20.1,20.1,214,0
DAD,60,20240617,100000,20.5,20.5,20.1,20.1,295,0
DAD,60,20240617,110000,20.1,20.1,19.9,19.9,135,0
DAD,60,20240617,120000,20,20,20,20,57,0
DAD,60,20240617,140000,20.4,20.4,20.4,20.4,200,0
DAD,60,20240617,160000,20.4,20.4,20.4,20.4,5,0
DAD,60,20240618,100000,20.4,20.4,20.4,20.4,2,0
DAD,60,20240618,130000,19.75,19.75,19.75,19.75,10,0
DAD,60,20240618,140000,20.2,20.2,20.2,20.2,1,0
DAD,60,20240618,160000,20,20,20,20,4,0
DAD,60,20240618,170000,20,20,20,20,1,0
DAD,60,20240619,100000,20,20,20,20,2,0
DAD,60,20240619,110000,19.9,19.9,19.9,19.9,1,0
DAD,60,20240619,120000,19.85,19.85,19.7,19.7,175,0
DAD,60,20240619,130000,19.9,19.95,19.9,19.95,105,0
DAD,60,20240619,140000,19.7,19.7,19.7,19.7,70,0
DAD,60,20240619,150000,19.7,19.7,19.7,19.7,220,0
DAD,60,20240619,160000,19.75,19.75,19.7,19.7,168,0
DAD,60,20240619,170000,19.8,19.95,19.8,19.95,46,0
DAD,60,20240620,100000,20,20,20,20,22,0
DAD,60,20240620,110000,20,20,19.35,19.35,581,0
DAD,60,20240620,120000,19.5,19.5,19.5,19.5,169,0
DAD,60,20240620,130000,19.5,19.95,19.3,19.95,54,0
DAD,60,20240620,140000,19.95,19.95,19.95,19.95,50,0
DAD,60,20240620,150000,19.85,19.85,19.5,19.85,20,0
DAD,60,20240620,170000,19.8,19.8,19.5,19.5,513,0
DAD,60,20240621,100000,19.5,19.5,18.35,18.45,3397,0
DAD,60,20240621,110000,18.5,18.95,18.5,18.95,2275,0
DAD,60,20240621,120000,18.95,18.95,18.95,18.95,62,0
DAD,60,20240621,130000,18.95,18.95,18.95,18.95,50,0
DAD,60,20240621,140000,18.95,18.95,18.95,18.95,1,0
DAD,60,20240621,150000,18.95,18.95,18.6,18.6,288,0
DAD,60,20240621,160000,18.95,18.95,18.95,18.95,55,0
DAD,60,20240621,170000,18.75,18.75,18.6,18.6,780,0
DAD,60,20240624,100000,18.6,19.45,18.6,18.8,712,0
DAD,60,20240624,110000,19.3,19.3,19.3,19.3,20,0
DAD,60,20240624,120000,19.3,19.3,19.3,19.3,19,0
DAD,60,20240624,150000,19.25,19.25,19.25,19.25,100,0
DAD,60,20240624,170000,18.8,18.8,18.8,18.8,118,0
DAD,60,20240625,100000,18.8,19.3,18.8,19,142,0
DAD,60,20240625,110000,18.9,18.9,18.9,18.9,79,0
DAD,60,20240625,120000,18.9,19.1,18.9,19.1,112,0
DAD,60,20240625,130000,19.1,19.2,19.1,19.15,533,0
DAD,60,20240625,140000,19.15,19.2,19.15,19.2,132,0
DAD,60,20240625,150000,19.2,19.6,19.2,19.6,1162,0
DAD,60,20240625,160000,19.6,19.7,19.6,19.7,110,0
DAD,60,20240626,100000,19.7,19.7,19.7,19.7,2,0
DAD,60,20240626,140000,19.25,19.25,19.2,19.2,80,0
DAD,60,20240626,160000,19.2,19.2,19.15,19.15,1263,0
DAD,60,20240627,100000,19.65,19.65,19.65,19.65,2,0
DAD,60,20240627,130000,19.65,19.65,19.65,19.65,10,0
DAD,60,20240627,140000,19.65,19.65,19.65,19.65,13,0
DAD,60,20240627,150000,19.65,19.65,19.65,19.65,151,0
DAD,60,20240627,160000,19.65,19.7,19.65,19.7,471,0
DAD,60,20240628,100000,19.8,19.8,19.5,19.5,261,0
DAD,60,20240628,160000,19.75,19.75,19.75,19.75,20,0
DAD,60,20240628,170000,19.7,19.7,19.55,19.55,8,0
DAD,60,20240701,100000,20.2,20.2,20.2,20.2,269,0
DAD,60,20240701,110000,20.2,20.2,20.2,20.2,250,0
DAD,60,20240701,120000,19.85,19.85,19.85,19.85,25,0
DAD,60,20240701,130000,19.85,19.85,19.85,19.85,10,0
DAD,60,20240701,140000,20,20.2,20,20.2,90,0
DAD,60,20240701,150000,20.2,20.2,20.2,20.2,400,0
DAD,60,20240701,170000,19.9,19.9,19.85,19.85,98,0
DAD,60,20240702,100000,19.8,20.5,19.75,20,2015,0
DAD,60,20240702,110000,20,21.3,20,20.9,5281,0
DAD,60,20240702,120000,20.8,20.8,20.2,20.2,406,0
DAD,60,20240702,130000,20.4,20.4,20.4,20.4,436,0
DAD,60,20240702,140000,20.4,21,20.4,21,852,0
DAD,60,20240702,150000,21,21,21,21,78,0
DAD,60,20240703,100000,20.9,21.2,20.7,21,1113,0
DAD,60,20240703,110000,21,21,21,21,310,0
DAD,60,20240703,120000,21,21.2,21,21.2,1569,0
DAD,60,20240703,130000,21,21.5,21,21,2146,0
DAD,60,20240703,140000,21,21.7,21,21.7,1041,0
DAD,60,20240703,150000,21.5,21.8,21.5,21.7,1626,0
DAD,60,20240703,160000,21.7,21.7,21.5,21.5,3395,0
DAD,60,20240703,170000,21.5,21.8,21.5,21.8,230,0
DAD,60,20240704,100000,22,22.9,22,22.9,14174,0
DAD,60,20240704,110000,22.6,23.3,22.6,23,7186,0
DAD,60,20240704,120000,23,23.3,22.9,23.3,1290,0
DAD,60,20240704,130000,23.3,25.5,23.2,25.5,12086,0
DAD,60,20240704,140000,25.3,25.6,24.8,24.8,4467,0
DAD,60,20240704,150000,24.8,25.1,24.1,25.1,6268,0
DAD,60,20240704,160000,25.1,26,24.8,25,7459,0
DAD,60,20240704,170000,25.1,25.2,24.3,24.8,9014,0
DAD,60,20240705,100000,26,27,25.7,25.7,22643,0
DAD,60,20240705,110000,25.7,26.3,25.4,26.3,2361,0
DAD,60,20240705,120000,26.2,26.4,25.5,25.8,2925,0
DAD,60,20240705,130000,25.8,26,25.8,26,993,0
DAD,60,20240705,140000,25.8,26,25.6,25.6,424,0
DAD,60,20240705,150000,25.6,26,25.5,25.5,775,0
DAD,60,20240705,160000,25.8,26,25.8,25.9,803,0
DAD,60,20240705,170000,25.9,25.9,25.8,25.8,174,0
DAD,60,20240708,100000,25.8,25.9,25,25,3313,0
DAD,60,20240708,110000,25,25.2,24.7,24.8,1884,0
DAD,60,20240708,120000,24.9,25,24.9,24.9,232,0
DAD,60,20240708,130000,24.9,25,24.7,24.7,2511,0
DAD,60,20240708,140000,24.8,25,24.8,24.8,1289,0
DAD,60,20240708,150000,25,25,24.8,24.8,38,0
DAD,60,20240708,160000,25.2,25.2,24.8,24.8,44,0
DAD,60,20240708,170000,24.9,25.1,24.7,25.1,822,0
DAD,60,20240709,100000,24.7,24.7,24.3,24.7,3872,0
DAD,60,20240709,110000,24.6,24.6,24.3,24.6,273,0
DAD,60,20240709,130000,24.3,24.3,24.3,24.3,103,0
DAD,60,20240709,140000,24.4,24.4,24.2,24.3,2836,0
DAD,60,20240709,150000,24.2,24.3,24.2,24.3,352,0
DAD,60,20240709,170000,24.6,24.6,24.4,24.4,12,0
DAD,60,20240710,100000,24.5,24.5,24.5,24.5,287,0
DAD,60,20240710,110000,24.5,24.5,24.3,24.4,560,0
DAD,60,20240710,120000,24.5,24.5,24.4,24.4,74,0
DAD,60,20240710,130000,24.5,24.5,24.5,24.5,204,0
DAD,60,20240710,140000,24.4,24.5,24.4,24.5,216,0
DAD,60,20240710,150000,24.6,24.6,24.4,24.4,80,0
DAD,60,20240710,160000,24.6,24.6,24.6,24.6,15,0
DAD,60,20240710,170000,24.3,24.6,24.3,24.6,168,0
DAD,60,20240711,100000,24.6,24.8,24.6,24.8,4,0
DAD,60,20240711,110000,24.8,24.8,24.3,24.3,2161,0
DAD,60,20240711,120000,24.4,24.4,24.3,24.4,201,0
DAD,60,20240711,130000,24.3,24.3,22.8,23.7,4562,0
DAD,60,20240711,140000,23.6,23.7,23.6,23.7,594,0
DAD,60,20240711,150000,23.8,23.8,23.8,23.8,24,0
DAD,60,20240711,160000,23.8,23.8,23.8,23.8,402,0
DAD,60,20240711,170000,23.6,23.6,23.6,23.6,654,0
DAD,60,20240712,100000,23.9,24,23.9,24,656,0
DAD,60,20240712,110000,24.2,24.2,24,24.2,314,0
DAD,60,20240712,120000,24.2,24.2,24.2,24.2,3,0
DAD,60,20240712,140000,24,24,24,24,2,0
DAD,60,20240712,150000,24,24,24,24,230,0
DAD,60,20240712,160000,23.9,23.9,23.7,23.7,122,0
DAD,60,20240712,170000,24,24,23.9,24,137,0
DAD,60,20240715,100000,24,24,23.9,23.9,84,0
DAD,60,20240715,130000,23.6,23.6,23.5,23.5,2226,0
DAD,60,20240715,140000,23.5,23.9,23.5,23.9,962,0
DAD,60,20240715,150000,23.5,23.5,23.5,23.5,450,0
DAD,60,20240715,160000,23.4,23.4,23.4,23.4,32,0
DAD,60,20240715,170000,23.4,23.4,23.3,23.3,597,0
DAD,60,20240716,100000,23.2,23.2,21.6,22.4,7761,0
DAD,60,20240716,110000,22.1,22.4,22.1,22.3,1460,0
DAD,60,20240716,120000,22.3,22.4,22,22.4,468,0
DAD,60,20240716,130000,22.2,22.4,22.2,22.4,36,0
DAD,60,20240716,140000,22.4,22.5,22,22.4,1289,0
DAD,60,20240716,150000,22.3,22.3,22.1,22.1,1527,0
DAD,60,20240716,170000,22.1,22.6,22.1,22.5,2321,0
DAD,60,20240717,100000,22.6,22.8,22.5,22.8,463,0
DAD,60,20240717,110000,22.5,22.5,22.1,22.1,1080,0
DAD,60,20240717,120000,22.1,22.4,22,22.4,945,0
DAD,60,20240717,130000,22.5,22.9,22.5,22.9,515,0
DAD,60,20240717,150000,22.8,22.9,22.8,22.9,66,0
DAD,60,20240717,170000,22.4,22.4,22.4,22.4,208,0
DAD,60,20240718,100000,22.3,22.3,22.3,22.3,20,0
DAD,60,20240718,110000,22.8,22.9,22.8,22.9,226,0
DAD,60,20240718,120000,22.9,22.9,22.9,22.9,128,0
DAD,60,20240718,140000,22.9,22.9,22.9,22.9,200,0
DAD,60,20240718,150000,22.8,22.8,22.7,22.7,279,0
DAD,60,20240718,160000,22.8,22.8,22.8,22.8,300,0
DAD,60,20240719,100000,23.3,23.3,22.5,22.5,306,0
DAD,60,20240719,110000,22.8,23.4,22.7,23.4,1627,0
DAD,60,20240719,120000,23.3,23.4,22.8,22.8,2302,0
DAD,60,20240719,130000,22.9,22.9,22.9,22.9,333,0
DAD,60,20240719,140000,23.5,23.5,23.5,23.5,103,0
DAD,60,20240719,150000,23.4,23.6,23.4,23.6,1055,0
DAD,60,20240719,160000,23.6,23.8,23.6,23.8,455,0
DAD,60,20240719,170000,23.7,23.7,23.7,23.7,82,0
DAD,60,20240722,100000,23.8,23.8,23.6,23.7,879,0
DAD,60,20240722,110000,23.7,23.7,23.6,23.7,293,0
DAD,60,20240722,130000,23.7,23.7,23.7,23.7,10,0
DAD,60,20240722,140000,23.5,23.5,23.5,23.5,121,0
DAD,60,20240722,150000,23.6,24.1,23.6,24.1,493,0
DAD,60,20240722,160000,24.1,24.2,24.1,24.2,35,0
DAD,60,20240722,170000,24.2,24.3,24.2,24.3,164,0
DAD,60,20240723,100000,24.4,24.8,24.4,24.8,490,0
DAD,60,20240723,110000,24.5,24.8,24.4,24.5,205,0
DAD,60,20240723,120000,24.5,24.5,24.5,24.5,157,0
DAD,60,20240723,130000,24.8,24.8,24.4,24.4,305,0
DAD,60,20240723,140000,24.4,24.4,24.4,24.4,80,0
DAD,60,20240723,150000,24.4,24.4,24.3,24.3,863,0
DAD,60,20240723,160000,24.7,24.7,24.6,24.7,181,0
DAD,60,20240723,170000,24.9,24.9,24.6,24.6,366,0
DAD,60,20240724,100000,25,25.2,24,24,1363,0
DAD,60,20240724,110000,24.2,24.2,24.1,24.2,23,0
DAD,60,20240724,120000,24.4,24.4,24.4,24.4,3,0
DAD,60,20240724,130000,24.2,24.2,23.4,23.4,1839,0
DAD,60,20240724,140000,23.4,23.7,23.4,23.7,12,0
DAD,60,20240724,150000,23.7,23.7,23.5,23.5,419,0
DAD,60,20240724,160000,23.3,23.7,23,23.7,762,0
DAD,60,20240724,170000,23.4,23.7,23.1,23.7,138,0
DAD,60,20240725,100000,23.8,23.8,23.5,23.5,137,0
DAD,60,20240725,110000,23.3,23.3,23.3,23.3,90,0
DAD,60,20240725,120000,23.7,24.5,23.6,24.5,980,0
DAD,60,20240725,130000,24.5,24.5,23.8,23.8,8,0
DAD,60,20240725,140000,24.2,24.2,24.2,24.2,2,0
DAD,60,20240725,150000,23.8,23.8,23.7,23.7,135,0
DAD,60,20240725,160000,23.7,23.7,23.7,23.7,10,0
DAD,60,20240726,100000,23.7,23.7,23.7,23.7,54,0
DAD,60,20240726,110000,24.4,24.4,24.2,24.2,306,0
DAD,60,20240726,120000,24.2,24.2,24.2,24.2,49,0
DAD,60,20240726,130000,23.6,24.2,23,24,900,0
DAD,60,20240726,140000,24,24,24,24,1283,0
DAD,60,20240726,160000,24.2,24.2,24.2,24.2,75,0
DAD,60,20240726,170000,24,24,24,24,875,0
DAD,60,20240729,100000,23.5,24,23.5,24,42,0
DAD,60,20240729,130000,24.1,24.1,24.1,24.1,35,0
DAD,60,20240729,150000,23.6,23.6,23.6,23.6,41,0
DAD,60,20240729,160000,23.6,23.6,23.6,23.6,160,0
DAD,60,20240729,170000,24.1,24.2,24.1,24.1,88,0
DAD,60,20240730,100000,24.1,24.7,23.3,23.8,1388,0
DAD,60,20240730,110000,24,24,23.7,23.7,9,0
DAD,60,20240730,120000,23.7,23.7,23.3,23.3,1697,0
DAD,60,20240730,130000,23.3,23.3,23.3,23.3,6,0
DAD,60,20240730,140000,23.6,23.7,23.6,23.7,200,0
DAD,60,20240730,160000,23.7,23.7,23.7,23.7,63,0
DAD,60,20240730,170000,23.5,23.5,23.5,23.5,37,0
DAD,60,20240731,100000,24,24.1,23.4,23.9,86,0
DAD,60,20240731,110000,23.6,23.6,23.6,23.6,18,0
DAD,60,20240731,120000,23.9,23.9,23.9,23.9,2,0
DAD,60,20240731,130000,23.9,23.9,23.9,23.9,10,0
DAD,60,20240731,140000,23.7,23.9,23.7,23.9,126,0
DAD,60,20240731,170000,23.9,23.9,23.3,23.3,190,0
DAD,60,20240801,100000,23.9,24,23.9,24,333,0
DAD,60,20240801,110000,24.1,24.1,23.9,23.9,19,0
DAD,60,20240801,120000,23.9,23.9,23.8,23.9,178,0
DAD,60,20240801,130000,23.9,24,23.9,24,60,0
DAD,60,20240801,170000,23.9,23.9,23.9,23.9,34,0
DAD,60,20240802,100000,23.8,23.8,23.5,23.5,709,0
DAD,60,20240802,130000,23.7,23.8,23.4,23.4,519,0
DAD,60,20240802,140000,23.7,23.7,23.3,23.3,491,0
DAD,60,20240802,150000,23.3,23.3,23.1,23.1,115,0
DAD,60,20240802,160000,23.1,23.1,22.9,22.9,867,0
DAD,60,20240802,170000,22.9,22.9,22.9,22.9,1145,0
DAD,60,20240805,100000,22,22,20.5,21.2,5412,0
DAD,60,20240805,110000,21.3,21.8,21.3,21.5,1123,0
DAD,60,20240805,120000,21.5,21.8,21.2,21.2,1497,0
DAD,60,20240805,130000,21.3,21.8,21.2,21.8,660,0
DAD,60,20240805,140000,21.7,21.7,21.5,21.5,1456,0
DAD,60,20240805,150000,21.2,21.4,21.2,21.4,157,0
DAD,60,20240805,160000,21.4,21.4,21.3,21.3,598,0
DAD,60,20240805,170000,21.7,21.8,21.7,21.8,245,0
DAD,60,20240806,100000,22,22.4,21.8,21.8,635,0
DAD,60,20240806,110000,22.3,22.3,22,22.3,255,0
DAD,60,20240806,120000,22,22,21.9,21.9,289,0
DAD,60,20240806,140000,22.1,22.1,21.7,21.7,1282,0
DAD,60,20240806,160000,21.8,21.8,21.7,21.7,505,0
DAD,60,20240806,170000,21.6,21.6,21.5,21.5,160,0
DAD,60,20240807,100000,21.6,22.7,21.6,22.5,998,0
DAD,60,20240807,110000,22.5,22.6,22.5,22.5,152,0
DAD,60,20240807,120000,22.5,22.6,22.5,22.6,89,0
DAD,60,20240807,130000,22.5,22.5,22.3,22.3,2,0
DAD,60,20240807,140000,22.5,22.8,22,22,906,0
DAD,60,20240807,150000,22.4,22.5,22.2,22.5,384,0
DAD,60,20240807,170000,22.1,22.1,21.8,22.1,218,0
DAD,60,20240808,100000,21.9,22,21.8,21.8,178,0
DAD,60,20240808,110000,21.8,22.2,21.8,22.2,135,0
DAD,60,20240808,130000,22,22,22,22,21,0
DAD,60,20240808,150000,21.8,21.8,21.8,21.8,36,0
DAD,60,20240808,160000,21.9,21.9,21.9,21.9,70,0
DAD,60,20240808,170000,21.9,22.2,21.9,22.2,536,0
DAD,60,20240809,100000,22.2,22.2,22,22.2,320,0
DAD,60,20240809,120000,22,22,22,22,14,0
DAD,60,20240809,130000,22,22,21.9,21.9,561,0
DAD,60,20240809,150000,22,22,21.9,21.9,160,0
DAD,60,20240809,160000,22,22,22,22,23,0
DAD,60,20240809,170000,22,22,22,22,172,0
DAD,60,20240812,100000,22.2,22.2,22,22,120,0
DAD,60,20240812,110000,22.2,22.6,22.2,22.6,353,0
DAD,60,20240812,120000,22.8,22.8,22.6,22.6,444,0
DAD,60,20240812,130000,22.9,22.9,22.6,22.9,140,0
DAD,60,20240812,140000,22.9,23.4,22.6,23.3,2070,0
DAD,60,20240812,150000,23.1,23.1,23,23,155,0
DAD,60,20240812,170000,23,23,23,23,340,0
DAD,60,20240813,100000,23.3,23.5,23.2,23.4,393,0
DAD,60,20240813,110000,23.4,23.4,23.4,23.4,5,0
DAD,60,20240813,120000,23.2,23.2,23,23,598,0
DAD,60,20240813,130000,23,23,23,23,118,0
DAD,60,20240813,150000,23,23,23,23,360,0
DAD,60,20240813,170000,22.8,23,22.8,23,201,0
DAD,60,20240814,100000,24.4,25.6,24.4,25,10760,0
DAD,60,20240814,110000,24.6,24.7,24.3,24.5,1598,0
DAD,60,20240814,120000,24.4,24.6,24.4,24.4,894,0
DAD,60,20240814,130000,24.6,24.6,24.1,24.2,4814,0
DAD,60,20240814,140000,24.5,24.8,24.5,24.7,3337,0
DAD,60,20240814,150000,24.7,24.7,24.5,24.7,427,0
DAD,60,20240814,160000,24.7,24.8,24.7,24.8,460,0
DAD,60,20240814,170000,24.5,24.6,24.5,24.5,972,0
DAD,60,20240816,100000,24.8,25,24.5,24.6,1768,0
DAD,60,20240816,110000,24.9,24.9,24.5,24.5,1460,0
DAD,60,20240816,120000,24.8,25,24.8,25,1796,0
DAD,60,20240816,130000,25,25.2,25,25,1258,0
DAD,60,20240816,140000,25.2,25.2,25.2,25.2,420,0
DAD,60,20240816,150000,25.2,25.5,25.2,25.4,313,0
DAD,60,20240816,160000,25.4,25.7,25.4,25.7,3815,0
DAD,60,20240816,170000,25.8,25.8,25.7,25.7,54,0
DAD,60,20240819,100000,25.7,25.7,25.5,25.5,1936,0
DAD,60,20240819,110000,25.7,25.7,25.5,25.5,114,0
DAD,60,20240819,120000,25.7,25.7,25.5,25.5,500,0
DAD,60,20240819,130000,25.7,25.7,25.5,25.5,21,0
DAD,60,20240819,140000,25.8,25.8,25.8,25.8,4,0
DAD,60,20240819,150000,25.6,25.6,25.6,25.6,89,0
DAD,60,20240819,160000,25.6,25.6,25.5,25.5,1443,0
DAD,60,20240819,170000,25.5,25.5,25.5,25.5,7,0
DAD,60,20240820,100000,25.5,25.6,25.5,25.5,1261,0
DAD,60,20240820,110000,25.5,25.8,25.5,25.8,249,0
DAD,60,20240820,120000,25.9,25.9,25.6,25.6,323,0
DAD,60,20240820,130000,25.5,25.9,25.5,25.9,115,0
DAD,60,20240820,140000,25.9,25.9,25.9,25.9,4,0
DAD,60,20240820,150000,25.9,25.9,25.7,25.7,3,0
DAD,60,20240820,160000,25.7,25.7,25.7,25.7,26,0
DAD,60,20240820,170000,25.7,25.7,25.7,25.7,4,0
DAD,60,20240821,100000,25.8,25.9,25.5,25.5,391,0
DAD,60,20240821,120000,25.5,25.5,25.5,25.5,354,0
DAD,60,20240821,130000,25.5,25.5,25.5,25.5,23,0
DAD,60,20240821,140000,25.5,25.5,25.4,25.4,119,0
DAD,60,20240821,160000,25.4,25.5,25.4,25.5,35,0
DAD,60,20240821,170000,25.3,25.5,24.8,24.8,930,0
DAD,60,20240822,100000,24.8,25,24.8,24.8,102,0
DAD,60,20240822,110000,25.4,25.4,24.8,24.8,48,0
DAD,60,20240822,120000,24.8,24.8,24.6,24.6,300,0
DAD,60,20240822,130000,24.8,24.8,24.8,24.8,201,0
DAD,60,20240822,150000,24.8,24.8,24.6,24.6,340,0
DAD,60,20240822,160000,24.9,24.9,24.3,24.9,422,0
DAD,60,20240822,170000,24.8,24.8,24.8,24.8,10,0
DAD,60,20240823,100000,24.8,24.8,24.2,24.5,889,0
DAD,60,20240823,120000,24.4,24.4,24.4,24.4,118,0
DAD,60,20240823,130000,24.5,24.5,24.5,24.5,8,0
DAD,60,20240823,140000,24.3,24.4,23.5,24.4,1434,0
DAD,60,20240823,150000,23.9,23.9,23.9,23.9,74,0
DAD,60,20240823,160000,23.8,23.9,23.8,23.9,515,0
DAD,60,20240823,170000,23.8,24.2,23.8,24.2,28,0
DAD,60,20240826,100000,24.1,24.1,24,24,187,0
DAD,60,20240826,110000,24,24,24,24,440,0
DAD,60,20240826,130000,24,24,23.6,23.6,645,0
DAD,60,20240826,140000,24,24,24,24,5,0
DAD,60,20240826,150000,24,24,24,24,1,0
DAD,60,20240826,160000,24,24,24,24,50,0
DAD,60,20240826,170000,23.6,24,23.6,23.6,751,0
DAD,60,20240827,100000,23.7,23.7,23.5,23.7,768,0
DAD,60,20240827,110000,23.7,23.7,23.7,23.7,5,0
DAD,60,20240827,120000,23.7,23.7,23.6,23.6,108,0
DAD,60,20240827,130000,23.6,23.6,23.6,23.6,3,0
DAD,60,20240827,140000,23.6,23.6,23.6,23.6,100,0
DAD,60,20240827,150000,23.5,23.5,23.5,23.5,142,0
DAD,60,20240827,160000,23.4,23.4,23.4,23.4,30,0
DAD,60,20240827,170000,23.4,23.5,23,23,3056,0
DAD,60,20240828,100000,23,23.5,22.8,23.5,3530,0
DAD,60,20240828,110000,23,23.5,23,23.5,269,0
DAD,60,20240828,120000,23.4,23.4,23,23,365,0
DAD,60,20240828,130000,23.3,23.3,22.9,23.3,83,0
DAD,60,20240828,140000,23,23,22.9,22.9,64,0
DAD,60,20240828,170000,22.9,22.9,22.8,22.8,278,0
DAD,60,20240829,100000,22.8,22.8,22.8,22.8,2,0
DAD,60,20240829,110000,23.3,23.3,22.9,22.9,43,0
DAD,60,20240829,130000,23.2,23.2,23.2,23.2,35,0
DAD,60,20240829,140000,23,23,23,23,257,0
DAD,60,20240829,150000,23.2,23.3,23.2,23.3,518,0
DAD,60,20240829,160000,23,23,22.8,23,729,0
DAD,60,20240829,170000,22.8,22.8,22.5,22.5,3503,0
DAD,60,20240830,100000,22.5,22.7,22.1,22.7,6749,0
DAD,60,20240830,110000,22.7,22.7,22.7,22.7,56,0
DAD,60,20240830,120000,22.7,22.7,22.7,22.7,60,0
DAD,60,20240830,130000,22.5,22.6,22,22.6,4417,0
DAD,60,20240830,140000,22.3,22.3,22.1,22.1,116,0
DAD,60,20240830,150000,22.6,22.6,22.2,22.2,61,0
DAD,60,20240830,160000,22.6,22.6,22.2,22.2,209,0
DAD,60,20240830,170000,22.1,22.1,21.9,21.9,3129,0
DAD,60,20240902,100000,22,22.4,21.9,22.3,401,0
DAD,60,20240902,110000,22.5,22.5,22.5,22.5,90,0
DAD,60,20240902,120000,22.5,22.5,21.9,21.9,870,0
DAD,60,20240902,130000,22,22.4,21.9,22.4,318,0
DAD,60,20240902,140000,22.3,22.3,22,22,5510,0
DAD,60,20240902,150000,21.9,21.9,21.8,21.8,2006,0
DAD,60,20240902,160000,21.8,21.8,21.8,21.8,310,0
DAD,60,20240902,170000,21.8,21.8,21.7,21.7,1008,0
DAD,60,20240903,100000,22,22,21.8,22,731,0
DAD,60,20240903,110000,21.9,22,21.9,21.9,1462,0
DAD,60,20240903,120000,22,22,21.7,21.7,97,0
DAD,60,20240903,130000,21.7,22,21.4,21.5,4070,0
DAD,60,20240903,170000,21.5,21.5,21.4,21.5,775,0
DAD,60,20240904,100000,21.5,21.5,21.2,21.2,512,0
DAD,60,20240904,110000,21.3,21.3,20.6,20.8,5325,0
DAD,60,20240904,120000,20.8,21.2,20.8,21.2,191,0
DAD,60,20240904,130000,21.2,21.2,20.8,21.1,350,0
DAD,60,20240904,140000,20.8,20.9,20.2,20.9,2806,0
DAD,60,20240904,150000,21.1,21.3,20.3,21.3,656,0
DAD,60,20240904,160000,21,21,20.7,20.7,615,0
DAD,60,20240904,170000,21.3,21.3,21,21,315,0
DAD,60,20240905,100000,21.9,21.9,21,21,1685,0
DAD,60,20240905,110000,21.6,21.7,21.6,21.7,99,0
DAD,60,20240905,120000,21.6,21.7,21.6,21.7,5093,0
DAD,60,20240905,130000,21.6,21.6,21.6,21.6,2,0
DAD,60,20240905,140000,21.3,21.3,21.3,21.3,106,0
DAD,60,20240905,150000,21.2,21.2,21.1,21.1,375,0
DAD,60,20240905,160000,21.1,21.1,21.1,21.1,82,0
DAD,60,20240905,170000,20.9,20.9,20.9,20.9,152,0
DAD,60,20240906,100000,20.7,20.7,20.4,20.7,562,0
DAD,60,20240906,110000,20.7,20.7,20.6,20.6,401,0
DAD,60,20240906,120000,20.6,20.6,20.5,20.6,210,0
DAD,60,20240906,130000,20.6,20.7,20.6,20.7,2590,0
DAD,60,20240906,140000,20.7,20.7,20.7,20.7,158,0
DAD,60,20240906,160000,20.7,20.7,19.95,20.3,2452,0
DAD,60,20240906,170000,20.4,20.5,20,20,1738,0
DAD,60,20240909,100000,20,20.6,20,20.6,130,0
DAD,60,20240909,120000,20.5,20.6,20.5,20.6,265,0
DAD,60,20240909,130000,21.2,21.2,21.2,21.2,10,0
DAD,60,20240909,140000,21.2,21.2,21.2,21.2,21,0
DAD,60,20240909,150000,21.2,21.2,21.2,21.2,59,0
DAD,60,20240909,160000,21,21,21,21,2,0
DAD,60,20240909,170000,21,21.2,21,21.2,750,0
DAD,60,20240910,100000,21.3,21.3,20.8,20.9,971,0
DAD,60,20240910,110000,21,21,21,21,3,0
DAD,60,20240910,120000,20.8,21,20.8,20.8,733,0
DAD,60,20240910,130000,20.9,20.9,20.9,20.9,174,0
DAD,60,20240910,140000,20.8,20.8,20.8,20.8,49,0
DAD,60,20240910,150000,20.9,20.9,20.9,20.9,325,0
DAD,60,20240910,160000,20.8,20.8,20.8,20.8,51,0
DAD,60,20240910,170000,20.8,20.8,20.6,20.6,335,0
DAD,60,20240911,100000,20.5,20.9,20.5,20.9,357,0
DAD,60,20240911,110000,20.8,20.8,20.8,20.8,200,0
DAD,60,20240911,120000,20.8,20.8,20.8,20.8,1,0
DAD,60,20240911,130000,20.8,20.8,20.8,20.8,75,0
DAD,60,20240911,140000,20.9,21,20.9,21,460,0
DAD,60,20240911,150000,21,21,21,21,5,0
DAD,60,20240911,160000,21,21.2,21,21.2,70,0
DAD,60,20240911,170000,20.6,20.9,20.6,20.9,201,0
DAD,60,20240912,100000,21.2,21.2,21,21,43,0
DAD,60,20240912,110000,21,21,21,21,10,0
DAD,60,20240912,130000,21,21,21,21,116,0
DAD,60,20240912,140000,21,21.2,21,21.2,312,0
DAD,60,20240912,150000,21.3,21.3,21.2,21.2,73,0
DAD,60,20240912,160000,21,21,21,21,100,0
DAD,60,20240912,170000,20.5,20.8,20.4,20.8,405,0
DAD,60,20240913,100000,21.1,21.1,20.7,21,138,0
DAD,60,20240913,110000,21.1,21.1,20.7,20.7,1070,0
DAD,60,20240913,130000,20.9,20.9,20.9,20.9,237,0
DAD,60,20240913,140000,20.9,20.9,20.9,20.9,63,0
DAD,60,20240913,170000,21.1,21.1,21.1,21.1,5,0
DAD,60,20240916,100000,21.1,21.2,20.8,21,724,0
DAD,60,20240916,110000,20.8,21,20.8,21,134,0
DAD,60,20240916,120000,20.9,20.9,20.9,20.9,100,0
DAD,60,20240916,130000,20.9,20.9,20.9,20.9,107,0
DAD,60,20240916,140000,20.9,21,20.9,21,75,0
DAD,60,20240916,170000,21.5,21.5,21.5,21.5,5,0
DAD,60,20240917,100000,21.3,21.7,21.3,21.5,907,0
DAD,60,20240917,110000,21.5,21.5,20.9,20.9,524,0
DAD,60,20240917,120000,20.7,21,20.5,21,400,0
DAD,60,20240917,130000,20.9,20.9,20.7,20.7,430,0
DAD,60,20240917,140000,20.8,21,20.8,21,147,0
DAD,60,20240917,150000,21,21,21,21,40,0
DAD,60,20240917,170000,21,21.2,21,21.2,167,0
DAD,60,20240918,100000,21.8,22,21,21,4207,0
DAD,60,20240918,110000,21.7,21.9,21.7,21.7,454,0
DAD,60,20240918,120000,21.8,22,21.8,22,886,0
DAD,60,20240918,130000,22,22,21.4,21.4,713,0
DAD,60,20240918,140000,21.5,21.5,21.5,21.5,106,0
DAD,60,20240918,150000,21.5,21.5,21.4,21.5,1358,0
DAD,60,20240918,160000,21.5,21.5,21.5,21.5,190,0
DAD,60,20240918,170000,21.8,21.8,21.8,21.8,50,0
DAD,60,20240919,100000,21.8,22.4,21.8,22,759,0
DAD,60,20240919,110000,22,22,22,22,20,0
DAD,60,20240919,120000,21.9,22,21.5,22,101,0
DAD,60,20240919,140000,22,22,21.4,21.4,696,0
DAD,60,20240919,150000,21.9,21.9,21.9,21.9,20,0
DAD,60,20240919,170000,21.7,21.9,21.7,21.9,401,0
DAD,60,20240920,100000,21.9,21.9,21.1,21.2,263,0
DAD,60,20240920,110000,21.6,21.7,21.6,21.7,326,0
DAD,60,20240920,130000,21.7,21.8,21.7,21.8,230,0
DAD,60,20240920,140000,21.8,21.8,21.6,21.6,138,0
DAD,60,20240920,160000,21.3,21.3,21.2,21.2,260,0
DAD,60,20240920,170000,21.2,21.2,21.2,21.2,104,0
DAD,60,20240923,100000,21.2,21.6,20.9,20.9,269,0
DAD,60,20240923,110000,21,21,21,21,687,0
DAD,60,20240923,120000,20.9,20.9,20.9,20.9,132,0
DAD,60,20240923,160000,21.4,21.4,21.4,21.4,100,0
DAD,60,20240924,100000,21.4,21.4,21.4,21.4,16,0
DAD,60,20240924,110000,21.5,21.5,21.5,21.5,350,0
DAD,60,20240924,120000,21.5,21.8,21.3,21.4,1095,0
DAD,60,20240924,130000,21.4,21.4,21.4,21.4,289,0
DAD,60,20240924,140000,21.3,21.3,21.2,21.3,138,0
DAD,60,20240924,150000,21.3,21.3,21.3,21.3,123,0
DAD,60,20240924,160000,21.3,21.4,21.3,21.4,1021,0
DAD,60,20240925,100000,21.9,22,21.7,21.7,369,0
DAD,60,20240925,110000,21.7,21.7,21.7,21.7,900,0
DAD,60,20240925,120000,21.7,22.1,21.5,21.5,502,0
DAD,60,20240925,130000,22,22,22,22,50,0
DAD,60,20240925,140000,22,22,21.8,21.8,408,0
DAD,60,20240925,150000,21.8,22.1,21.8,21.8,446,0
DAD,60,20240925,160000,21.6,21.6,21.6,21.6,4,0
DAD,60,20240925,170000,22,22,22,22,70,0
DAD,60,20240926,100000,21.7,22.1,21.7,21.8,26,0
DAD,60,20240926,110000,21.8,22.2,21.7,21.7,378,0
DAD,60,20240926,120000,21.8,21.8,21.7,21.7,145,0
DAD,60,20240926,130000,21.7,22.2,21.6,22.2,193,0
DAD,60,20240926,160000,22.1,22.1,22.1,22.1,1,0
DAD,60,20240926,170000,21.7,22.2,21.7,22.2,230,0
DAD,60,20240927,100000,22.3,22.3,21.6,22.3,74,0
DAD,60,20240927,110000,22.1,22.2,22.1,22.2,51,0
DAD,60,20240927,120000,22.2,22.2,22.2,22.2,2,0
DAD,60,20240927,140000,21.8,21.8,21.7,21.8,115,0
DAD,60,20240927,170000,21.8,21.8,21.8,21.8,8,0
DAD,60,20240930,100000,22,22.1,22,22,101,0
DAD,60,20240930,110000,22,22,21.6,22,736,0
DAD,60,20240930,120000,22,22,22,22,139,0
DAD,60,20240930,130000,22,22,21.6,21.6,661,0
DAD,60,20240930,150000,21.7,21.7,21.7,21.7,450,0
DAD,60,20240930,160000,21.7,21.7,21.5,21.5,908,0
DAD,60,20240930,170000,21.7,21.7,21.7,21.7,283,0
DAD,60,20241001,100000,20.2,21.4,20.2,21.2,1031,0
DAD,60,20241001,110000,21.2,21.2,21.1,21.2,600,0
DAD,60,20241001,130000,21.5,21.5,21.5,21.5,6,0
DAD,60,20241001,140000,21.4,21.4,21.4,21.4,204,0
DAD,60,20241001,150000,21.4,21.4,21.4,21.4,73,0
DAD,60,20241001,160000,21.4,21.4,21.2,21.2,84,0
DAD,60,20241001,170000,21.4,21.6,21.4,21.6,84,0
DAD,60,20241002,100000,21.5,21.5,21.3,21.4,1530,0
DAD,60,20241002,110000,21.2,21.6,21.2,21.6,234,0
DAD,60,20241002,130000,21.5,22,21,21.3,6947,0
DAD,60,20241002,140000,21.3,21.3,21,21,1123,0
DAD,60,20241002,150000,21.1,21.4,21.1,21.4,536,0
DAD,60,20241002,160000,21.3,21.3,21.3,21.3,373,0
DAD,60,20241002,170000,21.3,21.4,21.1,21.1,435,0
DAD,60,20241003,100000,21.4,21.5,21.1,21.4,1322,0
DAD,60,20241003,110000,21.3,21.3,20.9,21,1637,0
DAD,60,20241003,120000,21,21.1,21,21.1,807,0
DAD,60,20241003,130000,21.1,21.1,21.1,21.1,100,0
DAD,60,20241003,140000,21.3,21.3,21.3,21.3,1,0
DAD,60,20241003,150000,21.2,21.8,21.2,21.8,2127,0
DAD,60,20241003,160000,21.7,21.7,21.5,21.5,1159,0
DAD,60,20241003,170000,21.3,21.3,21.3,21.3,238,0
DAD,60,20241004,100000,21.3,21.3,21,21,103,0
DAD,60,20241004,110000,21.5,21.5,21.5,21.5,200,0
DAD,60,20241004,120000,21.1,21.1,21,21,250,0
DAD,60,20241004,130000,21.2,21.5,21.2,21.5,107,0
DAD,60,20241004,140000,21.1,21.1,21,21,200,0
DAD,60,20241004,150000,21.4,21.4,21.4,21.4,45,0
DAD,60,20241004,170000,21.3,21.4,21.3,21.4,169,0
DAD,60,20241007,100000,21.5,21.7,21.4,21.7,234,0
DAD,60,20241007,110000,21.4,21.7,21.2,21.7,369,0
DAD,60,20241007,120000,21.6,21.6,21.6,21.6,80,0
DAD,60,20241007,130000,21.6,21.6,21.6,21.6,158,0
DAD,60,20241007,140000,21.7,21.7,21.6,21.7,384,0
DAD,60,20241007,150000,21.4,21.6,21.1,21.6,1756,0
DAD,60,20241007,170000,21.5,21.6,21.5,21.5,323,0
DAD,60,20241008,100000,21.5,21.5,21.5,21.5,31,0
DAD,60,20241008,110000,21.3,21.5,21.3,21.5,77,0
DAD,60,20241008,120000,21.5,21.5,21.5,21.5,6,0
DAD,60,20241008,130000,21.3,21.4,21.3,21.4,125,0
DAD,60,20241008,150000,21.4,21.5,21.4,21.5,86,0
DAD,60,20241009,100000,21.5,21.5,21.3,21.5,34,0
DAD,60,20241009,140000,21.3,21.3,21.3,21.3,100,0
DAD,60,20241009,150000,21.2,21.2,21.2,21.2,2,0
DAD,60,20241010,100000,21.5,21.7,21.5,21.7,1280,0
DAD,60,20241010,110000,21.7,21.7,21.7,21.7,277,0
DAD,60,20241010,120000,21.5,21.5,21.2,21.2,500,0
DAD,60,20241010,140000,21.2,21.6,21.2,21.6,179,0
DAD,60,20241010,150000,21.6,21.9,21.6,21.9,166,0
DAD,60,20241010,160000,21.9,21.9,21.9,21.9,100,0
DAD,60,20241011,100000,21.9,22,21.9,22,112,0
DAD,60,20241011,120000,22,22,22,22,2,0
DAD,60,20241011,130000,22,22,22,22,191,0
DAD,60,20241011,140000,22,22,22,22,73,0
DAD,60,20241011,170000,22,22,22,22,30,0
DAD,60,20241014,100000,22.2,22.3,21.9,22.1,58,0
DAD,60,20241014,110000,22.1,22.4,22.1,22.4,276,0
DAD,60,20241014,120000,22.1,22.3,21.5,21.6,396,0
DAD,60,20241014,130000,22.2,22.2,22.2,22.2,15,0
DAD,60,20241015,100000,22.2,22.2,22.1,22.1,3,0
DAD,60,20241015,110000,22.1,22.1,22.1,22.1,50,0
DAD,60,20241015,130000,22,22,21.6,21.8,500,0
DAD,60,20241015,150000,21.7,21.7,21.7,21.7,1,0
DAD,60,20241016,100000,22,22,22,22,9,0
DAD,60,20241016,110000,22,22,21.7,21.8,231,0
DAD,60,20241016,120000,21.7,21.7,21.6,21.6,132,0
DAD,60,20241016,130000,21.6,21.6,20.8,21.4,3148,0
DAD,60,20241016,140000,21.7,21.7,21.7,21.7,58,0
DAD,60,20241016,150000,21.7,21.7,21.7,21.7,194,0
DAD,60,20241016,160000,21.5,21.5,21.1,21.1,1565,0
DAD,60,20241016,170000,21.2,21.6,21.1,21.6,122,0
DAD,60,20241017,100000,21.2,21.6,21.2,21.6,53,0
DAD,60,20241017,110000,21.2,21.2,21.2,21.2,110,0
DAD,60,20241017,130000,21.3,21.3,21.3,21.3,10,0
DAD,60,20241017,140000,21.6,21.6,21.5,21.6,126,0
DAD,60,20241017,150000,21.3,21.3,21.3,21.3,67,0
DAD,60,20241017,170000,21.3,21.3,21,21.2,881,0
DAD,60,20241018,100000,21.2,21.2,20.6,20.8,1356,0
DAD,60,20241018,110000,20.8,20.8,20.8,20.8,170,0
DAD,60,20241018,120000,20.8,20.8,20.6,20.6,574,0
DAD,60,20241018,130000,20.8,20.8,20.7,20.7,315,0
DAD,60,20241018,140000,20.7,20.8,20.7,20.8,152,0
DAD,60,20241018,150000,20.9,21,20.9,21,141,0
DAD,60,20241018,160000,21,21.2,21,21.2,105,0
DAD,60,20241018,170000,21.1,21.2,21,21,186,0
DAD,60,20241021,100000,21.2,21.2,21.2,21.2,2,0
DAD,60,20241021,110000,21.2,21.4,21.2,21.4,477,0
DAD,60,20241021,140000,21.1,21.1,20.8,20.8,100,0
DAD,60,20241021,150000,20.8,21.2,20.8,21.2,101,0
DAD,60,20241021,160000,21.2,21.2,21.2,21.2,100,0
DAD,60,20241021,170000,20.8,20.8,20.8,20.8,32,0
DAD,60,20241022,100000,20.8,20.9,20.7,20.8,649,0
DAD,60,20241022,120000,21.3,21.3,20.8,20.8,5,0
DAD,60,20241022,130000,20.8,20.8,20.8,20.8,100,0
DAD,60,20241022,140000,21.1,21.1,21,21.1,121,0
DAD,60,20241022,150000,21,21,20.7,20.7,19,0
DAD,60,20241022,160000,20.9,20.9,20.9,20.9,1,0
DAD,60,20241022,170000,21,21.2,21,21.2,188,0
DAD,60,20241023,100000,21.2,21.2,21.2,21.2,2,0
DAD,60,20241023,110000,20.7,21.2,20.7,21.2,15,0
DAD,60,20241023,120000,21,21,21,21,49,0
DAD,60,20241023,130000,21,21,21,21,20,0
DAD,60,20241023,140000,21.1,21.1,21.1,21.1,70,0
DAD,60,20241023,150000,21.2,21.5,21.1,21.5,1779,0
DAD,60,20241023,160000,21.6,21.8,21.5,21.5,324,0
DAD,60,20241023,170000,21.6,21.6,21.6,21.6,28,0
DAD,60,20241024,100000,21.9,21.9,21.2,21.3,396,0
DAD,60,20241024,110000,20.8,21.2,20.8,21.2,245,0
DAD,60,20241024,120000,21.1,21.1,21.1,21.1,100,0
DAD,60,20241024,130000,21.1,21.1,21.1,21.1,200,0
DAD,60,20241024,140000,21.1,21.2,20.8,20.8,84,0
DAD,60,20241024,160000,20.8,20.8,20.8,20.8,200,0
DAD,60,20241025,100000,21.3,21.3,21.2,21.2,11,0
DAD,60,20241025,110000,21.2,21.3,21.2,21.3,23,0
DAD,60,20241025,120000,20.9,20.9,20.9,20.9,1,0
DAD,60,20241025,130000,20.8,20.8,20.8,20.8,1,0
DAD,60,20241025,140000,20.8,20.8,20.8,20.8,240,0
DAD,60,20241028,100000,20.9,20.9,20.8,20.8,114,0
DAD,60,20241028,120000,20.8,21.2,20.7,21.2,575,0
DAD,60,20241029,100000,21.2,21.2,21.2,21.2,2,0
DAD,60,20241029,130000,21.2,21.2,21.2,21.2,288,0
DAD,60,20241029,140000,21.3,21.3,21.3,21.3,3,0
DAD,60,20241029,150000,20.8,20.8,20.8,20.8,300,0
DAD,60,20241029,160000,21.3,21.5,21.3,21.5,500,0
DAD,60,20241029,170000,21.5,21.5,21.5,21.5,4,0
DAD,60,20241030,100000,21.5,21.5,21.5,21.5,287,0
DAD,60,20241030,120000,21.5,21.5,21,21,1064,0
DAD,60,20241030,130000,21.4,21.4,21.4,21.4,25,0
DAD,60,20241030,140000,21.4,21.4,21,21,440,0
DAD,60,20241030,150000,21,21,21,21,1,0
DAD,60,20241030,160000,20.8,20.8,20.8,20.8,700,0
DAD,60,20241030,170000,20.8,20.8,20.8,20.8,2117,0
DAD,60,20241031,100000,20.8,20.8,20.5,20.8,258,0
DAD,60,20241031,110000,20.8,20.8,20.8,20.8,4,0
DAD,60,20241031,120000,20.8,20.8,20.8,20.8,1500,0
DAD,60,20241031,130000,20.8,20.8,20.7,20.7,297,0
DAD,60,20241031,140000,20.8,20.8,20.8,20.8,24,0
DAD,60,20241031,150000,20.7,20.7,20.6,20.6,400,0
DAD,60,20241031,160000,20.6,20.6,20.5,20.5,3281,0
DAD,60,20241031,170000,20.5,20.5,20.4,20.4,1597,0
DAD,60,20241104,100000,20.2,20.5,20.2,20.5,2590,0
DAD,60,20241104,110000,20.5,21,20.5,20.5,248,0
DAD,60,20241104,120000,20.9,20.9,20.5,20.5,83,0
DAD,60,20241104,130000,20.5,20.5,20.5,20.5,74,0
DAD,60,20241104,140000,20.5,20.5,20.5,20.5,86,0
DAD,60,20241104,160000,20.8,20.8,20.8,20.8,23,0
DAD,60,20241104,170000,20.9,20.9,20.3,20.3,518,0
DAD,60,20241105,100000,20.9,20.9,20.8,20.8,95,0
DAD,60,20241105,110000,20.8,20.8,20.8,20.8,50,0
DAD,60,20241105,120000,20.7,20.8,20.7,20.8,62,0
DAD,60,20241105,130000,20.9,20.9,20.8,20.8,534,0
DAD,60,20241105,150000,20.7,20.7,20.7,20.7,115,0
DAD,60,20241105,160000,20.7,20.7,20.7,20.7,7,0
DAD,60,20241105,170000,20.7,20.7,20.5,20.5,110,0
DAD,60,20241106,100000,20.9,21,20.6,21,1442,0
DAD,60,20241106,120000,20.9,20.9,20.9,20.9,55,0
DAD,60,20241106,130000,20.9,20.9,20.9,20.9,100,0
DAD,60,20241106,140000,20.9,20.9,20.9,20.9,75,0
DAD,60,20241106,150000,20.9,20.9,20.8,20.8,150,0
DAD,60,20241106,160000,20.7,20.7,20.7,20.7,50,0
DAD,60,20241106,170000,20.8,20.8,20.6,20.6,209,0
DAD,60,20241107,100000,21.4,21.8,21,21.6,4006,0
DAD,60,20241107,110000,21.6,21.6,21.4,21.5,282,0
DAD,60,20241107,120000,21.5,21.6,21.5,21.6,174,0
DAD,60,20241107,130000,21.6,21.6,21.4,21.4,160,0
DAD,60,20241107,150000,21.4,21.6,21.3,21.6,87,0
DAD,60,20241107,160000,21.5,21.6,21.4,21.6,1022,0
DAD,60,20241107,170000,21.4,21.7,21.4,21.4,614,0
DAD,60,20241108,100000,21.6,21.8,21.6,21.8,1224,0
DAD,60,20241108,110000,21.8,21.8,21.7,21.8,1721,0
DAD,60,20241108,120000,21.7,21.7,21.7,21.7,1080,0
DAD,60,20241108,130000,21.6,21.7,21.6,21.7,269,0
DAD,60,20241108,140000,21.7,21.7,21.5,21.6,913,0
DAD,60,20241108,150000,21.2,21.2,21.2,21.2,579,0
DAD,60,20241108,160000,21.5,21.5,21.3,21.3,317,0
DAD,60,20241108,170000,21.3,21.5,21.3,21.3,643,0
DAD,60,20241112,100000,21.5,21.5,21.3,21.3,865,0
DAD,60,20241112,110000,21.3,21.3,21.3,21.3,5,0
DAD,60,20241112,120000,21.3,21.5,21.2,21.5,82,0
DAD,60,20241112,130000,21.2,21.2,21.2,21.2,1424,0
DAD,60,20241112,140000,21.1,21.1,21.1,21.1,72,0
DAD,60,20241112,150000,21.4,21.6,21.3,21.6,2234,0
DAD,60,20241112,160000,21.6,21.6,21.6,21.6,656,0
DAD,60,20241112,170000,21.6,21.8,21.2,21.4,7192,0
DAD,60,20241113,100000,21.4,21.9,21.4,21.9,100,0
DAD,60,20241113,120000,21.8,21.8,21.8,21.8,192,0
DAD,60,20241113,140000,21.9,21.9,21.8,21.8,15,0
DAD,60,20241113,150000,21.8,21.8,21.8,21.8,105,0
DAD,60,20241113,160000,21.9,22,21.8,21.8,492,0
DAD,60,20241113,170000,21.8,21.8,21.8,21.8,1,0
DAD,60,20241114,100000,21.7,21.8,21.4,21.7,432,0
DAD,60,20241114,110000,21.5,21.5,21.2,21.3,974,0
DAD,60,20241114,120000,21.2,21.6,21.2,21.5,129,0
DAD,60,20241114,130000,21.2,21.7,21.2,21.2,91,0
DAD,60,20241114,140000,21.2,21.7,21.2,21.7,304,0
DAD,60,20241114,150000,21.6,21.6,21.1,21.1,44,0
DAD,60,20241114,160000,21.6,21.6,21.5,21.5,66,0
DAD,60,20241114,170000,21.5,21.6,21.2,21.2,512,0
DAD,60,20241115,100000,21.2,21.2,21.2,21.2,344,0
DAD,60,20241115,110000,21.7,21.7,21.7,21.7,43,0
DAD,60,20241115,120000,21.6,21.6,21.2,21.2,145,0
DAD,60,20241115,130000,21.2,21.2,21.2,21.2,8,0
DAD,60,20241115,140000,21.2,21.2,20.7,20.7,1505,0
DAD,60,20241115,150000,20.7,20.7,20.7,20.7,86,0
DAD,60,20241115,170000,21,21.2,20.7,21.2,66,0
DAD,60,20241118,100000,21.2,21.2,21.2,21.2,1,0
DAD,60,20241118,110000,21.5,21.7,21.5,21.7,460,0
DAD,60,20241118,120000,21.6,21.6,21.5,21.5,112,0
DAD,60,20241118,130000,21.5,21.5,21.5,21.5,62,0
DAD,60,20241118,140000,21,21,21,21,89,0
DAD,60,20241118,170000,21.5,21.5,21.5,21.5,146,0
DAD,60,20241119,100000,21.4,21.4,21.4,21.4,2,0
DAD,60,20241119,110000,20.9,20.9,20.6,20.6,2957,0
DAD,60,20241119,120000,20.9,20.9,20.6,20.6,335,0
DAD,60,20241119,130000,20.9,20.9,20.9,20.9,10,0
DAD,60,20241119,140000,20.8,20.8,20.6,20.6,161,0
DAD,60,20241119,150000,20.6,20.7,20.2,20.2,2124,0
DAD,60,20241119,160000,20.2,20.6,19.7,20.6,1919,0
DAD,60,20241119,170000,20,20.6,20,20.6,65,0
DAD,60,20241120,100000,20.6,20.8,20.5,20.5,70,0
DAD,60,20241120,120000,20.5,20.5,20.5,20.5,78,0
DAD,60,20241120,130000,20.2,20.5,20.2,20.5,121,0
DAD,60,20241120,140000,20.5,20.7,20.5,20.7,536,0
DAD,60,20241120,150000,20.8,20.8,20.8,20.8,113,0
DAD,60,20241120,160000,20.5,20.5,20.5,20.5,49,0
DAD,60,20241120,170000,20.5,20.5,20.3,20.3,25,0
DAD,60,20241121,100000,20.8,20.8,20.3,20.3,19,0
DAD,60,20241121,120000,20.4,20.4,20.4,20.4,25,0
DAD,60,20241121,140000,20.4,20.4,20.4,20.4,56,0
DAD,60,20241121,160000,20.4,20.4,20.4,20.4,125,0
DAD,60,20241122,100000,20.8,20.8,20.8,20.8,2,0
DAD,60,20241122,110000,20.6,20.6,20.4,20.4,501,0
DAD,60,20241122,120000,20.4,20.4,20.4,20.4,18,0
DAD,60,20241122,130000,20.4,20.4,20.3,20.3,316,0
DAD,60,20241122,140000,20.1,20.6,20.1,20.6,1525,0
DAD,60,20241122,170000,20.8,20.8,20.8,20.8,20,0
DAD,60,20241125,100000,20.1,20.6,20,20.6,712,0
DAD,60,20241125,120000,20.4,20.8,20.4,20.8,175,0
DAD,60,20241125,140000,20.7,20.8,20.7,20.8,263,0
DAD,60,20241125,150000,20.4,20.4,20.4,20.4,24,0
DAD,60,20241125,170000,20.8,20.8,20.8,20.8,138,0
DAD,60,20241126,100000,20.1,20.7,20.1,20.7,14,0
DAD,60,20241126,110000,20.7,20.8,20.7,20.7,441,0
DAD,60,20241126,160000,20.7,20.7,20.7,20.7,9,0
DAD,60,20241126,170000,20.5,20.5,20.5,20.5,42,0
DAD,60,20241127,100000,20.5,20.5,20,20.1,388,0
DAD,60,20241127,130000,20.1,20.1,20,20,593,0
DAD,60,20241127,150000,20,20,20,20,156,0
DAD,60,20241127,160000,20.5,20.5,20.5,20.5,5,0
DAD,60,20241128,100000,20.5,20.5,20.5,20.5,2,0
DAD,60,20241128,110000,20.5,20.5,20.5,20.5,30,0
DAD,60,20241128,160000,20.5,20.5,20.5,20.5,677,0
DAD,60,20241128,170000,20.7,20.7,20.7,20.7,339,0
DAD,60,20241129,100000,20.8,20.8,20.8,20.8,152,0
DAD,60,20241129,120000,20.8,20.8,20.8,20.8,5,0
DAD,60,20241129,130000,21,21,21,21,100,0
DAD,60,20241129,140000,20.8,20.8,20.5,20.5,150,0
DAD,60,20241129,160000,20.9,20.9,20.9,20.9,2,0
DAD,60,20241202,100000,21,21.6,21,21.2,2044,0
DAD,60,20241202,110000,21.4,21.9,21.3,21.3,526,0
DAD,60,20241202,120000,21.7,21.7,21.3,21.6,247,0
DAD,60,20241202,130000,21.9,22.1,21.9,22.1,1028,0
DAD,60,20241202,140000,22.1,22.4,22.1,22.2,569,0
DAD,60,20241202,150000,22.3,22.3,21.7,21.7,198,0
DAD,60,20241202,160000,21.7,22,21.7,22,147,0
DAD,60,20241202,170000,21.8,21.8,21.7,21.7,750,0
DAD,60,20241203,100000,22.4,22.5,21.9,21.9,203,0
DAD,60,20241203,120000,21.9,21.9,21.9,21.9,3,0
DAD,60,20241203,130000,22,22,22,22,13,0
DAD,60,20241203,150000,22.2,22.2,22.1,22.1,8,0
DAD,60,20241203,170000,22.1,22.4,22.1,22.2,54,0
DAD,60,20241204,100000,22.2,22.2,22.2,22.2,19,0
DAD,60,20241204,130000,22,22,22,22,10,0
DAD,60,20241204,140000,21.6,21.6,21.6,21.6,250,0
DAD,60,20241204,150000,21.5,21.5,21.4,21.4,637,0
DAD,60,20241204,160000,21.6,21.6,21.5,21.5,344,0
DAD,60,20241204,170000,21.6,21.6,21.6,21.6,500,0
DAD,60,20241205,100000,21.8,21.8,21.6,21.6,44,0
DAD,60,20241205,110000,21.6,21.6,21.1,21.1,394,0
DAD,60,20241205,120000,21.6,21.6,21,21.4,300,0
DAD,60,20241205,130000,21.4,21.4,21.1,21.1,2175,0
DAD,60,20241205,140000,21,21.4,21,21,1358,0
DAD,60,20241205,170000,21.2,21.2,20.9,20.9,701,0
DAD,60,20241206,100000,21.3,21.3,20.8,21,172,0
DAD,60,20241206,110000,21.1,21.1,21.1,21.1,1,0
DAD,60,20241206,120000,21,21,20.9,20.9,500,0
DAD,60,20241206,130000,21.2,21.2,21.2,21.2,1,0
DAD,60,20241206,160000,21.2,21.2,21.2,21.2,280,0
DAD,60,20241206,170000,21,21,20.8,20.8,1886,0
DAD,60,20241209,100000,21.4,21.4,20.5,21.1,301,0
DAD,60,20241209,110000,21,21,21,21,1,0
DAD,60,20241209,120000,20.9,20.9,20.9,20.9,1,0
DAD,60,20241209,140000,20.6,20.6,20.6,20.6,999,0
DAD,60,20241209,150000,21,21,20.5,20.5,1137,0
DAD,60,20241209,170000,20.6,20.7,20.5,20.7,103,0
DAD,60,20241210,100000,21.4,21.4,20.3,20.3,33,0
DAD,60,20241210,110000,20.3,21,20.3,21,709,0
DAD,60,20241210,120000,20.5,20.5,20.5,20.5,113,0
DAD,60,20241210,130000,20.5,20.9,20.5,20.9,58,0
DAD,60,20241210,170000,20.6,20.6,20.6,20.6,70,0
DAD,60,20241211,100000,20.6,20.6,20.6,20.6,33,0
DAD,60,20241211,110000,20.6,20.6,20.5,20.5,101,0
DAD,60,20241211,120000,20.5,20.5,20.5,20.5,82,0
DAD,60,20241211,130000,20.6,20.8,20.6,20.8,422,0
DAD,60,20241211,140000,20.6,20.6,20.6,20.6,298,0
DAD,60,20241211,150000,20.5,20.5,20.5,20.5,11,0
DAD,60,20241211,160000,20.6,20.8,20.6,20.6,354,0
DAD,60,20241212,100000,20.6,20.6,20.6,20.6,198,0
DAD,60,20241212,110000,20.7,20.7,20.3,20.3,1433,0
DAD,60,20241212,120000,20.3,20.3,20.3,20.3,265,0
DAD,60,20241212,130000,20.2,20.2,20.1,20.1,776,0
DAD,60,20241212,140000,20.2,20.2,20.2,20.2,11,0
DAD,60,20241212,150000,20.1,20.1,20,20,1211,0
DAD,60,20241212,160000,20,20.2,19.9,20.2,2628,0
DAD,60,20241212,170000,20.3,20.3,20.3,20.3,35,0
DAD,60,20241213,100000,20.3,20.9,20.3,20.3,1749,0
DAD,60,20241213,110000,20.4,20.4,20.4,20.4,197,0
DAD,60,20241213,120000,20.4,20.7,20.4,20.7,99,0
DAD,60,20241213,130000,20.7,20.7,20.7,20.7,126,0
DAD,60,20241213,140000,20.9,20.9,20.9,20.9,3,0
DAD,60,20241213,150000,20.9,20.9,20.8,20.8,2097,0
DAD,60,20241216,100000,20.8,20.9,20.8,20.9,96,0
DAD,60,20241216,110000,20.9,20.9,20.8,20.8,468,0
DAD,60,20241216,120000,20.8,20.8,20.8,20.8,7,0
DAD,60,20241216,130000,20.8,20.9,20.8,20.9,148,0
DAD,60,20241216,150000,20.8,20.8,20.5,20.5,50,0
DAD,60,20241216,170000,20.4,20.4,20.4,20.4,35,0
DAD,60,20241217,100000,20.4,20.4,20.4,20.4,20,0
DAD,60,20241217,110000,20.6,20.9,20.4,20.9,340,0
DAD,60,20241217,120000,20.9,20.9,20.8,20.8,103,0
DAD,60,20241217,130000,20.6,20.8,20.6,20.8,68,0
DAD,60,20241217,150000,20.8,20.9,20.8,20.9,369,0
DAD,60,20241217,160000,20.8,20.8,20.8,20.8,22200,0
DAD,60,20241217,170000,20.9,20.9,20.9,20.9,511,0
DAD,60,20241218,100000,20.9,21,20.8,20.8,2558,0
DAD,60,20241218,110000,20.8,20.8,20.8,20.8,65776,0
DAD,60,20241218,130000,20.6,20.6,20.6,20.6,129,0
DAD,60,20241218,150000,20.6,20.6,20.4,20.4,100,0
DAD,60,20241218,160000,20.4,20.4,20.4,20.4,377,0
DAD,60,20241218,170000,20.4,20.4,19.2,19.5,4252,0
DAD,60,20241219,100000,19.6,20,19.5,19.6,777,0
DAD,60,20241219,110000,19.55,19.6,19.55,19.6,2119,0
DAD,60,20241219,120000,19.6,19.6,19.6,19.6,2776,0
DAD,60,20241219,130000,19.6,19.6,19.6,19.6,180,0
DAD,60,20241219,140000,19.6,19.6,19.55,19.55,250,0
DAD,60,20241219,150000,19.55,19.6,19.55,19.6,202,0
DAD,60,20241219,160000,19.55,19.6,19.5,19.5,408,0
DAD,60,20241220,100000,19.5,19.6,19.5,19.6,265,0
DAD,60,20241220,110000,19.6,19.6,19.6,19.6,226,0
DAD,60,20241220,130000,19.6,19.6,19.6,19.6,1,0
DAD,60,20241220,140000,19.45,19.45,19.3,19.3,215,0
DAD,60,20241220,160000,19.3,19.3,19.3,19.3,148,0
DAD,60,20241223,100000,19.5,19.55,19.5,19.55,41,0
DAD,60,20241223,120000,19.65,19.95,19.6,19.95,1384,0
DAD,60,20241223,130000,19.9,19.9,19.7,19.7,371,0
DAD,60,20241223,140000,19.95,20,19.75,19.75,950,0
DAD,60,20241223,160000,19.95,19.95,19.95,19.95,102,0
DAD,60,20241223,170000,19.95,20.3,19.8,19.8,850,0
DAD,60,20241227,100000,20.2,20.2,20,20,4,0
DAD,60,20241227,130000,20.1,20.1,20.1,20.1,45,0
DAD,60,20241227,140000,20.1,20.6,20,20.2,480,0
DAD,60,20241227,150000,20.5,20.8,20.5,20.8,1036,0
DAD,60,20241227,160000,20.5,20.8,20.5,20.8,217,0
DAD,60,20241227,170000,20.7,20.7,20.7,20.7,169,0
DAD,60,20241230,100000,20.5,20.7,20.5,20.7,113,0
DAD,60,20241230,110000,20.8,20.8,20.8,20.8,25,0
DAD,60,20241230,140000,20.7,20.8,20.7,20.8,1344,0
DAD,60,20241230,150000,20.8,20.8,20.8,20.8,974,0
DAD,60,20241230,160000,20.8,20.8,20.7,20.8,290,0
DAD,60,20241230,170000,20.8,20.8,20.8,20.8,36,0
DAD,60,20250102,100000,20.8,20.8,20.3,20.3,428,0
DAD,60,20250102,110000,20.7,20.8,20.7,20.8,423,0
DAD,60,20250102,120000,20.5,20.5,20.5,20.5,111,0
DAD,60,20250102,130000,20.5,20.5,20.5,20.5,150,0
DAD,60,20250102,140000,20.5,20.5,20.5,20.5,139,0
DAD,60,20250102,170000,20.6,20.8,20.6,20.8,158,0
DAD,60,20250103,100000,20.8,20.8,20.8,20.8,345,0
DAD,60,20250103,110000,20.8,20.8,20.8,20.8,2,0
DAD,60,20250103,120000,20.7,20.8,20.6,20.8,1918,0
DAD,60,20250103,140000,20.7,21.2,20.7,21.2,932,0
DAD,60,20250103,150000,21.5,21.7,21,21.6,331,0
DAD,60,20250103,160000,21.7,21.7,21.5,21.5,292,0
DAD,60,20250103,170000,21.5,21.5,21.5,21.5,30,0
DAD,60,20250107,100000,21.5,21.7,21.5,21.7,101,0
DAD,60,20250107,110000,21.2,21.7,21.2,21.7,102,0
DAD,60,20250107,130000,21.6,21.7,21.6,21.7,69,0
DAD,60,20250107,140000,21.4,22.9,21.4,22.9,8990,0
DAD,60,20250107,150000,23.2,23.4,22.4,22.4,3508,0
DAD,60,20250107,160000,22.4,22.4,22,22.4,1201,0
DAD,60,20250107,170000,22.2,23.8,21.8,23.8,5126,0
DAD,60,20250108,100000,24,24.1,23.1,23.7,1453,0
DAD,60,20250108,110000,23.5,23.9,23.4,23.5,293,0
DAD,60,20250108,120000,23.5,23.8,23.5,23.7,880,0
DAD,60,20250108,130000,23.7,23.9,23.7,23.8,1209,0
DAD,60,20250108,140000,23.6,23.6,23.4,23.6,146,0
DAD,60,20250108,150000,23.4,23.6,23.1,23.6,1604,0
DAD,60,20250108,160000,23.6,23.6,23.5,23.5,122,0
DAD,60,20250108,170000,23.5,23.6,23.2,23.6,86,0
DAD,60,20250109,100000,24.4,24.4,23.8,23.8,1427,0
DAD,60,20250109,110000,23.8,23.8,23.8,23.8,5,0
DAD,60,20250109,120000,24,24.2,24,24,774,0
DAD,60,20250109,130000,24,24,23.9,24,156,0
DAD,60,20250109,140000,23.8,23.8,23.4,23.4,440,0
DAD,60,20250109,160000,23.9,24,23.9,24,250,0
DAD,60,20250109,170000,23.5,23.5,23.3,23.4,1186,0
DAD,60,20250110,100000,23.4,23.4,22.7,22.8,986,0
DAD,60,20250110,110000,22.8,23.1,22.8,23.1,245,0
DAD,60,20250110,120000,23,23,22.8,22.8,100,0
DAD,60,20250110,130000,23.3,23.4,23.1,23.1,416,0
DAD,60,20250110,140000,23.4,23.4,23.1,23.1,690,0
DAD,60,20250110,150000,23.3,23.3,23.1,23.3,233,0
DAD,60,20250110,160000,23.3,23.4,23.3,23.4,4663,0
DAD,60,20250110,170000,23.4,23.4,23.4,23.4,20,0
DAD,60,20250113,100000,23,23,23,23,1531,0
DAD,60,20250113,110000,23,23,22.5,22.5,397,0
DAD,60,20250113,120000,22.7,22.7,22.7,22.7,1,0
DAD,60,20250113,130000,22.7,22.7,22.7,22.7,40,0
DAD,60,20250113,150000,22.5,22.5,22.4,22.4,552,0
DAD,60,20250113,160000,22.3,22.3,22.3,22.3,149,0
DAD,60,20250113,170000,22.3,22.6,22.1,22.1,174,0
DAD,60,20250114,100000,22.2,22.7,22.2,22.2,664,0
DAD,60,20250114,110000,22.2,22.2,22.2,22.2,100,0
DAD,60,20250114,120000,22.7,22.7,22.7,22.7,8,0
DAD,60,20250114,130000,22.7,22.7,21.5,21.5,1292,0
DAD,60,20250114,140000,21.9,21.9,21.9,21.9,2,0
DAD,60,20250114,150000,21.9,21.9,21.9,21.9,119,0
DAD,60,20250114,160000,21.9,21.9,21.9,21.9,419,0
DAD,60,20250114,170000,22.1,22.2,22,22.2,255,0
DAD,60,20250115,100000,22.2,22.4,22.2,22.4,20,0
DAD,60,20250115,110000,22.6,22.6,22.4,22.6,280,0
DAD,60,20250115,120000,22.6,22.6,22.6,22.6,100,0
DAD,60,20250115,130000,22.6,22.6,22.6,22.6,4,0
DAD,60,20250115,140000,22.6,22.6,22.6,22.6,30,0
DAD,60,20250115,150000,22.6,22.6,22,22.1,830,0
DAD,60,20250115,170000,22.5,22.5,22.3,22.4,140,0
DAD,60,20250116,100000,22.3,23,22.3,23,50,0
DAD,60,20250116,110000,23,23.2,23,23.2,431,0
DAD,60,20250116,120000,23.1,23.1,22.8,23,1076,0
DAD,60,20250116,130000,22.8,23,22.8,23,295,0
DAD,60,20250116,140000,23,23.1,23,23,160,0
DAD,60,20250116,150000,22.8,22.8,22.8,22.8,10,0
DAD,60,20250116,160000,22.8,23,22.8,23,98,0
DAD,60,20250116,170000,23,23.1,23,23.1,146,0
DAD,60,20250117,100000,23.4,23.4,23,23.3,339,0
DAD,60,20250117,110000,23.2,23.2,23,23,155,0
DAD,60,20250117,120000,23,23.9,23,23.3,1360,0
DAD,60,20250117,130000,23.6,23.7,23.6,23.7,524,0
DAD,60,20250117,140000,23.7,23.7,23.7,23.7,56,0
DAD,60,20250117,160000,23.6,23.6,23.4,23.4,201,0
DAD,60,20250117,170000,23.4,23.4,23.4,23.4,17,0
DAD,60,20250120,100000,23.6,23.8,23.6,23.7,173,0
DAD,60,20250120,120000,23.5,23.5,23.5,23.5,78,0
DAD,60,20250120,130000,23.6,23.6,23.6,23.6,2,0
DAD,60,20250120,140000,23.6,23.6,23.6,23.6,164,0
DAD,60,20250120,150000,23.7,23.7,23.7,23.7,1,0
DAD,60,20250120,160000,23.7,23.8,23.7,23.8,200,0
DAD,60,20250120,170000,23.6,23.6,23.5,23.5,23,0
DAD,60,20250121,100000,23.5,23.5,23.5,23.5,2,0
DAD,60,20250121,110000,23.7,23.7,23.7,23.7,4,0
DAD,60,20250121,140000,23.7,23.7,23.7,23.7,86,0
DAD,60,20250121,160000,23.6,23.6,23.6,23.6,5,0
DAD,60,20250121,170000,23.4,23.6,23.2,23.6,15,0
DAD,60,20250122,100000,23.6,23.8,23,23.7,538,0
DAD,60,20250122,110000,23.5,23.5,23.5,23.5,2,0
DAD,60,20250122,120000,23.6,23.6,23.6,23.6,45,0
DAD,60,20250122,130000,23.4,23.4,23.4,23.4,92,0
DAD,60,20250122,140000,23.5,23.5,23.5,23.5,2,0
DAD,60,20250122,150000,23.4,23.4,23.1,23.1,93,0
DAD,60,20250122,170000,23.4,23.4,23.1,23.1,43,0
DAD,60,20250123,100000,23.1,23.1,23.1,23.1,6,0
DAD,60,20250123,110000,23.4,23.4,23.4,23.4,420,0
DAD,60,20250123,120000,23.2,23.4,23.2,23.4,64,0
DAD,60,20250123,130000,23.4,23.4,23.4,23.4,10,0
DAD,60,20250123,150000,23.2,23.2,23.2,23.2,75,0
DAD,60,20250123,170000,23.2,23.2,23.2,23.2,20,0
DAD,60,20250124,100000,23.2,23.2,23.2,23.2,168,0
DAD,60,20250124,110000,23.4,23.5,23.4,23.5,27,0
DAD,60,20250124,130000,23.5,23.5,23.5,23.5,1,0
DAD,60,20250124,140000,23.5,23.6,23.5,23.6,831,0
DAD,60,20250124,150000,23.6,23.6,23.6,23.6,43,0
DAD,60,20250124,160000,23.6,23.6,23.4,23.4,287,0
DAD,60,20250124,170000,23.4,23.4,23.4,23.4,60,0
DAD,60,20250127,100000,23.1,23.1,23.1,23.1,198,0
DAD,60,20250127,110000,23.6,23.6,23.6,23.6,2,0
DAD,60,20250127,120000,23.1,23.1,23.1,23.1,112,0
DAD,60,20250127,150000,23.4,23.5,23.1,23.1,65,0
DAD,60,20250127,170000,23.5,23.5,23.5,23.5,55,0
DAD,60,20250128,100000,23.5,23.5,23.4,23.4,25,0
DAD,60,20250128,110000,23.5,23.5,23,23,277,0
DAD,60,20250128,130000,23.4,23.5,23.4,23.5,650,0
DAD,60,20250128,140000,23.5,23.6,23.2,23.2,4,0
DAD,60,20250128,150000,23.4,23.6,23.4,23.6,327,0
DAD,60,20250128,160000,23.6,23.6,23.6,23.6,21,0
DAD,60,20250128,170000,23.4,23.4,23.4,23.4,15,0
DAD,60,20250129,100000,23.5,24.9,23.5,24.4,6885,0
DAD,60,20250129,110000,23.6,23.6,23.6,23.6,1,0
DAD,60,20250129,120000,23.8,24.2,23.8,24.2,185,0
DAD,60,20250129,130000,24.2,24.3,24.1,24.1,718,0
DAD,60,20250129,140000,24.1,24.1,24.1,24.1,5,0
DAD,60,20250129,150000,24.2,24.2,24.2,24.2,1,0
DAD,60,20250129,160000,24.2,24.2,24.1,24.1,35,0
DAD,60,20250129,170000,24.2,24.3,24.1,24.1,438,0
DAD,60,20250130,100000,24.1,24.2,24.1,24.1,647,0
DAD,60,20250130,110000,23.8,23.8,23.7,23.7,759,0
DAD,60,20250130,120000,24.1,24.1,24.1,24.1,95,0
DAD,60,20250130,140000,23.8,23.8,23.8,23.8,10,0
DAD,60,20250130,150000,24,24,24,24,173,0
DAD,60,20250130,160000,24.1,24.3,24.1,24.3,5,0
DAD,60,20250130,170000,24.2,24.3,24.2,24.3,50,0
DAD,60,20250131,100000,24.3,24.3,23.7,23.7,212,0
DAD,60,20250131,110000,23.8,24.2,23.8,23.8,11,0
DAD,60,20250131,120000,23.8,23.8,23.8,23.8,10,0
DAD,60,20250131,130000,24.2,24.2,24.2,24.2,80,0
DAD,60,20250131,140000,24.2,24.2,24.2,24.2,40,0
DAD,60,20250131,150000,23.9,24.2,23.7,23.8,601,0
DAD,60,20250131,160000,23.7,24.2,23.7,24.2,162,0
DAD,60,20250131,170000,24.2,24.3,24.2,24.2,193,0
DAD,60,20250203,100000,23.3,24,23.3,23.6,185,0
DAD,60,20250203,110000,23.9,23.9,23.9,23.9,1,0
DAD,60,20250203,130000,24,24,23.9,23.9,41,0
DAD,60,20250203,140000,23.9,23.9,23.9,23.9,2,0
DAD,60,20250203,150000,23.6,23.6,23.5,23.5,250,0
DAD,60,20250203,170000,23.7,23.7,23.3,23.3,23,0
DAD,60,20250204,100000,23.3,24,23.3,24,373,0
DAD,60,20250204,110000,23.8,23.8,23.8,23.8,2,0
DAD,60,20250204,140000,23.4,23.4,23.4,23.4,16,0
DAD,60,20250204,150000,23.4,23.7,23.4,23.7,72,0
DAD,60,20250204,160000,23.4,23.4,23.4,23.4,7,0
DAD,60,20250204,170000,23.8,23.8,23.8,23.8,28,0
DAD,60,20250205,100000,23.5,23.7,23.4,23.7,220,0
DAD,60,20250205,110000,23.5,23.5,23.5,23.5,200,0
DAD,60,20250205,120000,23.5,23.5,23.5,23.5,216,0
DAD,60,20250205,130000,23.7,23.8,23.7,23.8,280,0
DAD,60,20250205,140000,23.5,23.8,23.4,23.8,21,0
DAD,60,20250205,150000,23.6,23.8,23.6,23.8,11,0
DAD,60,20250205,160000,23.8,23.8,23.5,23.5,420,0
DAD,60,20250205,170000,23.4,23.4,23.3,23.3,197,0
DAD,60,20250206,100000,24,24,24,24,69,0
DAD,60,20250206,120000,23.8,23.8,23.8,23.8,50,0
DAD,60,20250206,130000,23.7,23.7,23.7,23.7,41,0
DAD,60,20250206,150000,23.5,23.5,23.5,23.5,95,0
DAD,60,20250206,160000,23.7,24.1,23.7,24.1,3102,0
DAD,60,20250206,170000,24,24.1,24,24.1,455,0
DAD,60,20250207,100000,24,24.5,24,24.2,2566,0
DAD,60,20250207,110000,24.2,24.5,24.2,24.3,160,0
DAD,60,20250207,120000,24.3,24.3,24.2,24.2,22,0
DAD,60,20250207,130000,24.3,24.3,24.3,24.3,6,0
DAD,60,20250207,140000,24,24.1,24,24,4000,0
DAD,60,20250207,160000,24.3,24.3,24.3,24.3,893,0
DAD,60,20250210,100000,24.3,24.5,24.1,24.5,525,0
DAD,60,20250210,110000,24.2,24.2,24.2,24.2,8,0
DAD,60,20250210,120000,24.5,24.5,24.5,24.5,21,0
DAD,60,20250210,150000,24.5,24.5,24.5,24.5,500,0
DAD,60,20250210,160000,24.2,24.3,24.2,24.3,190,0
DAD,60,20250210,170000,24.2,24.2,24.1,24.1,340,0
DAD,60,20250211,100000,24.6,24.6,24.2,24.2,55,0
DAD,60,20250211,110000,24.3,24.7,24.2,24.7,581,0
DAD,60,20250211,120000,24.7,24.8,24.7,24.8,40,0
DAD,60,20250211,130000,24.7,24.8,24.3,24.3,84,0
DAD,60,20250211,150000,24.7,24.7,24.7,24.7,7,0
DAD,60,20250211,160000,24.4,24.7,24.4,24.7,123,0
DAD,60,20250211,170000,24.4,24.7,24.4,24.7,54,0
DAD,60,20250212,100000,24.7,24.7,24.7,24.7,455,0
DAD,60,20250212,110000,24.7,24.8,24.7,24.8,1350,0
DAD,60,20250212,120000,24.8,24.8,24.8,24.8,100,0
DAD,60,20250212,130000,24.4,24.4,24.3,24.3,85,0
DAD,60,20250212,140000,24.3,24.8,24.3,24.8,429,0
DAD,60,20250212,150000,24.7,24.7,24.7,24.7,2,0
DAD,60,20250212,160000,24.4,24.4,24.4,24.4,3,0
DAD,60,20250212,170000,24.4,24.5,24.4,24.5,419,0
DAD,60,20250213,100000,24.5,24.9,24.5,24.9,200,0
DAD,60,20250213,110000,24.9,24.9,24.9,24.9,1,0
DAD,60,20250213,120000,24.7,24.7,24.7,24.7,92,0
DAD,60,20250213,140000,24.7,24.7,24.7,24.7,18,0
DAD,60,20250213,150000,24.7,24.7,24.7,24.7,2,0
DAD,60,20250213,160000,24.6,24.6,24.5,24.5,190,0
DAD,60,20250214,100000,24.5,24.7,24,24,1007,0
DAD,60,20250214,110000,24.1,24.5,24.1,24.5,172,0
DAD,60,20250214,120000,24.1,24.1,24.1,24.1,2,0
DAD,60,20250214,130000,24.4,24.5,24.1,24.1,520,0
DAD,60,20250214,140000,24.5,24.5,24.4,24.4,3,0
DAD,60,20250214,160000,24.5,24.5,24.5,24.5,40,0
DAD,60,20250214,170000,24.1,24.5,24.1,24.1,988,0
DAD,60,20250217,100000,24.5,24.7,24.5,24.5,32,0
DAD,60,20250217,120000,24.5,24.5,24.5,24.5,651,0
DAD,60,20250217,140000,24.3,24.3,24.2,24.2,45,0
DAD,60,20250217,160000,24.2,24.5,24.2,24.5,6,0
DAD,60,20250217,170000,24.5,24.5,24.5,24.5,96,0
DAD,60,20250218,100000,24.7,24.7,24.7,24.7,71,0
DAD,60,20250218,110000,24.7,24.8,24.7,24.8,1270,0
DAD,60,20250218,120000,24.8,24.8,24.7,24.7,125,0
DAD,60,20250218,160000,24.7,25.2,24.7,25.2,2823,0
DAD,60,20250218,170000,25.2,25.2,25,25.2,672,0
DAD,60,20250219,100000,25.2,25.2,25.2,25.2,767,0
DAD,60,20250219,110000,25.3,25.5,25.3,25.5,568,0
DAD,60,20250219,120000,25.4,25.4,25.3,25.3,809,0
DAD,60,20250219,140000,25.2,25.2,25,25,161,0
DAD,60,20250219,150000,25,25,24.6,24.6,141,0
DAD,60,20250219,170000,24.6,24.6,24.3,24.3,818,0
DAD,60,20250220,100000,25.2,25.2,25,25,518,0
DAD,60,20250220,110000,24.6,25.3,24.6,25.3,1391,0
DAD,60,20250220,120000,25.3,25.5,25,25,1603,0
DAD,60,20250220,130000,25.3,25.3,24.9,24.9,20,0
DAD,60,20250220,140000,25.5,25.5,25.5,25.5,110,0
DAD,60,20250220,150000,25.4,25.4,25.4,25.4,1,0
DAD,60,20250220,170000,25,25,25,25,120,0
DAD,60,20250221,100000,25.3,25.3,24,24.7,1982,0
DAD,60,20250221,110000,24.7,24.7,24.7,24.7,187,0
DAD,60,20250221,120000,24.8,25.7,24.8,25.7,2215,0
DAD,60,20250221,130000,25.4,25.4,25.4,25.4,100,0
DAD,60,20250221,140000,25.5,25.6,25.5,25.6,45,0
DAD,60,20250221,150000,25.4,25.5,25.1,25.1,363,0
DAD,60,20250221,160000,25.2,25.5,25.1,25.2,1151,0
DAD,60,20250221,170000,25.2,25.4,25,25.4,162,0
DAD,60,20250224,100000,25.4,25.4,24.7,25.1,302,0
DAD,60,20250224,110000,24.7,24.7,24.7,24.7,3,0
DAD,60,20250224,120000,25.1,25.1,25.1,25.1,135,0
DAD,60,20250224,140000,25,25,24.7,24.7,295,0
DAD,60,20250224,150000,24.7,24.7,24.7,24.7,100,0
DAD,60,20250224,170000,25.4,25.4,25.4,25.4,2,0
DAD,60,20250225,100000,25.8,26.4,25.5,25.9,6396,0
DAD,60,20250225,110000,26.2,26.3,25.7,25.7,623,0
DAD,60,20250225,120000,25.7,26.1,25.2,26,1188,0
DAD,60,20250225,130000,26,26,26,26,1059,0
DAD,60,20250225,140000,26,26,26,26,23,0
DAD,60,20250225,150000,25.7,26,25.7,25.7,40,0
DAD,60,20250225,160000,25.7,25.9,25.4,25.4,327,0
DAD,60,20250225,170000,25.4,25.4,25.1,25.1,415,0
DAD,60,20250226,100000,25.8,26.1,25.8,26,163,0
DAD,60,20250226,110000,25.9,26.7,25.8,26.5,6108,0
DAD,60,20250226,120000,26.2,26.2,25.8,26,309,0
DAD,60,20250226,130000,26,26,25.6,25.6,190,0
DAD,60,20250226,140000,26,26.4,25.7,26,844,0
DAD,60,20250226,150000,25.8,25.8,25.7,25.7,118,0
DAD,60,20250226,160000,25.7,26,25.6,26,637,0
DAD,60,20250226,170000,25.7,25.7,25.4,25.4,1757,0
DAD,60,20250227,100000,25.7,25.8,25.4,25.8,317,0
DAD,60,20250227,110000,25.8,25.8,25.4,25.4,114,0
DAD,60,20250227,120000,25.7,25.7,25.7,25.7,144,0
DAD,60,20250227,130000,25.8,25.8,25.8,25.8,1,0
DAD,60,20250227,140000,25.7,25.7,24.8,24.8,6024,0
DAD,60,20250227,170000,25.1,25.3,25,25.2,985,0
DAD,60,20250228,100000,25.3,25.3,24.6,25.1,1831,0
DAD,60,20250228,120000,25,25,25,25,200,0
DAD,60,20250228,130000,25.1,25.1,24.6,24.6,53,0
DAD,60,20250228,140000,24.6,25.1,24.6,24.6,973,0
DAD,60,20250228,150000,24.6,25,24.6,25,81,0
DAD,60,20250228,160000,25,25,24.5,24.7,351,0
DAD,60,20250228,170000,25,25.3,25,25.3,671,0
DAD,60,20250303,100000,25.2,25.3,24.9,25.2,315,0
DAD,60,20250303,110000,25.2,25.2,25.2,25.2,40,0
DAD,60,20250303,120000,25.2,25.2,24.8,24.8,1529,0
DAD,60,20250303,130000,24.8,25,24.8,25,74,0
DAD,60,20250303,140000,25,25,25,25,5,0
DAD,60,20250303,150000,24.9,24.9,24.8,24.8,2042,0
DAD,60,20250303,160000,24.9,24.9,24.8,24.9,718,0
DAD,60,20250303,170000,24.9,24.9,24.7,24.7,283,0
DAD,60,20250304,100000,24.7,24.7,24.5,24.5,404,0
DAD,60,20250304,110000,24.5,24.6,24.4,24.6,310,0
DAD,60,20250304,120000,24.5,24.5,24.2,24.2,447,0
DAD,60,20250304,130000,24.2,24.2,22.7,23.8,6326,0
DAD,60,20250304,140000,24,24,24,24,2,0
DAD,60,20250304,150000,24.1,24.5,24.1,24.1,433,0
DAD,60,20250304,160000,24.1,24.1,23.8,23.8,1143,0
DAD,60,20250305,100000,24,24,23.3,23.8,2398,0
DAD,60,20250305,110000,23.9,24,23.8,23.9,817,0
DAD,60,20250305,120000,23.9,23.9,23.7,23.7,60,0
DAD,60,20250305,130000,23.8,23.9,23.8,23.9,11,0
DAD,60,20250305,140000,23.8,23.9,23.8,23.9,192,0
DAD,60,20250305,150000,23.8,23.9,23.8,23.8,790,0
DAD,60,20250305,160000,23.8,23.9,23.8,23.8,435,0
DAD,60,20250305,170000,23.8,24.4,23.8,24.4,101,0
DAD,60,20250306,100000,24.4,24.4,24,24,322,0
DAD,60,20250306,120000,24,24.2,24,24.2,346,0
DAD,60,20250306,130000,24.2,24.3,24,24.2,1250,0
DAD,60,20250306,150000,24.4,24.4,24.4,24.4,163,0
DAD,60,20250306,160000,24.6,24.6,24.4,24.4,81,0
DAD,60,20250306,170000,24,24.3,23.9,24.3,1391,0
DAD,60,20250307,100000,24.7,24.7,23.8,24.2,805,0
DAD,60,20250307,110000,24.2,24.2,24.2,24.2,333,0
DAD,60,20250307,120000,24,24,23.9,24,363,0
DAD,60,20250307,130000,24,24,23.9,24,506,0
DAD,60,20250307,140000,23.9,23.9,23.9,23.9,332,0
DAD,60,20250307,150000,24.3,24.3,24.3,24.3,62,0
DAD,60,20250307,170000,24.1,24.6,24,24.5,1155,0
DAD,60,20250310,100000,24.7,24.7,23.8,23.8,2097,0
DAD,60,20250310,110000,24.1,24.1,23.8,24,165,0
DAD,60,20250310,120000,24.1,24.1,24.1,24.1,4,0
DAD,60,20250310,130000,24.1,24.1,24.1,24.1,5,0
DAD,60,20250310,140000,24,24.1,24,24.1,367,0
DAD,60,20250310,150000,24,24,24,24,4,0
DAD,60,20250310,160000,23.9,23.9,23.3,23.5,6428,0
DAD,60,20250311,100000,24.1,24.1,24,24,46,0
DAD,60,20250311,110000,24,24.2,24,24.2,396,0
DAD,60,20250311,130000,23.8,23.8,23.8,23.8,30,0
DAD,60,20250311,140000,23.9,24.2,23.9,24.2,300,0
DAD,60,20250311,150000,23.8,23.8,23.3,23.3,2873,0
DAD,60,20250311,160000,23.7,23.7,23.7,23.7,67,0
DAD,60,20250312,100000,23.7,23.7,23.7,23.7,185,0
DAD,60,20250312,110000,23.8,23.9,23.7,23.7,167,0
DAD,60,20250312,120000,23.9,23.9,23.9,23.9,2,0
DAD,60,20250312,130000,23.9,23.9,23.9,23.9,29,0
DAD,60,20250312,140000,23.8,23.8,23.8,23.8,1,0
DAD,60,20250312,160000,23.5,23.8,23.5,23.8,610,0
DAD,60,20250312,170000,23.2,23.2,23.2,23.2,1481,0
DAD,60,20250313,100000,23.8,23.8,23.4,23.4,252,0
DAD,60,20250313,110000,23.4,23.5,23.4,23.5,61,0
DAD,60,20250313,120000,23.7,23.7,23.6,23.7,334,0
DAD,60,20250313,130000,23.7,23.8,23.4,23.8,198,0
DAD,60,20250313,140000,23.5,23.7,23.2,23.7,2585,0
DAD,60,20250313,150000,23.3,23.3,23.3,23.3,101,0
DAD,60,20250313,160000,23.1,23.1,23,23,100,0
DAD,60,20250313,170000,23.1,23.5,23.1,23.2,1058,0
DAD,60,20250314,100000,23.3,23.3,22.5,23,1274,0
DAD,60,20250314,110000,22.8,22.8,22.8,22.8,62,0
DAD,60,20250314,120000,23.2,23.2,23,23.2,324,0
DAD,60,20250314,130000,23.3,23.5,23.3,23.5,460,0
DAD,60,20250314,140000,23.5,23.5,23.4,23.4,205,0
DAD,60,20250314,150000,23.4,23.4,23.2,23.4,1661,0
DAD,60,20250314,160000,23.5,23.5,23.5,23.5,423,0
DAD,60,20250317,100000,23.6,24,23.6,23.9,2324,0
DAD,60,20250317,110000,24,24,23.9,23.9,164,0
DAD,60,20250317,120000,23.8,24.3,23.8,24.3,1431,0
DAD,60,20250317,130000,24.3,24.3,24.3,24.3,249,0
DAD,60,20250317,140000,24.3,24.3,24,24.2,549,0
DAD,60,20250317,150000,24,24.3,24,24.2,3849,0
DAD,60,20250317,170000,24.1,25.3,24.1,24.3,4293,0
DAD,60,20250318,100000,24.6,24.9,24.5,24.9,2244,0
DAD,60,20250318,110000,24.8,25,24.7,24.7,1246,0
DAD,60,20250318,120000,24.6,24.7,24.6,24.6,126,0
DAD,60,20250318,130000,24.6,25,24.6,24.6,249,0
DAD,60,20250318,140000,24.6,24.9,24.6,24.9,167,0
DAD,60,20250318,160000,24.9,24.9,24.9,24.9,400,0
DAD,60,20250318,170000,24.9,25,24.9,25,971,0
DAD,60,20250319,100000,24.1,24.8,24.1,24.2,6657,0
DAD,60,20250319,110000,24.2,24.7,24,24.7,3466,0
DAD,60,20250319,120000,24.7,24.7,24.7,24.7,3,0
DAD,60,20250319,130000,24.6,24.6,24.6,24.6,63,0
DAD,60,20250319,140000,24.2,24.2,24.2,24.2,116,0
DAD,60,20250319,150000,24.2,24.5,24.2,24.4,2391,0
DAD,60,20250319,160000,24.4,24.4,24.2,24.3,617,0
DAD,60,20250319,170000,24.3,24.3,24.2,24.2,2107,0
DAD,60,20250320,100000,24,24,23.7,24,2692,0
DAD,60,20250320,110000,24,24,23.9,24,227,0
DAD,60,20250320,120000,23.9,23.9,23.7,23.8,1489,0
DAD,60,20250320,130000,23.9,23.9,23.8,23.9,598,0
DAD,60,20250320,140000,23.8,24,23.8,24,409,0
DAD,60,20250320,150000,24,24.3,24,24.3,144,0
DAD,60,20250320,160000,24,24.1,23.8,24,135,0
DAD,60,20250320,170000,24,24,24,24,367,0
DAD,60,20250321,100000,24,24.6,24,24.1,340,0
DAD,60,20250321,120000,24.2,24.2,24,24,224,0
DAD,60,20250321,130000,23.9,23.9,23.9,23.9,41,0
DAD,60,20250321,140000,23.9,24.4,23.9,24.4,648,0
DAD,60,20250321,160000,24.3,24.3,24.3,24.3,20,0
DAD,60,20250321,170000,24.3,24.3,24.3,24.3,50,0
DAD,60,20250324,100000,24.2,24.3,24,24.3,619,0
DAD,60,20250324,110000,24,24,24,24,5,0
DAD,60,20250324,120000,24.1,24.1,24,24,927,0
DAD,60,20250324,130000,24,24,24,24,59,0
DAD,60,20250324,140000,24.2,24.2,24,24,167,0
DAD,60,20250324,160000,24.2,24.2,24.2,24.2,135,0
DAD,60,20250324,170000,23.9,24.2,23.9,24.2,520,0
DAD,60,20250325,100000,24.4,24.4,23.9,23.9,452,0
DAD,60,20250325,110000,23.8,23.8,23.8,23.8,35,0
DAD,60,20250325,120000,24,24,24,24,46,0
DAD,60,20250325,140000,24,24,24,24,50,0
DAD,60,20250325,150000,24,24,23.9,23.9,448,0
DAD,60,20250325,160000,24,24,24,24,208,0
DAD,60,20250326,100000,24,24,23.8,23.8,230,0
DAD,60,20250326,110000,24,24.3,24,24.3,125,0
DAD,60,20250326,120000,23.8,23.8,23.8,23.8,145,0
DAD,60,20250326,140000,24.3,24.3,24.3,24.3,202,0
DAD,60,20250326,160000,24.2,24.2,24.2,24.2,28,0
DAD,60,20250326,170000,23.8,23.9,23.7,23.7,312,0
DAD,60,20250327,100000,23.5,23.7,23.4,23.7,591,0
DAD,60,20250327,110000,23.7,23.7,23.7,23.7,244,0
DAD,60,20250327,120000,23.7,23.9,23.7,23.9,100,0
DAD,60,20250327,160000,23.7,23.7,23.7,23.7,22,0
DAD,60,20250327,170000,23.7,23.7,23.7,23.7,46,0
DAD,60,20250328,100000,23.7,23.7,23.4,23.4,243,0
DAD,60,20250328,110000,23.4,23.4,23.2,23.2,4145,0
DAD,60,20250328,120000,23.4,23.4,23.4,23.4,50,0
DAD,60,20250328,130000,23.3,23.3,23.2,23.2,323,0
DAD,60,20250328,140000,23.5,23.5,23.3,23.3,263,0
DAD,60,20250328,160000,23.3,23.3,23.3,23.3,136,0
DAD,60,20250328,170000,23.2,23.4,23.2,23.4,269,0
DAD,60,20250331,100000,23.3,23.3,22.9,23,1007,0
DAD,60,20250331,110000,23,23,23,23,513,0
DAD,60,20250331,120000,23,23,23,23,430,0
DAD,60,20250331,140000,23,23,22.9,22.9,277,0
DAD,60,20250331,150000,23,23,23,23,70,0
DAD,60,20250331,160000,23.3,23.3,23.3,23.3,187,0
DAD,60,20250331,170000,23.3,23.3,23,23.1,568,0
DAD,60,20250401,100000,23.1,23.3,23,23,2066,0
DAD,60,20250401,110000,23.2,23.5,23,23.1,1456,0
DAD,60,20250401,120000,23.4,23.5,23.2,23.5,403,0
DAD,60,20250401,130000,23.5,23.8,23.3,23.3,1185,0
DAD,60,20250401,140000,23.2,23.2,23.2,23.2,4,0
DAD,60,20250401,150000,23.2,24.8,23.1,24.5,10943,0
DAD,60,20250401,160000,24.5,26.2,24.3,25.7,12962,0
DAD,60,20250401,170000,25.5,25.5,24.9,25.1,3411,0
DAD,60,20250402,100000,25.4,26,25.3,25.3,3193,0
DAD,60,20250402,110000,25.3,25.5,25.3,25.5,255,0
DAD,60,20250402,120000,25.3,25.5,25,25,2371,0
DAD,60,20250402,130000,25.3,25.5,25.2,25.5,1422,0
DAD,60,20250402,140000,25.4,25.4,25.4,25.4,106,0
DAD,60,20250402,150000,25.4,25.7,25.3,25.3,668,0
DAD,60,20250402,160000,25.3,25.3,25.2,25.2,476,0
DAD,60,20250402,170000,25.6,25.6,25.6,25.6,50,0
DAD,60,20250403,100000,25.4,25.5,25,25.5,1367,0
DAD,60,20250403,110000,25.5,25.5,25.5,25.5,100,0
DAD,60,20250403,120000,25.5,25.5,25.5,25.5,2257,0
DAD,60,20250403,130000,25.5,25.5,25.2,25.2,337,0
DAD,60,20250403,140000,25.2,25.2,25.2,25.2,1472,0
DAD,60,20250403,150000,25.5,25.5,25.5,25.5,9,0
DAD,60,20250403,170000,25.2,25.5,25.2,25.5,251,0
DAD,60,20250404,100000,25.2,25.4,25.2,25.2,683,0
DAD,60,20250404,110000,25.4,25.4,25.4,25.4,30,0
DAD,60,20250404,120000,25.2,25.8,25.2,25.8,1525,0
DAD,60,20250404,130000,25.4,25.8,25.2,25.2,818,0
DAD,60,20250404,140000,25.2,25.2,25.2,25.2,2380,0
DAD,60,20250404,150000,25.2,25.3,25.2,25.2,786,0
DAD,60,20250404,160000,25.2,25.2,25.2,25.2,48,0
DAD,60,20250404,170000,25.2,25.6,25.2,25.6,71,0
DAD,60,20250407,100000,24.9,24.9,23.7,24.6,4616,0
DAD,60,20250407,110000,24.3,24.5,23.9,24.5,3685,0
DAD,60,20250407,120000,24.8,24.8,24.4,24.7,1696,0
DAD,60,20250407,130000,24.8,24.9,24.7,24.7,360,0
DAD,60,20250407,140000,25,25,24.6,24.6,806,0
DAD,60,20250407,170000,24.8,24.8,24.8,24.8,10,0
DAD,60,20250408,100000,24.8,25.3,24.8,25,257,0
DAD,60,20250408,110000,25,25.3,25,25.3,121,0
DAD,60,20250408,120000,25.3,25.3,24.6,24.8,1057,0
DAD,60,20250408,130000,24.6,24.6,24.6,24.6,841,0
DAD,60,20250408,140000,24.6,25,24.6,25,407,0
DAD,60,20250408,150000,24.6,24.6,24.4,24.4,908,0
DAD,60,20250408,160000,24.5,24.5,24.5,24.5,2128,0
DAD,60,20250408,170000,24.5,24.5,24.3,24.4,4550,0
DAD,60,20250409,100000,24,24,23.6,24,9034,0
DAD,60,20250409,110000,24,24,23.9,23.9,431,0
DAD,60,20250409,120000,24,24,23.9,23.9,82,0
DAD,60,20250409,130000,23.9,24,23.9,24,70700,0
DAD,60,20250409,140000,24,24.3,23.9,23.9,15438,0
DAD,60,20250409,150000,24.1,24.2,23.8,23.8,200,0
DAD,60,20250409,160000,23.9,24,23.8,23.8,982,0
DAD,60,20250409,170000,23.9,24,23.9,24,75,0
DAD,60,20250410,100000,24.3,24.9,24.3,24.4,668,0
DAD,60,20250410,110000,24,24.3,24,24.3,491,0
DAD,60,20250410,120000,24.2,24.2,24.2,24.2,1272,0
DAD,60,20250410,130000,24,24.2,24,24.2,1338,0
DAD,60,20250410,140000,24.1,24.1,24,24,950,0
DAD,60,20250410,150000,24,24,24,24,121,0
DAD,60,20250410,160000,24,24,24,24,40,0
DAD,60,20250410,170000,24,24,24,24,145,0
DAD,60,20250411,100000,24.3,24.3,24.1,24.1,333,0
DAD,60,20250411,110000,24,24,24,24,109,0
DAD,60,20250411,130000,24,24,24,24,75,0
DAD,60,20250411,140000,24,24.1,23.9,24.1,1711,0
DAD,60,20250411,150000,24.1,24.1,24.1,24.1,1181,0
DAD,60,20250411,170000,23.9,23.9,23.9,23.9,6,0
DAD,60,20250414,100000,24.2,24.3,24,24,2350,0
DAD,60,20250414,110000,24.2,24.2,24,24,472,0
DAD,60,20250414,120000,24.1,24.1,24,24,535,0
DAD,60,20250414,130000,24,24.1,24,24,959,0
DAD,60,20250414,140000,24.2,24.2,24,24,474,0
DAD,60,20250414,150000,24,24,23.9,24,262,0
DAD,60,20250414,160000,24.1,24.1,24,24,490,0
DAD,60,20250414,170000,24,24,24,24,583,0
DAD,60,20250415,100000,24,24,23.9,24,1507,0
DAD,60,20250415,110000,24,24,23.9,24,1743,0
DAD,60,20250415,120000,23.9,23.9,23.9,23.9,810,0
DAD,60,20250415,130000,23.9,23.9,23.9,23.9,690,0
DAD,60,20250415,140000,24,24,24,24,647,0
DAD,60,20250415,150000,23.9,23.9,23.9,23.9,6,0
DAD,60,20250415,160000,23.9,23.9,23.8,23.8,615,0
DAD,60,20250415,170000,24.1,25,24.1,25,567,0
DAD,60,20250416,100000,25,25,24.5,24.5,332,0
DAD,60,20250416,110000,24.5,24.9,24.5,24.9,430,0
DAD,60,20250416,120000,24.4,24.4,24.4,24.4,5,0
DAD,60,20250416,130000,24.6,24.9,24.6,24.8,153,0
DAD,60,20250416,140000,24.8,25,24.4,24.8,987,0
DAD,60,20250416,150000,24.9,24.9,24.9,24.9,11,0
DAD,60,20250416,160000,24.9,25,24.9,25,675,0
DAD,60,20250416,170000,24.9,24.9,24.9,24.9,1050,0
DAD,60,20250417,100000,24.9,25,24.9,24.9,50,0
DAD,60,20250417,110000,24.9,24.9,24.5,24.9,114,0
DAD,60,20250417,120000,24.9,24.9,24.9,24.9,173,0
DAD,60,20250417,130000,24.9,24.9,24.9,24.9,81,0
DAD,60,20250417,140000,24.9,25.4,24.9,24.9,660,0
DAD,60,20250417,150000,25.3,25.3,25.2,25.2,581,0
DAD,60,20250417,160000,25.3,25.3,25.3,25.3,76,0
DAD,60,20250417,170000,25.3,25.3,25.3,25.3,284,0
DAD,60,20250422,100000,25.3,25.4,25.3,25.4,801,0
DAD,60,20250422,110000,25.1,25.1,24.1,25,1116,0
DAD,60,20250422,120000,25.4,25.4,25,25,256,0
DAD,60,20250422,130000,25,25.3,24.7,24.7,945,0
DAD,60,20250422,140000,25.1,25.3,25.1,25.3,809,0
DAD,60,20250422,150000,25.3,25.4,25.2,25.3,1209,0
DAD,60,20250422,160000,25.4,25.4,25.2,25.4,39,0
DAD,60,20250422,170000,25.4,25.4,25.4,25.4,4,0
DAD,60,20250423,100000,25.4,25.8,25.4,25.7,580,0
DAD,60,20250423,110000,25.7,27.5,25.7,26,7529,0
DAD,60,20250423,120000,26.1,26.8,26,26.5,3288,0
DAD,60,20250423,130000,26.5,26.5,26.4,26.4,1009,0
DAD,60,20250423,140000,26.5,26.9,26.5,26.7,3053,0
DAD,60,20250423,150000,26.6,27,26.6,27,2571,0
DAD,60,20250423,160000,27.2,27.3,26.9,27.1,2945,0
DAD,60,20250423,170000,26.8,26.9,26.7,26.7,230,0
DAD,60,20250424,100000,27.1,27.5,26.8,27.1,6382,0
DAD,60,20250424,110000,27,27.1,26.8,26.8,993,0
DAD,60,20250424,120000,27.1,27.5,27.1,27.1,2840,0
DAD,60,20250424,130000,27.1,27.5,27,27,221,0
DAD,60,20250424,140000,27.3,27.9,27.1,27.9,4339,0
DAD,60,20250424,150000,27.6,28.3,27.5,27.7,5321,0
DAD,60,20250424,160000,28,28.8,28,28.5,11360,0
DAD,60,20250424,170000,28.7,28.9,28.5,28.6,578,0
DAD,60,20250425,100000,28.3,28.6,27.9,28.1,8543,0
DAD,60,20250425,110000,27.9,28.3,27.8,28.3,813,0
DAD,60,20250425,120000,28.3,28.5,28,28.4,704,0
DAD,60,20250425,130000,28.4,28.4,28.4,28.4,652,0
DAD,60,20250425,140000,28,28.3,28,28,131,0
DAD,60,20250425,150000,28.3,28.3,28,28,1086,0
DAD,60,20250425,160000,28.2,28.2,27.9,28.2,276,0
DAD,60,20250425,170000,27.9,28.4,27.9,28.3,1550,0
DAD,60,20250428,100000,28.1,28.3,27.8,28,542,0
DAD,60,20250428,110000,28,28,27.7,27.8,380,0
DAD,60,20250428,120000,28,28.3,27.8,28.3,374,0
DAD,60,20250428,130000,28,28.3,28,28.3,4,0
DAD,60,20250428,150000,28.3,28.3,28.3,28.3,37,0
DAD,60,20250428,160000,28.2,28.2,28,28,192,0
DAD,60,20250428,170000,27.8,27.8,27.5,27.6,2074,0
DAD,60,20250429,100000,27.6,27.9,27.5,27.9,640,0
DAD,60,20250429,110000,28.2,28.3,28,28,847,0
DAD,60,20250429,120000,28,28,27.6,27.6,33,0
DAD,60,20250429,130000,28,28,28,28,178,0
DAD,60,20250429,140000,28,28.3,28,28.3,813,0
DAD,60,20250429,150000,28.2,28.2,27.6,27.6,1061,0
DAD,60,20250429,160000,28,28,28,28,4,0
DAD,60,20250429,170000,28,28.2,27.5,28.2,76,0
DAD,60,20250430,100000,28.2,28.2,28.2,28.2,2,0
DAD,60,20250430,110000,28.2,28.3,27.8,27.8,837,0
DAD,60,20250430,120000,27.8,28.1,27.7,27.7,918,0
DAD,60,20250430,130000,28.1,28.1,27.6,27.7,722,0
DAD,60,20250430,140000,27.7,27.7,27.7,27.7,50,0
DAD,60,20250430,150000,27.7,27.8,27.6,27.6,744,0
DAD,60,20250430,170000,27.6,27.6,27.6,27.6,29,0
DAD,60,20250502,100000,27.6,27.6,27.5,27.6,227,0
DAD,60,20250502,110000,27.6,28,27.1,27.6,900,0
DAD,60,20250502,130000,28,28,28,28,291,0
DAD,60,20250502,140000,28.2,28.4,28.2,28.3,253,0
DAD,60,20250502,150000,28.3,28.4,28.3,28.4,21,0
DAD,60,20250502,160000,28.2,28.4,28.2,28.4,710,0
DAD,60,20250502,170000,28.4,28.4,28.4,28.4,73,0
DAD,60,20250505,100000,28.4,28.7,28.2,28.7,2161,0
DAD,60,20250505,110000,28.7,28.8,28.7,28.7,325,0
DAD,60,20250505,120000,28.4,28.4,28.3,28.4,283,0
DAD,60,20250505,130000,28.7,28.7,28.2,28.2,851,0
DAD,60,20250505,140000,28.7,28.7,28.2,28.3,121,0
DAD,60,20250505,150000,28.7,28.7,28.7,28.7,7,0
DAD,60,20250505,160000,28.7,28.7,28.7,28.7,17,0
DAD,60,20250505,170000,28.7,28.7,28.7,28.7,1,0
DAD,60,20250506,100000,28.7,28.7,28.1,28.1,791,0
DAD,60,20250506,110000,28.2,28.2,28.1,28.2,312,0
DAD,60,20250506,120000,28.2,28.3,28.1,28.1,161,0
DAD,60,20250506,140000,28.3,28.3,28.3,28.3,150,0
DAD,60,20250506,150000,28.1,28.3,28.1,28.1,110,0
DAD,60,20250506,160000,28.4,28.4,28.4,28.4,17,0
DAD,60,20250506,170000,28.4,28.4,28.4,28.4,389,0
