<TICKER>,<PER>,<DATE>,<TIME>,<OPEN>,<HIGH>,<LOW>,<CLOSE>,<VOL>,<OPENINT>
DBE,60,20240411,100000,18,18.15,18,18,99,0
DBE,60,20240411,120000,18,18.2,18,18.2,417,0
DBE,60,20240411,140000,18.2,18.2,18.2,18.2,50,0
DBE,60,20240412,100000,18.2,18.2,18.2,18.2,18,0
DBE,60,20240412,150000,18.2,18.2,18.2,18.2,60,0
DBE,60,20240412,170000,18.2,18.2,18.2,18.2,80,0
DBE,60,20240415,100000,18.2,18.2,18.2,18.2,402,0
DBE,60,20240415,170000,17.75,17.75,17.75,17.75,17,0
DBE,60,20240416,100000,17.7,17.7,17.7,17.7,3,0
DBE,60,20240416,120000,17.7,17.7,17.7,17.7,109,0
DBE,60,20240416,150000,17.6,17.6,17.6,17.6,10,0
DBE,60,20240416,170000,17.6,17.6,17.5,17.5,107,0
DBE,60,20240417,100000,17.5,17.5,17.5,17.5,149,0
DBE,60,20240417,120000,17.5,17.5,17.5,17.5,95,0
DBE,60,20240417,150000,17.5,17.5,17.5,17.5,586,0
DBE,60,20240417,170000,17.5,17.5,17.5,17.5,1000,0
DBE,60,20240418,100000,17.75,17.75,17.75,17.75,9,0
DBE,60,20240419,170000,17.65,17.65,17.65,17.65,10,0
DBE,60,20240422,100000,17.6,17.6,17.6,17.6,15,0
DBE,60,20240422,160000,17.6,17.6,17.55,17.55,40,0
DBE,60,20240422,170000,17.85,17.85,17.85,17.85,5,0
DBE,60,20240423,100000,17.85,17.85,17.85,17.85,2,0
DBE,60,20240423,130000,17.85,17.85,17.85,17.85,10,0
DBE,60,20240423,150000,17.85,17.85,17.85,17.85,1,0
DBE,60,20240424,100000,17.85,17.85,17.85,17.85,2,0
DBE,60,20240424,120000,17.3,17.3,17.3,17.3,18,0
DBE,60,20240424,130000,17.3,17.3,17.3,17.3,9,0
DBE,60,20240424,170000,17.8,17.8,17.8,17.8,2,0
DBE,60,20240425,100000,17.3,17.3,17.3,17.3,178,0
DBE,60,20240425,110000,17.3,17.35,17.3,17.35,164,0
DBE,60,20240425,120000,17.3,17.3,17.3,17.3,1,0
DBE,60,20240425,170000,17.2,17.2,17.2,17.2,5,0
DBE,60,20240426,100000,17.2,17.6,17.2,17.6,115,0
DBE,60,20240426,130000,17.7,17.75,17.7,17.75,14,0
DBE,60,20240429,110000,17.4,17.85,17.4,17.6,161,0
DBE,60,20240429,120000,17.5,17.5,17.5,17.5,2,0
DBE,60,20240429,130000,17.6,17.6,17.6,17.6,15,0
DBE,60,20240429,140000,17.6,17.6,17.6,17.6,5,0
DBE,60,20240429,160000,17.7,17.7,17.7,17.7,34,0
DBE,60,20240430,100000,17.7,17.7,17.7,17.7,3,0
DBE,60,20240430,120000,17.6,17.6,17.6,17.6,5,0
DBE,60,20240430,130000,17.7,18,17.7,18,56,0
DBE,60,20240502,100000,18,18,18,18,2,0
DBE,60,20240502,130000,17.5,17.5,17.3,17.4,79,0
DBE,60,20240502,150000,17.3,17.3,17,17,410,0
DBE,60,20240502,160000,17.1,17.55,17.1,17.55,40,0
DBE,60,20240506,100000,17.7,17.7,17.7,17.7,3,0
DBE,60,20240506,130000,17.3,17.3,17,17,529,0
DBE,60,20240506,140000,17,17,16.9,17,270,0
DBE,60,20240506,150000,16.9,16.9,16.9,16.9,19,0
DBE,60,20240506,160000,17,17,17,17,10,0
DBE,60,20240506,170000,16.9,17,16.9,17,9,0
DBE,60,20240507,100000,17,17,16.5,16.5,258,0
DBE,60,20240507,110000,16.4,16.5,16.25,16.3,537,0
DBE,60,20240507,120000,16.5,16.5,16.5,16.5,144,0
DBE,60,20240507,130000,16.55,16.55,16.55,16.55,5,0
DBE,60,20240507,140000,16.7,17,16.7,17,95,0
DBE,60,20240507,150000,17,17,17,17,76,0
DBE,60,20240507,170000,16.6,16.6,16.6,16.6,50,0
DBE,60,20240508,100000,16.6,17,16.6,17,53,0
DBE,60,20240508,110000,16.65,16.65,15.5,15.9,921,0
DBE,60,20240508,120000,16.6,16.6,16.6,16.6,3,0
DBE,60,20240508,140000,16.2,16.8,16.2,16.8,69,0
DBE,60,20240508,150000,16.1,16.5,15.9,16.5,43,0
DBE,60,20240508,170000,16.6,16.7,16.6,16.7,13,0
DBE,60,20240509,100000,16.7,16.7,16.7,16.7,2,0
DBE,60,20240509,110000,16.7,16.7,16.7,16.7,6,0
DBE,60,20240509,120000,16.7,16.7,16.7,16.7,62,0
DBE,60,20240510,100000,16.15,16.15,15.6,16.1,737,0
DBE,60,20240510,110000,16.1,16.1,15.9,15.9,194,0
DBE,60,20240510,120000,15.9,16.2,15.8,16,372,0
DBE,60,20240510,130000,16,16.2,16,16.2,98,0
DBE,60,20240510,160000,15.8,15.8,15.8,15.8,3,0
DBE,60,20240510,170000,16,16,16,16,2,0
DBE,60,20240513,100000,16,16.7,16,16,142,0
DBE,60,20240513,170000,16.3,16.3,16.3,16.3,5,0
DBE,60,20240514,100000,16.3,16.3,16.3,16.3,2,0
DBE,60,20240514,110000,16.3,16.3,16.3,16.3,37,0
DBE,60,20240514,130000,16.15,16.15,16.15,16.15,62,0
DBE,60,20240514,150000,16,16,16,16,73,0
DBE,60,20240514,160000,16,16,16,16,50,0
DBE,60,20240515,100000,16,16,16,16,10,0
DBE,60,20240515,110000,16,16,16,16,50,0
DBE,60,20240515,140000,16,16,15.5,15.5,163,0
DBE,60,20240515,150000,15.5,15.5,14.6,14.6,330,0
DBE,60,20240515,160000,14.6,14.85,14.6,14.85,432,0
DBE,60,20240515,170000,14.9,14.9,14.9,14.9,66,0
DBE,60,20240516,100000,15,15.3,15,15.3,288,0
DBE,60,20240516,110000,15.4,15.85,15.4,15.85,142,0
DBE,60,20240516,120000,15.4,15.8,15.3,15.8,52,0
DBE,60,20240516,130000,15.55,15.8,15.55,15.8,36,0
DBE,60,20240516,140000,15.85,15.9,15.8,15.8,152,0
DBE,60,20240516,150000,16.5,16.5,15.8,16,482,0
DBE,60,20240516,160000,16.35,16.35,16.35,16.35,10,0
DBE,60,20240516,170000,16.3,16.45,16.25,16.45,86,0
DBE,60,20240517,100000,16.5,16.65,16.5,16.65,203,0
DBE,60,20240517,110000,16.6,16.6,16.5,16.5,300,0
DBE,60,20240517,120000,16.9,17,16.9,17,120,0
DBE,60,20240517,130000,17,17.6,17,17.6,366,0
DBE,60,20240517,140000,17.5,18.15,17.5,18.15,795,0
DBE,60,20240517,150000,18.2,19.2,18.2,18.4,1907,0
DBE,60,20240517,160000,18.4,18.6,17.5,18,251,0
DBE,60,20240517,170000,18.3,18.3,17.6,17.6,157,0
DBE,60,20240520,100000,18,18.65,17.6,18.65,334,0
DBE,60,20240520,110000,18.05,18.05,18.05,18.05,2,0
DBE,60,20240520,140000,18.05,18.7,18.05,18.7,412,0
DBE,60,20240520,150000,18,18.5,17.65,18.5,269,0
DBE,60,20240521,100000,18.5,18.5,17,17.6,418,0
DBE,60,20240521,110000,17.65,17.65,17.4,17.4,101,0
DBE,60,20240521,120000,17.65,17.65,17.5,17.5,450,0
DBE,60,20240521,130000,17.7,17.9,17.7,17.9,65,0
DBE,60,20240521,150000,17.9,18.5,17.9,18.5,300,0
DBE,60,20240521,160000,18.15,18.5,18.15,18.5,42,0
DBE,60,20240521,170000,18.2,18.4,18.2,18.4,31,0
DBE,60,20240522,100000,18.5,18.5,18.05,18.05,53,0
DBE,60,20240522,110000,18.05,18.05,17.7,17.7,57,0
DBE,60,20240522,120000,17.7,17.7,17.7,17.7,60,0
DBE,60,20240522,150000,18,18.35,18,18.35,32,0
DBE,60,20240522,170000,18.4,18.4,18.4,18.4,1,0
DBE,60,20240523,120000,18.5,18.5,18.5,18.5,2,0
DBE,60,20240523,140000,18.5,18.5,18.5,18.5,50,0
DBE,60,20240524,100000,18.3,18.3,18.3,18.3,5,0
DBE,60,20240524,130000,18.2,18.2,18.1,18.1,13,0
DBE,60,20240524,160000,18.2,18.2,18.2,18.2,20,0
DBE,60,20240527,100000,18.2,18.45,18.2,18.45,83,0
DBE,60,20240527,110000,18.2,18.2,18.2,18.2,1494,0
DBE,60,20240527,130000,18.2,18.2,18.2,18.2,9,0
DBE,60,20240527,140000,17.7,17.7,17.7,17.7,20,0
DBE,60,20240528,100000,17.6,17.6,17.6,17.6,9,0
DBE,60,20240528,140000,17.5,17.5,17.5,17.5,1,0
DBE,60,20240528,160000,17.95,17.95,17.95,17.95,10,0
DBE,60,20240529,100000,17.8,17.8,17.55,17.55,11,0
DBE,60,20240529,110000,17.55,17.55,17.55,17.55,300,0
DBE,60,20240529,120000,17.75,17.75,17.75,17.75,5,0
DBE,60,20240529,130000,17.5,18,17.5,18,160,0
DBE,60,20240529,140000,17.95,17.95,17.95,17.95,2,0
DBE,60,20240529,160000,17.95,17.95,17.95,17.95,4,0
DBE,60,20240529,170000,17.6,17.6,17.6,17.6,109,0
DBE,60,20240603,100000,17.55,17.55,17.2,17.25,567,0
DBE,60,20240603,120000,17.6,17.6,17.6,17.6,1,0
DBE,60,20240603,160000,17.6,17.6,17.6,17.6,10,0
DBE,60,20240604,100000,18,18,17.95,18,455,0
DBE,60,20240604,140000,18.05,18.05,18,18,767,0
DBE,60,20240604,160000,17.85,17.85,17.2,17.2,171,0
DBE,60,20240604,170000,17.1,17.2,17.05,17.2,183,0
DBE,60,20240605,100000,17.2,17.2,17.2,17.2,2,0
DBE,60,20240605,120000,17,17,17,17,298,0
DBE,60,20240605,150000,17,17,16.85,16.85,27,0
DBE,60,20240605,170000,17,17,17,17,246,0
DBE,60,20240606,100000,16.9,16.9,16.9,16.9,4,0
DBE,60,20240606,120000,16.8,16.8,16.4,16.4,130,0
DBE,60,20240606,130000,16.75,16.75,16.75,16.75,10,0
DBE,60,20240606,170000,16.7,16.8,16.7,16.8,60,0
DBE,60,20240607,100000,16.5,16.5,16.5,16.5,10,0
DBE,60,20240607,140000,16.65,16.65,15.9,15.95,849,0
DBE,60,20240607,150000,15.95,15.95,15.95,15.95,158,0
DBE,60,20240607,160000,16,16,16,16,306,0
DBE,60,20240607,170000,16,16,15.6,15.6,110,0
DBE,60,20240610,100000,15.85,15.85,15.5,15.5,140,0
DBE,60,20240610,110000,15.4,15.5,15,15,924,0
DBE,60,20240610,120000,15,15,14.9,14.9,240,0
DBE,60,20240610,130000,15,15,15,15,10,0
DBE,60,20240610,140000,15.3,15.4,14.9,14.9,252,0
DBE,60,20240610,150000,14.9,14.9,14.9,14.9,261,0
DBE,60,20240610,160000,15,15,15,15,60,0
DBE,60,20240610,170000,15,15,15,15,235,0
DBE,60,20240611,100000,15,15,14.8,14.8,945,0
DBE,60,20240611,110000,14.8,14.8,14.8,14.8,152,0
DBE,60,20240611,120000,14.8,14.8,14.8,14.8,50,0
DBE,60,20240611,150000,14.8,14.8,14.8,14.8,78,0
DBE,60,20240611,160000,14.8,14.8,14.8,14.8,228,0
DBE,60,20240611,170000,14.8,14.8,14.8,14.8,213,0
DBE,60,20240612,100000,14.8,14.8,14.7,14.8,82,0
DBE,60,20240612,110000,14.7,14.7,14.7,14.7,101,0
DBE,60,20240612,120000,14.7,14.7,14.7,14.7,45,0
DBE,60,20240612,130000,14.7,14.7,14.5,14.5,880,0
DBE,60,20240612,140000,14.5,14.5,14.5,14.5,219,0
DBE,60,20240612,150000,14.6,14.6,14.6,14.6,62,0
DBE,60,20240612,170000,14.6,14.6,14.6,14.6,120,0
DBE,60,20240613,100000,14.6,14.6,14.4,14.4,9,0
DBE,60,20240613,110000,14.4,14.5,14.4,14.5,4648,0
DBE,60,20240613,120000,14.5,14.5,14.5,14.5,2,0
DBE,60,20240613,140000,14.5,14.5,14.5,14.5,34,0
DBE,60,20240613,150000,14.5,14.5,14.5,14.5,2,0
DBE,60,20240613,170000,14.5,14.5,14.5,14.5,82,0
DBE,60,20240614,100000,14.5,14.5,14.5,14.5,2,0
DBE,60,20240614,130000,14.5,14.5,14.5,14.5,13,0
DBE,60,20240614,170000,14.5,14.8,14.5,14.5,574,0
DBE,60,20240617,100000,14.5,14.5,14.5,14.5,308,0
DBE,60,20240617,110000,14.5,14.5,13.5,14.1,756,0
DBE,60,20240617,130000,14.3,14.5,14.3,14.4,98,0
DBE,60,20240617,160000,14.5,14.5,14.5,14.5,334,0
DBE,60,20240617,170000,14.45,14.45,14.4,14.45,275,0
DBE,60,20240618,100000,14.5,14.5,14.5,14.5,331,0
DBE,60,20240618,110000,14.5,14.5,14.5,14.5,2,0
DBE,60,20240618,130000,14.45,14.45,14.45,14.45,50,0
DBE,60,20240618,140000,14.45,14.45,14.45,14.45,10,0
DBE,60,20240618,150000,14.1,14.1,14,14,429,0
DBE,60,20240618,160000,13.8,14,13.6,14,115,0
DBE,60,20240618,170000,14,14,14,14,35,0
DBE,60,20240619,110000,14,14,14,14,3,0
DBE,60,20240619,120000,14,14,14,14,10,0
DBE,60,20240619,150000,13.8,13.8,13.8,13.8,1446,0
DBE,60,20240619,170000,13.8,13.8,13.8,13.8,168,0
DBE,60,20240620,100000,13.8,13.8,13.8,13.8,100,0
DBE,60,20240620,110000,13.8,13.8,13.8,13.8,107,0
DBE,60,20240620,120000,13.8,13.8,13.8,13.8,70,0
DBE,60,20240620,150000,13.8,13.8,13.8,13.8,150,0
DBE,60,20240620,160000,13.8,13.8,13.8,13.8,56,0
DBE,60,20240621,100000,13.8,13.8,13.8,13.8,193,0
DBE,60,20240621,110000,13.8,13.8,13.8,13.8,3,0
DBE,60,20240621,120000,13.7,13.7,13.6,13.6,229,0
DBE,60,20240621,130000,13.6,13.6,13.6,13.6,36,0
DBE,60,20240621,140000,13.6,13.6,13.6,13.6,54,0
DBE,60,20240621,150000,13.65,13.65,13.5,13.5,474,0
DBE,60,20240621,170000,13.5,13.5,13.5,13.5,358,0
DBE,60,20240624,100000,13.5,13.5,13.5,13.5,74,0
DBE,60,20240624,170000,13.65,13.7,13.65,13.7,74,0
DBE,60,20240625,100000,13.7,13.7,13.7,13.7,41,0
DBE,60,20240625,120000,13.7,13.7,13.7,13.7,15,0
DBE,60,20240625,130000,13.45,13.45,12.5,13,1155,0
DBE,60,20240625,140000,13,13.05,13,13.05,244,0
DBE,60,20240625,150000,13.05,13.4,13.05,13.4,43,0
DBE,60,20240625,160000,13,13.2,13,13.2,181,0
DBE,60,20240625,170000,12.9,12.9,12.8,12.9,25,0
DBE,60,20240626,100000,12.9,12.9,12.9,12.9,187,0
DBE,60,20240626,110000,12.9,13,12.9,13,630,0
DBE,60,20240626,120000,13,13,13,13,30,0
DBE,60,20240626,150000,13,13,13,13,1234,0
DBE,60,20240626,160000,13,13,13,13,719,0
DBE,60,20240626,170000,13,13,13,13,77,0
DBE,60,20240627,100000,13,13,13,13,180,0
DBE,60,20240627,120000,13,13,13,13,50,0
DBE,60,20240627,130000,13,13,13,13,1,0
DBE,60,20240627,150000,12.95,12.95,12.5,12.5,400,0
DBE,60,20240627,160000,13,13,13,13,120,0
DBE,60,20240627,170000,13,13,13,13,230,0
DBE,60,20240628,100000,13,13,13,13,485,0
DBE,60,20240628,110000,13,13,13,13,836,0
DBE,60,20240628,120000,13,13,13,13,200,0
DBE,60,20240628,130000,13,13,13,13,52,0
DBE,60,20240628,140000,12.8,12.8,12.8,12.8,85,0
DBE,60,20240701,100000,13,13,13,13,3,0
DBE,60,20240701,160000,13,13,13,13,138,0
DBE,60,20240701,170000,13,13,13,13,100,0
DBE,60,20240702,100000,13,13,12.5,12.85,1003,0
DBE,60,20240702,120000,12.65,12.65,12.65,12.65,107,0
DBE,60,20240702,130000,12.55,12.55,12.55,12.55,115,0
DBE,60,20240702,150000,12.45,12.7,12.35,12.7,600,0
DBE,60,20240703,100000,12,12.5,12,12.5,480,0
DBE,60,20240703,110000,12.45,12.65,12.45,12.65,312,0
DBE,60,20240703,120000,12.5,12.5,12.5,12.5,10,0
DBE,60,20240703,130000,12.4,12.4,12.4,12.4,50,0
DBE,60,20240703,150000,12.65,12.65,12.65,12.65,100,0
DBE,60,20240703,170000,12.4,12.4,12.4,12.4,70,0
DBE,60,20240704,100000,12.4,12.65,12.4,12.6,166,0
DBE,60,20240704,110000,12.65,12.65,12.65,12.65,5,0
DBE,60,20240704,170000,12.4,12.4,12.35,12.35,125,0
DBE,60,20240705,100000,12.35,12.35,12.35,12.35,2,0
DBE,60,20240705,150000,12.4,12.4,12.4,12.4,2,0
DBE,60,20240708,100000,12.35,12.85,12.35,12.85,305,0
DBE,60,20240708,110000,12.85,12.85,12.85,12.85,80,0
DBE,60,20240708,130000,12.85,12.85,12.85,12.85,1937,0
DBE,60,20240708,140000,12.85,12.85,12.85,12.85,160,0
DBE,60,20240708,150000,12.5,12.5,12.5,12.5,380,0
DBE,60,20240709,100000,12.5,12.5,12.5,12.5,3,0
DBE,60,20240709,110000,12.5,12.5,12.5,12.5,27,0
DBE,60,20240709,120000,12.5,12.5,12.5,12.5,120,0
DBE,60,20240709,130000,12.5,12.5,12.35,12.35,211,0
DBE,60,20240710,100000,12.4,12.75,12.4,12.75,1011,0
DBE,60,20240710,110000,12.75,12.75,12.75,12.75,10,0
DBE,60,20240710,120000,12.75,12.75,12.75,12.75,76,0
DBE,60,20240710,130000,12.5,12.5,12.45,12.45,17,0
DBE,60,20240710,140000,12.75,12.75,12.75,12.75,30,0
DBE,60,20240710,170000,12.5,12.5,12.5,12.5,95,0
DBE,60,20240711,100000,12.75,12.75,12.75,12.75,5,0
DBE,60,20240711,150000,12.75,12.75,12.75,12.75,50,0
DBE,60,20240711,170000,12.75,12.75,12.75,12.75,470,0
DBE,60,20240712,100000,12.75,12.75,12.75,12.75,40,0
DBE,60,20240712,150000,12.75,12.75,12.75,12.75,15,0
DBE,60,20240712,160000,12.75,12.75,12.75,12.75,290,0
DBE,60,20240712,170000,12.75,12.75,12.75,12.75,1124,0
DBE,60,20240715,100000,12.75,12.75,12.75,12.75,50,0
DBE,60,20240715,130000,12.75,12.75,12.75,12.75,30,0
DBE,60,20240717,100000,12.75,12.75,12.4,12.75,922,0
DBE,60,20240717,140000,12.7,12.75,12.7,12.75,100,0
DBE,60,20240717,150000,12.75,12.75,12.75,12.75,78,0
DBE,60,20240718,100000,12.75,12.75,12.75,12.75,120,0
DBE,60,20240718,110000,12.5,12.5,12.5,12.5,200,0
DBE,60,20240718,130000,12.7,12.7,12.7,12.7,77,0
DBE,60,20240719,100000,12.7,12.7,12.7,12.7,180,0
DBE,60,20240719,120000,12.7,12.7,12.7,12.7,100,0
DBE,60,20240719,160000,12.7,12.7,12.7,12.7,71,0
DBE,60,20240719,170000,12.45,12.8,12.3,12.8,247,0
DBE,60,20240722,100000,12.8,12.8,12.8,12.8,10,0
DBE,60,20240722,120000,12.8,12.8,12.8,12.8,20,0
DBE,60,20240722,130000,12.7,12.7,12.7,12.7,50,0
DBE,60,20240722,140000,12.65,12.65,12.65,12.65,10,0
DBE,60,20240722,150000,12.4,12.4,12.3,12.4,59,0
DBE,60,20240722,160000,12.4,12.4,12.3,12.3,44,0
DBE,60,20240722,170000,12.2,12.3,12,12,1186,0
DBE,60,20240723,100000,12,12.35,12,12,1599,0
DBE,60,20240723,130000,12,12,12,12,10,0
DBE,60,20240723,150000,12,12.15,11.8,11.8,59,0
DBE,60,20240723,160000,11.85,11.85,11.85,11.85,1,0
DBE,60,20240724,100000,12,12,11.9,11.9,42,0
DBE,60,20240724,120000,11.9,11.9,11.85,11.85,1011,0
DBE,60,20240724,130000,11.9,11.9,11.9,11.9,80,0
DBE,60,20240724,140000,11.9,12,11.9,12,832,0
DBE,60,20240724,150000,11.9,11.9,11.9,11.9,200,0
DBE,60,20240725,100000,12,12,12,12,6,0
DBE,60,20240725,110000,12,12,12,12,150,0
DBE,60,20240725,130000,12,12,12,12,202,0
DBE,60,20240725,140000,12,12,12,12,170,0
DBE,60,20240725,150000,12,12,12,12,30,0
DBE,60,20240725,160000,11.85,11.85,11.85,11.85,80,0
DBE,60,20240726,110000,11.8,11.8,11.8,11.8,85,0
DBE,60,20240726,140000,11.8,11.8,11.8,11.8,100,0
DBE,60,20240726,150000,11.8,12,11.8,12,50,0
DBE,60,20240726,170000,11.9,11.9,11.9,11.9,50,0
DBE,60,20240729,100000,11.9,11.9,11.9,11.9,329,0
DBE,60,20240729,170000,11.8,11.8,11.5,11.5,1170,0
DBE,60,20240730,100000,11.5,11.5,11.5,11.5,106,0
DBE,60,20240730,110000,11.5,11.5,11.5,11.5,90,0
DBE,60,20240730,140000,11.55,11.55,11.3,11.3,1049,0
DBE,60,20240730,150000,11.4,11.4,11.4,11.4,50,0
DBE,60,20240730,160000,11.4,11.5,11.4,11.5,346,0
DBE,60,20240730,170000,11.3,11.3,11.3,11.3,100,0
DBE,60,20240801,100000,11.2,11.2,11.2,11.2,10,0
DBE,60,20240801,110000,11.2,11.2,11.2,11.2,50,0
DBE,60,20240801,120000,11.2,11.2,11.2,11.2,1,0
DBE,60,20240801,140000,11.2,11.5,11.2,11.5,89,0
DBE,60,20240801,150000,11.15,11.15,11,11,197,0
DBE,60,20240801,160000,11,11,11,11,118,0
DBE,60,20240802,110000,10.95,10.95,10.2,10.5,300,0
DBE,60,20240802,120000,11.1,11.1,11.1,11.1,1,0
DBE,60,20240802,130000,11.1,11.3,11.1,11.3,95,0
DBE,60,20240802,140000,10.9,10.9,10.9,10.9,75,0
DBE,60,20240802,160000,10.75,10.95,10.6,10.95,73,0
DBE,60,20240805,100000,10.75,10.75,10.15,10.15,950,0
DBE,60,20240805,110000,10.2,10.2,10,10,669,0
DBE,60,20240805,120000,10,10,10,10,401,0
DBE,60,20240805,140000,10,10.5,9.92,9.92,127,0
DBE,60,20240805,150000,9.94,9.94,9.94,9.94,348,0
DBE,60,20240805,160000,9.94,10.65,9.94,10.65,64,0
DBE,60,20240805,170000,10.1,10.3,10,10,320,0
DBE,60,20240806,100000,10,10.2,9.7,9.7,217,0
DBE,60,20240806,110000,9.88,10,9.6,9.62,1053,0
DBE,60,20240806,120000,9.6,9.74,9.6,9.74,273,0
DBE,60,20240806,130000,9.74,9.88,9.74,9.88,26,0
DBE,60,20240806,140000,9.88,10.2,9.88,10.2,722,0
DBE,60,20240806,150000,9.92,9.92,9.9,9.9,1530,0
DBE,60,20240807,100000,9.94,9.94,9.94,9.94,2,0
DBE,60,20240807,160000,10.5,10.85,10.5,10.85,130,0
DBE,60,20240807,170000,10.7,10.9,10.7,10.9,49,0
DBE,60,20240808,100000,10.95,10.95,10.95,10.95,2,0
DBE,60,20240808,120000,10.95,11,10.95,11,236,0
DBE,60,20240808,160000,11,11,11,11,10,0
DBE,60,20240808,170000,11,11,11,11,9,0
DBE,60,20240809,100000,11,11,11,11,250,0
DBE,60,20240809,110000,11,11,11,11,60,0
DBE,60,20240809,160000,10.65,10.65,10.65,10.65,1,0
DBE,60,20240809,170000,10.85,10.85,10.85,10.85,2,0
DBE,60,20240812,100000,11,11,11,11,175,0
DBE,60,20240812,110000,11,11,11,11,231,0
DBE,60,20240812,120000,11,11,11,11,4,0
DBE,60,20240812,150000,11,11,11,11,117,0
DBE,60,20240812,170000,11,11,11,11,133,0
DBE,60,20240813,100000,11,11,11,11,460,0
DBE,60,20240813,110000,10.6,10.6,10.6,10.6,88,0
DBE,60,20240813,130000,10.9,10.9,10.9,10.9,30,0
DBE,60,20240814,100000,11,11,11,11,25,0
DBE,60,20240814,110000,11,11,11,11,10,0
DBE,60,20240814,130000,10.55,10.9,10.55,10.9,11,0
DBE,60,20240814,140000,10.9,11,10.7,10.7,545,0
DBE,60,20240814,150000,11,11,10.5,10.9,127,0
DBE,60,20240816,100000,11,11,11,11,5,0
DBE,60,20240816,140000,11,11,11,11,27,0
DBE,60,20240816,150000,10.5,10.5,10.5,10.5,1,0
DBE,60,20240816,160000,10.6,11.5,10.6,11.5,309,0
DBE,60,20240816,170000,11,11,11,11,9,0
DBE,60,20240819,100000,11,11.3,10.5,11.3,853,0
DBE,60,20240819,110000,11,11,11,11,40,0
DBE,60,20240819,130000,11.2,11.3,11.2,11.3,14,0
DBE,60,20240819,140000,11,11,11,11,40,0
DBE,60,20240819,170000,10.9,10.9,10.9,10.9,19,0
DBE,60,20240820,100000,10.9,11,10.9,11,141,0
DBE,60,20240820,110000,10.4,10.8,10.4,10.8,985,0
DBE,60,20240820,140000,10.95,10.95,10.55,10.55,185,0
DBE,60,20240820,150000,10.75,10.75,10.75,10.75,100,0
DBE,60,20240820,160000,10.5,10.6,10.5,10.6,350,0
DBE,60,20240820,170000,10.7,10.8,10.7,10.8,27,0
DBE,60,20240821,100000,10.95,11,10.95,11,43,0
DBE,60,20240821,150000,10.95,10.95,10.95,10.95,1,0
DBE,60,20240821,170000,10.95,10.95,10.95,10.95,28,0
DBE,60,20240822,100000,10.95,11,10.95,11,31,0
DBE,60,20240822,170000,11,11.2,11,11.2,20,0
DBE,60,20240823,100000,11.1,11.1,11.1,11.1,25,0
DBE,60,20240823,140000,11.1,11.1,11.1,11.1,10,0
DBE,60,20240823,160000,11.1,11.1,11.1,11.1,360,0
DBE,60,20240823,170000,11,11,11,11,185,0
DBE,60,20240826,100000,10.75,10.75,10.4,10.4,450,0
DBE,60,20240826,120000,10.7,10.7,10.7,10.7,2,0
DBE,60,20240826,140000,10.7,10.7,10.7,10.7,3,0
DBE,60,20240828,100000,10.65,10.7,10.5,10.7,282,0
DBE,60,20240828,130000,10.7,10.7,10.7,10.7,10,0
DBE,60,20240828,150000,10.7,10.7,10.4,10.4,486,0
DBE,60,20240828,160000,10.4,10.4,10.2,10.2,554,0
DBE,60,20240829,100000,10.5,10.5,10.5,10.5,78,0
DBE,60,20240829,150000,10.5,10.5,10.5,10.5,350,0
DBE,60,20240829,170000,10.5,10.5,10.5,10.5,19,0
DBE,60,20240830,100000,10.5,10.6,10.5,10.5,525,0
DBE,60,20240830,110000,10.5,10.5,10.5,10.5,20,0
DBE,60,20240830,130000,10.5,10.5,10.5,10.5,80,0
DBE,60,20240830,150000,10.4,10.4,10,10,1121,0
DBE,60,20240830,160000,10,10.2,10,10.2,738,0
DBE,60,20240830,170000,10.05,10.2,10,10.2,1384,0
DBE,60,20240902,100000,10.3,10.3,10.3,10.3,2,0
DBE,60,20240902,110000,10.2,10.3,10.2,10.2,846,0
DBE,60,20240902,120000,10.2,10.2,10.05,10.05,442,0
DBE,60,20240902,140000,10,10,10,10,290,0
DBE,60,20240902,150000,10,10,10,10,175,0
DBE,60,20240902,160000,10,10,10,10,30,0
DBE,60,20240903,100000,10,10,10,10,9,0
DBE,60,20240903,110000,10,10,10,10,20,0
DBE,60,20240903,120000,10,10,10,10,467,0
DBE,60,20240903,130000,9.9,9.9,9.9,9.9,13,0
DBE,60,20240903,150000,10,10,10,10,600,0
DBE,60,20240903,160000,10,10,10,10,650,0
DBE,60,20240903,170000,10,10,10,10,30,0
DBE,60,20240904,100000,10,10,10,10,10,0
DBE,60,20240904,140000,9.84,9.84,9.5,9.5,1566,0
DBE,60,20240904,150000,9.5,9.5,9.44,9.5,319,0
DBE,60,20240904,160000,9.5,9.7,9.5,9.7,304,0
DBE,60,20240904,170000,9.7,9.7,9.7,9.7,33,0
DBE,60,20240905,100000,9.8,9.8,9.8,9.8,16,0
DBE,60,20240905,110000,9.8,9.8,9.8,9.8,124,0
DBE,60,20240905,120000,9.96,10,9.4,9.4,907,0
DBE,60,20240905,130000,9.4,9.4,9.4,9.4,1331,0
DBE,60,20240905,140000,9.42,9.42,9.42,9.42,80,0
DBE,60,20240905,150000,9.48,9.5,9.48,9.5,172,0
DBE,60,20240905,170000,9.42,9.42,9.02,9.12,358,0
DBE,60,20240909,100000,9.4,9.5,9.16,9.2,133,0
DBE,60,20240909,120000,9.22,9.22,9.22,9.22,200,0
DBE,60,20240909,130000,9.3,9.3,9.3,9.3,2,0
DBE,60,20240909,160000,9.3,9.3,9.3,9.3,1,0
DBE,60,20240910,100000,9.4,9.4,9.4,9.4,10,0
DBE,60,20240910,120000,9.42,9.42,9.42,9.42,4,0
DBE,60,20240911,130000,9.58,9.58,9.5,9.5,120,0
DBE,60,20240911,140000,9.4,9.4,9.4,9.4,451,0
DBE,60,20240911,150000,9.4,9.4,9.4,9.4,100,0
DBE,60,20240912,100000,9.88,9.88,9.4,9.4,883,0
DBE,60,20240912,110000,9.4,9.4,9.4,9.4,90,0
DBE,60,20240912,120000,9.4,9.4,9.4,9.4,700,0
DBE,60,20240912,130000,9.4,9.4,9.3,9.3,507,0
DBE,60,20240912,150000,9.4,9.4,9.4,9.4,212,0
DBE,60,20240912,160000,9.4,9.4,9.4,9.4,30,0
DBE,60,20240912,170000,9.4,9.4,9.4,9.4,320,0
DBE,60,20240913,100000,9.4,9.4,9.4,9.4,10,0
DBE,60,20240913,160000,9.4,9.4,9.4,9.4,12,0
DBE,60,20240913,170000,9.4,9.7,9.3,9.3,37,0
DBE,60,20240916,100000,9.4,9.4,9.4,9.4,5,0
DBE,60,20240916,120000,9.3,9.3,9.2,9.2,1591,0
DBE,60,20240916,140000,9.2,9.2,9.2,9.2,25,0
DBE,60,20240916,160000,9.2,9.2,9.2,9.2,140,0
DBE,60,20240916,170000,9.18,9.18,9.18,9.18,5,0
DBE,60,20240917,100000,9.2,9.2,9.18,9.18,1750,0
DBE,60,20240917,110000,9.4,9.5,9.4,9.5,17,0
DBE,60,20240917,120000,9.2,9.2,9.2,9.2,20,0
DBE,60,20240917,150000,9.2,9.32,9.2,9.32,22,0
DBE,60,20240917,170000,9.18,9.2,9.16,9.2,24,0
DBE,60,20240918,100000,9.22,9.22,9.2,9.2,217,0
DBE,60,20240918,110000,9.2,9.2,9.2,9.2,40,0
DBE,60,20240918,130000,9.24,9.24,9.24,9.24,5,0
DBE,60,20240919,100000,9.2,9.2,9.2,9.2,1270,0
DBE,60,20240919,130000,9.18,9.18,9.18,9.18,32,0
DBE,60,20240919,140000,9.16,9.16,9.16,9.16,15,0
DBE,60,20240919,170000,9.2,9.2,9.2,9.2,9,0
DBE,60,20240920,100000,9.2,9.2,9.2,9.2,6,0
DBE,60,20240920,140000,9.2,9.2,9.2,9.2,4,0
DBE,60,20240920,170000,9.18,9.18,9.16,9.16,446,0
DBE,60,20240923,100000,9.16,9.16,9.16,9.16,1254,0
DBE,60,20240923,120000,9.16,9.16,9.16,9.16,1122,0
DBE,60,20240923,160000,9.16,9.16,9.16,9.16,5,0
DBE,60,20240923,170000,9.16,9.16,9.16,9.16,5,0
DBE,60,20240924,100000,9.2,9.2,9.16,9.16,2322,0
DBE,60,20240924,110000,9.2,9.2,9.2,9.2,40,0
DBE,60,20240925,100000,9.2,9.2,9.2,9.2,209,0
DBE,60,20240925,110000,9.2,9.2,9.2,9.2,30,0
DBE,60,20240925,120000,9.14,9.14,9.04,9.04,110,0
DBE,60,20240925,170000,9.16,9.16,9.16,9.16,18,0
DBE,60,20240926,100000,9.16,9.16,9.16,9.16,4,0
DBE,60,20240926,120000,9.16,9.16,9.16,9.16,32,0
DBE,60,20240926,140000,9.16,9.16,9.16,9.16,1006,0
DBE,60,20240926,160000,9.06,9.06,9.04,9.04,19,0
DBE,60,20240927,100000,9.06,9.12,9,9.12,1497,0
DBE,60,20240927,110000,8.8,8.8,8.62,8.62,41,0
DBE,60,20240927,120000,8.9,9.1,8.9,9.1,100,0
DBE,60,20240927,150000,9.1,9.1,9.1,9.1,200,0
DBE,60,20240927,170000,9.1,9.1,9.1,9.1,54,0
DBE,60,20240930,100000,9,9,9,9,110,0
DBE,60,20240930,130000,9,9,9,9,12,0
DBE,60,20241001,100000,9,9,9,9,10,0
DBE,60,20241001,140000,9,9,9,9,150,0
DBE,60,20241002,100000,8.8,8.8,8.8,8.8,460,0
DBE,60,20241002,110000,8.8,8.8,8.8,8.8,66,0
DBE,60,20241002,130000,8.8,8.8,8.8,8.8,30,0
DBE,60,20241002,140000,8.8,8.8,8.8,8.8,2,0
DBE,60,20241002,170000,8.78,8.78,8.78,8.78,10,0
DBE,60,20241003,100000,8.8,8.8,8.8,8.8,4,0
DBE,60,20241003,120000,8.78,8.8,8.78,8.8,295,0
DBE,60,20241004,100000,8.6,8.6,8.6,8.6,155,0
DBE,60,20241004,120000,8.52,8.52,8.52,8.52,750,0
DBE,60,20241004,130000,8.54,8.54,8.54,8.54,46,0
DBE,60,20241004,140000,8.48,8.48,8.48,8.48,25,0
DBE,60,20241004,150000,8.48,8.48,8.46,8.46,410,0
DBE,60,20241004,170000,8.44,8.44,7.8,8,666,0
DBE,60,20241007,100000,8,8,8,8,399,0
DBE,60,20241007,110000,8,8,8,8,7,0
DBE,60,20241007,120000,7.8,7.8,7.8,7.8,200,0
DBE,60,20241007,130000,7.8,7.8,7.8,7.8,20,0
DBE,60,20241007,150000,7.86,8,7.86,8,600,0
DBE,60,20241007,160000,8,8,8,8,3,0
DBE,60,20241007,170000,8,8,8,8,65,0
DBE,60,20241008,100000,8,8,8,8,10,0
DBE,60,20241008,140000,8,8,8,8,125,0
DBE,60,20241008,170000,7.86,7.86,7.8,7.8,645,0
DBE,60,20241009,100000,7.8,7.8,7.8,7.8,595,0
DBE,60,20241009,110000,7.7,7.8,7.7,7.8,69,0
DBE,60,20241009,120000,7.8,7.8,7.72,7.72,26,0
DBE,60,20241009,140000,7.7,7.7,7.7,7.7,3,0
DBE,60,20241009,170000,7.8,7.8,7.8,7.8,40,0
DBE,60,20241010,100000,7.8,7.8,7.8,7.8,10,0
DBE,60,20241010,120000,7.8,7.8,7.8,7.8,46,0
DBE,60,20241010,170000,7.8,7.8,7.8,7.8,36,0
DBE,60,20241011,100000,7.8,7.8,7.8,7.8,10,0
DBE,60,20241011,140000,7.8,7.8,7.8,7.8,10,0
DBE,60,20241011,150000,7.8,7.8,7.8,7.8,20,0
DBE,60,20241015,100000,7.8,7.8,7.8,7.8,159,0
DBE,60,20241015,120000,7.8,7.8,7.66,7.66,115,0
DBE,60,20241015,130000,7.8,7.8,7.8,7.8,147,0
DBE,60,20241015,170000,7.7,7.8,7.7,7.8,27,0
DBE,60,20241016,100000,7.68,7.68,7.66,7.66,435,0
DBE,60,20241016,150000,7.68,7.68,7.68,7.68,10,0
DBE,60,20241016,160000,7.68,7.68,7.66,7.66,2880,0
DBE,60,20241016,170000,7.58,7.78,7.5,7.78,295,0
DBE,60,20241017,120000,7.5,7.5,7.5,7.5,2,0
DBE,60,20241017,140000,7.5,7.68,7.36,7.68,70,0
DBE,60,20241018,100000,7.58,7.58,7.58,7.58,120,0
DBE,60,20241018,110000,7.58,7.8,7.58,7.8,352,0
DBE,60,20241018,120000,7.52,7.52,7.5,7.5,200,0
DBE,60,20241018,140000,7.5,7.8,7.5,7.8,536,0
DBE,60,20241021,100000,7.8,7.8,7.8,7.8,25,0
DBE,60,20241021,110000,7.8,7.8,7.5,7.5,871,0
DBE,60,20241021,130000,7.5,7.5,7.5,7.5,370,0
DBE,60,20241021,140000,7.54,7.54,7.54,7.54,71,0
DBE,60,20241021,170000,7.68,7.68,7.5,7.5,540,0
DBE,60,20241022,100000,7.5,7.5,7.5,7.5,400,0
DBE,60,20241022,120000,7.5,7.5,7.5,7.5,185,0
DBE,60,20241022,130000,7.5,7.5,7.5,7.5,552,0
DBE,60,20241022,140000,7.5,7.5,7.36,7.36,1510,0
DBE,60,20241022,150000,7.36,7.36,7.36,7.36,52,0
DBE,60,20241022,170000,7.48,7.48,7.48,7.48,10,0
DBE,60,20241023,100000,7.5,7.5,7.5,7.5,111,0
DBE,60,20241023,110000,7.5,7.5,7.48,7.48,300,0
DBE,60,20241023,140000,7.34,7.34,7.34,7.34,30,0
DBE,60,20241023,160000,7.24,7.24,7.24,7.24,202,0
DBE,60,20241023,170000,7.4,7.4,7.4,7.4,1,0
DBE,60,20241024,120000,7.22,7.22,7.2,7.2,45,0
DBE,60,20241024,130000,7.2,7.2,7.2,7.2,120,0
DBE,60,20241025,100000,7.22,7.22,7.22,7.22,125,0
DBE,60,20241025,110000,7.4,7.4,7.4,7.4,200,0
DBE,60,20241025,130000,7.46,7.48,7.22,7.22,400,0
DBE,60,20241025,160000,7.24,7.24,7.24,7.24,7,0
DBE,60,20241028,100000,7.24,7.24,7.24,7.24,147,0
DBE,60,20241028,120000,7.26,7.26,7.2,7.2,1000,0
DBE,60,20241028,130000,7.2,7.2,7.2,7.2,266,0
DBE,60,20241028,170000,7.2,7.2,7.2,7.2,3126,0
DBE,60,20241029,120000,7.2,7.2,6.92,6.96,632,0
DBE,60,20241029,130000,6.96,6.96,6.94,6.94,1983,0
DBE,60,20241029,140000,6.96,7.06,6.94,7.06,96,0
DBE,60,20241029,150000,7.06,7.08,6.98,6.98,764,0
DBE,60,20241029,170000,7.06,7.06,7.06,7.06,10,0
DBE,60,20241030,100000,7,7,7,7,10,0
DBE,60,20241030,120000,7,7,6.94,6.94,518,0
DBE,60,20241030,140000,7,7,7,7,50,0
DBE,60,20241031,100000,6.96,6.96,6.72,6.72,2142,0
DBE,60,20241031,120000,6.94,6.94,6.94,6.94,10,0
DBE,60,20241031,130000,6.82,6.82,6.82,6.82,329,0
DBE,60,20241031,150000,6.82,6.82,6.72,6.72,191,0
DBE,60,20241031,160000,6.72,6.72,6.7,6.7,235,0
DBE,60,20241031,170000,6.72,6.8,6.7,6.8,39,0
DBE,60,20241104,100000,6.7,6.7,6.7,6.7,125,0
DBE,60,20241104,110000,6.9,6.9,6.9,6.9,30,0
DBE,60,20241104,130000,6.9,6.9,6.9,6.9,33,0
DBE,60,20241104,170000,6.9,6.9,6.9,6.9,131,0
DBE,60,20241106,100000,7.04,7.08,6.9,6.9,282,0
DBE,60,20241106,110000,6.98,7,6.98,7,77,0
DBE,60,20241106,130000,6.98,7,6.98,7,70,0
DBE,60,20241106,140000,6.98,7,6.98,7,3050,0
DBE,60,20241106,150000,7,7,7,7,388,0
DBE,60,20241107,100000,7,7,7,7,4,0
DBE,60,20241107,150000,7,7,7,7,100,0
DBE,60,20241108,100000,7.04,7.04,7.04,7.04,125,0
DBE,60,20241108,120000,7.06,7.06,7.04,7.04,75,0
DBE,60,20241108,160000,7.04,7.04,7.04,7.04,40,0
DBE,60,20241108,170000,7.04,7.04,7.04,7.04,66,0
DBE,60,20241112,100000,7.06,7.06,7.06,7.06,10,0
DBE,60,20241112,110000,7.06,7.06,7.06,7.06,192,0
DBE,60,20241112,120000,7.06,7.06,7,7,150,0
DBE,60,20241112,160000,7,7,7,7,1,0
DBE,60,20241112,170000,7.2,7.4,7.2,7.4,50,0
DBE,60,20241113,100000,7.2,7.2,7.2,7.2,450,0
DBE,60,20241113,110000,7.2,7.2,7.2,7.2,12,0
DBE,60,20241113,120000,7.2,7.2,7.2,7.2,50,0
DBE,60,20241113,160000,7.2,7.2,7.2,7.2,50,0
DBE,60,20241114,100000,7.2,7.2,7.2,7.2,15,0
DBE,60,20241114,110000,7.2,7.2,7.2,7.2,426,0
DBE,60,20241114,120000,7.22,7.22,7.22,7.22,2,0
DBE,60,20241114,130000,7.3,7.3,7.3,7.3,20,0
DBE,60,20241114,140000,7.3,7.3,7.3,7.3,80,0
DBE,60,20241114,160000,7.3,7.3,7.24,7.24,36,0
DBE,60,20241114,170000,7.22,7.3,7.2,7.3,312,0
DBE,60,20241115,100000,7.4,7.4,7.2,7.2,369,0
DBE,60,20241115,130000,7.2,7.2,7.2,7.2,100,0
DBE,60,20241115,160000,7.12,7.12,6.94,6.94,379,0
DBE,60,20241118,100000,6.94,6.96,6.94,6.94,45,0
DBE,60,20241118,110000,6.94,6.94,6.94,6.94,100,0
DBE,60,20241118,150000,6.94,6.94,6.94,6.94,40,0
DBE,60,20241119,100000,6.94,6.94,6.94,6.94,327,0
DBE,60,20241119,120000,7,7,7,7,10,0
DBE,60,20241119,140000,7,7,7,7,53,0
DBE,60,20241119,150000,7.1,7.2,7.1,7.2,20,0
DBE,60,20241120,120000,7.02,7.02,6.94,6.94,798,0
DBE,60,20241120,150000,7.1,7.1,7.1,7.1,10,0
DBE,60,20241120,170000,7.1,7.1,7,7,3200,0
DBE,60,20241121,100000,7,7,7,7,5,0
DBE,60,20241121,120000,6.9,6.9,6.9,6.9,400,0
DBE,60,20241121,130000,6.9,7.48,6.9,7.48,4638,0
DBE,60,20241121,140000,7.62,7.7,7.3,7.3,770,0
DBE,60,20241122,100000,7.32,7.32,7.32,7.32,10,0
DBE,60,20241125,110000,7.32,7.32,7.3,7.3,73,0
DBE,60,20241125,120000,7.3,7.5,7.3,7.5,224,0
DBE,60,20241126,100000,7.32,7.32,7.3,7.3,61,0
DBE,60,20241126,120000,7.5,7.64,7.5,7.64,35,0
DBE,60,20241126,130000,7.7,7.8,7.7,7.8,123,0
DBE,60,20241126,140000,7.86,7.86,7.86,7.86,10,0
DBE,60,20241127,100000,7.84,7.84,7.84,7.84,133,0
DBE,60,20241127,110000,7.62,7.62,7.62,7.62,9,0
DBE,60,20241127,150000,7.66,7.66,7.66,7.66,10,0
DBE,60,20241127,170000,7.66,7.88,7.66,7.88,305,0
DBE,60,20241128,100000,8.4,9.24,8.4,9.2,1613,0
DBE,60,20241128,110000,9.24,9.24,9.24,9.24,39,0
DBE,60,20241128,120000,9.24,9.24,9.24,9.24,82,0
DBE,60,20241128,130000,9,9.2,9,9.2,6,0
DBE,60,20241128,140000,9.2,9.8,9.2,9.8,750,0
DBE,60,20241128,150000,9.78,9.8,8.84,8.84,79,0
DBE,60,20241128,160000,9.2,9.8,9.2,9.8,330,0
DBE,60,20241128,170000,9.84,9.96,9.5,9.52,115,0
DBE,60,20241129,100000,9.8,11.7,9.8,11.05,3264,0
DBE,60,20241129,110000,11.45,11.7,11.2,11.2,1990,0
DBE,60,20241129,120000,11.25,11.75,11.2,11.3,167,0
DBE,60,20241129,130000,11.4,11.4,10.75,10.8,132,0
DBE,60,20241129,140000,10.8,11.3,9.7,10.1,7743,0
DBE,60,20241129,150000,10,10.2,9.52,9.52,2204,0
DBE,60,20241129,160000,9.52,9.52,9,9.2,607,0
DBE,60,20241129,170000,9.2,9.5,9.18,9.2,545,0
DBE,60,20241202,100000,9,9.16,8.6,9.02,1320,0
DBE,60,20241202,110000,8.96,8.96,8.16,8.16,208,0
DBE,60,20241202,120000,8.24,8.4,8.12,8.4,280,0
DBE,60,20241202,130000,8.32,8.6,8.22,8.46,518,0
DBE,60,20241202,140000,8.46,8.46,8.46,8.46,160,0
DBE,60,20241202,160000,8.52,8.6,8.52,8.6,480,0
DBE,60,20241202,170000,8.52,8.6,8.48,8.6,669,0
DBE,60,20241203,100000,8.82,8.9,8.74,8.74,57,0
DBE,60,20241203,110000,8.72,8.72,8.72,8.72,58,0
DBE,60,20241203,120000,8.54,8.54,8.32,8.54,673,0
DBE,60,20241203,140000,8.48,8.48,8.2,8.2,500,0
DBE,60,20241203,150000,8.22,8.22,8,8,2293,0
DBE,60,20241203,160000,8.1,8.1,8.1,8.1,50,0
DBE,60,20241203,170000,8.04,9.22,8.04,9.22,1031,0
DBE,60,20241204,100000,9.22,9.78,9.22,9.78,658,0
DBE,60,20241204,110000,9.68,9.78,9.2,9.78,720,0
DBE,60,20241204,120000,9.78,10,9.3,9.9,394,0
DBE,60,20241204,130000,9.9,10,9.4,10,92,0
DBE,60,20241204,140000,10,10,10,10,389,0
DBE,60,20241204,150000,9.98,10.1,9.52,10.1,653,0
DBE,60,20241204,160000,9.78,11.1,9.78,10.6,2498,0
DBE,60,20241204,170000,11.1,11.2,11.1,11.2,479,0
DBE,60,20241205,100000,11.2,11.7,11,11.7,2187,0
DBE,60,20241205,110000,11.65,12.35,11.2,12.35,4406,0
DBE,60,20241205,120000,11.8,12.6,11.8,12.45,2241,0
DBE,60,20241205,130000,12.4,13,12.35,12.8,1987,0
DBE,60,20241205,140000,12.75,13.5,12,13.4,7062,0
DBE,60,20241205,150000,13.4,13.5,12.85,12.85,4428,0
DBE,60,20241205,160000,13.4,13.5,13.4,13.5,546,0
DBE,60,20241205,170000,13.1,13.45,12.5,12.9,2846,0
DBE,60,20241206,100000,12.9,13.3,11.9,12.7,4367,0
DBE,60,20241206,110000,12.7,13,11.7,12.35,2909,0
DBE,60,20241206,120000,12.1,12.2,12,12,910,0
DBE,60,20241206,130000,11.9,11.9,11.7,11.7,223,0
DBE,60,20241206,140000,11.7,11.75,10.9,11,2324,0
DBE,60,20241206,150000,11,11.9,11,11.5,3313,0
DBE,60,20241206,160000,11.75,11.85,11.2,11.2,102,0
DBE,60,20241206,170000,11.35,11.6,11.3,11.55,656,0
DBE,60,20241209,100000,11.65,12.8,11.2,12.8,4215,0
DBE,60,20241209,110000,13.15,13.3,12.8,13.25,1355,0
DBE,60,20241209,120000,13.25,13.25,12.15,13.2,1353,0
DBE,60,20241209,140000,12.75,13.3,12.35,13.3,2471,0
DBE,60,20241209,150000,12.6,13.2,12.6,13.1,195,0
DBE,60,20241209,160000,13.1,13.1,13.05,13.05,180,0
DBE,60,20241209,170000,13.05,13.1,12.15,13.1,1647,0
DBE,60,20241210,100000,13.1,13.1,12,12,2060,0
DBE,60,20241210,110000,12.55,13,11.85,13,1814,0
DBE,60,20241210,120000,12.95,13,12.95,13,49,0
DBE,60,20241210,160000,12.65,12.7,12.65,12.7,110,0
DBE,60,20241210,170000,12.7,12.8,12.15,12.8,1127,0
DBE,60,20241211,100000,12.7,13.4,11.85,12.55,5834,0
DBE,60,20241211,110000,11.9,12.7,11.45,12.5,3749,0
DBE,60,20241211,120000,12.5,12.5,11.9,12.45,207,0
DBE,60,20241211,130000,12.45,12.45,11.5,11.6,453,0
DBE,60,20241211,140000,12,12.4,11.85,12.35,173,0
DBE,60,20241211,150000,11.9,12.4,11.9,12.05,27,0
DBE,60,20241211,160000,12.05,12.35,11.85,11.85,85,0
DBE,60,20241211,170000,12.2,12.25,11.6,12.1,894,0
DBE,60,20241212,100000,12.15,12.25,11.3,12.2,882,0
DBE,60,20241212,120000,11.7,11.7,10.95,11.2,1054,0
DBE,60,20241212,130000,11.15,11.55,10.95,11.55,287,0
DBE,60,20241212,140000,11.05,11.15,10.95,11.15,96,0
DBE,60,20241212,150000,11.15,11.5,11.15,11.5,102,0
DBE,60,20241212,160000,11.45,11.55,11.4,11.55,345,0
DBE,60,20241212,170000,11.35,11.55,11.1,11.55,103,0
DBE,60,20241213,100000,11.1,11.55,11,11.55,392,0
DBE,60,20241213,110000,11.55,11.55,11.55,11.55,10,0
DBE,60,20241213,120000,11.5,11.5,11.5,11.5,229,0
DBE,60,20241213,130000,11.55,11.55,11.45,11.5,96,0
DBE,60,20241213,160000,11.5,11.5,11.5,11.5,170,0
DBE,60,20241213,170000,11.45,11.45,11.45,11.45,9,0
DBE,60,20241216,100000,11.45,11.55,10.9,11.4,706,0
DBE,60,20241216,110000,11.35,11.35,11.35,11.35,1,0
DBE,60,20241216,120000,11.35,11.4,11,11.1,141,0
DBE,60,20241216,130000,11.4,11.55,10.85,11,717,0
DBE,60,20241216,140000,10.9,11,10.35,11,2867,0
DBE,60,20241216,150000,10.95,11,10.95,10.95,220,0
DBE,60,20241216,160000,10.8,11.95,10.45,11.9,1923,0
DBE,60,20241216,170000,11.4,11.85,11.4,11.85,45,0
DBE,60,20241217,100000,11.85,11.85,11,11.8,338,0
DBE,60,20241217,110000,11.75,11.75,10.8,11.3,926,0
DBE,60,20241217,120000,10.9,10.9,10.7,10.7,422,0
DBE,60,20241217,130000,10.7,10.9,10.7,10.7,101,0
DBE,60,20241217,160000,10.7,10.7,10.7,10.7,95,0
DBE,60,20241217,170000,10.35,11.1,9.82,11.1,2452,0
DBE,60,20241218,100000,11.05,11.6,10.15,11.6,742,0
DBE,60,20241218,160000,11.35,12.3,11.35,12.3,2261,0
DBE,60,20241218,170000,12.3,12.4,12.3,12.35,1431,0
DBE,60,20241219,100000,11.7,12.45,11.7,12.45,175,0
DBE,60,20241219,120000,12,12.1,11.7,12.1,705,0
DBE,60,20241219,130000,11.95,12.4,11.95,12.4,505,0
DBE,60,20241219,140000,12.3,12.45,12.3,12.45,876,0
DBE,60,20241219,150000,12,12.5,11.9,12.5,475,0
DBE,60,20241219,170000,12.1,12.3,11.7,12.3,204,0
DBE,60,20241220,100000,12.3,12.4,12.25,12.25,334,0
DBE,60,20241220,110000,12,12,11.9,11.9,17,0
DBE,60,20241220,120000,11.9,12.2,11.4,12,149,0
DBE,60,20241220,130000,11.5,11.5,11.5,11.5,5,0
DBE,60,20241220,140000,11.5,11.95,11.3,11.95,121,0
DBE,60,20241220,150000,11.85,12.2,11.85,12.2,90,0
DBE,60,20241220,160000,11.6,12.2,11.5,12.2,69,0
DBE,60,20241220,170000,11.95,12,11.3,11.95,374,0
DBE,60,20241223,100000,11.95,12.4,11.5,11.5,771,0
DBE,60,20241223,110000,11.35,12.3,11.15,12.2,909,0
DBE,60,20241223,120000,12.1,12.2,11.5,11.5,554,0
DBE,60,20241223,130000,11.4,11.9,11.3,11.4,595,0
DBE,60,20241223,140000,11.4,11.8,11,11.8,1340,0
DBE,60,20241223,150000,11.2,11.35,11,11,697,0
DBE,60,20241223,160000,11.05,11.45,10.8,11.45,824,0
DBE,60,20241223,170000,11.15,11.65,11.15,11.65,189,0
DBE,60,20241227,100000,11.6,12.25,11,12.25,1143,0
DBE,60,20241227,110000,12.25,13.15,12.25,13.15,3407,0
DBE,60,20241227,120000,13.15,14,13.15,14,13221,0
DBE,60,20241227,130000,14,14,13.95,14,712,0
DBE,60,20241227,140000,13.95,14,13.3,13.95,703,0
DBE,60,20241227,150000,13.95,14,13.85,14,537,0
DBE,60,20241227,160000,14,14,13,13.95,2567,0
DBE,60,20241227,170000,13.9,13.95,13.1,13.95,2056,0
DBE,60,20241230,100000,15.9,16.5,15,16.2,6242,0
DBE,60,20241230,110000,16.2,16.3,15.8,16.3,2716,0
DBE,60,20241230,120000,15.95,16.75,15,16.7,4515,0
DBE,60,20241230,130000,16.2,16.4,15.3,15.3,346,0
DBE,60,20241230,140000,15.2,15.2,14.35,14.35,6352,0
DBE,60,20241230,150000,14.35,15.35,14.35,15.35,1247,0
DBE,60,20241230,160000,15.25,16.4,15.25,16.4,1145,0
DBE,60,20241230,170000,15.75,16.5,15.75,16.4,1130,0
DBE,60,20250102,100000,16.8,18.15,16.4,18,4113,0
DBE,60,20250102,110000,18,18.45,17.15,18.1,2333,0
DBE,60,20250102,120000,18.1,18.15,16.3,17.9,2930,0
DBE,60,20250102,130000,17.8,17.8,16.6,17.5,340,0
DBE,60,20250102,140000,17.45,18,16.9,16.9,1193,0
DBE,60,20250102,150000,17.7,18,17.7,17.9,451,0
DBE,60,20250102,160000,17.85,17.85,17,17.85,325,0
DBE,60,20250102,170000,17.65,18,17,17.9,1901,0
DBE,60,20250103,100000,18.4,18.4,17.05,18,2636,0
DBE,60,20250103,110000,17.95,18,17.35,17.95,1192,0
DBE,60,20250103,120000,17.6,18,17.45,18,362,0
DBE,60,20250103,130000,18,18,17.95,17.95,145,0
DBE,60,20250103,140000,17.95,18,17.95,18,31,0
DBE,60,20250103,150000,18,18,18,18,334,0
DBE,60,20250103,160000,17.65,18,17.45,18,481,0
DBE,60,20250103,170000,17.55,18,17.15,17.95,649,0
DBE,60,20250107,100000,18.45,18.45,17.05,17.3,1683,0
DBE,60,20250107,110000,17.95,18,16.65,16.65,3494,0
DBE,60,20250107,120000,17.2,17.65,17,17.65,351,0
DBE,60,20250107,130000,17.1,17.6,17,17,272,0
DBE,60,20250107,140000,17.25,17.3,17.25,17.3,12,0
DBE,60,20250107,150000,16.9,17.7,16.9,17.7,338,0
DBE,60,20250107,160000,17.5,17.65,17.5,17.65,149,0
DBE,60,20250107,170000,17.3,17.55,17.3,17.55,233,0
DBE,60,20250108,100000,17.35,17.55,16.55,16.75,1635,0
DBE,60,20250108,110000,16.5,16.5,15.9,16.1,998,0
DBE,60,20250108,120000,16.1,16.3,15.65,16.3,1008,0
DBE,60,20250108,130000,16.25,16.25,15.65,16.05,1348,0
DBE,60,20250108,140000,15.75,15.9,15.65,15.65,626,0
DBE,60,20250108,150000,15.65,15.7,14.45,15.7,1852,0
DBE,60,20250108,160000,15.25,17.05,14.6,17.05,1770,0
DBE,60,20250108,170000,16.5,16.75,15.5,15.7,1042,0
DBE,60,20250109,100000,15.35,16.85,15.25,16.85,1086,0
DBE,60,20250109,110000,16.8,16.8,15.5,16.3,363,0
DBE,60,20250109,120000,16.3,16.45,15.9,16.45,1454,0
DBE,60,20250109,130000,16.4,16.45,16.4,16.45,82,0
DBE,60,20250109,140000,16.4,16.4,16.4,16.4,100,0
DBE,60,20250109,150000,16.4,16.4,16.4,16.4,98,0
DBE,60,20250109,160000,16.4,16.4,16.05,16.4,204,0
DBE,60,20250109,170000,16.1,16.35,16,16.35,472,0
DBE,60,20250110,100000,16.7,17,16.15,16.75,447,0
DBE,60,20250110,110000,16.7,16.75,16.7,16.7,112,0
DBE,60,20250110,120000,16.7,16.75,16.7,16.7,32,0
DBE,60,20250110,130000,16.7,16.7,16.6,16.6,30,0
DBE,60,20250110,150000,16.3,16.4,16.15,16.4,284,0
DBE,60,20250110,160000,16.15,16.4,16.15,16.35,240,0
DBE,60,20250110,170000,16,16.35,16,16.35,73,0
DBE,60,20250113,100000,15.95,16,14.4,14.8,3850,0
DBE,60,20250113,110000,14.65,14.7,14.4,14.4,1646,0
DBE,60,20250113,120000,14.7,14.85,14.4,14.4,3444,0
DBE,60,20250113,130000,14.2,14.9,14,14.7,5137,0
DBE,60,20250113,140000,14.65,14.75,14.65,14.75,123,0
DBE,60,20250113,150000,14.55,14.7,13.65,14.2,4644,0
DBE,60,20250113,160000,14.2,14.6,14.2,14.6,270,0
DBE,60,20250113,170000,14.3,14.35,14.3,14.35,221,0
DBE,60,20250114,100000,14.45,14.95,14.45,14.75,820,0
DBE,60,20250114,110000,14.5,15.85,14.4,15.85,2318,0
DBE,60,20250114,120000,15.4,15.85,15.4,15.7,2736,0
DBE,60,20250114,130000,15.25,15.25,14.2,14.9,1094,0
DBE,60,20250114,140000,14.9,15,14.75,15,68,0
DBE,60,20250114,150000,14.8,15.15,14.75,15.15,904,0
DBE,60,20250114,160000,14.6,14.6,13.2,13.65,4885,0
DBE,60,20250114,170000,13.65,14.1,13.65,14.1,436,0
DBE,60,20250115,100000,14.05,14.2,13.6,13.6,260,0
DBE,60,20250115,110000,13.7,14.1,13.65,14.05,195,0
DBE,60,20250115,130000,13.9,14,13.9,14,41,0
DBE,60,20250115,140000,13.95,14,13.95,14,10,0
DBE,60,20250115,150000,13.95,14,13.8,14,330,0
DBE,60,20250115,160000,14,14,13.9,14,449,0
DBE,60,20250115,170000,14.05,14.05,14.05,14.05,1,0
DBE,60,20250116,100000,14.05,14.1,13.95,14.1,460,0
DBE,60,20250116,110000,14.1,14.1,14.1,14.1,18,0
DBE,60,20250116,120000,14,14,13.95,13.95,18,0
DBE,60,20250116,130000,13.95,13.95,13.95,13.95,195,0
DBE,60,20250116,140000,14.05,14.1,13.95,13.95,238,0
DBE,60,20250116,150000,13.9,13.9,13.8,13.8,151,0
DBE,60,20250116,160000,13.85,13.85,13.85,13.85,29,0
DBE,60,20250116,170000,13.85,13.85,13.85,13.85,180,0
DBE,60,20250117,100000,13.8,13.8,13.8,13.8,44,0
DBE,60,20250117,110000,14,14,14,14,1,0
DBE,60,20250117,120000,13.95,14,13.95,14,101,0
DBE,60,20250117,130000,13.9,13.9,12.85,13.15,3073,0
DBE,60,20250117,140000,12.9,12.9,12.45,12.45,1951,0
DBE,60,20250117,150000,12.45,12.9,12.45,12.9,3018,0
DBE,60,20250117,160000,12.6,13,12.6,13,1283,0
DBE,60,20250117,170000,12.9,13.1,12.85,13.05,401,0
DBE,60,20250120,100000,13,13.6,13,13.5,734,0
DBE,60,20250120,110000,13.4,13.4,13.4,13.4,4,0
DBE,60,20250120,120000,13.4,13.4,13,13.2,424,0
DBE,60,20250120,140000,13.05,13.05,13,13.05,290,0
DBE,60,20250120,150000,13,13.05,12.9,13.05,322,0
DBE,60,20250120,160000,13,13,13,13,11,0
DBE,60,20250120,170000,13.2,13.2,13.2,13.2,13,0
DBE,60,20250121,100000,13.3,13.45,13.3,13.45,23,0
DBE,60,20250121,110000,13.4,13.55,13,13.1,590,0
DBE,60,20250121,130000,13.15,13.15,13.15,13.15,10,0
DBE,60,20250121,140000,13.4,13.4,13.15,13.4,146,0
DBE,60,20250121,150000,13.4,13.55,13.4,13.55,243,0
DBE,60,20250121,160000,13.6,13.6,13.5,13.5,142,0
DBE,60,20250121,170000,13.5,13.5,13,13.2,1376,0
DBE,60,20250122,100000,13.35,13.35,13,13,233,0
DBE,60,20250122,110000,13,13.2,12.8,12.85,691,0
DBE,60,20250122,120000,12.85,13.15,12.85,13.15,50,0
DBE,60,20250122,130000,13.15,13.15,13.15,13.15,50,0
DBE,60,20250122,150000,13.15,13.15,13.1,13.1,26,0
DBE,60,20250122,160000,13.1,13.1,12.15,12.75,3013,0
DBE,60,20250122,170000,12.8,13,12.7,13,103,0
DBE,60,20250123,100000,13,13,12.6,12.9,14,0
DBE,60,20250123,120000,12.9,12.9,12.75,12.75,210,0
DBE,60,20250123,130000,12.7,12.7,12.6,12.7,110,0
DBE,60,20250123,150000,12.85,12.85,12.85,12.85,3,0
DBE,60,20250123,160000,12.85,12.85,12.85,12.85,8,0
DBE,60,20250123,170000,12.7,12.85,12.7,12.85,124,0
DBE,60,20250124,100000,13,13,12.75,12.75,167,0
DBE,60,20250124,110000,12.75,12.75,12.7,12.7,181,0
DBE,60,20250124,120000,12.6,12.6,12.3,12.3,877,0
DBE,60,20250124,130000,12.45,12.6,12.3,12.6,210,0
DBE,60,20250124,150000,12.55,12.6,12.55,12.6,414,0
DBE,60,20250124,160000,12.6,12.75,12.6,12.75,187,0
DBE,60,20250124,170000,12.7,12.7,12.7,12.7,2,0
DBE,60,20250127,100000,12.7,12.75,12.7,12.75,110,0
DBE,60,20250127,110000,12.6,12.6,12.6,12.6,70,0
DBE,60,20250127,130000,12.75,12.75,12.6,12.75,61,0
DBE,60,20250127,150000,12.6,12.6,12.55,12.55,100,0
DBE,60,20250127,160000,12.5,12.5,12.45,12.45,374,0
DBE,60,20250127,170000,12.7,12.7,12.4,12.4,75,0
DBE,60,20250128,100000,12.7,12.75,12.5,12.7,53,0
DBE,60,20250128,110000,12.7,12.7,12.25,12.25,18,0
DBE,60,20250128,120000,12.35,12.35,12,12.25,916,0
DBE,60,20250128,150000,12.25,12.25,12.1,12.25,527,0
DBE,60,20250128,170000,12.45,12.9,12.45,12.7,700,0
DBE,60,20250129,100000,12.7,12.9,12.7,12.9,150,0
DBE,60,20250129,110000,12.9,13.4,12.9,13.4,1188,0
DBE,60,20250129,120000,13.4,14.2,13.4,14.05,2275,0
DBE,60,20250129,130000,14.05,14.2,13.55,14.2,1277,0
DBE,60,20250129,140000,14.15,14.85,13.9,14.2,1475,0
DBE,60,20250129,150000,14.45,14.8,14,14.8,1316,0
DBE,60,20250129,160000,14.7,14.7,14.2,14.4,889,0
DBE,60,20250129,170000,14.45,14.5,14.4,14.4,300,0
DBE,60,20250130,100000,14.25,14.25,13.7,14.2,492,0
DBE,60,20250130,120000,14.1,14.2,14.05,14.2,218,0
DBE,60,20250130,130000,14.15,14.4,14,14.4,1363,0
DBE,60,20250130,140000,14.4,14.9,14.4,14.9,1154,0
DBE,60,20250130,150000,14.75,14.85,14.75,14.85,20,0
DBE,60,20250130,160000,14.3,14.8,14.2,14.8,271,0
DBE,60,20250130,170000,14.7,14.7,14.15,14.6,55,0
DBE,60,20250131,100000,14.4,14.4,13,13.7,1995,0
DBE,60,20250131,110000,13.75,13.85,13.5,13.85,1484,0
DBE,60,20250131,120000,13.8,14,13.8,13.95,188,0
DBE,60,20250131,130000,13.95,14,13.95,14,90,0
DBE,60,20250131,140000,13.95,14,13.7,14,116,0
DBE,60,20250131,150000,13.7,14,13.6,14,229,0
DBE,60,20250131,160000,14,14.5,13.7,14.35,779,0
DBE,60,20250131,170000,14.35,14.5,13.9,14.45,254,0
DBE,60,20250203,100000,14.45,14.85,13.8,14.75,283,0
DBE,60,20250203,110000,14.15,14.65,14.05,14.6,149,0
DBE,60,20250203,120000,14.6,14.6,14.15,14.45,21,0
DBE,60,20250203,130000,14.4,14.45,14.1,14.1,78,0
DBE,60,20250203,140000,14.35,14.5,14.35,14.5,15,0
DBE,60,20250203,150000,14.05,14.4,13.5,14.2,620,0
DBE,60,20250203,160000,13.6,14.25,13.4,13.4,825,0
DBE,60,20250203,170000,13.45,13.9,13.45,13.9,262,0
DBE,60,20250204,100000,13.3,13.95,13.05,13.7,1830,0
DBE,60,20250204,110000,13.7,13.85,13.65,13.85,233,0
DBE,60,20250204,120000,13.85,13.9,13.6,13.6,197,0
DBE,60,20250204,140000,13.85,13.85,13.85,13.85,4,0
DBE,60,20250204,150000,13.85,13.95,13.85,13.95,78,0
DBE,60,20250204,170000,13.85,13.85,13.85,13.85,100,0
DBE,60,20250205,100000,13.65,13.85,13.6,13.6,11,0
DBE,60,20250205,110000,13.6,13.6,13.5,13.5,13,0
DBE,60,20250205,120000,13.85,13.85,13.85,13.85,4,0
DBE,60,20250205,170000,13.55,13.95,13.55,13.85,19,0
DBE,60,20250206,100000,13.95,14.3,13.85,14.3,510,0
DBE,60,20250206,120000,14.05,14.25,13.9,14.25,181,0
DBE,60,20250206,130000,14.1,14.25,14.1,14.25,13,0
DBE,60,20250206,150000,14.1,14.1,14.1,14.1,12,0
DBE,60,20250206,160000,13.9,13.9,13.9,13.9,5,0
DBE,60,20250206,170000,13.9,14.1,13.75,14.1,35,0
DBE,60,20250207,100000,14.15,14.15,14.15,14.15,15,0
DBE,60,20250207,110000,14.15,14.15,14.15,14.15,140,0
DBE,60,20250207,120000,14.15,14.2,14.15,14.2,158,0
DBE,60,20250207,130000,14.2,14.2,14.15,14.15,22,0
DBE,60,20250207,150000,14.25,14.25,14.25,14.25,14,0
DBE,60,20250207,170000,14.2,14.2,14,14,141,0
DBE,60,20250210,100000,14,14.25,14,14.2,104,0
DBE,60,20250210,110000,14.25,14.25,14,14,146,0
DBE,60,20250210,120000,14.2,14.25,13.9,14.2,364,0
DBE,60,20250210,130000,13.95,13.95,13.9,13.9,100,0
DBE,60,20250210,140000,13.9,14.1,13.85,14.1,52,0
DBE,60,20250210,160000,14.15,14.15,14.15,14.15,70,0
DBE,60,20250211,100000,14.15,14.15,14.15,14.15,4,0
DBE,60,20250211,140000,13.95,13.95,13.85,13.9,1110,0
DBE,60,20250211,160000,14.15,14.25,14.15,14.25,600,0
DBE,60,20250211,170000,14.25,14.25,14.2,14.2,6,0
DBE,60,20250212,100000,14.2,14.5,14.2,14.5,208,0
DBE,60,20250212,110000,14.45,14.7,14.35,14.7,765,0
DBE,60,20250212,120000,14.55,14.7,14.5,14.5,77,0
DBE,60,20250212,130000,14.6,14.6,14.35,14.35,82,0
DBE,60,20250212,140000,14.6,14.6,14.35,14.35,70,0
DBE,60,20250212,150000,14.35,14.6,14.35,14.6,5,0
DBE,60,20250212,170000,14.55,14.8,14.55,14.8,712,0
DBE,60,20250213,100000,18.1,18.8,16.6,16.75,8866,0
DBE,60,20250213,110000,16.85,17.05,16.3,16.3,1177,0
DBE,60,20250213,120000,16.7,17,16.3,16.8,419,0
DBE,60,20250213,130000,16.25,16.8,16.1,16.15,194,0
DBE,60,20250213,140000,16.1,16.65,16,16.45,238,0
DBE,60,20250213,150000,16,16.4,15.8,16.3,1012,0
DBE,60,20250213,160000,16.1,16.3,15.7,16.3,405,0
DBE,60,20250213,170000,15.7,16.5,15.7,16.2,892,0
DBE,60,20250214,100000,16.65,16.9,16.45,16.45,472,0
DBE,60,20250214,110000,16.6,16.6,15.25,15.55,931,0
DBE,60,20250214,120000,15.35,16.45,15.25,16.45,532,0
DBE,60,20250214,130000,16,16,15.5,15.5,432,0
DBE,60,20250214,140000,15.55,16.5,15.45,16,1796,0
DBE,60,20250214,150000,15.7,15.7,15.4,15.5,622,0
DBE,60,20250214,160000,15.75,16.4,15.75,16.25,1213,0
DBE,60,20250214,170000,15.9,16.25,15.75,16.25,303,0
DBE,60,20250217,100000,16.2,16.6,15.5,16.2,1380,0
DBE,60,20250217,110000,16.05,16.1,15.6,16,166,0
DBE,60,20250217,120000,15.8,15.9,15.65,15.9,64,0
DBE,60,20250217,130000,15.9,16,15.65,16,374,0
DBE,60,20250217,140000,16,16.1,15.8,16.1,200,0
DBE,60,20250217,150000,15.8,15.8,15.65,15.65,91,0
DBE,60,20250217,160000,16,16,15.65,15.7,872,0
DBE,60,20250217,170000,15.75,15.95,15.75,15.95,86,0
DBE,60,20250218,100000,15.95,16.65,15.95,16.65,1108,0
DBE,60,20250218,110000,16.5,16.6,16.05,16.45,609,0
DBE,60,20250218,120000,16.45,16.5,16.15,16.15,505,0
DBE,60,20250218,130000,16.5,16.5,16.5,16.5,50,0
DBE,60,20250218,140000,16.5,16.5,16.5,16.5,9,0
DBE,60,20250218,160000,16.15,16.15,16.15,16.15,26,0
DBE,60,20250218,170000,16.15,16.4,16,16.4,446,0
DBE,60,20250219,100000,16.4,16.4,16.3,16.3,465,0
DBE,60,20250219,120000,16.3,16.3,16.1,16.1,111,0
DBE,60,20250219,130000,16.15,16.15,15.95,15.95,125,0
DBE,60,20250219,150000,15.95,15.95,15.9,15.9,138,0
DBE,60,20250219,160000,15.85,15.85,15.7,15.7,282,0
DBE,60,20250219,170000,15.75,15.9,15.6,15.9,341,0
DBE,60,20250220,100000,15.9,15.95,15.9,15.95,152,0
DBE,60,20250220,110000,15.95,15.95,15.95,15.95,15,0
DBE,60,20250220,120000,15.75,15.75,15.7,15.7,202,0
DBE,60,20250220,130000,15.65,15.65,15.6,15.6,24,0
DBE,60,20250220,140000,15.55,15.7,15.55,15.7,167,0
DBE,60,20250220,170000,15.55,15.55,15.5,15.5,200,0
DBE,60,20250221,100000,15.9,15.9,15.9,15.9,7,0
DBE,60,20250221,110000,15.8,15.9,15.8,15.9,127,0
DBE,60,20250221,120000,15.7,16,15.7,16,401,0
DBE,60,20250221,130000,15.65,15.8,15.45,15.8,274,0
DBE,60,20250221,140000,15.45,15.8,15.45,15.8,22,0
DBE,60,20250221,160000,15.45,15.45,15.4,15.4,50,0
DBE,60,20250221,170000,15.8,15.95,15.8,15.95,32,0
DBE,60,20250224,100000,15.95,15.95,15.5,15.5,94,0
DBE,60,20250224,110000,15.4,15.5,15.1,15.5,860,0
DBE,60,20250224,120000,15.35,15.35,15.35,15.35,1,0
DBE,60,20250224,140000,15.25,15.25,15.25,15.25,4,0
DBE,60,20250224,150000,15.25,15.3,15,15.3,750,0
DBE,60,20250224,160000,15.25,15.3,15.25,15.3,15,0
DBE,60,20250225,100000,15.35,15.35,15.35,15.35,2,0
DBE,60,20250225,110000,15.25,15.25,15.25,15.25,40,0
DBE,60,20250225,120000,15.25,15.25,14.9,14.9,1043,0
DBE,60,20250225,130000,14.85,14.85,14.35,14.75,740,0
DBE,60,20250225,140000,14.6,14.8,14.6,14.8,110,0
DBE,60,20250225,150000,14.7,14.7,14.7,14.7,10,0
DBE,60,20250225,160000,14.75,14.8,14.75,14.8,94,0
DBE,60,20250225,170000,14.75,14.75,14.7,14.7,58,0
DBE,60,20250226,100000,14.8,14.8,14.8,14.8,121,0
DBE,60,20250226,110000,14.8,14.8,14.8,14.8,242,0
DBE,60,20250226,130000,14.8,14.8,14.8,14.8,9,0
DBE,60,20250226,140000,14.95,14.95,14.95,14.95,15,0
DBE,60,20250226,160000,14.9,14.95,14.9,14.95,101,0
DBE,60,20250226,170000,14.8,14.95,14.7,14.95,105,0
DBE,60,20250227,100000,14.95,14.95,14.75,14.75,58,0
DBE,60,20250227,130000,14.75,14.75,14.75,14.75,35,0
DBE,60,20250227,140000,14.9,14.9,14.75,14.9,30,0
DBE,60,20250227,150000,14.7,14.7,14.7,14.7,57,0
DBE,60,20250227,170000,14.7,14.7,14.7,14.7,36,0
DBE,60,20250228,100000,14.7,14.7,14.6,14.6,12,0
DBE,60,20250228,120000,14.5,14.5,14.5,14.5,10,0
DBE,60,20250228,150000,14.55,14.55,14.55,14.55,1,0
DBE,60,20250228,160000,14.4,14.4,14.4,14.4,5,0
DBE,60,20250228,170000,14.55,14.7,14.4,14.7,57,0
DBE,60,20250303,100000,14.7,14.75,14.7,14.7,173,0
DBE,60,20250303,110000,14.75,14.75,14.75,14.75,15,0
DBE,60,20250303,130000,14.55,14.55,14.35,14.35,35,0
DBE,60,20250303,140000,14.35,14.35,14.35,14.35,10,0
DBE,60,20250303,150000,14.5,14.5,14.25,14.25,230,0
DBE,60,20250303,170000,14.4,14.4,14.4,14.4,10,0
DBE,60,20250304,100000,14.4,14.4,13.4,13.45,1303,0
DBE,60,20250304,110000,13.45,14,13.45,14,298,0
DBE,60,20250304,120000,14.2,14.35,14.1,14.1,275,0
DBE,60,20250304,130000,14.2,14.2,14,14,70,0
DBE,60,20250304,160000,14,14.1,13.7,13.75,714,0
DBE,60,20250305,110000,13.55,13.55,13.3,13.3,750,0
DBE,60,20250305,120000,13.6,13.6,13.5,13.6,402,0
DBE,60,20250305,130000,13.65,13.65,13.65,13.65,1,0
DBE,60,20250305,140000,13.65,13.65,13.65,13.65,30,0
DBE,60,20250305,150000,13.65,13.8,13.65,13.8,89,0
DBE,60,20250305,160000,13.8,13.8,13.8,13.8,1,0
DBE,60,20250305,170000,13.8,13.8,13.65,13.65,7,0
DBE,60,20250306,100000,13.75,13.8,13.75,13.8,18,0
DBE,60,20250306,110000,13.7,13.7,13.7,13.7,109,0
DBE,60,20250306,120000,13.7,13.7,13.65,13.65,39,0
DBE,60,20250306,150000,13.6,13.65,13.6,13.65,20,0
DBE,60,20250306,160000,13.65,13.65,13.65,13.65,167,0
DBE,60,20250307,100000,13.65,13.65,13.4,13.65,18,0
DBE,60,20250307,110000,13.5,13.5,13.4,13.5,66,0
DBE,60,20250307,120000,13.4,13.65,13.3,13.65,207,0
DBE,60,20250307,130000,13.6,13.65,13.6,13.65,100,0
DBE,60,20250307,160000,13.65,13.65,13.65,13.65,2,0
DBE,60,20250307,170000,13.65,13.65,13.4,13.4,37,0
DBE,60,20250310,100000,13.3,13.3,13.3,13.3,360,0
DBE,60,20250310,120000,13.3,13.3,13.3,13.3,2,0
DBE,60,20250310,140000,13.5,13.55,13.5,13.55,22,0
DBE,60,20250310,150000,13.55,13.55,13.55,13.55,28,0
DBE,60,20250310,160000,13.6,13.6,13.6,13.6,2,0
DBE,60,20250310,170000,13.6,13.6,13.6,13.6,10,0
DBE,60,20250311,100000,13.65,13.65,13.45,13.55,15,0
DBE,60,20250311,130000,13.55,13.55,13.4,13.4,9,0
DBE,60,20250311,140000,13.45,13.45,13.45,13.45,12,0
DBE,60,20250311,160000,13.45,13.45,13.45,13.45,1,0
DBE,60,20250312,100000,13.4,13.4,13.4,13.4,140,0
DBE,60,20250312,110000,13.4,13.4,13.4,13.4,10,0
DBE,60,20250312,130000,13.6,13.6,13.6,13.6,7,0
DBE,60,20250312,140000,13.6,13.6,13.6,13.6,3,0
DBE,60,20250312,170000,13.6,13.6,13.6,13.6,50,0
DBE,60,20250313,100000,13.65,13.65,13.65,13.65,15,0
DBE,60,20250313,110000,13.45,13.45,13.4,13.4,20,0
DBE,60,20250313,120000,13.5,13.5,13.5,13.5,10,0
DBE,60,20250313,130000,13.6,13.65,13.6,13.65,75,0
DBE,60,20250313,140000,13.8,14.2,13.8,14.2,731,0
DBE,60,20250313,160000,14.1,14.2,14.1,14.2,135,0
DBE,60,20250314,100000,14.2,14.2,14.2,14.2,10,0
DBE,60,20250314,110000,14,14,14,14,10,0
DBE,60,20250314,170000,14.2,14.3,14.2,14.3,17,0
DBE,60,20250317,100000,14.4,14.4,14.2,14.2,58,0
DBE,60,20250317,130000,14.4,14.4,14.35,14.35,20,0
DBE,60,20250317,140000,14.4,14.4,14.4,14.4,31,0
DBE,60,20250317,160000,14.2,14.2,14,14,196,0
DBE,60,20250317,170000,14.2,14.3,14.2,14.3,20,0
DBE,60,20250318,100000,14.4,14.5,14.4,14.5,24,0
DBE,60,20250318,110000,14,14.4,14,14.4,74,0
DBE,60,20250318,120000,14.1,14.1,14.05,14.05,132,0
DBE,60,20250318,130000,14.05,14.05,14.05,14.05,10,0
DBE,60,20250318,140000,14.05,14.05,14.05,14.05,50,0
DBE,60,20250318,170000,14,14,14,14,134,0
DBE,60,20250319,110000,14.05,14.05,13.9,13.9,65,0
DBE,60,20250319,120000,13.8,14.3,13.8,14.3,90,0
DBE,60,20250319,140000,14.25,14.25,14.25,14.25,1,0
DBE,60,20250320,100000,13.9,14.3,13.9,14.3,600,0
DBE,60,20250320,110000,14.3,14.3,14.3,14.3,11,0
DBE,60,20250320,120000,14.1,14.1,14.1,14.1,1,0
DBE,60,20250320,130000,14.3,14.3,14.3,14.3,15,0
DBE,60,20250320,140000,14.3,14.3,14.3,14.3,10,0
DBE,60,20250320,150000,14.25,14.25,14.25,14.25,1,0
DBE,60,20250321,100000,14,14,14,14,70,0
DBE,60,20250321,140000,14.05,14.2,14.05,14.2,2,0
DBE,60,20250321,150000,14.2,14.2,14.2,14.2,4,0
DBE,60,20250321,170000,14.25,14.75,14.25,14.65,366,0
DBE,60,20250324,100000,14.3,14.75,14.3,14.75,58,0
DBE,60,20250324,110000,14.7,14.7,14.7,14.7,7,0
DBE,60,20250324,120000,14.7,14.75,14.7,14.75,53,0
DBE,60,20250324,130000,14.75,14.75,14.7,14.7,27,0
DBE,60,20250324,140000,14.7,14.7,14.3,14.3,5,0
DBE,60,20250324,150000,14.3,14.3,14.3,14.3,7,0
DBE,60,20250324,160000,14.55,14.6,14.55,14.6,100,0
DBE,60,20250325,100000,14.55,14.55,14.55,14.55,10,0
DBE,60,20250325,110000,14.35,14.6,14.2,14.6,114,0
DBE,60,20250325,120000,14.15,14.15,14.1,14.1,57,0
DBE,60,20250325,130000,14.15,14.45,14.15,14.45,12,0
DBE,60,20250325,140000,14.45,14.6,14.45,14.6,50,0
DBE,60,20250325,150000,14.55,14.55,14.1,14.1,27,0
DBE,60,20250325,170000,14.45,14.45,14.45,14.45,5,0
DBE,60,20250326,130000,14.15,14.15,14.1,14.1,14,0
DBE,60,20250326,170000,14.15,14.15,14.1,14.1,121,0
DBE,60,20250327,100000,14.1,14.1,13.6,13.6,760,0
DBE,60,20250327,110000,13.6,13.6,13.55,13.55,124,0
DBE,60,20250327,120000,13.6,13.6,13.6,13.6,4,0
DBE,60,20250327,130000,13.7,13.7,13.7,13.7,15,0
DBE,60,20250327,140000,13.7,13.7,13.7,13.7,131,0
DBE,60,20250327,150000,13.9,14,13.9,14,50,0
DBE,60,20250327,160000,14,14.2,14,14.2,600,0
DBE,60,20250327,170000,14.2,14.2,14.2,14.2,25,0
DBE,60,20250328,100000,14.2,14.2,14.2,14.2,10,0
DBE,60,20250328,110000,14.15,14.3,14.15,14.3,500,0
DBE,60,20250328,120000,14.35,14.5,14.35,14.5,93,0
DBE,60,20250328,150000,14.2,14.2,14,14,55,0
DBE,60,20250328,170000,14.25,14.25,14.25,14.25,15,0
DBE,60,20250331,100000,14.05,14.05,14,14,325,0
DBE,60,20250331,110000,14,14,14,14,9,0
DBE,60,20250331,120000,13.95,13.95,13.95,13.95,51,0
DBE,60,20250331,160000,13.95,13.95,13.75,13.75,100,0
DBE,60,20250401,100000,13.8,13.8,13.6,13.6,424,0
DBE,60,20250401,110000,13.5,13.95,13.4,13.75,898,0
DBE,60,20250401,140000,13.65,13.65,13.5,13.5,85,0
DBE,60,20250401,150000,13.6,13.6,13.6,13.6,30,0
DBE,60,20250401,170000,13.6,13.85,13.4,13.85,287,0
DBE,60,20250402,100000,13.8,13.85,13.8,13.8,1007,0
DBE,60,20250402,130000,13.85,13.85,13.85,13.85,10,0
DBE,60,20250402,150000,13.8,13.8,13.4,13.4,1550,0
DBE,60,20250402,160000,13.45,13.45,13.45,13.45,5,0
DBE,60,20250402,170000,13.7,13.7,13.7,13.7,10,0
DBE,60,20250403,100000,13.45,13.9,13.4,13.9,509,0
DBE,60,20250403,150000,13.6,13.6,13.4,13.4,200,0
DBE,60,20250403,160000,13.45,13.45,13.45,13.45,248,0
DBE,60,20250404,100000,13.45,13.45,13.45,13.45,208,0
DBE,60,20250404,120000,13.4,13.4,13.4,13.4,6,0
DBE,60,20250404,130000,13.45,13.45,13.45,13.45,50,0
DBE,60,20250404,140000,13.35,13.35,13.35,13.35,19,0
DBE,60,20250404,160000,13.35,13.35,13.35,13.35,70,0
DBE,60,20250404,170000,13.35,13.35,13.35,13.35,51,0
DBE,60,20250407,100000,13.05,13.05,12.65,12.65,639,0
DBE,60,20250407,110000,12.8,12.8,12.65,12.65,120,0
DBE,60,20250407,120000,12.7,12.7,12.7,12.7,100,0
DBE,60,20250407,140000,12.65,12.65,12.65,12.65,101,0
DBE,60,20250407,150000,12.65,12.75,12.65,12.75,140,0
DBE,60,20250407,170000,12.85,12.9,12.85,12.9,155,0
DBE,60,20250408,100000,12.85,12.85,12.85,12.85,4,0
DBE,60,20250408,120000,12.85,12.85,12.85,12.85,30,0
DBE,60,20250408,130000,12.85,12.85,12.85,12.85,40,0
DBE,60,20250408,140000,12.95,12.95,12.95,12.95,20,0
DBE,60,20250408,150000,12.95,12.95,12.95,12.95,50,0
DBE,60,20250409,100000,12.95,12.95,12.95,12.95,2,0
DBE,60,20250409,170000,13,13,12.95,13,300,0
DBE,60,20250410,100000,13,13,13,13,2,0
DBE,60,20250410,140000,13,13,13,13,4,0
DBE,60,20250411,110000,13.05,13.05,13.05,13.05,103,0
DBE,60,20250411,120000,12.8,12.8,12.8,12.8,30,0
DBE,60,20250411,140000,12.7,12.7,12.6,12.6,75,0
DBE,60,20250414,130000,13.1,13.1,13.1,13.1,50,0
DBE,60,20250414,140000,13.1,13.1,13.1,13.1,4,0
DBE,60,20250414,150000,13.1,13.25,13.1,13.25,58,0
DBE,60,20250415,100000,13.5,13.75,13.5,13.6,170,0
DBE,60,20250415,110000,13.7,13.7,13.7,13.7,10,0
DBE,60,20250415,120000,13.75,13.8,13.75,13.8,100,0
DBE,60,20250415,160000,13.75,13.8,13.75,13.8,253,0
DBE,60,20250415,170000,13.85,13.85,13.85,13.85,30,0
DBE,60,20250416,100000,13.85,13.85,13.75,13.75,134,0
DBE,60,20250416,120000,13.75,13.75,13.75,13.75,76,0
DBE,60,20250417,100000,13.75,13.9,13.75,13.9,500,0
DBE,60,20250417,140000,13.95,13.95,13.95,13.95,10,0
DBE,60,20250417,160000,13.95,13.95,13.95,13.95,1,0
DBE,60,20250422,100000,13.95,13.95,13.95,13.95,2,0
DBE,60,20250422,120000,13.95,13.95,13.95,13.95,29,0
DBE,60,20250422,150000,13.95,13.95,13.95,13.95,300,0
DBE,60,20250422,170000,13.95,13.95,13.95,13.95,105,0
DBE,60,20250423,100000,14.05,14.05,13.7,13.7,116,0
DBE,60,20250423,150000,13.7,13.7,13.7,13.7,46,0
DBE,60,20250424,100000,13.7,13.7,13.7,13.7,15,0
DBE,60,20250424,120000,13.45,13.45,13.45,13.45,1,0
DBE,60,20250424,130000,13.45,13.45,13.45,13.45,22,0
DBE,60,20250424,160000,13.45,13.45,13.45,13.45,24,0
DBE,60,20250425,100000,13.45,13.45,13.3,13.3,37,0
DBE,60,20250425,120000,13.45,13.45,13.45,13.45,11,0
DBE,60,20250425,140000,13.35,13.35,13.35,13.35,2,0
DBE,60,20250425,150000,13.45,13.45,13.45,13.45,31,0
DBE,60,20250428,100000,13.7,13.7,13.7,13.7,26,0
DBE,60,20250428,130000,13.65,13.8,13.65,13.8,17,0
DBE,60,20250428,140000,13.9,13.95,13.9,13.95,8,0
DBE,60,20250428,150000,13.95,13.95,13.95,13.95,112,0
DBE,60,20250429,100000,13.95,13.95,13.95,13.95,5,0
DBE,60,20250429,120000,13.6,13.6,13.55,13.55,28,0
DBE,60,20250429,160000,13.55,13.55,13.55,13.55,75,0
DBE,60,20250429,170000,13.75,13.8,13.75,13.8,30,0
DBE,60,20250430,100000,13.75,13.75,13.75,13.75,7,0
DBE,60,20250430,120000,13.6,13.6,13.4,13.4,600,0
DBE,60,20250430,140000,13.3,13.35,13.3,13.35,38,0
DBE,60,20250430,150000,13.3,13.3,13.3,13.3,60,0
DBE,60,20250430,160000,13.35,13.35,13.35,13.35,60,0
DBE,60,20250430,170000,13.35,13.6,13.35,13.6,104,0
DBE,60,20250502,100000,13.45,13.7,13.45,13.7,71,0
DBE,60,20250502,170000,13.7,13.75,13.7,13.75,64,0
DBE,60,20250505,100000,13.4,13.65,13.35,13.35,102,0
DBE,60,20250505,110000,13.35,13.35,13.3,13.3,228,0
DBE,60,20250505,120000,13.3,13.3,13.25,13.25,300,0
DBE,60,20250506,100000,13.3,13.3,13.3,13.3,10,0
DBE,60,20250506,170000,13.4,13.5,13.4,13.5,45,0
