<TICKER>,<PER>,<DATE>,<TIME>,<OPEN>,<HIGH>,<LOW>,<CLOSE>,<VOL>,<OPENINT>
DGE,60,20240411,110000,25.8,25.8,24.9,24.9,776,0
DGE,60,20240411,130000,24.9,24.9,24.6,24.6,200,0
DGE,60,20240411,140000,25.3,25.3,25,25,4,0
DGE,60,20240411,170000,25.2,25.2,24.6,24.6,304,0
DGE,60,20240412,100000,25.3,25.3,25.3,25.3,1,0
DGE,60,20240412,120000,25.3,25.3,25.3,25.3,8,0
DGE,60,20240412,140000,24.6,25.3,24,25.3,1228,0
DGE,60,20240412,150000,25,25.2,25,25.2,140,0
DGE,60,20240412,160000,24.3,25.1,24,24,834,0
DGE,60,20240412,170000,24.1,24.1,23.9,23.9,333,0
DGE,60,20240415,110000,24.4,24.6,24.4,24.6,130,0
DGE,60,20240415,130000,24,24,24,24,71,0
DGE,60,20240415,150000,24.4,24.5,24.2,24.5,650,0
DGE,60,20240415,160000,24.5,24.5,24.5,24.5,13,0
DGE,60,20240415,170000,24.1,24.5,24,24.1,728,0
DGE,60,20240416,100000,24,24.5,23.6,24.5,91,0
DGE,60,20240416,120000,24.2,24.4,24.2,24.4,121,0
DGE,60,20240416,160000,23.8,23.9,21.8,23.9,982,0
DGE,60,20240416,170000,23.7,23.7,23.7,23.7,50,0
DGE,60,20240417,100000,23.7,23.7,23,23,44,0
DGE,60,20240417,110000,23.6,23.7,23.6,23.7,162,0
DGE,60,20240417,120000,23.7,23.7,23.2,23.5,292,0
DGE,60,20240417,130000,23.3,23.3,23.2,23.2,100,0
DGE,60,20240417,140000,23.6,23.6,23.6,23.6,12,0
DGE,60,20240417,150000,23.5,23.5,23.5,23.5,50,0
DGE,60,20240417,170000,23.6,23.7,23.2,23.7,166,0
DGE,60,20240418,100000,23.2,23.7,23.2,23.7,45,0
DGE,60,20240418,110000,23.7,23.7,23.7,23.7,80,0
DGE,60,20240418,140000,23.7,23.7,23.7,23.7,1,0
DGE,60,20240418,170000,23.6,23.7,23.3,23.7,60,0
DGE,60,20240419,100000,23.5,23.5,23.5,23.5,50,0
DGE,60,20240419,110000,23.3,23.6,23.2,23.6,120,0
DGE,60,20240419,120000,23.2,23.6,23.2,23.6,288,0
DGE,60,20240419,130000,23.7,23.7,23.7,23.7,20,0
DGE,60,20240419,140000,23.7,23.9,23.7,23.9,20,0
DGE,60,20240419,160000,23.4,23.9,23.3,23.9,77,0
DGE,60,20240419,170000,23.3,23.9,23.2,23.9,274,0
DGE,60,20240422,100000,24,26,24,26,3051,0
DGE,60,20240422,110000,26,28.4,26,26.6,5368,0
DGE,60,20240422,120000,27,27.9,26.5,27.8,2160,0
DGE,60,20240422,130000,27.8,27.8,26.6,26.6,2321,0
DGE,60,20240422,140000,27.4,27.4,26.6,27.4,447,0
DGE,60,20240422,150000,27,27.8,27,27.8,2021,0
DGE,60,20240422,160000,27.5,27.8,27.3,27.3,1264,0
DGE,60,20240422,170000,26.9,27.3,26.9,27.1,997,0
DGE,60,20240423,100000,27.2,27.9,26.7,26.7,2691,0
DGE,60,20240423,110000,26.9,26.9,26.7,26.7,365,0
DGE,60,20240423,120000,26.7,26.7,26.7,26.7,239,0
DGE,60,20240423,130000,27.4,27.4,26.7,26.7,152,0
DGE,60,20240423,140000,27.4,27.5,27.4,27.5,3,0
DGE,60,20240423,150000,27.5,27.5,27,27,154,0
DGE,60,20240423,160000,27,27.5,27,27.5,410,0
DGE,60,20240423,170000,27.5,27.5,27.5,27.5,2,0
DGE,60,20240424,100000,27.5,27.7,27.2,27.2,547,0
DGE,60,20240424,110000,27.2,27.6,27,27.2,1113,0
DGE,60,20240424,120000,27,27,26.7,26.7,433,0
DGE,60,20240424,130000,26.7,26.7,26.7,26.7,179,0
DGE,60,20240424,150000,27.4,27.4,26.7,26.7,41,0
DGE,60,20240424,160000,26.7,26.7,26.6,26.6,250,0
DGE,60,20240424,170000,26.6,27.2,26,27.2,41,0
DGE,60,20240425,100000,26,26.6,26,26.4,177,0
DGE,60,20240425,120000,26.1,26.3,26.1,26.3,137,0
DGE,60,20240425,130000,26.2,26.2,26,26,226,0
DGE,60,20240425,140000,25.7,25.9,25,25,1038,0
DGE,60,20240425,150000,25,25.8,25,25.8,204,0
DGE,60,20240425,160000,25.5,26,25.5,25.9,376,0
DGE,60,20240425,170000,25.5,25.8,25.1,25.1,212,0
DGE,60,20240426,100000,25,25.8,24.4,25.8,124,0
DGE,60,20240426,110000,24.9,24.9,24.7,24.7,150,0
DGE,60,20240426,120000,24.7,24.7,24.7,24.7,40,0
DGE,60,20240426,130000,24.8,24.8,24.7,24.7,5,0
DGE,60,20240426,140000,25,25,25,25,23,0
DGE,60,20240426,150000,25,25,25,25,22,0
DGE,60,20240426,160000,25.2,25.2,24.8,24.8,40,0
DGE,60,20240426,170000,25.5,25.5,25.5,25.5,50,0
DGE,60,20240429,100000,25.8,25.9,25.8,25.9,2,0
DGE,60,20240429,110000,25.7,25.7,25,25,210,0
DGE,60,20240429,130000,25,25.6,24.1,24.1,795,0
DGE,60,20240429,140000,24.6,24.6,24.3,24.3,120,0
DGE,60,20240429,160000,24.3,24.3,24.3,24.3,22,0
DGE,60,20240429,170000,24.8,24.9,24.2,24.2,214,0
DGE,60,20240430,100000,24.9,25.2,24.9,25.2,23,0
DGE,60,20240430,110000,24.3,24.3,24.3,24.3,50,0
DGE,60,20240430,120000,24.9,24.9,24.9,24.9,65,0
DGE,60,20240430,140000,24.6,24.6,24.6,24.6,500,0
DGE,60,20240430,150000,24.8,24.8,24.8,24.8,80,0
DGE,60,20240430,160000,24.5,24.5,24.3,24.3,88,0
DGE,60,20240430,170000,24.8,24.8,24.8,24.8,2,0
DGE,60,20240502,100000,24.8,24.8,24,24,854,0
DGE,60,20240502,110000,24.1,24.1,24,24,590,0
DGE,60,20240502,120000,24.5,24.5,24.2,24.2,1173,0
DGE,60,20240502,130000,24.5,24.9,24.5,24.9,300,0
DGE,60,20240502,150000,24.9,24.9,24.9,24.9,63,0
DGE,60,20240502,170000,24.7,24.9,24.6,24.6,471,0
DGE,60,20240506,100000,25,25,25,25,1,0
DGE,60,20240506,120000,24.8,24.9,24.1,24.9,237,0
DGE,60,20240506,150000,24.9,26.4,24.8,26.4,948,0
DGE,60,20240506,160000,26.3,26.3,24.6,25.5,631,0
DGE,60,20240506,170000,25,25.4,25,25.4,233,0
DGE,60,20240507,100000,25,25,25,25,258,0
DGE,60,20240507,110000,25,25,25,25,70,0
DGE,60,20240507,150000,24.7,24.7,24.4,24.4,57,0
DGE,60,20240507,160000,24.9,24.9,24.9,24.9,4,0
DGE,60,20240507,170000,24.9,25,24.7,24.9,185,0
DGE,60,20240508,100000,24.9,24.9,24.9,24.9,90,0
DGE,60,20240508,110000,24.5,24.5,22.6,23.9,1632,0
DGE,60,20240508,120000,23.8,23.8,23.8,23.8,61,0
DGE,60,20240508,130000,23.8,24.3,23.8,24.3,168,0
DGE,60,20240508,150000,24.3,25,23.6,23.6,474,0
DGE,60,20240508,170000,24.1,24.5,23.7,23.7,740,0
DGE,60,20240509,100000,24,24.5,23.7,24.5,101,0
DGE,60,20240509,110000,23.9,23.9,23.9,23.9,50,0
DGE,60,20240509,130000,24.3,24.3,24.3,24.3,2,0
DGE,60,20240509,140000,23.7,23.7,22,22.8,2705,0
DGE,60,20240509,150000,22.8,23.7,21.7,22.4,1876,0
DGE,60,20240509,160000,23,23,22.9,22.9,423,0
DGE,60,20240509,170000,23,23.3,22.6,22.6,308,0
DGE,60,20240510,100000,23.3,23.5,23.1,23.1,1189,0
DGE,60,20240510,120000,23.3,23.3,23.3,23.3,201,0
DGE,60,20240510,140000,23.3,23.3,23.3,23.3,169,0
DGE,60,20240510,150000,23.3,23.5,22.5,22.5,74,0
DGE,60,20240510,160000,22.6,22.6,22.2,22.2,546,0
DGE,60,20240510,170000,23,23,22.9,22.9,51,0
DGE,60,20240513,100000,22.5,22.6,22.5,22.6,30,0
DGE,60,20240513,110000,22.6,23,22.6,23,183,0
DGE,60,20240513,120000,22.6,22.6,22.5,22.5,610,0
DGE,60,20240513,130000,22.6,23,22.6,23,134,0
DGE,60,20240513,170000,23.1,23.1,22.6,22.6,295,0
DGE,60,20240514,100000,22.4,23.1,22.2,22.2,502,0
DGE,60,20240514,120000,22.6,22.6,22.4,22.6,122,0
DGE,60,20240514,130000,22.6,23.1,22.6,23.1,100,0
DGE,60,20240514,140000,22.9,23.2,22.9,23.2,318,0
DGE,60,20240514,150000,23.2,23.2,23.2,23.2,100,0
DGE,60,20240514,160000,23.2,23.3,23.2,23.3,100,0
DGE,60,20240514,170000,23.2,23.5,23.2,23.4,110,0
DGE,60,20240515,120000,23.4,23.4,23.4,23.4,10,0
DGE,60,20240515,130000,23.4,23.4,23.4,23.4,15,0
DGE,60,20240515,150000,22.7,22.7,22.7,22.7,12,0
DGE,60,20240515,170000,23.2,23.2,23.2,23.2,35,0
DGE,60,20240516,110000,22.7,23.2,22.4,22.4,259,0
DGE,60,20240516,130000,23.2,23.2,23.2,23.2,10,0
DGE,60,20240516,140000,22.6,22.6,22.2,22.2,200,0
DGE,60,20240516,150000,23.1,23.1,23.1,23.1,1,0
DGE,60,20240516,160000,22.5,22.5,22.4,22.4,15,0
DGE,60,20240516,170000,22.4,22.4,22.3,22.3,72,0
DGE,60,20240517,100000,22.9,22.9,22.2,22.2,215,0
DGE,60,20240517,110000,22.4,23.1,22.3,23.1,270,0
DGE,60,20240517,140000,22.9,23.2,22.9,23.1,107,0
DGE,60,20240517,150000,23.1,23.1,23.1,23.1,100,0
DGE,60,20240517,160000,23.3,23.3,22.3,22.4,255,0
DGE,60,20240517,170000,23,23,22.2,22.8,693,0
DGE,60,20240520,100000,22.8,23.8,22.3,23.8,2361,0
DGE,60,20240520,110000,23.8,24.2,23.2,24,58,0
DGE,60,20240520,120000,23.3,24,23.3,23.3,40,0
DGE,60,20240520,130000,23.9,24,23.9,24,340,0
DGE,60,20240520,140000,23.8,23.8,23.8,23.8,2,0
DGE,60,20240520,170000,23.5,23.5,23.5,23.5,62,0
DGE,60,20240521,100000,24.2,24.9,24.2,24.9,1016,0
DGE,60,20240521,110000,24.6,24.9,24.6,24.9,600,0
DGE,60,20240521,120000,24.8,24.9,23.6,24.4,480,0
DGE,60,20240521,130000,24.4,24.7,24.4,24.7,648,0
DGE,60,20240521,140000,24.7,25,24.7,25,850,0
DGE,60,20240521,150000,24.5,24.5,24.5,24.5,200,0
DGE,60,20240521,160000,25,25,25,25,351,0
DGE,60,20240521,170000,25,25,24,24,461,0
DGE,60,20240522,100000,24.7,25,23.5,24.9,417,0
DGE,60,20240522,110000,24.9,24.9,24.9,24.9,104,0
DGE,60,20240522,120000,24.9,24.9,24.9,24.9,43,0
DGE,60,20240522,130000,24.9,25,24.9,25,279,0
DGE,60,20240522,140000,25,25,24.5,25,494,0
DGE,60,20240522,150000,24.6,25,24.5,24.5,570,0
DGE,60,20240522,160000,24.5,25,24.5,25,198,0
DGE,60,20240522,170000,24.2,24.2,24.2,24.2,203,0
DGE,60,20240523,100000,24.9,25,24.5,25,2304,0
DGE,60,20240523,110000,24.6,24.6,24.2,24.2,101,0
DGE,60,20240523,120000,24.6,24.6,24.6,24.6,2,0
DGE,60,20240523,130000,24.6,25,24.6,25,610,0
DGE,60,20240523,140000,25,25,25,25,407,0
DGE,60,20240523,150000,24.8,24.8,24.8,24.8,600,0
DGE,60,20240523,160000,25,25,25,25,120,0
DGE,60,20240523,170000,25,25,24.5,24.5,533,0
DGE,60,20240524,100000,24,24.9,24,24.9,3,0
DGE,60,20240524,120000,24.9,26.4,24.9,25.2,941,0
DGE,60,20240524,130000,26.3,26.3,26.3,26.3,1,0
DGE,60,20240524,150000,25.8,25.8,25.8,25.8,2,0
DGE,60,20240524,160000,24.9,26.2,24.9,26.2,117,0
DGE,60,20240524,170000,25,26.2,25,26.2,41,0
DGE,60,20240527,100000,26.4,26.4,26,26,17,0
DGE,60,20240527,110000,26,26,24.5,25.1,1637,0
DGE,60,20240527,120000,24.9,25.2,24.5,24.5,1383,0
DGE,60,20240527,130000,24.5,24.5,24.5,24.5,57,0
DGE,60,20240527,140000,24.5,24.9,24.5,24.9,457,0
DGE,60,20240527,150000,24.8,24.9,24.8,24.9,49,0
DGE,60,20240527,160000,24.9,24.9,24.9,24.9,100,0
DGE,60,20240527,170000,25,25,24.6,24.6,365,0
DGE,60,20240528,100000,24.7,24.7,24.7,24.7,43,0
DGE,60,20240528,110000,25.1,25.1,25.1,25.1,1,0
DGE,60,20240528,140000,24.8,24.8,24.8,24.8,1,0
DGE,60,20240528,160000,25,25.1,25,25.1,30,0
DGE,60,20240528,170000,24.8,25,24.7,25,81,0
DGE,60,20240529,100000,24.8,24.8,24.4,24.7,131,0
DGE,60,20240529,110000,24.2,24.8,24.1,24.8,121,0
DGE,60,20240529,120000,24.8,24.8,24.8,24.8,3,0
DGE,60,20240529,150000,24.8,25,24,24.8,587,0
DGE,60,20240529,170000,25,25,25,25,1,0
DGE,60,20240531,110000,24.4,24.4,24.4,24.4,1,0
DGE,60,20240531,120000,24.6,25,24.6,25,79,0
DGE,60,20240531,130000,25.1,25.1,25.1,25.1,31,0
DGE,60,20240531,140000,25.1,25.1,25.1,25.1,8,0
DGE,60,20240531,150000,25.2,25.4,24.7,24.7,1036,0
DGE,60,20240531,170000,25.3,25.3,25.3,25.3,1,0
DGE,60,20240603,100000,25.1,25.3,25.1,25.3,271,0
DGE,60,20240603,110000,25.1,25.1,24.7,25,302,0
DGE,60,20240603,120000,25,25.1,25,25.1,110,0
DGE,60,20240603,140000,24.8,24.8,24.7,24.7,12,0
DGE,60,20240603,150000,25,25,25,25,40,0
DGE,60,20240603,160000,25,25.1,24.5,25,304,0
DGE,60,20240603,170000,25,25,24.2,24.2,110,0
DGE,60,20240604,100000,24.3,24.9,24.2,24.9,19,0
DGE,60,20240604,110000,24.5,24.5,24.5,24.5,153,0
DGE,60,20240604,170000,24.3,24.3,24.2,24.2,170,0
DGE,60,20240605,100000,24.7,24.7,24.7,24.7,115,0
DGE,60,20240605,120000,24.1,24.7,24,24,231,0
DGE,60,20240605,140000,24.5,24.5,24.5,24.5,1,0
DGE,60,20240605,160000,24.5,24.5,24.5,24.5,9,0
DGE,60,20240605,170000,24,24,24,24,35,0
DGE,60,20240606,100000,24,24,24,24,88,0
DGE,60,20240606,110000,24,24,24,24,95,0
DGE,60,20240606,120000,24.4,24.4,24.4,24.4,40,0
DGE,60,20240606,150000,24.4,24.4,24.4,24.4,50,0
DGE,60,20240606,160000,24.4,24.4,24.4,24.4,78,0
DGE,60,20240606,170000,24.4,24.4,24.4,24.4,22,0
DGE,60,20240607,150000,24.4,24.4,24.4,24.4,1,0
DGE,60,20240607,160000,23.8,23.8,23.8,23.8,1,0
DGE,60,20240607,170000,24.4,24.4,24.4,24.4,101,0
DGE,60,20240610,100000,24,24,24,24,115,0
DGE,60,20240610,120000,24.3,24.3,24.3,24.3,1,0
DGE,60,20240610,130000,24.3,24.5,24.3,24.5,110,0
DGE,60,20240610,160000,24,24,23.6,23.6,1614,0
DGE,60,20240610,170000,24.4,24.4,23.4,23.4,214,0
DGE,60,20240611,100000,24.4,24.4,22.2,23,1904,0
DGE,60,20240611,110000,23.2,23.2,23.2,23.2,15,0
DGE,60,20240611,120000,22.8,22.8,22.2,22.2,504,0
DGE,60,20240611,160000,23,23,22,22,501,0
DGE,60,20240611,170000,22.9,22.9,22.3,22.3,221,0
DGE,60,20240612,100000,22.5,22.9,22.3,22.9,216,0
DGE,60,20240612,110000,22.9,23,22.9,23,200,0
DGE,60,20240612,150000,22.4,22.4,22,22,750,0
DGE,60,20240612,160000,22.8,22.8,22.8,22.8,69,0
DGE,60,20240612,170000,22.8,22.8,22.8,22.8,40,0
DGE,60,20240613,100000,22.9,22.9,22.9,22.9,5,0
DGE,60,20240613,130000,22.9,23,22.9,23,43,0
DGE,60,20240613,140000,23,23.3,23,23.3,80,0
DGE,60,20240613,150000,23.3,23.5,23.3,23.5,140,0
DGE,60,20240614,100000,23.4,23.4,23.4,23.4,1,0
DGE,60,20240614,110000,23.4,23.5,23.4,23.5,297,0
DGE,60,20240614,120000,23.6,23.6,23.4,23.4,229,0
DGE,60,20240614,130000,23.4,23.8,23.4,23.8,254,0
DGE,60,20240614,160000,23.2,23.2,22.9,22.9,580,0
DGE,60,20240614,170000,23,23.4,23,23.4,14,0
DGE,60,20240617,100000,23.4,23.4,22.9,23.4,147,0
DGE,60,20240617,120000,23.4,23.9,23.4,23.9,97,0
DGE,60,20240617,130000,22.9,22.9,22.9,22.9,62,0
DGE,60,20240617,150000,24.1,24.1,23,23,432,0
DGE,60,20240617,160000,23,23,22.9,22.9,1123,0
DGE,60,20240617,170000,23,23,23,23,511,0
DGE,60,20240618,100000,23.9,24.1,23.9,24.1,43,0
DGE,60,20240618,110000,22.7,22.7,22.7,22.7,1,0
DGE,60,20240618,120000,22.8,22.8,22.8,22.8,2,0
DGE,60,20240618,160000,23.8,23.8,23.8,23.8,1,0
DGE,60,20240619,100000,23.8,24.1,23.8,23.9,416,0
DGE,60,20240619,110000,23.9,24.1,23.9,24.1,60,0
DGE,60,20240619,140000,24.1,24.1,24.1,24.1,3,0
DGE,60,20240619,150000,24.1,24.4,24.1,24.4,284,0
DGE,60,20240619,160000,24.4,24.7,24.4,24.7,519,0
DGE,60,20240620,100000,24.4,25.2,24.4,25.1,101,0
DGE,60,20240620,170000,24.1,24.4,23.4,23.4,169,0
DGE,60,20240621,100000,23.4,24.4,23.4,24.3,102,0
DGE,60,20240621,110000,23.8,23.8,23,23,372,0
DGE,60,20240621,120000,23,23,22.2,23,647,0
DGE,60,20240621,130000,23,23.4,23,23.3,70,0
DGE,60,20240621,140000,22.6,23.1,22.3,23.1,55,0
DGE,60,20240621,170000,22.6,23.1,22.6,23.1,22,0
DGE,60,20240624,100000,23,23.7,23,23.7,346,0
DGE,60,20240624,110000,23.6,23.6,22.2,23.6,578,0
DGE,60,20240624,160000,23.6,23.7,23.6,23.7,17,0
DGE,60,20240624,170000,23.4,23.7,23.4,23.7,208,0
DGE,60,20240625,100000,23.7,23.7,23,23,2,0
DGE,60,20240625,110000,23.7,23.7,23.7,23.7,60,0
DGE,60,20240625,120000,23.7,23.7,23,23,2,0
DGE,60,20240625,130000,23.7,23.7,22.4,23.7,156,0
DGE,60,20240625,170000,22.6,23.3,22.5,23.3,201,0
DGE,60,20240626,100000,23.3,23.3,23.3,23.3,63,0
DGE,60,20240626,130000,23.4,24.4,23.4,24.4,311,0
DGE,60,20240626,140000,24.3,24.3,24.3,24.3,40,0
DGE,60,20240626,150000,23.1,23.1,23.1,23.1,95,0
DGE,60,20240626,170000,23.9,23.9,23.9,23.9,1,0
DGE,60,20240627,120000,23,23.8,23,23.8,194,0
DGE,60,20240628,100000,23.8,23.8,22.9,22.9,35,0
DGE,60,20240628,110000,24,24,24,24,1,0
DGE,60,20240628,130000,23,23,23,23,72,0
DGE,60,20240628,150000,23.9,23.9,23.9,23.9,1,0
DGE,60,20240628,160000,23.9,23.9,23.1,23.1,69,0
DGE,60,20240628,170000,23.1,23.9,23,23.9,185,0
DGE,60,20240701,100000,23.9,23.9,23.9,23.9,13,0
DGE,60,20240701,120000,23.9,24.4,23.9,24.4,15,0
DGE,60,20240701,140000,23.1,24.2,23,24.2,36,0
DGE,60,20240701,150000,24.1,24.1,24.1,24.1,2,0
DGE,60,20240702,100000,24,24.1,24,24.1,70,0
DGE,60,20240702,110000,23.2,23.2,23.1,23.1,100,0
DGE,60,20240702,130000,24,24,24,24,1,0
DGE,60,20240702,150000,23.3,23.3,22.9,22.9,1000,0
DGE,60,20240702,160000,24,24,24,24,50,0
DGE,60,20240702,170000,23.9,23.9,23.9,23.9,102,0
DGE,60,20240703,120000,23,23,23,23,20,0
DGE,60,20240703,140000,23.6,23.6,23,23,201,0
DGE,60,20240703,150000,23.6,23.6,23.6,23.6,24,0
DGE,60,20240703,160000,23,23,22.8,22.8,205,0
DGE,60,20240703,170000,23.5,23.5,23.5,23.5,1,0
DGE,60,20240704,100000,23.5,24,23.5,24,150,0
DGE,60,20240704,110000,24,24.2,24,24.2,287,0
DGE,60,20240704,130000,23,23,23,23,8,0
DGE,60,20240704,140000,24,24,24,24,1,0
DGE,60,20240704,170000,23.7,24,23,24,141,0
DGE,60,20240705,100000,23.2,23.2,23.2,23.2,13,0
DGE,60,20240705,140000,24.1,24.1,24.1,24.1,1,0
DGE,60,20240705,160000,24.1,24.1,24.1,24.1,4,0
DGE,60,20240705,170000,24.2,24.2,24.2,24.2,1,0
DGE,60,20240708,120000,24.2,24.2,23.3,24.2,13,0
DGE,60,20240708,130000,24.2,24.2,24.2,24.2,82,0
DGE,60,20240708,140000,23.4,23.4,23.4,23.4,45,0
DGE,60,20240708,160000,24.2,24.2,24.2,24.2,50,0
DGE,60,20240709,100000,23.5,23.5,23.4,23.4,110,0
DGE,60,20240709,120000,23.8,23.8,23.8,23.8,1,0
DGE,60,20240709,140000,23.8,23.8,23.8,23.8,80,0
DGE,60,20240709,160000,23.8,23.8,23.4,23.4,167,0
DGE,60,20240709,170000,24.2,24.2,24.2,24.2,1,0
DGE,60,20240710,130000,23.6,23.6,23.6,23.6,100,0
DGE,60,20240710,140000,23.2,23.2,23,23.1,470,0
DGE,60,20240710,150000,23.7,23.7,23.7,23.7,1,0
DGE,60,20240711,100000,24.1,24.8,24,24.8,630,0
DGE,60,20240711,110000,24.8,25.2,24.1,25.1,364,0
DGE,60,20240711,120000,25.1,25.4,25.1,25.2,307,0
DGE,60,20240711,130000,25.2,25.2,25.2,25.2,1,0
DGE,60,20240711,140000,24.9,25,24.9,25,201,0
DGE,60,20240711,150000,24.4,24.4,22.8,23.5,3516,0
DGE,60,20240711,160000,23.7,23.8,23.7,23.8,217,0
DGE,60,20240711,170000,23.7,24,23.7,24,235,0
DGE,60,20240712,100000,24,25.2,24,25,1027,0
DGE,60,20240712,110000,25,25.1,25,25.1,139,0
DGE,60,20240712,120000,25.1,25.4,24.3,24.3,273,0
DGE,60,20240712,130000,25.1,25.1,25.1,25.1,98,0
DGE,60,20240712,140000,25,25,25,25,100,0
DGE,60,20240712,150000,24.9,24.9,24.9,24.9,13,0
DGE,60,20240712,160000,24.8,24.8,23.7,23.7,684,0
DGE,60,20240712,170000,24.7,24.9,23.5,24.9,720,0
DGE,60,20240715,100000,24.1,24.1,23,24,1200,0
DGE,60,20240715,110000,23.9,24.4,23.9,24.4,256,0
DGE,60,20240715,120000,24.2,24.2,24.2,24.2,44,0
DGE,60,20240715,130000,24.4,24.4,24.4,24.4,1,0
DGE,60,20240715,140000,24.4,24.4,24.4,24.4,104,0
DGE,60,20240715,160000,24.5,24.5,24.5,24.5,9,0
DGE,60,20240715,170000,23.7,24.4,23.4,24.4,242,0
DGE,60,20240716,120000,24.5,24.5,24.5,24.5,1,0
DGE,60,20240716,150000,23.6,24.3,23.5,23.5,43,0
DGE,60,20240716,170000,24.3,24.3,24.3,24.3,1,0
DGE,60,20240717,120000,23.8,24,23.7,24,201,0
DGE,60,20240717,130000,24.3,24.4,23.7,23.7,224,0
DGE,60,20240717,150000,23.8,23.8,23.8,23.8,1,0
DGE,60,20240717,160000,23.8,23.8,23.8,23.8,10,0
DGE,60,20240717,170000,23.6,24.5,23.5,24.5,106,0
DGE,60,20240718,130000,23.8,23.8,23.8,23.8,101,0
DGE,60,20240718,150000,23.8,23.8,23.8,23.8,2,0
DGE,60,20240718,160000,23.8,23.8,23.8,23.8,31,0
DGE,60,20240718,170000,23.9,23.9,23,23.5,883,0
DGE,60,20240719,100000,23.4,23.4,22.8,22.9,121,0
DGE,60,20240719,110000,22.8,22.8,22.8,22.8,29,0
DGE,60,20240719,120000,23.4,23.4,23.4,23.4,1,0
DGE,60,20240719,130000,23.3,23.3,23.3,23.3,1,0
DGE,60,20240719,160000,22.8,22.8,22,22.6,1923,0
DGE,60,20240719,170000,22.6,23,22.6,23,41,0
DGE,60,20240722,100000,23,23,22.5,22.5,52,0
DGE,60,20240722,110000,22.5,23,22.5,23,192,0
DGE,60,20240722,120000,23,23,23,23,77,0
DGE,60,20240722,150000,22.6,23,22,22.2,1679,0
DGE,60,20240722,160000,22.1,22.6,21.8,22.4,517,0
DGE,60,20240722,170000,22.2,22.2,21,21.6,1487,0
DGE,60,20240723,100000,21.7,22.4,21.7,22.4,39,0
DGE,60,20240723,110000,21.8,21.8,21.7,21.7,153,0
DGE,60,20240723,120000,22.3,22.6,22.3,22.3,303,0
DGE,60,20240723,130000,22,22,22,22,60,0
DGE,60,20240723,140000,22,22.4,22,22.4,178,0
DGE,60,20240723,150000,22.4,22.4,22.4,22.4,97,0
DGE,60,20240723,170000,21.9,22.5,21.8,22.5,59,0
DGE,60,20240724,140000,22.6,22.7,22.6,22.7,273,0
DGE,60,20240724,150000,22,22,22,22,63,0
DGE,60,20240724,160000,22.1,22.1,21.8,21.8,22,0
DGE,60,20240724,170000,22.1,23.4,21.8,21.8,2055,0
DGE,60,20240725,100000,22.8,22.8,21.6,21.6,5,0
DGE,60,20240725,120000,21.6,21.9,21.6,21.9,178,0
DGE,60,20240725,130000,21.8,21.8,21.4,21.4,757,0
DGE,60,20240725,150000,21.9,21.9,21.9,21.9,1,0
DGE,60,20240725,170000,22.1,22.1,22.1,22.1,1,0
DGE,60,20240726,110000,22.6,22.6,22.5,22.5,4,0
DGE,60,20240726,120000,21.5,21.7,20.6,20.6,498,0
DGE,60,20240726,130000,20.8,21.2,20.4,21.1,1551,0
DGE,60,20240726,140000,20.6,21.7,20.6,21,819,0
DGE,60,20240726,150000,20.7,21.3,20.7,21.3,125,0
DGE,60,20240726,160000,21.3,21.3,21.3,21.3,70,0
DGE,60,20240729,100000,21.4,21.4,21.4,21.4,20,0
DGE,60,20240729,120000,21.2,21.2,21.2,21.2,95,0
DGE,60,20240729,130000,21.4,21.9,21.4,21.9,100,0
DGE,60,20240729,140000,21.1,21.1,21.1,21.1,100,0
DGE,60,20240729,150000,21.9,22,21.9,22,104,0
DGE,60,20240730,120000,21.3,21.3,21.3,21.3,200,0
DGE,60,20240730,130000,21,21.3,20.7,21.3,278,0
DGE,60,20240730,150000,20.7,21.3,20.6,21.2,244,0
DGE,60,20240730,160000,21.5,21.5,21.5,21.5,35,0
DGE,60,20240730,170000,21.2,21.2,20.7,21,102,0
DGE,60,20240731,110000,21.5,21.5,21.5,21.5,3,0
DGE,60,20240731,120000,20.8,20.8,20.7,20.7,22,0
DGE,60,20240731,130000,20.8,20.8,20.4,20.4,734,0
DGE,60,20240731,140000,20.6,20.6,20.4,20.4,799,0
DGE,60,20240731,150000,20.5,20.5,20.3,20.3,230,0
DGE,60,20240731,160000,20.4,20.4,20.4,20.4,80,0
DGE,60,20240731,170000,20.5,21.2,20.4,21,358,0
DGE,60,20240801,100000,21,21,21,21,99,0
DGE,60,20240801,160000,21,21,21,21,39,0
DGE,60,20240801,170000,21.1,21.1,21.1,21.1,100,0
DGE,60,20240802,110000,21.5,21.5,21.5,21.5,15,0
DGE,60,20240802,120000,21,21,21,21,1,0
DGE,60,20240802,160000,21,21.1,21,21.1,88,0
DGE,60,20240805,100000,20.5,21.7,20.1,21.2,148,0
DGE,60,20240805,120000,21,21.8,20.1,20.1,400,0
DGE,60,20240805,140000,21.1,21.1,21.1,21.1,1,0
DGE,60,20240805,160000,20.2,20.9,20.1,20.9,101,0
DGE,60,20240805,170000,20.1,20.1,20.1,20.1,100,0
DGE,60,20240806,100000,21,21,21,21,140,0
DGE,60,20240806,120000,21.1,21.1,21.1,21.1,45,0
DGE,60,20240806,150000,21.1,21.1,21.1,21.1,127,0
DGE,60,20240806,160000,21.2,21.5,21.2,21.5,95,0
DGE,60,20240806,170000,21.8,21.8,21.8,21.8,1,0
DGE,60,20240807,110000,21.8,21.8,21.8,21.8,166,0
DGE,60,20240807,120000,21.9,22.1,21.9,22,532,0
DGE,60,20240807,140000,22.5,22.5,22.5,22.5,100,0
DGE,60,20240807,170000,21.3,22.6,21.3,22.6,11,0
DGE,60,20240808,140000,22.6,22.6,22.6,22.6,100,0
DGE,60,20240808,160000,22.7,22.7,22.7,22.7,24,0
DGE,60,20240809,100000,22.7,22.7,22.7,22.7,58,0
DGE,60,20240809,150000,22.7,22.9,22.7,22.9,165,0
DGE,60,20240809,160000,22.9,22.9,22.9,22.9,134,0
DGE,60,20240809,170000,22.9,22.9,22.9,22.9,1,0
DGE,60,20240812,130000,22.5,22.5,22.5,22.5,2,0
DGE,60,20240812,150000,22,22,21.5,21.5,316,0
DGE,60,20240812,160000,21.5,22.2,21.3,22.2,402,0
DGE,60,20240812,170000,21.4,22.2,21.2,22.2,565,0
DGE,60,20240813,100000,22.2,22.2,22.2,22.2,58,0
DGE,60,20240814,130000,22.3,22.3,22.3,22.3,1,0
DGE,60,20240814,140000,21.4,21.4,21.4,21.4,92,0
DGE,60,20240814,160000,21.4,21.4,21.3,21.3,21,0
DGE,60,20240814,170000,21.9,21.9,21.9,21.9,1,0
DGE,60,20240816,100000,21.9,21.9,21.9,21.9,27,0
DGE,60,20240816,120000,21.9,21.9,21.9,21.9,200,0
DGE,60,20240816,140000,21.9,21.9,21.9,21.9,23,0
DGE,60,20240816,150000,22,22,22,22,27,0
DGE,60,20240816,170000,21.3,22,21.2,22,47,0
DGE,60,20240819,100000,22,22.1,21.9,22.1,105,0
DGE,60,20240819,110000,21.2,21.2,21.1,21.1,100,0
DGE,60,20240819,120000,21.3,21.3,21,21,462,0
DGE,60,20240819,130000,21,21.5,21,21.5,41,0
DGE,60,20240819,160000,21.3,21.5,20.9,20.9,122,0
DGE,60,20240819,170000,21.5,21.5,21,21.4,4,0
DGE,60,20240820,100000,20.7,21.2,20.7,21.2,126,0
DGE,60,20240820,110000,21,21,21,21,88,0
DGE,60,20240820,120000,21,21,21,21,300,0
DGE,60,20240820,130000,21.2,21.2,20.7,21.2,5,0
DGE,60,20240820,160000,20.8,20.8,20.8,20.8,103,0
DGE,60,20240820,170000,21,21,21,21,1,0
DGE,60,20240821,100000,21.3,21.7,21.3,21.7,75,0
DGE,60,20240821,110000,21.5,21.5,21.5,21.5,16,0
DGE,60,20240821,140000,21.5,21.5,21.5,21.5,5,0
DGE,60,20240821,150000,21.5,21.5,21.5,21.5,8,0
DGE,60,20240822,110000,20.8,20.8,20.8,20.8,91,0
DGE,60,20240822,120000,21,21.4,20.7,21.4,102,0
DGE,60,20240822,140000,21.3,21.3,21.3,21.3,50,0
DGE,60,20240822,170000,21.2,21.2,21.2,21.2,100,0
DGE,60,20240823,100000,21.2,21.2,21.2,21.2,76,0
DGE,60,20240823,150000,21.1,21.1,20.8,20.8,197,0
DGE,60,20240823,160000,20.8,20.8,20.8,20.8,78,0
DGE,60,20240823,170000,21,21,21,21,1,0
DGE,60,20240826,100000,21,21,20.6,20.6,231,0
DGE,60,20240826,140000,21,21,21,21,1,0
DGE,60,20240827,100000,20.5,20.9,20.3,20.9,120,0
DGE,60,20240827,110000,21,21,21,21,7,0
DGE,60,20240827,170000,21.2,21.2,21.2,21.2,1,0
DGE,60,20240828,100000,21.2,21.4,21.2,21.4,334,0
DGE,60,20240828,150000,21.4,21.4,21.4,21.4,1,0
DGE,60,20240828,160000,21.4,21.4,21.4,21.4,16,0
DGE,60,20240828,170000,21.5,21.5,21.5,21.5,1,0
DGE,60,20240829,140000,21.5,21.5,21.5,21.5,60,0
DGE,60,20240829,150000,21.5,21.8,21.5,21.8,34,0
DGE,60,20240829,160000,21.8,21.8,21.8,21.8,2,0
DGE,60,20240829,170000,21.8,21.8,21.8,21.8,67,0
DGE,60,20240830,120000,21.8,22,21.8,22,155,0
DGE,60,20240830,130000,22.3,22.3,22.3,22.3,10,0
DGE,60,20240830,140000,21,21,21,21,1,0
DGE,60,20240830,150000,22.3,22.3,22.3,22.3,138,0
DGE,60,20240902,100000,22.3,22.3,22.3,22.3,2,0
DGE,60,20240902,110000,22.3,22.3,21.2,22.2,174,0
DGE,60,20240902,120000,21.2,21.3,21.2,21.2,159,0
DGE,60,20240902,130000,21.2,21.2,21.1,21.2,105,0
DGE,60,20240902,140000,21.9,21.9,21.9,21.9,1,0
DGE,60,20240902,170000,21.9,21.9,21.9,21.9,9,0
DGE,60,20240903,100000,21.9,21.9,21.9,21.9,15,0
DGE,60,20240903,110000,21.9,21.9,21.9,21.9,1,0
DGE,60,20240903,120000,21.1,21.1,21.1,21.1,46,0
DGE,60,20240903,140000,21.9,21.9,21.9,21.9,1,0
DGE,60,20240904,110000,21.8,21.9,21.8,21.9,50,0
DGE,60,20240904,120000,21.4,21.4,21.1,21.1,50,0
DGE,60,20240904,140000,21.1,21.1,21,21.1,204,0
DGE,60,20240904,160000,21.7,21.7,21.7,21.7,1,0
DGE,60,20240905,120000,21.7,21.9,21.7,21.9,50,0
DGE,60,20240905,170000,21.5,21.5,21.5,21.5,58,0
DGE,60,20240906,110000,21.5,21.5,21.5,21.5,7,0
DGE,60,20240906,120000,21.1,21.9,21.1,21.9,34,0
DGE,60,20240906,160000,21.2,21.2,21.1,21.1,58,0
DGE,60,20240906,170000,21.8,21.8,21.8,21.8,1,0
DGE,60,20240909,100000,21.8,21.9,21.7,21.7,254,0
DGE,60,20240909,140000,21.7,21.9,21.1,21.9,71,0
DGE,60,20240909,160000,21.8,21.8,21.8,21.8,10,0
DGE,60,20240910,110000,21.4,21.4,21.4,21.4,70,0
DGE,60,20240910,130000,21.4,21.4,21.4,21.4,227,0
DGE,60,20240910,140000,21.8,21.8,21.8,21.8,1,0
DGE,60,20240910,150000,21.8,21.8,21.8,21.8,3,0
DGE,60,20240910,160000,21.8,21.8,21.8,21.8,16,0
DGE,60,20240911,100000,21.4,21.4,21.4,21.4,30,0
DGE,60,20240911,110000,21.4,21.4,21.4,21.4,128,0
DGE,60,20240911,140000,21.2,21.4,21,21.4,93,0
DGE,60,20240911,150000,21,21,21,21,1,0
DGE,60,20240911,170000,21.4,21.4,21.4,21.4,1,0
DGE,60,20240912,100000,21.4,22.3,21.4,22.2,537,0
DGE,60,20240912,130000,22.3,22.3,22.3,22.3,141,0
DGE,60,20240912,140000,22.3,22.4,21.4,22.4,101,0
DGE,60,20240912,160000,22.3,22.3,22.3,22.3,73,0
DGE,60,20240916,140000,21.4,22.2,21.3,22.1,280,0
DGE,60,20240916,160000,22.2,22.2,22.2,22.2,28,0
DGE,60,20240916,170000,22.2,22.4,22.2,22.4,33,0
DGE,60,20240917,110000,21.5,22.3,21.5,22.3,32,0
DGE,60,20240917,120000,21.5,21.5,21.4,21.4,26,0
DGE,60,20240917,140000,22.3,22.3,22.3,22.3,41,0
DGE,60,20240918,130000,21.4,21.4,21.4,21.4,115,0
DGE,60,20240918,140000,21.4,21.4,21.4,21.4,21,0
DGE,60,20240918,150000,22.2,22.2,22.2,22.2,15,0
DGE,60,20240918,170000,22.3,22.3,22.3,22.3,1,0
DGE,60,20240919,110000,21.4,21.4,21.4,21.4,50,0
DGE,60,20240919,130000,22.2,22.2,21.3,21.3,148,0
DGE,60,20240919,170000,21.8,21.8,21.8,21.8,1,0
DGE,60,20240920,100000,21.8,22.3,21.8,22.3,116,0
DGE,60,20240920,120000,22.1,22.1,22.1,22.1,100,0
DGE,60,20240920,130000,22.2,22.3,22.2,22.3,115,0
DGE,60,20240920,140000,21.8,21.8,21.8,21.8,170,0
DGE,60,20240920,150000,22.3,22.3,21.8,22.3,86,0
DGE,60,20240920,170000,22.3,22.3,22.3,22.3,10,0
DGE,60,20240923,110000,21.4,21.4,21,21,519,0
DGE,60,20240923,120000,21.1,21.1,21,21,50,0
DGE,60,20240923,140000,22,22,22,22,63,0
DGE,60,20240923,160000,22,22,22,22,60,0
DGE,60,20240923,170000,22.1,22.1,22.1,22.1,1,0
DGE,60,20240924,160000,21.3,22,21.3,22,51,0
DGE,60,20240924,170000,21.2,21.9,21,21.9,225,0
DGE,60,20240925,100000,21.1,21.7,20.6,20.6,181,0
DGE,60,20240925,110000,20.6,20.6,19.5,19.5,503,0
DGE,60,20240925,120000,20.8,20.8,20.8,20.8,12,0
DGE,60,20240925,130000,20.8,21.4,19.8,19.8,333,0
DGE,60,20240925,140000,20.9,21.3,20.9,21.3,261,0
DGE,60,20240925,160000,20.1,20.9,20,20.9,432,0
DGE,60,20240925,170000,20.8,20.8,20.8,20.8,7,0
DGE,60,20240926,100000,20.1,20.4,19.8,20.4,300,0
DGE,60,20240926,110000,20.5,21.3,20.5,21.3,155,0
DGE,60,20240926,130000,20.1,20.9,20,20.9,72,0
DGE,60,20240926,140000,21,21,21,21,1,0
DGE,60,20240926,160000,20.1,21,20,21,71,0
DGE,60,20240926,170000,20.3,20.8,20.2,20.8,407,0
DGE,60,20240927,100000,20.8,20.8,20.8,20.8,4,0
DGE,60,20240927,130000,20.7,20.7,20.7,20.7,4,0
DGE,60,20240927,140000,20.2,20.7,20,20.7,160,0
DGE,60,20240927,160000,20.1,20.7,20.1,20.7,102,0
DGE,60,20240927,170000,21.2,21.2,21.2,21.2,56,0
DGE,60,20240930,160000,20.3,20.3,20.1,20.1,100,0
DGE,60,20240930,170000,21.1,21.2,21.1,21.2,2,0
DGE,60,20241001,100000,21.2,22.6,20.4,22.6,1846,0
DGE,60,20241001,110000,22.4,22.6,22.4,22.4,253,0
DGE,60,20241001,120000,22.4,22.6,22,22.6,458,0
DGE,60,20241001,130000,22.6,22.6,21.9,22.6,92,0
DGE,60,20241001,140000,22.6,22.6,22.6,22.6,150,0
DGE,60,20241001,150000,21.9,21.9,21.9,21.9,2,0
DGE,60,20241001,160000,22.5,22.5,22,22.5,138,0
DGE,60,20241001,170000,22.5,22.5,22,22.4,112,0
DGE,60,20241002,100000,21.9,22.1,21.9,21.9,96,0
DGE,60,20241002,110000,21.7,21.7,21.7,21.7,200,0
DGE,60,20241002,120000,21.7,22.1,21.7,22.1,2,0
DGE,60,20241002,130000,21.3,22.1,21.3,21.3,153,0
DGE,60,20241002,140000,21.3,21.3,21.3,21.3,594,0
DGE,60,20241002,150000,21.8,21.8,21.2,21.2,2,0
DGE,60,20241002,160000,21.7,21.7,21.7,21.7,61,0
DGE,60,20241003,100000,21.9,21.9,21.9,21.9,100,0
DGE,60,20241003,130000,21.2,21.2,21,21.2,809,0
DGE,60,20241003,140000,21,21,20.5,20.5,577,0
DGE,60,20241003,150000,21.1,21.9,21.1,21.9,6,0
DGE,60,20241003,160000,21.8,21.9,21.8,21.9,237,0
DGE,60,20241003,170000,21.7,21.9,21.7,21.9,200,0
DGE,60,20241004,100000,21.9,21.9,21.9,21.9,100,0
DGE,60,20241004,170000,21.8,21.8,21.8,21.8,12,0
DGE,60,20241007,100000,21,21.8,20.9,21.8,79,0
DGE,60,20241007,110000,21.8,22.8,21.8,22.8,1365,0
DGE,60,20241007,130000,22.7,22.7,22.7,22.7,150,0
DGE,60,20241007,140000,21.4,21.4,21.3,21.3,100,0
DGE,60,20241007,160000,22.2,22.2,22.2,22.2,10,0
DGE,60,20241007,170000,21.3,21.3,21.3,21.3,185,0
DGE,60,20241008,100000,21.3,21.3,20.2,20.9,581,0
DGE,60,20241008,110000,20.4,20.4,20.2,20.2,200,0
DGE,60,20241008,130000,20.8,22.5,20.8,22.5,1277,0
DGE,60,20241008,170000,21.2,22.3,21.1,22.3,37,0
DGE,60,20241009,140000,21.9,22,21.9,22,71,0
DGE,60,20241009,160000,22,22.2,21.2,21.2,137,0
DGE,60,20241009,170000,22.1,22.2,22.1,22.2,3,0
DGE,60,20241011,100000,22.2,22.2,21.1,21.1,94,0
DGE,60,20241011,110000,21.2,21.2,21.2,21.2,96,0
DGE,60,20241011,130000,21.8,21.9,21.2,21.9,31,0
DGE,60,20241011,150000,21.9,21.9,21.9,21.9,35,0
DGE,60,20241014,100000,21.9,22,21.9,22,101,0
DGE,60,20241014,120000,22,22,22,22,91,0
DGE,60,20241014,140000,21.8,22,21.2,21.2,80,0
DGE,60,20241014,150000,21.2,22,21.1,22,25,0
DGE,60,20241014,170000,21.9,21.9,21.1,21.2,165,0
DGE,60,20241015,110000,21.7,21.9,21.7,21.9,100,0
DGE,60,20241015,130000,21.9,21.9,21.9,21.9,100,0
DGE,60,20241015,140000,21.5,21.5,21.5,21.5,50,0
DGE,60,20241015,150000,21.3,21.5,21.3,21.5,42,0
DGE,60,20241015,160000,21.5,21.8,21.5,21.8,60,0
DGE,60,20241015,170000,21.2,21.8,21,21.8,43,0
DGE,60,20241016,100000,21.9,22,20.8,20.8,1204,0
DGE,60,20241016,120000,21.5,21.6,21,21.6,627,0
DGE,60,20241017,130000,21,21,21,21,3,0
DGE,60,20241017,140000,21.5,21.8,21.5,21.8,16,0
DGE,60,20241018,120000,21.1,21.1,21,21,700,0
DGE,60,20241018,130000,21.1,21.5,21,21.5,801,0
DGE,60,20241018,140000,21.5,21.5,21.5,21.5,1,0
DGE,60,20241018,150000,21,21,21,21,207,0
DGE,60,20241018,160000,21.5,21.5,21,21,294,0
DGE,60,20241018,170000,21.6,21.6,21.6,21.6,1,0
DGE,60,20241021,100000,21.5,21.5,21,21,266,0
DGE,60,20241021,120000,21.1,21.1,21,21,371,0
DGE,60,20241021,140000,21.5,21.5,21.5,21.5,1,0
DGE,60,20241021,170000,21,21.4,21,21.4,74,0
DGE,60,20241022,110000,21,21.4,21,21,210,0
DGE,60,20241022,120000,21,21,20.8,20.8,969,0
DGE,60,20241022,150000,20.8,20.8,20.6,20.6,450,0
DGE,60,20241022,170000,20.8,20.8,20.8,20.8,200,0
DGE,60,20241023,100000,20.6,20.6,20.5,20.5,15,0
DGE,60,20241023,110000,20.5,20.5,20.5,20.5,50,0
DGE,60,20241023,120000,20.5,20.5,20.3,20.3,109,0
DGE,60,20241023,140000,20.7,20.7,20.7,20.7,1,0
DGE,60,20241023,170000,20.8,21.2,20.8,21.2,5,0
DGE,60,20241024,100000,20.9,20.9,20.5,20.5,1237,0
DGE,60,20241024,110000,20.7,20.7,20.7,20.7,101,0
DGE,60,20241024,130000,20.7,20.7,20.5,20.5,77,0
DGE,60,20241024,140000,20.8,20.9,20.8,20.9,3,0
DGE,60,20241024,170000,20.9,20.9,20.9,20.9,209,0
DGE,60,20241025,100000,20.9,20.9,20.9,20.9,77,0
DGE,60,20241025,130000,20.6,20.6,20.2,20.2,1454,0
DGE,60,20241025,150000,20.3,20.4,20.1,20.4,776,0
DGE,60,20241025,160000,20.4,20.4,20.2,20.2,19,0
DGE,60,20241025,170000,20.4,20.4,20.2,20.3,341,0
DGE,60,20241028,130000,20.5,20.8,20.5,20.8,3,0
DGE,60,20241028,140000,20.8,20.8,20.2,20.2,51,0
DGE,60,20241028,150000,20.7,20.8,20.7,20.8,3,0
DGE,60,20241028,160000,20.2,20.2,20,20,1003,0
DGE,60,20241028,170000,20,20,20,20,1,0
DGE,60,20241029,100000,20.3,20.3,20.3,20.3,2,0
DGE,60,20241029,110000,20.3,20.5,20.3,20.5,2,0
DGE,60,20241029,130000,20.1,20.4,20,20.4,19,0
DGE,60,20241029,140000,20,20,19.8,20,473,0
DGE,60,20241029,150000,20,20,20,20,300,0
DGE,60,20241029,160000,20,20,20,20,1,0
DGE,60,20241029,170000,20,20,19.65,19.65,177,0
DGE,60,20241030,100000,19.7,20,19.7,20,80,0
DGE,60,20241030,110000,19.65,20.5,19.6,20.5,610,0
DGE,60,20241030,120000,20.5,20.7,20.5,20.5,501,0
DGE,60,20241030,130000,20.5,20.5,20.5,20.5,937,0
DGE,60,20241030,140000,20.1,20.1,20,20,6,0
DGE,60,20241030,150000,20,20,20,20,1594,0
DGE,60,20241030,160000,20.3,20.4,20.3,20.4,3,0
DGE,60,20241031,100000,20,20.1,20,20,1267,0
DGE,60,20241031,140000,20.4,20.4,20.4,20.4,2,0
DGE,60,20241031,150000,20,20.4,19.5,20.4,1449,0
DGE,60,20241104,100000,20.1,20.4,20.1,20.4,101,0
DGE,60,20241104,130000,20.4,20.8,20.4,20.8,300,0
DGE,60,20241104,150000,20.7,20.7,20.7,20.7,4,0
DGE,60,20241104,160000,20.6,20.7,20.6,20.7,100,0
DGE,60,20241104,170000,20.7,20.8,20.7,20.8,650,0
DGE,60,20241105,100000,20.8,20.8,20.8,20.8,50,0
DGE,60,20241105,110000,20.8,20.9,20.8,20.9,200,0
DGE,60,20241105,130000,20.9,20.9,20.9,20.9,114,0
DGE,60,20241105,160000,20.6,20.9,20.6,20.9,63,0
DGE,60,20241106,100000,20.9,20.9,20.9,20.9,55,0
DGE,60,20241106,110000,21,21,21,21,216,0
DGE,60,20241106,130000,20.9,20.9,20.9,20.9,35,0
DGE,60,20241106,140000,20.9,20.9,20.9,20.9,10,0
DGE,60,20241106,150000,20.9,20.9,20.9,20.9,40,0
DGE,60,20241107,100000,21.3,21.3,21,21,51,0
DGE,60,20241107,110000,21,21.2,21,21.2,141,0
DGE,60,20241107,140000,21.2,21.3,21.2,21.3,700,0
DGE,60,20241107,150000,21.4,21.4,21.4,21.4,1,0
DGE,60,20241107,170000,20.6,21.3,20.6,21.3,18,0
DGE,60,20241108,110000,21.3,21.3,21.3,21.3,38,0
DGE,60,20241108,130000,21.5,21.7,21.5,21.7,300,0
DGE,60,20241108,140000,21.7,21.7,21.7,21.7,50,0
DGE,60,20241108,160000,21.7,21.7,21.7,21.7,93,0
DGE,60,20241108,170000,21.8,21.8,21.8,21.8,1,0
DGE,60,20241112,100000,21.5,21.5,21.5,21.5,16,0
DGE,60,20241112,120000,21.8,21.9,21.8,21.9,344,0
DGE,60,20241112,130000,21.9,21.9,21.9,21.9,2,0
DGE,60,20241112,150000,21.9,22,21.9,22,528,0
DGE,60,20241112,170000,21.9,22,21.9,22,2,0
DGE,60,20241113,100000,22.1,22.1,22,22,86,0
DGE,60,20241113,110000,22,22,22,22,5,0
DGE,60,20241113,120000,22,22,22,22,94,0
DGE,60,20241113,130000,22,22.2,22,22.2,16,0
DGE,60,20241114,100000,22.2,22.2,22.2,22.2,1000,0
DGE,60,20241114,110000,21.9,21.9,21.5,21.5,99,0
DGE,60,20241114,120000,21.7,22.2,21.7,22.2,6,0
DGE,60,20241114,140000,21.8,22.1,21.5,22.1,507,0
DGE,60,20241114,150000,22,22,22,22,191,0
DGE,60,20241115,120000,21.9,21.9,21.9,21.9,24,0
DGE,60,20241115,150000,22.1,22.1,22.1,22.1,1,0
DGE,60,20241118,100000,22,22,21.9,21.9,122,0
DGE,60,20241118,120000,21.9,21.9,21.9,21.9,1,0
DGE,60,20241118,170000,21.9,21.9,21,21.9,270,0
DGE,60,20241119,140000,21.8,21.8,21.4,21.4,201,0
DGE,60,20241119,150000,21.4,21.4,21.4,21.4,138,0
DGE,60,20241119,160000,21.4,21.9,21.4,21.9,13,0
DGE,60,20241120,120000,21.2,21.9,21.2,21.5,148,0
DGE,60,20241120,140000,21.5,21.5,21.5,21.5,37,0
DGE,60,20241120,170000,21.5,21.9,21.5,21.9,31,0
DGE,60,20241121,140000,21.2,21.2,21,21,62,0
DGE,60,20241121,160000,21,21,21,21,89,0
DGE,60,20241121,170000,21.8,21.9,21.8,21.9,2,0
DGE,60,20241122,110000,21.1,21.1,21,21,111,0
DGE,60,20241122,120000,21,21,21,21,42,0
DGE,60,20241122,140000,21,21,20.5,20.5,64,0
DGE,60,20241122,160000,20.6,20.6,20.6,20.6,119,0
DGE,60,20241122,170000,20.1,20.6,20.1,20.2,193,0
DGE,60,20241125,100000,20.6,20.6,20.6,20.6,310,0
DGE,60,20241125,110000,20.6,20.6,20.6,20.6,19,0
DGE,60,20241125,120000,20.7,20.8,20.7,20.8,7,0
DGE,60,20241125,140000,20.8,20.8,20.8,20.8,1,0
DGE,60,20241125,150000,20.9,21.8,20.9,21.5,106,0
DGE,60,20241125,160000,21.7,21.7,21.5,21.5,110,0
DGE,60,20241125,170000,21.5,21.7,21.5,21.7,347,0
DGE,60,20241126,110000,21.9,21.9,21.9,21.9,100,0
DGE,60,20241126,120000,21.2,21.2,21.2,21.2,1,0
DGE,60,20241126,130000,21.3,21.3,21.3,21.3,30,0
DGE,60,20241127,100000,21.3,21.3,21.3,21.3,20,0
DGE,60,20241127,120000,21.8,21.9,21.8,21.9,2,0
DGE,60,20241127,130000,21.3,21.3,21.2,21.2,655,0
DGE,60,20241127,160000,21.1,21.1,21,21,11,0
DGE,60,20241128,100000,21,21.6,21,21.6,101,0
DGE,60,20241128,120000,21,21,21,21,12,0
DGE,60,20241128,160000,21,21,21,21,181,0
DGE,60,20241128,170000,21.6,21.6,21.6,21.6,1,0
DGE,60,20241129,150000,21.6,22,21.6,22,400,0
DGE,60,20241129,160000,22,22.1,22,22.1,262,0
DGE,60,20241129,170000,22,22.1,22,22.1,21,0
DGE,60,20241202,100000,21,21,21,21,493,0
DGE,60,20241202,110000,20.9,21,20.8,21,104,0
DGE,60,20241202,120000,21,21,21,21,120,0
DGE,60,20241202,130000,20.7,20.7,20.2,20.2,556,0
DGE,60,20241202,140000,20.4,21.4,20.2,20.4,495,0
DGE,60,20241202,160000,20.9,20.9,20.4,20.4,100,0
DGE,60,20241203,120000,21.1,21.1,21.1,21.1,1,0
DGE,60,20241203,130000,20.5,20.5,20.1,20.1,789,0
DGE,60,20241203,140000,20.1,20.1,20.1,20.1,67,0
DGE,60,20241203,160000,20.2,20.2,20.2,20.2,163,0
DGE,60,20241204,110000,20.1,20.1,20,20,21,0
DGE,60,20241204,120000,20.7,20.7,20.7,20.7,1,0
DGE,60,20241204,130000,20.2,20.2,20.2,20.2,294,0
DGE,60,20241204,150000,20.1,20.1,20,20,132,0
DGE,60,20241204,160000,20.8,20.8,20.7,20.7,123,0
DGE,60,20241205,120000,20.2,20.2,20.2,20.2,3,0
DGE,60,20241205,130000,20.2,20.2,20.2,20.2,110,0
DGE,60,20241205,140000,20.2,20.2,20.2,20.2,68,0
DGE,60,20241205,150000,20.6,21.8,20.6,21.8,624,0
DGE,60,20241205,170000,21.1,21.1,21.1,21.1,50,0
DGE,60,20241209,100000,20.9,20.9,20.9,20.9,1,0
DGE,60,20241209,110000,20.8,20.8,20.3,20.8,202,0
DGE,60,20241209,120000,20.5,20.5,20.3,20.4,300,0
DGE,60,20241209,150000,20.8,20.9,20.8,20.9,40,0
DGE,60,20241209,170000,20.4,20.9,20.4,20.9,2,0
DGE,60,20241210,100000,20.4,20.4,20.4,20.4,300,0
DGE,60,20241210,130000,20.9,20.9,20.9,20.9,1,0
DGE,60,20241210,160000,20.3,20.3,20,20,489,0
DGE,60,20241210,170000,20,20.7,20,20.7,52,0
DGE,60,20241211,100000,20.3,20.8,20,20,11620,0
DGE,60,20241211,110000,20,20.3,19.9,19.9,500,0
DGE,60,20241211,120000,20.5,20.7,20.5,20.7,100,0
DGE,60,20241211,130000,20.5,20.5,20.5,20.5,14,0
DGE,60,20241211,170000,20.2,20.5,20,20.5,512,0
DGE,60,20241212,100000,20.5,20.5,20.5,20.5,700,0
DGE,60,20241212,110000,20.1,20.1,20.1,20.1,100,0
DGE,60,20241212,120000,20,20,19.5,19.5,698,0
DGE,60,20241212,130000,20.4,20.4,20.4,20.4,1,0
DGE,60,20241212,150000,20.2,20.4,20.2,20.3,257,0
DGE,60,20241213,110000,19.65,20.2,19.65,20.2,142,0
DGE,60,20241213,120000,20.2,20.6,20.2,20.6,120,0
DGE,60,20241213,150000,20.6,20.6,20.6,20.6,200,0
DGE,60,20241216,100000,20.7,20.7,20,20,1166,0
DGE,60,20241216,110000,19.8,19.8,19.8,19.8,100,0
DGE,60,20241216,130000,19.8,20,19.8,20,104,0
DGE,60,20241216,150000,20,20,20,20,37,0
DGE,60,20241216,160000,20,20.7,20,20.7,13,0
DGE,60,20241216,170000,20.7,20.7,20.7,20.7,12,0
DGE,60,20241217,100000,20,20,20,20,100,0
DGE,60,20241217,130000,20,20,20,20,50,0
DGE,60,20241217,150000,20,20,20,20,100,0
DGE,60,20241217,170000,20,20.2,20,20.2,322,0
DGE,60,20241218,100000,20.4,20.4,20,20,129,0
DGE,60,20241218,110000,19.75,19.75,18.4,19,1404,0
DGE,60,20241218,120000,19.5,19.95,19.5,19.95,11,0
DGE,60,20241218,130000,19.65,20.5,19.65,19.8,210,0
DGE,60,20241218,160000,19.6,19.6,19.6,19.6,67,0
DGE,60,20241218,170000,19.85,19.9,19.7,19.7,210,0
DGE,60,20241219,110000,20,20,20,20,24,0
DGE,60,20241219,130000,19.9,19.9,19.9,19.9,2,0
DGE,60,20241219,140000,19.9,19.9,19.9,19.9,30,0
DGE,60,20241219,150000,19.9,19.9,19.9,19.9,20,0
DGE,60,20241219,160000,19.55,19.9,19.3,19.9,33,0
DGE,60,20241220,110000,19.3,19.3,19.3,19.3,25,0
DGE,60,20241220,120000,19.3,19.65,19.25,19.65,288,0
DGE,60,20241220,140000,19.1,19.1,18,18.85,1109,0
DGE,60,20241220,150000,18.8,18.8,18.75,18.75,391,0
DGE,60,20241220,160000,18.8,18.8,18.8,18.8,246,0
DGE,60,20241220,170000,18.8,18.8,18.35,18.7,531,0
DGE,60,20241223,100000,18.7,19.6,18.6,19.6,254,0
DGE,60,20241223,110000,18.65,18.65,18.45,18.45,340,0
DGE,60,20241223,120000,18.5,18.5,18.35,18.4,657,0
DGE,60,20241223,130000,18.4,18.4,18,18.2,550,0
DGE,60,20241223,140000,19.15,19.15,19.15,19.15,1,0
DGE,60,20241223,160000,18.3,18.95,18.2,18.95,281,0
DGE,60,20241223,170000,18.8,18.8,18.8,18.8,75,0
DGE,60,20241227,100000,17.75,18.8,17.75,18.45,377,0
DGE,60,20241227,110000,18.2,18.5,17.7,17.8,313,0
DGE,60,20241227,120000,17.8,17.8,17.5,17.5,372,0
DGE,60,20241227,130000,18.4,18.4,18.4,18.4,157,0
DGE,60,20241227,140000,18.35,18.4,18.35,18.4,450,0
DGE,60,20241227,150000,18.75,18.9,18.75,18.9,5,0
DGE,60,20241227,160000,18.9,19.5,18.9,19.5,564,0
DGE,60,20241227,170000,19.3,19.3,18.5,19.25,176,0
DGE,60,20241230,100000,18.5,18.5,18.5,18.5,150,0
DGE,60,20241230,120000,19.15,19.15,19.15,19.15,5,0
DGE,60,20241230,130000,19.15,19.15,19.15,19.15,4,0
DGE,60,20241230,170000,19.1,19.15,18.55,19.15,391,0
DGE,60,20250102,100000,19.4,19.4,18.55,18.55,299,0
DGE,60,20250102,110000,18.6,19.35,18.6,19.35,108,0
DGE,60,20250102,130000,19.3,19.35,19.3,19.35,50,0
DGE,60,20250102,150000,19.3,19.3,19.3,19.3,3,0
DGE,60,20250102,160000,18.9,19.15,18.9,19.15,255,0
DGE,60,20250102,170000,19,19.15,19,19.15,101,0
DGE,60,20250103,100000,19.25,19.25,19.25,19.25,5,0
DGE,60,20250103,110000,19.3,19.3,19.3,19.3,2,0
DGE,60,20250103,120000,19.2,19.2,19.2,19.2,19,0
DGE,60,20250103,130000,19.3,19.3,19.3,19.3,6,0
DGE,60,20250103,150000,19.3,19.3,19.3,19.3,1,0
DGE,60,20250107,110000,19.3,19.5,19.3,19.5,600,0
DGE,60,20250107,120000,19.5,19.9,19.15,19.2,553,0
DGE,60,20250107,150000,19.2,19.8,19.15,19.8,302,0
DGE,60,20250107,170000,19.8,19.8,19.8,19.8,110,0
DGE,60,20250108,110000,19.5,19.5,19.5,19.5,50,0
DGE,60,20250108,170000,20.8,20.8,20.8,20.8,2,0
DGE,60,20250113,100000,20.6,20.6,19.6,20.4,158,0
DGE,60,20250113,150000,19.7,19.7,19.65,19.65,27,0
DGE,60,20250114,170000,20,20.1,20,20.1,128,0
DGE,60,20250115,120000,19.65,19.65,19.6,19.6,92,0
DGE,60,20250115,130000,19.6,19.6,19.6,19.6,175,0
DGE,60,20250115,140000,20.1,20.1,20.1,20.1,1,0
DGE,60,20250115,160000,20.1,20.7,20.1,20.7,1085,0
DGE,60,20250116,120000,20.1,20.1,20.1,20.1,29,0
DGE,60,20250116,130000,19.65,20.5,19.4,20.5,312,0
DGE,60,20250116,160000,19.85,19.85,19.5,19.5,101,0
DGE,60,20250116,170000,20.1,20.1,20.1,20.1,20,0
DGE,60,20250117,100000,20,20,20,20,500,0
DGE,60,20250117,130000,20.6,20.6,20.5,20.5,10,0
DGE,60,20250117,140000,20,20,20,20,100,0
DGE,60,20250117,150000,20.5,20.6,20.5,20.6,30,0
DGE,60,20250117,160000,20.4,20.4,20.1,20.1,11,0
DGE,60,20250117,170000,20.1,21,20.1,21,579,0
DGE,60,20250120,110000,21,21.2,21,21.2,20,0
DGE,60,20250120,140000,20.6,20.6,20.6,20.6,1,0
DGE,60,20250120,150000,20.3,20.3,20,20.3,165,0
DGE,60,20250120,160000,19.75,20.3,19.75,20.3,5,0
DGE,60,20250120,170000,20,20.9,20,20.9,25,0
DGE,60,20250121,100000,20,20,20,20,150,0
DGE,60,20250121,150000,20.7,20.8,20.7,20.8,4,0
DGE,60,20250121,160000,20.8,20.9,20.8,20.9,206,0
DGE,60,20250121,170000,20.9,21,20.9,21,10,0
DGE,60,20250122,100000,20,20.2,20,20.2,130,0
DGE,60,20250122,110000,20.1,20.1,20.1,20.1,50,0
DGE,60,20250122,120000,20,20.1,19.55,20,52,0
DGE,60,20250122,130000,20.2,21.2,20.2,21.2,411,0
DGE,60,20250122,140000,21.2,21.2,21.2,21.2,54,0
DGE,60,20250122,160000,21.4,21.4,21.4,21.4,1,0
DGE,60,20250122,170000,21.3,21.3,21.2,21.3,336,0
DGE,60,20250123,130000,21.3,21.3,21.3,21.3,1,0
DGE,60,20250123,140000,21,21,21,21,44,0
DGE,60,20250123,170000,21.4,21.4,21.4,21.4,6,0
DGE,60,20250124,110000,21.3,21.3,21.3,21.3,200,0
DGE,60,20250124,150000,21.4,21.4,20.7,20.7,79,0
DGE,60,20250124,170000,21.4,21.5,21.4,21.5,151,0
DGE,60,20250127,130000,21.3,21.4,20.9,21.4,61,0
DGE,60,20250127,150000,20.9,21.4,20.9,21.4,11,0
DGE,60,20250127,160000,20.9,20.9,20.9,20.9,10,0
DGE,60,20250128,130000,20.9,20.9,20.9,20.9,38,0
DGE,60,20250128,140000,21.4,21.4,21.4,21.4,1,0
DGE,60,20250128,150000,21.4,21.4,21.4,21.4,50,0
DGE,60,20250128,170000,21.4,21.4,21.4,21.4,8,0
DGE,60,20250129,100000,20.9,21,20.8,20.8,102,0
DGE,60,20250129,110000,21,21,21,21,90,0
DGE,60,20250129,120000,20.8,21,20.8,21,226,0
DGE,60,20250129,140000,20.9,20.9,20.8,20.8,92,0
DGE,60,20250129,150000,20.8,20.8,20.6,20.6,222,0
DGE,60,20250129,160000,21,21,21,21,200,0
DGE,60,20250130,100000,20.6,21,20.5,21,252,0
DGE,60,20250130,110000,21,21,21,21,50,0
DGE,60,20250130,140000,20.9,20.9,20.9,20.9,95,0
DGE,60,20250130,150000,20.9,20.9,20.9,20.9,1,0
DGE,60,20250130,160000,21,21,21,21,4092,0
DGE,60,20250130,170000,21,21,20.9,20.9,131,0
DGE,60,20250131,100000,20.5,20.9,20.5,20.9,128,0
DGE,60,20250131,140000,20.8,20.8,20.8,20.8,47,0
DGE,60,20250131,150000,20.4,20.4,20.4,20.4,50,0
DGE,60,20250131,170000,20.8,20.8,20.8,20.8,60,0
DGE,60,20250203,100000,20.8,20.8,20.2,20.8,80,0
DGE,60,20250203,150000,20.3,21.3,20,21.2,735,0
DGE,60,20250203,160000,21.2,21.2,20.6,20.6,103,0
DGE,60,20250203,170000,20.9,20.9,20.9,20.9,3,0
DGE,60,20250204,110000,20.5,20.5,20.5,20.5,10,0
DGE,60,20250204,120000,20.9,20.9,20.9,20.9,27,0
DGE,60,20250204,140000,20.9,21,20.9,21,150,0
DGE,60,20250204,150000,20.9,20.9,20.9,20.9,95,0
DGE,60,20250204,170000,20.9,20.9,20.9,20.9,2,0
DGE,60,20250205,120000,20.5,20.5,19.85,19.85,33,0
DGE,60,20250205,140000,20.8,20.8,20.8,20.8,1,0
DGE,60,20250205,150000,20.1,20.1,20.1,20.1,2,0
DGE,60,20250205,170000,20.9,20.9,20.9,20.9,56,0
DGE,60,20250206,100000,20.9,20.9,20.9,20.9,1,0
DGE,60,20250206,110000,21,21,21,21,8,0
DGE,60,20250206,130000,21,21.8,21,21.8,504,0
DGE,60,20250206,140000,21.8,22.6,21.8,22.6,188,0
DGE,60,20250206,150000,21.8,22.2,21.8,22.2,68,0
DGE,60,20250206,170000,22.1,22.2,21.7,21.7,3,0
DGE,60,20250207,100000,21.4,21.4,21.3,21.3,250,0
DGE,60,20250207,110000,21.3,21.3,21.3,21.3,100,0
DGE,60,20250207,140000,21.1,21.1,21,21,250,0
DGE,60,20250207,150000,22,22,22,22,231,0
DGE,60,20250207,160000,22.1,22.1,21.5,21.5,336,0
DGE,60,20250207,170000,22.2,22.3,22.2,22.3,31,0
DGE,60,20250210,100000,22.3,22.3,21.5,22.3,93,0
DGE,60,20250210,110000,22.3,22.6,22.3,22.6,401,0
DGE,60,20250210,120000,22.4,23.4,22.4,23.4,1534,0
DGE,60,20250210,130000,23.4,23.5,23,23,636,0
DGE,60,20250210,140000,23,23,22.4,22.4,520,0
DGE,60,20250210,150000,22.7,22.7,22.7,22.7,40,0
DGE,60,20250210,160000,22.5,23.5,22.5,23.5,649,0
DGE,60,20250210,170000,23.5,23.5,23,23.5,365,0
DGE,60,20250211,100000,23.5,23.6,22.4,23.5,291,0
DGE,60,20250211,110000,23.5,23.5,23.5,23.5,1,0
DGE,60,20250211,130000,23.5,23.5,23.5,23.5,46,0
DGE,60,20250212,100000,23.3,23.3,23.3,23.3,1,0
DGE,60,20250212,110000,23.3,24.7,23.3,24.6,150,0
DGE,60,20250212,130000,24.1,24.1,21.9,21.9,683,0
DGE,60,20250212,140000,22.7,22.7,22.2,22.2,6,0
DGE,60,20250212,150000,22.3,22.3,22.1,22.1,118,0
DGE,60,20250212,160000,22.7,22.7,22.1,22.1,280,0
DGE,60,20250213,120000,22,22,22,22,130,0
DGE,60,20250213,130000,22.3,22.4,22.3,22.4,85,0
DGE,60,20250213,140000,22.5,22.5,22.5,22.5,5,0
DGE,60,20250213,150000,22.5,22.8,22.5,22.8,222,0
DGE,60,20250213,160000,22.1,22.7,22.1,22.7,35,0
DGE,60,20250214,100000,22.8,22.8,22.8,22.8,1,0
DGE,60,20250217,150000,22.4,22.7,22.4,22.7,31,0
DGE,60,20250217,170000,22.7,22.7,22.7,22.7,32,0
DGE,60,20250218,100000,22.7,22.7,22.7,22.7,13,0
DGE,60,20250218,120000,22.6,22.6,22.4,22.4,7,0
DGE,60,20250218,130000,22.1,22.1,22,22,575,0
DGE,60,20250218,140000,22.4,22.4,22.4,22.4,4,0
DGE,60,20250218,160000,22.2,22.2,22,22,126,0
DGE,60,20250218,170000,22.4,22.4,22.4,22.4,1,0
DGE,60,20250219,100000,22.4,22.4,21.2,21.2,1151,0
DGE,60,20250219,110000,21.2,21.8,21.1,21.8,87,0
DGE,60,20250219,120000,21.8,21.8,21.8,21.8,11,0
DGE,60,20250219,130000,21.8,21.8,21.3,21.3,2,0
DGE,60,20250219,150000,21.5,21.8,21.5,21.8,51,0
DGE,60,20250219,160000,21.8,21.9,21.5,21.5,52,0
DGE,60,20250219,170000,21.9,22,21.9,22,247,0
DGE,60,20250220,100000,22.3,22.7,22.3,22.7,3,0
DGE,60,20250220,110000,22,22,22,22,150,0
DGE,60,20250220,120000,22,22,22,22,88,0
DGE,60,20250220,140000,22.5,22.5,22.5,22.5,1,0
DGE,60,20250220,150000,22.5,22.5,22.5,22.5,12,0
DGE,60,20250220,170000,22,22,22,22,50,0
DGE,60,20250221,100000,22,22,22,22,11,0
DGE,60,20250221,110000,22,22,22,22,184,0
DGE,60,20250221,120000,22,22,22,22,166,0
DGE,60,20250221,130000,22,22.4,22,22.4,350,0
DGE,60,20250221,150000,22.1,22.1,22.1,22.1,118,0
DGE,60,20250221,170000,22,22,22,22,93,0
DGE,60,20250224,110000,22.1,22.1,22,22,140,0
DGE,60,20250224,130000,22,22,22,22,238,0
DGE,60,20250224,140000,22,22,22,22,94,0
DGE,60,20250224,150000,21.9,21.9,21.9,21.9,20,0
DGE,60,20250224,170000,21.9,21.9,21.9,21.9,1,0
DGE,60,20250225,100000,22,22,22,22,250,0
DGE,60,20250225,120000,21.8,21.8,21.7,21.7,109,0
DGE,60,20250225,130000,21.7,21.7,21.7,21.7,3,0
DGE,60,20250225,140000,21.7,21.7,21.5,21.5,39,0
DGE,60,20250225,150000,21.9,21.9,21.9,21.9,3,0
DGE,60,20250225,170000,22,22,22,22,1,0
DGE,60,20250226,110000,22,22,22,22,28,0
DGE,60,20250226,120000,22,22,22,22,238,0
DGE,60,20250226,150000,22.1,22.1,22.1,22.1,355,0
DGE,60,20250226,160000,22.4,22.4,22.4,22.4,1,0
DGE,60,20250227,100000,22.1,22.1,22.1,22.1,2,0
DGE,60,20250227,110000,22.1,22.1,21.8,21.8,431,0
DGE,60,20250227,120000,21.7,21.7,21.5,21.7,389,0
DGE,60,20250227,140000,21.7,22,21.7,22,85,0
DGE,60,20250227,160000,21.6,22,21.6,22,147,0
DGE,60,20250228,140000,22.2,22.3,22.2,22.3,188,0
DGE,60,20250228,150000,22.3,22.3,22.3,22.3,168,0
DGE,60,20250228,160000,22.3,22.5,22.3,22.5,31,0
DGE,60,20250228,170000,22.3,23.4,22.3,23,445,0
DGE,60,20250303,110000,22.1,22.1,22,22,100,0
DGE,60,20250303,120000,22.7,22.7,22.7,22.7,1,0
DGE,60,20250303,140000,22.6,22.6,22.6,22.6,5,0
DGE,60,20250303,150000,22.6,22.9,22.6,22.9,471,0
DGE,60,20250303,160000,22.6,23,22.6,23,233,0
DGE,60,20250303,170000,22.9,22.9,22.9,22.9,120,0
DGE,60,20250304,100000,23,23,23,23,166,0
DGE,60,20250305,120000,22.3,22.3,22.3,22.3,1,0
DGE,60,20250305,140000,22.6,22.8,22.6,22.6,253,0
DGE,60,20250305,160000,22.6,22.6,22.6,22.6,167,0
DGE,60,20250305,170000,22.6,22.8,22.6,22.8,167,0
DGE,60,20250306,100000,23,23,23,23,216,0
DGE,60,20250306,130000,22.9,22.9,22.9,22.9,69,0
DGE,60,20250306,140000,22.6,22.6,22.3,22.3,2,0
DGE,60,20250306,150000,22,22,22,22,447,0
DGE,60,20250306,160000,22.7,22.9,22.7,22.9,3,0
DGE,60,20250307,110000,22.8,22.8,22.8,22.8,40,0
DGE,60,20250307,120000,22.8,22.8,22.8,22.8,40,0
DGE,60,20250307,140000,22.8,22.8,22.8,22.8,140,0
DGE,60,20250307,150000,22.8,23,22.8,23,100,0
DGE,60,20250307,170000,22.9,22.9,22.9,22.9,1,0
DGE,60,20250310,110000,23.3,23.3,23.3,23.3,120,0
DGE,60,20250310,130000,23.3,23.3,23.3,23.3,13,0
DGE,60,20250310,160000,23.2,23.2,23.2,23.2,2,0
DGE,60,20250310,170000,23,23,22,23,383,0
DGE,60,20250311,160000,22.9,22.9,22.9,22.9,69,0
DGE,60,20250312,110000,23,23,23,23,171,0
DGE,60,20250312,120000,23,23,23,23,1,0
DGE,60,20250312,130000,22.3,22.3,22.2,22.2,50,0
DGE,60,20250312,170000,23,23,23,23,2,0
DGE,60,20250313,120000,22.9,23,22.9,23,344,0
DGE,60,20250313,170000,23,23,21.8,21.8,99,0
DGE,60,20250314,110000,21.9,21.9,21.9,21.9,152,0
DGE,60,20250314,170000,22.9,22.9,22.9,22.9,4,0
DGE,60,20250317,110000,22.1,22.9,21.9,22.9,40,0
DGE,60,20250318,100000,22.8,22.8,22.8,22.8,2,0
DGE,60,20250318,110000,22.8,22.9,22.8,22.9,146,0
DGE,60,20250318,120000,22.9,22.9,22.9,22.9,17,0
DGE,60,20250318,130000,22.4,22.4,22.4,22.4,100,0
DGE,60,20250319,170000,22.9,23,22.9,23,142,0
DGE,60,20250320,100000,22.5,22.5,22.5,22.5,723,0
DGE,60,20250320,110000,23,24,23,24,1871,0
DGE,60,20250320,120000,23.9,24,23.5,24,290,0
DGE,60,20250320,130000,24,25,23.5,24.9,1883,0
DGE,60,20250320,140000,24,24,23.1,23.1,467,0
DGE,60,20250320,150000,23.5,23.5,23.5,23.5,4,0
DGE,60,20250320,170000,23.2,23.2,23.2,23.2,32,0
DGE,60,20250321,100000,24,25,23.2,23.3,766,0
DGE,60,20250321,110000,23.9,23.9,23.9,23.9,1,0
DGE,60,20250321,130000,23.6,23.6,23.6,23.6,5,0
DGE,60,20250321,150000,23.4,23.4,23.4,23.4,25,0
DGE,60,20250321,160000,23.4,23.4,23.4,23.4,1,0
DGE,60,20250321,170000,23.4,23.5,23.4,23.5,176,0
DGE,60,20250324,100000,23.3,23.3,23.3,23.3,100,0
DGE,60,20250324,110000,23.3,23.5,23.3,23.5,160,0
DGE,60,20250324,140000,23.2,23.2,23.2,23.2,25,0
DGE,60,20250324,150000,23.2,23.2,23.2,23.2,25,0
DGE,60,20250325,100000,23.2,23.2,22.9,22.9,162,0
DGE,60,20250325,120000,23,23,23,23,30,0
DGE,60,20250325,140000,22.9,22.9,22.6,22.6,280,0
DGE,60,20250325,150000,22.8,22.8,22.6,22.6,120,0
DGE,60,20250325,160000,23.4,23.5,23.4,23.5,108,0
DGE,60,20250326,100000,22.7,22.7,22.7,22.7,23,0
DGE,60,20250326,110000,22.7,22.7,22.6,22.6,500,0
DGE,60,20250326,130000,23.1,23.1,23.1,23.1,62,0
DGE,60,20250326,140000,23.2,23.2,23.2,23.2,5,0
DGE,60,20250326,150000,23.2,23.2,23.2,23.2,10,0
DGE,60,20250327,120000,22.7,22.7,22.7,22.7,187,0
DGE,60,20250327,130000,22.7,23.1,22.7,23.1,113,0
DGE,60,20250327,150000,22.6,23.1,22.6,23.1,2,0
DGE,60,20250327,160000,23.1,23.1,23.1,23.1,20,0
DGE,60,20250327,170000,22.6,22.9,22.5,22.9,102,0
DGE,60,20250328,110000,22.9,23,22.9,23,297,0
DGE,60,20250328,160000,22.6,22.6,22.6,22.6,40,0
DGE,60,20250331,110000,22.6,22.6,22.6,22.6,83,0
DGE,60,20250331,150000,23,23,23,23,50,0
DGE,60,20250331,160000,23,23,23,23,70,0
DGE,60,20250331,170000,23.2,23.2,23.2,23.2,59,0
DGE,60,20250401,100000,23.2,23.2,23.2,23.2,8,0
DGE,60,20250401,120000,23.2,23.2,23.2,23.2,16,0
DGE,60,20250401,130000,23.2,23.2,23.2,23.2,2,0
DGE,60,20250401,140000,23.2,23.2,23.2,23.2,1,0
DGE,60,20250401,160000,22.6,22.6,22.6,22.6,40,0
DGE,60,20250401,170000,23.2,23.2,23.2,23.2,28,0
DGE,60,20250402,100000,23.2,23.2,23.2,23.2,27,0
DGE,60,20250402,110000,23.2,23.2,23.2,23.2,144,0
DGE,60,20250402,170000,22.7,23.1,22.5,23.1,251,0
DGE,60,20250403,110000,22.6,22.6,22.6,22.6,50,0
DGE,60,20250404,130000,22.9,22.9,22.2,22.2,1055,0
DGE,60,20250404,150000,22.3,22.3,22.3,22.3,123,0
DGE,60,20250407,100000,22,22.6,21.9,21.9,1911,0
DGE,60,20250407,110000,21.6,21.8,21.5,21.8,833,0
DGE,60,20250407,120000,21.5,21.5,21.5,21.5,5,0
DGE,60,20250407,130000,21.4,22,21.4,22,436,0
DGE,60,20250407,140000,21.6,21.6,21.6,21.6,150,0
DGE,60,20250407,160000,21.6,21.6,21.6,21.6,50,0
DGE,60,20250407,170000,21.6,21.6,20.8,20.8,87,0
DGE,60,20250408,100000,20.4,20.5,20.2,20.5,372,0
DGE,60,20250408,110000,20.5,20.5,20.2,20.2,4,0
DGE,60,20250408,130000,20.2,20.2,19.9,19.9,150,0
DGE,60,20250408,150000,20,20.5,19.1,20.5,220,0
DGE,60,20250408,160000,20.5,20.5,20.5,20.5,5,0
DGE,60,20250409,100000,20,20,20,20,41,0
DGE,60,20250409,120000,20.1,21,19.7,21,243,0
DGE,60,20250409,130000,21,21.1,20.9,20.9,249,0
DGE,60,20250410,100000,20.9,22,20.6,20.6,366,0
DGE,60,20250410,110000,20.6,22,20.5,21.6,258,0
DGE,60,20250410,120000,21.1,21.6,21.1,21.6,237,0
DGE,60,20250410,140000,21.7,21.7,21.5,21.5,143,0
DGE,60,20250410,150000,22,22,22,22,106,0
DGE,60,20250411,110000,22,22.1,22,22.1,83,0
DGE,60,20250414,120000,22.1,22.5,22.1,22.5,95,0
DGE,60,20250414,130000,22.5,22.5,22.5,22.5,130,0
DGE,60,20250414,140000,22.6,22.6,22.6,22.6,5,0
DGE,60,20250414,150000,22.6,22.6,22.6,22.6,97,0
DGE,60,20250414,170000,22.7,22.7,21.7,21.7,4,0
DGE,60,20250415,100000,20.8,20.8,20.8,20.8,2,0
DGE,60,20250415,140000,22,22.7,22,22.7,269,0
DGE,60,20250415,150000,22.7,22.7,22.7,22.7,30,0
DGE,60,20250415,170000,22.6,22.6,22.6,22.6,2,0
DGE,60,20250416,150000,21.5,21.5,20.9,20.9,15,0
DGE,60,20250416,160000,21.2,21.2,21.2,21.2,85,0
DGE,60,20250416,170000,21.2,21.9,21.2,21.9,99,0
DGE,60,20250417,130000,21.1,21.1,21,21,25,0
DGE,60,20250417,140000,21,21.4,21,21.4,340,0
DGE,60,20250417,150000,21.3,21.6,21.3,21.6,75,0
DGE,60,20250422,100000,22.2,22.4,22.2,22.4,138,0
DGE,60,20250422,110000,22.4,22.4,22.4,22.4,12,0
DGE,60,20250422,120000,22.5,22.5,22.5,22.5,6,0
DGE,60,20250422,150000,21.9,21.9,21.9,21.9,1,0
DGE,60,20250422,170000,21.9,21.9,21,21.8,153,0
DGE,60,20250423,100000,21.1,21.1,20.9,20.9,262,0
DGE,60,20250423,110000,21.7,21.7,21.7,21.7,25,0
DGE,60,20250423,130000,20.9,20.9,20.9,20.9,3,0
DGE,60,20250423,140000,21.6,21.7,21.6,21.7,3,0
DGE,60,20250424,100000,21.6,21.6,21,21,11,0
DGE,60,20250424,110000,21,21,21,21,1,0
DGE,60,20250424,150000,21.4,21.4,21.4,21.4,1,0
DGE,60,20250424,160000,21.4,21.4,21.4,21.4,60,0
DGE,60,20250425,100000,21.5,21.5,21.5,21.5,30,0
DGE,60,20250425,120000,21.5,22.3,21.5,22.3,100,0
DGE,60,20250425,140000,22.4,22.4,22.4,22.4,4,0
DGE,60,20250425,150000,22.4,22.5,22.4,22.5,80,0
DGE,60,20250428,100000,22.4,22.4,22.4,22.4,1,0
DGE,60,20250428,110000,21.2,22.1,21,22.1,62,0
DGE,60,20250428,120000,22.1,22.2,22,22,142,0
DGE,60,20250428,160000,22.2,22.2,22.2,22.2,42,0
DGE,60,20250428,170000,22.5,22.5,22.2,22.5,432,0
DGE,60,20250429,120000,21.5,21.5,21.5,21.5,44,0
DGE,60,20250429,130000,22.3,22.7,22.2,22.2,161,0
DGE,60,20250429,150000,22,22,22,22,80,0
DGE,60,20250429,160000,22,22,22,22,2,0
DGE,60,20250430,100000,22,22,22,22,32,0
DGE,60,20250430,130000,22,22,22,22,66,0
DGE,60,20250502,100000,22.4,22.4,22.4,22.4,100,0
DGE,60,20250502,120000,21.7,21.7,21.7,21.7,140,0
DGE,60,20250502,140000,22,22,21.7,21.7,113,0
DGE,60,20250502,150000,21.7,22.7,21.6,22.7,590,0
DGE,60,20250505,100000,22.4,22.4,22.4,22.4,3,0
DGE,60,20250505,110000,22.4,22.4,22.4,22.4,4,0
DGE,60,20250505,120000,21.6,21.6,21.5,21.5,119,0
DGE,60,20250505,130000,21.5,22.3,21.5,22.3,89,0
DGE,60,20250505,150000,21.3,21.3,21.1,21.1,293,0
DGE,60,20250505,160000,21.1,21.1,21.1,21.1,4,0
DGE,60,20250505,170000,22,22,22,22,1,0
DGE,60,20250506,100000,22,22.2,22,22.2,255,0
DGE,60,20250506,110000,22.2,22.7,22.2,22.7,136,0
DGE,60,20250506,120000,22.7,22.7,22.2,22.2,45,0
DGE,60,20250506,130000,22.5,22.5,22.5,22.5,28,0
DGE,60,20250506,140000,22.5,22.5,22.5,22.5,38,0
DGE,60,20250506,150000,22.7,22.8,22.7,22.8,219,0
DGE,60,20250506,170000,22.8,22.8,22.8,22.8,1,0
