<TICKER>,<PER>,<DATE>,<TIME>,<OPEN>,<HIGH>,<LOW>,<CLOSE>,<VOL>,<OPENINT>
EHG,60,20240411,100000,2.36,2.36,2.36,2.36,930,0
EHG,60,20240411,130000,2.36,2.36,2.36,2.36,5,0
EHG,60,20240415,170000,2.32,2.32,2.26,2.26,48,0
EHG,60,20240416,110000,2.34,2.34,2.34,2.34,3,0
EHG,60,20240416,150000,2.36,2.36,2.36,2.36,2110,0
EHG,60,20240416,160000,2.28,2.36,2.28,2.36,1668,0
EHG,60,20240422,120000,2.3,2.3,2.22,2.22,350,0
EHG,60,20240426,100000,2.22,2.22,2.22,2.22,100,0
EHG,60,20240426,120000,2.3,2.3,2.3,2.3,264,0
EHG,60,20240426,130000,2.42,2.42,2.42,2.42,117,0
EHG,60,20240429,100000,2.32,2.32,2.24,2.24,194,0
EHG,60,20240429,110000,2.24,2.24,2.24,2.24,17,0
EHG,60,20240429,120000,2.4,2.4,2.4,2.4,100,0
EHG,60,20240429,130000,2.42,2.44,2.42,2.44,804,0
EHG,60,20240430,150000,2.44,2.44,2.44,2.44,18,0
EHG,60,20240430,160000,2.44,2.44,2.44,2.44,200,0
EHG,60,20240430,170000,2.44,2.44,2.44,2.44,1000,0
EHG,60,20240502,160000,2.3,2.3,2.2,2.2,2620,0
EHG,60,20240508,130000,2.24,2.24,2.22,2.22,146,0
EHG,60,20240510,170000,2.44,2.74,2.44,2.74,2670,0
EHG,60,20240513,100000,2.72,2.82,2.72,2.82,5888,0
EHG,60,20240513,110000,2.88,2.98,2.88,2.98,1000,0
EHG,60,20240513,120000,2.98,3.26,2.98,3.26,1123,0
EHG,60,20240513,130000,3.26,3.26,3.22,3.26,1191,0
EHG,60,20240513,140000,3.26,3.26,3.24,3.24,762,0
EHG,60,20240513,150000,3.26,3.26,3.24,3.26,85,0
EHG,60,20240513,160000,3.22,3.22,3.22,3.22,41,0
EHG,60,20240514,100000,3.26,3.5,2.96,3.5,2210,0
EHG,60,20240514,110000,3.48,3.6,3.48,3.6,2207,0
EHG,60,20240514,120000,3.92,3.92,3.44,3.44,4626,0
EHG,60,20240514,130000,3.9,3.9,3.44,3.88,798,0
EHG,60,20240514,140000,3.76,3.92,3.76,3.92,4868,0
EHG,60,20240514,150000,3.92,3.92,3.92,3.92,3,0
EHG,60,20240514,160000,3.8,3.92,3.44,3.92,1446,0
EHG,60,20240514,170000,3.9,3.9,3.44,3.44,174,0
EHG,60,20240515,100000,3.78,3.92,3.52,3.9,6057,0
EHG,60,20240515,110000,3.78,3.78,3.78,3.78,57,0
EHG,60,20240515,120000,3.76,3.9,3.72,3.9,923,0
EHG,60,20240515,130000,3.88,3.9,3.88,3.9,268,0
EHG,60,20240515,140000,3.74,3.8,3.52,3.58,4110,0
EHG,60,20240515,150000,3.56,3.56,3.56,3.56,250,0
EHG,60,20240515,160000,3.78,3.78,3.78,3.78,2,0
EHG,60,20240515,170000,3.56,3.8,3.54,3.56,4081,0
EHG,60,20240516,100000,3.78,3.9,3.52,3.52,3718,0
EHG,60,20240516,110000,3.72,3.86,3.42,3.86,1152,0
EHG,60,20240516,120000,3.8,3.86,3.8,3.8,532,0
EHG,60,20240516,130000,3.46,3.46,3.46,3.46,500,0
EHG,60,20240516,140000,3.46,3.74,3.42,3.74,826,0
EHG,60,20240516,160000,3.7,3.74,3.44,3.44,1615,0
EHG,60,20240516,170000,3.42,3.7,3.38,3.38,2033,0
EHG,60,20240517,100000,3.72,3.74,3.44,3.74,4279,0
EHG,60,20240517,120000,3.7,3.7,3.7,3.7,7,0
EHG,60,20240517,140000,3.44,3.44,3.34,3.34,2700,0
EHG,60,20240517,160000,3.5,3.5,3.5,3.5,500,0
EHG,60,20240520,100000,3.34,3.36,3.34,3.36,740,0
EHG,60,20240520,120000,3.36,3.36,3.36,3.36,10,0
EHG,60,20240520,150000,3.36,3.36,3.36,3.36,103,0
EHG,60,20240520,170000,3.36,3.36,3.36,3.36,607,0
EHG,60,20240521,110000,3.36,3.36,3.36,3.36,240,0
EHG,60,20240521,130000,3.34,3.34,3.34,3.34,808,0
EHG,60,20240521,140000,3.34,3.34,3.3,3.3,1228,0
EHG,60,20240521,150000,3.3,3.3,3.3,3.3,100,0
EHG,60,20240522,100000,3.3,3.3,3.3,3.3,880,0
EHG,60,20240522,170000,3.3,3.3,3.3,3.3,2422,0
EHG,60,20240523,150000,3.46,3.46,3.46,3.46,122,0
EHG,60,20240524,120000,3.14,3.14,3.14,3.14,14,0
EHG,60,20240524,130000,3.16,3.16,2.84,2.96,4420,0
EHG,60,20240524,140000,2.98,2.98,2.98,2.98,390,0
EHG,60,20240524,150000,2.98,2.98,2.98,2.98,2422,0
EHG,60,20240527,100000,3,3,3,3,76,0
EHG,60,20240527,110000,3,3,3,3,483,0
EHG,60,20240528,100000,2.86,2.86,2.82,2.82,93,0
EHG,60,20240528,120000,2.82,2.82,2.82,2.82,308,0
EHG,60,20240528,150000,2.9,2.9,2.9,2.9,517,0
EHG,60,20240529,110000,2.86,2.86,2.86,2.86,12,0
EHG,60,20240529,120000,2.88,2.88,2.88,2.88,147,0
EHG,60,20240529,130000,2.88,2.88,2.88,2.88,139,0
EHG,60,20240529,170000,3.14,3.14,3.14,3.14,120,0
EHG,60,20240531,100000,3.14,3.14,2.88,2.88,1994,0
EHG,60,20240531,110000,2.88,2.88,2.88,2.88,9,0
EHG,60,20240603,170000,3.16,3.16,3.16,3.16,15,0
EHG,60,20240607,120000,3.12,3.12,3.12,3.12,161,0
EHG,60,20240611,170000,2.88,2.88,2.88,2.88,69,0
EHG,60,20240612,100000,2.88,2.88,2.88,2.88,51,0
EHG,60,20240612,170000,2.88,2.88,2.88,2.88,4,0
EHG,60,20240613,100000,2.74,2.76,2.74,2.74,163,0
EHG,60,20240613,120000,2.74,2.74,2.7,2.7,1662,0
EHG,60,20240613,130000,2.62,2.7,2.62,2.7,770,0
EHG,60,20240614,150000,2.74,2.74,2.66,2.66,1290,0
EHG,60,20240617,160000,2.64,2.64,2.64,2.64,778,0
EHG,60,20240619,100000,2.58,2.58,2.58,2.58,120,0
EHG,60,20240619,110000,2.44,2.44,2.44,2.44,24,0
EHG,60,20240619,130000,2.46,2.46,2.44,2.44,2311,0
EHG,60,20240619,140000,2.42,2.42,2.38,2.4,2326,0
EHG,60,20240619,150000,2.4,2.4,2.4,2.4,425,0
EHG,60,20240619,160000,2.46,2.46,2.46,2.46,200,0
EHG,60,20240619,170000,2.46,2.46,2.46,2.46,400,0
EHG,60,20240620,120000,2.4,2.4,2.4,2.4,5,0
EHG,60,20240620,170000,2.5,2.5,2.5,2.5,10,0
EHG,60,20240624,100000,2.5,2.5,2.5,2.5,100,0
EHG,60,20240624,160000,2.42,2.42,2.36,2.36,50,0
EHG,60,20240624,170000,2.28,2.52,2.28,2.52,59,0
EHG,60,20240625,100000,2.52,2.52,2.52,2.52,4,0
EHG,60,20240627,130000,2.48,2.48,2.36,2.36,20,0
EHG,60,20240627,150000,2.54,2.54,2.52,2.52,237,0
EHG,60,20240627,160000,2.52,2.52,2.52,2.52,2,0
EHG,60,20240627,170000,2.52,2.54,2.4,2.54,59,0
EHG,60,20240701,100000,2.58,2.58,2.58,2.58,600,0
EHG,60,20240701,170000,2.56,2.56,2.56,2.56,164,0
EHG,60,20240702,100000,2.54,2.54,2.54,2.54,34,0
EHG,60,20240702,170000,2.72,2.72,2.72,2.72,8,0
EHG,60,20240703,120000,2.76,2.76,2.58,2.64,28,0
EHG,60,20240703,130000,2.62,2.62,2.54,2.54,10,0
EHG,60,20240703,140000,2.64,2.66,2.62,2.66,10,0
EHG,60,20240703,160000,2.8,2.8,2.72,2.72,18,0
EHG,60,20240703,170000,2.8,2.8,2.76,2.76,171,0
EHG,60,20240704,110000,2.84,2.84,2.84,2.84,4,0
EHG,60,20240704,150000,2.82,3.04,2.82,3.04,179,0
EHG,60,20240704,170000,3.02,3.02,2.96,2.96,16,0
EHG,60,20240705,160000,2.94,2.94,2.84,2.84,12,0
EHG,60,20240705,170000,2.92,2.92,2.92,2.92,4,0
EHG,60,20240709,100000,2.96,2.96,2.88,2.88,15,0
EHG,60,20240709,130000,2.58,2.58,2.58,2.58,6,0
EHG,60,20240709,140000,2.96,3.02,2.96,3.02,13,0
EHG,60,20240710,120000,3,3,3,3,4,0
EHG,60,20240710,130000,2.6,2.6,2.6,2.6,2,0
EHG,60,20240710,140000,3,3,3,3,4,0
EHG,60,20240711,100000,2.98,2.98,2.98,2.98,4,0
EHG,60,20240711,110000,3,3,3,3,4,0
EHG,60,20240711,130000,2.98,2.98,2.98,2.98,4,0
EHG,60,20240712,150000,3,3,3,3,4,0
EHG,60,20240716,160000,3,3,3,3,6,0
EHG,60,20240717,120000,2.98,2.98,2.98,2.98,4,0
EHG,60,20240717,130000,2.96,2.96,2.94,2.94,8,0
EHG,60,20240718,110000,2.84,2.84,2.84,2.84,4,0
EHG,60,20240718,130000,2.86,2.92,2.56,2.92,428,0
EHG,60,20240718,150000,2.92,2.92,2.92,2.92,5,0
EHG,60,20240719,130000,2.92,2.98,2.92,2.98,75,0
EHG,60,20240719,150000,2.98,2.98,2.98,2.98,50,0
EHG,60,20240722,100000,2.96,2.96,2.96,2.96,4,0
EHG,60,20240722,110000,2.94,2.94,2.94,2.94,4,0
EHG,60,20240723,120000,2.92,2.92,2.56,2.56,50,0
EHG,60,20240723,160000,2.86,2.86,2.86,2.86,4,0
EHG,60,20240724,100000,2.92,2.92,2.92,2.92,4,0
EHG,60,20240724,110000,2.92,2.92,2.92,2.92,4,0
EHG,60,20240724,120000,2.84,2.84,2.84,2.84,4,0
EHG,60,20240724,150000,2.84,2.84,2.84,2.84,5,0
EHG,60,20240726,110000,2.9,2.9,2.9,2.9,4,0
EHG,60,20240729,130000,2.88,2.88,2.88,2.88,4,0
EHG,60,20240731,100000,2.88,2.88,2.8,2.8,522,0
EHG,60,20240731,110000,2.46,2.46,2.46,2.46,400,0
EHG,60,20240731,130000,2.84,2.84,2.78,2.78,12,0
EHG,60,20240731,140000,2.76,2.76,2.76,2.76,58,0
EHG,60,20240731,150000,2.8,2.8,2.74,2.74,8,0
EHG,60,20240801,100000,2.74,2.84,2.74,2.84,24,0
EHG,60,20240801,110000,2.68,2.68,2.48,2.58,16,0
EHG,60,20240801,130000,2.8,2.8,2.8,2.8,1194,0
EHG,60,20240802,100000,2.76,2.76,2.48,2.48,20,0
EHG,60,20240805,120000,2.66,2.66,2.66,2.66,5,0
EHG,60,20240806,100000,2.7,2.7,2.7,2.7,199,0
EHG,60,20240806,150000,2.74,2.74,2.62,2.62,40,0
EHG,60,20240806,170000,2.56,2.56,2.56,2.56,26,0
EHG,60,20240808,100000,2.56,2.8,2.56,2.8,318,0
EHG,60,20240808,120000,2.78,3,2.78,3,4163,0
EHG,60,20240808,130000,2.96,3,2.72,2.72,1233,0
EHG,60,20240808,150000,2.88,2.88,2.88,2.88,2,0
EHG,60,20240808,170000,2.96,2.96,2.96,2.96,16,0
EHG,60,20240812,100000,2.96,2.96,2.96,2.96,20,0
EHG,60,20240813,120000,2.92,2.92,2.88,2.88,8,0
EHG,60,20240813,130000,2.8,2.8,2.8,2.8,1660,0
EHG,60,20240819,170000,2.88,2.98,2.88,2.98,104,0
EHG,60,20240820,120000,2.96,2.96,2.96,2.96,4,0
EHG,60,20240820,140000,2.84,2.84,2.68,2.68,147,0
EHG,60,20240820,150000,2.7,2.7,2.7,2.7,11,0
EHG,60,20240820,160000,2.82,2.82,2.82,2.82,61,0
EHG,60,20240821,110000,2.88,2.88,2.88,2.88,4,0
EHG,60,20240822,160000,2.86,2.86,2.86,2.86,4,0
EHG,60,20240826,130000,2.68,2.82,2.6,2.82,1246,0
EHG,60,20240826,170000,2.9,2.9,2.78,2.78,31,0
EHG,60,20240828,160000,2.86,2.86,2.84,2.84,8,0
EHG,60,20240828,170000,2.74,2.74,2.74,2.74,2,0
EHG,60,20240829,130000,2.78,2.78,2.56,2.56,1425,0
EHG,60,20240830,110000,2.72,2.72,2.72,2.72,4,0
EHG,60,20240902,160000,2.72,2.72,2.72,2.72,20,0
EHG,60,20240903,170000,2.48,2.48,2.48,2.48,57,0
EHG,60,20240905,100000,2.46,2.62,2.46,2.62,14,0
EHG,60,20240905,110000,2.58,2.58,2.58,2.58,1,0
EHG,60,20240905,150000,2.72,2.72,2.58,2.58,57,0
EHG,60,20240906,110000,2.46,2.68,2.38,2.68,458,0
EHG,60,20240906,120000,2.52,2.52,2.52,2.52,4,0
EHG,60,20240906,160000,2.68,2.76,2.68,2.76,280,0
EHG,60,20240906,170000,2.76,2.76,2.62,2.62,1381,0
EHG,60,20240909,130000,2.5,2.5,2.46,2.46,60,0
EHG,60,20240911,110000,2.46,2.46,2.24,2.24,2252,0
EHG,60,20240912,120000,2.64,2.64,2.64,2.64,4,0
EHG,60,20240912,140000,2.68,2.68,2.68,2.68,5,0
EHG,60,20240913,170000,2.56,2.7,2.56,2.62,12,0
EHG,60,20240916,110000,2.62,2.62,2.62,2.62,1,0
EHG,60,20240917,170000,2.52,2.54,2.44,2.44,24,0
EHG,60,20240918,110000,2.36,2.36,2.36,2.36,205,0
EHG,60,20240918,150000,2.36,2.36,2.36,2.36,650,0
EHG,60,20240918,170000,2.36,2.36,2.36,2.36,900,0
EHG,60,20240919,100000,2.36,2.36,2.34,2.36,918,0
EHG,60,20240919,130000,2.32,2.32,2.32,2.32,5,0
EHG,60,20240920,160000,2.34,2.34,2.34,2.34,829,0
EHG,60,20240923,170000,2.34,2.34,2.32,2.32,1137,0
EHG,60,20240924,100000,2.32,2.32,2.32,2.32,700,0
EHG,60,20240924,140000,2.32,2.32,2.32,2.32,850,0
EHG,60,20240925,100000,2.32,2.32,2.32,2.32,100,0
EHG,60,20240926,110000,2.3,2.3,2.2,2.2,7358,0
EHG,60,20240926,120000,2.26,2.26,2.26,2.26,700,0
EHG,60,20240926,130000,2.2,2.2,2.2,2.2,1100,0
EHG,60,20240926,150000,2.16,2.16,2.16,2.16,1189,0
EHG,60,20240926,170000,2.32,2.32,2.32,2.32,5,0
EHG,60,20240927,150000,2.24,2.24,2.24,2.24,5,0
EHG,60,20240927,170000,2.2,2.2,2.2,2.2,59,0
EHG,60,20240930,110000,2.2,2.2,2,2,6504,0
EHG,60,20240930,120000,2,2,2,2,516,0
EHG,60,20240930,150000,2.02,2.02,2.02,2.02,516,0
EHG,60,20240930,160000,2.1,2.1,2.1,2.1,140,0
EHG,60,20240930,170000,2.1,2.1,2.1,2.1,380,0
EHG,60,20241001,120000,2.16,2.16,2.16,2.16,5,0
EHG,60,20241001,130000,2.12,2.12,2.12,2.12,5,0
EHG,60,20241001,170000,2.16,2.16,2.16,2.16,7,0
EHG,60,20241002,110000,2.14,2.14,2.14,2.14,5,0
EHG,60,20241002,150000,2.04,2.18,2.04,2.18,12,0
EHG,60,20241002,170000,2,2.04,2,2.04,2804,0
EHG,60,20241003,120000,2.16,2.16,2.16,2.16,2,0
EHG,60,20241003,130000,2.16,2.16,2.16,2.16,3,0
EHG,60,20241003,160000,2.12,2.12,2.12,2.12,5,0
EHG,60,20241004,150000,2,2,1.95,1.95,1305,0
EHG,60,20241007,100000,2.16,2.18,2.16,2.18,346,0
EHG,60,20241007,110000,2.18,2.18,2.18,2.18,1700,0
EHG,60,20241007,120000,2.18,2.18,2.14,2.16,25,0
EHG,60,20241007,130000,2.16,2.36,2.16,2.32,939,0
EHG,60,20241007,140000,2.24,2.24,2.24,2.24,68,0
EHG,60,20241007,160000,2.18,2.18,2.18,2.18,200,0
EHG,60,20241007,170000,2.28,2.28,2.28,2.28,1000,0
EHG,60,20241008,100000,2.28,2.48,2.28,2.48,583,0
EHG,60,20241008,110000,2.48,2.5,2.48,2.5,1681,0
EHG,60,20241008,120000,2.62,2.74,2.62,2.74,4740,0
EHG,60,20241008,130000,2.64,2.74,2.3,2.3,4932,0
EHG,60,20241008,150000,2.36,2.36,2.36,2.36,121,0
EHG,60,20241009,130000,2.34,2.34,2.34,2.34,14,0
EHG,60,20241010,100000,2.22,2.44,2.2,2.44,7740,0
EHG,60,20241010,110000,2.44,2.44,2.44,2.44,70,0
EHG,60,20241010,120000,2.44,2.44,2.3,2.3,412,0
EHG,60,20241010,130000,2.3,2.3,2.3,2.3,23,0
EHG,60,20241010,170000,2.3,2.3,2.3,2.3,55,0
EHG,60,20241011,120000,2.3,2.48,2.3,2.48,118,0
EHG,60,20241011,130000,2.48,2.48,2.48,2.48,200,0
EHG,60,20241011,170000,2.44,2.44,2.44,2.44,5,0
EHG,60,20241014,100000,2.46,2.46,2.24,2.34,840,0
EHG,60,20241014,150000,2.46,2.46,2.46,2.46,61,0
EHG,60,20241014,160000,2.48,2.48,2.48,2.48,10,0
EHG,60,20241014,170000,2.48,2.48,2.46,2.46,179,0
EHG,60,20241016,100000,2.46,2.46,2.26,2.28,60,0
EHG,60,20241016,120000,2.28,2.28,2.26,2.26,2514,0
EHG,60,20241016,170000,2.26,2.26,2.26,2.26,120,0
EHG,60,20241017,160000,2.42,2.42,2.42,2.42,5,0
EHG,60,20241018,140000,2.38,2.38,2.38,2.38,5,0
EHG,60,20241018,170000,2.42,2.42,2.42,2.42,5,0
EHG,60,20241021,150000,2.34,2.34,2.34,2.34,5,0
EHG,60,20241021,160000,2.04,2.16,2.04,2.16,4092,0
EHG,60,20241022,100000,2.12,2.12,2.12,2.12,167,0
EHG,60,20241022,170000,2.12,2.12,2.08,2.08,74,0
EHG,60,20241023,120000,2.26,2.26,2.26,2.26,38,0
EHG,60,20241023,140000,2.18,2.18,2.18,2.18,71,0
EHG,60,20241024,100000,2.08,2.08,2.08,2.08,76,0
EHG,60,20241024,110000,2.56,2.56,2.56,2.56,3000,0
EHG,60,20241024,120000,2.52,2.52,2.26,2.48,1177,0
EHG,60,20241024,130000,2.6,2.64,2.6,2.64,700,0
EHG,60,20241024,140000,2.64,2.64,2.26,2.26,2033,0
EHG,60,20241024,170000,2.64,2.64,2.64,2.64,2410,0
EHG,60,20241025,100000,2.68,2.8,2.68,2.8,252,0
EHG,60,20241025,110000,2.7,2.7,2.58,2.58,248,0
EHG,60,20241025,140000,2.62,2.62,2.62,2.62,7,0
EHG,60,20241025,170000,2.6,2.62,2.46,2.62,160,0
EHG,60,20241028,150000,2.56,2.56,2.46,2.46,76,0
EHG,60,20241028,160000,2.7,2.78,2.7,2.78,883,0
EHG,60,20241029,130000,2.8,2.96,2.8,2.96,4500,0
EHG,60,20241029,140000,2.92,2.92,2.92,2.92,4,0
EHG,60,20241029,160000,2.9,2.9,2.84,2.84,5,0
EHG,60,20241029,170000,2.88,2.88,2.84,2.84,12,0
EHG,60,20241030,100000,2.92,3.18,2.92,3.18,300,0
EHG,60,20241030,110000,3.14,3.14,2.72,2.72,71,0
EHG,60,20241030,120000,3.08,3.08,3.08,3.08,8,0
EHG,60,20241030,130000,3.1,3.1,3.1,3.1,16,0
EHG,60,20241030,150000,3.08,3.08,2.92,2.92,9,0
EHG,60,20241030,160000,3.08,3.08,2.7,2.7,1342,0
EHG,60,20241030,170000,2.76,2.76,2.64,2.64,321,0
EHG,60,20241031,100000,2.9,2.9,2.9,2.9,8,0
EHG,60,20241031,110000,2.88,2.88,2.64,2.64,1122,0
EHG,60,20241031,120000,2.62,2.62,2.62,2.62,60,0
EHG,60,20241104,100000,2.6,2.6,2.58,2.58,8,0
EHG,60,20241104,130000,2.52,2.52,2.52,2.52,150,0
EHG,60,20241104,140000,2.5,2.5,2.5,2.5,8,0
EHG,60,20241105,100000,2.6,2.6,2.6,2.6,188,0
EHG,60,20241105,110000,2.7,2.78,2.7,2.78,704,0
EHG,60,20241105,120000,2.78,2.88,2.78,2.88,4156,0
EHG,60,20241105,130000,2.9,2.9,2.82,2.9,1653,0
EHG,60,20241105,150000,2.9,2.9,2.9,2.9,133,0
EHG,60,20241105,170000,2.92,2.92,2.82,2.82,60,0
EHG,60,20241106,100000,2.84,2.84,2.82,2.82,119,0
EHG,60,20241106,110000,2.82,2.82,2.82,2.82,94,0
EHG,60,20241106,120000,2.82,2.82,2.82,2.82,434,0
EHG,60,20241106,150000,2.82,2.82,2.82,2.82,1133,0
EHG,60,20241106,160000,2.82,2.82,2.82,2.82,100,0
EHG,60,20241107,120000,2.82,2.82,2.6,2.6,348,0
EHG,60,20241108,160000,2.84,2.84,2.48,2.48,2500,0
EHG,60,20241108,170000,2.84,2.84,2.84,2.84,120,0
EHG,60,20241112,100000,2.8,2.8,2.5,2.52,1170,0
EHG,60,20241112,110000,2.58,2.72,2.54,2.54,136,0
EHG,60,20241112,120000,2.64,2.74,2.52,2.52,168,0
EHG,60,20241112,140000,2.56,2.56,2.52,2.52,30,0
EHG,60,20241113,120000,2.5,2.5,2.5,2.5,16,0
EHG,60,20241113,130000,2.5,2.5,2.5,2.5,82,0
EHG,60,20241113,140000,2.52,2.52,2.52,2.52,4,0
EHG,60,20241114,170000,2.64,2.64,2.64,2.64,4,0
EHG,60,20241115,130000,2.54,2.54,2.54,2.54,4,0
EHG,60,20241120,120000,2.52,2.52,2.52,2.52,4,0
EHG,60,20241120,170000,2.62,2.62,2.62,2.62,4,0
EHG,60,20241122,100000,2.4,2.4,2.4,2.4,318,0
EHG,60,20241122,110000,2.4,2.4,2.4,2.4,42,0
EHG,60,20241122,170000,2.58,2.58,2.58,2.58,66,0
EHG,60,20241126,100000,2.48,2.48,2.48,2.48,99,0
EHG,60,20241126,150000,2.48,2.48,2.48,2.48,5965,0
EHG,60,20241127,100000,2.26,2.26,2.26,2.26,487,0
EHG,60,20241127,120000,2.34,2.34,2.24,2.24,10,0
EHG,60,20241127,150000,2.32,2.32,2.32,2.32,5,0
EHG,60,20241127,160000,2.24,2.24,2.24,2.24,300,0
EHG,60,20241127,170000,2.48,2.48,2.48,2.48,1000,0
EHG,60,20241128,110000,2.42,2.42,2.42,2.42,5,0
EHG,60,20241203,170000,2.52,2.52,2.4,2.4,135,0
EHG,60,20241204,130000,2.4,2.56,2.4,2.56,174,0
EHG,60,20241204,140000,2.56,2.56,2.56,2.56,5826,0
EHG,60,20241204,150000,2.56,2.56,2.56,2.56,4247,0
EHG,60,20241204,160000,2.34,2.34,2.34,2.34,1000,0
EHG,60,20241205,170000,2.3,2.34,2.3,2.3,1000,0
EHG,60,20241206,120000,2.3,2.3,2.3,2.3,2322,0
EHG,60,20241206,130000,2.3,2.3,2.3,2.3,1186,0
EHG,60,20241209,100000,2.3,2.3,2.3,2.3,570,0
EHG,60,20241209,120000,2.3,2.3,2.3,2.3,700,0
EHG,60,20241209,170000,2.26,2.26,2.26,2.26,210,0
EHG,60,20241211,110000,2.24,2.26,2.24,2.26,12,0
EHG,60,20241211,140000,2.16,2.16,2.16,2.16,5,0
EHG,60,20241211,150000,2.26,2.26,2.26,2.26,5,0
EHG,60,20241216,110000,2.08,2.08,2.08,2.08,1779,0
EHG,60,20241216,120000,2.08,2.08,2.08,2.08,1000,0
EHG,60,20241216,130000,2.08,2.08,2.04,2.04,7723,0
EHG,60,20241217,120000,2.1,2.1,2.02,2.02,13,0
EHG,60,20241217,140000,2.02,2.02,2.02,2.02,18,0
EHG,60,20241218,100000,2.02,2.02,2.02,2.02,1032,0
EHG,60,20241218,110000,2.02,2.02,2.02,2.02,20,0
EHG,60,20241218,130000,2,2,1.9,1.9,141,0
EHG,60,20241218,150000,1.94,1.94,1.82,1.9,1091,0
EHG,60,20241218,170000,2.02,2.02,2.02,2.02,500,0
EHG,60,20241220,160000,1.9,2.02,1.9,2.02,1424,0
EHG,60,20241223,110000,2.02,2.02,2.02,2.02,647,0
EHG,60,20241223,140000,2.06,2.06,2.06,2.06,6,0
EHG,60,20241223,150000,2.04,2.04,2.04,2.04,14,0
EHG,60,20241223,160000,2.02,2.02,2.02,2.02,962,0
EHG,60,20241223,170000,2.02,2.02,2.02,2.02,690,0
EHG,60,20241227,100000,2.06,2.06,2.06,2.06,10,0
EHG,60,20241227,110000,1.98,2.06,1.98,2.06,11,0
EHG,60,20241227,130000,1.98,1.98,1.98,1.98,619,0
EHG,60,20241227,140000,1.9,1.9,1.9,1.9,12,0
EHG,60,20241227,150000,1.9,1.9,1.9,1.9,704,0
EHG,60,20241230,110000,2.28,2.28,2.28,2.28,2218,0
EHG,60,20241230,120000,2.28,2.28,2.22,2.28,520,0
EHG,60,20241230,130000,2.08,2.08,2.08,2.08,5,0
EHG,60,20241230,160000,2.06,2.28,2.06,2.28,306,0
EHG,60,20241230,170000,2.1,2.1,2.1,2.1,365,0
EHG,60,20250102,100000,2.3,2.3,2.3,2.3,10,0
EHG,60,20250102,110000,2.3,2.3,2.3,2.3,40,0
EHG,60,20250102,140000,2.3,2.3,2.06,2.06,50,0
EHG,60,20250102,150000,2.06,2.06,2,2,450,0
EHG,60,20250103,110000,2.2,2.28,2.2,2.26,3953,0
EHG,60,20250103,120000,2.2,2.2,2.2,2.2,688,0
EHG,60,20250103,130000,2.28,2.4,2.28,2.4,2098,0
EHG,60,20250103,140000,2.4,2.4,2.4,2.4,1788,0
EHG,60,20250103,150000,2.38,2.4,2.22,2.4,190,0
EHG,60,20250103,160000,2.4,2.42,2.4,2.42,1171,0
EHG,60,20250103,170000,2.4,2.46,2.4,2.46,1913,0
EHG,60,20250107,100000,2.52,2.78,2.52,2.78,2987,0
EHG,60,20250107,110000,2.78,3.02,2.76,2.98,5920,0
EHG,60,20250107,120000,2.94,3,2.58,3,6110,0
EHG,60,20250107,130000,3,3.02,3,3.02,710,0
EHG,60,20250107,140000,2.82,2.9,2.82,2.9,95,0
EHG,60,20250107,150000,2.9,3,2.78,3,1763,0
EHG,60,20250107,160000,2.82,3,2.76,3,1067,0
EHG,60,20250108,100000,2.9,3.16,2.8,3.16,2990,0
EHG,60,20250108,110000,3.16,3.18,3.16,3.18,690,0
EHG,60,20250108,120000,3.18,3.18,3.18,3.18,10,0
EHG,60,20250108,140000,3.16,3.18,3.16,3.18,3500,0
EHG,60,20250108,150000,3.36,3.38,3.36,3.38,1002,0
EHG,60,20250108,160000,3.34,3.38,3.34,3.38,506,0
EHG,60,20250108,170000,3.3,3.3,3,3.28,527,0
EHG,60,20250109,100000,3.28,3.48,3.26,3.48,602,0
EHG,60,20250109,110000,3.46,3.48,2.98,2.98,1070,0
EHG,60,20250109,120000,2.98,3.16,2.96,3.16,1524,0
EHG,60,20250109,130000,2.92,3,2.82,3,2557,0
EHG,60,20250109,140000,2.72,2.98,2.72,2.98,899,0
EHG,60,20250109,160000,2.98,3.14,2.96,3.14,324,0
EHG,60,20250109,170000,3.08,3.36,3.04,3.36,1581,0
EHG,60,20250113,100000,3.36,3.48,3.36,3.44,1180,0
EHG,60,20250113,110000,3.42,3.46,3.42,3.46,894,0
EHG,60,20250113,120000,3.46,3.48,3.46,3.48,416,0
EHG,60,20250113,130000,3.48,3.48,3.48,3.48,2000,0
EHG,60,20250113,140000,3.44,3.44,3.44,3.44,228,0
EHG,60,20250113,150000,3.42,3.48,3.42,3.48,273,0
EHG,60,20250114,100000,3.48,3.48,3.48,3.48,11,0
EHG,60,20250114,120000,3.44,3.44,3.14,3.44,104,0
EHG,60,20250114,130000,3.14,3.4,3.14,3.4,511,0
EHG,60,20250114,140000,3.36,3.36,3.36,3.36,11,0
EHG,60,20250114,150000,3.14,3.44,3.14,3.44,2078,0
EHG,60,20250114,160000,3.44,3.92,3.44,3.92,15729,0
EHG,60,20250114,170000,3.8,3.8,3.76,3.76,190,0
EHG,60,20250115,100000,3.86,3.86,3.48,3.8,127,0
EHG,60,20250115,110000,3.48,3.76,3.48,3.48,609,0
EHG,60,20250115,120000,3.68,3.76,3.68,3.76,122,0
EHG,60,20250115,130000,3.76,3.76,3.76,3.76,8,0
EHG,60,20250115,140000,3.7,3.7,3.68,3.7,29,0
EHG,60,20250115,150000,3.64,3.64,3.64,3.64,18,0
EHG,60,20250115,160000,3.64,3.7,3.64,3.7,120,0
EHG,60,20250115,170000,3.68,3.7,3.68,3.7,460,0
EHG,60,20250116,100000,3.6,3.7,3.6,3.7,50,0
EHG,60,20250116,140000,3.18,3.5,3.16,3.5,792,0
EHG,60,20250116,150000,3.4,3.5,3.4,3.5,10,0
EHG,60,20250116,170000,3.16,3.48,3.16,3.48,267,0
EHG,60,20250117,100000,3.48,3.48,3.16,3.16,801,0
EHG,60,20250117,110000,3.48,3.6,3.38,3.58,516,0
EHG,60,20250120,100000,3.56,3.58,3.56,3.58,21,0
EHG,60,20250120,110000,3.22,3.4,3.22,3.4,27,0
EHG,60,20250120,120000,3.4,3.4,3.22,3.4,249,0
EHG,60,20250120,170000,3.4,3.4,3.4,3.4,2,0
EHG,60,20250121,100000,3.4,3.7,3.12,3.66,1924,0
EHG,60,20250121,110000,3.56,3.56,3.56,3.56,520,0
EHG,60,20250121,120000,3.24,3.5,3.06,3.5,1824,0
EHG,60,20250121,130000,3.4,3.5,3.4,3.5,350,0
EHG,60,20250121,140000,3.38,3.48,3.38,3.48,13,0
EHG,60,20250121,150000,3.12,3.12,3.12,3.12,25,0
EHG,60,20250121,160000,3.4,3.48,3.4,3.48,219,0
EHG,60,20250121,170000,3.5,3.5,3.5,3.5,9,0
EHG,60,20250122,100000,3.58,3.58,3.4,3.58,69,0
EHG,60,20250122,120000,3.36,3.36,2.96,2.96,6088,0
EHG,60,20250122,130000,3.34,3.36,3.34,3.36,273,0
EHG,60,20250122,140000,3.34,3.34,3.34,3.34,43,0
EHG,60,20250122,150000,3.36,3.36,3.36,3.36,8,0
EHG,60,20250122,160000,3.06,3.3,2.94,3.26,7801,0
EHG,60,20250122,170000,3.24,3.34,3.24,3.3,464,0
EHG,60,20250123,100000,3.32,3.32,3.32,3.32,6,0
EHG,60,20250123,130000,3.04,3.32,3.04,3.3,211,0
EHG,60,20250123,150000,3.28,3.3,3.28,3.3,359,0
EHG,60,20250123,160000,3.26,3.4,3.26,3.4,2528,0
EHG,60,20250124,100000,3.46,3.48,3.12,3.3,506,0
EHG,60,20250124,110000,3.28,3.28,3.28,3.28,56,0
EHG,60,20250124,120000,3.3,3.3,3.3,3.3,1,0
EHG,60,20250127,100000,3.46,3.48,3.46,3.48,131,0
EHG,60,20250127,110000,3.48,3.48,3.12,3.36,337,0
EHG,60,20250127,150000,3.08,3.08,2.82,2.82,4590,0
EHG,60,20250127,160000,2.8,2.84,2.54,2.82,2864,0
EHG,60,20250127,170000,2.84,2.9,2.54,2.86,7803,0
EHG,60,20250128,100000,2.86,2.86,2.68,2.84,15869,0
EHG,60,20250128,110000,2.64,2.82,2.6,2.6,9136,0
EHG,60,20250128,120000,2.76,2.76,2.76,2.76,4,0
EHG,60,20250128,150000,2.72,2.72,2.64,2.64,8,0
EHG,60,20250128,160000,2.74,2.76,2.74,2.76,535,0
EHG,60,20250128,170000,2.72,2.72,2.72,2.72,4,0
EHG,60,20250129,100000,2.8,2.8,2.78,2.78,62,0
EHG,60,20250129,110000,2.74,2.74,2.64,2.64,510,0
EHG,60,20250129,160000,2.72,2.72,2.72,2.72,4,0
EHG,60,20250129,170000,2.74,2.76,2.72,2.72,23,0
EHG,60,20250130,100000,2.7,2.7,2.7,2.7,4,0
EHG,60,20250130,110000,2.62,2.62,2.5,2.5,4605,0
EHG,60,20250130,120000,2.52,2.52,2.48,2.48,9681,0
EHG,60,20250130,130000,2.48,2.48,2.48,2.48,304,0
EHG,60,20250130,140000,2.54,2.56,2.54,2.56,190,0
EHG,60,20250130,150000,2.56,2.56,2.56,2.56,5799,0
EHG,60,20250130,170000,2.56,2.72,2.48,2.48,5455,0
EHG,60,20250131,100000,2.56,2.56,2.5,2.5,375,0
EHG,60,20250131,120000,2.58,2.58,2.58,2.58,10,0
EHG,60,20250131,130000,2.5,2.5,2.5,2.5,1338,0
EHG,60,20250131,140000,2.5,2.5,2.5,2.5,1,0
EHG,60,20250131,150000,2.48,2.48,2.46,2.46,70,0
EHG,60,20250203,100000,2.56,2.56,2.56,2.56,4,0
EHG,60,20250203,130000,2.46,2.46,2.46,2.46,228,0
EHG,60,20250203,140000,2.52,2.52,2.52,2.52,4,0
EHG,60,20250203,150000,2.54,2.54,2.54,2.54,5,0
EHG,60,20250204,100000,2.52,2.52,2.52,2.52,5,0
EHG,60,20250204,120000,2.52,2.52,2.52,2.52,50,0
EHG,60,20250204,170000,2.52,2.52,2.52,2.52,54,0
EHG,60,20250205,100000,2.54,2.54,2.54,2.54,13,0
EHG,60,20250205,110000,2.54,2.54,2.54,2.54,42,0
EHG,60,20250205,130000,2.52,2.52,2.52,2.52,1900,0
EHG,60,20250211,120000,2.52,2.52,2.52,2.52,4,0
EHG,60,20250212,100000,2.48,2.48,2.48,2.48,40,0
EHG,60,20250212,140000,2.48,2.48,2.48,2.48,20,0
EHG,60,20250213,110000,2.46,2.46,2.46,2.46,52,0
EHG,60,20250213,120000,2.44,2.44,2.44,2.44,2,0
EHG,60,20250213,150000,2.46,2.46,2.46,2.46,5,0
EHG,60,20250214,160000,2.46,2.46,2.46,2.46,5,0
EHG,60,20250217,100000,2.4,2.46,2.4,2.4,1405,0
EHG,60,20250219,170000,2.46,2.46,2.46,2.46,5,0
EHG,60,20250220,160000,2.4,2.4,2.4,2.4,1,0
EHG,60,20250225,100000,2.4,2.4,2.4,2.4,25,0
EHG,60,20250225,170000,2.48,2.48,2.48,2.48,5,0
EHG,60,20250226,100000,2.4,2.4,2.4,2.4,311,0
EHG,60,20250227,140000,2.5,2.5,2.4,2.46,110,0
EHG,60,20250303,100000,2.32,2.32,2.32,2.32,2050,0
EHG,60,20250303,130000,2.32,2.32,2.32,2.32,700,0
EHG,60,20250305,110000,2.46,2.48,2.4,2.4,315,0
EHG,60,20250305,120000,2.48,2.48,2.42,2.42,10,0
EHG,60,20250305,150000,2.5,2.54,2.5,2.54,2355,0
EHG,60,20250305,160000,2.66,2.66,2.64,2.64,758,0
EHG,60,20250305,170000,2.62,2.62,2.6,2.6,305,0
EHG,60,20250307,100000,2.6,2.6,2.6,2.6,300,0
EHG,60,20250311,120000,2.56,2.56,2.5,2.5,157,0
EHG,60,20250311,130000,2.5,2.5,2.5,2.5,893,0
EHG,60,20250313,120000,2.62,2.62,2.62,2.62,4,0
EHG,60,20250313,130000,2.5,2.5,2.5,2.5,490,0
EHG,60,20250314,110000,2.5,2.5,2.5,2.5,1000,0
EHG,60,20250314,130000,2.56,2.56,2.56,2.56,4,0
EHG,60,20250317,110000,2.6,2.6,2.6,2.6,4,0
EHG,60,20250317,120000,2.5,2.5,2.5,2.5,343,0
EHG,60,20250317,150000,2.5,2.5,2.5,2.5,5,0
EHG,60,20250317,170000,2.44,2.44,2.44,2.44,5,0
EHG,60,20250318,140000,2.44,2.44,2.44,2.44,5,0
EHG,60,20250319,100000,2.34,2.34,2.34,2.34,100,0
EHG,60,20250319,110000,2.5,2.5,2.5,2.5,5,0
EHG,60,20250319,130000,2.5,2.54,2.5,2.54,600,0
EHG,60,20250321,140000,2.6,2.6,2.6,2.6,6,0
EHG,60,20250321,150000,2.54,2.54,2.54,2.54,5,0
EHG,60,20250321,160000,2.36,2.36,2.36,2.36,1,0
EHG,60,20250324,150000,2.48,2.48,2.48,2.48,5,0
EHG,60,20250325,110000,2.48,2.48,2.48,2.48,5,0
EHG,60,20250325,140000,2.44,2.44,2.44,2.44,5,0
EHG,60,20250327,100000,2.44,2.44,2.44,2.44,5,0
EHG,60,20250327,140000,2.52,2.52,2.52,2.52,5,0
EHG,60,20250327,170000,2.4,2.4,2.4,2.4,200,0
EHG,60,20250328,110000,2.4,2.4,2.4,2.4,38,0
EHG,60,20250331,100000,2.42,2.42,2.42,2.42,700,0
EHG,60,20250331,110000,2.42,2.42,2.42,2.42,6,0
EHG,60,20250331,160000,2.4,2.4,2.4,2.4,1768,0
EHG,60,20250331,170000,2.34,2.34,2.34,2.34,995,0
EHG,60,20250401,150000,2.34,2.34,2.34,2.34,1670,0
EHG,60,20250402,130000,2.32,2.32,2.32,2.32,3510,0
EHG,60,20250402,170000,2.34,2.34,2.34,2.34,5,0
EHG,60,20250403,100000,2.42,2.42,2.42,2.42,108,0
EHG,60,20250403,110000,2.44,2.44,2.44,2.44,1500,0
EHG,60,20250403,150000,2.4,2.4,2.4,2.4,1500,0
EHG,60,20250403,160000,2.4,2.4,2.4,2.4,600,0
EHG,60,20250403,170000,2.34,2.34,2.34,2.34,500,0
EHG,60,20250404,110000,2.56,2.56,2.56,2.56,115,0
EHG,60,20250404,160000,2.54,2.54,2.5,2.5,508,0
EHG,60,20250407,110000,2.3,2.3,2.24,2.24,398,0
EHG,60,20250407,130000,2.3,2.3,2.3,2.3,943,0
EHG,60,20250411,110000,2.34,2.34,2.34,2.34,200,0
EHG,60,20250414,130000,2.52,2.52,2.52,2.52,4,0
EHG,60,20250414,150000,2.42,2.42,2.42,2.42,144,0
EHG,60,20250416,110000,2.58,2.58,2.58,2.58,1000,0
EHG,60,20250416,120000,2.52,2.52,2.34,2.34,1000,0
EHG,60,20250416,160000,2.56,2.56,2.56,2.56,20,0
EHG,60,20250417,150000,2.56,2.56,2.56,2.56,30,0
EHG,60,20250422,110000,2.38,2.38,2.38,2.38,200,0
EHG,60,20250422,150000,2.38,2.58,2.38,2.58,6,0
EHG,60,20250423,160000,2.52,2.52,2.48,2.48,9,0
EHG,60,20250424,140000,2.52,2.52,2.52,2.52,5,0
EHG,60,20250428,110000,2.44,2.44,2.22,2.22,3042,0
EHG,60,20250428,120000,2.48,2.48,2.48,2.48,24,0
EHG,60,20250428,130000,2.48,2.48,2.48,2.48,7,0
EHG,60,20250428,140000,2.48,2.48,2.48,2.48,169,0
EHG,60,20250428,150000,2.44,2.44,2.44,2.44,250,0
EHG,60,20250506,170000,2.44,2.44,2.24,2.24,310,0
