<TICKER>,<PER>,<DATE>,<TIME>,<OPEN>,<HIGH>,<LOW>,<CLOSE>,<VOL>,<OPENINT>
EQU,60,20240411,100000,0.576,0.578,0.55,0.568,7552,0
EQU,60,20240411,110000,0.552,0.57,0.54,0.568,17760,0
EQU,60,20240411,140000,0.542,0.56,0.542,0.56,3501,0
EQU,60,20240411,150000,0.56,0.598,0.56,0.598,31028,0
EQU,60,20240411,160000,0.58,0.596,0.58,0.594,502,0
EQU,60,20240411,170000,0.598,0.598,0.598,0.598,3500,0
EQU,60,20240412,100000,0.596,0.65,0.596,0.62,67940,0
EQU,60,20240412,110000,0.61,0.62,0.6,0.62,7550,0
EQU,60,20240412,130000,0.602,0.61,0.6,0.61,4918,0
EQU,60,20240412,140000,0.61,0.62,0.61,0.62,2300,0
EQU,60,20240412,160000,0.6,0.61,0.6,0.61,300,0
EQU,60,20240412,170000,0.61,0.616,0.61,0.616,1089,0
EQU,60,20240415,100000,0.62,0.62,0.58,0.62,13850,0
EQU,60,20240415,110000,0.616,0.68,0.616,0.67,40496,0
EQU,60,20240415,120000,0.67,0.67,0.67,0.67,1000,0
EQU,60,20240415,130000,0.668,0.67,0.668,0.67,5220,0
EQU,60,20240415,140000,0.65,0.668,0.65,0.666,14050,0
EQU,60,20240415,160000,0.63,0.66,0.63,0.66,12000,0
EQU,60,20240415,170000,0.65,0.66,0.65,0.658,4389,0
EQU,60,20240416,100000,0.668,0.7,0.668,0.69,15967,0
EQU,60,20240416,110000,0.66,0.66,0.66,0.66,10,0
EQU,60,20240416,120000,0.65,0.65,0.65,0.65,2000,0
EQU,60,20240416,140000,0.65,0.66,0.65,0.66,2790,0
EQU,60,20240416,160000,0.65,0.65,0.65,0.65,776,0
EQU,60,20240416,170000,0.65,0.65,0.65,0.65,900,0
EQU,60,20240417,100000,0.65,0.66,0.642,0.66,14064,0
EQU,60,20240417,140000,0.642,0.642,0.642,0.642,500,0
EQU,60,20240417,150000,0.648,0.65,0.648,0.65,1150,0
EQU,60,20240417,160000,0.65,0.65,0.65,0.65,350,0
EQU,60,20240417,170000,0.65,0.65,0.65,0.65,400,0
EQU,60,20240418,100000,0.658,0.66,0.62,0.65,2897,0
EQU,60,20240418,120000,0.65,0.65,0.63,0.65,5300,0
EQU,60,20240418,140000,0.65,0.65,0.65,0.65,350,0
EQU,60,20240418,170000,0.642,0.642,0.61,0.62,5125,0
EQU,60,20240419,100000,0.62,0.62,0.62,0.62,1200,0
EQU,60,20240419,120000,0.61,0.61,0.57,0.58,6916,0
EQU,60,20240419,130000,0.58,0.604,0.58,0.58,3517,0
EQU,60,20240419,170000,0.6,0.618,0.6,0.618,6000,0
EQU,60,20240422,100000,0.62,0.62,0.57,0.62,18880,0
EQU,60,20240422,110000,0.58,0.58,0.58,0.58,600,0
EQU,60,20240422,120000,0.568,0.58,0.568,0.58,6000,0
EQU,60,20240422,130000,0.58,0.58,0.58,0.58,83,0
EQU,60,20240422,140000,0.57,0.58,0.562,0.58,6383,0
EQU,60,20240422,150000,0.562,0.58,0.56,0.58,5650,0
EQU,60,20240423,100000,0.572,0.58,0.572,0.58,1050,0
EQU,60,20240423,110000,0.58,0.58,0.58,0.58,300,0
EQU,60,20240423,140000,0.56,0.56,0.56,0.56,3500,0
EQU,60,20240423,150000,0.568,0.57,0.568,0.568,5600,0
EQU,60,20240423,160000,0.57,0.58,0.57,0.58,650,0
EQU,60,20240424,100000,0.58,0.58,0.58,0.58,474,0
EQU,60,20240424,110000,0.58,0.58,0.58,0.58,300,0
EQU,60,20240424,120000,0.578,0.618,0.578,0.618,25000,0
EQU,60,20240424,150000,0.602,0.602,0.602,0.602,19,0
EQU,60,20240424,160000,0.582,0.582,0.57,0.58,12399,0
EQU,60,20240424,170000,0.57,0.58,0.552,0.58,9039,0
EQU,60,20240425,100000,0.578,0.58,0.578,0.58,1050,0
EQU,60,20240425,170000,0.578,0.61,0.578,0.61,15193,0
EQU,60,20240426,100000,0.61,0.618,0.6,0.618,14050,0
EQU,60,20240426,110000,0.618,0.66,0.6,0.66,50505,0
EQU,60,20240426,120000,0.656,0.656,0.656,0.656,9,0
EQU,60,20240426,150000,0.656,0.656,0.656,0.656,300,0
EQU,60,20240426,170000,0.656,0.656,0.656,0.656,4512,0
EQU,60,20240429,100000,0.66,0.66,0.66,0.66,4781,0
EQU,60,20240429,110000,0.63,0.66,0.63,0.66,9718,0
EQU,60,20240429,120000,0.66,0.66,0.64,0.64,3345,0
EQU,60,20240429,170000,0.62,0.64,0.61,0.64,4764,0
EQU,60,20240430,100000,0.64,0.64,0.64,0.64,1550,0
EQU,60,20240430,110000,0.64,0.64,0.64,0.64,222,0
EQU,60,20240430,120000,0.63,0.64,0.63,0.64,2750,0
EQU,60,20240430,140000,0.63,0.64,0.62,0.64,12600,0
EQU,60,20240430,150000,0.64,0.64,0.64,0.64,300,0
EQU,60,20240502,100000,0.64,0.64,0.64,0.64,500,0
EQU,60,20240502,110000,0.64,0.64,0.64,0.64,400,0
EQU,60,20240506,100000,0.612,0.64,0.612,0.64,1100,0
EQU,60,20240506,110000,0.64,0.64,0.64,0.64,400,0
EQU,60,20240506,120000,0.612,0.64,0.61,0.64,3201,0
EQU,60,20240506,130000,0.61,0.61,0.61,0.61,58,0
EQU,60,20240506,140000,0.61,0.638,0.61,0.638,8050,0
EQU,60,20240506,150000,0.614,0.638,0.59,0.6,28419,0
EQU,60,20240506,160000,0.6,0.6,0.6,0.6,3433,0
EQU,60,20240506,170000,0.6,0.6,0.6,0.6,6695,0
EQU,60,20240507,100000,0.6,0.6,0.6,0.6,300,0
EQU,60,20240507,110000,0.58,0.58,0.55,0.57,26731,0
EQU,60,20240507,120000,0.552,0.57,0.552,0.57,13527,0
EQU,60,20240507,130000,0.598,0.598,0.598,0.598,300,0
EQU,60,20240507,140000,0.58,0.598,0.58,0.598,3525,0
EQU,60,20240507,150000,0.58,0.58,0.58,0.58,1479,0
EQU,60,20240508,100000,0.6,0.6,0.6,0.6,350,0
EQU,60,20240508,120000,0.55,0.56,0.55,0.56,37400,0
EQU,60,20240508,140000,0.55,0.55,0.55,0.55,8500,0
EQU,60,20240508,150000,0.55,0.55,0.55,0.55,1450,0
EQU,60,20240508,160000,0.55,0.55,0.55,0.55,4050,0
EQU,60,20240509,100000,0.55,0.56,0.548,0.56,16554,0
EQU,60,20240509,110000,0.56,0.592,0.56,0.592,5020,0
EQU,60,20240509,130000,0.58,0.58,0.58,0.58,2000,0
EQU,60,20240509,140000,0.57,0.57,0.57,0.57,1870,0
EQU,60,20240509,150000,0.552,0.56,0.55,0.56,24850,0
EQU,60,20240509,160000,0.55,0.556,0.548,0.552,19180,0
EQU,60,20240510,100000,0.56,0.56,0.548,0.548,1993,0
EQU,60,20240510,110000,0.548,0.558,0.548,0.558,1807,0
EQU,60,20240510,120000,0.558,0.558,0.558,0.558,400,0
EQU,60,20240510,130000,0.558,0.558,0.558,0.558,3950,0
EQU,60,20240510,140000,0.55,0.554,0.55,0.554,6350,0
EQU,60,20240510,150000,0.548,0.55,0.548,0.55,5250,0
EQU,60,20240510,170000,0.554,0.554,0.554,0.554,4800,0
EQU,60,20240513,100000,0.56,0.56,0.554,0.554,6100,0
EQU,60,20240513,110000,0.55,0.558,0.55,0.558,5500,0
EQU,60,20240513,120000,0.55,0.558,0.55,0.558,1165,0
EQU,60,20240513,130000,0.558,0.558,0.558,0.558,200,0
EQU,60,20240513,150000,0.55,0.55,0.55,0.55,3100,0
EQU,60,20240513,160000,0.55,0.55,0.544,0.544,1585,0
EQU,60,20240514,100000,0.546,0.55,0.546,0.55,1355,0
EQU,60,20240514,130000,0.546,0.55,0.546,0.55,350,0
EQU,60,20240514,140000,0.546,0.55,0.544,0.55,2850,0
EQU,60,20240514,160000,0.544,0.544,0.51,0.53,30100,0
EQU,60,20240514,170000,0.54,0.54,0.514,0.514,12349,0
EQU,60,20240515,100000,0.54,0.54,0.516,0.54,2659,0
EQU,60,20240515,120000,0.534,0.536,0.534,0.536,5200,0
EQU,60,20240515,130000,0.536,0.536,0.536,0.536,4000,0
EQU,60,20240515,150000,0.536,0.536,0.52,0.536,6087,0
EQU,60,20240516,100000,0.532,0.54,0.522,0.54,7354,0
EQU,60,20240516,120000,0.536,0.536,0.512,0.53,11377,0
EQU,60,20240516,170000,0.524,0.528,0.524,0.528,2869,0
EQU,60,20240517,100000,0.528,0.528,0.512,0.526,3700,0
EQU,60,20240517,110000,0.52,0.52,0.52,0.52,100,0
EQU,60,20240517,120000,0.52,0.526,0.52,0.526,2600,0
EQU,60,20240517,130000,0.524,0.524,0.524,0.524,300,0
EQU,60,20240517,160000,0.522,0.522,0.51,0.51,20250,0
EQU,60,20240517,170000,0.518,0.52,0.518,0.52,1150,0
EQU,60,20240520,100000,0.51,0.52,0.51,0.51,1533,0
EQU,60,20240520,130000,0.51,0.516,0.51,0.516,6755,0
EQU,60,20240520,140000,0.516,0.52,0.516,0.52,8290,0
EQU,60,20240520,170000,0.514,0.52,0.514,0.52,16553,0
EQU,60,20240521,100000,0.52,0.536,0.52,0.52,20700,0
EQU,60,20240521,110000,0.536,0.536,0.536,0.536,350,0
EQU,60,20240521,120000,0.512,0.536,0.512,0.536,4250,0
EQU,60,20240521,150000,0.512,0.512,0.51,0.51,19000,0
EQU,60,20240521,160000,0.516,0.52,0.516,0.52,2050,0
EQU,60,20240522,100000,0.52,0.52,0.52,0.52,450,0
EQU,60,20240522,120000,0.52,0.52,0.52,0.52,350,0
EQU,60,20240522,130000,0.52,0.52,0.52,0.52,300,0
EQU,60,20240522,140000,0.51,0.51,0.504,0.504,1450,0
EQU,60,20240522,150000,0.516,0.516,0.51,0.516,5459,0
EQU,60,20240522,160000,0.51,0.516,0.51,0.516,2250,0
EQU,60,20240522,170000,0.516,0.52,0.516,0.52,6163,0
EQU,60,20240523,110000,0.504,0.504,0.504,0.504,500,0
EQU,60,20240523,130000,0.518,0.518,0.518,0.518,300,0
EQU,60,20240523,170000,0.514,0.514,0.514,0.514,100,0
EQU,60,20240524,100000,0.52,0.52,0.506,0.52,6695,0
EQU,60,20240524,150000,0.516,0.516,0.51,0.516,1729,0
EQU,60,20240527,100000,0.52,0.52,0.52,0.52,400,0
EQU,60,20240527,120000,0.506,0.516,0.492,0.516,6556,0
EQU,60,20240527,140000,0.5,0.516,0.5,0.516,700,0
EQU,60,20240527,150000,0.51,0.51,0.493,0.51,358,0
EQU,60,20240527,160000,0.494,0.51,0.494,0.51,2180,0
EQU,60,20240527,170000,0.508,0.508,0.508,0.508,320,0
EQU,60,20240528,100000,0.508,0.518,0.508,0.518,1700,0
EQU,60,20240528,110000,0.5,0.518,0.5,0.518,7434,0
EQU,60,20240528,120000,0.494,0.51,0.494,0.51,2800,0
EQU,60,20240529,140000,0.5,0.5,0.5,0.5,1000,0
EQU,60,20240529,150000,0.5,0.508,0.5,0.508,510,0
EQU,60,20240531,100000,0.52,0.52,0.52,0.52,100,0
EQU,60,20240531,110000,0.51,0.518,0.51,0.518,3000,0
EQU,60,20240531,140000,0.516,0.516,0.516,0.516,465,0
EQU,60,20240531,160000,0.51,0.514,0.51,0.514,10000,0
EQU,60,20240603,100000,0.52,0.52,0.52,0.52,150,0
EQU,60,20240603,110000,0.52,0.52,0.52,0.52,10000,0
EQU,60,20240603,120000,0.52,0.53,0.52,0.53,1050,0
EQU,60,20240603,130000,0.5,0.532,0.5,0.532,11500,0
EQU,60,20240603,140000,0.495,0.518,0.495,0.518,1200,0
EQU,60,20240603,170000,0.495,0.52,0.495,0.52,7947,0
EQU,60,20240604,100000,0.52,0.52,0.52,0.52,750,0
EQU,60,20240604,160000,0.5,0.51,0.5,0.51,4383,0
EQU,60,20240604,170000,0.51,0.512,0.51,0.512,2187,0
EQU,60,20240605,100000,0.495,0.514,0.495,0.514,1266,0
EQU,60,20240605,110000,0.514,0.516,0.514,0.516,870,0
EQU,60,20240605,140000,0.5,0.51,0.5,0.51,1420,0
EQU,60,20240605,160000,0.5,0.5,0.5,0.5,1500,0
EQU,60,20240605,170000,0.51,0.51,0.496,0.496,2150,0
EQU,60,20240606,100000,0.514,0.514,0.514,0.514,350,0
EQU,60,20240606,120000,0.514,0.514,0.514,0.514,400,0
EQU,60,20240606,150000,0.508,0.508,0.508,0.508,303,0
EQU,60,20240606,170000,0.498,0.498,0.496,0.496,597,0
EQU,60,20240607,100000,0.516,0.516,0.516,0.516,1722,0
EQU,60,20240607,110000,0.516,0.516,0.516,0.516,500,0
EQU,60,20240607,140000,0.5,0.5,0.5,0.5,10000,0
EQU,60,20240607,150000,0.51,0.51,0.51,0.51,250,0
EQU,60,20240610,100000,0.51,0.51,0.51,0.51,250,0
EQU,60,20240610,110000,0.51,0.51,0.51,0.51,777,0
EQU,60,20240610,120000,0.5,0.5,0.5,0.5,1000,0
EQU,60,20240610,130000,0.51,0.51,0.51,0.51,100,0
EQU,60,20240611,110000,0.508,0.508,0.508,0.508,300,0
EQU,60,20240612,100000,0.5,0.514,0.5,0.514,4000,0
EQU,60,20240612,110000,0.508,0.514,0.508,0.514,10000,0
EQU,60,20240612,120000,0.493,0.493,0.493,0.493,2091,0
EQU,60,20240612,130000,0.508,0.508,0.493,0.508,5403,0
EQU,60,20240612,150000,0.493,0.493,0.493,0.493,1822,0
EQU,60,20240612,160000,0.493,0.493,0.493,0.493,785,0
EQU,60,20240612,170000,0.506,0.506,0.506,0.506,101,0
EQU,60,20240614,110000,0.506,0.506,0.506,0.506,400,0
EQU,60,20240614,130000,0.5,0.508,0.5,0.508,7340,0
EQU,60,20240614,140000,0.51,0.51,0.508,0.51,3010,0
EQU,60,20240614,170000,0.506,0.506,0.506,0.506,3050,0
EQU,60,20240618,100000,0.51,0.51,0.493,0.51,2300,0
EQU,60,20240618,140000,0.493,0.5,0.481,0.5,4867,0
EQU,60,20240618,160000,0.482,0.482,0.481,0.481,7600,0
EQU,60,20240619,100000,0.499,0.506,0.481,0.481,2700,0
EQU,60,20240619,110000,0.506,0.506,0.506,0.506,100,0
EQU,60,20240619,120000,0.5,0.506,0.5,0.506,2500,0
EQU,60,20240619,150000,0.482,0.506,0.482,0.506,1115,0
EQU,60,20240624,100000,0.5,0.504,0.5,0.504,135,0
EQU,60,20240624,110000,0.504,0.506,0.504,0.506,1150,0
EQU,60,20240625,100000,0.506,0.506,0.506,0.506,100,0
EQU,60,20240625,140000,0.481,0.481,0.481,0.481,912,0
EQU,60,20240625,150000,0.5,0.5,0.5,0.5,50,0
EQU,60,20240625,170000,0.502,0.502,0.502,0.502,50,0
EQU,60,20240626,100000,0.481,0.499,0.48,0.499,16570,0
EQU,60,20240626,120000,0.499,0.499,0.499,0.499,100,0
EQU,60,20240626,130000,0.48,0.48,0.48,0.48,3000,0
EQU,60,20240626,140000,0.494,0.494,0.494,0.494,200,0
EQU,60,20240626,170000,0.49,0.495,0.49,0.495,3035,0
EQU,60,20240627,100000,0.498,0.498,0.495,0.497,425,0
EQU,60,20240628,170000,0.494,0.498,0.494,0.498,5600,0
EQU,60,20240701,100000,0.48,0.48,0.473,0.473,4639,0
EQU,60,20240701,130000,0.49,0.49,0.49,0.49,5000,0
EQU,60,20240701,160000,0.49,0.49,0.49,0.49,950,0
EQU,60,20240702,100000,0.474,0.5,0.472,0.5,9020,0
EQU,60,20240702,110000,0.474,0.498,0.474,0.498,1015,0
EQU,60,20240702,130000,0.472,0.472,0.472,0.472,20,0
EQU,60,20240702,140000,0.472,0.493,0.472,0.493,2700,0
EQU,60,20240703,120000,0.49,0.49,0.49,0.49,40,0
EQU,60,20240704,140000,0.488,0.488,0.471,0.484,1150,0
EQU,60,20240704,150000,0.471,0.471,0.471,0.471,1900,0
EQU,60,20240704,160000,0.47,0.47,0.449,0.47,31308,0
EQU,60,20240704,170000,0.46,0.46,0.46,0.46,1000,0
EQU,60,20240705,100000,0.46,0.477,0.448,0.477,4800,0
EQU,60,20240705,110000,0.475,0.476,0.475,0.476,2030,0
EQU,60,20240705,120000,0.451,0.476,0.451,0.476,3100,0
EQU,60,20240705,130000,0.475,0.48,0.475,0.48,5188,0
EQU,60,20240705,170000,0.476,0.479,0.476,0.479,2500,0
EQU,60,20240709,100000,0.479,0.479,0.479,0.479,250,0
EQU,60,20240710,130000,0.474,0.474,0.474,0.474,600,0
EQU,60,20240711,100000,0.475,0.475,0.475,0.475,200,0
EQU,60,20240711,120000,0.475,0.475,0.475,0.475,94,0
EQU,60,20240711,160000,0.462,0.462,0.45,0.45,13865,0
EQU,60,20240711,170000,0.46,0.46,0.45,0.458,16235,0
EQU,60,20240712,100000,0.459,0.459,0.459,0.459,640,0
EQU,60,20240712,120000,0.459,0.469,0.459,0.469,11520,0
EQU,60,20240712,140000,0.471,0.471,0.471,0.471,100,0
EQU,60,20240712,150000,0.451,0.471,0.451,0.471,175,0
EQU,60,20240716,100000,0.472,0.472,0.472,0.472,350,0
EQU,60,20240717,120000,0.451,0.451,0.451,0.451,265,0
EQU,60,20240718,130000,0.448,0.468,0.448,0.467,3118,0
EQU,60,20240719,100000,0.465,0.465,0.465,0.465,4490,0
EQU,60,20240722,120000,0.441,0.444,0.44,0.444,12809,0
EQU,60,20240722,130000,0.461,0.461,0.461,0.461,50,0
EQU,60,20240723,150000,0.46,0.46,0.46,0.46,136,0
EQU,60,20240724,100000,0.461,0.461,0.461,0.461,100,0
EQU,60,20240724,120000,0.445,0.445,0.439,0.439,4700,0
EQU,60,20240724,130000,0.46,0.46,0.46,0.46,1,0
EQU,60,20240724,150000,0.46,0.46,0.46,0.46,1000,0
EQU,60,20240726,100000,0.458,0.46,0.458,0.46,1100,0
EQU,60,20240726,150000,0.44,0.44,0.44,0.44,1333,0
EQU,60,20240726,160000,0.46,0.46,0.46,0.46,50,0
EQU,60,20240730,100000,0.44,0.46,0.44,0.46,5150,0
EQU,60,20240730,120000,0.46,0.46,0.46,0.46,700,0
EQU,60,20240731,100000,0.46,0.46,0.46,0.46,200,0
EQU,60,20240731,130000,0.441,0.441,0.438,0.438,12938,0
EQU,60,20240731,140000,0.449,0.449,0.449,0.449,100,0
EQU,60,20240731,170000,0.447,0.447,0.447,0.447,2036,0
EQU,60,20240801,110000,0.459,0.459,0.459,0.459,200,0
EQU,60,20240805,100000,0.459,0.459,0.43,0.43,24268,0
EQU,60,20240805,110000,0.415,0.438,0.414,0.438,1156,0
EQU,60,20240805,120000,0.439,0.439,0.438,0.438,244,0
EQU,60,20240805,130000,0.439,0.439,0.439,0.439,100,0
EQU,60,20240805,170000,0.436,0.436,0.436,0.436,1400,0
EQU,60,20240806,100000,0.435,0.439,0.43,0.43,1440,0
EQU,60,20240806,160000,0.416,0.416,0.416,0.416,500,0
EQU,60,20240807,110000,0.417,0.43,0.416,0.43,1693,0
EQU,60,20240809,120000,0.416,0.423,0.414,0.423,9183,0
EQU,60,20240809,130000,0.41,0.41,0.41,0.41,1100,0
EQU,60,20240809,140000,0.419,0.419,0.419,0.419,2000,0
EQU,60,20240809,160000,0.42,0.42,0.42,0.42,1283,0
EQU,60,20240812,170000,0.428,0.429,0.425,0.425,6600,0
EQU,60,20240813,100000,0.427,0.427,0.4,0.401,14667,0
EQU,60,20240814,110000,0.418,0.418,0.401,0.401,4424,0
EQU,60,20240814,120000,0.409,0.41,0.409,0.41,360,0
EQU,60,20240814,130000,0.401,0.408,0.399,0.408,10666,0
EQU,60,20240814,170000,0.404,0.406,0.404,0.406,2900,0
EQU,60,20240816,100000,0.399,0.409,0.399,0.406,1949,0
EQU,60,20240816,130000,0.407,0.407,0.407,0.407,100,0
EQU,60,20240816,140000,0.407,0.408,0.407,0.408,4000,0
EQU,60,20240816,150000,0.4,0.4,0.4,0.4,30000,0
EQU,60,20240816,160000,0.404,0.404,0.404,0.404,100,0
EQU,60,20240819,100000,0.406,0.409,0.406,0.409,4249,0
EQU,60,20240819,110000,0.409,0.422,0.409,0.422,500,0
EQU,60,20240819,120000,0.41,0.422,0.41,0.422,1600,0
EQU,60,20240819,130000,0.422,0.422,0.422,0.422,290,0
EQU,60,20240819,140000,0.421,0.421,0.421,0.421,25,0
EQU,60,20240819,170000,0.42,0.42,0.42,0.42,2000,0
EQU,60,20240820,110000,0.42,0.42,0.42,0.42,250,0
EQU,60,20240820,130000,0.4,0.4,0.4,0.4,253,0
EQU,60,20240820,140000,0.4,0.41,0.4,0.41,28740,0
EQU,60,20240820,170000,0.412,0.412,0.412,0.412,1491,0
EQU,60,20240821,100000,0.412,0.413,0.412,0.413,500,0
EQU,60,20240821,120000,0.413,0.413,0.413,0.413,100,0
EQU,60,20240822,100000,0.4,0.412,0.4,0.412,1001,0
EQU,60,20240822,140000,0.4,0.411,0.4,0.411,15150,0
EQU,60,20240822,160000,0.404,0.411,0.404,0.411,1200,0
EQU,60,20240822,170000,0.42,0.42,0.42,0.42,4000,0
EQU,60,20240823,100000,0.404,0.42,0.404,0.42,6200,0
EQU,60,20240823,150000,0.42,0.42,0.42,0.42,250,0
EQU,60,20240826,100000,0.406,0.42,0.406,0.42,468,0
EQU,60,20240826,170000,0.406,0.419,0.4,0.419,3027,0
EQU,60,20240827,100000,0.419,0.42,0.419,0.42,1250,0
EQU,60,20240827,140000,0.41,0.41,0.401,0.41,24338,0
EQU,60,20240828,100000,0.41,0.421,0.41,0.421,900,0
EQU,60,20240828,120000,0.421,0.421,0.421,0.421,326,0
EQU,60,20240828,170000,0.42,0.421,0.42,0.421,8800,0
EQU,60,20240829,100000,0.428,0.429,0.428,0.429,700,0
EQU,60,20240829,110000,0.429,0.429,0.429,0.429,1200,0
EQU,60,20240829,120000,0.421,0.429,0.421,0.429,310,0
EQU,60,20240829,130000,0.42,0.429,0.42,0.429,1650,0
EQU,60,20240829,160000,0.425,0.429,0.425,0.429,225,0
EQU,60,20240829,170000,0.429,0.429,0.429,0.429,100,0
EQU,60,20240830,100000,0.429,0.43,0.429,0.43,5950,0
EQU,60,20240830,110000,0.42,0.43,0.42,0.43,10200,0
EQU,60,20240830,140000,0.43,0.43,0.43,0.43,2300,0
EQU,60,20240830,150000,0.422,0.43,0.411,0.42,6449,0
EQU,60,20240902,100000,0.428,0.429,0.42,0.428,2000,0
EQU,60,20240902,130000,0.42,0.42,0.42,0.42,100,0
EQU,60,20240902,150000,0.42,0.427,0.42,0.427,3200,0
EQU,60,20240902,170000,0.42,0.427,0.42,0.427,12816,0
EQU,60,20240903,100000,0.427,0.427,0.427,0.427,850,0
EQU,60,20240903,120000,0.414,0.427,0.414,0.427,2150,0
EQU,60,20240903,140000,0.414,0.419,0.41,0.419,11484,0
EQU,60,20240903,150000,0.419,0.42,0.419,0.42,4518,0
EQU,60,20240903,160000,0.42,0.421,0.42,0.421,290,0
EQU,60,20240904,100000,0.421,0.427,0.403,0.42,17586,0
EQU,60,20240904,170000,0.41,0.41,0.41,0.41,100,0
EQU,60,20240905,100000,0.415,0.42,0.415,0.42,10000,0
EQU,60,20240905,130000,0.406,0.406,0.404,0.404,5000,0
EQU,60,20240905,150000,0.418,0.418,0.418,0.418,100,0
EQU,60,20240905,160000,0.41,0.41,0.41,0.41,10000,0
EQU,60,20240906,150000,0.405,0.405,0.405,0.405,4797,0
EQU,60,20240906,160000,0.405,0.405,0.405,0.405,120,0
EQU,60,20240909,100000,0.41,0.41,0.41,0.41,200,0
EQU,60,20240909,110000,0.41,0.413,0.41,0.413,23535,0
EQU,60,20240910,100000,0.414,0.414,0.414,0.414,500,0
EQU,60,20240910,110000,0.414,0.414,0.414,0.414,300,0
EQU,60,20240910,130000,0.404,0.414,0.404,0.414,1891,0
EQU,60,20240912,100000,0.414,0.415,0.404,0.415,3800,0
EQU,60,20240912,140000,0.418,0.418,0.418,0.418,200,0
EQU,60,20240912,170000,0.404,0.417,0.402,0.417,2119,0
EQU,60,20240913,100000,0.417,0.417,0.417,0.417,550,0
EQU,60,20240913,130000,0.417,0.418,0.417,0.418,2400,0
EQU,60,20240916,110000,0.418,0.418,0.418,0.418,300,0
EQU,60,20240917,100000,0.418,0.42,0.418,0.42,3104,0
EQU,60,20240917,110000,0.42,0.42,0.42,0.42,6122,0
EQU,60,20240917,120000,0.421,0.426,0.42,0.426,4324,0
EQU,60,20240917,130000,0.42,0.42,0.42,0.42,2736,0
EQU,60,20240917,140000,0.42,0.42,0.42,0.42,3214,0
EQU,60,20240917,150000,0.42,0.422,0.42,0.422,14430,0
EQU,60,20240917,160000,0.422,0.422,0.422,0.422,35,0
EQU,60,20240918,100000,0.408,0.408,0.408,0.408,2667,0
EQU,60,20240918,110000,0.405,0.405,0.405,0.405,5188,0
EQU,60,20240918,130000,0.42,0.42,0.42,0.42,1295,0
EQU,60,20240918,140000,0.406,0.415,0.404,0.404,9519,0
EQU,60,20240918,170000,0.406,0.406,0.406,0.406,167,0
EQU,60,20240919,100000,0.408,0.41,0.398,0.41,8700,0
EQU,60,20240919,110000,0.4,0.41,0.4,0.41,700,0
EQU,60,20240919,130000,0.398,0.41,0.398,0.41,300,0
EQU,60,20240919,140000,0.398,0.41,0.398,0.41,350,0
EQU,60,20240919,150000,0.4,0.41,0.4,0.41,10450,0
EQU,60,20240919,160000,0.398,0.41,0.398,0.41,1350,0
EQU,60,20240919,170000,0.408,0.41,0.398,0.41,2150,0
EQU,60,20240920,110000,0.41,0.41,0.4,0.4,750,0
EQU,60,20240920,140000,0.41,0.41,0.41,0.41,400,0
EQU,60,20240920,150000,0.398,0.4,0.398,0.4,1300,0
EQU,60,20240920,160000,0.398,0.398,0.398,0.398,1050,0
EQU,60,20240920,170000,0.396,0.41,0.396,0.41,1800,0
EQU,60,20240923,100000,0.41,0.41,0.41,0.41,2449,0
EQU,60,20240923,130000,0.4,0.41,0.394,0.41,4443,0
EQU,60,20240923,140000,0.408,0.41,0.408,0.41,2050,0
EQU,60,20240923,160000,0.405,0.405,0.405,0.405,1227,0
EQU,60,20240923,170000,0.405,0.408,0.405,0.408,1800,0
EQU,60,20240924,100000,0.41,0.41,0.41,0.41,588,0
EQU,60,20240924,110000,0.395,0.395,0.395,0.395,512,0
EQU,60,20240924,120000,0.4,0.4,0.4,0.4,1000,0
EQU,60,20240924,160000,0.395,0.395,0.395,0.395,400,0
EQU,60,20240924,170000,0.4,0.4,0.4,0.4,25,0
EQU,60,20240925,100000,0.414,0.42,0.401,0.401,5276,0
EQU,60,20240925,110000,0.4,0.41,0.393,0.409,2770,0
EQU,60,20240925,140000,0.399,0.399,0.399,0.399,250,0
EQU,60,20240925,150000,0.397,0.397,0.397,0.397,2164,0
EQU,60,20240925,160000,0.397,0.4,0.397,0.4,2300,0
EQU,60,20240925,170000,0.397,0.397,0.397,0.397,986,0
EQU,60,20240926,100000,0.394,0.42,0.394,0.42,3173,0
EQU,60,20240926,110000,0.402,0.41,0.4,0.41,4773,0
EQU,60,20240926,130000,0.409,0.409,0.396,0.409,1465,0
EQU,60,20240926,150000,0.396,0.405,0.396,0.405,1150,0
EQU,60,20240926,160000,0.404,0.404,0.404,0.404,100,0
EQU,60,20240926,170000,0.404,0.404,0.404,0.404,850,0
EQU,60,20240927,100000,0.396,0.404,0.396,0.404,534,0
EQU,60,20240930,110000,0.409,0.427,0.409,0.427,5192,0
EQU,60,20240930,170000,0.42,0.42,0.406,0.42,28710,0
EQU,60,20241001,100000,0.398,0.415,0.398,0.415,5758,0
EQU,60,20241001,150000,0.415,0.415,0.415,0.415,469,0
EQU,60,20241002,100000,0.415,0.415,0.415,0.415,300,0
EQU,60,20241002,120000,0.415,0.415,0.415,0.415,250,0
EQU,60,20241003,100000,0.415,0.415,0.415,0.415,100,0
EQU,60,20241003,110000,0.415,0.415,0.415,0.415,200,0
EQU,60,20241003,140000,0.401,0.401,0.401,0.401,400,0
EQU,60,20241003,160000,0.401,0.401,0.401,0.401,2500,0
EQU,60,20241004,100000,0.401,0.401,0.401,0.401,500,0
EQU,60,20241004,130000,0.398,0.401,0.398,0.401,842,0
EQU,60,20241004,140000,0.396,0.401,0.396,0.401,440,0
EQU,60,20241004,170000,0.401,0.401,0.401,0.401,2327,0
EQU,60,20241007,100000,0.401,0.401,0.401,0.401,250,0
EQU,60,20241007,110000,0.401,0.401,0.401,0.401,130,0
EQU,60,20241007,170000,0.396,0.396,0.396,0.396,75,0
EQU,60,20241008,100000,0.396,0.396,0.393,0.393,9800,0
EQU,60,20241008,120000,0.401,0.401,0.401,0.401,1500,0
EQU,60,20241009,100000,0.401,0.401,0.401,0.401,1500,0
EQU,60,20241009,140000,0.401,0.401,0.401,0.401,2029,0
EQU,60,20241010,100000,0.394,0.414,0.394,0.414,7450,0
EQU,60,20241010,110000,0.405,0.405,0.405,0.405,436,0
EQU,60,20241010,120000,0.393,0.393,0.393,0.393,200,0
EQU,60,20241010,130000,0.393,0.393,0.393,0.393,100,0
EQU,60,20241010,140000,0.405,0.414,0.405,0.414,34187,0
EQU,60,20241010,150000,0.414,0.415,0.414,0.415,3350,0
EQU,60,20241010,160000,0.414,0.416,0.414,0.416,17087,0
EQU,60,20241010,170000,0.411,0.417,0.411,0.417,5219,0
EQU,60,20241011,100000,0.417,0.417,0.412,0.417,5465,0
EQU,60,20241011,130000,0.417,0.417,0.417,0.417,300,0
EQU,60,20241011,140000,0.411,0.417,0.399,0.399,31043,0
EQU,60,20241011,150000,0.398,0.41,0.397,0.41,11600,0
EQU,60,20241014,100000,0.415,0.415,0.4,0.4,1650,0
EQU,60,20241014,110000,0.415,0.416,0.4,0.416,8450,0
EQU,60,20241014,120000,0.416,0.416,0.416,0.416,2824,0
EQU,60,20241015,100000,0.418,0.418,0.418,0.418,450,0
EQU,60,20241015,170000,0.41,0.418,0.41,0.418,383,0
EQU,60,20241016,100000,0.418,0.418,0.404,0.418,1285,0
EQU,60,20241016,120000,0.404,0.404,0.397,0.397,4984,0
EQU,60,20241016,130000,0.397,0.397,0.397,0.397,93,0
EQU,60,20241016,140000,0.415,0.415,0.397,0.397,6220,0
EQU,60,20241016,170000,0.408,0.408,0.408,0.408,101,0
EQU,60,20241017,110000,0.395,0.395,0.395,0.395,72,0
EQU,60,20241017,120000,0.409,0.409,0.409,0.409,2700,0
EQU,60,20241017,130000,0.413,0.413,0.413,0.413,200,0
EQU,60,20241017,140000,0.413,0.413,0.413,0.413,2650,0
EQU,60,20241017,160000,0.413,0.418,0.413,0.418,4500,0
EQU,60,20241017,170000,0.418,0.419,0.418,0.419,4000,0
EQU,60,20241018,100000,0.419,0.419,0.419,0.419,300,0
EQU,60,20241018,120000,0.418,0.419,0.418,0.419,7150,0
EQU,60,20241018,140000,0.418,0.419,0.418,0.419,18241,0
EQU,60,20241018,150000,0.42,0.42,0.42,0.42,250,0
EQU,60,20241018,160000,0.42,0.42,0.42,0.42,3000,0
EQU,60,20241018,170000,0.42,0.429,0.42,0.429,10715,0
EQU,60,20241021,100000,0.429,0.429,0.429,0.429,300,0
EQU,60,20241021,120000,0.405,0.429,0.405,0.429,2200,0
EQU,60,20241022,150000,0.429,0.43,0.42,0.429,13193,0
EQU,60,20241023,110000,0.429,0.43,0.429,0.43,1010,0
EQU,60,20241023,140000,0.405,0.43,0.405,0.43,1050,0
EQU,60,20241023,170000,0.43,0.43,0.43,0.43,200,0
EQU,60,20241024,100000,0.43,0.43,0.43,0.43,250,0
EQU,60,20241024,110000,0.43,0.43,0.43,0.43,150,0
EQU,60,20241024,120000,0.404,0.414,0.404,0.414,10300,0
EQU,60,20241024,130000,0.415,0.42,0.415,0.42,500,0
EQU,60,20241024,140000,0.406,0.406,0.404,0.404,21643,0
EQU,60,20241024,150000,0.41,0.429,0.41,0.429,15243,0
EQU,60,20241025,100000,0.429,0.429,0.429,0.429,400,0
EQU,60,20241025,140000,0.404,0.428,0.404,0.428,883,0
EQU,60,20241028,100000,0.429,0.429,0.429,0.429,750,0
EQU,60,20241028,140000,0.429,0.429,0.429,0.429,2600,0
EQU,60,20241028,150000,0.43,0.43,0.43,0.43,200,0
EQU,60,20241028,170000,0.43,0.5,0.43,0.5,222521,0
EQU,60,20241029,100000,0.53,0.582,0.51,0.55,199399,0
EQU,60,20241029,110000,0.53,0.55,0.53,0.548,24159,0
EQU,60,20241029,120000,0.548,0.548,0.526,0.548,15278,0
EQU,60,20241029,130000,0.528,0.528,0.51,0.52,31925,0
EQU,60,20241029,140000,0.504,0.52,0.49,0.49,69373,0
EQU,60,20241029,150000,0.49,0.49,0.482,0.482,15732,0
EQU,60,20241029,160000,0.48,0.496,0.478,0.48,12520,0
EQU,60,20241029,170000,0.496,0.498,0.496,0.497,30282,0
EQU,60,20241030,100000,0.482,0.5,0.48,0.5,11110,0
EQU,60,20241030,110000,0.485,0.498,0.48,0.498,9622,0
EQU,60,20241030,120000,0.498,0.498,0.47,0.492,14350,0
EQU,60,20241030,130000,0.47,0.49,0.45,0.49,7726,0
EQU,60,20241030,140000,0.49,0.49,0.49,0.49,5686,0
EQU,60,20241030,160000,0.48,0.491,0.48,0.491,3720,0
EQU,60,20241030,170000,0.454,0.495,0.454,0.495,29579,0
EQU,60,20241031,100000,0.49,0.49,0.461,0.489,1100,0
EQU,60,20241031,140000,0.47,0.47,0.458,0.458,12835,0
EQU,60,20241031,150000,0.456,0.47,0.452,0.47,22640,0
EQU,60,20241104,100000,0.47,0.478,0.441,0.441,10350,0
EQU,60,20241104,110000,0.441,0.46,0.44,0.46,8750,0
EQU,60,20241104,130000,0.457,0.474,0.446,0.474,22969,0
EQU,60,20241104,140000,0.473,0.474,0.469,0.469,19819,0
EQU,60,20241104,150000,0.47,0.476,0.45,0.476,5000,0
EQU,60,20241104,170000,0.454,0.476,0.454,0.476,4750,0
EQU,60,20241105,110000,0.476,0.478,0.476,0.478,8500,0
EQU,60,20241105,160000,0.478,0.49,0.478,0.49,26757,0
EQU,60,20241105,170000,0.5,0.508,0.5,0.5,12214,0
EQU,60,20241106,100000,0.508,0.51,0.502,0.51,19166,0
EQU,60,20241106,120000,0.518,0.518,0.518,0.518,4000,0
EQU,60,20241106,130000,0.512,0.512,0.512,0.512,500,0
EQU,60,20241106,140000,0.502,0.502,0.502,0.502,5000,0
EQU,60,20241106,170000,0.518,0.518,0.518,0.518,7959,0
EQU,60,20241107,100000,0.52,0.522,0.502,0.518,21300,0
EQU,60,20241107,110000,0.506,0.518,0.506,0.518,6400,0
EQU,60,20241107,130000,0.516,0.516,0.516,0.516,300,0
EQU,60,20241107,160000,0.504,0.516,0.502,0.516,3858,0
EQU,60,20241107,170000,0.516,0.516,0.516,0.516,7168,0
EQU,60,20241108,100000,0.522,0.528,0.52,0.526,3065,0
EQU,60,20241108,110000,0.52,0.526,0.52,0.526,2300,0
EQU,60,20241108,130000,0.508,0.518,0.5,0.518,115958,0
EQU,60,20241108,150000,0.516,0.524,0.516,0.524,3536,0
EQU,60,20241108,160000,0.524,0.524,0.524,0.524,500,0
EQU,60,20241108,170000,0.524,0.524,0.524,0.524,1898,0
EQU,60,20241112,110000,0.524,0.526,0.506,0.506,8047,0
EQU,60,20241112,120000,0.506,0.524,0.506,0.524,3300,0
EQU,60,20241112,130000,0.51,0.51,0.51,0.51,7100,0
EQU,60,20241112,140000,0.506,0.516,0.506,0.516,7280,0
EQU,60,20241112,150000,0.506,0.516,0.506,0.516,500,0
EQU,60,20241112,170000,0.506,0.524,0.506,0.524,18315,0
EQU,60,20241113,110000,0.526,0.526,0.526,0.526,3790,0
EQU,60,20241113,120000,0.526,0.528,0.526,0.528,1600,0
EQU,60,20241113,140000,0.504,0.526,0.504,0.526,3500,0
EQU,60,20241113,170000,0.504,0.526,0.504,0.526,2729,0
EQU,60,20241114,100000,0.528,0.528,0.528,0.528,900,0
EQU,60,20241114,130000,0.528,0.528,0.528,0.528,500,0
EQU,60,20241114,160000,0.52,0.528,0.52,0.528,10193,0
EQU,60,20241114,170000,0.53,0.558,0.53,0.558,26558,0
EQU,60,20241115,100000,0.56,0.562,0.558,0.562,11026,0
EQU,60,20241115,110000,0.562,0.562,0.562,0.562,1067,0
EQU,60,20241115,120000,0.562,0.578,0.562,0.578,10850,0
EQU,60,20241115,130000,0.576,0.576,0.576,0.576,1282,0
EQU,60,20241115,140000,0.574,0.574,0.574,0.574,200,0
EQU,60,20241115,150000,0.574,0.574,0.574,0.574,11800,0
EQU,60,20241115,160000,0.552,0.572,0.552,0.572,381,0
EQU,60,20241115,170000,0.572,0.572,0.572,0.572,5241,0
EQU,60,20241118,100000,0.578,0.578,0.53,0.57,11798,0
EQU,60,20241118,110000,0.576,0.576,0.55,0.56,4150,0
EQU,60,20241118,120000,0.57,0.576,0.548,0.566,4285,0
EQU,60,20241118,130000,0.566,0.57,0.546,0.57,974,0
EQU,60,20241118,170000,0.57,0.57,0.57,0.57,350,0
EQU,60,20241119,100000,0.53,0.58,0.53,0.57,14132,0
EQU,60,20241119,120000,0.54,0.57,0.54,0.57,2090,0
EQU,60,20241119,150000,0.55,0.57,0.54,0.57,3566,0
EQU,60,20241119,160000,0.57,0.578,0.57,0.578,1050,0
EQU,60,20241119,170000,0.578,0.578,0.578,0.578,4952,0
EQU,60,20241120,100000,0.58,0.58,0.58,0.58,350,0
EQU,60,20241120,130000,0.55,0.55,0.54,0.54,1000,0
EQU,60,20241120,150000,0.568,0.568,0.568,0.568,400,0
EQU,60,20241121,140000,0.524,0.524,0.514,0.514,18381,0
EQU,60,20241121,150000,0.514,0.514,0.514,0.514,524,0
EQU,60,20241121,160000,0.53,0.53,0.53,0.53,1500,0
EQU,60,20241121,170000,0.522,0.522,0.522,0.522,3000,0
EQU,60,20241122,100000,0.53,0.58,0.53,0.58,43320,0
EQU,60,20241122,110000,0.53,0.57,0.53,0.57,600,0
EQU,60,20241122,130000,0.566,0.58,0.566,0.58,32590,0
EQU,60,20241122,150000,0.578,0.578,0.578,0.578,5000,0
EQU,60,20241122,170000,0.578,0.58,0.578,0.58,1050,0
EQU,60,20241125,100000,0.58,0.58,0.58,0.58,166,0
EQU,60,20241125,110000,0.58,0.58,0.536,0.58,18617,0
EQU,60,20241125,120000,0.578,0.59,0.578,0.59,42761,0
EQU,60,20241125,130000,0.588,0.588,0.588,0.588,2993,0
EQU,60,20241125,170000,0.586,0.588,0.584,0.584,4710,0
EQU,60,20241126,100000,0.582,0.582,0.582,0.582,300,0
EQU,60,20241126,120000,0.582,0.59,0.582,0.59,5033,0
EQU,60,20241126,130000,0.592,0.592,0.592,0.592,300,0
EQU,60,20241126,150000,0.592,0.592,0.592,0.592,100,0
EQU,60,20241127,100000,0.58,0.592,0.58,0.592,250,0
EQU,60,20241127,110000,0.592,0.592,0.592,0.592,9366,0
EQU,60,20241127,130000,0.592,0.594,0.592,0.594,5200,0
EQU,60,20241127,140000,0.594,0.596,0.594,0.596,3650,0
EQU,60,20241127,170000,0.596,0.598,0.596,0.598,2383,0
EQU,60,20241128,100000,0.55,0.6,0.55,0.564,23682,0
EQU,60,20241128,110000,0.56,0.56,0.55,0.56,5928,0
EQU,60,20241128,120000,0.55,0.55,0.55,0.55,3000,0
EQU,60,20241128,130000,0.554,0.558,0.554,0.558,4850,0
EQU,60,20241128,140000,0.558,0.56,0.554,0.56,5000,0
EQU,60,20241128,150000,0.56,0.56,0.56,0.56,5000,0
EQU,60,20241128,160000,0.556,0.598,0.55,0.596,5390,0
EQU,60,20241128,170000,0.598,0.598,0.598,0.598,200,0
EQU,60,20241129,100000,0.598,0.598,0.598,0.598,455,0
EQU,60,20241129,110000,0.55,0.596,0.55,0.57,33354,0
EQU,60,20241129,120000,0.57,0.57,0.57,0.57,5242,0
EQU,60,20241129,130000,0.588,0.588,0.588,0.588,250,0
EQU,60,20241129,140000,0.588,0.59,0.562,0.59,7300,0
EQU,60,20241129,150000,0.59,0.59,0.59,0.59,1006,0
EQU,60,20241129,160000,0.588,0.59,0.588,0.59,2500,0
EQU,60,20241129,170000,0.566,0.59,0.566,0.59,4950,0
EQU,60,20241202,100000,0.59,0.59,0.588,0.588,1150,0
EQU,60,20241202,120000,0.588,0.588,0.588,0.588,40,0
EQU,60,20241202,130000,0.588,0.588,0.588,0.588,2000,0
EQU,60,20241202,140000,0.588,0.588,0.588,0.588,1900,0
EQU,60,20241202,150000,0.588,0.59,0.588,0.59,200,0
EQU,60,20241202,170000,0.59,0.59,0.59,0.59,500,0
EQU,60,20241203,100000,0.588,0.59,0.588,0.59,2400,0
EQU,60,20241203,130000,0.59,0.59,0.59,0.59,500,0
EQU,60,20241203,140000,0.59,0.612,0.59,0.612,57219,0
EQU,60,20241203,160000,0.612,0.612,0.6,0.612,1970,0
EQU,60,20241203,170000,0.612,0.63,0.6,0.63,16027,0
EQU,60,20241204,100000,0.63,0.64,0.63,0.63,33941,0
EQU,60,20241204,110000,0.638,0.638,0.638,0.638,300,0
EQU,60,20241204,140000,0.612,0.634,0.612,0.634,12020,0
EQU,60,20241204,150000,0.634,0.638,0.634,0.638,2000,0
EQU,60,20241204,160000,0.638,0.638,0.638,0.638,300,0
EQU,60,20241205,100000,0.638,0.638,0.636,0.636,3000,0
EQU,60,20241205,110000,0.634,0.634,0.634,0.634,2200,0
EQU,60,20241205,120000,0.634,0.634,0.634,0.634,3000,0
EQU,60,20241205,170000,0.634,0.636,0.634,0.636,11719,0
EQU,60,20241206,100000,0.628,0.63,0.628,0.63,2700,0
EQU,60,20241206,130000,0.614,0.614,0.614,0.614,2091,0
EQU,60,20241206,150000,0.612,0.63,0.612,0.63,6691,0
EQU,60,20241206,160000,0.628,0.628,0.628,0.628,4750,0
EQU,60,20241206,170000,0.628,0.63,0.614,0.63,3374,0
EQU,60,20241209,100000,0.63,0.64,0.63,0.64,1100,0
EQU,60,20241209,110000,0.638,0.64,0.638,0.64,1100,0
EQU,60,20241209,120000,0.612,0.612,0.59,0.59,15668,0
EQU,60,20241209,150000,0.628,0.628,0.628,0.628,300,0
EQU,60,20241209,160000,0.602,0.628,0.602,0.628,1963,0
EQU,60,20241209,170000,0.626,0.628,0.61,0.628,5026,0
EQU,60,20241210,100000,0.628,0.68,0.628,0.68,99880,0
EQU,60,20241210,110000,0.678,0.68,0.678,0.678,6714,0
EQU,60,20241210,130000,0.678,0.678,0.678,0.678,500,0
EQU,60,20241210,140000,0.67,0.68,0.67,0.678,3600,0
EQU,60,20241210,150000,0.68,0.68,0.654,0.68,573,0
EQU,60,20241210,160000,0.68,0.68,0.65,0.68,9509,0
EQU,60,20241210,170000,0.68,0.68,0.68,0.68,25010,0
EQU,60,20241211,100000,0.68,0.68,0.67,0.68,20062,0
EQU,60,20241211,110000,0.68,0.68,0.68,0.68,322,0
EQU,60,20241211,120000,0.666,0.68,0.666,0.68,1450,0
EQU,60,20241211,140000,0.646,0.68,0.646,0.68,20106,0
EQU,60,20241211,150000,0.68,0.68,0.68,0.68,2448,0
EQU,60,20241211,170000,0.676,0.68,0.676,0.68,11681,0
EQU,60,20241212,100000,0.696,0.698,0.696,0.698,6650,0
EQU,60,20241212,110000,0.698,0.698,0.68,0.68,8373,0
EQU,60,20241212,130000,0.68,0.68,0.68,0.68,6267,0
EQU,60,20241212,140000,0.68,0.696,0.68,0.696,5451,0
EQU,60,20241212,150000,0.696,0.698,0.68,0.698,5480,0
EQU,60,20241212,160000,0.698,0.698,0.696,0.698,8796,0
EQU,60,20241212,170000,0.694,0.698,0.694,0.698,73199,0
EQU,60,20241213,100000,0.7,0.758,0.7,0.756,10920,0
EQU,60,20241213,110000,0.756,0.758,0.75,0.75,5839,0
EQU,60,20241213,120000,0.75,0.758,0.75,0.758,16000,0
EQU,60,20241213,140000,0.73,0.74,0.73,0.74,3600,0
EQU,60,20241213,150000,0.74,0.74,0.74,0.74,1060,0
EQU,60,20241213,160000,0.72,0.74,0.72,0.74,5783,0
EQU,60,20241213,170000,0.742,0.768,0.724,0.768,23274,0
EQU,60,20241216,100000,0.77,0.798,0.77,0.796,27619,0
EQU,60,20241216,110000,0.796,0.84,0.796,0.8,24705,0
EQU,60,20241216,120000,0.784,0.8,0.784,0.8,1997,0
EQU,60,20241216,130000,0.814,0.814,0.812,0.812,1353,0
EQU,60,20241216,140000,0.812,0.84,0.812,0.84,15377,0
EQU,60,20241216,150000,0.84,0.846,0.84,0.846,12976,0
EQU,60,20241216,160000,0.84,0.84,0.84,0.84,12,0
EQU,60,20241216,170000,0.824,0.846,0.814,0.846,11411,0
EQU,60,20241217,100000,0.85,0.88,0.85,0.88,13165,0
EQU,60,20241217,110000,0.88,0.89,0.88,0.89,1375,0
EQU,60,20241217,120000,0.88,0.89,0.88,0.89,8319,0
EQU,60,20241217,130000,0.88,0.89,0.88,0.89,8929,0
EQU,60,20241217,140000,0.89,0.89,0.89,0.89,22608,0
EQU,60,20241217,150000,0.876,0.88,0.864,0.88,3201,0
EQU,60,20241217,160000,0.878,0.878,0.874,0.874,1025,0
EQU,60,20241217,170000,0.864,0.878,0.864,0.878,14975,0
EQU,60,20241218,100000,0.878,0.88,0.864,0.864,11916,0
EQU,60,20241218,110000,0.878,0.878,0.864,0.864,1440,0
EQU,60,20241218,130000,0.878,0.878,0.862,0.862,5072,0
EQU,60,20241218,140000,0.878,0.878,0.878,0.878,1000,0
EQU,60,20241218,150000,0.878,0.878,0.878,0.878,2179,0
EQU,60,20241218,160000,0.874,0.878,0.862,0.878,54625,0
EQU,60,20241218,170000,0.866,0.878,0.866,0.878,1860,0
EQU,60,20241219,100000,0.874,0.878,0.862,0.862,68550,0
EQU,60,20241219,110000,0.862,0.862,0.862,0.862,35700,0
EQU,60,20241219,120000,0.862,0.862,0.822,0.862,35441,0
EQU,60,20241219,140000,0.84,0.86,0.84,0.86,5900,0
EQU,60,20241219,160000,0.86,0.86,0.86,0.86,800,0
EQU,60,20241219,170000,0.848,0.848,0.822,0.844,49781,0
EQU,60,20241220,100000,0.822,0.87,0.822,0.86,17813,0
EQU,60,20241220,110000,0.86,0.86,0.86,0.86,797,0
EQU,60,20241220,120000,0.86,0.86,0.85,0.85,816,0
EQU,60,20241220,130000,0.85,0.86,0.846,0.86,5087,0
EQU,60,20241220,140000,0.836,0.86,0.836,0.86,5887,0
EQU,60,20241220,170000,0.842,0.842,0.84,0.84,55125,0
EQU,60,20241223,100000,0.84,0.842,0.84,0.842,895,0
EQU,60,20241223,110000,0.858,0.88,0.858,0.88,1800,0
EQU,60,20241223,130000,0.854,0.854,0.854,0.854,9100,0
EQU,60,20241223,140000,0.854,0.868,0.854,0.854,8686,0
EQU,60,20241223,160000,0.854,0.87,0.854,0.87,14500,0
EQU,60,20241223,170000,0.854,0.87,0.85,0.87,5013,0
EQU,60,20241227,100000,0.87,0.87,0.87,0.87,1400,0
EQU,60,20241227,130000,0.86,0.86,0.86,0.86,500,0
EQU,60,20241227,140000,0.86,0.86,0.85,0.85,712,0
EQU,60,20241227,150000,0.86,0.86,0.86,0.86,205,0
EQU,60,20241227,170000,0.86,0.87,0.86,0.87,10000,0
EQU,60,20241230,100000,0.87,0.88,0.85,0.85,8342,0
EQU,60,20241230,110000,0.822,0.83,0.822,0.83,1610,0
EQU,60,20241230,130000,0.85,0.85,0.85,0.85,11340,0
EQU,60,20241230,140000,0.85,0.88,0.85,0.88,31500,0
EQU,60,20241230,160000,0.88,0.88,0.88,0.88,78,0
EQU,60,20241230,170000,0.88,0.88,0.84,0.87,13485,0
EQU,60,20250102,100000,0.9,0.95,0.9,0.95,23656,0
EQU,60,20250102,110000,0.95,0.952,0.95,0.952,16948,0
EQU,60,20250102,120000,0.952,0.96,0.916,0.96,3715,0
EQU,60,20250102,140000,0.96,0.98,0.96,0.98,41126,0
EQU,60,20250102,150000,0.98,0.99,0.98,0.98,2195,0
EQU,60,20250102,160000,0.98,0.99,0.98,0.98,3601,0
EQU,60,20250102,170000,0.98,0.98,0.98,0.98,2441,0
EQU,60,20250103,100000,0.976,0.99,0.976,0.99,21704,0
EQU,60,20250103,110000,0.99,0.99,0.97,0.988,9113,0
EQU,60,20250103,120000,0.99,0.99,0.99,0.99,200,0
EQU,60,20250103,130000,0.99,0.99,0.99,0.99,21571,0
EQU,60,20250103,140000,0.99,1,0.99,0.99,90176,0
EQU,60,20250103,150000,0.99,0.99,0.99,0.99,18679,0
EQU,60,20250103,160000,0.99,0.99,0.99,0.99,6035,0
EQU,60,20250103,170000,0.99,1,0.99,1,23000,0
EQU,60,20250107,100000,1,1,0.9,0.95,54698,0
EQU,60,20250107,110000,0.95,0.95,0.914,0.914,3880,0
EQU,60,20250107,120000,0.912,0.98,0.912,0.98,10520,0
EQU,60,20250107,130000,0.98,0.996,0.98,0.996,2100,0
EQU,60,20250107,140000,0.996,0.998,0.996,0.996,4806,0
EQU,60,20250107,150000,0.996,0.996,0.996,0.996,509,0
EQU,60,20250107,160000,0.962,1,0.92,0.998,24740,0
EQU,60,20250107,170000,0.942,0.96,0.94,0.958,777,0
EQU,60,20250108,100000,0.96,0.98,0.96,0.98,8662,0
EQU,60,20250108,110000,0.96,0.998,0.96,0.998,3349,0
EQU,60,20250108,120000,0.996,0.998,0.996,0.998,2574,0
EQU,60,20250108,130000,0.998,0.998,0.998,0.998,58,0
EQU,60,20250108,140000,0.99,0.99,0.99,0.99,500,0
EQU,60,20250108,150000,0.99,0.99,0.96,0.96,577,0
EQU,60,20250108,160000,0.99,0.99,0.99,0.99,2000,0
EQU,60,20250108,170000,0.99,0.998,0.962,0.978,3110,0
EQU,60,20250109,100000,0.978,0.978,0.96,0.96,1829,0
EQU,60,20250109,110000,0.978,0.98,0.95,0.95,3405,0
EQU,60,20250109,120000,0.96,0.98,0.96,0.98,2700,0
EQU,60,20250109,160000,0.952,0.976,0.952,0.952,5866,0
EQU,60,20250109,170000,0.976,0.98,0.976,0.98,4800,0
EQU,60,20250110,100000,0.98,0.98,0.98,0.98,1143,0
EQU,60,20250110,110000,0.98,0.98,0.98,0.98,900,0
EQU,60,20250110,160000,0.95,0.95,0.95,0.95,667,0
EQU,60,20250110,170000,0.97,0.976,0.95,0.976,8784,0
EQU,60,20250113,100000,0.95,0.98,0.95,0.98,5011,0
EQU,60,20250113,110000,0.952,0.976,0.952,0.976,274,0
EQU,60,20250113,120000,0.978,0.978,0.93,0.93,2954,0
EQU,60,20250113,130000,0.942,0.972,0.942,0.97,2200,0
EQU,60,20250113,150000,0.972,0.976,0.972,0.976,800,0
EQU,60,20250113,160000,0.956,0.972,0.956,0.972,2447,0
EQU,60,20250114,100000,0.978,0.98,0.948,0.98,5221,0
EQU,60,20250114,110000,0.946,0.95,0.946,0.946,2678,0
EQU,60,20250114,120000,0.946,0.946,0.946,0.946,200,0
EQU,60,20250114,130000,0.976,0.978,0.976,0.978,3900,0
EQU,60,20250114,140000,0.954,0.978,0.954,0.978,1900,0
EQU,60,20250114,150000,0.98,0.98,0.954,0.98,1800,0
EQU,60,20250114,160000,0.954,0.978,0.954,0.978,1472,0
EQU,60,20250114,170000,0.948,0.98,0.948,0.98,7681,0
EQU,60,20250115,100000,0.946,0.946,0.946,0.946,200,0
EQU,60,20250115,110000,0.978,0.98,0.954,0.956,1671,0
EQU,60,20250115,120000,0.98,0.98,0.98,0.98,350,0
EQU,60,20250115,130000,0.98,0.98,0.98,0.98,400,0
EQU,60,20250115,140000,0.98,0.98,0.98,0.98,3908,0
EQU,60,20250115,150000,0.96,0.96,0.952,0.954,5000,0
EQU,60,20250115,160000,0.954,0.98,0.954,0.98,2190,0
EQU,60,20250115,170000,0.96,0.98,0.946,0.946,9455,0
EQU,60,20250116,100000,0.95,0.98,0.95,0.98,7850,0
EQU,60,20250116,130000,0.98,0.98,0.98,0.98,1672,0
EQU,60,20250117,100000,0.978,0.98,0.978,0.98,5530,0
EQU,60,20250117,140000,0.948,0.978,0.934,0.978,2830,0
EQU,60,20250117,150000,0.936,0.952,0.934,0.952,4466,0
EQU,60,20250117,160000,0.934,0.952,0.934,0.942,3211,0
EQU,60,20250117,170000,0.974,0.976,0.94,0.976,13248,0
EQU,60,20250120,100000,0.974,0.978,0.974,0.978,16497,0
EQU,60,20250120,110000,0.954,0.954,0.954,0.954,11,0
EQU,60,20250120,120000,0.95,0.95,0.938,0.938,3989,0
EQU,60,20250120,140000,0.97,0.978,0.97,0.978,9025,0
EQU,60,20250120,150000,0.978,0.978,0.942,0.942,1004,0
EQU,60,20250120,160000,0.978,0.978,0.942,0.978,2400,0
EQU,60,20250120,170000,0.944,0.978,0.944,0.978,1500,0
EQU,60,20250121,130000,0.974,0.978,0.974,0.978,1200,0
EQU,60,20250121,140000,0.978,0.978,0.954,0.978,2000,0
EQU,60,20250121,160000,0.978,0.978,0.978,0.978,886,0
EQU,60,20250122,110000,0.938,0.97,0.93,0.97,3837,0
EQU,60,20250122,140000,0.95,0.978,0.95,0.978,21476,0
EQU,60,20250122,160000,0.944,0.978,0.942,0.978,11016,0
EQU,60,20250122,170000,0.978,0.978,0.976,0.978,12936,0
EQU,60,20250123,100000,0.98,0.98,0.96,0.98,15331,0
EQU,60,20250123,110000,0.978,0.98,0.978,0.98,1423,0
EQU,60,20250123,140000,0.964,0.978,0.962,0.978,2700,0
EQU,60,20250123,160000,0.978,0.978,0.964,0.978,6690,0
EQU,60,20250123,170000,0.976,0.98,0.976,0.98,1730,0
EQU,60,20250124,100000,0.98,0.98,0.98,0.98,1200,0
EQU,60,20250124,110000,0.978,0.98,0.978,0.98,4921,0
EQU,60,20250124,130000,0.976,0.976,0.976,0.976,1333,0
EQU,60,20250124,140000,0.978,0.978,0.978,0.978,4876,0
EQU,60,20250124,160000,0.978,0.98,0.978,0.98,9188,0
EQU,60,20250124,170000,0.95,0.978,0.95,0.978,4348,0
EQU,60,20250127,100000,0.98,0.98,0.98,0.98,3519,0
EQU,60,20250127,110000,0.952,0.978,0.952,0.978,525,0
EQU,60,20250127,120000,0.978,0.98,0.978,0.98,6884,0
EQU,60,20250127,130000,0.978,0.98,0.978,0.98,500,0
EQU,60,20250127,140000,0.97,0.97,0.97,0.97,3403,0
EQU,60,20250127,150000,0.964,0.978,0.93,0.978,22200,0
EQU,60,20250127,160000,0.94,0.968,0.94,0.968,3734,0
EQU,60,20250128,110000,0.96,0.97,0.938,0.948,18514,0
EQU,60,20250128,120000,0.958,0.97,0.958,0.97,3009,0
EQU,60,20250128,140000,0.946,0.968,0.946,0.968,360,0
EQU,60,20250128,160000,0.968,0.968,0.968,0.968,1000,0
EQU,60,20250128,170000,0.968,0.968,0.968,0.968,1200,0
EQU,60,20250129,100000,0.966,0.978,0.966,0.978,2850,0
EQU,60,20250129,110000,0.978,0.978,0.978,0.978,25,0
EQU,60,20250129,130000,0.976,0.976,0.976,0.976,40,0
EQU,60,20250129,140000,0.946,0.946,0.946,0.946,1333,0
EQU,60,20250129,150000,0.956,0.976,0.956,0.976,1500,0
EQU,60,20250129,170000,0.942,0.978,0.934,0.978,2800,0
EQU,60,20250130,100000,0.97,0.978,0.97,0.978,8500,0
EQU,60,20250130,140000,0.952,0.962,0.95,0.962,2100,0
EQU,60,20250130,150000,0.962,0.962,0.95,0.962,5250,0
EQU,60,20250130,160000,0.95,0.962,0.95,0.962,2450,0
EQU,60,20250130,170000,0.944,0.962,0.922,0.93,21776,0
EQU,60,20250131,100000,0.93,0.962,0.93,0.962,51005,0
EQU,60,20250131,120000,0.962,0.962,0.962,0.962,2900,0
EQU,60,20250131,140000,0.96,0.962,0.96,0.962,1600,0
EQU,60,20250131,160000,0.96,0.966,0.96,0.966,8328,0
EQU,60,20250131,170000,0.948,0.966,0.93,0.966,13691,0
EQU,60,20250203,100000,0.966,0.966,0.966,0.966,213,0
EQU,60,20250203,120000,0.96,0.966,0.96,0.966,17000,0
EQU,60,20250203,130000,0.966,0.97,0.966,0.968,460,0
EQU,60,20250203,170000,0.94,0.976,0.934,0.976,26398,0
EQU,60,20250204,100000,0.974,0.98,0.954,0.98,78200,0
EQU,60,20250204,120000,0.978,0.978,0.978,0.978,2500,0
EQU,60,20250204,130000,0.978,0.978,0.97,0.978,18218,0
EQU,60,20250204,160000,0.968,0.968,0.968,0.968,2000,0
EQU,60,20250204,170000,0.962,0.962,0.962,0.962,224,0
EQU,60,20250205,100000,0.968,0.968,0.968,0.968,7000,0
EQU,60,20250205,120000,0.968,0.968,0.968,0.968,700,0
EQU,60,20250205,130000,0.968,0.968,0.962,0.968,4226,0
EQU,60,20250205,140000,0.96,0.96,0.96,0.96,980,0
EQU,60,20250205,150000,0.96,0.968,0.92,0.92,80433,0
EQU,60,20250205,170000,0.92,0.97,0.902,0.97,152231,0
EQU,60,20250206,100000,0.966,0.968,0.95,0.95,10011,0
EQU,60,20250206,110000,0.96,0.96,0.95,0.95,3990,0
EQU,60,20250206,120000,0.96,0.96,0.96,0.96,10000,0
EQU,60,20250206,130000,0.95,0.968,0.95,0.968,10789,0
EQU,60,20250206,150000,0.94,0.95,0.94,0.95,310,0
EQU,60,20250206,160000,0.942,0.942,0.94,0.942,11249,0
EQU,60,20250206,170000,0.942,0.942,0.942,0.942,4300,0
EQU,60,20250207,100000,0.942,0.942,0.94,0.942,6900,0
EQU,60,20250207,160000,0.942,0.942,0.94,0.942,7948,0
EQU,60,20250207,170000,0.94,0.94,0.902,0.932,58514,0
EQU,60,20250210,100000,0.872,0.922,0.872,0.922,149,0
EQU,60,20250210,110000,0.88,0.88,0.876,0.876,6500,0
EQU,60,20250210,120000,0.864,0.898,0.804,0.886,16481,0
EQU,60,20250210,130000,0.886,0.886,0.852,0.88,1193,0
EQU,60,20250210,140000,0.854,0.88,0.854,0.88,341,0
EQU,60,20250210,150000,0.88,0.89,0.88,0.89,10000,0
EQU,60,20250210,160000,0.89,0.89,0.89,0.89,1392,0
EQU,60,20250210,170000,0.89,0.89,0.89,0.89,500,0
EQU,60,20250211,100000,0.876,0.904,0.876,0.904,10400,0
EQU,60,20250211,110000,0.904,0.904,0.904,0.904,1800,0
EQU,60,20250211,120000,0.904,0.904,0.896,0.898,3700,0
EQU,60,20250211,150000,0.88,0.88,0.88,0.88,200,0
EQU,60,20250211,160000,0.88,0.898,0.88,0.898,18000,0
EQU,60,20250212,100000,0.898,0.898,0.898,0.898,1100,0
EQU,60,20250212,140000,0.896,0.896,0.896,0.896,500,0
EQU,60,20250212,150000,0.88,0.88,0.88,0.88,200,0
EQU,60,20250212,160000,0.88,0.88,0.88,0.88,3200,0
EQU,60,20250212,170000,0.866,0.88,0.85,0.88,19858,0
EQU,60,20250213,110000,0.88,0.88,0.82,0.82,35407,0
EQU,60,20250213,120000,0.83,0.83,0.83,0.83,1515,0
EQU,60,20250213,130000,0.816,0.828,0.802,0.828,7650,0
EQU,60,20250213,140000,0.828,0.83,0.828,0.83,5500,0
EQU,60,20250213,150000,0.814,0.828,0.81,0.828,53150,0
EQU,60,20250213,160000,0.828,0.83,0.8,0.8,4091,0
EQU,60,20250213,170000,0.794,0.794,0.74,0.794,11829,0
EQU,60,20250214,100000,0.814,0.84,0.814,0.836,2688,0
EQU,60,20250214,110000,0.836,0.838,0.78,0.78,912,0
EQU,60,20250214,120000,0.762,0.84,0.762,0.838,3830,0
EQU,60,20250214,130000,0.772,0.84,0.772,0.838,11223,0
EQU,60,20250214,140000,0.838,0.84,0.838,0.84,3420,0
EQU,60,20250217,100000,0.83,0.84,0.83,0.84,11315,0
EQU,60,20250217,110000,0.782,0.782,0.77,0.78,21555,0
EQU,60,20250217,120000,0.78,0.78,0.77,0.78,1650,0
EQU,60,20250217,130000,0.78,0.78,0.75,0.76,23825,0
EQU,60,20250217,140000,0.75,0.76,0.748,0.76,20693,0
EQU,60,20250217,150000,0.75,0.76,0.75,0.76,419,0
EQU,60,20250217,160000,0.76,0.76,0.76,0.76,5790,0
EQU,60,20250217,170000,0.76,0.76,0.752,0.76,12143,0
EQU,60,20250218,100000,0.76,0.76,0.76,0.76,13422,0
EQU,60,20250218,110000,0.76,0.76,0.76,0.76,2731,0
EQU,60,20250218,130000,0.75,0.75,0.684,0.684,7489,0
EQU,60,20250218,140000,0.76,0.79,0.76,0.79,4000,0
EQU,60,20250218,150000,0.784,0.784,0.784,0.784,70,0
EQU,60,20250218,170000,0.78,0.79,0.732,0.79,24334,0
EQU,60,20250219,100000,0.798,0.798,0.736,0.798,2660,0
EQU,60,20250219,110000,0.798,0.798,0.798,0.798,173,0
EQU,60,20250219,170000,0.792,0.798,0.792,0.798,1650,0
EQU,60,20250220,100000,0.798,0.8,0.76,0.76,5458,0
EQU,60,20250220,130000,0.78,0.78,0.766,0.766,2530,0
EQU,60,20250220,140000,0.798,0.8,0.772,0.772,7409,0
EQU,60,20250220,150000,0.77,0.806,0.77,0.806,4692,0
EQU,60,20250220,170000,0.806,0.806,0.806,0.806,10900,0
EQU,60,20250221,100000,0.806,0.806,0.806,0.806,5000,0
EQU,60,20250221,120000,0.77,0.77,0.77,0.77,450,0
EQU,60,20250221,130000,0.762,0.762,0.76,0.76,6270,0
EQU,60,20250221,140000,0.806,0.806,0.806,0.806,200,0
EQU,60,20250221,160000,0.806,0.806,0.806,0.806,1560,0
EQU,60,20250221,170000,0.764,0.764,0.764,0.764,4479,0
EQU,60,20250224,100000,0.762,0.764,0.762,0.764,5512,0
EQU,60,20250224,120000,0.75,0.75,0.75,0.75,2027,0
EQU,60,20250224,130000,0.764,0.764,0.764,0.764,100,0
EQU,60,20250224,140000,0.75,0.75,0.75,0.75,1352,0
EQU,60,20250224,160000,0.75,0.75,0.73,0.73,10018,0
EQU,60,20250224,170000,0.73,0.73,0.7,0.72,24371,0
EQU,60,20250225,100000,0.718,0.748,0.66,0.748,16992,0
EQU,60,20250225,110000,0.752,0.752,0.752,0.752,50,0
EQU,60,20250225,120000,0.752,0.788,0.752,0.788,15758,0
EQU,60,20250225,130000,0.788,0.788,0.77,0.788,3265,0
EQU,60,20250225,140000,0.788,0.788,0.788,0.788,500,0
EQU,60,20250225,150000,0.788,0.788,0.788,0.788,49,0
EQU,60,20250225,160000,0.786,0.786,0.786,0.786,250,0
EQU,60,20250225,170000,0.78,0.78,0.78,0.78,510,0
EQU,60,20250226,100000,0.786,0.786,0.78,0.78,2068,0
EQU,60,20250226,110000,0.722,0.722,0.72,0.72,14555,0
EQU,60,20250226,120000,0.768,0.768,0.71,0.72,6790,0
EQU,60,20250226,130000,0.72,0.72,0.72,0.72,5831,0
EQU,60,20250226,140000,0.72,0.72,0.708,0.708,7530,0
EQU,60,20250226,150000,0.702,0.702,0.7,0.702,21749,0
EQU,60,20250226,160000,0.702,0.702,0.7,0.7,3140,0
EQU,60,20250226,170000,0.702,0.702,0.702,0.702,22700,0
EQU,60,20250227,100000,0.702,0.702,0.688,0.69,13171,0
EQU,60,20250227,110000,0.682,0.69,0.672,0.672,6100,0
EQU,60,20250227,120000,0.67,0.69,0.66,0.69,10680,0
EQU,60,20250227,130000,0.658,0.69,0.652,0.69,12700,0
EQU,60,20250227,140000,0.662,0.688,0.654,0.686,5464,0
EQU,60,20250227,150000,0.684,0.69,0.684,0.69,2100,0
EQU,60,20250227,160000,0.688,0.69,0.688,0.69,1040,0
EQU,60,20250228,100000,0.69,0.7,0.69,0.7,5764,0
EQU,60,20250228,110000,0.69,0.7,0.69,0.7,350,0
EQU,60,20250228,120000,0.7,0.7,0.7,0.7,30120,0
EQU,60,20250228,130000,0.7,0.7,0.7,0.7,2319,0
EQU,60,20250228,170000,0.69,0.7,0.68,0.7,3150,0
EQU,60,20250303,100000,0.698,0.698,0.698,0.698,6020,0
EQU,60,20250303,110000,0.698,0.698,0.698,0.698,400,0
EQU,60,20250303,130000,0.662,0.696,0.65,0.696,3532,0
EQU,60,20250303,140000,0.62,0.62,0.62,0.62,10610,0
EQU,60,20250303,150000,0.618,0.66,0.616,0.66,18890,0
EQU,60,20250303,160000,0.66,0.66,0.63,0.63,8279,0
EQU,60,20250303,170000,0.63,0.63,0.618,0.62,19488,0
EQU,60,20250304,100000,0.614,0.614,0.6,0.6,1115,0
EQU,60,20250304,110000,0.61,0.618,0.61,0.618,600,0
EQU,60,20250304,120000,0.616,0.62,0.616,0.62,5600,0
EQU,60,20250304,130000,0.62,0.62,0.6,0.62,22993,0
EQU,60,20250304,160000,0.616,0.616,0.616,0.616,400,0
EQU,60,20250304,170000,0.616,0.618,0.616,0.618,1200,0
EQU,60,20250305,110000,0.618,0.618,0.618,0.618,600,0
EQU,60,20250305,120000,0.59,0.618,0.506,0.506,74877,0
EQU,60,20250305,130000,0.508,0.562,0.508,0.55,21983,0
EQU,60,20250305,140000,0.558,0.58,0.534,0.534,3177,0
EQU,60,20250305,150000,0.546,0.57,0.546,0.568,2495,0
EQU,60,20250305,170000,0.564,0.598,0.564,0.598,10492,0
EQU,60,20250306,100000,0.614,0.614,0.614,0.614,750,0
EQU,60,20250306,120000,0.614,0.64,0.614,0.64,16001,0
EQU,60,20250307,100000,0.646,0.666,0.62,0.666,6100,0
EQU,60,20250307,120000,0.658,0.658,0.658,0.658,54,0
EQU,60,20250307,130000,0.658,0.658,0.658,0.658,150,0
EQU,60,20250307,150000,0.658,0.66,0.658,0.658,2800,0
EQU,60,20250307,160000,0.64,0.64,0.64,0.64,1600,0
EQU,60,20250307,170000,0.658,0.658,0.642,0.658,507,0
EQU,60,20250310,100000,0.65,0.65,0.64,0.64,3020,0
EQU,60,20250310,110000,0.678,0.678,0.676,0.676,561,0
EQU,60,20250310,120000,0.648,0.678,0.648,0.678,5400,0
EQU,60,20250310,140000,0.678,0.678,0.678,0.678,200,0
EQU,60,20250310,150000,0.67,0.678,0.67,0.678,300,0
EQU,60,20250310,160000,0.7,0.708,0.69,0.69,8186,0
EQU,60,20250311,100000,0.708,0.74,0.708,0.74,1750,0
EQU,60,20250311,110000,0.67,0.72,0.67,0.72,414,0
EQU,60,20250311,120000,0.718,0.718,0.718,0.718,40,0
EQU,60,20250311,130000,0.714,0.716,0.714,0.716,500,0
EQU,60,20250312,100000,0.738,0.738,0.714,0.714,1150,0
EQU,60,20250312,110000,0.714,0.714,0.714,0.714,53,0
EQU,60,20250312,120000,0.688,0.714,0.688,0.714,322,0
EQU,60,20250312,150000,0.688,0.714,0.688,0.714,650,0
EQU,60,20250313,100000,0.74,0.758,0.69,0.738,11457,0
EQU,60,20250313,120000,0.736,0.736,0.736,0.736,3563,0
EQU,60,20250313,130000,0.736,0.736,0.736,0.736,891,0
EQU,60,20250313,140000,0.73,0.73,0.73,0.73,4800,0
EQU,60,20250313,150000,0.73,0.73,0.73,0.73,60,0
EQU,60,20250313,160000,0.724,0.724,0.696,0.696,1400,0
EQU,60,20250313,170000,0.698,0.728,0.692,0.728,17004,0
EQU,60,20250314,100000,0.728,0.728,0.72,0.72,2100,0
EQU,60,20250314,110000,0.728,0.728,0.694,0.694,250,0
EQU,60,20250314,120000,0.728,0.728,0.728,0.728,479,0
EQU,60,20250314,130000,0.694,0.694,0.694,0.694,81,0
EQU,60,20250314,160000,0.728,0.728,0.728,0.728,200,0
EQU,60,20250314,170000,0.696,0.728,0.696,0.728,2123,0
EQU,60,20250317,110000,0.728,0.728,0.728,0.728,2717,0
EQU,60,20250317,120000,0.728,0.73,0.728,0.73,800,0
EQU,60,20250317,130000,0.704,0.73,0.692,0.73,270,0
EQU,60,20250317,140000,0.75,0.75,0.7,0.75,7850,0
EQU,60,20250317,150000,0.748,0.75,0.748,0.75,500,0
EQU,60,20250318,100000,0.746,0.75,0.742,0.75,9022,0
EQU,60,20250318,110000,0.742,0.75,0.742,0.75,1500,0
EQU,60,20250318,140000,0.738,0.738,0.738,0.738,670,0
EQU,60,20250318,150000,0.736,0.738,0.736,0.738,270,0
EQU,60,20250319,100000,0.748,0.748,0.748,0.748,900,0
EQU,60,20250319,160000,0.728,0.728,0.728,0.728,14,0
EQU,60,20250320,100000,0.728,0.728,0.728,0.728,300,0
EQU,60,20250320,110000,0.728,0.73,0.728,0.73,4265,0
EQU,60,20250320,160000,0.73,0.73,0.73,0.73,167,0
EQU,60,20250320,170000,0.706,0.706,0.69,0.69,2315,0
EQU,60,20250321,100000,0.7,0.7,0.7,0.7,200,0
EQU,60,20250321,110000,0.692,0.692,0.692,0.692,500,0
EQU,60,20250321,130000,0.7,0.7,0.7,0.7,1020,0
EQU,60,20250321,140000,0.692,0.692,0.692,0.692,40,0
EQU,60,20250321,160000,0.7,0.7,0.7,0.7,300,0
EQU,60,20250321,170000,0.69,0.718,0.69,0.718,1950,0
EQU,60,20250324,100000,0.718,0.72,0.718,0.72,5075,0
EQU,60,20250324,110000,0.72,0.72,0.72,0.72,17,0
EQU,60,20250324,120000,0.72,0.73,0.72,0.73,2260,0
EQU,60,20250325,100000,0.73,0.74,0.73,0.74,5200,0
EQU,60,20250325,110000,0.73,0.74,0.72,0.72,1150,0
EQU,60,20250325,120000,0.72,0.72,0.72,0.72,3350,0
EQU,60,20250325,140000,0.71,0.74,0.702,0.74,3111,0
EQU,60,20250325,160000,0.738,0.768,0.738,0.768,12004,0
EQU,60,20250325,170000,0.754,0.86,0.74,0.86,32258,0
EQU,60,20250326,100000,0.86,0.94,0.85,0.9,78171,0
EQU,60,20250326,110000,0.86,0.92,0.822,0.822,25020,0
EQU,60,20250326,120000,0.87,0.88,0.82,0.83,5897,0
EQU,60,20250326,130000,0.856,0.856,0.856,0.856,1265,0
EQU,60,20250326,140000,0.858,0.858,0.82,0.858,4497,0
EQU,60,20250326,160000,0.858,0.86,0.824,0.86,4631,0
EQU,60,20250326,170000,0.832,0.86,0.832,0.86,804,0
EQU,60,20250327,100000,0.87,0.88,0.87,0.88,2186,0
EQU,60,20250327,120000,0.874,0.874,0.874,0.874,300,0
EQU,60,20250327,130000,0.874,0.876,0.874,0.874,7280,0
EQU,60,20250328,100000,0.868,0.874,0.868,0.874,1901,0
EQU,60,20250328,110000,0.85,0.874,0.85,0.874,2300,0
EQU,60,20250328,130000,0.87,0.872,0.87,0.872,4095,0
EQU,60,20250328,170000,0.84,0.872,0.84,0.872,13461,0
EQU,60,20250331,100000,0.872,0.876,0.82,0.86,13110,0
EQU,60,20250331,110000,0.86,0.86,0.86,0.86,300,0
EQU,60,20250331,130000,0.836,0.836,0.796,0.8,7677,0
EQU,60,20250331,140000,0.82,0.858,0.8,0.858,2537,0
EQU,60,20250331,150000,0.858,0.858,0.858,0.858,200,0
EQU,60,20250402,100000,0.876,0.876,0.86,0.87,700,0
EQU,60,20250402,120000,0.86,0.86,0.86,0.86,15,0
EQU,60,20250402,130000,0.864,0.864,0.864,0.864,100,0
EQU,60,20250402,160000,0.864,0.864,0.864,0.864,20,0
EQU,60,20250402,170000,0.86,0.864,0.86,0.864,96,0
EQU,60,20250403,120000,0.79,0.82,0.79,0.82,1775,0
EQU,60,20250403,130000,0.788,0.8,0.78,0.8,3950,0
EQU,60,20250403,150000,0.78,0.78,0.76,0.77,4650,0
EQU,60,20250403,160000,0.76,0.77,0.76,0.77,3276,0
EQU,60,20250403,170000,0.758,0.77,0.758,0.77,2738,0
EQU,60,20250404,100000,0.75,0.75,0.75,0.75,9290,0
EQU,60,20250404,120000,0.748,0.748,0.748,0.748,387,0
EQU,60,20250404,130000,0.75,0.75,0.75,0.75,16600,0
EQU,60,20250404,150000,0.748,0.748,0.73,0.73,750,0
EQU,60,20250404,160000,0.79,0.79,0.79,0.79,1,0
EQU,60,20250407,100000,0.724,0.79,0.724,0.724,2256,0
EQU,60,20250407,120000,0.768,0.768,0.768,0.768,2587,0
EQU,60,20250407,150000,0.768,0.768,0.768,0.768,8,0
EQU,60,20250408,160000,0.726,0.726,0.726,0.726,3860,0
EQU,60,20250408,170000,0.722,0.726,0.72,0.72,5401,0
EQU,60,20250409,120000,0.722,0.722,0.72,0.72,2105,0
EQU,60,20250409,140000,0.72,0.738,0.72,0.738,338,0
EQU,60,20250409,160000,0.72,0.72,0.72,0.72,530,0
EQU,60,20250409,170000,0.738,0.738,0.738,0.738,100,0
EQU,60,20250410,110000,0.71,0.71,0.71,0.71,2000,0
EQU,60,20250410,120000,0.71,0.738,0.7,0.738,4050,0
EQU,60,20250410,130000,0.738,0.74,0.702,0.702,1100,0
EQU,60,20250410,140000,0.738,0.738,0.738,0.738,100,0
EQU,60,20250410,170000,0.74,0.74,0.74,0.74,1832,0
EQU,60,20250411,100000,0.782,0.782,0.74,0.78,1643,0
EQU,60,20250411,110000,0.774,0.774,0.774,0.774,50,0
EQU,60,20250411,130000,0.768,0.768,0.768,0.768,260,0
EQU,60,20250411,140000,0.74,0.766,0.74,0.766,2050,0
EQU,60,20250411,160000,0.766,0.768,0.766,0.768,1200,0
EQU,60,20250414,100000,0.768,0.768,0.768,0.768,155,0
EQU,60,20250414,110000,0.702,0.754,0.702,0.754,8182,0
EQU,60,20250414,120000,0.746,0.75,0.746,0.75,2454,0
EQU,60,20250414,140000,0.746,0.746,0.746,0.746,300,0
EQU,60,20250414,150000,0.72,0.72,0.714,0.714,500,0
EQU,60,20250414,160000,0.714,0.714,0.7,0.7,7566,0
EQU,60,20250414,170000,0.73,0.746,0.708,0.726,22877,0
EQU,60,20250415,100000,0.738,0.738,0.702,0.732,5200,0
EQU,60,20250415,120000,0.73,0.73,0.73,0.73,31,0
EQU,60,20250415,140000,0.7,0.726,0.7,0.726,1892,0
EQU,60,20250416,100000,0.7,0.71,0.7,0.7,1766,0
EQU,60,20250416,110000,0.7,0.7,0.7,0.7,1000,0
EQU,60,20250416,120000,0.718,0.718,0.718,0.718,200,0
EQU,60,20250416,130000,0.7,0.7,0.7,0.7,66962,0
EQU,60,20250416,140000,0.718,0.728,0.718,0.728,2719,0
EQU,60,20250416,160000,0.728,0.728,0.728,0.728,200,0
EQU,60,20250417,110000,0.728,0.728,0.728,0.728,1363,0
EQU,60,20250417,120000,0.7,0.732,0.7,0.732,2668,0
EQU,60,20250417,130000,0.728,0.728,0.728,0.728,342,0
EQU,60,20250417,150000,0.726,0.732,0.726,0.732,1500,0
EQU,60,20250417,160000,0.732,0.732,0.732,0.732,2,0
EQU,60,20250422,100000,0.702,0.732,0.7,0.732,5336,0
EQU,60,20250422,160000,0.7,0.726,0.7,0.726,2150,0
EQU,60,20250422,170000,0.726,0.726,0.726,0.726,200,0
EQU,60,20250423,100000,0.726,0.726,0.726,0.726,150,0
EQU,60,20250423,140000,0.726,0.726,0.726,0.726,50,0
EQU,60,20250423,160000,0.696,0.696,0.696,0.696,10,0
EQU,60,20250423,170000,0.726,0.726,0.726,0.726,13,0
EQU,60,20250424,110000,0.726,0.732,0.726,0.732,11456,0
EQU,60,20250424,120000,0.732,0.732,0.73,0.73,3430,0
EQU,60,20250424,130000,0.7,0.73,0.7,0.73,3050,0
EQU,60,20250424,170000,0.702,0.726,0.7,0.726,7680,0
EQU,60,20250425,100000,0.726,0.726,0.726,0.726,700,0
EQU,60,20250425,110000,0.722,0.726,0.722,0.726,11930,0
EQU,60,20250425,120000,0.726,0.726,0.726,0.726,500,0
EQU,60,20250425,140000,0.698,0.698,0.698,0.698,260,0
EQU,60,20250425,150000,0.726,0.726,0.726,0.726,324,0
EQU,60,20250425,160000,0.736,0.736,0.736,0.736,187,0
EQU,60,20250425,170000,0.736,0.736,0.736,0.736,46,0
EQU,60,20250428,100000,0.736,0.736,0.736,0.736,500,0
EQU,60,20250428,120000,0.702,0.73,0.7,0.73,5550,0
EQU,60,20250428,140000,0.7,0.73,0.7,0.73,1837,0
EQU,60,20250428,150000,0.73,0.734,0.73,0.734,10000,0
EQU,60,20250428,170000,0.71,0.734,0.71,0.734,107,0
EQU,60,20250429,100000,0.734,0.734,0.734,0.734,22000,0
EQU,60,20250429,110000,0.734,0.734,0.7,0.732,11440,0
EQU,60,20250429,170000,0.714,0.714,0.714,0.714,21,0
EQU,60,20250430,100000,0.728,0.728,0.728,0.728,700,0
EQU,60,20250430,120000,0.728,0.728,0.728,0.728,15,0
EQU,60,20250430,170000,0.698,0.724,0.698,0.724,315,0
EQU,60,20250502,100000,0.69,0.7,0.69,0.69,15431,0
EQU,60,20250502,110000,0.69,0.69,0.69,0.69,1015,0
EQU,60,20250502,130000,0.65,0.7,0.65,0.69,18301,0
EQU,60,20250502,170000,0.69,0.7,0.69,0.7,350,0
EQU,60,20250505,100000,0.64,0.68,0.626,0.68,14086,0
EQU,60,20250505,110000,0.64,0.64,0.63,0.64,10060,0
EQU,60,20250505,120000,0.64,0.658,0.64,0.658,26126,0
EQU,60,20250505,130000,0.678,0.678,0.678,0.678,50,0
EQU,60,20250505,140000,0.658,0.67,0.658,0.67,2145,0
EQU,60,20250505,160000,0.642,0.642,0.642,0.642,511,0
EQU,60,20250505,170000,0.642,0.65,0.64,0.65,4500,0
EQU,60,20250506,100000,0.646,0.648,0.634,0.648,5280,0
EQU,60,20250506,120000,0.64,0.64,0.636,0.636,7500,0
EQU,60,20250506,130000,0.636,0.636,0.612,0.636,18694,0
EQU,60,20250506,150000,0.638,0.638,0.638,0.638,1296,0
EQU,60,20250506,160000,0.662,0.7,0.662,0.7,36790,0
EQU,60,20250506,170000,0.68,0.7,0.642,0.696,1182,0
