<TICKER>,<PER>,<DATE>,<TIME>,<OPEN>,<HIGH>,<LOW>,<CLOSE>,<VOL>,<OPENINT>
FAB,60,20240411,100000,31.3449,31.3449,29.9361,30.0242,935.85914128944,0
FAB,60,20240411,110000,30.3764,30.8166,30.2003,30.8166,244.18654778789997,0
FAB,60,20240411,120000,30.8166,30.8166,30.3764,30.8166,272.5803324144,0
FAB,60,20240411,140000,30.8166,30.8166,30.8166,30.8166,227.15027701199998,0
FAB,60,20240411,150000,30.5525,30.5525,30.5525,30.5525,1.1357513850599998,0
FAB,60,20240412,100000,31.3449,31.521,31.2568,31.4329,1337.9151316006798,0
FAB,60,20240412,110000,31.3449,31.521,31.3449,31.521,634.88502424854,0
FAB,60,20240412,120000,31.521,31.609,31.521,31.609,505.4093663517,0
FAB,60,20240412,130000,31.609,31.609,31.609,31.609,45.430055402399994,0
FAB,60,20240412,140000,31.609,31.609,31.609,31.609,3.4072541551799995,0
FAB,60,20240412,150000,31.609,31.6971,31.609,31.6971,1201.62496539348,0
FAB,60,20240412,170000,31.6971,31.6971,31.3449,31.3449,569.01144391506,0
FAB,60,20240415,100000,31.6971,31.6971,29.0556,31.521,716.65912397286,0
FAB,60,20240415,110000,31.521,31.521,31.521,31.521,4.543005540239999,0
FAB,60,20240415,130000,31.521,31.6971,31.521,31.6971,297.56686288572,0
FAB,60,20240415,150000,31.2568,31.2568,31.2568,31.2568,6.814508310359999,0
FAB,60,20240415,160000,31.6971,31.6971,31.6971,31.6971,90.86011080479999,0
FAB,60,20240415,170000,31.609,31.609,31.609,31.609,5234.67813374154,0
FAB,60,20240416,100000,31.609,31.6971,31.609,31.6971,539.4819079035,0
FAB,60,20240416,120000,31.521,31.521,31.0807,31.0807,46.56580678746,0
FAB,60,20240416,130000,31.521,31.521,31.521,31.521,91.99586218985999,0
FAB,60,20240416,140000,31.521,31.6971,31.521,31.6971,406.59899585147997,0
FAB,60,20240416,160000,31.7851,31.7851,31.521,31.521,113.57513850599999,0
FAB,60,20240416,170000,31.521,31.521,31.521,31.521,160.14094529346,0
FAB,60,20240417,100000,31.8732,31.8732,31.8732,31.8732,2.2715027701199997,0
FAB,60,20240417,110000,31.8732,32.1373,31.8732,32.1373,720.06637812804,0
FAB,60,20240417,120000,32.4895,32.7537,32.4895,32.7537,1004.0042243930399,0
FAB,60,20240417,140000,32.1373,32.1373,32.0493,32.0493,631.4777700933599,0
FAB,60,20240417,170000,32.6656,32.6656,32.6656,32.6656,68.1450831036,0
FAB,60,20240418,100000,32.6656,32.6656,32.0493,32.0493,12.49326523566,0
FAB,60,20240418,110000,32.6656,32.9297,32.6656,32.9297,219.20001731658,0
FAB,60,20240418,140000,32.8417,32.8417,32.8417,32.8417,49.97306094264,0
FAB,60,20240418,150000,32.7537,32.8417,32.7537,32.8417,30.665287396619995,0
FAB,60,20240418,170000,32.2253,32.2253,32.2253,32.2253,96.5388677301,0
FAB,60,20240419,100000,32.9297,33.1059,32.1373,32.1373,573.5544494553,0
FAB,60,20240419,110000,32.1373,32.1373,32.1373,32.1373,98.81037050021999,0
FAB,60,20240419,120000,32.1373,32.1373,32.1373,32.1373,10.221762465539998,0
FAB,60,20240419,140000,32.1373,32.1373,31.6971,31.6971,688.2653393463598,0
FAB,60,20240422,100000,32.2253,32.2253,31.9612,31.9612,93.13161357491998,0
FAB,60,20240422,110000,31.7851,31.7851,31.521,31.521,169.22695637394,0
FAB,60,20240422,130000,32.1373,32.1373,32.1373,32.1373,90.86011080479999,0
FAB,60,20240422,140000,32.1373,32.1373,32.1373,32.1373,136.2901662072,0
FAB,60,20240422,150000,32.1373,32.1373,32.1373,32.1373,244.1865477879,0
FAB,60,20240423,100000,32.9297,32.9297,32.9297,32.9297,2.2715027701199997,0
FAB,60,20240423,110000,32.7537,32.9297,32.7537,32.9297,210.11400623609995,0
FAB,60,20240423,150000,32.7537,33.1059,32.7537,33.1059,261.2228185638,0
FAB,60,20240423,160000,33.1939,33.2819,33.1939,33.2819,64.73782894841999,0
FAB,60,20240424,100000,32.1373,32.1373,32.1373,32.1373,32.936790166739996,0
FAB,60,20240424,110000,33.0178,33.2819,33.0178,33.2819,226.01452562693999,0
FAB,60,20240424,130000,33.2819,33.2819,33.2819,33.2819,1.1357513850599998,0
FAB,60,20240424,160000,33.2819,33.2819,33.2819,33.2819,10.221762465539998,0
FAB,60,20240424,170000,32.5775,32.5775,32.4015,32.4015,53.380315097819995,0
FAB,60,20240425,100000,33.1059,33.1059,31.6971,31.7851,961.98142314582,0
FAB,60,20240425,120000,31.6971,31.6971,31.521,31.521,12.49326523566,0
FAB,60,20240425,130000,31.6971,31.6971,31.2568,31.2568,442.9430401734,0
FAB,60,20240425,150000,31.609,31.6971,31.609,31.6971,120.38964681635998,0
FAB,60,20240425,160000,31.6971,35.2189,31.6971,34.3385,5031.3786358158,0
FAB,60,20240425,170000,33.9863,34.4265,33.1059,33.8103,2834.8354571098,0
FAB,60,20240426,100000,33.8103,33.8103,32.2253,32.3134,2955.2251039261,0
FAB,60,20240426,110000,32.4895,32.7537,32.3134,32.7537,569.01144391506,0
FAB,60,20240426,120000,32.7537,32.7537,32.5775,32.5775,147.6476800578,0
FAB,60,20240426,130000,32.5775,33.0178,32.5775,33.0178,514.49537743218,0
FAB,60,20240426,140000,32.6656,32.6656,32.4015,32.4015,455.43630540906,0
FAB,60,20240426,150000,32.4015,32.4015,32.1373,32.1373,980.15344530678,0
FAB,60,20240426,160000,32.4895,32.4895,32.4895,32.4895,113.57513850599999,0
FAB,60,20240426,170000,32.3134,32.5775,32.2253,32.5775,718.93062674298,0
FAB,60,20240429,100000,32.7537,32.7537,32.5775,32.5775,104.48912742551998,0
FAB,60,20240429,110000,32.5775,32.5775,32.5775,32.5775,9.086011080479999,0
FAB,60,20240429,120000,32.5775,32.6656,32.5775,32.6656,96.5388677301,0
FAB,60,20240429,140000,32.4015,32.4015,32.4015,32.4015,35.20829293685999,0
FAB,60,20240429,170000,32.4895,32.5775,32.4895,32.5775,44.29430401734,0
FAB,60,20240430,100000,32.5775,32.5775,32.5775,32.5775,270.30882964428,0
FAB,60,20240430,130000,32.4015,32.5775,32.3134,32.5775,319.14613920185997,0
FAB,60,20240430,140000,32.5775,32.5775,32.1373,32.1373,68.1450831036,0
FAB,60,20240430,150000,32.5775,32.5775,32.5775,32.5775,1.1357513850599998,0
FAB,60,20240430,160000,32.5775,32.5775,32.5775,32.5775,68.1450831036,0
FAB,60,20240430,170000,32.5775,32.5775,32.5775,32.5775,113.57513850599999,0
FAB,60,20240502,100000,32.5775,32.5775,32.5775,32.5775,30.66528739662,0
FAB,60,20240502,110000,32.5775,32.5775,32.5775,32.5775,1.1357513850599998,0
FAB,60,20240502,120000,32.5775,32.5775,32.5775,32.5775,37.47979570698,0
FAB,60,20240506,100000,32.5775,33.1939,32.5775,33.0178,369.1192001445,0
FAB,60,20240506,110000,33.1939,33.1939,33.0178,33.0178,54.51606648288,0
FAB,60,20240506,120000,32.7537,33.0178,32.5775,33.0178,481.55858726543994,0
FAB,60,20240506,130000,33.0178,33.0178,33.0178,33.0178,24.98653047132,0
FAB,60,20240506,140000,32.9297,32.9297,32.9297,32.9297,1.1357513850599998,0
FAB,60,20240506,150000,32.9297,32.9297,32.9297,32.9297,34.0725415518,0
FAB,60,20240506,160000,32.6656,32.8417,32.6656,32.8417,110.16788435082,0
FAB,60,20240506,170000,32.7537,32.7537,32.4015,32.5775,1329.9648719053,0
FAB,60,20240507,100000,32.5775,32.5775,32.3134,32.3134,185.12747576478,0
FAB,60,20240507,130000,32.3134,32.3134,32.2253,32.2253,243.05079640283998,0
FAB,60,20240507,150000,32.2253,32.2253,32.2253,32.2253,1.1357513850599998,0
FAB,60,20240507,160000,32.2253,32.2253,32.2253,32.2253,93.13161357491998,0
FAB,60,20240507,170000,32.3134,32.5775,32.3134,32.5775,139.69742036238,0
FAB,60,20240508,100000,32.5775,32.5775,32.2253,32.5775,238.5077908626,0
FAB,60,20240508,110000,32.3134,32.8417,32.3134,32.8417,46.56580678745999,0
FAB,60,20240508,120000,32.5775,32.5775,32.5775,32.5775,111.30363573587998,0
FAB,60,20240508,160000,32.4895,32.5775,32.2253,32.2253,553.11092452422,0
FAB,60,20240508,170000,32.4015,32.4015,32.1373,32.4015,96.53886773009998,0
FAB,60,20240509,100000,32.4015,32.4015,32.2253,32.2253,46.56580678746,0
FAB,60,20240509,110000,32.0493,32.0493,31.7851,31.7851,241.91504501778,0
FAB,60,20240509,130000,32.2253,32.2253,32.2253,32.2253,1.1357513850599998,0
FAB,60,20240509,140000,32.0493,32.0493,32.0493,32.0493,11.357513850599998,0
FAB,60,20240509,150000,31.8732,31.8732,31.609,31.609,296.43111150065994,0
FAB,60,20240509,160000,31.9612,31.9612,31.9612,31.9612,6.81450831036,0
FAB,60,20240509,170000,31.9612,32.0493,31.9612,32.0493,54.51606648288,0
FAB,60,20240510,100000,32.0493,32.4895,32.0493,32.4895,477.0155817252,0
FAB,60,20240510,120000,32.4015,32.5775,32.4015,32.5775,293.02385734547994,0
FAB,60,20240510,130000,32.1373,32.4895,32.1373,32.4895,18.17202216096,0
FAB,60,20240513,100000,32.4015,32.4015,32.0493,32.0493,138.56166897732,0
FAB,60,20240513,140000,32.0493,32.0493,32.0493,32.0493,13.629016620719998,0
FAB,60,20240513,150000,32.2253,32.4015,32.2253,32.4015,121.52539820141999,0
FAB,60,20240513,170000,32.4015,32.4015,32.4015,32.4015,102.21762465539999,0
FAB,60,20240514,100000,32.4015,32.4015,32.2253,32.4015,97.67461911516,0
FAB,60,20240514,110000,32.4015,32.4015,32.4015,32.4015,137.42591759226,0
FAB,60,20240514,120000,32.4015,32.4015,32.4015,32.4015,227.15027701199998,0
FAB,60,20240514,130000,32.4015,32.4015,32.4015,32.4015,4.543005540239999,0
FAB,60,20240514,150000,32.4015,32.4015,32.4015,32.4015,115.84664127612,0
FAB,60,20240514,160000,32.3134,32.6656,32.1373,32.6656,2136.3483552979,0
FAB,60,20240514,170000,32.6656,32.8417,32.6656,32.8417,1479.8840547332,0
FAB,60,20240515,100000,32.8417,32.8417,32.5775,32.5775,320.28189058692,0
FAB,60,20240515,110000,32.6656,32.7537,32.6656,32.7537,68.1450831036,0
FAB,60,20240515,120000,32.7537,32.7537,32.7537,32.7537,187.39897853489995,0
FAB,60,20240515,140000,32.7537,32.7537,32.6656,32.6656,13.629016620719998,0
FAB,60,20240515,170000,32.7537,32.7537,32.6656,32.6656,211.24975762116,0
FAB,60,20240516,100000,32.7537,33.1059,32.7537,33.1059,352.08292936859993,0
FAB,60,20240516,110000,32.9297,33.2819,32.9297,33.1939,457.70780817918,0
FAB,60,20240516,120000,33.1939,33.2819,33.1939,33.2819,230.55753116717997,0
FAB,60,20240516,130000,33.2819,33.2819,33.2819,33.2819,204.4352493108,0
FAB,60,20240516,140000,33.2819,33.2819,33.0178,33.0178,215.7927631614,0
FAB,60,20240516,150000,33.1059,33.1939,33.0178,33.1939,576.96170361048,0
FAB,60,20240516,160000,32.8417,33.1939,32.5775,32.5775,840.4560249443998,0
FAB,60,20240516,170000,33.0178,33.0178,33.0178,33.0178,1.1357513850599998,0
FAB,60,20240517,100000,33.0178,33.1939,33.0178,33.0178,74.95959141396,0
FAB,60,20240517,110000,33.0178,33.0178,33.0178,33.0178,45.430055402399994,0
FAB,60,20240517,130000,33.1939,33.1939,33.1939,33.1939,14.764768005779999,0
FAB,60,20240517,140000,33.1939,33.2819,33.1939,33.2819,59.059072023119995,0
FAB,60,20240517,150000,33.2819,33.4581,33.2819,33.3699,135.15441482214,0
FAB,60,20240517,160000,33.3699,33.3699,33.3699,33.3699,46.56580678746,0
FAB,60,20240517,170000,33.3699,33.4581,33.0178,33.4581,357.7616862939,0
FAB,60,20240520,100000,33.3699,33.4581,32.8417,33.2819,936.9948926745,0
FAB,60,20240520,110000,33.2819,33.2819,33.2819,33.2819,56.787569252999994,0
FAB,60,20240520,120000,33.1939,33.1939,33.1939,33.1939,77.23109418407999,0
FAB,60,20240520,130000,33.2819,33.2819,33.0178,33.2819,197.62074100044,0
FAB,60,20240520,140000,33.2819,33.2819,33.2819,33.2819,283.937846265,0
FAB,60,20240520,150000,33.2819,33.2819,33.2819,33.2819,116.98239266118,0
FAB,60,20240520,160000,33.1059,33.2819,33.1059,33.2819,371.39070291462,0
FAB,60,20240521,100000,33.2819,33.2819,33.2819,33.2819,172.63421052912,0
FAB,60,20240521,110000,33.1059,33.2819,33.0178,33.2819,151.05493421298,0
FAB,60,20240521,120000,33.2819,33.2819,33.2819,33.2819,2.2715027701199997,0
FAB,60,20240521,130000,33.2819,33.2819,33.2819,33.2819,567.87569253,0
FAB,60,20240521,150000,33.2819,33.2819,33.2819,33.2819,170.36270775899996,0
FAB,60,20240521,170000,33.4581,33.4581,33.4581,33.4581,34.0725415518,0
FAB,60,20240522,100000,33.8103,33.8103,33.0178,33.0178,5117.6957410804,0
FAB,60,20240522,110000,33.0178,33.0178,32.7537,32.7537,300.9741170409,0
FAB,60,20240522,130000,32.7537,32.7537,32.7537,32.7537,56.787569252999994,0
FAB,60,20240522,170000,33.1059,33.1059,33.1059,33.1059,1.1357513850599998,0
FAB,60,20240523,100000,33.4581,33.4581,33.2819,33.4581,539.4819079035,0
FAB,60,20240523,110000,33.4581,33.4581,33.4581,33.4581,77.23109418407999,0
FAB,60,20240523,120000,33.4581,33.4581,33.4581,33.4581,27.258033241439996,0
FAB,60,20240523,130000,33.4581,33.4581,33.4581,33.4581,241.91504501778,0
FAB,60,20240523,140000,33.1939,33.1939,33.1059,33.1059,22.715027701199997,0
FAB,60,20240523,150000,33.1059,33.4581,33.1059,33.4581,102.21762465539999,0
FAB,60,20240523,160000,33.4581,33.5461,33.4581,33.5461,153.3264369831,0
FAB,60,20240523,170000,33.4581,33.4581,33.4581,33.4581,96.53886773009998,0
FAB,60,20240524,100000,33.5461,33.5461,33.4581,33.4581,155.59793975322,0
FAB,60,20240524,110000,33.4581,33.4581,33.4581,33.4581,168.09120498888,0
FAB,60,20240524,120000,33.4581,33.4581,33.4581,33.4581,4.54300554024,0
FAB,60,20240524,130000,33.4581,33.4581,33.4581,33.4581,70.41658587372,0
FAB,60,20240524,150000,33.4581,33.5461,33.4581,33.5461,726.8808864383999,0
FAB,60,20240524,170000,33.5461,33.5461,33.5461,33.5461,56.787569252999994,0
FAB,60,20240527,100000,33.6341,33.7221,33.6341,33.6341,232.8290339373,0
FAB,60,20240527,110000,33.6341,33.6341,33.6341,33.6341,96.5388677301,0
FAB,60,20240527,120000,33.6341,33.6341,33.6341,33.6341,67.00933171854,0
FAB,60,20240527,140000,33.6341,33.7221,33.6341,33.7221,316.87463643174,0
FAB,60,20240527,150000,33.7221,33.7221,33.7221,33.7221,212.38550900622,0
FAB,60,20240527,170000,33.5461,33.5461,33.5461,33.5461,3.4072541551799995,0
FAB,60,20240528,100000,33.2819,33.8103,33.2819,33.8103,299.83836565584,0
FAB,60,20240528,120000,33.6341,33.6341,33.6341,33.6341,22.715027701199997,0
FAB,60,20240528,130000,33.3699,33.3699,33.3699,33.3699,15.900519390839998,0
FAB,60,20240528,170000,33.7221,33.7221,33.7221,33.7221,34.0725415518,0
FAB,60,20240529,100000,33.6341,33.6341,33.3699,33.3699,40.88704986215999,0
FAB,60,20240529,120000,33.7221,33.8103,33.7221,33.8103,63.60207756335999,0
FAB,60,20240529,130000,33.8103,33.8103,33.3699,33.3699,132.88291205201998,0
FAB,60,20240529,150000,33.3699,33.3699,33.3699,33.3699,24.98653047132,0
FAB,60,20240529,170000,33.3699,33.7221,33.3699,33.7221,20.443524931079995,0
FAB,60,20240531,100000,33.7221,33.7221,33.7221,33.7221,87.45285664962,0
FAB,60,20240531,120000,33.6341,33.8103,33.4581,33.8103,228.28602839705997,0
FAB,60,20240531,130000,33.8103,33.8983,33.7221,33.7221,554.24667590928,0
FAB,60,20240531,140000,33.4581,33.4581,33.4581,33.4581,53.380315097819995,0
FAB,60,20240531,150000,33.4581,33.8983,33.4581,33.8983,115.84664127612,0
FAB,60,20240531,160000,33.8103,33.8103,33.8103,33.8103,6.81450831036,0
FAB,60,20240531,170000,33.7221,33.7221,33.7221,33.7221,170.36270775899996,0
FAB,60,20240603,100000,33.8983,33.8983,33.7221,33.7221,160.14094529346,0
FAB,60,20240603,110000,33.7221,33.7221,33.7221,33.7221,3.4072541551799995,0
FAB,60,20240603,130000,33.7221,33.7221,33.4581,33.4581,745.05290859936,0
FAB,60,20240603,140000,33.7221,33.7221,33.4581,33.7221,231.69328255224,0
FAB,60,20240603,150000,33.7221,33.8103,33.7221,33.8103,364.57619460426,0
FAB,60,20240603,160000,33.7221,33.8983,33.0178,33.8983,467.92957064471994,0
FAB,60,20240603,170000,33.8103,33.8103,33.8103,33.8103,14.764768005779999,0
FAB,60,20240604,100000,33.8983,33.8983,33.8103,33.8983,296.43111150065994,0
FAB,60,20240604,130000,33.1939,33.1939,33.1939,33.1939,2.2715027701199997,0
FAB,60,20240604,150000,33.7221,33.7221,33.4581,33.4581,29.529536011559998,0
FAB,60,20240605,100000,33.4581,33.8103,33.4581,33.8103,285.07359765006,0
FAB,60,20240605,110000,33.5461,33.9863,33.5461,33.5461,816.60524585814,0
FAB,60,20240605,120000,33.7221,33.7221,33.7221,33.7221,12.49326523566,0
FAB,60,20240605,130000,33.8103,33.8103,33.8103,33.8103,295.2953601156,0
FAB,60,20240605,160000,33.6341,33.6341,33.4581,33.4581,2678.10176597148,0
FAB,60,20240605,170000,33.4581,33.4581,33.2819,33.4581,2538.4043456091,0
FAB,60,20240606,100000,33.4581,33.4581,33.4581,33.4581,68.1450831036,0
FAB,60,20240606,110000,33.4581,33.4581,33.4581,33.4581,11.357513850599998,0
FAB,60,20240606,120000,33.4581,33.4581,33.1939,33.4581,1160.7379155313,0
FAB,60,20240606,130000,33.1939,33.4581,33.1939,33.3699,1252.7337777212,0
FAB,60,20240606,140000,33.3699,33.3699,33.3699,33.3699,1135.75138506,0
FAB,60,20240606,150000,33.4581,33.4581,33.4581,33.4581,1.1357513850599998,0
FAB,60,20240606,160000,33.4581,33.4581,33.4581,33.4581,183.99172437971998,0
FAB,60,20240607,100000,33.6341,33.6341,33.4581,33.4581,120.38964681635998,0
FAB,60,20240607,110000,33.4581,33.4581,33.4581,33.4581,29.52953601156,0
FAB,60,20240607,120000,33.4581,33.4581,33.4581,33.4581,3.4072541551799995,0
FAB,60,20240607,150000,33.1939,33.1939,33.1939,33.1939,56.787569252999994,0
FAB,60,20240607,160000,33.1939,33.1939,33.1939,33.1939,7.950259695419999,0
FAB,60,20240607,170000,33.4581,33.4581,33.4581,33.4581,1.1357513850599998,0
FAB,60,20240610,100000,33.8103,33.9863,33.6341,33.6341,303.24561981102,0
FAB,60,20240610,110000,33.6341,33.6341,33.4581,33.4581,106.76063019564,0
FAB,60,20240610,130000,33.3699,33.8103,33.2819,33.6341,536.07465374832,0
FAB,60,20240610,140000,33.5461,33.5461,33.1939,33.1939,256.67981302356,0
FAB,60,20240610,150000,33.1059,33.3699,33.1059,33.3699,353.21868075366,0
FAB,60,20240610,160000,33.3699,33.4581,33.3699,33.4581,240.77929363272,0
FAB,60,20240610,170000,33.4581,33.4581,33.4581,33.4581,220.33576870163998,0
FAB,60,20240611,100000,33.4581,33.5461,33.4581,33.5461,94.26736495998,0
FAB,60,20240611,110000,33.8103,33.8103,33.4581,33.4581,282.80209487994,0
FAB,60,20240611,120000,33.4581,33.4581,33.4581,33.4581,30.66528739662,0
FAB,60,20240611,130000,33.4581,33.4581,33.1059,33.1059,181.7202216096,0
FAB,60,20240611,140000,33.1059,33.4581,33.1059,33.4581,186.26322714984,0
FAB,60,20240611,170000,33.4581,33.4581,33.1059,33.1059,82.90985110938,0
FAB,60,20240612,100000,33.4581,33.4581,33.4581,33.4581,2.2715027701199997,0
FAB,60,20240612,110000,33.4581,33.4581,33.4581,33.4581,9.086011080479999,0
FAB,60,20240612,120000,33.4581,33.4581,33.4581,33.4581,1.1357513850599998,0
FAB,60,20240612,140000,33.4581,33.4581,33.0178,33.0178,229.42177978212,0
FAB,60,20240612,160000,33.4581,33.4581,33.4581,33.4581,84.04560249443999,0
FAB,60,20240612,170000,33.4581,33.4581,33.4581,33.4581,14.764768005779999,0
FAB,60,20240613,100000,33.4581,33.4581,33.2819,33.3699,215.79276316139996,0
FAB,60,20240613,110000,33.1059,33.2819,33.1059,33.2819,264.63007271898,0
FAB,60,20240613,120000,33.2819,33.2819,33.2819,33.2819,2.2715027701199997,0
FAB,60,20240613,130000,33.2819,33.2819,33.2819,33.2819,30.665287396619995,0
FAB,60,20240613,140000,33.2819,33.2819,33.2819,33.2819,11.357513850599998,0
FAB,60,20240613,150000,33.1059,33.1059,33.0178,33.0178,113.57513850599999,0
FAB,60,20240613,160000,33.0178,33.2819,33.0178,33.2819,204.4352493108,0
FAB,60,20240613,170000,33.2819,33.2819,33.2819,33.2819,6.814508310359999,0
FAB,60,20240614,100000,33.2819,33.2819,33.1059,33.1059,519.03838297242,0
FAB,60,20240614,110000,33.1059,33.2819,32.8417,33.1939,353.21868075366,0
FAB,60,20240614,120000,33.0178,33.0178,32.9297,32.9297,113.57513850599999,0
FAB,60,20240614,130000,33.1939,33.3699,33.0178,33.3699,404.32749308136,0
FAB,60,20240614,140000,33.0178,33.2819,33.0178,33.0178,24.98653047132,0
FAB,60,20240614,150000,33.2819,33.2819,33.2819,33.2819,29.529536011559998,0
FAB,60,20240614,160000,33.2819,33.3699,33.0178,33.0178,459.9793109493,0
FAB,60,20240614,170000,33.2819,33.2819,33.0178,33.0178,243.05079640283998,0
FAB,60,20240617,100000,33.3699,33.4581,33.0178,33.1059,701.89435596708,0
FAB,60,20240617,110000,33.4581,33.6341,33.1939,33.6341,302.10986842596,0
FAB,60,20240617,120000,33.6341,33.7221,33.6341,33.7221,113.575138506,0
FAB,60,20240617,130000,33.6341,33.6341,33.4581,33.4581,593.99797438638,0
FAB,60,20240617,140000,33.5461,33.6341,33.5461,33.6341,255.5440616385,0
FAB,60,20240617,150000,33.6341,33.8983,33.6341,33.8983,704.1658587371999,0
FAB,60,20240617,160000,33.5461,33.5461,33.5461,33.5461,31.801038781679996,0
FAB,60,20240617,170000,33.8103,33.8983,33.5461,33.8983,53.38031509782,0
FAB,60,20240618,100000,33.8983,34.0743,33.8983,34.0743,371.39070291462,0
FAB,60,20240618,110000,33.9863,34.0743,33.9863,34.0743,422.49951524232,0
FAB,60,20240618,120000,34.0743,34.2505,33.8983,33.8983,618.9845048577,0
FAB,60,20240618,130000,33.9863,34.2505,33.8983,33.8983,612.16999654734,0
FAB,60,20240618,140000,33.9863,33.9863,33.9863,33.9863,70.41658587372,0
FAB,60,20240618,150000,33.9863,33.9863,33.9863,33.9863,48.83730955758,0
FAB,60,20240618,160000,34.0743,34.1625,34.0743,34.1625,1375.3949273077,0
FAB,60,20240618,170000,34.1625,34.1625,33.9863,34.1625,335.0466585927,0
FAB,60,20240619,100000,34.4265,34.7787,34.4265,34.7787,1152.7876558359,0
FAB,60,20240619,110000,34.5146,34.5146,34.5146,34.5146,73.8238400289,0
FAB,60,20240619,120000,34.4265,34.4265,34.4265,34.4265,78.36684556913998,0
FAB,60,20240619,130000,34.6027,34.6027,34.3385,34.3385,388.42697369052,0
FAB,60,20240619,140000,34.5146,34.5146,34.3385,34.5146,308.92437673632,0
FAB,60,20240619,150000,34.5146,34.5146,34.5146,34.5146,68.1450831036,0
FAB,60,20240619,170000,34.5146,34.5146,34.5146,34.5146,73.8238400289,0
FAB,60,20240620,100000,34.6027,34.6027,34.5146,34.5146,737.10264890394,0
FAB,60,20240620,110000,34.4265,34.5146,34.4265,34.5146,156.73369113828,0
FAB,60,20240620,120000,34.5146,34.6027,34.5146,34.6027,421.36376385726,0
FAB,60,20240620,130000,34.6027,34.6027,34.3385,34.3385,500.86636081146,0
FAB,60,20240620,140000,34.3385,34.6027,34.3385,34.6027,341.86116690306,0
FAB,60,20240620,150000,34.6027,34.6027,34.6027,34.6027,255.5440616385,0
FAB,60,20240620,160000,34.6027,34.6027,34.6027,34.6027,2.2715027701199997,0
FAB,60,20240620,170000,34.6027,34.6907,34.6027,34.6907,325.96064751221996,0
FAB,60,20240621,100000,34.6027,34.6027,34.4265,34.4265,500.86636081146,0
FAB,60,20240621,110000,34.5146,34.5146,34.5146,34.5146,11.357513850599998,0
FAB,60,20240621,120000,34.5146,34.5146,34.4265,34.4265,130.6114092819,0
FAB,60,20240621,130000,34.4265,34.5146,34.4265,34.5146,407.73474723654,0
FAB,60,20240621,140000,34.5146,34.5146,34.5146,34.5146,86.31710526456,0
FAB,60,20240621,150000,34.4265,34.5146,34.4265,34.4265,166.95545360382,0
FAB,60,20240621,160000,34.5146,34.5146,34.4265,34.4265,1467.3907894975,0
FAB,60,20240621,170000,34.5146,34.6907,34.3385,34.6907,1192.538954313,0
FAB,60,20240624,100000,34.3063,34.4024,32.961,34.1141,600.440625,0
FAB,60,20240624,110000,34.018,34.018,33.6336,33.9219,69.721875,0
FAB,60,20240624,120000,33.8258,33.9219,33.6336,33.9219,301.78125,0
FAB,60,20240624,130000,33.9219,33.9219,33.6336,33.8258,217.490625,0
FAB,60,20240624,140000,33.6336,33.6336,33.4414,33.4414,123.834375,0
FAB,60,20240624,150000,33.4414,33.4414,33.2492,33.4414,1286.2125,0
FAB,60,20240624,160000,33.4414,34.018,33.2492,33.2492,612.928125,0
FAB,60,20240624,170000,33.7297,33.9219,33.4414,33.6336,484.93125,0
FAB,60,20240625,100000,33.9219,33.9219,32.961,33.0571,404.803125,0
FAB,60,20240625,110000,32.961,33.2492,32.961,33.2492,138.403125,0
FAB,60,20240625,120000,33.2492,33.2492,33.1532,33.1532,134.240625,0
FAB,60,20240625,130000,33.1532,33.1532,33.1532,33.1532,67.640625,0
FAB,60,20240625,140000,33.1532,33.1532,33.1532,33.1532,119.67187499999999,0
FAB,60,20240625,150000,33.1532,33.1532,32.6727,32.6727,580.66875,0
FAB,60,20240625,160000,32.8649,32.8649,32.7688,32.7688,70.7625,0
FAB,60,20240625,170000,32.8649,32.8649,32.6727,32.6727,567.140625,0
FAB,60,20240626,100000,33.3453,33.3453,33.3453,33.3453,2.08125,0
FAB,60,20240626,110000,33.3453,33.8258,33.1532,33.8258,781.509375,0
FAB,60,20240626,120000,33.8258,33.9219,33.8258,33.9219,349.65,0
FAB,60,20240626,130000,33.9219,33.9219,33.4414,33.4414,2643.1875,0
FAB,60,20240626,170000,33.6336,33.6336,33.6336,33.6336,78.046875,0
FAB,60,20240627,100000,33.6336,33.9219,33.6336,33.9219,152.971875,0
FAB,60,20240627,120000,33.9219,33.9219,33.9219,33.9219,2.08125,0
FAB,60,20240627,140000,33.6336,33.6336,33.6336,33.6336,3.1218749999999997,0
FAB,60,20240627,150000,33.8258,33.8258,33.8258,33.8258,23.934375,0
FAB,60,20240627,160000,33.8258,33.8258,33.8258,33.8258,1.040625,0
FAB,60,20240627,170000,33.6336,33.6336,33.6336,33.6336,78.046875,0
FAB,60,20240628,100000,33.3453,33.6336,33.1532,33.1532,60.35625,0
FAB,60,20240628,130000,33.1532,33.6336,33.1532,33.5375,115.509375,0
FAB,60,20240628,140000,33.5375,33.6336,33.5375,33.6336,56.193749999999994,0
FAB,60,20240628,150000,33.2492,33.8258,33.2492,33.8258,62.4375,0
FAB,60,20240628,160000,33.8258,33.8258,33.8258,33.8258,2.08125,0
FAB,60,20240628,170000,33.8258,33.8258,33.8258,33.8258,32.259375,0
FAB,60,20240701,100000,33.8258,33.9219,33.8258,33.9219,16.65,0
FAB,60,20240701,110000,33.9219,33.9219,33.9219,33.9219,150.890625,0
FAB,60,20240701,120000,33.9219,33.9219,33.6336,33.6336,54.1125,0
FAB,60,20240701,130000,33.6336,33.9219,33.6336,33.9219,69.721875,0
FAB,60,20240701,140000,33.9219,33.9219,33.9219,33.9219,104.06249999999999,0
FAB,60,20240701,170000,33.9219,33.9219,33.9219,33.9219,3.1218749999999997,0
FAB,60,20240702,100000,32.8649,33.5375,32.8649,33.5375,522.39375,0
FAB,60,20240702,110000,33.1532,33.1532,33.1532,33.1532,74.925,0
FAB,60,20240702,120000,33.2492,33.3453,33.2492,33.3453,115.509375,0
FAB,60,20240702,140000,33.5375,33.5375,33.3453,33.3453,116.55,0
FAB,60,20240703,100000,33.3453,33.3453,33.3453,33.3453,1.040625,0
FAB,60,20240703,110000,33.3453,33.3453,32.961,33.3453,175.865625,0
FAB,60,20240703,120000,33.3453,33.3453,33.0571,33.0571,57.23437499999999,0
FAB,60,20240703,150000,33.0571,33.0571,33.0571,33.0571,10.40625,0
FAB,60,20240703,170000,33.2492,33.4414,33.2492,33.4414,57.23437499999999,0
FAB,60,20240704,100000,33.2492,33.2492,33.2492,33.2492,2.08125,0
FAB,60,20240704,110000,32.961,33.1532,32.8649,33.1532,70.7625,0
FAB,60,20240704,120000,33.1532,33.1532,33.0571,33.0571,126.95624999999998,0
FAB,60,20240704,130000,33.2492,33.2492,32.961,32.961,46.82812499999999,0
FAB,60,20240704,140000,32.961,33.1532,32.961,33.1532,5.203125,0
FAB,60,20240704,150000,33.2492,33.3453,33.2492,33.3453,62.43749999999999,0
FAB,60,20240704,160000,33.3453,33.3453,33.3453,33.3453,33.3,0
FAB,60,20240705,100000,33.2492,33.4414,32.8649,32.8649,126.95625,0
FAB,60,20240705,130000,33.3453,33.3453,33.3453,33.3453,3.1218749999999997,0
FAB,60,20240705,170000,33.3453,33.3453,33.3453,33.3453,1.040625,0
FAB,60,20240708,100000,33.1532,33.1532,32.961,32.961,12.487499999999999,0
FAB,60,20240708,150000,33.2492,33.2492,33.2492,33.2492,3.1218749999999997,0
FAB,60,20240708,170000,33.2492,33.2492,33.2492,33.2492,4.1625,0
FAB,60,20240709,100000,33.2492,33.5375,33.2492,33.5375,158.17499999999998,0
FAB,60,20240709,110000,33.5375,33.5375,33.5375,33.5375,29.137499999999996,0
FAB,60,20240709,150000,33.3453,33.3453,33.3453,33.3453,104.06249999999999,0
FAB,60,20240709,160000,33.1532,33.1532,33.1532,33.1532,41.625,0
FAB,60,20240709,170000,33.5375,33.5375,33.5375,33.5375,4.1625,0
FAB,60,20240710,100000,33.6336,33.6336,33.6336,33.6336,2.08125,0
FAB,60,20240710,110000,33.2492,33.6336,33.2492,33.6336,5.203125,0
FAB,60,20240710,120000,33.2492,33.2492,32.8649,32.961,482.84999999999997,0
FAB,60,20240710,150000,32.961,32.961,32.961,32.961,20.8125,0
FAB,60,20240710,160000,32.961,32.961,32.961,32.961,7.284374999999999,0
FAB,60,20240710,170000,32.961,32.961,32.961,32.961,2.08125,0
FAB,60,20240711,100000,33.1532,33.1532,33.1532,33.1532,2.08125,0
FAB,60,20240711,110000,32.961,32.961,32.961,32.961,150.890625,0
FAB,60,20240711,130000,32.961,32.961,32.8649,32.8649,46.82812499999999,0
FAB,60,20240711,160000,32.8649,32.8649,32.7688,32.7688,31.218749999999996,0
FAB,60,20240711,170000,32.7688,32.7688,32.7688,32.7688,156.09375,0
FAB,60,20240712,100000,33.1532,33.5375,33.1532,33.5375,305.94375,0
FAB,60,20240712,140000,33.1532,33.1532,33.1532,33.1532,1.040625,0
FAB,60,20240712,150000,33.1532,33.1532,33.1532,33.1532,104.06249999999999,0
FAB,60,20240712,170000,33.3453,33.3453,32.961,33.3453,142.56562499999998,0
FAB,60,20240715,100000,33.3453,33.3453,33.3453,33.3453,3.1218749999999997,0
FAB,60,20240715,120000,33.3453,33.3453,33.3453,33.3453,32.259375,0
FAB,60,20240715,130000,33.3453,33.3453,32.8649,32.8649,109.265625,0
FAB,60,20240715,160000,32.8649,32.8649,32.8649,32.8649,22.893749999999997,0
FAB,60,20240715,170000,32.8649,32.8649,32.8649,32.8649,43.70625,0
FAB,60,20240716,100000,33.2492,33.2492,33.2492,33.2492,2.08125,0
FAB,60,20240716,110000,32.8649,32.8649,32.8649,32.8649,35.381249999999994,0
FAB,60,20240716,120000,32.8649,32.8649,32.8649,32.8649,171.70312499999997,0
FAB,60,20240716,130000,32.8649,32.8649,32.8649,32.8649,14.568749999999998,0
FAB,60,20240716,140000,32.7688,32.7688,32.7688,32.7688,172.74374999999998,0
FAB,60,20240716,150000,32.6727,32.6727,32.1922,32.1922,653.5125,0
FAB,60,20240716,160000,32.6727,32.6727,32.6727,32.6727,2.08125,0
FAB,60,20240716,170000,32.6727,32.6727,32.6727,32.6727,31.218749999999996,0
FAB,60,20240717,100000,32.6727,32.6727,32.1922,32.1922,132.159375,0
FAB,60,20240717,110000,32.1922,32.1922,30.1742,30.4625,1668.121875,0
FAB,60,20240717,120000,30.7508,31.039,30.3664,30.3664,1977.1875,0
FAB,60,20240717,130000,30.7508,30.7508,30.3664,30.4625,692.015625,0
FAB,60,20240717,140000,30.4625,30.7508,30.3664,30.3664,338.20312499999994,0
FAB,60,20240717,150000,30.9429,30.9429,30.4625,30.4625,431.859375,0
FAB,60,20240717,160000,30.6547,30.6547,30.4625,30.4625,120.7125,0
FAB,60,20240717,170000,30.6547,30.7508,30.4625,30.5586,474.525,0
FAB,60,20240718,100000,30.3664,31.039,30.3664,31.039,439.14375,0
FAB,60,20240718,110000,31.039,31.1351,31.039,31.039,64.51875,0
FAB,60,20240718,120000,31.1351,31.2312,31.1351,31.2312,98.85937499999999,0
FAB,60,20240718,130000,31.1351,31.1351,31.1351,31.1351,10.40625,0
FAB,60,20240718,140000,31.1351,31.1351,31.1351,31.1351,88.45312499999999,0
FAB,60,20240718,150000,31.1351,31.1351,30.9429,30.9429,15.609375,0
FAB,60,20240718,160000,30.9429,30.9429,30.7508,30.7508,148.809375,0
FAB,60,20240719,100000,31.9039,31.9039,30.7508,30.7508,6.2437499999999995,0
FAB,60,20240719,140000,30.6547,30.6547,30.6547,30.6547,1.040625,0
FAB,60,20240722,100000,30.5586,30.9429,30.2703,30.9429,180.028125,0
FAB,60,20240722,110000,30.2703,30.2703,30.2703,30.2703,8.325,0
FAB,60,20240722,130000,30.8468,30.8468,29.7898,29.7898,1442.30625,0
FAB,60,20240722,140000,29.982,30.0781,29.982,30.0781,97.81875,0
FAB,60,20240722,150000,30.0781,30.1742,30.0781,30.1742,168.58125,0
FAB,60,20240722,160000,30.1742,30.1742,30.1742,30.1742,442.265625,0
FAB,60,20240722,170000,30.1742,30.1742,30.1742,30.1742,10.40625,0
FAB,60,20240723,100000,30.4625,31.5195,30.4625,31.5195,6.2437499999999995,0
FAB,60,20240723,110000,30.7508,30.7508,30.1742,30.1742,11.446874999999999,0
FAB,60,20240723,120000,30.1742,30.1742,30.1742,30.1742,10.40625,0
FAB,60,20240723,130000,30.9429,30.9429,30.9429,30.9429,1.040625,0
FAB,60,20240723,150000,30.9429,30.9429,30.6547,30.6547,159.215625,0
FAB,60,20240723,160000,31.4234,31.4234,31.4234,31.4234,1.040625,0
FAB,60,20240723,170000,31.4234,31.9039,31.4234,31.9039,31.218749999999996,0
FAB,60,20240724,100000,31.9039,31.9039,31.3273,31.8078,93.65625,0
FAB,60,20240724,110000,31.8078,31.8078,30.7508,31.5195,69.721875,0
FAB,60,20240724,120000,31.5195,31.8078,31.5195,31.8078,37.4625,0
FAB,60,20240724,130000,31.8078,31.8078,31.8078,31.8078,18.73125,0
FAB,60,20240724,140000,31.039,31.8078,31.039,31.8078,71.803125,0
FAB,60,20240724,150000,31.7117,31.7117,31.6156,31.6156,31.21875,0
FAB,60,20240724,160000,31.1351,31.1351,31.1351,31.1351,10.40625,0
FAB,60,20240724,170000,31.7117,31.7117,31.7117,31.7117,36.421875,0
FAB,60,20240725,100000,31.7117,31.7117,29.7898,30.4625,1180.06875,0
FAB,60,20240725,110000,30.4625,30.4625,30.4625,30.4625,18.73125,0
FAB,60,20240725,120000,30.4625,30.4625,30.4625,30.4625,140.484375,0
FAB,60,20240725,130000,30.4625,30.4625,30.4625,30.4625,107.184375,0
FAB,60,20240725,140000,30.2703,30.2703,30.2703,30.2703,94.696875,0
FAB,60,20240725,150000,30.7508,30.7508,30.7508,30.7508,1.040625,0
FAB,60,20240725,160000,30.7508,30.7508,30.7508,30.7508,52.03124999999999,0
FAB,60,20240725,170000,30.7508,31.6156,30.7508,31.6156,182.109375,0
FAB,60,20240726,100000,31.6156,31.6156,30.8468,30.8468,21.853125,0
FAB,60,20240726,110000,31.6156,31.7117,31.6156,31.7117,57.234375,0
FAB,60,20240726,120000,31.7117,31.9039,31.7117,31.9039,104.06249999999999,0
FAB,60,20240726,130000,31.8078,31.8078,31.7117,31.7117,155.053125,0
FAB,60,20240726,140000,31.7117,31.7117,31.7117,31.7117,10.40625,0
FAB,60,20240726,160000,31.2312,31.2312,31.2312,31.2312,28.096874999999997,0
FAB,60,20240726,170000,31.2312,31.7117,31.2312,31.7117,46.828125,0
FAB,60,20240729,100000,32,32,32,32,2.08125,0
FAB,60,20240729,120000,31.7117,31.7117,31.7117,31.7117,24.974999999999998,0
FAB,60,20240729,130000,31.7117,32,31.7117,32,38.503125,0
FAB,60,20240729,150000,31.2312,31.2312,31.2312,31.2312,74.925,0
FAB,60,20240729,160000,31.2312,31.2312,31.2312,31.2312,49.949999999999996,0
FAB,60,20240730,100000,30.9429,31.9039,30.9429,31.5195,70.7625,0
FAB,60,20240730,110000,31.5195,31.6156,31.5195,31.6156,104.06249999999999,0
FAB,60,20240730,140000,31.1351,31.1351,31.1351,31.1351,78.046875,0
FAB,60,20240730,170000,31.3273,31.5195,30.8468,31.5195,114.46874999999999,0
FAB,60,20240731,100000,31.5195,31.5195,31.5195,31.5195,1.040625,0
FAB,60,20240731,120000,30.8468,30.8468,30.8468,30.8468,10.40625,0
FAB,60,20240731,140000,31.2312,31.3273,31.2312,31.3273,26.015624999999996,0
FAB,60,20240731,170000,30.8468,30.8468,30.5586,30.5586,413.12812499999995,0
FAB,60,20240801,100000,30.5586,30.5586,30.3664,30.3664,81.16874999999999,0
FAB,60,20240801,110000,30.2703,30.2703,30.2703,30.2703,145.6875,0
FAB,60,20240801,140000,30.4625,30.4625,30.4625,30.4625,137.36249999999998,0
FAB,60,20240802,100000,31.4234,31.4234,30.4625,30.4625,156.09375,0
FAB,60,20240802,110000,30.3664,30.3664,30.1742,30.1742,232.059375,0
FAB,60,20240802,120000,30.1742,30.1742,30.1742,30.1742,5.203125,0
FAB,60,20240802,130000,30.1742,30.1742,30.1742,30.1742,57.234375,0
FAB,60,20240802,150000,30.1742,30.1742,30.1742,30.1742,74.925,0
FAB,60,20240802,160000,30.3664,30.3664,30.3664,30.3664,5.203125,0
FAB,60,20240802,170000,30.3664,30.3664,29.7898,29.7898,377.746875,0
FAB,60,20240805,100000,29.982,29.982,28.8288,29.2132,3978.309375,0
FAB,60,20240805,110000,28.9249,29.2132,28.9249,29.2132,43.70625,0
FAB,60,20240805,120000,28.9249,29.2132,28.8288,29.2132,189.39374999999998,0
FAB,60,20240805,130000,28.8288,28.9249,28.8288,28.9249,80.128125,0
FAB,60,20240805,140000,28.9249,29.2132,28.9249,28.9249,209.165625,0
FAB,60,20240805,150000,28.9249,28.9249,28.8288,28.8288,61.396875,0
FAB,60,20240805,160000,28.8288,28.9249,28.8288,28.9249,453.7125,0
FAB,60,20240805,170000,28.9249,29.2132,28.9249,29.2132,221.653125,0
FAB,60,20240806,100000,28.9249,29.2132,28.9249,29.2132,47.86875,0
FAB,60,20240806,110000,29.2132,29.2132,28.7327,28.7327,1004.203125,0
FAB,60,20240806,120000,28.3483,28.3483,27.0991,27.8679,2035.4625,0
FAB,60,20240806,130000,27.8679,28.0601,27.3874,27.3874,174.825,0
FAB,60,20240806,140000,27.3874,27.4835,27.3874,27.4835,87.4125,0
FAB,60,20240806,150000,27.4835,27.7718,26.9069,27.4835,2121.834375,0
FAB,60,20240806,160000,27.3874,27.5796,27.2913,27.2913,65.559375,0
FAB,60,20240806,170000,27.6757,27.7718,27.2913,27.2913,188.353125,0
FAB,60,20240807,100000,27.4835,27.4835,27.4835,27.4835,288.253125,0
FAB,60,20240807,110000,27.4835,29.2132,27.4835,28.5405,2145.76875,0
FAB,60,20240807,120000,28.6366,29.2132,28.6366,28.7327,214.36875,0
FAB,60,20240807,130000,28.7327,29.3093,28.6366,28.6366,253.9125,0
FAB,60,20240807,140000,28.7327,28.7327,28.5405,28.5405,205.003125,0
FAB,60,20240807,150000,28.5405,28.5405,28.5405,28.5405,193.55625,0
FAB,60,20240807,160000,28.5405,28.5405,28.5405,28.5405,554.6531249999999,0
FAB,60,20240807,170000,28.7327,28.7327,28.5405,28.5405,27.05625,0
FAB,60,20240808,100000,29.3093,29.3093,29.3093,29.3093,433.94062499999995,0
FAB,60,20240808,110000,29.7898,29.7898,29.7898,29.7898,1.040625,0
FAB,60,20240808,150000,29.3093,29.3093,29.3093,29.3093,1126.9968749999998,0
FAB,60,20240808,160000,29.3093,29.3093,29.3093,29.3093,3.1218749999999997,0
FAB,60,20240808,170000,28.8288,28.8288,28.8288,28.8288,2.08125,0
FAB,60,20240809,100000,28.8288,28.8288,28.8288,28.8288,1.040625,0
FAB,60,20240809,110000,28.8288,28.8288,28.8288,28.8288,108.225,0
FAB,60,20240809,130000,28.8288,28.8288,28.8288,28.8288,5.203125,0
FAB,60,20240809,140000,28.8288,28.8288,28.8288,28.8288,63.478125,0
FAB,60,20240809,150000,28.8288,28.8288,28.6366,28.6366,82.209375,0
FAB,60,20240809,170000,28.7327,28.7327,28.7327,28.7327,5.203125,0
FAB,60,20240812,100000,27.8679,28.7327,27.8679,27.8679,806.484375,0
FAB,60,20240812,110000,27.7718,28.0601,27.7718,27.7718,276.80625,0
FAB,60,20240812,120000,27.6757,27.6757,26.9069,27.2913,3618.253125,0
FAB,60,20240812,130000,27.2913,27.3874,27.2913,27.2913,264.31875,0
FAB,60,20240812,140000,27.2913,27.3874,27.2913,27.3874,54.1125,0
FAB,60,20240812,150000,27.5796,27.8679,27.3874,27.3874,811.6875,0
FAB,60,20240812,160000,27.3874,27.3874,27.2913,27.2913,359.015625,0
FAB,60,20240812,170000,27.2913,27.2913,27.003,27.2913,398.559375,0
FAB,60,20240813,100000,27.0991,27.7718,27.0991,27.7718,514.06875,0
FAB,60,20240813,110000,27.6757,27.7718,27.6757,27.7718,20.8125,0
FAB,60,20240813,120000,27.7718,27.7718,27.7718,27.7718,52.03124999999999,0
FAB,60,20240813,130000,27.5796,27.5796,27.5796,27.5796,20.8125,0
FAB,60,20240813,150000,27.7718,27.7718,27.7718,27.7718,2.08125,0
FAB,60,20240813,160000,27.7718,27.7718,27.7718,27.7718,75.96562499999999,0
FAB,60,20240813,170000,27.7718,27.7718,27.7718,27.7718,62.4375,0
FAB,60,20240814,100000,27.8679,28.1562,27.8679,28.1562,90.534375,0
FAB,60,20240814,110000,27.964,28.0601,27.7718,27.7718,477.64687499999997,0
FAB,60,20240814,120000,28.0601,28.0601,27.6757,27.6757,67.640625,0
FAB,60,20240814,140000,27.7718,27.7718,27.7718,27.7718,156.09375,0
FAB,60,20240814,150000,27.6757,27.6757,27.6757,27.6757,173.78437499999998,0
FAB,60,20240814,170000,27.5796,27.7718,27.5796,27.7718,55.153125,0
FAB,60,20240816,100000,27.7718,27.7718,27.6757,27.6757,11.446874999999999,0
FAB,60,20240816,110000,27.7718,27.7718,27.6757,27.6757,137.3625,0
FAB,60,20240816,120000,27.5796,27.5796,27.4835,27.4835,64.51875,0
FAB,60,20240816,170000,27.7718,27.7718,27.7718,27.7718,15.609374999999998,0
FAB,60,20240819,100000,28.0601,28.1562,28.0601,28.1562,156.09375,0
FAB,60,20240819,110000,28.2523,28.2523,28.0601,28.0601,3.1218749999999997,0
FAB,60,20240819,120000,27.964,27.964,27.964,27.964,97.81875,0
FAB,60,20240819,140000,27.8679,27.964,27.8679,27.964,248.70937499999997,0
FAB,60,20240819,150000,28.0601,28.2523,27.964,27.964,37.4625,0
FAB,60,20240820,100000,28.2523,28.2523,28.2523,28.2523,2.08125,0
FAB,60,20240820,160000,28.2523,28.2523,28.2523,28.2523,29.1375,0
FAB,60,20240821,100000,28.2523,28.2523,28.1562,28.2523,107.184375,0
FAB,60,20240821,110000,28.2523,28.2523,28.2523,28.2523,19.771874999999998,0
FAB,60,20240821,120000,28.3483,28.3483,28.3483,28.3483,10.40625,0
FAB,60,20240821,170000,28.3483,28.3483,28.3483,28.3483,10.40625,0
FAB,60,20240822,100000,28.3483,28.3483,28.3483,28.3483,44.746874999999996,0
FAB,60,20240822,110000,28.8288,29.021,28.5405,28.5405,521.353125,0
FAB,60,20240822,150000,28.4444,28.4444,28.4444,28.4444,1.040625,0
FAB,60,20240822,160000,28.9249,29.021,28.9249,29.021,164.41875,0
FAB,60,20240822,170000,29.021,29.021,29.021,29.021,44.746874999999996,0
FAB,60,20240823,100000,29.2132,29.3093,29.2132,29.3093,55.153124999999996,0
FAB,60,20240823,110000,29.3093,29.3093,29.3093,29.3093,52.03124999999999,0
FAB,60,20240823,120000,29.3093,29.3093,29.3093,29.3093,61.396874999999994,0
FAB,60,20240823,140000,29.1171,29.1171,29.1171,29.1171,26.015624999999996,0
FAB,60,20240823,150000,29.1171,29.1171,29.1171,29.1171,35.381249999999994,0
FAB,60,20240823,170000,29.1171,29.1171,29.1171,29.1171,2.08125,0
FAB,60,20240826,100000,29.3093,30.6547,29.3093,30.2703,1235.221875,0
FAB,60,20240826,110000,30.6547,30.7508,30.5586,30.5586,135.28125,0
FAB,60,20240826,120000,30.3664,30.6547,30.2703,30.6547,150.890625,0
FAB,60,20240826,130000,30.6547,30.7508,30.6547,30.7508,82.209375,0
FAB,60,20240826,140000,30.2703,30.7508,30.2703,30.7508,387.1125,0
FAB,60,20240826,150000,30.3664,30.3664,30.2703,30.2703,38.503125,0
FAB,60,20240826,160000,30.7508,30.7508,30.7508,30.7508,7.284374999999999,0
FAB,60,20240826,170000,30.7508,30.7508,30.7508,30.7508,151.93124999999998,0
FAB,60,20240827,100000,31.4234,31.4234,31.3273,31.3273,34.340625,0
FAB,60,20240827,110000,31.1351,31.4234,31.1351,31.4234,186.271875,0
FAB,60,20240827,120000,31.3273,31.3273,31.3273,31.3273,52.03124999999999,0
FAB,60,20240827,130000,31.3273,31.3273,31.2312,31.3273,124.875,0
FAB,60,20240827,140000,31.3273,31.3273,31.3273,31.3273,17.690624999999997,0
FAB,60,20240827,150000,31.3273,31.4234,31.3273,31.4234,104.06249999999999,0
FAB,60,20240827,160000,31.4234,31.4234,31.4234,31.4234,35.38125,0
FAB,60,20240827,170000,31.4234,31.6156,31.4234,31.6156,987.553125,0
FAB,60,20240828,100000,31.8078,32.2883,31.8078,32.2883,238.303125,0
FAB,60,20240828,110000,32.6727,33.1532,32.2883,32.961,406.884375,0
FAB,60,20240828,120000,32.961,33.0571,32.4805,33.0571,94.696875,0
FAB,60,20240828,130000,33.0571,33.1532,32.4805,32.4805,126.95625,0
FAB,60,20240828,140000,33.0571,33.0571,32.4805,32.4805,24.975,0
FAB,60,20240828,150000,32.4805,32.6727,32.3844,32.6727,214.36874999999998,0
FAB,60,20240828,160000,32.4805,32.4805,32.3844,32.3844,314.26874999999995,0
FAB,60,20240828,170000,32.6727,33.0571,32.2883,33.0571,132.159375,0
FAB,60,20240829,100000,33.1532,33.1532,33.0571,33.0571,56.19375,0
FAB,60,20240829,130000,32.961,32.961,32.961,32.961,18.73125,0
FAB,60,20240829,170000,32.7688,32.7688,32.2883,32.2883,49.95,0
FAB,60,20240830,100000,32.7688,33.1532,32.1922,33.1532,1513.06875,0
FAB,60,20240830,110000,33.2492,33.2492,33.2492,33.2492,3.1218749999999997,0
FAB,60,20240830,120000,33.2492,33.2492,33.2492,33.2492,8.325,0
FAB,60,20240830,140000,33.2492,33.3453,33.2492,33.3453,147.76874999999998,0
FAB,60,20240830,150000,32.961,33.5375,32.961,33.5375,885.571875,0
FAB,60,20240830,160000,33.6336,33.7297,33.1532,33.6336,736.7625,0
FAB,60,20240830,170000,33.8258,33.9219,33.6336,33.6336,1733.68125,0
FAB,60,20240902,100000,34.1141,34.2102,33.6336,33.6336,950.090625,0
FAB,60,20240902,110000,33.7297,33.7297,33.2492,33.2492,134.240625,0
FAB,60,20240902,120000,33.3453,33.3453,32.6727,32.6727,374.625,0
FAB,60,20240902,130000,32.7688,33.2492,32.7688,33.2492,43.70625,0
FAB,60,20240902,150000,33.2492,33.2492,33.2492,33.2492,20.8125,0
FAB,60,20240902,160000,33.0571,33.5375,33.0571,33.5375,152.971875,0
FAB,60,20240903,100000,33.6336,33.7297,33.5375,33.5375,341.325,0
FAB,60,20240903,120000,33.4414,33.4414,33.4414,33.4414,2.08125,0
FAB,60,20240903,130000,33.5375,33.7297,33.1532,33.7297,217.490625,0
FAB,60,20240903,170000,33.1532,33.7297,33.1532,33.7297,2.08125,0
FAB,60,20240904,100000,33.6336,33.6336,33.4414,33.4414,14.56875,0
FAB,60,20240904,110000,33.4414,33.5375,33.0571,33.1532,582.75,0
FAB,60,20240904,120000,33.1532,33.1532,33.1532,33.1532,69.721875,0
FAB,60,20240904,130000,33.1532,33.1532,33.0571,33.1532,455.79375,0
FAB,60,20240904,150000,33.0571,33.0571,33.0571,33.0571,116.54999999999998,0
FAB,60,20240904,160000,33.0571,33.5375,33.0571,33.5375,75.96562499999999,0
FAB,60,20240904,170000,33.6336,33.6336,33.6336,33.6336,1.040625,0
FAB,60,20240905,100000,33.7297,33.7297,33.7297,33.7297,2.08125,0
FAB,60,20240905,120000,33.6336,33.6336,33.6336,33.6336,1.040625,0
FAB,60,20240905,130000,33.6336,33.7297,33.6336,33.6336,54.1125,0
FAB,60,20240905,140000,33.7297,33.7297,33.7297,33.7297,2.08125,0
FAB,60,20240905,160000,33.6336,33.6336,33.6336,33.6336,45.787499999999994,0
FAB,60,20240906,100000,33.2492,33.2492,33.1532,33.1532,158.175,0
FAB,60,20240906,110000,33.2492,33.2492,33.2492,33.2492,2.08125,0
FAB,60,20240906,120000,33.1532,33.1532,33.1532,33.1532,2.08125,0
FAB,60,20240906,130000,33.1532,33.1532,33.1532,33.1532,94.69687499999999,0
FAB,60,20240906,140000,33.1532,33.1532,33.1532,33.1532,4.1625,0
FAB,60,20240906,160000,33.1532,33.1532,33.1532,33.1532,270.5625,0
FAB,60,20240906,170000,33.1532,33.1532,32.961,33.1532,2054.19375,0
FAB,60,20240909,100000,33.1532,33.1532,32.6727,32.6727,322.59375,0
FAB,60,20240909,110000,33.1532,33.1532,33.1532,33.1532,2.08125,0
FAB,60,20240909,150000,32.8649,32.8649,32.6727,32.6727,1472.4843749999998,0
FAB,60,20240909,170000,32.961,32.961,32.961,32.961,36.421875,0
FAB,60,20240910,100000,32.8649,32.8649,32.8649,32.8649,2.08125,0
FAB,60,20240910,120000,32.4805,32.4805,32.0961,32.0961,533.8406249999999,0
FAB,60,20240910,160000,32.0961,32.0961,32.0961,32.0961,10.40625,0
FAB,60,20240910,170000,31.9039,32.5766,31.2312,32.5766,1634.821875,0
FAB,60,20240911,100000,31.9039,31.9039,31.9039,31.9039,11.446874999999999,0
FAB,60,20240911,110000,31.8078,31.8078,31.2312,31.7117,208.125,0
FAB,60,20240911,120000,31.7117,31.7117,31.7117,31.7117,1.040625,0
FAB,60,20240911,150000,31.7117,31.7117,31.7117,31.7117,6.2437499999999995,0
FAB,60,20240911,160000,31.7117,31.7117,31.7117,31.7117,62.43749999999999,0
FAB,60,20240911,170000,31.4234,31.8078,31.4234,31.8078,114.46874999999999,0
FAB,60,20240912,100000,31.7117,31.7117,31.7117,31.7117,47.86875,0
FAB,60,20240912,110000,31.7117,31.7117,31.7117,31.7117,105.103125,0
FAB,60,20240913,100000,31.7117,31.7117,31.7117,31.7117,2.08125,0
FAB,60,20240913,120000,31.7117,31.7117,31.7117,31.7117,62.43749999999999,0
FAB,60,20240913,130000,31.2312,31.2312,31.2312,31.2312,3.1218749999999997,0
FAB,60,20240913,150000,31.6156,31.6156,31.6156,31.6156,52.03124999999999,0
FAB,60,20240913,170000,31.6156,31.6156,31.6156,31.6156,1.040625,0
FAB,60,20240916,100000,31.6156,31.6156,30.7508,31.2312,818.971875,0
FAB,60,20240916,110000,30.4625,30.7508,30.3664,30.4625,686.8125,0
FAB,60,20240916,120000,30.4625,30.4625,30.3664,30.3664,121.753125,0
FAB,60,20240916,130000,30.2703,30.7508,30.2703,30.7508,37.4625,0
FAB,60,20240916,140000,30.7508,31.2312,30.7508,31.2312,394.39687499999997,0
FAB,60,20240916,150000,31.5195,31.6156,31.5195,31.6156,28.096875,0
FAB,60,20240917,100000,31.6156,32.3844,31.5195,32.3844,450.590625,0
FAB,60,20240917,150000,32.0961,32.0961,32.0961,32.0961,14.568749999999998,0
FAB,60,20240918,100000,32.0961,32.2883,32.0961,32.2883,137.3625,0
FAB,60,20240918,110000,31.6156,31.6156,31.6156,31.6156,33.3,0
FAB,60,20240918,120000,31.8078,31.8078,31.7117,31.7117,35.381249999999994,0
FAB,60,20240918,150000,31.7117,31.7117,31.4234,31.4234,426.65624999999994,0
FAB,60,20240918,160000,31.6156,31.6156,31.6156,31.6156,104.06249999999999,0
FAB,60,20240918,170000,31.6156,31.9039,31.5195,31.5195,417.290625,0
FAB,60,20240919,100000,32.2883,32.2883,31.5195,32.0961,7.284374999999999,0
FAB,60,20240919,120000,32.1922,32.1922,32.1922,32.1922,6.2437499999999995,0
FAB,60,20240919,160000,32.2883,32.2883,32.2883,32.2883,10.40625,0
FAB,60,20240920,100000,32.6727,32.961,32.6727,32.961,231.01874999999998,0
FAB,60,20240920,120000,32.8649,32.8649,32.6727,32.6727,2.08125,0
FAB,60,20240920,130000,32.6727,32.6727,32.6727,32.6727,1391.315625,0
FAB,60,20240923,100000,32.6727,32.6727,32.6727,32.6727,1.040625,0
FAB,60,20240923,110000,32,32,32,32,20.8125,0
FAB,60,20240923,120000,32.5766,32.6727,32.0961,32.0961,47.86875,0
FAB,60,20240923,130000,32,32,32,32,1.040625,0
FAB,60,20240923,150000,32.5766,32.6727,32.5766,32.6727,104.06249999999999,0
FAB,60,20240923,160000,32.8649,32.8649,32.8649,32.8649,20.8125,0
FAB,60,20240924,100000,32.8649,32.8649,32.8649,32.8649,189.39375,0
FAB,60,20240924,120000,32.7688,32.7688,32.7688,32.7688,72.84375,0
FAB,60,20240924,170000,32.7688,32.7688,32.7688,32.7688,31.218749999999996,0
FAB,60,20240925,100000,32.7688,32.7688,32.7688,32.7688,28.096874999999997,0
FAB,60,20240925,120000,32.2883,32.2883,32.2883,32.2883,72.84375,0
FAB,60,20240925,160000,32.6727,32.6727,32.6727,32.6727,1.040625,0
FAB,60,20240926,100000,32.6727,32.6727,32.1922,32.6727,19.771875,0
FAB,60,20240926,110000,32.6727,32.6727,32.6727,32.6727,55.153124999999996,0
FAB,60,20240926,120000,32.7688,32.7688,32.6727,32.6727,6.2437499999999995,0
FAB,60,20240926,130000,32.6727,32.6727,32.6727,32.6727,52.03124999999999,0
FAB,60,20240926,140000,32.7688,33.0571,32.7688,33.0571,244.546875,0
FAB,60,20240926,150000,33.0571,33.0571,32.961,33.0571,159.215625,0
FAB,60,20240926,160000,33.0571,33.0571,33.0571,33.0571,20.8125,0
FAB,60,20240926,170000,33.0571,33.0571,33.0571,33.0571,5.203125,0
FAB,60,20240927,100000,33.2492,33.2492,33.0571,33.0571,3.121875,0
FAB,60,20240927,110000,33.1532,33.1532,33.1532,33.1532,3.1218749999999997,0
FAB,60,20240927,120000,33.1532,33.1532,33.1532,33.1532,1.040625,0
FAB,60,20240927,130000,33.1532,33.1532,33.1532,33.1532,17.690625,0
FAB,60,20240927,140000,33.2492,33.2492,33.2492,33.2492,28.096875,0
FAB,60,20240927,160000,33.2492,33.3453,33.2492,33.3453,33.3,0
FAB,60,20240930,100000,33.4414,33.4414,32.4805,32.8649,1441.265625,0
FAB,60,20240930,110000,32.4805,32.6727,32.0961,32.6727,526.55625,0
FAB,60,20240930,120000,32.1922,32.6727,32,32.6727,345.4875,0
FAB,60,20240930,130000,32.1922,32.5766,32,32.5766,123.834375,0
FAB,60,20240930,140000,32.5766,32.5766,32,32,167.540625,0
FAB,60,20240930,150000,32.1922,32.1922,32.1922,32.1922,104.06249999999999,0
FAB,60,20240930,160000,32.1922,32.5766,32.1922,32.1922,282.009375,0
FAB,60,20240930,170000,32.6727,32.6727,32.6727,32.6727,3.1218749999999997,0
FAB,60,20241001,100000,32.6727,32.6727,32.0961,32.0961,659.75625,0
FAB,60,20241001,110000,32.0961,32.0961,32.0961,32.0961,136.321875,0
FAB,60,20241001,120000,32.0961,32.0961,32.0961,32.0961,33.3,0
FAB,60,20241001,140000,32.0961,32.0961,32.0961,32.0961,177.946875,0
FAB,60,20241001,150000,32.1922,32.1922,32.1922,32.1922,80.128125,0
FAB,60,20241001,160000,32.1922,32.1922,32.0961,32.0961,13.528125,0
FAB,60,20241002,100000,32.0961,32.0961,32.0961,32.0961,67.640625,0
FAB,60,20241002,120000,32.0961,32.0961,32.0961,32.0961,7.284375,0
FAB,60,20241002,130000,32.0961,32.0961,32.0961,32.0961,10.40625,0
FAB,60,20241002,140000,32,32,32,32,15.609374999999998,0
FAB,60,20241002,160000,32.0961,32.0961,32.0961,32.0961,58.27499999999999,0
FAB,60,20241002,170000,32.6727,32.6727,32.6727,32.6727,1.040625,0
FAB,60,20241003,100000,32.6727,32.6727,31.7117,31.7117,361.096875,0
FAB,60,20241003,110000,32.5766,32.5766,32,32,415.20937499999997,0
FAB,60,20241003,120000,31.8078,31.8078,31.8078,31.8078,312.1875,0
FAB,60,20241003,140000,32.0961,32.0961,31.7117,31.7117,48.909375,0
FAB,60,20241003,160000,32.0961,32.0961,32.0961,32.0961,20.8125,0
FAB,60,20241003,170000,32.0961,32.0961,32.0961,32.0961,1.040625,0
FAB,60,20241004,100000,32.0961,32.6727,31.9039,32.2883,269.521875,0
FAB,60,20241004,110000,32.0961,32.0961,31.7117,31.7117,4.1625,0
FAB,60,20241004,130000,31.7117,31.7117,31.7117,31.7117,70.76249999999999,0
FAB,60,20241004,140000,31.7117,31.8078,31.3273,31.8078,585.871875,0
FAB,60,20241004,150000,31.8078,31.8078,31.4234,31.4234,228.9375,0
FAB,60,20241004,160000,31.4234,31.4234,31.3273,31.3273,115.50937499999999,0
FAB,60,20241004,170000,31.2312,31.7117,31.039,31.7117,105.103125,0
FAB,60,20241007,100000,31.9039,31.9039,31.1351,31.7117,209.165625,0
FAB,60,20241007,120000,31.7117,31.7117,31.7117,31.7117,6.24375,0
FAB,60,20241007,130000,31.7117,31.7117,31.7117,31.7117,16.65,0
FAB,60,20241007,140000,31.1351,31.1351,31.1351,31.1351,4.1625,0
FAB,60,20241007,150000,31.6156,33.6336,31.6156,33.6336,976.10625,0
FAB,60,20241007,160000,32.2883,32.2883,32.2883,32.2883,20.8125,0
FAB,60,20241007,170000,33.1532,33.2492,33.1532,33.2492,151.93125,0
FAB,60,20241008,100000,33.1532,33.1532,33.1532,33.1532,32.259375,0
FAB,60,20241008,110000,32.0961,32.4805,32.0961,32.4805,29.137499999999996,0
FAB,60,20241008,120000,32.4805,32.4805,32.4805,32.4805,1.040625,0
FAB,60,20241008,130000,32.4805,32.4805,32.4805,32.4805,1.040625,0
FAB,60,20241008,150000,32.4805,32.4805,32.4805,32.4805,10.40625,0
FAB,60,20241008,160000,32.4805,32.4805,32.4805,32.4805,6.24375,0
FAB,60,20241009,100000,33.4414,33.4414,31.8078,31.8078,221.653125,0
FAB,60,20241009,110000,32.4805,32.4805,32.4805,32.4805,1.040625,0
FAB,60,20241009,140000,32.4805,32.4805,32.4805,32.4805,31.218749999999996,0
FAB,60,20241009,150000,32.4805,32.4805,32.3844,32.3844,16.65,0
FAB,60,20241009,160000,32.3844,32.3844,32,32,7.284375,0
FAB,60,20241009,170000,32,32,32,32,168.58124999999998,0
FAB,60,20241010,100000,32,32.5766,32,32.5766,21.853125,0
FAB,60,20241010,110000,32,32,31.9039,31.9039,35.381249999999994,0
FAB,60,20241010,120000,31.9039,32.5766,31.9039,32.5766,285.13125,0
FAB,60,20241010,130000,32.5766,32.5766,32.5766,32.5766,52.03124999999999,0
FAB,60,20241010,150000,32.5766,32.5766,32.5766,32.5766,88.45312499999999,0
FAB,60,20241010,160000,32.5766,32.5766,32.5766,32.5766,36.421875,0
FAB,60,20241010,170000,32.4805,32.4805,32.0961,32.0961,87.4125,0
FAB,60,20241011,100000,32.1922,32.1922,32.1922,32.1922,3.1218749999999997,0
FAB,60,20241011,110000,32.4805,32.4805,32.4805,32.4805,41.625,0
FAB,60,20241011,120000,32.4805,32.4805,32.4805,32.4805,7.284374999999999,0
FAB,60,20241011,130000,32.4805,32.4805,32.4805,32.4805,4.1625,0
FAB,60,20241011,170000,32.4805,32.4805,32.4805,32.4805,91.575,0
FAB,60,20241014,100000,32.4805,32.4805,32.4805,32.4805,254.953125,0
FAB,60,20241014,110000,32.4805,32.4805,31.7117,32.0961,2922.075,0
FAB,60,20241014,130000,32.0961,32.0961,31.9039,32.0961,16.65,0
FAB,60,20241014,140000,32,32,31.4234,31.4234,208.12499999999997,0
FAB,60,20241014,150000,31.4234,31.4234,31.4234,31.4234,15.609374999999998,0
FAB,60,20241014,160000,31.9039,32,31.4234,31.4234,86.371875,0
FAB,60,20241014,170000,32,32,31.4234,31.9039,235.18125,0
FAB,60,20241015,100000,31.9039,31.9039,31.9039,31.9039,81.16875,0
FAB,60,20241015,110000,31.9039,32.1922,31.6156,32.1922,565.059375,0
FAB,60,20241015,120000,32,32,32,32,109.265625,0
FAB,60,20241015,140000,31.7117,31.8078,31.5195,31.8078,522.39375,0
FAB,60,20241015,150000,31.8078,31.8078,31.8078,31.8078,60.35625,0
FAB,60,20241015,160000,31.8078,31.8078,31.3273,31.3273,34.340625,0
FAB,60,20241015,170000,31.8078,31.8078,31.8078,31.8078,1.040625,0
FAB,60,20241016,100000,31.8078,31.8078,31.8078,31.8078,27.05625,0
FAB,60,20241016,110000,31.8078,31.8078,31.8078,31.8078,53.071875,0
FAB,60,20241016,120000,31.9039,32,31.9039,32,104.06249999999999,0
FAB,60,20241016,130000,32,32,32,32,15.609374999999998,0
FAB,60,20241016,140000,31.9039,31.9039,31.7117,31.7117,520.3125,0
FAB,60,20241016,150000,31.7117,31.8078,31.3273,31.8078,524.475,0
FAB,60,20241016,160000,31.5195,31.8078,31.5195,31.5195,285.13124999999997,0
FAB,60,20241016,170000,31.9039,31.9039,31.9039,31.9039,10.40625,0
FAB,60,20241017,100000,31.9039,31.9039,31.9039,31.9039,2.08125,0
FAB,60,20241017,110000,31.8078,31.9039,31.8078,31.9039,88.453125,0
FAB,60,20241017,120000,31.9039,31.9039,31.9039,31.9039,43.70625,0
FAB,60,20241017,130000,31.7117,31.7117,31.4234,31.4234,80.128125,0
FAB,60,20241018,100000,31.7117,31.7117,31.7117,31.7117,11.446874999999999,0
FAB,60,20241018,110000,31.7117,31.7117,31.7117,31.7117,87.4125,0
FAB,60,20241018,120000,31.7117,31.7117,31.7117,31.7117,20.8125,0
FAB,60,20241018,130000,31.6156,31.6156,31.2312,31.6156,709.70625,0
FAB,60,20241018,140000,31.6156,31.6156,31.6156,31.6156,54.1125,0
FAB,60,20241018,150000,31.6156,31.6156,31.6156,31.6156,122.79374999999999,0
FAB,60,20241021,100000,31.7117,31.7117,31.7117,31.7117,15.609375,0
FAB,60,20241021,110000,31.7117,31.7117,31.7117,31.7117,103.021875,0
FAB,60,20241021,130000,31.7117,31.7117,31.7117,31.7117,72.84375,0
FAB,60,20241021,140000,32,32.4805,32,32.4805,682.65,0
FAB,60,20241021,150000,31.9039,31.9039,31.9039,31.9039,3.1218749999999997,0
FAB,60,20241021,160000,32.3844,32.3844,31.9039,31.9039,44.746875,0
FAB,60,20241022,100000,32,32.3844,32,32.3844,162.3375,0
FAB,60,20241022,110000,32.3844,32.3844,32,32,176.90625,0
FAB,60,20241022,150000,32.3844,32.3844,32.3844,32.3844,52.03124999999999,0
FAB,60,20241022,160000,32.0961,32.0961,32,32,38.503125,0
FAB,60,20241022,170000,31.7117,31.7117,31.7117,31.7117,65.55937499999999,0
FAB,60,20241023,100000,32.2883,32.2883,32.2883,32.2883,1.040625,0
FAB,60,20241023,110000,31.7117,31.7117,31.7117,31.7117,38.503125,0
FAB,60,20241023,130000,31.6156,31.6156,31.6156,31.6156,62.4375,0
FAB,60,20241023,170000,31.6156,31.6156,31.3273,31.3273,59.315625,0
FAB,60,20241024,100000,32.1922,32.1922,32.0961,32.0961,3.1218749999999997,0
FAB,60,20241024,110000,31.7117,32.0961,31.7117,32,46.828125,0
FAB,60,20241024,130000,32,32,32,32,186.271875,0
FAB,60,20241024,150000,31.7117,31.7117,31.7117,31.7117,104.06249999999999,0
FAB,60,20241025,100000,32.0961,32.0961,32.0961,32.0961,3.121875,0
FAB,60,20241025,110000,31.9039,31.9039,31.9039,31.9039,1.040625,0
FAB,60,20241025,130000,31.9039,31.9039,31.9039,31.9039,20.8125,0
FAB,60,20241025,150000,31.9039,31.9039,31.9039,31.9039,295.53749999999997,0
FAB,60,20241025,160000,32,32,31.6156,31.6156,14.568749999999998,0
FAB,60,20241025,170000,31.6156,31.6156,31.6156,31.6156,108.225,0
FAB,60,20241028,100000,31.6156,32.0961,31.6156,32.0961,15.609375,0
FAB,60,20241028,110000,32.0961,32.0961,32.0961,32.0961,16.65,0
FAB,60,20241028,120000,32.0961,32.0961,32.0961,32.0961,1.040625,0
FAB,60,20241028,130000,32,32,32,32,10.40625,0
FAB,60,20241028,140000,32.0961,32.0961,32.0961,32.0961,1.040625,0
FAB,60,20241028,150000,31.7117,31.7117,31.7117,31.7117,7.284374999999999,0
FAB,60,20241028,160000,32.0961,32.0961,32.0961,32.0961,1.040625,0
FAB,60,20241029,100000,32.0961,32.1922,32.0961,32.1922,175.865625,0
FAB,60,20241029,110000,32.1922,32.2883,32.1922,32.2883,104.06249999999999,0
FAB,60,20241029,120000,32.3844,32.3844,32.3844,32.3844,1.040625,0
FAB,60,20241029,130000,31.9039,31.9039,31.9039,31.9039,104.06249999999999,0
FAB,60,20241029,140000,32.3844,32.3844,31.8078,31.8078,211.246875,0
FAB,60,20241029,150000,32.0961,32.3844,31.9039,32.2883,295.5375,0
FAB,60,20241030,100000,32.2883,32.2883,32.2883,32.2883,4.1625,0
FAB,60,20241030,120000,32.2883,32.2883,32.1922,32.2883,13.528125,0
FAB,60,20241030,130000,32.2883,32.2883,32.2883,32.2883,1.040625,0
FAB,60,20241030,170000,32,32,31.7117,31.9039,452.671875,0
FAB,60,20241031,100000,32.0961,32.0961,32.0961,32.0961,7.284374999999999,0
FAB,60,20241031,110000,32.0961,32.0961,32.0961,32.0961,8.325,0
FAB,60,20241031,130000,32.0961,32.0961,32.0961,32.0961,68.68125,0
FAB,60,20241031,150000,31.6156,31.8078,30.8468,31.6156,957.375,0
FAB,60,20241031,160000,31.4234,31.4234,31.4234,31.4234,11.446875,0
FAB,60,20241031,170000,31.2312,31.4234,31.039,31.4234,11.446874999999999,0
FAB,60,20241104,100000,31.7117,32.2883,31.7117,32.2883,381.909375,0
FAB,60,20241104,110000,32.2883,32.2883,32.2883,32.2883,9.365625,0
FAB,60,20241104,120000,32.2883,32.2883,32.2883,32.2883,8.325,0
FAB,60,20241104,130000,32.2883,32.2883,32.2883,32.2883,3.1218749999999997,0
FAB,60,20241104,140000,32.2883,32.2883,32.2883,32.2883,2.08125,0
FAB,60,20241104,150000,32.2883,32.2883,32.2883,32.2883,9.365625,0
FAB,60,20241104,160000,32,32.2883,31.6156,32.2883,140.484375,0
FAB,60,20241104,170000,32.2883,32.2883,32.2883,32.2883,47.86875,0
FAB,60,20241105,100000,32.2883,32.2883,32.2883,32.2883,55.153124999999996,0
FAB,60,20241105,110000,32.2883,32.2883,32.2883,32.2883,1.040625,0
FAB,60,20241105,130000,32.2883,32.2883,32.2883,32.2883,31.21875,0
FAB,60,20241105,140000,32.2883,32.2883,32.2883,32.2883,5.203125,0
FAB,60,20241105,160000,32.2883,32.2883,32.2883,32.2883,5.203125,0
FAB,60,20241105,170000,32,32,32,32,6.2437499999999995,0
FAB,60,20241106,100000,32.2883,32.2883,32.1922,32.1922,3.121875,0
FAB,60,20241106,110000,32.0961,32.0961,32.0961,32.0961,1.040625,0
FAB,60,20241106,120000,32.0961,32.0961,31.8078,31.8078,69.721875,0
FAB,60,20241106,130000,32.0961,32.1922,32.0961,32.1922,89.49374999999999,0
FAB,60,20241106,170000,32.1922,32.1922,32.1922,32.1922,1.040625,0
FAB,60,20241107,100000,32.1922,32.2883,32.1922,32.2883,39.54375,0
FAB,60,20241107,110000,32.2883,32.2883,32.2883,32.2883,4.1625,0
FAB,60,20241107,120000,32.2883,32.4805,32.2883,32.4805,31.218749999999996,0
FAB,60,20241107,140000,32.4805,32.4805,32.4805,32.4805,20.8125,0
FAB,60,20241107,150000,32.4805,32.4805,32.4805,32.4805,1.040625,0
FAB,60,20241107,160000,32.4805,32.4805,32,32,5.203125,0
FAB,60,20241108,100000,32.4805,32.4805,32.4805,32.4805,2.08125,0
FAB,60,20241108,110000,32,32.4805,32,32.4805,3.121875,0
FAB,60,20241108,120000,32.1922,32.1922,32.1922,32.1922,94.69687499999999,0
FAB,60,20241108,130000,32.4805,32.4805,32.4805,32.4805,1.040625,0
FAB,60,20241108,150000,32.4805,32.4805,32.4805,32.4805,23.934375,0
FAB,60,20241108,160000,32.1922,32.6727,32.1922,32.4805,799.2,0
FAB,60,20241108,170000,32.6727,32.6727,32.6727,32.6727,34.340625,0
FAB,60,20241112,100000,33.2492,33.2492,32.7688,32.7688,979.228125,0
FAB,60,20241112,110000,33.0571,33.2492,32.8649,32.8649,223.73437499999997,0
FAB,60,20241112,120000,32.961,33.2492,32.7688,32.7688,43.70625,0
FAB,60,20241112,130000,33.2492,33.4414,33.2492,33.4414,145.6875,0
FAB,60,20241112,150000,32.7688,32.7688,32.4805,32.4805,412.0875,0
FAB,60,20241112,160000,32.1922,32.1922,32.1922,32.1922,145.6875,0
FAB,60,20241112,170000,33.1532,33.1532,33.1532,33.1532,1.040625,0
FAB,60,20241113,100000,33.5375,33.5375,32.1922,33.4414,487.0125,0
FAB,60,20241113,110000,32.4805,32.4805,31.8078,31.8078,1040.625,0
FAB,60,20241113,120000,32,32,32,32,7.284374999999999,0
FAB,60,20241113,130000,32,32,32,32,10.40625,0
FAB,60,20241113,140000,32,32.0961,31.8078,32,328.8375,0
FAB,60,20241113,150000,31.9039,32.0961,31.9039,32.0961,123.834375,0
FAB,60,20241113,160000,32.1922,32.1922,32.1922,32.1922,311.14687499999997,0
FAB,60,20241113,170000,32.4805,32.4805,32.4805,32.4805,44.746874999999996,0
FAB,60,20241114,100000,32.4805,32.4805,32.3844,32.3844,89.49374999999999,0
FAB,60,20241114,110000,32.3844,32.3844,32.3844,32.3844,3.121875,0
FAB,60,20241114,120000,32.3844,32.3844,32.3844,32.3844,32.259375,0
FAB,60,20241114,130000,32.3844,32.3844,32.3844,32.3844,10.40625,0
FAB,60,20241114,150000,32.3844,32.3844,32.3844,32.3844,7.284374999999999,0
FAB,60,20241114,160000,32.3844,32.3844,32.3844,32.3844,13.528125,0
FAB,60,20241114,170000,32.3844,32.3844,32.3844,32.3844,1.040625,0
FAB,60,20241115,100000,32.4805,32.961,32.4805,32.961,60.35625,0
FAB,60,20241115,110000,32.961,32.961,32.3844,32.5766,107.184375,0
FAB,60,20241115,120000,32.961,32.961,32.3844,32.3844,212.2875,0
FAB,60,20241115,130000,32.6727,32.6727,32.6727,32.6727,17.690625,0
FAB,60,20241115,140000,32.6727,32.6727,32.6727,32.6727,104.06249999999999,0
FAB,60,20241115,150000,32.6727,32.6727,32.6727,32.6727,5.203125,0
FAB,60,20241115,160000,32.6727,32.6727,32.6727,32.6727,15.609374999999998,0
FAB,60,20241115,170000,32.6727,32.7688,31.9039,32.7688,506.78437499999995,0
FAB,60,20241118,100000,32.6727,32.6727,32,32.6727,171.70312499999997,0
FAB,60,20241118,110000,32.6727,32.8649,32.6727,32.8649,35.381249999999994,0
FAB,60,20241118,120000,32.8649,32.8649,32.2883,32.2883,31.218749999999996,0
FAB,60,20241118,130000,32.6727,32.6727,32.6727,32.6727,3.1218749999999997,0
FAB,60,20241118,140000,32.6727,32.6727,32.6727,32.6727,63.478125,0
FAB,60,20241118,150000,32.4805,32.6727,32.4805,32.6727,6.2437499999999995,0
FAB,60,20241118,170000,32.6727,32.7688,32.6727,32.6727,124.875,0
FAB,60,20241119,100000,32.7688,33.1532,32.6727,33.1532,278.8875,0
FAB,60,20241119,110000,32.6727,33.1532,32.1922,32.1922,1328.878125,0
FAB,60,20241119,120000,32.1922,32.1922,32.1922,32.1922,30.178124999999998,0
FAB,60,20241119,150000,32.1922,32.1922,32.1922,32.1922,41.625,0
FAB,60,20241119,160000,32.0961,32.0961,31.1351,31.4234,1060.396875,0
FAB,60,20241119,170000,31.8078,31.8078,31.3273,31.8078,872.04375,0
FAB,60,20241120,100000,31.9039,32,31.8078,32,97.81875,0
FAB,60,20241120,110000,31.8078,31.8078,31.7117,31.7117,220.61249999999998,0
FAB,60,20241120,120000,31.7117,31.8078,31.7117,31.8078,133.2,0
FAB,60,20241120,130000,31.8078,32,31.8078,32,144.646875,0
FAB,60,20241120,140000,32,32,32,32,10.40625,0
FAB,60,20241120,150000,32,32,31.6156,31.7117,182.109375,0
FAB,60,20241120,170000,31.9039,32,31.8078,31.8078,156.09375,0
FAB,60,20241121,100000,32,32,31.5195,31.5195,430.81875,0
FAB,60,20241121,130000,31.7117,31.8078,30.9429,31.039,1183.190625,0
FAB,60,20241121,140000,31.7117,31.7117,31.6156,31.6156,27.05625,0
FAB,60,20241121,160000,31.7117,31.7117,31.7117,31.7117,104.06249999999999,0
FAB,60,20241121,170000,31.7117,32,31.7117,32,69.721875,0
FAB,60,20241122,100000,32,32.1,32,32.1,33,0
FAB,60,20241122,110000,32.1,32.1,32,32,48,0
FAB,60,20241122,120000,31.8,31.9,31.8,31.9,35,0
FAB,60,20241122,130000,31.9,31.9,31.9,31.9,10,0
FAB,60,20241122,140000,31.9,31.9,31.9,31.9,1,0
FAB,60,20241122,150000,31.6,31.6,31.6,31.6,1,0
FAB,60,20241122,170000,31.8,31.9,31.7,31.7,22,0
FAB,60,20241125,100000,31.7,31.8,31.7,31.8,295,0
FAB,60,20241125,130000,32.2,32.2,31.9,32.2,12,0
FAB,60,20241125,140000,32.2,32.2,32.2,32.2,8,0
FAB,60,20241125,170000,32.2,32.2,32.2,32.2,2,0
FAB,60,20241126,100000,32.1,32.1,32.1,32.1,1,0
FAB,60,20241126,110000,32.1,32.1,32.1,32.1,1,0
FAB,60,20241126,120000,32.1,32.1,32.1,32.1,1,0
FAB,60,20241126,140000,32.1,32.1,32.1,32.1,21,0
FAB,60,20241126,160000,31.9,31.9,31.9,31.9,10,0
FAB,60,20241126,170000,32.4,32.4,32.4,32.4,1,0
FAB,60,20241127,100000,32.4,32.4,32.4,32.4,2,0
FAB,60,20241127,110000,32.2,32.2,32.2,32.2,15,0
FAB,60,20241127,130000,32,32,32,32,75,0
FAB,60,20241127,140000,32.1,32.1,32.1,32.1,10,0
FAB,60,20241127,150000,32,32,31.9,31.9,56,0
FAB,60,20241127,170000,32.1,32.1,32.1,32.1,1,0
FAB,60,20241128,100000,32.4,32.4,32.4,32.4,1,0
FAB,60,20241128,120000,32.1,32.2,32.1,32.2,57,0
FAB,60,20241128,130000,32,32.2,32,32.2,43,0
FAB,60,20241128,140000,32.2,32.2,32,32.2,185,0
FAB,60,20241128,150000,32,32,32,32,60,0
FAB,60,20241128,160000,32.1,32.1,32.1,32.1,22,0
FAB,60,20241128,170000,32.1,32.2,32.1,32.2,22,0
FAB,60,20241129,100000,32.2,32.3,32.2,32.3,50,0
FAB,60,20241129,110000,32.1,32.3,32.1,32.3,79,0
FAB,60,20241129,120000,32,32.3,31.5,31.7,705,0
FAB,60,20241129,130000,31.5,31.5,31.5,31.5,12,0
FAB,60,20241129,140000,31.7,32,31.7,32,25,0
FAB,60,20241129,150000,32,32,32,32,3,0
FAB,60,20241202,100000,31.9,31.9,31.6,31.6,62,0
FAB,60,20241202,110000,31.9,31.9,31.9,31.9,1,0
FAB,60,20241202,120000,31.9,31.9,31.9,31.9,5,0
FAB,60,20241202,140000,31.9,31.9,31.9,31.9,49,0
FAB,60,20241202,150000,31.8,31.8,31.4,31.4,417,0
FAB,60,20241202,160000,31.8,31.8,31.8,31.8,5,0
FAB,60,20241202,170000,31.8,31.8,31.8,31.8,1,0
FAB,60,20241203,100000,31.8,31.8,31.8,31.8,31,0
FAB,60,20241203,110000,31.8,31.8,31.5,31.5,21,0
FAB,60,20241203,120000,31.5,31.7,31.5,31.7,37,0
FAB,60,20241203,130000,31.7,31.8,31.7,31.8,32,0
FAB,60,20241203,150000,31.5,31.5,31.4,31.4,105,0
FAB,60,20241203,170000,31.5,31.5,31.5,31.5,1,0
FAB,60,20241204,100000,31.5,31.5,31.5,31.5,117,0
FAB,60,20241204,110000,31.5,31.5,31.3,31.5,19,0
FAB,60,20241204,130000,31.4,31.4,31.3,31.3,11,0
FAB,60,20241204,140000,31.1,31.1,31.1,31.1,95,0
FAB,60,20241204,150000,31.3,31.3,30.7,30.7,209,0
FAB,60,20241204,160000,31,31,30.6,30.6,44,0
FAB,60,20241204,170000,31,31,30.2,31,166,0
FAB,60,20241205,100000,31,31,30.8,30.8,58,0
FAB,60,20241205,110000,30.5,30.7,30.1,30.7,432,0
FAB,60,20241205,120000,30.7,30.9,30.3,30.4,403,0
FAB,60,20241205,130000,30.7,30.7,30.3,30.3,11,0
FAB,60,20241205,140000,30.2,30.2,30,30,313,0
FAB,60,20241205,150000,30.2,30.2,30.2,30.2,4,0
FAB,60,20241205,160000,30.2,30.2,30.2,30.2,6,0
FAB,60,20241205,170000,29.9,30.8,29.9,30.8,48,0
FAB,60,20241206,100000,30.7,30.7,30.7,30.7,2,0
FAB,60,20241206,110000,30,30,30,30,38,0
FAB,60,20241206,120000,30,30,29.7,29.7,245,0
FAB,60,20241206,130000,29.7,29.9,29.7,29.9,135,0
FAB,60,20241206,140000,29.8,30,29.5,29.5,308,0
FAB,60,20241206,150000,29.5,29.9,29.5,29.5,244,0
FAB,60,20241206,160000,29.4,29.6,29.4,29.6,360,0
FAB,60,20241206,170000,29.5,29.6,29.4,29.6,291,0
FAB,60,20241209,100000,30.6,30.6,29.5,29.5,828,0
FAB,60,20241209,110000,29.5,29.7,28.9,29.4,2620,0
FAB,60,20241209,120000,29.4,29.4,29.4,29.4,3,0
FAB,60,20241209,130000,29.5,29.5,29.5,29.5,75,0
FAB,60,20241209,140000,29.5,29.5,29.5,29.5,20,0
FAB,60,20241209,150000,29.5,29.5,29.5,29.5,87,0
FAB,60,20241209,160000,29.3,29.6,29.3,29.6,24,0
FAB,60,20241209,170000,29.6,29.6,29.6,29.6,44,0
FAB,60,20241210,100000,29.6,29.6,28.9,29,990,0
FAB,60,20241210,110000,29.1,29.5,29,29.2,570,0
FAB,60,20241210,120000,29.2,29.2,29.2,29.2,29,0
FAB,60,20241210,130000,29.2,29.2,29.2,29.2,24,0
FAB,60,20241210,140000,29.2,29.2,29,29,14,0
FAB,60,20241210,150000,29.2,29.2,29.2,29.2,5,0
FAB,60,20241210,170000,29.2,29.2,29.2,29.2,1,0
FAB,60,20241211,100000,29.2,29.2,29.2,29.2,2,0
FAB,60,20241211,110000,29,29.2,29,29,1010,0
FAB,60,20241211,120000,29,29,29,29,261,0
FAB,60,20241211,130000,28.9,28.9,28.8,28.8,5,0
FAB,60,20241211,140000,28.9,28.9,28.8,28.8,118,0
FAB,60,20241211,150000,28.8,29.3,28.8,29.3,113,0
FAB,60,20241211,170000,29.3,29.5,29.1,29.5,421,0
FAB,60,20241212,100000,29.5,29.5,29.5,29.5,306,0
FAB,60,20241212,110000,29.3,29.5,29.3,29.3,82,0
FAB,60,20241212,120000,29.5,29.5,29.5,29.5,4,0
FAB,60,20241212,130000,29.3,29.5,28.8,29.4,1493,0
FAB,60,20241212,140000,29.4,29.4,29.4,29.4,106,0
FAB,60,20241212,150000,29.4,29.4,29.4,29.4,238,0
FAB,60,20241212,160000,29.5,29.5,29.4,29.5,105,0
FAB,60,20241213,100000,29.1,29.2,29.1,29.2,38,0
FAB,60,20241213,110000,29.4,29.4,29.4,29.4,1,0
FAB,60,20241213,130000,29.4,29.4,29.4,29.4,105,0
FAB,60,20241213,140000,29.1,29.1,29.1,29.1,27,0
FAB,60,20241213,150000,29.3,29.4,29.3,29.4,6,0
FAB,60,20241213,160000,29.4,29.4,29.4,29.4,20,0
FAB,60,20241213,170000,29.3,29.3,29.3,29.3,100,0
FAB,60,20241216,100000,29.3,29.3,29.3,29.3,7,0
FAB,60,20241216,120000,29.2,29.2,28.9,29.2,424,0
FAB,60,20241216,150000,29.2,29.3,29.2,29.3,475,0
FAB,60,20241216,160000,29.3,29.3,29.2,29.2,28,0
FAB,60,20241216,170000,29.3,29.3,29.3,29.3,141,0
FAB,60,20241217,100000,29,29.3,29,29,681,0
FAB,60,20241217,110000,29.1,29.1,29.1,29.1,237,0
FAB,60,20241217,120000,29,29.2,29,29.2,301,0
FAB,60,20241217,130000,29.2,29.2,28.8,28.8,1157,0
FAB,60,20241217,140000,28.8,28.8,28.8,28.8,256,0
FAB,60,20241217,150000,28.7,28.8,28.5,28.8,46,0
FAB,60,20241217,160000,28.5,28.5,28.5,28.5,1,0
FAB,60,20241217,170000,28.5,29.3,28.5,29.3,23,0
FAB,60,20241218,100000,28.9,28.9,28.9,28.9,3,0
FAB,60,20241218,110000,28.5,28.5,28.5,28.5,1,0
FAB,60,20241218,120000,28.5,28.5,28.5,28.5,276,0
FAB,60,20241218,150000,28.9,29,28.9,29,100,0
FAB,60,20241218,160000,28.6,28.6,28.6,28.6,50,0
FAB,60,20241218,170000,29.2,29.2,29.2,29.2,1,0
FAB,60,20241219,100000,28.9,28.9,28.9,28.9,27,0
FAB,60,20241219,110000,28.9,28.9,28.9,28.9,2,0
FAB,60,20241219,120000,28.8,28.8,28.8,28.8,8,0
FAB,60,20241219,130000,28.8,28.8,28.3,28.8,707,0
FAB,60,20241219,140000,28.9,28.9,28.9,28.9,1,0
FAB,60,20241219,150000,28.9,28.9,28.4,28.9,9,0
FAB,60,20241219,170000,28.6,28.6,28.6,28.6,10,0
FAB,60,20241220,100000,28.8,28.8,28,28.5,941,0
FAB,60,20241220,120000,28.4,28.4,28.4,28.4,36,0
FAB,60,20241220,130000,28,28,28,28,5,0
FAB,60,20241220,140000,28.4,28.8,28.4,28.8,415,0
FAB,60,20241220,150000,28.8,28.8,28.8,28.8,28,0
FAB,60,20241220,170000,28.8,28.8,28.8,28.8,3,0
FAB,60,20241223,100000,27.7,28.8,27.7,28.8,250,0
FAB,60,20241223,110000,28.8,28.9,28.4,28.8,89,0
FAB,60,20241223,120000,28.4,28.9,28.4,28.9,178,0
FAB,60,20241223,140000,28.9,28.9,28.9,28.9,11,0
FAB,60,20241227,100000,28.9,28.9,28.1,28.1,151,0
FAB,60,20241227,110000,28.8,29,28.8,29,190,0
FAB,60,20241227,120000,29,29,29,29,15,0
FAB,60,20241227,150000,29,29,29,29,5,0
FAB,60,20241227,160000,28.5,28.8,28.3,28.8,130,0
FAB,60,20241227,170000,28.2,28.9,28.1,28.9,255,0
FAB,60,20241230,100000,28.9,28.9,28.9,28.9,2,0
FAB,60,20241230,110000,28.6,28.9,28.6,28.9,300,0
FAB,60,20241230,120000,29,29,28.5,28.5,275,0
FAB,60,20241230,130000,28.9,28.9,28.4,28.4,10,0
FAB,60,20241230,140000,28.9,28.9,28.9,28.9,15,0
FAB,60,20241230,150000,28.7,28.7,28.7,28.7,81,0
FAB,60,20241230,160000,28.9,28.9,28.6,28.6,148,0
FAB,60,20241230,170000,28.9,28.9,28.7,28.7,13,0
FAB,60,20250102,100000,28.7,33.9,28.7,28.7,214,0
FAB,60,20250102,110000,33.3,33.3,29.4,30.9,48,0
FAB,60,20250102,120000,32.1,32.5,32.1,32.5,266,0
FAB,60,20250102,130000,32.9,33,30.8,30.8,383,0
FAB,60,20250102,140000,30.6,30.6,30.2,30.5,39,0
FAB,60,20250102,150000,31.4,31.8,31.4,31.8,19,0
FAB,60,20250103,100000,30.2,30.2,30.2,30.2,8,0
FAB,60,20250103,110000,29.6,30.2,29.6,30,390,0
FAB,60,20250103,120000,29.9,29.9,29.9,29.9,159,0
FAB,60,20250103,140000,30,30,29.3,29.9,409,0
FAB,60,20250103,150000,29.9,29.9,29.9,29.9,15,0
FAB,60,20250107,100000,29.9,29.9,29.6,29.7,143,0
FAB,60,20250107,110000,29.7,30,29.7,30,253,0
FAB,60,20250107,130000,30,30,29.8,29.8,16,0
FAB,60,20250107,140000,30,30,30,30,133,0
FAB,60,20250107,150000,30,30,30,30,3,0
FAB,60,20250107,170000,30,30,30,30,50,0
FAB,60,20250108,100000,30.1,30.1,30.1,30.1,2,0
FAB,60,20250108,110000,30.1,30.1,30.1,30.1,17,0
FAB,60,20250108,120000,30.1,30.1,30.1,30.1,2,0
FAB,60,20250109,100000,30.1,30.1,29.7,29.7,58,0
FAB,60,20250109,120000,30,30,30,30,1,0
FAB,60,20250109,130000,30,30,30,30,109,0
FAB,60,20250109,170000,30.4,30.4,30.4,30.4,5,0
FAB,60,20250113,100000,30.7,30.8,30,30,369,0
FAB,60,20250113,110000,29.9,29.9,29.9,29.9,3,0
FAB,60,20250113,120000,30.6,30.7,30.6,30.7,46,0
FAB,60,20250113,150000,30.7,30.7,30.7,30.7,6,0
FAB,60,20250113,170000,30.1,30.1,30.1,30.1,6,0
FAB,60,20250114,100000,29.9,29.9,29.9,29.9,20,0
FAB,60,20250114,110000,29.9,29.9,29.8,29.8,89,0
FAB,60,20250114,130000,29.9,29.9,29.9,29.9,91,0
FAB,60,20250114,170000,30.4,30.4,30.4,30.4,3,0
FAB,60,20250115,100000,30.4,30.4,30.3,30.3,14,0
FAB,60,20250115,110000,30.2,30.2,29.8,29.8,20,0
FAB,60,20250115,130000,30.2,30.2,30.2,30.2,5,0
FAB,60,20250115,150000,30.2,30.2,30.2,30.2,10,0
FAB,60,20250116,100000,30.2,30.2,29.8,29.8,11,0
FAB,60,20250116,120000,30.2,30.4,30.2,30.4,75,0
FAB,60,20250116,130000,30.2,30.2,30.2,30.2,45,0
FAB,60,20250117,100000,30.4,30.4,30.4,30.4,2,0
FAB,60,20250117,110000,29.8,29.8,29.8,29.8,26,0
FAB,60,20250117,120000,29.8,29.8,29.8,29.8,5,0
FAB,60,20250117,130000,30.4,30.8,30.4,30.8,1002,0
FAB,60,20250117,150000,30.4,30.4,30.4,30.4,30,0
FAB,60,20250117,160000,30.1,30.1,30,30,409,0
FAB,60,20250117,170000,30.4,30.4,30.4,30.4,68,0
FAB,60,20250120,100000,30.5,30.5,29.4,30.3,640,0
FAB,60,20250120,110000,29.6,30.3,28.6,29.2,1996,0
FAB,60,20250120,120000,29.2,29.5,28.9,29.5,194,0
FAB,60,20250120,130000,29.6,29.6,29.6,29.6,76,0
FAB,60,20250120,140000,29.6,29.6,29.6,29.6,15,0
FAB,60,20250120,160000,29.6,29.6,29.6,29.6,1,0
FAB,60,20250120,170000,29.5,29.5,29.5,29.5,273,0
FAB,60,20250121,100000,30.2,30.2,29.6,30.1,257,0
FAB,60,20250121,110000,29.5,29.5,29.5,29.5,8,0
FAB,60,20250121,130000,30,30,30,30,1,0
FAB,60,20250121,150000,29.5,29.8,29.2,29.8,81,0
FAB,60,20250122,100000,30.1,30.1,28.8,28.8,462,0
FAB,60,20250122,110000,29.5,29.6,29,29,86,0
FAB,60,20250122,120000,29.6,29.8,29.2,29.2,272,0
FAB,60,20250122,130000,29.2,29.2,29.2,29.2,1,0
FAB,60,20250122,150000,29.7,29.7,29.7,29.7,8,0
FAB,60,20250122,160000,29.7,29.9,29.7,29.9,170,0
FAB,60,20250122,170000,29.9,29.9,29.9,29.9,17,0
FAB,60,20250123,100000,30,30,29.4,29.4,81,0
FAB,60,20250123,140000,29.4,29.4,29,29,194,0
FAB,60,20250123,150000,29.6,29.8,29.6,29.8,178,0
FAB,60,20250123,160000,29.8,29.8,29.8,29.8,3,0
FAB,60,20250124,100000,30,30,29.8,29.8,73,0
FAB,60,20250124,130000,29.8,29.8,29.8,29.8,45,0
FAB,60,20250124,160000,29.8,29.8,29.8,29.8,80,0
FAB,60,20250124,170000,29.8,29.8,29.8,29.8,17,0
FAB,60,20250127,100000,30,30,29.8,29.8,79,0
FAB,60,20250127,120000,29.2,29.3,29.2,29.2,430,0
FAB,60,20250127,130000,29.2,29.2,29.2,29.2,93,0
FAB,60,20250127,140000,29.1,29.1,28.8,28.8,140,0
FAB,60,20250127,150000,29.2,29.2,28.9,29.2,37,0
FAB,60,20250127,170000,29.2,29.2,29.2,29.2,16,0
FAB,60,20250128,100000,29.2,29.7,29.2,29.7,13,0
FAB,60,20250128,110000,29.1,29.1,29.1,29.1,60,0
FAB,60,20250128,130000,29.2,29.2,29,29,20,0
FAB,60,20250128,150000,29,29,29,29,154,0
FAB,60,20250128,160000,29,29.2,29,29.2,38,0
FAB,60,20250129,100000,29.2,29.2,29.2,29.2,1,0
FAB,60,20250129,110000,29,29,29,29,1,0
FAB,60,20250129,130000,29.2,29.7,29.2,29.7,109,0
FAB,60,20250129,160000,29.7,29.7,29.7,29.7,1,0
FAB,60,20250129,170000,29.2,29.2,29.2,29.2,279,0
FAB,60,20250130,100000,29.7,29.7,28.7,29.1,279,0
FAB,60,20250130,110000,29.1,29.1,28.5,28.5,1302,0
FAB,60,20250130,120000,28.5,28.5,28.5,28.5,708,0
FAB,60,20250130,130000,28.8,29,28.8,29,219,0
FAB,60,20250130,140000,28.9,29,28.9,29,240,0
FAB,60,20250130,160000,28.6,28.9,28.6,28.9,177,0
FAB,60,20250130,170000,29,29,29,29,16,0
FAB,60,20250131,100000,29.3,29.3,29,29,65,0
FAB,60,20250131,110000,29,29,29,29,26,0
FAB,60,20250131,120000,29,29,28.7,29,306,0
FAB,60,20250131,130000,28.9,28.9,28.9,28.9,5,0
FAB,60,20250131,140000,28.6,28.6,28.6,28.6,51,0
FAB,60,20250131,150000,28.7,28.7,28.7,28.7,15,0
FAB,60,20250131,160000,28.5,28.7,28.4,28.7,356,0
FAB,60,20250131,170000,28.8,29,28.8,29,207,0
FAB,60,20250203,100000,28.3,28.8,28.3,28.8,708,0
FAB,60,20250203,110000,28.9,28.9,28.5,28.9,67,0
FAB,60,20250203,130000,28.9,28.9,28.4,28.4,276,0
FAB,60,20250203,140000,28.4,28.4,28.4,28.4,42,0
FAB,60,20250204,100000,28.7,28.7,28,28.1,279,0
FAB,60,20250204,110000,28.1,28.1,28,28,202,0
FAB,60,20250204,120000,28,28,28,28,277,0
FAB,60,20250204,130000,28.1,28.2,28.1,28.2,52,0
FAB,60,20250204,140000,28.2,28.3,28,28.3,437,0
FAB,60,20250204,150000,28.3,28.5,28.3,28.5,23,0
FAB,60,20250204,170000,28.5,28.5,28.5,28.5,40,0
FAB,60,20250205,100000,28.3,28.3,28.3,28.3,92,0
FAB,60,20250205,110000,28.7,28.7,28.7,28.7,48,0
FAB,60,20250205,120000,28.7,28.7,28.7,28.7,9,0
FAB,60,20250205,130000,28.8,28.9,28.8,28.9,400,0
FAB,60,20250205,170000,28.7,28.8,28.5,28.8,325,0
FAB,60,20250206,100000,28.8,28.8,28.8,28.8,7,0
FAB,60,20250206,110000,28.8,28.8,28.8,28.8,2,0
FAB,60,20250206,120000,28.8,28.9,28.8,28.9,107,0
FAB,60,20250206,130000,28.9,28.9,28.9,28.9,100,0
FAB,60,20250206,160000,28.9,28.9,28.9,28.9,60,0
FAB,60,20250206,170000,28.9,28.9,28.9,28.9,100,0
FAB,60,20250207,100000,29,29.4,28.3,29.4,106,0
FAB,60,20250207,110000,29.4,29.6,29.4,29.6,145,0
FAB,60,20250207,150000,29.7,29.7,28,28.1,3201,0
FAB,60,20250207,160000,28.4,28.7,28.4,28.7,61,0
FAB,60,20250207,170000,28.7,28.8,28.3,28.8,25,0
FAB,60,20250210,100000,28.8,28.8,28.2,28.7,35,0
FAB,60,20250210,110000,28.3,28.3,28.2,28.2,500,0
FAB,60,20250210,120000,28.6,28.6,28.6,28.6,15,0
FAB,60,20250210,130000,28.6,28.6,28.6,28.6,1,0
FAB,60,20250210,140000,28.6,28.8,28.2,28.3,1020,0
FAB,60,20250210,150000,28.3,28.5,28.1,28.1,711,0
FAB,60,20250210,160000,28.1,28.3,28,28.3,844,0
FAB,60,20250211,100000,28.3,28.3,28,28.2,287,0
FAB,60,20250211,110000,28.2,28.3,27.8,28.2,141,0
FAB,60,20250211,120000,27.9,28.2,27.9,28.2,4,0
FAB,60,20250211,130000,28.1,28.1,28,28,1450,0
FAB,60,20250211,140000,28.2,28.3,28.2,28.3,95,0
FAB,60,20250211,150000,28.4,28.4,28.3,28.4,109,0
FAB,60,20250211,160000,28.3,28.3,28.3,28.3,5,0
FAB,60,20250211,170000,28.4,28.4,28.4,28.4,1,0
FAB,60,20250212,100000,28.4,28.6,28.4,28.6,174,0
FAB,60,20250212,110000,28.6,28.6,28.6,28.6,120,0
FAB,60,20250212,120000,28.6,28.6,28.6,28.6,145,0
FAB,60,20250212,130000,28.4,28.4,28.4,28.4,20,0
FAB,60,20250212,140000,28.5,28.6,28.3,28.3,148,0
FAB,60,20250212,150000,28.2,28.2,28.1,28.1,99,0
FAB,60,20250212,160000,28.1,28.3,28.1,28.3,163,0
FAB,60,20250212,170000,28.3,28.3,28.3,28.3,2,0
FAB,60,20250213,100000,28.3,28.3,28.3,28.3,506,0
FAB,60,20250213,160000,28.1,28.1,28,28,306,0
FAB,60,20250213,170000,28.3,28.3,28,28,404,0
FAB,60,20250214,100000,30.4,30.4,29.4,29.4,1371,0
FAB,60,20250214,110000,29.4,29.4,29,29.4,310,0
FAB,60,20250214,130000,29.4,29.4,29.4,29.4,17,0
FAB,60,20250214,140000,28.7,29.3,28.7,29.3,96,0
FAB,60,20250214,150000,29.3,29.4,29.3,29.4,75,0
FAB,60,20250217,100000,29.5,29.5,29.5,29.5,2,0
FAB,60,20250217,110000,29.5,29.5,29.5,29.5,40,0
FAB,60,20250217,120000,29,29,29,29,113,0
FAB,60,20250217,160000,29,29,29,29,346,0
FAB,60,20250217,170000,29,29,28.8,28.8,59,0
FAB,60,20250218,100000,29,30.7,28.8,30.7,764,0
FAB,60,20250218,110000,30.5,30.5,29.6,30.3,363,0
FAB,60,20250218,120000,30.5,30.6,30.5,30.6,77,0
FAB,60,20250218,140000,30.6,30.6,29.8,29.8,9,0
FAB,60,20250218,150000,30,30,30,30,2,0
FAB,60,20250218,160000,30,30.6,30,30.6,166,0
FAB,60,20250219,100000,30.6,30.6,30.6,30.6,45,0
FAB,60,20250219,110000,30.6,30.6,30.6,30.6,32,0
FAB,60,20250219,120000,30.4,30.4,30.4,30.4,49,0
FAB,60,20250219,130000,30.7,30.8,30.7,30.8,217,0
FAB,60,20250219,140000,30.8,30.8,30.7,30.7,103,0
FAB,60,20250219,160000,30.1,30.1,30.1,30.1,50,0
FAB,60,20250219,170000,30.1,30.1,30.1,30.1,20,0
FAB,60,20250220,100000,30.8,30.8,30.1,30.1,88,0
FAB,60,20250220,110000,30,30,30,30,329,0
FAB,60,20250220,140000,30,30,30,30,100,0
FAB,60,20250220,150000,30.4,30.4,30.4,30.4,137,0
FAB,60,20250220,160000,30,30,30,30,7,0
FAB,60,20250220,170000,30,30.6,30,30.1,42,0
FAB,60,20250221,100000,30.8,30.8,30,30,956,0
FAB,60,20250221,110000,30,30,30,30,24,0
FAB,60,20250221,120000,30,30,30,30,78,0
FAB,60,20250221,130000,30,30,30,30,5,0
FAB,60,20250221,150000,30,30,30,30,1,0
FAB,60,20250224,100000,29.8,30,29.8,29.8,14,0
FAB,60,20250224,110000,30,30,30,30,20,0
FAB,60,20250224,120000,29.8,29.8,29.8,29.8,5,0
FAB,60,20250224,130000,30,30,30,30,27,0
FAB,60,20250224,140000,30,30,30,30,6,0
FAB,60,20250225,100000,30,30,30,30,2,0
FAB,60,20250225,110000,30,30,29.4,29.4,525,0
FAB,60,20250225,130000,29.4,29.4,29.4,29.4,7,0
FAB,60,20250225,140000,29.4,29.4,29.4,29.4,3,0
FAB,60,20250225,150000,29,29,28.9,28.9,570,0
FAB,60,20250225,160000,28.9,28.9,28.9,28.9,8,0
FAB,60,20250225,170000,28.9,28.9,28.9,28.9,219,0
FAB,60,20250226,100000,28.8,29,28.8,28.9,75,0
FAB,60,20250226,110000,29,29,29,29,3,0
FAB,60,20250226,140000,29,29,29,29,1,0
FAB,60,20250226,150000,29.3,29.3,29.3,29.3,1,0
FAB,60,20250227,100000,29.4,29.4,29.4,29.4,2,0
FAB,60,20250227,140000,29,29,29,29,4,0
FAB,60,20250227,150000,29,29,29,29,179,0
FAB,60,20250227,160000,29.4,29.5,29.4,29.5,101,0
FAB,60,20250228,100000,29.5,29.5,29.5,29.5,2,0
FAB,60,20250228,120000,29.5,29.5,29.2,29.2,154,0
FAB,60,20250228,130000,29.2,29.2,29,29,152,0
FAB,60,20250228,140000,28.8,28.9,28.7,28.7,339,0
FAB,60,20250303,100000,29.3,29.7,29,29,1490,0
FAB,60,20250303,110000,29,29,28.9,29,117,0
FAB,60,20250303,120000,28.9,29,28.9,29,182,0
FAB,60,20250303,140000,29,29,29,29,107,0
FAB,60,20250303,150000,29,29,29,29,7,0
FAB,60,20250303,160000,29,29,29,29,20,0
FAB,60,20250304,100000,29,29.1,28.6,29.1,559,0
FAB,60,20250304,110000,28.6,28.6,28.6,28.6,12,0
FAB,60,20250304,120000,29,29,29,29,1,0
FAB,60,20250304,130000,29,29,29,29,9,0
FAB,60,20250304,160000,29,29,29,29,5,0
FAB,60,20250304,170000,29,29,29,29,4,0
FAB,60,20250305,100000,29,29.2,28.7,29.2,341,0
FAB,60,20250305,130000,29.3,29.3,29.3,29.3,44,0
FAB,60,20250305,150000,29.4,29.4,29.4,29.4,212,0
FAB,60,20250306,100000,29.6,29.6,29.6,29.6,2,0
FAB,60,20250306,110000,29.6,29.6,29.4,29.4,8,0
FAB,60,20250306,120000,29.4,29.4,28.7,28.7,472,0
FAB,60,20250306,140000,29,29,29,29,10,0
FAB,60,20250306,150000,29.3,29.3,29.3,29.3,6,0
FAB,60,20250306,160000,29,29.3,29,29.3,41,0
FAB,60,20250307,100000,29.3,29.3,29.3,29.3,112,0
FAB,60,20250307,120000,29.5,29.6,29,29,446,0
FAB,60,20250307,160000,29,29.4,29,29.4,620,0
FAB,60,20250307,170000,29.4,29.4,29.4,29.4,11,0
FAB,60,20250310,100000,29.5,29.5,29.5,29.5,6,0
FAB,60,20250310,120000,29.5,29.6,29.5,29.6,35,0
FAB,60,20250310,130000,29.6,29.6,29.6,29.6,34,0
FAB,60,20250310,150000,29.1,29.3,29,29.3,408,0
FAB,60,20250310,160000,28.7,28.7,28.4,28.4,381,0
FAB,60,20250310,170000,28.7,28.7,28.7,28.7,525,0
FAB,60,20250311,100000,29.6,29.6,28,28.4,630,0
FAB,60,20250311,110000,28.5,28.5,28.5,28.5,25,0
FAB,60,20250311,120000,28.3,28.3,27.1,27.8,1618,0
FAB,60,20250311,130000,27.8,28,27.8,28,182,0
FAB,60,20250311,140000,28,28,27.6,28,649,0
FAB,60,20250311,150000,27.8,27.8,27.4,27.4,763,0
FAB,60,20250311,160000,27.2,27.2,27.2,27.2,170,0
FAB,60,20250311,170000,27.5,27.5,27.3,27.4,647,0
FAB,60,20250312,100000,27.4,27.8,27.4,27.8,112,0
FAB,60,20250312,110000,27.9,27.9,27.9,27.9,5,0
FAB,60,20250312,120000,27.9,27.9,27.8,27.9,291,0
FAB,60,20250312,130000,27.6,27.6,27.6,27.6,30,0
FAB,60,20250312,140000,27.7,27.9,27.6,27.9,205,0
FAB,60,20250312,150000,27.7,27.7,27.7,27.7,2,0
FAB,60,20250312,160000,27.8,27.9,27.8,27.9,104,0
FAB,60,20250312,170000,27.8,27.9,27.8,27.9,60,0
FAB,60,20250313,100000,28.2,28.2,28.1,28.1,400,0
FAB,60,20250313,110000,28.2,28.5,28.2,28.5,100,0
FAB,60,20250313,120000,28.7,28.7,28.7,28.7,10,0
FAB,60,20250313,130000,28.7,28.7,28.7,28.7,138,0
FAB,60,20250313,150000,28.1,28.1,28.1,28.1,4,0
FAB,60,20250313,160000,28.7,28.7,28.7,28.7,4,0
FAB,60,20250314,100000,28.7,28.7,28.7,28.7,10,0
FAB,60,20250314,110000,28.7,28.7,28.1,28.1,727,0
FAB,60,20250314,120000,28.6,28.6,28,28,62,0
FAB,60,20250314,130000,28.4,28.4,28.4,28.4,30,0
FAB,60,20250314,140000,28.4,28.5,28.4,28.5,350,0
FAB,60,20250314,150000,28.7,28.7,28.7,28.7,5,0
FAB,60,20250314,160000,28.2,28.2,28.2,28.2,4,0
FAB,60,20250314,170000,28.7,28.8,28.7,28.8,90,0
FAB,60,20250317,100000,28.8,28.8,28.3,28.3,222,0
FAB,60,20250317,110000,28.9,28.9,28.9,28.9,3,0
FAB,60,20250317,130000,28.9,29,28.9,29,450,0
FAB,60,20250317,140000,29.3,29.7,29.1,29.1,16,0
FAB,60,20250317,160000,29.1,29.1,29,29,100,0
FAB,60,20250317,170000,29.5,29.5,28.8,28.8,11,0
FAB,60,20250318,100000,29.5,29.5,28.8,28.8,75,0
FAB,60,20250318,140000,29,29,29,29,7,0
FAB,60,20250319,100000,29.2,29.2,29.2,29.2,31,0
FAB,60,20250319,110000,28.6,28.6,28.6,28.6,30,0
FAB,60,20250319,130000,28.7,28.7,28.7,28.7,7,0
FAB,60,20250319,170000,29,29,28.8,28.8,65,0
FAB,60,20250320,100000,29,29,29,29,3,0
FAB,60,20250320,120000,29,29,29,29,5,0
FAB,60,20250320,170000,28.7,28.7,28.6,28.6,128,0
FAB,60,20250321,100000,29,29,28.3,28.3,26,0
FAB,60,20250321,120000,28.9,28.9,28.9,28.9,31,0
FAB,60,20250321,170000,28.5,28.5,28.5,28.5,177,0
FAB,60,20250324,100000,28.1,28.1,28.1,28.1,90,0
FAB,60,20250324,130000,28.1,28.7,28.1,28.7,402,0
FAB,60,20250324,140000,28.7,28.7,28.4,28.4,348,0
FAB,60,20250324,150000,28.3,28.7,28.3,28.7,67,0
FAB,60,20250324,160000,28.1,28.1,27.4,27.4,656,0
FAB,60,20250324,170000,28.1,28.7,27.7,28.7,717,0
FAB,60,20250325,100000,28.4,28.4,28.4,28.4,101,0
FAB,60,20250325,120000,28.2,28.3,28.2,28.3,1432,0
FAB,60,20250325,130000,28.5,28.7,28.5,28.7,201,0
FAB,60,20250325,140000,28.3,28.3,28,28,1050,0
FAB,60,20250325,150000,28.2,28.2,28.2,28.2,356,0
FAB,60,20250325,170000,28.1,28.1,27.7,27.7,622,0
FAB,60,20250326,100000,28.4,28.4,27.6,27.6,236,0
FAB,60,20250326,110000,27.6,27.6,27.6,27.6,126,0
FAB,60,20250326,120000,27.6,27.6,27.6,27.6,50,0
FAB,60,20250326,130000,27.9,28,27.9,28,284,0
FAB,60,20250326,150000,28.4,28.4,28.4,28.4,15,0
FAB,60,20250326,160000,28,28,27.9,27.9,56,0
FAB,60,20250326,170000,28.4,28.4,28.4,28.4,1,0
FAB,60,20250327,100000,28.4,28.4,27.9,27.9,204,0
FAB,60,20250327,110000,28.4,28.4,28.4,28.4,2,0
FAB,60,20250327,150000,27.9,27.9,27.9,27.9,29,0
FAB,60,20250327,170000,27.9,27.9,27.9,27.9,2,0
FAB,60,20250328,100000,27.9,27.9,27.9,27.9,15,0
FAB,60,20250328,110000,28,28,28,28,30,0
FAB,60,20250328,170000,28,28,27.9,27.9,124,0
FAB,60,20250331,100000,27.2,27.9,27.2,27.9,605,0
FAB,60,20250331,110000,27.9,27.9,27.9,27.9,8,0
FAB,60,20250331,140000,27.9,27.9,27.9,27.9,40,0
FAB,60,20250331,150000,27.9,27.9,27.9,27.9,45,0
FAB,60,20250331,160000,27.9,27.9,27.4,27.4,423,0
FAB,60,20250331,170000,27.5,27.5,27.2,27.2,335,0
FAB,60,20250401,100000,27.8,27.8,27.8,27.8,2,0
FAB,60,20250401,110000,27.8,27.8,27.2,27.2,71,0
FAB,60,20250401,140000,27.5,27.5,27.5,27.5,21,0
FAB,60,20250401,160000,27.8,27.8,27.8,27.8,29,0
FAB,60,20250401,170000,27.7,27.7,27.7,27.7,275,0
FAB,60,20250402,100000,27.6,27.6,27.6,27.6,290,0
FAB,60,20250402,130000,27.6,27.6,27.6,27.6,4,0
FAB,60,20250402,150000,27.6,27.6,27.6,27.6,250,0
FAB,60,20250402,170000,27.6,27.6,27.2,27.3,339,0
FAB,60,20250403,100000,27.2,27.2,27.2,27.2,247,0
FAB,60,20250403,110000,27.2,27.2,27.2,27.2,700,0
FAB,60,20250403,140000,27.7,27.7,27.7,27.7,6,0
FAB,60,20250403,160000,27.7,27.7,27.7,27.7,96,0
FAB,60,20250404,100000,27.9,27.9,27.9,27.9,76,0
FAB,60,20250404,110000,27.9,27.9,27.9,27.9,4,0
FAB,60,20250404,120000,27.4,27.4,25.2,26.2,4111,0
FAB,60,20250404,130000,26.1,26.2,25.7,25.7,113,0
FAB,60,20250404,140000,26.2,27.1,26.2,27.1,79,0
FAB,60,20250404,150000,26.6,26.6,26.5,26.5,20,0
FAB,60,20250404,160000,26.4,26.4,26.4,26.4,130,0
FAB,60,20250404,170000,27,27.2,26.4,26.4,39,0
FAB,60,20250407,100000,27,27,24.5,24.5,1145,0
FAB,60,20250407,110000,24.5,26.2,24.5,25.4,379,0
FAB,60,20250407,120000,27.1,27.1,27.1,27.1,5,0
FAB,60,20250407,130000,26.8,26.8,26.8,26.8,32,0
FAB,60,20250407,140000,27.1,27.1,27.1,27.1,3,0
FAB,60,20250407,150000,26.8,26.8,26.8,26.8,27,0
FAB,60,20250407,170000,26.9,26.9,24.5,24.5,94,0
FAB,60,20250408,100000,24.7,25.6,24.7,25.6,92,0
FAB,60,20250408,110000,25.9,25.9,25.6,25.6,24,0
FAB,60,20250408,120000,25.5,25.5,25.5,25.5,16,0
FAB,60,20250408,130000,25.1,25.1,24.7,24.7,263,0
FAB,60,20250408,140000,25.2,25.2,25.2,25.2,5,0
FAB,60,20250408,150000,25.2,25.6,24.8,25.4,1372,0
FAB,60,20250408,160000,24.9,25.3,24.9,25.3,142,0
FAB,60,20250408,170000,24.8,24.8,24,24.6,1711,0
FAB,60,20250409,100000,23.6,27.4,23.6,26.7,728,0
FAB,60,20250409,110000,26.5,26.6,26.5,26.6,14,0
FAB,60,20250409,120000,26.2,26.2,26.2,26.2,21,0
FAB,60,20250409,130000,25.9,25.9,25.9,25.9,533,0
FAB,60,20250409,140000,25.8,25.8,25.5,25.5,185,0
FAB,60,20250409,150000,25.5,25.9,25.2,25.9,216,0
FAB,60,20250409,160000,26.2,26.5,26.2,26.5,10,0
FAB,60,20250409,170000,25.2,25.2,25.2,25.2,14,0
FAB,60,20250410,100000,26.6,26.6,26.6,26.6,2,0
FAB,60,20250410,110000,26.5,26.5,26.5,26.5,340,0
FAB,60,20250410,120000,25.2,25.2,25.2,25.2,5,0
FAB,60,20250410,130000,26.5,26.5,26.5,26.5,25,0
FAB,60,20250410,140000,26,26,26,26,351,0
FAB,60,20250410,150000,26,26,26,26,20,0
FAB,60,20250410,160000,26,26.5,26,26.5,40,0
FAB,60,20250410,170000,26.2,26.2,26.2,26.2,70,0
FAB,60,20250411,100000,26.5,26.5,24.5,25.1,829,0
FAB,60,20250411,110000,24.9,25.1,24.8,25.1,77,0
FAB,60,20250411,120000,25.1,25.1,25.1,25.1,4,0
FAB,60,20250411,130000,25,25,25,25,5,0
FAB,60,20250411,140000,25,25,25,25,5,0
FAB,60,20250411,150000,25,25,25,25,61,0
FAB,60,20250411,160000,25.2,25.2,25.2,25.2,40,0
FAB,60,20250414,100000,25.6,26.8,25.3,25.3,450,0
FAB,60,20250414,110000,25.7,26.8,25.7,26.8,913,0
FAB,60,20250414,140000,27,27.9,27,27,2414,0
FAB,60,20250415,100000,27,27.7,27,27.7,365,0
FAB,60,20250415,110000,27.7,28,27.5,27.5,616,0
FAB,60,20250415,120000,27.6,28.3,27.6,28.2,420,0
FAB,60,20250415,140000,27.6,27.6,27.6,27.6,33,0
FAB,60,20250415,150000,27.5,27.5,27.5,27.5,125,0
FAB,60,20250415,160000,27.9,27.9,27.9,27.9,1,0
FAB,60,20250415,170000,27.5,27.5,27.5,27.5,19,0
FAB,60,20250416,100000,27.5,27.5,27,27,58,0
FAB,60,20250416,130000,26.6,26.6,26.6,26.6,197,0
FAB,60,20250416,140000,26.6,26.6,26.6,26.6,54,0
FAB,60,20250416,160000,26.6,26.6,26.6,26.6,56,0
FAB,60,20250417,100000,27.5,27.6,27,27.6,378,0
FAB,60,20250417,110000,27.6,27.6,27.6,27.6,175,0
FAB,60,20250417,130000,27.1,27.1,27.1,27.1,2,0
FAB,60,20250417,140000,27.6,27.7,27.1,27.1,109,0
FAB,60,20250417,150000,27.1,27.3,27.1,27.3,16,0
FAB,60,20250417,160000,27.3,27.3,27.3,27.3,13,0
FAB,60,20250417,170000,27.3,27.3,27.3,27.3,13,0
FAB,60,20250422,100000,27.7,27.7,27.4,27.5,63,0
FAB,60,20250422,110000,27.5,27.5,27.5,27.5,38,0
FAB,60,20250422,120000,27.5,27.5,27.5,27.5,150,0
FAB,60,20250422,130000,27.5,27.7,27.5,27.7,4,0
FAB,60,20250422,160000,27.5,27.5,27.5,27.5,500,0
FAB,60,20250423,100000,27.7,27.7,27.7,27.7,6,0
FAB,60,20250423,110000,27.7,27.7,27.7,27.7,80,0
FAB,60,20250423,130000,27.7,27.7,27.7,27.7,28,0
FAB,60,20250423,140000,27.7,27.7,27.6,27.7,8,0
FAB,60,20250424,100000,27.9,27.9,27.9,27.9,7,0
FAB,60,20250424,110000,27.8,27.8,27.8,27.8,10,0
FAB,60,20250424,120000,27.7,27.7,27.7,27.7,8,0
FAB,60,20250424,140000,27.7,27.7,27.7,27.7,11,0
FAB,60,20250424,160000,27.7,27.7,27.7,27.7,45,0
FAB,60,20250424,170000,27.8,27.9,27.8,27.9,141,0
FAB,60,20250425,100000,28.2,28.2,28.2,28.2,2,0
FAB,60,20250425,110000,28.1,28.1,28.1,28.1,8,0
FAB,60,20250425,140000,27.9,27.9,27.9,27.9,24,0
FAB,60,20250425,170000,27.5,27.5,27.5,27.5,15,0
FAB,60,20250428,100000,28.1,28.1,27.9,28.1,115,0
FAB,60,20250428,110000,27.9,28.1,27.9,28.1,207,0
FAB,60,20250428,120000,28.1,28.1,28.1,28.1,10,0
FAB,60,20250428,140000,27.9,27.9,27.9,27.9,1,0
FAB,60,20250429,100000,28.1,28.1,28,28,213,0
FAB,60,20250429,110000,27.9,27.9,25.3,25.3,2804,0
FAB,60,20250429,120000,25.3,26.5,24.8,26.5,2427,0
FAB,60,20250429,130000,26.5,27.2,26.5,26.8,3160,0
FAB,60,20250429,140000,27,27,27,27,100,0
FAB,60,20250429,150000,27.1,27.3,27.1,27.1,122,0
FAB,60,20250429,160000,27.1,27.3,27,27.3,572,0
FAB,60,20250429,170000,27,27,27,27,350,0
FAB,60,20250430,100000,27.4,27.4,27.3,27.4,90,0
FAB,60,20250430,110000,27.4,27.9,27.4,27.9,487,0
FAB,60,20250430,120000,27.5,27.5,27.5,27.5,200,0
FAB,60,20250430,130000,27.5,27.5,27.5,27.5,100,0
FAB,60,20250430,150000,27.9,27.9,27.3,27.3,1683,0
FAB,60,20250430,160000,27.2,27.2,27.2,27.2,200,0
FAB,60,20250502,100000,27.7,27.7,27.1,27.1,191,0
FAB,60,20250502,110000,27.1,27.1,27.1,27.1,40,0
FAB,60,20250502,120000,27.3,27.3,27.3,27.3,22,0
FAB,60,20250502,130000,27.3,27.3,27.3,27.3,10,0
FAB,60,20250502,140000,27.4,27.4,27.4,27.4,25,0
FAB,60,20250502,170000,27.1,27.1,27,27.1,517,0
FAB,60,20250505,100000,27.1,27.6,27.1,27.6,797,0
FAB,60,20250505,110000,27.2,27.6,27.1,27.6,714,0
FAB,60,20250505,140000,27.5,27.5,27.5,27.5,60,0
FAB,60,20250505,150000,27.6,27.6,27.6,27.6,2,0
FAB,60,20250505,160000,27.6,27.6,27.6,27.6,58,0
FAB,60,20250505,170000,27.6,27.6,27.6,27.6,235,0
FAB,60,20250506,100000,27.7,27.7,27.7,27.7,1,0
FAB,60,20250506,110000,27.7,27.7,27,27,5231,0
FAB,60,20250506,120000,27,27,27,27,200,0
FAB,60,20250506,160000,27.5,28.3,27.5,27.6,1204,0
FAB,60,20250506,170000,28.3,28.4,28,28,375,0
