<TICKER>,<PER>,<DATE>,<TIME>,<OPEN>,<HIGH>,<LOW>,<CLOSE>,<VOL>,<OPENINT>
FEE,60,20240411,100000,6.5,6.5,6.5,6.5,2,0
FEE,60,20240411,130000,6.44,6.44,6.44,6.44,40,0
FEE,60,20240411,140000,6.44,6.44,6.44,6.44,31,0
FEE,60,20240411,160000,6.44,6.44,6.44,6.44,1,0
FEE,60,20240411,170000,6.24,6.24,6.24,6.24,31,0
FEE,60,20240412,100000,6.42,6.48,6.42,6.42,80,0
FEE,60,20240412,160000,6.44,6.44,6.44,6.44,65,0
FEE,60,20240415,100000,6.5,6.5,6.48,6.5,3035,0
FEE,60,20240415,110000,6.5,6.5,6.5,6.5,594,0
FEE,60,20240415,120000,6.5,6.5,6.5,6.5,500,0
FEE,60,20240415,160000,6.32,6.5,6.32,6.5,696,0
FEE,60,20240415,170000,6.52,6.52,6.52,6.52,1,0
FEE,60,20240416,100000,6.6,6.6,6.52,6.52,17,0
FEE,60,20240416,150000,6.5,6.5,6.5,6.5,326,0
FEE,60,20240416,170000,6.64,6.64,6.64,6.64,2,0
FEE,60,20240417,100000,6.64,6.64,6.3,6.64,1453,0
FEE,60,20240417,110000,6.4,6.4,6.4,6.4,1200,0
FEE,60,20240417,120000,6.42,6.42,6.3,6.4,9330,0
FEE,60,20240417,130000,6.3,6.64,6.3,6.5,62819,0
FEE,60,20240417,140000,6.5,6.5,6.5,6.5,5,0
FEE,60,20240417,150000,6.5,6.5,6.5,6.5,2,0
FEE,60,20240417,170000,6.5,6.58,6.5,6.58,512,0
FEE,60,20240418,100000,6.58,6.58,6.4,6.5,20,0
FEE,60,20240418,170000,6.42,6.54,6.42,6.54,20,0
FEE,60,20240419,100000,6.42,6.7,6.42,6.7,934,0
FEE,60,20240419,130000,6.5,6.7,6.5,6.7,6,0
FEE,60,20240422,100000,6.7,6.7,6.5,6.68,31,0
FEE,60,20240422,150000,6.5,6.5,6.5,6.5,996,0
FEE,60,20240422,170000,6.44,6.92,6.42,6.88,12149,0
FEE,60,20240423,100000,6.78,6.78,6.78,6.78,2,0
FEE,60,20240423,110000,6.5,6.5,6.5,6.5,18,0
FEE,60,20240423,130000,6.5,6.5,6.5,6.5,15,0
FEE,60,20240423,140000,6.68,6.68,6.68,6.68,2,0
FEE,60,20240424,100000,6.66,6.66,6.66,6.66,2,0
FEE,60,20240424,170000,6.5,6.66,6.5,6.66,18,0
FEE,60,20240425,100000,6.66,6.66,6.66,6.66,2,0
FEE,60,20240425,110000,6.66,6.66,6.66,6.66,168,0
FEE,60,20240425,130000,6.88,6.88,6.88,6.88,6,0
FEE,60,20240426,100000,6.88,6.88,6.88,6.88,2,0
FEE,60,20240426,170000,6.5,6.5,6.5,6.5,75,0
FEE,60,20240429,100000,6.88,6.88,6.6,6.6,777,0
FEE,60,20240429,110000,6.86,6.86,6.86,6.86,2,0
FEE,60,20240502,100000,6.86,6.86,6.5,6.5,807,0
FEE,60,20240502,110000,6.6,6.6,6.6,6.6,1506,0
FEE,60,20240506,100000,6.7,6.7,6.7,6.7,2,0
FEE,60,20240506,120000,6.64,6.64,6.52,6.52,518,0
FEE,60,20240506,140000,6.5,6.5,6.5,6.5,998,0
FEE,60,20240506,150000,6.5,6.5,6.5,6.5,900,0
FEE,60,20240506,170000,6.5,6.62,6.5,6.62,283,0
FEE,60,20240507,100000,6.62,6.62,6.62,6.62,20,0
FEE,60,20240507,160000,6.62,6.62,6.62,6.62,2,0
FEE,60,20240508,100000,6.72,6.72,6.72,6.72,2,0
FEE,60,20240508,110000,6.56,6.56,6.5,6.5,1712,0
FEE,60,20240508,120000,6.54,6.54,6.54,6.54,10,0
FEE,60,20240508,170000,6.52,6.68,6.5,6.68,292,0
FEE,60,20240513,100000,6.68,6.68,6.68,6.68,11,0
FEE,60,20240513,150000,6.52,6.52,6.52,6.52,18,0
FEE,60,20240513,170000,6.68,6.68,6.68,6.68,1,0
FEE,60,20240516,100000,6.68,6.7,6.68,6.7,515,0
FEE,60,20240516,110000,6.52,6.52,6.5,6.5,1000,0
FEE,60,20240516,120000,6.5,6.5,6.5,6.5,500,0
FEE,60,20240516,140000,6.5,6.5,6.5,6.5,200,0
FEE,60,20240516,150000,6.5,6.5,6.5,6.5,1000,0
FEE,60,20240516,170000,6.5,6.66,6.5,6.66,3,0
FEE,60,20240517,100000,6.66,6.66,6.66,6.66,2,0
FEE,60,20240517,140000,6.54,6.54,6.5,6.5,608,0
FEE,60,20240517,170000,6.6,6.66,6.5,6.66,5502,0
FEE,60,20240520,150000,6.5,6.5,6.5,6.5,20,0
FEE,60,20240520,160000,6.66,6.66,6.66,6.66,10,0
FEE,60,20240520,170000,6.64,6.64,6.64,6.64,12790,0
FEE,60,20240521,100000,6.66,6.66,6.66,6.66,2,0
FEE,60,20240521,110000,6.64,6.64,6.64,6.64,2,0
FEE,60,20240521,120000,6.52,6.52,6.5,6.5,1007,0
FEE,60,20240521,170000,6.64,6.64,6.64,6.64,3,0
FEE,60,20240522,100000,6.64,6.64,6.64,6.64,2,0
FEE,60,20240522,170000,6.64,6.64,6.64,6.64,1,0
FEE,60,20240523,100000,6.64,6.64,6.64,6.64,2,0
FEE,60,20240523,110000,6.5,6.5,6.5,6.5,500,0
FEE,60,20240523,120000,6.5,6.5,6.5,6.5,1100,0
FEE,60,20240523,130000,6.5,6.5,6.5,6.5,130,0
FEE,60,20240523,170000,6.64,6.64,6.64,6.64,2,0
FEE,60,20240524,100000,6.6,6.6,6.6,6.6,5,0
FEE,60,20240524,130000,6.5,6.5,6.5,6.5,1000,0
FEE,60,20240524,170000,6.6,6.6,6.6,6.6,2,0
FEE,60,20240527,100000,6.6,6.6,6.6,6.6,2,0
FEE,60,20240527,140000,6.58,6.58,6.58,6.58,20,0
FEE,60,20240527,150000,6.52,6.52,6.52,6.52,44,0
FEE,60,20240527,170000,6.5,6.6,6.5,6.6,198,0
FEE,60,20240528,100000,6.6,6.6,6.6,6.6,2,0
FEE,60,20240528,110000,6.58,6.58,6.5,6.5,2120,0
FEE,60,20240528,120000,6.5,6.5,6.5,6.5,5000,0
FEE,60,20240528,140000,6.5,6.5,6.5,6.5,65,0
FEE,60,20240528,150000,6.5,6.5,6.5,6.5,2,0
FEE,60,20240528,170000,6.5,6.52,6.5,6.52,5709,0
FEE,60,20240529,100000,6.6,6.6,6.5,6.5,1152,0
FEE,60,20240529,110000,6.52,6.52,6.5,6.5,2000,0
FEE,60,20240529,170000,6.54,6.6,6.54,6.6,22,0
FEE,60,20240531,100000,6.6,6.6,6.5,6.5,102,0
FEE,60,20240531,130000,6.52,6.52,6.5,6.5,150,0
FEE,60,20240531,160000,6.5,6.5,6.5,6.5,726,0
FEE,60,20240531,170000,6.6,6.6,6.6,6.6,2,0
FEE,60,20240603,100000,6.5,6.5,6.5,6.5,77,0
FEE,60,20240603,130000,6.52,6.52,6.52,6.52,30,0
FEE,60,20240603,160000,6.5,6.5,6.5,6.5,100,0
FEE,60,20240604,100000,6.54,6.54,6.54,6.54,3,0
FEE,60,20240604,130000,6.54,6.54,6.54,6.54,199,0
FEE,60,20240604,140000,6.54,6.54,6.54,6.54,199,0
FEE,60,20240604,150000,6.54,6.54,6.54,6.54,65,0
FEE,60,20240605,100000,6.54,6.54,6.5,6.54,1010,0
FEE,60,20240605,110000,6.52,6.52,6.52,6.52,63,0
FEE,60,20240605,120000,6.5,6.5,6.5,6.5,487,0
FEE,60,20240605,170000,6.54,6.54,6.54,6.54,3,0
FEE,60,20240606,100000,6.54,6.54,6.54,6.54,2,0
FEE,60,20240606,120000,6.54,6.54,6.54,6.54,40,0
FEE,60,20240606,170000,6.5,6.54,6.5,6.54,1631,0
FEE,60,20240610,100000,6.54,6.54,6.54,6.54,5,0
FEE,60,20240610,110000,6.54,6.54,6.54,6.54,20,0
FEE,60,20240611,100000,6.54,6.54,6.5,6.5,252,0
FEE,60,20240611,110000,6.5,6.5,6.5,6.5,20,0
FEE,60,20240611,140000,6.54,6.54,6.54,6.54,3,0
FEE,60,20240611,150000,6.54,6.54,6.54,6.54,20,0
FEE,60,20240611,160000,6.54,6.54,6.54,6.54,7,0
FEE,60,20240613,100000,6.54,6.54,6.5,6.5,146,0
FEE,60,20240613,140000,6.54,6.54,6.54,6.54,20,0
FEE,60,20240618,100000,6.54,6.54,6.52,6.52,66,0
FEE,60,20240618,130000,6.5,6.5,6.5,6.5,1136,0
FEE,60,20240618,140000,6.5,6.5,6.5,6.5,160,0
FEE,60,20240618,170000,6.54,6.54,6.54,6.54,2,0
FEE,60,20240619,100000,6.54,6.54,6.54,6.54,2,0
FEE,60,20240619,160000,6.54,6.6,6.54,6.6,1111,0
FEE,60,20240620,100000,6.6,6.6,6.6,6.6,2,0
FEE,60,20240620,130000,6.52,6.52,6.5,6.5,1111,0
FEE,60,20240620,170000,6.6,6.6,6.6,6.6,5,0
FEE,60,20240621,100000,6.6,6.6,6.6,6.6,2,0
FEE,60,20240621,140000,6.54,6.54,6.5,6.5,1200,0
FEE,60,20240624,100000,6.6,6.6,6.6,6.6,2,0
FEE,60,20240624,170000,6.6,6.6,6.6,6.6,10,0
FEE,60,20240626,100000,6.6,6.64,6.5,6.5,1106,0
FEE,60,20240626,110000,6.54,6.54,6.54,6.54,5000,0
FEE,60,20240626,130000,6.56,6.56,6.56,6.56,12,0
FEE,60,20240626,170000,6.64,6.64,6.64,6.64,2,0
FEE,60,20240627,100000,6.64,6.64,6.64,6.64,2,0
FEE,60,20240627,140000,6.62,6.62,6.62,6.62,20,0
FEE,60,20240627,150000,6.56,6.56,6.56,6.56,151,0
FEE,60,20240627,170000,6.52,6.56,6.5,6.56,702,0
FEE,60,20240628,100000,6.56,6.56,6.56,6.56,507,0
FEE,60,20240628,110000,6.56,6.56,6.56,6.56,2,0
FEE,60,20240628,170000,6.56,6.56,6.56,6.56,2,0
FEE,60,20240701,100000,6.64,6.64,6.64,6.64,2,0
FEE,60,20240701,170000,6.56,6.64,6.5,6.64,622,0
FEE,60,20240702,100000,6.64,6.64,6.64,6.64,2,0
FEE,60,20240702,110000,6.56,6.6,6.5,6.5,3698,0
FEE,60,20240702,120000,6.6,6.64,6.6,6.64,1840,0
FEE,60,20240702,170000,6.62,6.62,6.62,6.62,11058,0
FEE,60,20240703,100000,6.68,6.68,6.68,6.68,2,0
FEE,60,20240703,110000,6.66,6.66,6.66,6.66,16,0
FEE,60,20240703,170000,6.68,6.68,6.68,6.68,2,0
FEE,60,20240704,100000,6.68,6.68,6.68,6.68,2,0
FEE,60,20240704,110000,6.56,6.56,6.5,6.5,782,0
FEE,60,20240704,170000,6.64,6.64,6.64,6.64,2,0
FEE,60,20240705,100000,6.64,6.64,6.64,6.64,2,0
FEE,60,20240705,110000,6.6,6.68,6.6,6.68,50,0
FEE,60,20240709,100000,6.7,6.7,6.68,6.68,4,0
FEE,60,20240709,120000,6.56,7.8,6.56,7.4,14722,0
FEE,60,20240709,130000,7.5,8.6,7.5,8.48,16722,0
FEE,60,20240709,140000,8.46,8.46,7.5,8.22,16515,0
FEE,60,20240709,150000,8.22,8.48,7.8,8.02,5672,0
FEE,60,20240709,160000,8.02,8.56,7.88,8.2,11520,0
FEE,60,20240709,170000,8.32,8.6,8.3,8.6,3423,0
FEE,60,20240710,100000,9.7,10.5,9.5,10.25,76675,0
FEE,60,20240710,110000,10.25,10.25,9.5,9.58,40768,0
FEE,60,20240710,120000,9.74,9.76,8.98,9.02,23313,0
FEE,60,20240710,130000,9.1,9.16,8.82,8.9,15670,0
FEE,60,20240710,140000,8.92,9.34,8.9,9.34,8442,0
FEE,60,20240710,150000,9.2,9.22,8.82,8.86,7206,0
FEE,60,20240710,160000,8.9,9.04,8.9,9.04,3059,0
FEE,60,20240710,170000,8.9,9.18,8.76,8.76,12782,0
FEE,60,20240711,100000,8.94,8.94,8.44,8.46,4238,0
FEE,60,20240711,110000,8.44,8.46,8.22,8.26,8460,0
FEE,60,20240711,120000,8.26,8.48,8.1,8.34,11405,0
FEE,60,20240711,130000,8.34,8.4,8.2,8.26,1496,0
FEE,60,20240711,140000,8.26,8.38,8.2,8.22,624,0
FEE,60,20240711,150000,8.38,8.38,8.32,8.32,458,0
FEE,60,20240711,160000,8.36,8.58,8.3,8.56,2657,0
FEE,60,20240711,170000,8.44,8.54,8.3,8.3,2903,0
FEE,60,20240712,100000,8.48,8.48,7.92,8.06,8180,0
FEE,60,20240712,110000,8.1,8.34,8.08,8.18,2146,0
FEE,60,20240712,120000,8.18,8.32,8.14,8.32,2682,0
FEE,60,20240712,130000,8.32,8.38,8.2,8.2,263,0
FEE,60,20240712,150000,8.18,8.34,8.12,8.34,335,0
FEE,60,20240712,160000,8.3,8.4,8.28,8.28,881,0
FEE,60,20240712,170000,8.38,8.54,8.24,8.54,1156,0
FEE,60,20240715,100000,8.5,8.5,8.28,8.28,634,0
FEE,60,20240715,110000,8.32,8.5,8.32,8.5,3921,0
FEE,60,20240715,120000,8.54,8.58,8.3,8.3,465,0
FEE,60,20240715,130000,8.38,8.54,8.38,8.54,160,0
FEE,60,20240715,150000,8.42,8.54,8.3,8.54,258,0
FEE,60,20240715,160000,8.3,8.3,8.22,8.22,1188,0
FEE,60,20240715,170000,8.18,8.46,7.86,8.46,410,0
FEE,60,20240716,100000,8.36,8.48,8,8.04,1608,0
FEE,60,20240716,110000,8.04,8.3,8.04,8.3,3307,0
FEE,60,20240716,120000,8.06,8.06,7.7,7.7,4627,0
FEE,60,20240716,130000,8.08,8.08,8.08,8.08,1,0
FEE,60,20240716,140000,7.82,7.96,7.82,7.96,154,0
FEE,60,20240716,150000,7.82,7.82,7.82,7.82,13,0
FEE,60,20240716,160000,7.96,7.96,7.8,7.8,1254,0
FEE,60,20240716,170000,7.76,7.94,7.76,7.94,26,0
FEE,60,20240717,100000,7.92,7.92,7.6,7.9,993,0
FEE,60,20240717,110000,7.62,7.88,7.6,7.7,1183,0
FEE,60,20240717,120000,7.7,7.8,7.7,7.8,299,0
FEE,60,20240717,140000,7.76,7.76,7.6,7.6,379,0
FEE,60,20240717,150000,7.6,7.6,7.6,7.6,306,0
FEE,60,20240717,160000,7.58,7.58,7.44,7.58,2208,0
FEE,60,20240717,170000,7.64,7.76,7.46,7.74,626,0
FEE,60,20240718,100000,7.76,7.76,7.38,7.7,1159,0
FEE,60,20240718,110000,7.38,7.4,7.38,7.38,1000,0
FEE,60,20240718,120000,7.44,7.62,7.42,7.62,409,0
FEE,60,20240718,150000,7.56,7.56,7.3,7.3,2161,0
FEE,60,20240718,160000,7.32,7.4,7.22,7.22,1431,0
FEE,60,20240718,170000,7.3,7.3,7.3,7.3,686,0
FEE,60,20240719,100000,7.4,7.4,7.12,7.38,2795,0
FEE,60,20240719,110000,7.22,7.22,7.22,7.22,222,0
FEE,60,20240719,120000,7.14,7.26,7.14,7.26,1878,0
FEE,60,20240719,130000,7.32,7.38,7.2,7.2,1066,0
FEE,60,20240719,140000,7.36,7.38,7.36,7.38,91,0
FEE,60,20240719,150000,7.26,7.26,7.26,7.26,10,0
FEE,60,20240719,160000,7.4,7.68,7.4,7.68,1577,0
FEE,60,20240722,100000,7.66,7.66,7.66,7.66,202,0
FEE,60,20240722,110000,7.58,7.66,7.58,7.66,250,0
FEE,60,20240722,120000,7.42,7.58,7.4,7.4,681,0
FEE,60,20240722,130000,7.42,7.42,7.42,7.42,300,0
FEE,60,20240722,140000,7.42,7.42,7.4,7.4,1474,0
FEE,60,20240722,150000,7.62,7.68,7.62,7.68,230,0
FEE,60,20240723,100000,7.64,7.64,7.6,7.6,48,0
FEE,60,20240723,110000,7.42,7.58,7.3,7.58,4303,0
FEE,60,20240723,130000,7.48,7.48,7.48,7.48,2,0
FEE,60,20240723,140000,7.38,7.48,7.38,7.48,898,0
FEE,60,20240723,160000,7.48,7.5,7.38,7.5,873,0
FEE,60,20240724,100000,7.38,7.64,7.28,7.64,2301,0
FEE,60,20240724,130000,7.26,7.26,7.24,7.24,194,0
FEE,60,20240724,140000,7.38,7.48,7.28,7.28,60,0
FEE,60,20240724,150000,7.28,7.48,7.28,7.48,1215,0
FEE,60,20240725,100000,7.3,7.44,7.28,7.28,1055,0
FEE,60,20240725,110000,7.26,7.28,7.02,7.14,3670,0
FEE,60,20240725,120000,7.14,7.14,7.14,7.14,2,0
FEE,60,20240725,130000,7.04,7.14,6.9,6.9,2973,0
FEE,60,20240725,140000,7.12,7.14,7.12,7.12,410,0
FEE,60,20240725,150000,7.06,7.26,6.72,7.26,5615,0
FEE,60,20240725,160000,7,7,6.92,6.92,1000,0
FEE,60,20240725,170000,7.08,7.08,7.08,7.08,616,0
FEE,60,20240726,100000,7.18,7.18,6.86,7,2105,0
FEE,60,20240726,110000,6.96,6.96,6.86,6.86,564,0
FEE,60,20240726,160000,6.98,6.98,6.98,6.98,289,0
FEE,60,20240729,100000,7,7.38,7,7.38,410,0
FEE,60,20240729,110000,7.1,7.1,7,7,1120,0
FEE,60,20240729,120000,7.08,7.1,7.08,7.1,555,0
FEE,60,20240729,140000,7.06,7.06,7.06,7.06,243,0
FEE,60,20240729,170000,7.06,7.3,7.06,7.3,683,0
FEE,60,20240730,100000,7.38,7.38,7,7,1197,0
FEE,60,20240730,110000,7.1,7.1,7.1,7.1,700,0
FEE,60,20240730,120000,7.14,7.14,7.14,7.14,13,0
FEE,60,20240730,140000,7.04,7.04,7,7,1800,0
FEE,60,20240730,160000,7.1,7.1,7.06,7.06,1500,0
FEE,60,20240730,170000,7.16,7.16,7.16,7.16,12,0
FEE,60,20240731,100000,7.26,7.26,7.26,7.26,2,0
FEE,60,20240731,150000,7.08,7.08,7.02,7.08,462,0
FEE,60,20240731,160000,7.08,7.28,6.92,7.28,1771,0
FEE,60,20240731,170000,7,7.26,7,7.26,29,0
FEE,60,20240801,100000,7.3,7.3,7.18,7.26,183,0
FEE,60,20240801,130000,7.16,7.16,7.08,7.08,769,0
FEE,60,20240801,140000,7.08,7.1,7.08,7.08,370,0
FEE,60,20240801,150000,7.26,7.28,7.08,7.08,1234,0
FEE,60,20240801,170000,7.26,7.28,6.96,7.28,1856,0
FEE,60,20240802,100000,7.26,7.28,7,7,1113,0
FEE,60,20240802,110000,7.14,7.5,7.14,7.32,2851,0
FEE,60,20240802,120000,7.32,7.44,7.32,7.44,115,0
FEE,60,20240802,130000,7.34,7.42,7.34,7.42,88,0
FEE,60,20240802,140000,7.4,7.4,7.4,7.4,10,0
FEE,60,20240802,150000,7.36,7.42,7.2,7.2,4096,0
FEE,60,20240802,160000,7.42,7.42,7.26,7.26,14,0
FEE,60,20240802,170000,7.26,7.42,7.26,7.42,32,0
FEE,60,20240805,100000,7.3,7.5,7,7,7051,0
FEE,60,20240805,110000,7.18,7.18,6.94,7.18,2634,0
FEE,60,20240805,120000,6.92,7.1,6.92,7.1,941,0
FEE,60,20240805,130000,7,7,6.78,6.8,970,0
FEE,60,20240805,140000,6.8,6.8,6.78,6.78,299,0
FEE,60,20240805,150000,6.9,6.9,6.8,6.9,1069,0
FEE,60,20240805,170000,6.9,6.9,6.9,6.9,200,0
FEE,60,20240806,100000,7.04,7.3,6.92,6.98,982,0
FEE,60,20240806,150000,7,7,7,7,6,0
FEE,60,20240806,170000,7,7,7,7,100,0
FEE,60,20240807,100000,7.26,7.26,7.26,7.26,2,0
FEE,60,20240807,120000,6.94,7,6.94,7,53,0
FEE,60,20240807,160000,7,7.18,7,7.18,1002,0
FEE,60,20240807,170000,7.2,7.2,7.2,7.2,2,0
FEE,60,20240808,100000,7.18,7.18,7.18,7.18,1,0
FEE,60,20240808,120000,7.1,7.1,7.1,7.1,13,0
FEE,60,20240808,130000,7.12,7.12,7.12,7.12,26,0
FEE,60,20240808,140000,7.14,7.18,7.14,7.18,27,0
FEE,60,20240808,160000,7.18,7.18,7.18,7.18,2,0
FEE,60,20240809,100000,7.18,7.18,7.12,7.18,34,0
FEE,60,20240809,120000,7.18,7.18,7.18,7.18,7,0
FEE,60,20240809,130000,7.18,7.18,7.18,7.18,37,0
FEE,60,20240812,100000,7.18,7.18,7.18,7.18,1,0
FEE,60,20240812,150000,7.08,7.08,6.98,6.98,144,0
FEE,60,20240812,160000,7.08,7.08,6.98,6.98,109,0
FEE,60,20240812,170000,6.96,7.18,6.96,6.98,220,0
FEE,60,20240813,100000,7.1,7.1,7.1,7.1,2,0
FEE,60,20240813,110000,6.98,6.98,6.98,6.98,880,0
FEE,60,20240813,120000,7.18,7.18,7.18,7.18,6,0
FEE,60,20240813,140000,7.16,7.16,7.16,7.16,277,0
FEE,60,20240813,170000,7.36,7.36,7.36,7.36,8,0
FEE,60,20240814,100000,7.16,7.16,7.16,7.16,278,0
FEE,60,20240814,110000,7.16,7.16,7.16,7.16,20,0
FEE,60,20240814,170000,7.16,7.16,7.16,7.16,15,0
FEE,60,20240816,100000,7.12,7.12,7.12,7.12,2,0
FEE,60,20240816,170000,7.06,7.16,7.06,7.16,507,0
FEE,60,20240819,100000,7.14,7.14,7.14,7.14,2,0
FEE,60,20240819,110000,7.16,7.16,7.16,7.16,160,0
FEE,60,20240820,100000,7.12,7.16,6.8,6.8,3369,0
FEE,60,20240820,110000,6.66,6.86,6.66,6.86,703,0
FEE,60,20240820,120000,6.86,6.88,6.84,6.88,493,0
FEE,60,20240820,130000,6.58,6.7,6.58,6.7,2127,0
FEE,60,20240820,140000,6.8,6.8,6.8,6.8,1,0
FEE,60,20240820,170000,6.78,6.92,6.78,6.92,212,0
FEE,60,20240821,100000,6.92,6.92,6.68,6.82,20,0
FEE,60,20240821,110000,6.68,6.78,6.56,6.78,311,0
FEE,60,20240821,170000,6.78,7.14,6.78,7.14,405,0
FEE,60,20240822,100000,6.8,7.14,6.8,7.14,6,0
FEE,60,20240822,160000,6.8,6.82,6.52,6.82,281,0
FEE,60,20240822,170000,6.8,7.14,6.8,7.14,16,0
FEE,60,20240823,100000,6.8,6.8,6.8,6.8,809,0
FEE,60,20240823,110000,6.74,6.78,6.7,6.7,344,0
FEE,60,20240823,120000,6.7,6.7,6.7,6.7,300,0
FEE,60,20240823,130000,6.7,6.7,6.7,6.7,39,0
FEE,60,20240823,150000,6.66,6.66,6.66,6.66,30,0
FEE,60,20240823,160000,6.64,6.64,6.64,6.64,8,0
FEE,60,20240823,170000,6.62,6.82,6.6,6.82,414,0
FEE,60,20240827,100000,6.72,6.74,6.7,6.74,56,0
FEE,60,20240827,110000,6.6,6.6,6.54,6.54,300,0
FEE,60,20240827,130000,6.66,6.66,6.66,6.66,6,0
FEE,60,20240827,140000,6.58,6.58,6.56,6.56,133,0
FEE,60,20240827,170000,6.66,6.66,6.66,6.66,7,0
FEE,60,20240828,100000,6.64,6.66,6.64,6.66,18,0
FEE,60,20240828,170000,6.66,6.66,6.66,6.66,20,0
FEE,60,20240829,100000,6.64,6.66,6.62,6.62,25,0
FEE,60,20240829,110000,6.64,6.66,6.6,6.6,72,0
FEE,60,20240829,130000,6.66,6.66,6.66,6.66,7,0
FEE,60,20240829,150000,6.6,6.66,6.54,6.66,727,0
FEE,60,20240830,100000,6.66,6.66,6.6,6.66,225,0
FEE,60,20240830,130000,6.66,6.74,6.66,6.74,212,0
FEE,60,20240902,100000,6.74,6.74,6.74,6.74,2,0
FEE,60,20240902,110000,6.7,6.74,6.7,6.74,45,0
FEE,60,20240902,120000,6.68,6.74,6.66,6.74,35,0
FEE,60,20240902,160000,6.68,6.74,6.68,6.74,30,0
FEE,60,20240903,100000,6.54,6.74,6.54,6.74,440,0
FEE,60,20240903,160000,6.7,6.74,6.7,6.74,1053,0
FEE,60,20240903,170000,6.74,6.82,6.74,6.82,135,0
FEE,60,20240904,100000,6.9,6.9,6.9,6.9,2,0
FEE,60,20240904,110000,6.7,6.7,6.7,6.7,320,0
FEE,60,20240904,130000,6.82,6.82,6.82,6.82,15,0
FEE,60,20240904,140000,6.82,6.82,6.82,6.82,6,0
FEE,60,20240904,170000,6.9,7.14,6.9,7.14,200,0
FEE,60,20240905,100000,7.14,7.14,7.14,7.14,2,0
FEE,60,20240905,120000,6.82,6.82,6.82,6.82,1100,0
FEE,60,20240905,150000,7,7,7,7,25,0
FEE,60,20240905,170000,7.14,7.16,7.14,7.16,257,0
FEE,60,20240909,100000,7.16,7.16,6.8,6.98,96,0
FEE,60,20240909,130000,7,7,7,7,50,0
FEE,60,20240909,170000,7,7.16,7,7.16,75,0
FEE,60,20240910,100000,7.16,7.16,6.96,7,27,0
FEE,60,20240910,170000,7.04,7.16,7.04,7.16,121,0
FEE,60,20240911,100000,7.16,7.16,7.16,7.16,2,0
FEE,60,20240911,160000,7,7,7,7,1234,0
FEE,60,20240911,170000,7.16,7.16,7.16,7.16,22,0
FEE,60,20240912,100000,7,7,7,7,2735,0
FEE,60,20240912,110000,7.1,7.12,7.1,7.12,32,0
FEE,60,20240912,130000,7.14,7.14,7.14,7.14,2,0
FEE,60,20240912,160000,7.12,7.12,7.12,7.12,6,0
FEE,60,20240913,100000,7.1,7.1,7.1,7.1,6,0
FEE,60,20240913,120000,6.96,7.12,6.9,7,2338,0
FEE,60,20240913,140000,7.1,7.1,7.1,7.1,24,0
FEE,60,20240913,150000,7,7,7,7,554,0
FEE,60,20240913,170000,6.96,7.12,6.96,7.12,3,0
FEE,60,20240916,100000,7.12,7.12,7,7,161,0
FEE,60,20240916,110000,7.02,7.02,7,7,1067,0
FEE,60,20240916,140000,7.02,7.02,7.02,7.02,600,0
FEE,60,20240916,170000,7.06,7.06,7.06,7.06,2,0
FEE,60,20240918,100000,7.06,7.12,7,7.12,817,0
FEE,60,20240918,150000,7.12,7.12,7.12,7.12,187,0
FEE,60,20240918,170000,7.02,7.02,7.02,7.02,30,0
FEE,60,20240919,100000,7.02,7.02,7.02,7.02,302,0
FEE,60,20240919,120000,7.12,7.16,7.12,7.16,40,0
FEE,60,20240919,160000,7.12,7.16,7.12,7.16,40,0
FEE,60,20240920,100000,7.16,7.16,7.16,7.16,5,0
FEE,60,20240920,110000,7.12,7.16,7.12,7.16,26,0
FEE,60,20240920,140000,7.08,7.08,7.08,7.08,5,0
FEE,60,20240920,170000,7.16,7.26,7.16,7.26,250,0
FEE,60,20240923,100000,7.26,7.26,7.26,7.26,2,0
FEE,60,20240923,150000,7.08,7.1,7.08,7.1,7,0
FEE,60,20240923,170000,7.22,7.26,7.22,7.26,7,0
FEE,60,20240925,100000,7.26,7.26,7,7,743,0
FEE,60,20240925,120000,7.08,7.08,7.08,7.08,8,0
FEE,60,20240925,140000,7.1,7.14,7.1,7.14,33,0
FEE,60,20240925,160000,7.14,7.14,7.1,7.1,807,0
FEE,60,20240925,170000,7.16,7.32,7.16,7.32,305,0
FEE,60,20240926,100000,7.3,7.3,7.2,7.2,23,0
FEE,60,20240926,110000,7.2,7.22,7.2,7.2,52,0
FEE,60,20240926,120000,7.22,7.22,7.22,7.22,279,0
FEE,60,20240926,150000,7.2,7.2,7.16,7.16,38,0
FEE,60,20240926,170000,7.28,7.28,7.24,7.26,847,0
FEE,60,20240927,100000,7.26,7.26,7.26,7.26,2,0
FEE,60,20240927,130000,7.2,7.3,7.2,7.3,3215,0
FEE,60,20240927,140000,7.36,7.36,7.3,7.3,184,0
FEE,60,20240927,150000,7.3,7.3,7.3,7.3,535,0
FEE,60,20240927,170000,7.3,7.36,7.3,7.36,121,0
FEE,60,20240930,100000,7.36,7.42,7.34,7.42,4462,0
FEE,60,20240930,110000,7.4,7.42,7.4,7.42,2005,0
FEE,60,20240930,120000,7.32,7.32,7.32,7.32,100,0
FEE,60,20240930,170000,7.4,7.5,7.4,7.5,1057,0
FEE,60,20241001,100000,7.5,7.5,7.5,7.5,2,0
FEE,60,20241001,130000,7.5,7.5,7.5,7.5,64,0
FEE,60,20241001,170000,7.36,7.48,7.3,7.48,5007,0
FEE,60,20241002,100000,7.5,7.5,7.4,7.4,109,0
FEE,60,20241002,110000,7.44,7.44,7.44,7.44,250,0
FEE,60,20241002,140000,7.46,7.46,7.46,7.46,30,0
FEE,60,20241002,170000,7.56,7.56,7.56,7.56,2,0
FEE,60,20241003,100000,7.56,7.62,7.56,7.56,110,0
FEE,60,20241003,120000,7.56,7.56,7.56,7.56,10,0
FEE,60,20241003,130000,7.62,7.62,7.62,7.62,3,0
FEE,60,20241003,150000,7.56,7.6,7.56,7.6,140,0
FEE,60,20241003,160000,7.54,7.54,7.5,7.5,500,0
FEE,60,20241003,170000,7.5,7.5,7.5,7.5,512,0
FEE,60,20241004,100000,7.58,7.58,7.58,7.58,2,0
FEE,60,20241004,130000,7.4,7.54,7.3,7.54,1302,0
FEE,60,20241004,170000,7.54,7.54,7.54,7.54,13,0
FEE,60,20241008,100000,7.52,7.52,7.52,7.52,2,0
FEE,60,20241008,110000,7.26,7.26,7.2,7.2,147,0
FEE,60,20241008,120000,7.2,7.2,7.2,7.2,753,0
FEE,60,20241009,100000,7.2,7.2,7.1,7.1,253,0
FEE,60,20241009,110000,7.12,7.12,7.12,7.12,200,0
FEE,60,20241009,150000,7.1,7.1,7.1,7.1,68,0
FEE,60,20241009,160000,7.1,7.1,7.1,7.1,927,0
FEE,60,20241011,100000,7.3,7.3,7.3,7.3,6,0
FEE,60,20241011,110000,7.1,7.1,7.1,7.1,23,0
FEE,60,20241014,100000,7.3,7.3,7.3,7.3,100,0
FEE,60,20241014,110000,7.12,7.12,7.12,7.12,11,0
FEE,60,20241014,120000,7.1,7.1,7.1,7.1,79,0
FEE,60,20241014,150000,7.16,7.16,7.16,7.16,13,0
FEE,60,20241014,170000,7.22,7.22,7.22,7.22,1,0
FEE,60,20241015,100000,7.22,7.58,7.22,7.58,36,0
FEE,60,20241015,120000,7.26,7.32,7.26,7.32,690,0
FEE,60,20241015,170000,7.5,7.5,7.5,7.5,2,0
FEE,60,20241016,100000,7.58,7.58,7.58,7.58,12,0
FEE,60,20241016,110000,7.2,7.2,7.14,7.14,67,0
FEE,60,20241016,170000,7.1,7.1,7.1,7.1,38,0
FEE,60,20241017,100000,7.34,7.4,7.34,7.4,6,0
FEE,60,20241017,110000,7.3,7.3,7.3,7.3,125,0
FEE,60,20241018,140000,7.12,7.12,7.12,7.12,300,0
FEE,60,20241018,150000,7.16,8.6,7.12,8.6,7058,0
FEE,60,20241018,160000,8.54,8.56,8.54,8.56,455,0
FEE,60,20241021,100000,8.38,8.38,7.8,8.38,277,0
FEE,60,20241021,140000,7.88,7.88,7.6,7.6,102,0
FEE,60,20241021,160000,8.38,8.38,8.38,8.38,2,0
FEE,60,20241021,170000,7.62,8.1,7.62,8.1,154,0
FEE,60,20241022,100000,8,8,8,8,10,0
FEE,60,20241022,120000,7.64,7.8,7.38,7.8,1828,0
FEE,60,20241022,140000,7.44,7.44,7.42,7.42,137,0
FEE,60,20241022,160000,7.42,7.42,7.4,7.4,720,0
FEE,60,20241022,170000,7.8,7.8,7.8,7.8,2,0
FEE,60,20241023,100000,7.42,7.96,7.42,7.96,377,0
FEE,60,20241023,120000,7.5,7.96,7.5,7.96,43,0
FEE,60,20241023,130000,7.42,7.64,7.42,7.64,1280,0
FEE,60,20241023,140000,7.72,8,7.72,8,7538,0
FEE,60,20241023,160000,8,8,8,8,3,0
FEE,60,20241024,100000,7.98,7.98,7.98,7.98,2,0
FEE,60,20241024,110000,7.8,7.96,7.78,7.96,627,0
FEE,60,20241024,120000,7.9,7.9,7.9,7.9,3,0
FEE,60,20241024,130000,7.6,7.6,7.6,7.6,300,0
FEE,60,20241024,160000,7.9,7.9,7.9,7.9,2647,0
FEE,60,20241024,170000,7.8,8.2,7.8,8.2,1003,0
FEE,60,20241025,100000,8.2,8.2,7.84,7.84,294,0
FEE,60,20241025,110000,7.84,8.2,7.84,8.2,16,0
FEE,60,20241025,140000,8.1,8.1,8.1,8.1,1,0
FEE,60,20241025,160000,7.82,7.82,7.82,7.82,1,0
FEE,60,20241025,170000,8.2,8.2,8.2,8.2,1,0
FEE,60,20241028,100000,8.1,8.1,8.1,8.1,100,0
FEE,60,20241028,140000,8.1,8.1,8.1,8.1,40,0
FEE,60,20241029,100000,8.2,8.2,8.2,8.2,2,0
FEE,60,20241029,130000,8.18,8.6,7.86,8.58,8253,0
FEE,60,20241029,140000,8.48,8.48,8.48,8.48,10,0
FEE,60,20241029,150000,8.46,8.46,8.46,8.46,1000,0
FEE,60,20241029,170000,8.46,8.46,8.4,8.4,71,0
FEE,60,20241030,100000,8.38,8.38,8,8.38,1545,0
FEE,60,20241030,110000,8.34,8.46,8.34,8.46,197,0
FEE,60,20241030,140000,8.46,8.64,8.46,8.64,11749,0
FEE,60,20241030,170000,8.84,8.84,8.84,8.84,2,0
FEE,60,20241031,100000,8.84,9.58,8.72,9.5,3120,0
FEE,60,20241031,110000,9.22,9.7,9.2,9.7,3379,0
FEE,60,20241031,120000,9.4,9.72,9.3,9.3,3113,0
FEE,60,20241031,130000,9.3,9.7,9.16,9.58,957,0
FEE,60,20241031,140000,9.58,9.58,9.58,9.58,331,0
FEE,60,20241031,160000,9.16,9.16,9.16,9.16,10,0
FEE,60,20241031,170000,9.5,9.7,9.5,9.7,1825,0
FEE,60,20241104,100000,8.92,9.96,8.92,9.96,3561,0
FEE,60,20241104,110000,9.64,9.96,9.64,9.96,17,0
FEE,60,20241104,120000,9.64,9.68,9.3,9.68,851,0
FEE,60,20241104,140000,9.3,9.3,9.24,9.24,591,0
FEE,60,20241104,150000,9.28,9.96,9.24,9.96,2314,0
FEE,60,20241104,160000,9.94,9.94,9.94,9.94,50,0
FEE,60,20241105,100000,9.88,9.88,9.46,9.66,158,0
FEE,60,20241105,120000,9.4,9.4,9.4,9.4,50,0
FEE,60,20241105,130000,9.36,9.36,9,9,919,0
FEE,60,20241105,160000,9.34,9.36,9.34,9.36,570,0
FEE,60,20241106,100000,9.7,9.7,9,9,177,0
FEE,60,20241106,140000,9.02,9.02,9,9,1000,0
FEE,60,20241106,160000,9,9,9,9,952,0
FEE,60,20241106,170000,8.92,8.92,8.8,8.8,314,0
FEE,60,20241107,100000,9.08,9.08,9.08,9.08,1,0
FEE,60,20241107,110000,9.08,9.1,9.08,9.1,40,0
FEE,60,20241107,120000,9.1,9.1,9.1,9.1,2,0
FEE,60,20241107,170000,8.84,8.84,8.84,8.84,200,0
FEE,60,20241108,100000,9.1,9.28,9.1,9.28,20,0
FEE,60,20241108,160000,9,9,9,9,100,0
FEE,60,20241108,170000,9.04,9.2,9.04,9.2,40,0
FEE,60,20241112,100000,9.28,9.28,9.28,9.28,1,0
FEE,60,20241112,170000,9.1,9.28,9.1,9.28,803,0
FEE,60,20241113,100000,9.28,9.28,9.28,9.28,1,0
FEE,60,20241113,170000,8.82,9.28,8.82,9.28,296,0
FEE,60,20241114,100000,9.26,9.26,9.26,9.26,2,0
FEE,60,20241114,150000,9,9.26,8.82,9.26,156,0
FEE,60,20241115,100000,9.26,9.26,9.26,9.26,2,0
FEE,60,20241115,130000,9,9.7,9,9.68,1514,0
FEE,60,20241118,100000,9,9.3,9,9.3,1529,0
FEE,60,20241118,110000,9.6,9.9,9.6,9.9,2098,0
FEE,60,20241118,120000,9.5,9.5,9.48,9.48,138,0
FEE,60,20241118,140000,9.48,9.48,9.48,9.48,200,0
FEE,60,20241118,160000,9.48,9.48,9.48,9.48,78,0
FEE,60,20241118,170000,9.7,9.7,9.7,9.7,3,0
FEE,60,20241119,100000,9.78,9.78,9.48,9.7,204,0
FEE,60,20241119,120000,9.3,9.6,9,9.6,1091,0
FEE,60,20241119,150000,8.82,8.82,8,8.3,4693,0
FEE,60,20241119,160000,8.18,9.6,8.04,9.6,2528,0
FEE,60,20241119,170000,9.02,9.28,8.98,9.28,422,0
FEE,60,20241120,100000,9.24,9.24,9.24,9.24,4,0
FEE,60,20241120,150000,8.7,9.16,8.7,9.16,186,0
FEE,60,20241122,100000,9.16,9.16,9.14,9.14,4,0
FEE,60,20241122,110000,8.9,8.9,8.9,8.9,435,0
FEE,60,20241122,120000,9.06,9.06,8.8,8.8,159,0
FEE,60,20241122,150000,8.7,8.7,8.7,8.7,140,0
FEE,60,20241122,160000,8.7,8.8,8.7,8.8,206,0
FEE,60,20241122,170000,8.8,9.08,8.8,9.08,188,0
FEE,60,20241126,100000,8.82,9.08,8.82,9.08,7,0
FEE,60,20241126,120000,8.82,8.82,8.7,8.7,300,0
FEE,60,20241126,140000,8.7,8.7,8.7,8.7,324,0
FEE,60,20241126,160000,9.08,9.08,9.08,9.08,2,0
FEE,60,20241127,100000,9.08,9.08,9.08,9.08,2,0
FEE,60,20241127,120000,8.5,8.5,8.5,8.5,1,0
FEE,60,20241127,160000,8.9,8.9,8.9,8.9,54,0
FEE,60,20241127,170000,9.08,9.08,9.08,9.08,4,0
FEE,60,20241128,100000,9.08,9.08,9.08,9.08,2,0
FEE,60,20241128,170000,9.08,9.08,9.08,9.08,2,0
FEE,60,20241129,100000,9.08,9.08,9.08,9.08,2,0
FEE,60,20241129,150000,8.52,8.52,8.52,8.52,10,0
FEE,60,20241129,160000,8.52,8.52,8.52,8.52,96,0
FEE,60,20241129,170000,8.88,9.08,8.88,9.08,42,0
FEE,60,20241202,100000,9.08,9.08,9.08,9.08,2,0
FEE,60,20241202,110000,8.88,8.9,8.88,8.9,150,0
FEE,60,20241202,140000,8.52,8.88,8.5,8.88,623,0
FEE,60,20241203,100000,8.7,8.88,8.7,8.88,19,0
FEE,60,20241203,170000,8.88,8.88,8.88,8.88,2,0
FEE,60,20241204,100000,8.88,8.88,8.88,8.88,2,0
FEE,60,20241204,140000,8.3,8.5,8.04,8.38,434,0
FEE,60,20241204,150000,8.36,8.36,8.36,8.36,2,0
FEE,60,20241204,160000,8.36,8.36,8.36,8.36,50,0
FEE,60,20241204,170000,8.1,8.1,8.1,8.1,66,0
FEE,60,20241205,100000,8.34,8.34,8.34,8.34,2,0
FEE,60,20241205,130000,8.2,8.2,8.2,8.2,160,0
FEE,60,20241205,170000,8.34,8.34,8.34,8.34,2,0
FEE,60,20241206,100000,8.34,8.34,8.34,8.34,102,0
FEE,60,20241206,150000,8.34,8.38,8.34,8.38,740,0
FEE,60,20241206,170000,8.58,8.58,8.12,8.12,122,0
FEE,60,20241209,100000,8.12,8.12,8.12,8.12,2,0
FEE,60,20241209,130000,8.2,8.5,8.04,8.5,1015,0
FEE,60,20241209,140000,8.04,8.04,8.04,8.04,4,0
FEE,60,20241209,170000,8.28,8.28,8.28,8.28,2,0
FEE,60,20241210,110000,8.04,8.04,8.04,8.04,1,0
FEE,60,20241210,150000,8.16,8.16,8.16,8.16,123,0
FEE,60,20241211,100000,8.16,8.16,8.16,8.16,2,0
FEE,60,20241211,150000,8.16,8.16,8.02,8.02,4,0
FEE,60,20241211,170000,8.02,8.02,8.02,8.02,89,0
FEE,60,20241212,100000,8.14,8.14,8.14,8.14,2,0
FEE,60,20241212,110000,8.12,8.12,8.12,8.12,2,0
FEE,60,20241212,120000,8,8,8,8,2,0
FEE,60,20241212,130000,8,8,8,8,185,0
FEE,60,20241213,100000,8.1,8.1,8.1,8.1,1,0
FEE,60,20241213,140000,7.94,7.94,7.94,7.94,115,0
FEE,60,20241213,150000,7.94,8.08,7.7,7.7,392,0
FEE,60,20241213,170000,7.9,7.9,7.9,7.9,2,0
FEE,60,20241216,100000,8.08,8.08,7.72,7.72,983,0
FEE,60,20241216,110000,7.72,8,7.7,7.7,35,0
FEE,60,20241216,160000,7.7,7.7,7.7,7.7,230,0
FEE,60,20241216,170000,7.7,7.7,7.66,7.66,355,0
FEE,60,20241217,100000,8.04,8.04,8.04,8.04,2,0
FEE,60,20241217,110000,7.66,7.66,7.66,7.66,508,0
FEE,60,20241217,130000,7.66,7.66,7.6,7.6,555,0
FEE,60,20241217,170000,7.8,7.8,7.8,7.8,2,0
FEE,60,20241218,100000,7.8,7.8,7.8,7.8,2,0
FEE,60,20241218,160000,7.78,7.8,7.6,7.6,25,0
FEE,60,20241218,170000,7.6,7.6,7.6,7.6,7,0
FEE,60,20241219,100000,7.8,7.8,7.8,7.8,198,0
FEE,60,20241219,110000,7.8,7.8,7.8,7.8,164,0
FEE,60,20241219,130000,7.8,7.8,7.6,7.6,15,0
FEE,60,20241219,170000,7.8,7.8,7.8,7.8,1,0
FEE,60,20241220,100000,7.8,7.8,7.6,7.6,12,0
FEE,60,20241220,110000,7.58,7.58,7.54,7.54,20,0
FEE,60,20241220,120000,7.7,7.7,7.7,7.7,2,0
FEE,60,20241220,130000,7.54,7.54,7.54,7.54,282,0
FEE,60,20241220,150000,7.7,8.4,7.7,8.38,18662,0
FEE,60,20241220,160000,8.38,8.38,7.92,7.92,35,0
FEE,60,20241220,170000,8,8.34,8,8.34,511,0
FEE,60,20241223,100000,8,8.8,7.94,8.8,7225,0
FEE,60,20241223,110000,8.46,8.8,8.02,8.02,1482,0
FEE,60,20241223,130000,8.14,8.14,8.14,8.14,1,0
FEE,60,20241223,150000,8.5,8.8,8.14,8.4,56,0
FEE,60,20241223,160000,8.52,8.76,8.4,8.4,320,0
FEE,60,20241223,170000,8.58,8.6,8.58,8.6,8,0
FEE,60,20241227,100000,8.6,8.6,8.6,8.6,2,0
FEE,60,20241227,150000,8.56,8.6,8.56,8.6,368,0
FEE,60,20241227,170000,8.6,8.6,8.36,8.4,379,0
FEE,60,20241230,100000,9.06,9.06,8.48,8.48,86,0
FEE,60,20241230,170000,8.8,8.8,8.48,8.48,262,0
FEE,60,20250102,100000,8.48,8.48,8.48,8.48,200,0
FEE,60,20250102,120000,8.8,8.8,8.8,8.8,6,0
FEE,60,20250102,130000,8.8,8.8,8.5,8.5,190,0
FEE,60,20250103,100000,8.78,8.78,8.78,8.78,2,0
FEE,60,20250103,110000,8.78,8.8,8.78,8.8,175,0
FEE,60,20250103,140000,8.8,8.8,8.5,8.5,888,0
FEE,60,20250103,150000,8.8,8.8,8.52,8.52,451,0
FEE,60,20250103,160000,8.52,8.52,8.52,8.52,1,0
FEE,60,20250103,170000,8.8,8.8,8.52,8.52,101,0
FEE,60,20250107,100000,8.54,8.86,8.54,8.54,154,0
FEE,60,20250107,110000,8.86,9.18,8.56,9.18,872,0
FEE,60,20250107,120000,9.16,9.16,8.86,9.16,308,0
FEE,60,20250107,140000,8.86,8.86,8.86,8.86,755,0
FEE,60,20250107,150000,9.14,9.14,8.86,9.14,57,0
FEE,60,20250107,170000,8.62,8.62,8.62,8.62,3,0
FEE,60,20250108,100000,8.7,8.7,8.7,8.7,2,0
FEE,60,20250108,120000,9.02,9.02,8.68,8.68,110,0
FEE,60,20250108,140000,9.02,9.14,9.02,9.14,116,0
FEE,60,20250108,150000,9.14,9.14,9.14,9.14,11,0
FEE,60,20250108,160000,9.02,9.02,9.02,9.02,8,0
FEE,60,20250108,170000,9.02,9.12,9.02,9.12,5,0
FEE,60,20250109,100000,9.12,9.12,9.06,9.06,111,0
FEE,60,20250109,110000,9.14,9.14,9.14,9.14,6,0
FEE,60,20250109,120000,8.8,8.8,8.8,8.8,1,0
FEE,60,20250109,130000,9.14,9.16,9.14,9.16,700,0
FEE,60,20250109,150000,8.92,8.92,8.92,8.92,1,0
FEE,60,20250109,170000,9.14,9.14,9.14,9.14,2,0
FEE,60,20250110,100000,9.14,9.16,9.14,9.16,502,0
FEE,60,20250110,110000,8.92,8.92,8.92,8.92,10,0
FEE,60,20250110,120000,8.92,8.92,8.8,8.8,500,0
FEE,60,20250110,170000,9.12,9.52,9.12,9.16,3453,0
FEE,60,20250113,100000,9.42,9.42,9.42,9.42,2,0
FEE,60,20250113,110000,9,9.42,9,9.42,836,0
FEE,60,20250114,100000,9.4,9.4,9.4,9.4,2,0
FEE,60,20250114,110000,9.32,9.32,9.32,9.32,30,0
FEE,60,20250114,130000,8.9,8.9,8.9,8.9,246,0
FEE,60,20250114,140000,9.2,9.32,9.2,9.32,111,0
FEE,60,20250114,170000,9.12,9.28,9.12,9.28,37,0
FEE,60,20250115,100000,9.28,9.28,9.28,9.28,1,0
FEE,60,20250115,140000,9.1,9.1,9.1,9.1,500,0
FEE,60,20250115,150000,9.28,9.28,9.28,9.28,4,0
FEE,60,20250115,170000,9.26,9.28,9.26,9.28,3,0
FEE,60,20250116,100000,9.28,9.28,9.26,9.26,4,0
FEE,60,20250116,160000,9.12,9.12,8.9,8.9,39,0
FEE,60,20250116,170000,9.28,9.28,9.28,9.28,2,0
FEE,60,20250117,100000,9.28,9.28,9.28,9.28,2,0
FEE,60,20250117,110000,9.26,9.28,9.26,9.28,1587,0
FEE,60,20250117,170000,9.26,9.4,9.26,9.4,3580,0
FEE,60,20250120,100000,9.38,9.38,8.9,8.9,2025,0
FEE,60,20250120,110000,9,9.38,9,9.38,56,0
FEE,60,20250120,150000,9.38,9.38,9.38,9.38,213,0
FEE,60,20250120,170000,9.16,9.16,9.16,9.16,54,0
FEE,60,20250121,100000,9.4,9.4,9.4,9.4,2,0
FEE,60,20250121,120000,9.2,9.2,9.2,9.2,50,0
FEE,60,20250121,150000,9.26,9.26,9.26,9.26,100,0
FEE,60,20250122,100000,9.4,9.4,9.4,9.4,1,0
FEE,60,20250122,150000,9.38,9.4,9.38,9.4,1507,0
FEE,60,20250122,160000,9.44,9.44,9.44,9.44,180,0
FEE,60,20250123,100000,9.28,9.28,9.28,9.28,150,0
FEE,60,20250123,150000,9.3,9.3,9.3,9.3,35,0
FEE,60,20250123,170000,9.3,9.4,9.3,9.4,3,0
FEE,60,20250124,100000,9.4,9.4,9.4,9.4,2,0
FEE,60,20250124,120000,9.4,9.4,8.9,8.9,106,0
FEE,60,20250124,130000,9.1,9.1,9.1,9.1,55,0
FEE,60,20250127,100000,9.28,9.28,9.28,9.28,2,0
FEE,60,20250127,110000,9.28,9.28,9.28,9.28,10,0
FEE,60,20250127,170000,9.28,9.28,9.28,9.28,1,0
FEE,60,20250128,100000,9.28,9.28,9.28,9.28,2,0
FEE,60,20250128,130000,9.06,9.2,9,9,1287,0
FEE,60,20250128,170000,9.18,9.2,9.18,9.2,165,0
FEE,60,20250130,100000,9.4,10.8,9.4,10.55,21817,0
FEE,60,20250130,110000,10.55,10.55,10.3,10.3,677,0
FEE,60,20250130,120000,10.7,10.7,10.35,10.35,605,0
FEE,60,20250130,130000,10.35,10.35,10.3,10.3,448,0
FEE,60,20250130,140000,10.6,10.8,10.6,10.6,2127,0
FEE,60,20250130,150000,10.8,10.8,10.8,10.8,52,0
FEE,60,20250130,160000,10.8,10.8,10.45,10.45,1596,0
FEE,60,20250130,170000,10.3,10.5,10.3,10.5,1859,0
FEE,60,20250131,100000,10.5,10.5,10.1,10.1,315,0
FEE,60,20250131,110000,10.1,10.1,9.76,10.1,2104,0
FEE,60,20250131,120000,10.1,10.1,10.1,10.1,11,0
FEE,60,20250131,140000,10.1,10.1,10.1,10.1,202,0
FEE,60,20250131,150000,10.2,10.2,10.2,10.2,9,0
FEE,60,20250131,160000,10.2,10.2,10.2,10.2,5,0
FEE,60,20250131,170000,10.1,10.6,10,10.6,5390,0
FEE,60,20250203,100000,10.9,10.9,10.1,10.1,1319,0
FEE,60,20250203,110000,10.1,10.1,10,10,1688,0
FEE,60,20250203,130000,10.4,10.4,10.4,10.4,5,0
FEE,60,20250203,140000,10.3,10.3,10.3,10.3,9,0
FEE,60,20250203,170000,10.4,11.4,10.1,10.3,7328,0
FEE,60,20250204,100000,10.5,11.2,10.5,11.1,1775,0
FEE,60,20250204,110000,10.95,10.95,10.95,10.95,349,0
FEE,60,20250204,120000,10.7,11.15,10.7,10.7,1110,0
FEE,60,20250204,130000,11.2,11.2,11.1,11.1,243,0
FEE,60,20250204,140000,11.1,11.1,11.1,11.1,699,0
FEE,60,20250204,150000,10.8,10.8,10.8,10.8,240,0
FEE,60,20250204,160000,11,11,11,11,170,0
FEE,60,20250204,170000,10.75,10.75,10.55,10.75,108,0
FEE,60,20250205,100000,10.8,10.8,10.8,10.8,2,0
FEE,60,20250205,110000,10.8,10.8,10.8,10.8,67,0
FEE,60,20250205,120000,10.7,10.7,10.55,10.55,6,0
FEE,60,20250205,130000,10.55,10.55,10.55,10.55,250,0
FEE,60,20250205,160000,10.55,10.55,10.55,10.55,5,0
FEE,60,20250206,100000,10.7,10.7,10.55,10.55,217,0
FEE,60,20250206,130000,10.25,10.25,10.2,10.2,160,0
FEE,60,20250206,170000,10.6,10.6,10.6,10.6,4,0
FEE,60,20250207,120000,10.35,10.35,10.35,10.35,100,0
FEE,60,20250207,130000,10.5,10.5,10.5,10.5,1,0
FEE,60,20250207,170000,10.45,10.6,10.45,10.6,225,0
FEE,60,20250210,140000,10.6,10.6,10.6,10.6,69,0
FEE,60,20250211,100000,10.3,10.3,10.3,10.3,80,0
FEE,60,20250211,110000,10.3,10.3,10.3,10.3,20,0
FEE,60,20250211,120000,10.6,10.6,10.6,10.6,189,0
FEE,60,20250212,130000,10.35,10.35,10.35,10.35,349,0
FEE,60,20250212,170000,10.35,10.35,10.35,10.35,130,0
FEE,60,20250213,100000,10.3,10.3,10.3,10.3,426,0
FEE,60,20250213,160000,10.3,10.3,10.3,10.3,261,0
FEE,60,20250213,170000,10.2,10.3,10,10.3,1139,0
FEE,60,20250214,100000,10.3,10.45,10.3,10.45,1218,0
FEE,60,20250214,130000,10.45,10.45,10.45,10.45,56,0
FEE,60,20250214,140000,10.45,10.45,10.45,10.45,500,0
FEE,60,20250214,170000,10.8,10.8,10.8,10.8,686,0
FEE,60,20250217,100000,10.8,10.9,10.8,10.9,888,0
FEE,60,20250217,110000,10.8,10.8,10.8,10.8,95,0
FEE,60,20250217,130000,10.85,10.85,10.45,10.45,1053,0
FEE,60,20250217,160000,10.5,10.5,10.5,10.5,200,0
FEE,60,20250217,170000,10.45,10.45,10.45,10.45,75,0
FEE,60,20250218,100000,10.9,10.9,10.9,10.9,2,0
FEE,60,20250218,120000,10.5,10.5,10.5,10.5,2,0
FEE,60,20250218,150000,10.5,10.5,10.5,10.5,2,0
FEE,60,20250218,170000,10.75,10.75,10.75,10.75,86,0
FEE,60,20250221,100000,10.8,10.8,10.8,10.8,16,0
FEE,60,20250221,110000,10.5,10.8,10.5,10.7,231,0
FEE,60,20250221,120000,10.7,10.7,10.7,10.7,271,0
FEE,60,20250224,100000,10.8,10.8,10.5,10.5,229,0
FEE,60,20250224,110000,10.5,10.75,10.5,10.75,58,0
FEE,60,20250224,170000,10.75,10.75,10.75,10.75,1,0
FEE,60,20250225,100000,10.75,10.75,10.75,10.75,5,0
FEE,60,20250225,120000,10.55,10.55,10.45,10.45,246,0
FEE,60,20250225,130000,10.5,10.5,10.45,10.45,180,0
FEE,60,20250225,170000,10.75,10.75,10.75,10.75,2,0
FEE,60,20250226,100000,10.75,10.75,10.75,10.75,2,0
FEE,60,20250226,110000,10.75,10.75,10.75,10.75,30,0
FEE,60,20250226,130000,10.75,10.75,10.55,10.55,16,0
FEE,60,20250226,150000,10.55,10.6,10.55,10.55,940,0
FEE,60,20250226,170000,10.55,10.55,10.55,10.55,2,0
FEE,60,20250227,100000,10.75,10.75,10.75,10.75,2,0
FEE,60,20250227,110000,10.75,10.75,10.75,10.75,90,0
FEE,60,20250227,130000,10.75,10.8,10.75,10.8,935,0
FEE,60,20250227,170000,10.75,10.8,10.75,10.8,955,0
FEE,60,20250228,100000,10.8,10.8,10.8,10.8,2,0
FEE,60,20250228,140000,10.65,10.65,10.65,10.65,50,0
FEE,60,20250228,170000,10.8,10.8,10.8,10.8,2,0
FEE,60,20250303,100000,10.8,10.8,10.5,10.5,163,0
FEE,60,20250303,160000,10.75,10.8,10.75,10.8,1700,0
FEE,60,20250304,100000,10.8,10.8,10.8,10.8,2,0
FEE,60,20250304,110000,10.75,10.75,10.75,10.75,158,0
FEE,60,20250304,120000,10.5,10.7,10.5,10.7,705,0
FEE,60,20250304,160000,10.45,10.45,10.45,10.45,10,0
FEE,60,20250305,100000,10.7,10.7,10.7,10.7,2,0
FEE,60,20250305,120000,10.45,10.55,10.45,10.55,1923,0
FEE,60,20250306,100000,10.55,10.55,10.55,10.55,2,0
FEE,60,20250306,130000,10.55,10.55,10.55,10.55,200,0
FEE,60,20250306,170000,10.45,10.45,10.45,10.45,993,0
FEE,60,20250307,100000,10.55,10.55,10.55,10.55,2,0
FEE,60,20250307,140000,10.55,10.55,10.55,10.55,188,0
FEE,60,20250311,100000,10.7,10.7,10.7,10.7,13,0
FEE,60,20250311,120000,10.6,10.6,10.45,10.6,671,0
FEE,60,20250314,100000,10.6,10.7,10.45,10.7,605,0
FEE,60,20250314,130000,10.5,10.5,10.5,10.5,20,0
FEE,60,20250314,170000,10.5,10.5,10.5,10.5,2,0
FEE,60,20250317,100000,10.45,10.45,10.45,10.45,56,0
FEE,60,20250317,110000,10.6,10.6,10.6,10.6,1,0
FEE,60,20250317,130000,10.5,10.5,10.5,10.5,42,0
FEE,60,20250317,150000,10.5,10.5,10.45,10.45,172,0
FEE,60,20250317,170000,10.5,10.5,10.5,10.5,4735,0
FEE,60,20250318,100000,10.7,10.7,10.5,10.5,185,0
FEE,60,20250318,150000,10.45,10.45,10.45,10.45,273,0
FEE,60,20250318,170000,10.5,10.5,10.5,10.5,2,0
FEE,60,20250320,100000,10.5,10.7,10.5,10.7,198,0
FEE,60,20250320,170000,10.7,10.7,10.7,10.7,2,0
FEE,60,20250324,100000,10.7,10.7,10.45,10.45,67,0
FEE,60,20250324,170000,10.65,10.65,10.55,10.65,4,0
FEE,60,20250325,100000,10.7,10.7,10.7,10.7,2,0
FEE,60,20250325,120000,10.55,10.55,10.55,10.55,50,0
FEE,60,20250325,170000,10.65,10.65,10.65,10.65,2,0
FEE,60,20250326,100000,10.6,10.6,10.6,10.6,14,0
FEE,60,20250326,170000,10.55,10.6,10.55,10.6,431,0
FEE,60,20250327,100000,10.65,10.65,10.65,10.65,2,0
FEE,60,20250327,160000,10.65,10.65,10.65,10.65,985,0
FEE,60,20250328,100000,10.65,10.65,10.65,10.65,2,0
FEE,60,20250328,150000,10.6,10.6,10.6,10.6,750,0
FEE,60,20250331,130000,10.25,10.25,10.25,10.25,3,0
FEE,60,20250401,100000,10.65,10.65,10.65,10.65,252,0
FEE,60,20250401,120000,10.6,10.6,10.6,10.6,30,0
FEE,60,20250401,170000,10.35,10.35,10.35,10.35,61,0
FEE,60,20250402,100000,10.35,10.7,10.35,10.35,46,0
FEE,60,20250402,120000,10.6,10.6,10.6,10.6,90,0
FEE,60,20250402,140000,10.6,10.6,10.6,10.6,250,0
FEE,60,20250402,150000,10.6,10.65,10.6,10.65,20,0
FEE,60,20250402,170000,10.35,10.7,10.35,10.7,3380,0
FEE,60,20250403,100000,10.7,11.05,10.7,10.95,1044,0
FEE,60,20250403,170000,10.5,11,10.45,11,1566,0
FEE,60,20250404,100000,11,11,10.5,10.5,375,0
FEE,60,20250404,110000,10.45,10.75,10.45,10.75,1228,0
FEE,60,20250404,120000,10.75,10.75,10.75,10.75,2,0
FEE,60,20250404,130000,10.35,10.35,10.35,10.35,950,0
FEE,60,20250404,140000,10.65,10.65,10.65,10.65,7,0
FEE,60,20250404,150000,10.2,10.2,10.2,10.2,169,0
FEE,60,20250407,100000,10,10.2,9.96,10.2,724,0
FEE,60,20250407,110000,9.98,9.98,9.96,9.96,1519,0
FEE,60,20250407,120000,9.96,9.96,9.96,9.96,4470,0
FEE,60,20250407,130000,9.96,9.96,9.96,9.96,900,0
FEE,60,20250407,140000,9.96,9.96,9.96,9.96,387,0
FEE,60,20250407,170000,10,10,10,10,2,0
FEE,60,20250409,100000,10.15,10.7,10.15,10.2,4,0
FEE,60,20250409,160000,9.92,9.92,9.78,9.78,1000,0
FEE,60,20250410,100000,9.56,9.56,9.56,9.56,98,0
FEE,60,20250410,120000,9.62,9.62,9.62,9.62,5,0
FEE,60,20250411,100000,9.96,10.3,9.96,10.3,104,0
FEE,60,20250411,120000,10,10,10,10,270,0
FEE,60,20250414,100000,9.68,9.68,9.68,9.68,201,0
FEE,60,20250414,110000,9.68,9.68,9.68,9.68,99,0
FEE,60,20250414,130000,9.6,9.6,9.58,9.58,400,0
FEE,60,20250414,140000,9.58,9.58,9.58,9.58,10,0
FEE,60,20250414,170000,9.98,9.98,9.98,9.98,2,0
FEE,60,20250415,100000,9.98,9.98,9.98,9.98,2,0
FEE,60,20250415,170000,9.98,9.98,9.98,9.98,2,0
FEE,60,20250416,100000,9.98,9.98,9.98,9.98,2,0
FEE,60,20250416,170000,9.98,9.98,9.98,9.98,2,0
FEE,60,20250417,100000,9.98,9.98,9.98,9.98,2,0
FEE,60,20250417,110000,9.58,9.58,9.58,9.58,48,0
FEE,60,20250417,130000,9.58,9.58,9.58,9.58,10,0
FEE,60,20250417,170000,9.92,9.92,9.92,9.92,2,0
FEE,60,20250422,100000,9.92,9.92,9.92,9.92,2,0
FEE,60,20250422,110000,9.58,9.58,9.58,9.58,2,0
FEE,60,20250422,160000,9.92,9.98,9.92,9.98,54,0
FEE,60,20250422,170000,9.98,9.98,9.98,9.98,2,0
FEE,60,20250424,100000,9.98,9.98,9.9,9.9,4,0
FEE,60,20250424,130000,9.86,9.9,9.86,9.9,51,0
FEE,60,20250424,140000,9.72,9.72,9.64,9.64,38,0
FEE,60,20250424,150000,9.64,9.64,9.64,9.64,10,0
FEE,60,20250424,160000,9.64,9.64,9.62,9.62,175,0
FEE,60,20250425,100000,10,10,10,10,1,0
FEE,60,20250425,170000,10,10,10,10,10,0
FEE,60,20250428,100000,10,10,9.56,9.56,215,0
FEE,60,20250428,110000,9.58,9.58,9.56,9.56,208,0
FEE,60,20250428,160000,9.94,10.3,9.94,10.25,1106,0
FEE,60,20250429,100000,11,13.3,11,12.75,36544,0
FEE,60,20250429,110000,12.7,13.3,12.5,13,20357,0
FEE,60,20250429,120000,12.9,13.3,12.9,13.3,5963,0
FEE,60,20250429,130000,13.95,13.95,13.05,13.1,10758,0
FEE,60,20250429,140000,13.3,13.35,13,13,1430,0
FEE,60,20250429,150000,12.95,12.95,12.5,12.5,11523,0
FEE,60,20250429,160000,12.5,12.65,12.5,12.5,651,0
FEE,60,20250429,170000,12.5,13,12.5,13,3387,0
FEE,60,20250430,100000,12.8,12.8,12.15,12.8,2999,0
FEE,60,20250430,110000,12.75,12.75,12.5,12.5,5649,0
FEE,60,20250430,120000,12.5,12.5,12.5,12.5,647,0
FEE,60,20250430,140000,12.6,12.6,12.6,12.6,266,0
FEE,60,20250430,150000,12.65,12.65,12.65,12.65,235,0
FEE,60,20250430,160000,12.5,12.5,12.35,12.35,366,0
FEE,60,20250502,100000,12.25,12.25,12.25,12.25,849,0
FEE,60,20250502,110000,12.25,12.25,12.25,12.25,187,0
FEE,60,20250502,120000,12.25,12.25,12.25,12.25,219,0
FEE,60,20250502,130000,12.2,12.2,12.2,12.2,442,0
FEE,60,20250505,100000,12.65,12.7,12.2,12.2,1003,0
FEE,60,20250505,110000,12.25,12.25,12.2,12.2,1452,0
FEE,60,20250505,120000,12.55,12.55,11.75,11.75,2726,0
FEE,60,20250505,130000,11.9,11.9,11.9,11.9,200,0
FEE,60,20250505,140000,12,12.5,12,12.1,154,0
FEE,60,20250505,150000,12.4,12.4,12.2,12.2,2,0
FEE,60,20250505,170000,11.8,12.05,11.65,11.85,869,0
FEE,60,20250506,100000,11.85,12.35,11.45,12.25,1924,0
FEE,60,20250506,110000,11.9,12.25,11.75,12.25,401,0
FEE,60,20250506,120000,12.6,12.6,12.5,12.5,225,0
FEE,60,20250506,130000,12.45,12.45,12.45,12.45,10,0
FEE,60,20250506,160000,12.4,12.4,12.4,12.4,2,0
FEE,60,20250506,170000,12.45,12.45,12.2,12.45,186,0
