<TICKER>,<PER>,<DATE>,<TIME>,<OPEN>,<HIGH>,<LOW>,<CLOSE>,<VOL>,<OPENINT>
FTE,60,20240411,100000,23.1,23.1,23.1,23.1,2,0
FTE,60,20240411,120000,23,23.1,23,23.1,30,0
FTE,60,20240411,140000,23,23.1,22.6,22.6,605,0
FTE,60,20240411,150000,22.6,22.6,22.6,22.6,200,0
FTE,60,20240411,160000,22.9,22.9,22.9,22.9,17,0
FTE,60,20240412,100000,22.9,22.9,22.9,22.9,21,0
FTE,60,20240412,110000,22.9,22.9,22.9,22.9,100,0
FTE,60,20240412,120000,22.9,23.3,22.9,23.3,11017,0
FTE,60,20240412,130000,23.1,23.3,23,23,197,0
FTE,60,20240412,140000,23.2,23.3,23.2,23.3,51,0
FTE,60,20240412,160000,23.2,23.3,23,23,310,0
FTE,60,20240412,170000,23.1,23.2,22.9,22.9,2083,0
FTE,60,20240415,100000,22.9,22.9,22.8,22.8,38,0
FTE,60,20240415,110000,22.8,22.8,22.8,22.8,75,0
FTE,60,20240415,120000,22.9,22.9,22.9,22.9,18,0
FTE,60,20240415,130000,22.9,23.1,22.9,23.1,93,0
FTE,60,20240415,140000,23,23.1,23,23,38,0
FTE,60,20240415,170000,23,23,23,23,92,0
FTE,60,20240416,100000,22.7,22.7,22.7,22.7,563,0
FTE,60,20240416,110000,22.6,22.6,22.6,22.6,165,0
FTE,60,20240416,120000,22.7,22.7,22.7,22.7,222,0
FTE,60,20240416,130000,22.8,22.8,22.8,22.8,18,0
FTE,60,20240416,150000,22.7,22.7,22.6,22.7,382,0
FTE,60,20240416,160000,22.9,22.9,22.9,22.9,61,0
FTE,60,20240416,170000,22.8,22.9,22.6,22.9,119,0
FTE,60,20240417,100000,22.6,22.6,22.6,22.6,365,0
FTE,60,20240417,110000,22.8,22.9,22.8,22.9,169,0
FTE,60,20240417,120000,22.9,23,22.7,23,144,0
FTE,60,20240417,130000,22.9,23,22.9,23,19,0
FTE,60,20240417,140000,23.1,23.2,22.9,23.1,221,0
FTE,60,20240417,150000,23.1,23.2,22.8,23.2,33,0
FTE,60,20240417,170000,22.9,23.1,22.4,22.9,2738,0
FTE,60,20240418,100000,22.8,22.8,22.8,22.8,2,0
FTE,60,20240418,120000,22.6,22.6,22.6,22.6,18,0
FTE,60,20240418,140000,22.8,22.8,22.8,22.8,2,0
FTE,60,20240418,150000,22.7,22.7,22.7,22.7,120,0
FTE,60,20240418,160000,22.6,22.6,22.4,22.4,736,0
FTE,60,20240418,170000,22.7,22.7,22.7,22.7,1,0
FTE,60,20240419,100000,22.7,22.7,22.6,22.7,4,0
FTE,60,20240419,110000,22.7,22.7,22.7,22.7,733,0
FTE,60,20240419,120000,22.7,22.7,22.7,22.7,188,0
FTE,60,20240419,130000,22.7,22.7,22.7,22.7,20,0
FTE,60,20240419,150000,22.8,22.8,22.8,22.8,3,0
FTE,60,20240419,160000,22.7,22.7,22.7,22.7,18,0
FTE,60,20240419,170000,22.7,22.9,22.7,22.9,190,0
FTE,60,20240422,100000,22.5,22.9,22.5,22.7,173,0
FTE,60,20240422,110000,22.7,22.7,22.7,22.7,12,0
FTE,60,20240422,120000,22.5,22.6,22.5,22.6,22,0
FTE,60,20240422,130000,22.7,22.8,22.6,22.8,97,0
FTE,60,20240422,140000,22.8,23.3,22.7,23.3,1543,0
FTE,60,20240422,150000,23.3,23.4,23.3,23.3,332,0
FTE,60,20240422,160000,23.3,23.3,23.3,23.3,10,0
FTE,60,20240422,170000,23.2,23.3,23.1,23.3,302,0
FTE,60,20240423,100000,23.3,23.3,23.3,23.3,15,0
FTE,60,20240423,130000,23.3,23.4,23.3,23.4,177,0
FTE,60,20240423,140000,23.4,23.4,23.4,23.4,202,0
FTE,60,20240423,150000,23.4,23.4,23.4,23.4,17,0
FTE,60,20240423,160000,23.1,23.1,23.1,23.1,1,0
FTE,60,20240423,170000,23.1,23.1,23.1,23.1,1,0
FTE,60,20240424,100000,23.3,23.3,23.3,23.3,56,0
FTE,60,20240424,110000,23.3,23.4,23.3,23.4,1822,0
FTE,60,20240424,120000,23.4,23.4,23.4,23.4,17,0
FTE,60,20240424,130000,23.3,23.3,23.3,23.3,180,0
FTE,60,20240424,150000,23.2,23.2,23.2,23.2,87,0
FTE,60,20240424,160000,23.4,23.4,23.3,23.4,28,0
FTE,60,20240424,170000,23.4,23.4,23.3,23.4,510,0
FTE,60,20240425,100000,23.4,23.4,22.9,23.2,124,0
FTE,60,20240425,110000,22.9,22.9,22.9,22.9,105,0
FTE,60,20240425,120000,23,23,23,23,17,0
FTE,60,20240425,150000,23,23.2,23,23.2,99,0
FTE,60,20240425,160000,23.2,23.2,23.1,23.1,44,0
FTE,60,20240425,170000,22.9,23,22.9,23,67,0
FTE,60,20240426,100000,23.1,23.1,23.1,23.1,3,0
FTE,60,20240426,110000,22.8,23.1,22.8,23.1,17,0
FTE,60,20240426,120000,23,23,22.9,22.9,5,0
FTE,60,20240426,130000,23.1,23.1,23.1,23.1,3,0
FTE,60,20240426,140000,23.1,23.1,23.1,23.1,17,0
FTE,60,20240426,160000,23,23,23,23,100,0
FTE,60,20240426,170000,23,23,23,23,223,0
FTE,60,20240429,100000,23,23,22.7,22.7,355,0
FTE,60,20240429,120000,22.7,22.7,22.6,22.6,51,0
FTE,60,20240429,130000,22.6,22.7,22.6,22.7,94,0
FTE,60,20240429,150000,22.7,22.7,22.7,22.7,1,0
FTE,60,20240429,160000,22.8,22.8,22.8,22.8,144,0
FTE,60,20240429,170000,22.9,22.9,22.9,22.9,317,0
FTE,60,20240430,100000,22.9,22.9,22.7,22.7,23,0
FTE,60,20240430,120000,22.9,22.9,22.9,22.9,18,0
FTE,60,20240430,140000,22.9,22.9,22.9,22.9,15,0
FTE,60,20240430,160000,22.9,22.9,22.9,22.9,1,0
FTE,60,20240430,170000,23,23,23,23,1,0
FTE,60,20240502,100000,23,23.2,23,23.2,825,0
FTE,60,20240502,110000,23.2,23.2,23.2,23.2,400,0
FTE,60,20240502,120000,23.1,23.1,23.1,23.1,10,0
FTE,60,20240502,130000,22.9,22.9,22.9,22.9,1,0
FTE,60,20240502,140000,22.9,23,22.9,23,18,0
FTE,60,20240502,170000,23.1,23.1,23.1,23.1,4,0
FTE,60,20240506,100000,23.1,23.1,22.9,22.9,99,0
FTE,60,20240506,110000,22.8,22.8,22.7,22.7,508,0
FTE,60,20240506,120000,22.8,22.8,22.3,22.8,818,0
FTE,60,20240506,130000,22.7,22.7,22.7,22.7,50,0
FTE,60,20240506,140000,22.6,22.6,22.3,22.4,646,0
FTE,60,20240506,150000,22.4,22.5,21.8,22.1,3760,0
FTE,60,20240506,160000,22.1,23.1,22,22.6,4883,0
FTE,60,20240506,170000,22.8,23.2,22.8,23.2,214,0
FTE,60,20240507,100000,23.2,23.2,23,23,3,0
FTE,60,20240507,120000,22.9,22.9,22.9,22.9,108,0
FTE,60,20240507,140000,22.8,22.8,22.8,22.8,50,0
FTE,60,20240507,150000,22.8,22.8,22.8,22.8,3,0
FTE,60,20240507,170000,22.9,23,22.7,23,233,0
FTE,60,20240508,100000,23,23,23,23,2,0
FTE,60,20240508,120000,23,23,23,23,197,0
FTE,60,20240508,130000,23.2,23.2,23.2,23.2,20,0
FTE,60,20240508,150000,22.8,22.8,22.6,22.6,224,0
FTE,60,20240508,160000,23,23,23,23,617,0
FTE,60,20240508,170000,23,23,23,23,91,0
FTE,60,20240509,100000,23.2,23.2,22.7,23,443,0
FTE,60,20240509,110000,23,23.2,23,23,33076,0
FTE,60,20240509,120000,23.2,23.2,22.9,22.9,413,0
FTE,60,20240509,140000,23,23.2,22.9,23.2,47,0
FTE,60,20240509,170000,23,23,23,23,47177,0
FTE,60,20240510,100000,23,23,22.9,22.9,312,0
FTE,60,20240510,110000,22.8,22.9,22.8,22.9,105,0
FTE,60,20240510,120000,22.8,22.8,22.8,22.8,1050,0
FTE,60,20240510,130000,22.9,22.9,22.7,22.8,1504,0
FTE,60,20240510,140000,22.8,22.8,22.8,22.8,31,0
FTE,60,20240510,150000,22.8,22.9,22.8,22.8,1470,0
FTE,60,20240510,160000,22.9,22.9,22.9,22.9,3,0
FTE,60,20240510,170000,22.9,22.9,22.9,22.9,3,0
FTE,60,20240513,100000,23.2,23.2,22.9,22.9,645,0
FTE,60,20240513,120000,22.9,22.9,22.9,22.9,752,0
FTE,60,20240513,130000,22.9,22.9,22.6,22.6,46,0
FTE,60,20240513,150000,22.7,22.7,22.6,22.6,1187,0
FTE,60,20240513,160000,22.6,22.9,22.6,22.7,119,0
FTE,60,20240513,170000,22.6,22.7,22.6,22.7,154,0
FTE,60,20240514,100000,22.9,22.9,22.6,22.6,651,0
FTE,60,20240514,110000,22.7,22.7,22.7,22.7,5,0
FTE,60,20240514,120000,22.9,22.9,22.7,22.9,231,0
FTE,60,20240514,130000,22.9,22.9,22.9,22.9,12,0
FTE,60,20240514,140000,22.7,22.9,22.7,22.9,554,0
FTE,60,20240514,150000,22.9,22.9,22.6,22.6,483,0
FTE,60,20240514,170000,22.9,22.9,22.9,22.9,2,0
FTE,60,20240515,100000,23,23,23,23,109,0
FTE,60,20240515,120000,22.7,22.7,22.6,22.6,456,0
FTE,60,20240515,130000,22.9,23.2,22.8,23.2,1057,0
FTE,60,20240515,140000,22.9,23.2,22.9,23.2,2093,0
FTE,60,20240515,150000,22.9,22.9,22.6,22.9,6056,0
FTE,60,20240516,100000,22.9,22.9,22.7,22.9,88,0
FTE,60,20240516,110000,22.7,22.9,22.7,22.9,18,0
FTE,60,20240516,120000,22.9,22.9,22.7,22.9,449,0
FTE,60,20240516,140000,22.9,22.9,22.9,22.9,8,0
FTE,60,20240516,150000,22.9,22.9,22.9,22.9,2,0
FTE,60,20240517,100000,22.9,22.9,22.7,22.9,1007,0
FTE,60,20240517,120000,22.7,22.7,22.4,22.4,1227,0
FTE,60,20240517,140000,22.7,22.8,22.7,22.8,132,0
FTE,60,20240517,150000,22.6,22.6,22.5,22.5,3,0
FTE,60,20240517,160000,22.8,22.8,22.8,22.8,100,0
FTE,60,20240517,170000,22.8,22.8,22.8,22.8,350,0
FTE,60,20240520,100000,22.8,22.8,22.8,22.8,31,0
FTE,60,20240520,130000,22.7,22.7,22.7,22.7,30,0
FTE,60,20240520,140000,22.8,22.8,22.8,22.8,20,0
FTE,60,20240520,150000,22.8,22.8,22.5,22.5,6699,0
FTE,60,20240520,160000,22.7,22.7,22.7,22.7,147,0
FTE,60,20240521,100000,22.5,22.6,22.1,22.4,1197,0
FTE,60,20240521,110000,22.4,22.6,22.4,22.6,586,0
FTE,60,20240521,120000,22.6,22.6,22.4,22.6,197,0
FTE,60,20240521,130000,22.4,22.5,22.4,22.5,122,0
FTE,60,20240521,140000,22.4,22.4,22.4,22.4,235,0
FTE,60,20240521,150000,22.5,22.6,22.5,22.6,10,0
FTE,60,20240521,170000,22.5,22.5,22.5,22.5,10,0
FTE,60,20240522,100000,22.5,22.5,22.4,22.4,202,0
FTE,60,20240522,110000,22.5,22.6,22.4,22.4,369,0
FTE,60,20240522,120000,22.3,22.4,22.3,22.4,51,0
FTE,60,20240522,130000,22.5,22.6,22.5,22.6,1525,0
FTE,60,20240522,150000,22.6,22.6,22.6,22.6,91,0
FTE,60,20240522,160000,22.6,22.6,22.6,22.6,44,0
FTE,60,20240523,100000,22.7,22.8,22.7,22.8,532,0
FTE,60,20240523,110000,22.8,23.1,22.8,22.9,2003,0
FTE,60,20240523,130000,22.8,22.8,22.8,22.8,15,0
FTE,60,20240523,140000,22.8,22.8,22.7,22.7,256,0
FTE,60,20240523,150000,23,23,22.7,22.7,59,0
FTE,60,20240523,170000,22.9,23.1,22.9,23.1,1810,0
FTE,60,20240524,100000,23.1,23.1,23,23.1,11,0
FTE,60,20240524,120000,23,23.3,22.8,22.8,27538,0
FTE,60,20240524,150000,23,23.1,23,23.1,1389,0
FTE,60,20240524,160000,23.1,23.1,23.1,23.1,326,0
FTE,60,20240524,170000,23.4,23.4,23.4,23.4,1,0
FTE,60,20240527,100000,23.4,23.4,23.1,23.1,357,0
FTE,60,20240527,110000,23,23,23,23,111,0
FTE,60,20240527,120000,23,23,23,23,243,0
FTE,60,20240527,150000,23,23,23,23,14,0
FTE,60,20240527,170000,23,23,23,23,1,0
FTE,60,20240528,100000,23,23,22.8,22.8,22,0
FTE,60,20240528,110000,22.8,23,22.8,23,141,0
FTE,60,20240529,100000,22.9,22.9,22.7,22.7,209,0
FTE,60,20240529,110000,22.7,22.7,22.7,22.7,907,0
FTE,60,20240529,120000,22.6,22.6,22.6,22.6,686,0
FTE,60,20240529,130000,22.7,22.7,22.5,22.5,222,0
FTE,60,20240529,140000,22.5,22.5,22.4,22.4,464,0
FTE,60,20240529,150000,22.3,22.3,22.3,22.3,160,0
FTE,60,20240529,160000,22.3,22.3,22.2,22.2,100,0
FTE,60,20240529,170000,22.4,22.5,22.4,22.5,337,0
FTE,60,20240531,100000,22.3,22.6,22.3,22.6,6,0
FTE,60,20240531,110000,22.6,22.6,22.6,22.6,64,0
FTE,60,20240531,120000,22.5,22.6,22.4,22.6,317,0
FTE,60,20240531,160000,22.4,22.4,22.3,22.3,115,0
FTE,60,20240603,100000,22.4,22.8,22.4,22.6,8185,0
FTE,60,20240603,130000,22.8,22.8,22.6,22.6,3002,0
FTE,60,20240603,170000,22.6,22.8,22.5,22.7,6011,0
FTE,60,20240604,100000,22.7,22.7,22.7,22.7,117,0
FTE,60,20240604,110000,22.6,22.6,22.6,22.6,96,0
FTE,60,20240604,120000,22.6,22.6,22.6,22.6,10,0
FTE,60,20240604,140000,22.6,22.6,22.6,22.6,40,0
FTE,60,20240605,100000,22.3,22.3,22.3,22.3,172,0
FTE,60,20240605,120000,22.4,22.4,22.4,22.4,1,0
FTE,60,20240606,100000,22.3,22.3,22.3,22.3,188,0
FTE,60,20240606,120000,22.4,22.4,22.3,22.3,49,0
FTE,60,20240606,130000,22.3,22.4,22.2,22.4,231,0
FTE,60,20240606,150000,22.4,22.4,22.4,22.4,1,0
FTE,60,20240606,160000,22.4,22.4,22.4,22.4,74,0
FTE,60,20240607,100000,22.3,22.3,22.3,22.3,52,0
FTE,60,20240607,140000,22.3,22.3,22.2,22.2,178,0
FTE,60,20240607,160000,22.3,22.4,22.3,22.4,83,0
FTE,60,20240607,170000,22.4,22.4,22.4,22.4,5,0
FTE,60,20240610,100000,22.4,22.4,22.4,22.4,2,0
FTE,60,20240610,130000,22.3,22.3,22.3,22.3,101,0
FTE,60,20240610,140000,22.2,22.2,21.9,22,1166,0
FTE,60,20240610,150000,21.8,22.1,21.2,21.6,2523,0
FTE,60,20240610,160000,22,22.1,21.8,22.1,113,0
FTE,60,20240610,170000,22.2,22.4,22.2,22.4,117,0
FTE,60,20240611,100000,22.4,22.4,22.4,22.4,103,0
FTE,60,20240611,110000,22.4,22.4,22.4,22.4,897,0
FTE,60,20240611,120000,22.3,22.3,22.3,22.3,5,0
FTE,60,20240611,140000,22.1,22.1,22,22,332,0
FTE,60,20240611,150000,22.1,22.1,22.1,22.1,2,0
FTE,60,20240611,160000,22.2,22.2,22.2,22.2,242,0
FTE,60,20240611,170000,22.2,22.3,21.9,22.3,142,0
FTE,60,20240612,100000,22,22,22,22,171,0
FTE,60,20240612,120000,22,22,22,22,23,0
FTE,60,20240612,140000,21.9,21.9,21.9,21.9,82,0
FTE,60,20240612,150000,21.9,21.9,21.8,21.8,244,0
FTE,60,20240612,160000,22.1,22.1,22.1,22.1,1,0
FTE,60,20240612,170000,21.9,22.2,21.9,22.2,2,0
FTE,60,20240613,100000,22.2,22.2,21.7,21.7,102,0
FTE,60,20240613,110000,21.8,21.8,21.7,21.7,293,0
FTE,60,20240613,120000,21.6,21.7,21.4,21.7,998,0
FTE,60,20240613,130000,21.7,21.7,21.6,21.6,19,0
FTE,60,20240613,140000,21.5,21.5,21.4,21.4,471,0
FTE,60,20240613,150000,21.6,21.6,21.4,21.4,414,0
FTE,60,20240613,160000,21.6,21.6,21.6,21.6,18,0
FTE,60,20240613,170000,21.7,22,21.7,21.8,948,0
FTE,60,20240614,100000,21.5,21.5,21.3,21.5,825,0
FTE,60,20240614,120000,21.6,21.6,21.6,21.6,19,0
FTE,60,20240614,130000,21.4,21.4,21.4,21.4,201,0
FTE,60,20240614,140000,21.3,21.5,21.3,21.5,641,0
FTE,60,20240614,150000,21.4,21.5,21.2,21.5,59,0
FTE,60,20240614,170000,21.3,21.6,21.2,21.6,48,0
FTE,60,20240617,100000,21.6,21.6,21.6,21.6,3,0
FTE,60,20240617,110000,21.3,21.3,21.3,21.3,71,0
FTE,60,20240617,120000,21.5,21.5,21.5,21.5,2,0
FTE,60,20240617,130000,21.6,21.6,21.6,21.6,10,0
FTE,60,20240617,140000,21.6,21.6,21.6,21.6,71,0
FTE,60,20240617,150000,21.6,21.6,21.6,21.6,32,0
FTE,60,20240617,170000,21.5,22,21.5,21.8,687,0
FTE,60,20240618,100000,21.9,22,21.3,21.3,350,0
FTE,60,20240618,110000,21.3,21.3,21.3,21.3,741,0
FTE,60,20240618,120000,21.3,21.3,21.3,21.3,19,0
FTE,60,20240618,130000,21.3,21.3,21.3,21.3,1,0
FTE,60,20240618,140000,21.3,21.3,21.3,21.3,1,0
FTE,60,20240618,150000,21.2,21.3,21.2,21.3,240,0
FTE,60,20240618,160000,21.3,21.3,21.2,21.3,273,0
FTE,60,20240618,170000,21.3,21.3,21.3,21.3,1,0
FTE,60,20240619,100000,21.5,21.5,21.1,21.4,412,0
FTE,60,20240619,110000,21.3,21.4,21,21.4,731,0
FTE,60,20240619,120000,21.3,21.3,21.3,21.3,19,0
FTE,60,20240619,130000,21.2,21.2,21.1,21.2,85,0
FTE,60,20240619,140000,21.2,21.2,21.2,21.2,4,0
FTE,60,20240619,150000,21.2,21.3,21.2,21.3,255,0
FTE,60,20240619,160000,21.2,21.3,21.1,21.3,18,0
FTE,60,20240620,100000,21.3,21.3,21.3,21.3,91,0
FTE,60,20240620,110000,21.3,21.5,21.2,21.5,537,0
FTE,60,20240620,120000,21.3,21.3,21.2,21.2,532,0
FTE,60,20240620,130000,21.3,21.3,21.1,21.1,368,0
FTE,60,20240620,140000,21.2,21.3,21,21.3,315,0
FTE,60,20240620,150000,21.3,21.3,21.2,21.2,11,0
FTE,60,20240620,170000,21.2,21.3,21.2,21.3,88,0
FTE,60,20240621,100000,21.3,21.3,21.3,21.3,10,0
FTE,60,20240621,130000,21.3,21.3,21,21,116,0
FTE,60,20240621,140000,21.1,21.2,21,21.2,119,0
FTE,60,20240621,150000,21.3,21.3,21.2,21.2,27,0
FTE,60,20240621,160000,21.3,21.7,21.3,21.7,344,0
FTE,60,20240621,170000,21.5,22.7,21.4,22.7,3419,0
FTE,60,20240624,100000,22.4,22.4,22.4,22.4,3,0
FTE,60,20240624,110000,22.3,22.4,22.3,22.4,13,0
FTE,60,20240624,120000,21.9,21.9,21.9,21.9,1,0
FTE,60,20240624,130000,21.9,22,21.9,22,229,0
FTE,60,20240624,140000,22,22,22,22,5,0
FTE,60,20240624,150000,21.9,22,21.9,22,539,0
FTE,60,20240624,160000,22,22,22,22,130,0
FTE,60,20240624,170000,21.9,21.9,21.9,21.9,70,0
FTE,60,20240625,100000,22,22,21.5,22,108,0
FTE,60,20240625,110000,22,22,22,22,1,0
FTE,60,20240625,120000,21.9,21.9,21.9,21.9,4,0
FTE,60,20240625,150000,21.7,21.7,21.5,21.5,96,0
FTE,60,20240625,170000,21.9,21.9,21.9,21.9,10,0
FTE,60,20240626,100000,21.9,21.9,21.5,21.5,4,0
FTE,60,20240626,110000,21.6,21.9,21.4,21.9,765,0
FTE,60,20240626,120000,21.8,21.9,21.8,21.9,500,0
FTE,60,20240626,130000,21.8,22,21.8,22,46,0
FTE,60,20240626,140000,21.4,22,21.4,22,33,0
FTE,60,20240626,170000,22,22,22,22,5,0
FTE,60,20240627,100000,22,22,22,22,2,0
FTE,60,20240627,130000,21.9,22,21.9,22,52,0
FTE,60,20240627,140000,22,22,22,22,20,0
FTE,60,20240627,150000,22,22,22,22,2,0
FTE,60,20240627,160000,21.6,21.6,21.4,21.4,500,0
FTE,60,20240627,170000,21.6,21.6,21.6,21.6,2,0
FTE,60,20240628,100000,21.7,21.8,21.7,21.8,114,0
FTE,60,20240628,110000,21.7,21.8,21.7,21.8,60,0
FTE,60,20240628,130000,21.4,21.5,21.1,21.1,615,0
FTE,60,20240628,140000,21.5,21.5,21.5,21.5,1,0
FTE,60,20240628,150000,21.5,21.6,21.5,21.6,36,0
FTE,60,20240628,160000,21.6,22,21.3,21.5,2003,0
FTE,60,20240628,170000,21.8,22,21.6,21.6,320,0
FTE,60,20240701,100000,22,22.2,21.7,22.2,396,0
FTE,60,20240701,120000,22.1,22.4,22.1,22.2,851,0
FTE,60,20240701,140000,22.2,22.2,22.2,22.2,20,0
FTE,60,20240701,150000,22.2,22.2,22.1,22.1,88,0
FTE,60,20240701,160000,22.2,22.2,22.1,22.2,3219,0
FTE,60,20240701,170000,22.2,22.2,22.2,22.2,10,0
FTE,60,20240702,100000,22.2,22.2,22.2,22.2,47,0
FTE,60,20240702,130000,22.5,22.5,22.5,22.5,18,0
FTE,60,20240702,150000,21.9,21.9,21.9,21.9,1,0
FTE,60,20240703,100000,22.4,22.4,22.4,22.4,1,0
FTE,60,20240703,130000,22.4,22.4,22.4,22.4,18,0
FTE,60,20240703,140000,22,22,21.9,21.9,43,0
FTE,60,20240704,100000,22.1,22.1,22.1,22.1,2,0
FTE,60,20240704,140000,22.1,22.3,22.1,22.3,39,0
FTE,60,20240705,100000,22.2,22.2,21.9,22.1,64,0
FTE,60,20240705,120000,22.2,22.2,22.2,22.2,18,0
FTE,60,20240705,130000,22.1,22.1,22.1,22.1,200,0
FTE,60,20240705,160000,22.1,22.2,22.1,22.2,28,0
FTE,60,20240705,170000,22.2,22.2,22.2,22.2,1,0
FTE,60,20240708,100000,22.1,22.2,22.1,22.2,915,0
FTE,60,20240708,120000,22.2,22.2,22.2,22.2,1,0
FTE,60,20240708,130000,22.3,22.3,22.3,22.3,3,0
FTE,60,20240708,150000,22.1,22.1,22.1,22.1,9,0
FTE,60,20240708,160000,22.3,22.3,22,22,90,0
FTE,60,20240708,170000,22.3,22.5,22.3,22.5,1396,0
FTE,60,20240709,100000,22.6,22.6,22.5,22.6,331,0
FTE,60,20240709,110000,22.6,22.6,22.6,22.6,201,0
FTE,60,20240709,120000,22.5,22.5,22.5,22.5,18,0
FTE,60,20240709,170000,22.5,22.5,22.5,22.5,101,0
FTE,60,20240710,100000,22.3,22.3,22.3,22.3,27,0
FTE,60,20240710,120000,22.3,22.3,22.3,22.3,17,0
FTE,60,20240710,130000,22.2,22.5,22.2,22.5,348,0
FTE,60,20240710,150000,22.5,22.5,22.5,22.5,346,0
FTE,60,20240710,160000,22.6,22.6,22.5,22.5,92,0
FTE,60,20240710,170000,22.6,22.6,22.6,22.6,6,0
FTE,60,20240711,100000,22.6,22.6,22.5,22.5,49,0
FTE,60,20240711,110000,22.2,22.2,22.2,22.2,6,0
FTE,60,20240711,120000,22.5,22.5,22.5,22.5,17,0
FTE,60,20240711,150000,22.2,22.2,22.2,22.2,10,0
FTE,60,20240712,100000,22.2,22.2,22.2,22.2,2,0
FTE,60,20240712,120000,22.2,22.3,22,22.3,1218,0
FTE,60,20240712,160000,21.9,21.9,21.9,21.9,10,0
FTE,60,20240715,100000,22.3,22.3,22.3,22.3,2,0
FTE,60,20240715,110000,22.3,22.3,22.3,22.3,40,0
FTE,60,20240715,120000,22.3,22.3,22.3,22.3,18,0
FTE,60,20240715,130000,22,22.3,22,22.3,24,0
FTE,60,20240715,140000,22.2,22.2,22.2,22.2,1,0
FTE,60,20240715,170000,22.3,22.3,22.3,22.3,1,0
FTE,60,20240716,100000,22,22.2,22,22,488,0
FTE,60,20240716,110000,22,22,22,22,174,0
FTE,60,20240716,120000,22,22,22,22,18,0
FTE,60,20240716,130000,21.9,22,21.9,22,328,0
FTE,60,20240716,140000,22,22,22,22,18,0
FTE,60,20240716,150000,21.8,21.9,21.8,21.9,223,0
FTE,60,20240716,160000,21.7,21.7,21.7,21.7,403,0
FTE,60,20240716,170000,21.5,21.5,21.5,21.5,443,0
FTE,60,20240717,100000,21.5,21.5,21.5,21.5,41,0
FTE,60,20240717,120000,21.7,21.7,21.7,21.7,18,0
FTE,60,20240717,140000,21.5,21.5,21.5,21.5,137,0
FTE,60,20240717,150000,21.5,21.5,21.5,21.5,22,0
FTE,60,20240717,160000,21.5,21.5,21.5,21.5,62,0
FTE,60,20240717,170000,21.8,21.8,21.8,21.8,2,0
FTE,60,20240718,100000,21.8,21.8,21.5,21.5,54,0
FTE,60,20240718,110000,21.5,21.5,21.3,21.3,164,0
FTE,60,20240718,120000,21.4,21.4,21.2,21.2,4,0
FTE,60,20240718,130000,21.2,21.3,21.1,21.3,610,0
FTE,60,20240718,140000,21.4,21.4,21.4,21.4,1,0
FTE,60,20240718,150000,21.4,21.5,21.3,21.5,444,0
FTE,60,20240718,160000,21.2,21.5,21.2,21.5,44,0
FTE,60,20240719,100000,21.8,21.8,21.2,21.8,27,0
FTE,60,20240719,110000,21.5,21.8,21.5,21.8,21,0
FTE,60,20240719,120000,21.8,21.8,21.8,21.8,18,0
FTE,60,20240719,130000,21.8,21.8,21.7,21.8,201,0
FTE,60,20240719,140000,21.8,21.8,21.8,21.8,9,0
FTE,60,20240719,160000,21.8,21.8,21.8,21.8,100,0
FTE,60,20240722,100000,21.8,21.8,21.7,21.7,3,0
FTE,60,20240722,120000,21.7,21.8,21.7,21.8,13,0
FTE,60,20240722,130000,21.5,21.6,21,21.4,1463,0
FTE,60,20240722,140000,21.3,21.3,20.8,21.1,1082,0
FTE,60,20240722,150000,21.1,21.1,21.1,21.1,5,0
FTE,60,20240722,160000,21.1,21.2,21.1,21.1,464,0
FTE,60,20240722,170000,21.2,21.4,21.1,21.1,460,0
FTE,60,20240723,100000,21,21.2,20.8,21.2,303,0
FTE,60,20240723,110000,21.1,21.2,21.1,21.2,12,0
FTE,60,20240723,120000,21,21.2,21,21.2,34,0
FTE,60,20240723,130000,21,21,21,21,19,0
FTE,60,20240723,140000,21,21,20.3,20.3,1607,0
FTE,60,20240723,150000,21,21.2,21,21,145,0
FTE,60,20240723,160000,21,21.1,21,21.1,72,0
FTE,60,20240723,170000,21,21.1,21,21.1,178,0
FTE,60,20240724,100000,21.1,21.2,21.1,21.2,2822,0
FTE,60,20240724,110000,21,21.2,21,21,373,0
FTE,60,20240724,120000,21,21,20.6,20.9,203,0
FTE,60,20240724,130000,20.7,21,20.2,20.2,2092,0
FTE,60,20240724,140000,20.5,20.7,20.2,20.5,306,0
FTE,60,20240724,150000,20.5,20.6,20.4,20.6,297,0
FTE,60,20240724,160000,20.4,20.6,20.4,20.6,26,0
FTE,60,20240724,170000,20.7,20.7,20.4,20.7,122,0
FTE,60,20240725,100000,20.7,20.7,20.5,20.7,17,0
FTE,60,20240725,110000,20.7,20.7,20.5,20.7,191,0
FTE,60,20240725,120000,20.4,20.7,20.4,20.7,24,0
FTE,60,20240725,130000,20.7,20.7,20.5,20.5,65,0
FTE,60,20240725,140000,20.7,20.8,20.4,20.7,235,0
FTE,60,20240725,150000,20.5,20.7,20.4,20.7,175,0
FTE,60,20240725,160000,20.4,20.7,20.3,20.7,1181,0
FTE,60,20240725,170000,20.6,20.7,20.6,20.7,13,0
FTE,60,20240726,100000,20.5,20.7,20.5,20.7,219,0
FTE,60,20240726,110000,20.5,20.5,20.5,20.5,3,0
FTE,60,20240726,120000,20.7,20.7,20.5,20.7,33,0
FTE,60,20240726,130000,20.7,20.7,20.5,20.7,60,0
FTE,60,20240726,170000,20.5,20.7,20,20.3,2242,0
FTE,60,20240729,100000,20.3,20.3,20.2,20.3,162,0
FTE,60,20240729,110000,20.1,20.2,20.1,20.2,196,0
FTE,60,20240729,120000,20.3,20.3,20,20.1,224,0
FTE,60,20240729,130000,20,20.1,20,20.1,4,0
FTE,60,20240729,140000,20.1,20.1,20.1,20.1,50,0
FTE,60,20240729,150000,19.95,20.1,19.95,20.1,131,0
FTE,60,20240729,160000,20,20.1,20,20.1,17,0
FTE,60,20240730,100000,20.1,20.1,19.1,19.65,1529,0
FTE,60,20240730,110000,19.6,19.7,19.6,19.6,202,0
FTE,60,20240730,120000,19.6,19.7,19.55,19.7,530,0
FTE,60,20240730,130000,19.65,19.65,19.6,19.6,23,0
FTE,60,20240730,140000,19.6,19.7,19.55,19.7,135,0
FTE,60,20240730,150000,19.55,19.65,19.55,19.65,52,0
FTE,60,20240730,160000,19.65,19.7,19.65,19.7,117,0
FTE,60,20240730,170000,19.6,19.8,19.55,19.8,111,0
FTE,60,20240731,100000,19.8,19.95,19.8,19.95,155,0
FTE,60,20240731,110000,19.95,19.95,19.95,19.95,5,0
FTE,60,20240731,120000,19.65,19.95,19.65,19.95,22,0
FTE,60,20240731,130000,19.85,19.85,19.85,19.85,8,0
FTE,60,20240731,160000,19.85,20,19.85,20,103,0
FTE,60,20240731,170000,19.95,19.95,19.95,19.95,21,0
FTE,60,20240801,100000,20,20,19.65,19.95,149,0
FTE,60,20240801,110000,19.95,19.95,19.95,19.95,50,0
FTE,60,20240801,120000,19.75,19.75,19.75,19.75,20,0
FTE,60,20240801,140000,19.9,19.9,19.85,19.9,101,0
FTE,60,20240801,150000,19.9,19.9,19.9,19.9,22,0
FTE,60,20240801,160000,19.9,19.9,19.9,19.9,53,0
FTE,60,20240802,100000,19.75,19.75,19.7,19.7,38,0
FTE,60,20240802,110000,19.7,19.75,19.7,19.75,19,0
FTE,60,20240802,120000,19.7,19.75,19.7,19.7,205,0
FTE,60,20240802,150000,19.75,19.75,19.75,19.75,100,0
FTE,60,20240802,160000,19.7,19.7,19.65,19.65,70,0
FTE,60,20240802,170000,19.75,19.75,19.75,19.75,94,0
FTE,60,20240805,100000,19.75,19.75,19.3,19.6,1559,0
FTE,60,20240805,110000,19.65,20,19.65,20,186,0
FTE,60,20240805,120000,19.9,19.95,19.9,19.95,192,0
FTE,60,20240805,130000,19.9,19.9,19.7,19.7,903,0
FTE,60,20240805,140000,19.7,19.7,19.7,19.7,20,0
FTE,60,20240805,150000,19.85,19.85,19.85,19.85,15,0
FTE,60,20240805,170000,19.85,19.9,19.85,19.9,220,0
FTE,60,20240806,100000,19.9,20.1,19.9,20.1,206,0
FTE,60,20240806,110000,20.1,20.1,20.1,20.1,16,0
FTE,60,20240806,120000,20.1,20.2,20.1,20.2,254,0
FTE,60,20240806,130000,20.1,20.2,20.1,20.2,32,0
FTE,60,20240806,140000,20.2,20.2,20.2,20.2,31,0
FTE,60,20240806,150000,20.2,20.2,20.2,20.2,74,0
FTE,60,20240806,160000,20.2,20.3,20.2,20.3,25,0
FTE,60,20240807,100000,20,20.3,20,20.3,94,0
FTE,60,20240807,110000,20.2,20.3,20.2,20.3,44,0
FTE,60,20240807,120000,20.1,20.1,20.1,20.1,19,0
FTE,60,20240807,130000,20.3,20.4,20.3,20.4,8,0
FTE,60,20240807,170000,20.2,20.2,20.2,20.2,63,0
FTE,60,20240808,100000,20.3,20.3,20.3,20.3,2,0
FTE,60,20240808,110000,20.3,21,20.3,20.8,1176,0
FTE,60,20240808,120000,20.8,20.8,20.8,20.8,30,0
FTE,60,20240808,130000,20.8,20.8,20.8,20.8,392,0
FTE,60,20240808,140000,20.8,21.6,20.8,21.6,956,0
FTE,60,20240808,150000,21.1,21.1,21,21,174,0
FTE,60,20240808,160000,21.2,21.2,21.1,21.1,306,0
FTE,60,20240808,170000,21.1,21.1,21.1,21.1,105,0
FTE,60,20240809,100000,21.2,21.2,21.2,21.2,1,0
FTE,60,20240809,110000,21.2,22.2,21.2,22.2,791,0
FTE,60,20240809,120000,21.5,21.6,21.5,21.5,232,0
FTE,60,20240809,130000,21.1,21.2,20.7,21,831,0
FTE,60,20240809,140000,20.6,21.7,19.75,21.5,1794,0
FTE,60,20240809,150000,21.2,21.5,21.1,21.1,238,0
FTE,60,20240812,100000,21.3,21.7,20.5,21.7,517,0
FTE,60,20240812,110000,21.2,21.2,21.2,21.2,1,0
FTE,60,20240812,120000,21,21,20.9,20.9,280,0
FTE,60,20240812,140000,20.9,20.9,20.8,20.8,393,0
FTE,60,20240812,150000,20.9,20.9,20.6,20.9,108,0
FTE,60,20240812,160000,20.8,20.8,20.8,20.8,1,0
FTE,60,20240812,170000,20.8,20.8,20.8,20.8,128,0
FTE,60,20240813,100000,20.7,20.7,20.7,20.7,3,0
FTE,60,20240813,110000,20.6,20.6,20.6,20.6,10,0
FTE,60,20240813,120000,20.7,20.7,20.7,20.7,19,0
FTE,60,20240813,130000,20.7,20.7,20.7,20.7,50,0
FTE,60,20240813,140000,20.8,20.8,20.8,20.8,431,0
FTE,60,20240813,150000,20.8,20.9,20.8,20.9,40,0
FTE,60,20240813,160000,20.9,21,20.9,21,4,0
FTE,60,20240813,170000,20.9,20.9,20.9,20.9,5,0
FTE,60,20240814,100000,20.9,20.9,20.7,20.7,59,0
FTE,60,20240814,110000,20.9,20.9,20.9,20.9,1,0
FTE,60,20240814,120000,20.9,20.9,20.9,20.9,19,0
FTE,60,20240814,130000,20.9,20.9,20.9,20.9,97,0
FTE,60,20240814,140000,20.9,20.9,20.7,20.7,30,0
FTE,60,20240814,150000,20.7,20.7,20.7,20.7,56,0
FTE,60,20240814,170000,20.7,20.7,20.7,20.7,57,0
FTE,60,20240816,100000,20.5,20.5,20.5,20.5,154,0
FTE,60,20240816,130000,20.6,20.6,20.5,20.5,79,0
FTE,60,20240816,140000,20.5,20.7,20.5,20.7,23,0
FTE,60,20240816,160000,20.7,20.7,20.7,20.7,81,0
FTE,60,20240816,170000,20.7,20.7,20.7,20.7,70,0
FTE,60,20240819,100000,20.9,21,20.3,20.3,316,0
FTE,60,20240819,110000,20.3,20.5,20.2,20.2,251,0
FTE,60,20240819,120000,20.4,20.4,20,20,501,0
FTE,60,20240819,130000,20.7,22.3,20.6,22.1,2266,0
FTE,60,20240819,140000,22.1,22.1,21.7,21.8,510,0
FTE,60,20240819,150000,21.8,22.1,20.3,22,1148,0
FTE,60,20240819,160000,21.7,21.9,21.7,21.8,109,0
FTE,60,20240819,170000,21.8,21.8,20.3,20.3,131,0
FTE,60,20240820,100000,20.5,21.5,20.5,21.1,267,0
FTE,60,20240820,110000,21,21.5,21,21.5,11,0
FTE,60,20240820,120000,21.5,21.5,21.5,21.5,24,0
FTE,60,20240820,130000,21.2,21.5,21.2,21.5,9,0
FTE,60,20240820,140000,21.5,21.5,21.5,21.5,142,0
FTE,60,20240820,150000,21.5,21.7,21.4,21.7,67,0
FTE,60,20240820,160000,21.7,21.7,21.2,21.6,8,0
FTE,60,20240820,170000,21.2,21.7,21.2,21.2,31,0
FTE,60,20240821,100000,21.8,21.8,21.5,21.5,102,0
FTE,60,20240821,110000,21.4,21.4,21.3,21.3,347,0
FTE,60,20240821,120000,21.3,21.6,21.3,21.6,101,0
FTE,60,20240821,140000,21.5,21.7,21.5,21.7,69,0
FTE,60,20240821,150000,21.7,21.7,21.7,21.7,18,0
FTE,60,20240821,160000,21.4,21.4,21.4,21.4,1,0
FTE,60,20240821,170000,21.6,21.7,21.6,21.7,6,0
FTE,60,20240822,100000,21.7,21.7,21.3,21.7,87,0
FTE,60,20240822,110000,21.5,21.5,21.5,21.5,2,0
FTE,60,20240822,120000,21.7,21.7,21.7,21.7,18,0
FTE,60,20240822,130000,21.7,21.7,21.7,21.7,155,0
FTE,60,20240822,140000,21.8,21.8,21.7,21.7,16,0
FTE,60,20240822,150000,22,22.2,22,22.2,109,0
FTE,60,20240822,160000,22.2,22.5,22.2,22.5,477,0
FTE,60,20240822,170000,22.5,22.5,22.5,22.5,18,0
FTE,60,20240823,100000,22.5,22.5,22.5,22.5,458,0
FTE,60,20240823,110000,22.5,22.5,22.5,22.5,104,0
FTE,60,20240823,120000,22,22.4,22,22.4,276,0
FTE,60,20240823,130000,22,22,21.4,21.8,1972,0
FTE,60,20240823,140000,21.6,21.8,21.4,21.8,125,0
FTE,60,20240823,150000,21.8,21.8,21.8,21.8,70,0
FTE,60,20240823,160000,21.6,21.9,21.6,21.9,81,0
FTE,60,20240823,170000,21.7,21.7,21.7,21.7,297,0
FTE,60,20240826,100000,21.5,21.5,21.5,21.5,1,0
FTE,60,20240826,110000,21.7,21.7,21.7,21.7,129,0
FTE,60,20240826,120000,21.5,21.5,21.5,21.5,18,0
FTE,60,20240826,130000,21.7,21.7,21.5,21.7,109,0
FTE,60,20240826,140000,21.7,21.7,21.7,21.7,90,0
FTE,60,20240826,150000,21.7,21.7,21.7,21.7,15,0
FTE,60,20240826,160000,21.7,21.7,21.7,21.7,30,0
FTE,60,20240827,100000,21.7,21.7,21.7,21.7,1,0
FTE,60,20240827,120000,21.6,21.7,21.6,21.6,165,0
FTE,60,20240827,130000,21.5,21.5,21.5,21.5,54,0
FTE,60,20240827,150000,21.5,21.6,21.5,21.6,371,0
FTE,60,20240828,100000,21.6,21.6,21,21.5,149,0
FTE,60,20240828,110000,21.2,21.2,21.1,21.1,2,0
FTE,60,20240828,120000,21.5,21.6,21.2,21.2,4,0
FTE,60,20240828,140000,21.2,21.2,21.2,21.2,1,0
FTE,60,20240828,160000,21.2,21.2,21.1,21.1,15,0
FTE,60,20240828,170000,21.1,21.1,21.1,21.1,18,0
FTE,60,20240829,100000,21.1,21.1,21.1,21.1,42,0
FTE,60,20240829,120000,21.1,21.1,21.1,21.1,18,0
FTE,60,20240829,150000,21.1,21.1,21.1,21.1,70,0
FTE,60,20240829,160000,21.1,21.1,21,21,1418,0
FTE,60,20240829,170000,20.9,21,20.9,21,326,0
FTE,60,20240830,100000,20.9,21,20.9,21,122,0
FTE,60,20240830,110000,21,21,21,21,1700,0
FTE,60,20240830,120000,20.9,21,20.9,21,724,0
FTE,60,20240830,130000,21,21,21,21,6,0
FTE,60,20240830,140000,21,21,20.9,20.9,15,0
FTE,60,20240830,150000,21,21,21,21,15,0
FTE,60,20240830,170000,21,21,21,21,206,0
FTE,60,20240902,100000,21,21,21,21,17,0
FTE,60,20240902,120000,20.9,20.9,20.9,20.9,15,0
FTE,60,20240902,140000,21.1,21.1,21,21,50,0
FTE,60,20240903,100000,21,21.4,21,21.4,101,0
FTE,60,20240903,110000,21.2,21.5,21.2,21.5,3,0
FTE,60,20240903,130000,21.4,21.4,21.4,21.4,100,0
FTE,60,20240903,150000,21.5,21.5,21.5,21.5,4,0
FTE,60,20240903,160000,21.4,21.4,21.4,21.4,1,0
FTE,60,20240903,170000,21.4,21.4,21.4,21.4,540,0
FTE,60,20240904,100000,21.5,21.5,21.5,21.5,2,0
FTE,60,20240904,120000,21.4,21.4,21.4,21.4,3,0
FTE,60,20240904,130000,21.4,21.4,21.4,21.4,60,0
FTE,60,20240904,140000,21.2,21.2,21.2,21.2,1,0
FTE,60,20240904,150000,21.1,21.1,20.8,20.8,342,0
FTE,60,20240904,170000,21.3,21.3,21.3,21.3,16,0
FTE,60,20240905,100000,21.3,21.3,21.2,21.2,3,0
FTE,60,20240905,110000,21.2,21.2,21.2,21.2,1,0
FTE,60,20240905,120000,21.3,21.3,21.3,21.3,18,0
FTE,60,20240905,140000,21.2,21.2,21.2,21.2,1,0
FTE,60,20240905,150000,21.3,21.3,21.3,21.3,23,0
FTE,60,20240906,100000,21.3,21.3,21.3,21.3,400,0
FTE,60,20240906,110000,21.1,21.1,20.8,20.8,34,0
FTE,60,20240906,120000,20.8,20.8,20.8,20.8,258,0
FTE,60,20240906,140000,20.8,20.8,20.8,20.8,101,0
FTE,60,20240906,150000,20.8,20.8,20.8,20.8,60,0
FTE,60,20240906,160000,20.8,20.8,20.8,20.8,90,0
FTE,60,20240906,170000,20.8,20.8,20.8,20.8,16,0
FTE,60,20240909,100000,21,21,20.9,20.9,52,0
FTE,60,20240909,110000,21,21,21,21,10,0
FTE,60,20240909,120000,21,21,21,21,530,0
FTE,60,20240909,130000,21,21,20.9,20.9,2,0
FTE,60,20240909,170000,21,21,21,21,1,0
FTE,60,20240910,100000,21.2,21.2,21.2,21.2,2,0
FTE,60,20240910,110000,21,21,20.8,20.8,297,0
FTE,60,20240910,120000,20.7,20.7,20.5,20.5,3217,0
FTE,60,20240910,140000,20.8,20.9,20.8,20.9,25,0
FTE,60,20240910,160000,20.7,20.7,20.7,20.7,50,0
FTE,60,20240910,170000,20.7,20.9,20.7,20.9,226,0
FTE,60,20240911,100000,20.5,20.5,20,20.1,1002,0
FTE,60,20240911,110000,20,20,19.8,20,60,0
FTE,60,20240911,120000,20,20.1,20,20,623,0
FTE,60,20240911,130000,20.1,20.1,20,20,11,0
FTE,60,20240911,140000,20,20,20,20,46,0
FTE,60,20240911,150000,20,20,20,20,54,0
FTE,60,20240911,160000,20.2,20.2,20,20,228,0
FTE,60,20240911,170000,19.95,19.95,19.95,19.95,4,0
FTE,60,20240912,100000,19.85,19.85,19.8,19.8,137,0
FTE,60,20240912,110000,19.8,19.8,19.5,19.5,345,0
FTE,60,20240912,120000,19.8,19.8,19.8,19.8,59,0
FTE,60,20240912,130000,19.8,19.8,19.8,19.8,743,0
FTE,60,20240912,140000,19.85,19.85,19.85,19.85,496,0
FTE,60,20240912,160000,19.9,19.9,19.9,19.9,56,0
FTE,60,20240912,170000,21,21,21,21,2000,0
FTE,60,20240913,100000,21,21,20.2,20.8,27,0
FTE,60,20240913,110000,20.8,21,20.8,21,1214,0
FTE,60,20240913,120000,20.8,20.8,20.8,20.8,1,0
FTE,60,20240913,140000,20.8,20.8,20.5,20.5,460,0
FTE,60,20240913,150000,20.7,20.8,20.7,20.8,10,0
FTE,60,20240913,160000,20.7,20.7,20.4,20.4,12,0
FTE,60,20240913,170000,20.5,20.6,20.5,20.5,72,0
FTE,60,20240916,100000,20.9,21,20.3,20.3,217,0
FTE,60,20240916,130000,20.9,20.9,20.4,20.5,55,0
FTE,60,20240916,140000,20.9,21,20.9,21,1300,0
FTE,60,20240916,150000,20.7,20.7,20.7,20.7,3,0
FTE,60,20240916,160000,20.7,20.9,20.7,20.9,3,0
FTE,60,20240916,170000,20.9,20.9,20.6,20.6,196,0
FTE,60,20240917,100000,20.8,20.8,20.5,20.5,6,0
FTE,60,20240917,120000,20.5,20.5,20.5,20.5,3,0
FTE,60,20240917,130000,20.5,20.5,20.3,20.3,100,0
FTE,60,20240917,140000,20.8,21,20.8,21,5893,0
FTE,60,20240917,170000,20.9,20.9,20.7,20.7,2,0
FTE,60,20240918,100000,21,21,20.8,21,87,0
FTE,60,20240918,120000,20.9,21,20.9,21,244,0
FTE,60,20240918,130000,21,21,20.8,20.8,26,0
FTE,60,20240918,170000,20.8,20.8,20.8,20.8,79,0
FTE,60,20240919,100000,21,21,20.8,20.8,404,0
FTE,60,20240919,130000,20.8,20.8,20.8,20.8,175,0
FTE,60,20240919,140000,20.9,20.9,20.9,20.9,10,0
FTE,60,20240919,150000,20.9,21,20.9,21,10,0
FTE,60,20240919,160000,20.9,20.9,20.9,20.9,100,0
FTE,60,20240919,170000,20.9,20.9,20.9,20.9,2,0
FTE,60,20240920,100000,21,21,20.4,20.4,107,0
FTE,60,20240920,120000,20.6,20.6,20.6,20.6,11,0
FTE,60,20240920,130000,20.6,20.6,20.6,20.6,59,0
FTE,60,20240920,160000,20.8,20.8,20.8,20.8,1,0
FTE,60,20240920,170000,20.9,20.9,20.8,20.8,5,0
FTE,60,20240923,100000,20.7,20.8,20.7,20.8,121,0
FTE,60,20240923,110000,20.8,20.8,20.8,20.8,59,0
FTE,60,20240923,170000,20.6,20.6,20.6,20.6,1,0
FTE,60,20240924,100000,20.5,21,20.5,21,70,0
FTE,60,20240924,110000,20.8,20.9,20.8,20.9,75,0
FTE,60,20240924,120000,20.8,20.9,20.6,20.6,4,0
FTE,60,20240924,140000,20.8,20.8,20.8,20.8,256,0
FTE,60,20240924,160000,20.6,20.6,20.6,20.6,99,0
FTE,60,20240924,170000,20.5,20.5,20.3,20.5,547,0
FTE,60,20240925,100000,20.9,20.9,20.1,20.1,51,0
FTE,60,20240925,110000,20.6,20.7,20.1,20.1,299,0
FTE,60,20240925,130000,20.4,20.8,20.1,20.8,1018,0
FTE,60,20240925,150000,20.4,20.8,20.4,20.8,1000,0
FTE,60,20240925,170000,20.2,20.7,20.2,20.7,16,0
FTE,60,20240926,100000,20.3,20.5,20.3,20.5,624,0
FTE,60,20240926,110000,20.4,20.4,20.2,20.2,80,0
FTE,60,20240926,120000,20.5,20.5,20.5,20.5,19,0
FTE,60,20240926,140000,20.4,20.5,20.2,20.2,200,0
FTE,60,20240926,160000,20.4,20.6,20.4,20.6,85,0
FTE,60,20240926,170000,20.4,20.6,20.4,20.6,31,0
FTE,60,20240927,100000,20.4,20.4,20.4,20.4,84,0
FTE,60,20240927,110000,20.3,20.4,20.2,20.4,95,0
FTE,60,20240927,120000,20.4,20.4,20.4,20.4,19,0
FTE,60,20240927,140000,20.4,20.4,20.4,20.4,5,0
FTE,60,20240927,150000,20.4,20.4,20.4,20.4,2,0
FTE,60,20240927,160000,20.4,20.6,20.4,20.6,73,0
FTE,60,20240927,170000,20.5,20.6,20.1,20.5,430,0
FTE,60,20240930,100000,20.5,21,20.5,20.9,1445,0
FTE,60,20240930,110000,20.7,20.9,20.7,20.9,8,0
FTE,60,20240930,120000,20.9,20.9,20.9,20.9,19,0
FTE,60,20240930,150000,20.9,20.9,20.9,20.9,150,0
FTE,60,20240930,160000,20.8,20.8,20.8,20.8,19,0
FTE,60,20241001,100000,21,21,20.7,20.7,26,0
FTE,60,20241001,110000,20.6,20.7,20.2,20.4,841,0
FTE,60,20241001,120000,20.4,20.4,20.4,20.4,24,0
FTE,60,20241001,140000,20.4,20.4,20.4,20.4,35,0
FTE,60,20241001,150000,20.3,20.4,20.3,20.4,41,0
FTE,60,20241001,160000,20.4,20.4,20.3,20.3,25,0
FTE,60,20241001,170000,20.3,20.4,20.3,20.4,27,0
FTE,60,20241002,100000,20.6,20.6,20.6,20.6,71,0
FTE,60,20241002,120000,20.4,20.5,20.4,20.5,20,0
FTE,60,20241002,130000,20.5,20.5,20.5,20.5,159,0
FTE,60,20241002,140000,20.4,20.4,20.4,20.4,19,0
FTE,60,20241002,150000,20.4,20.4,20.4,20.4,1,0
FTE,60,20241002,160000,20.4,20.4,20.4,20.4,295,0
FTE,60,20241002,170000,20.4,20.6,20.4,20.6,110,0
FTE,60,20241003,100000,20.6,20.6,20.4,20.4,31,0
FTE,60,20241003,110000,20.5,20.5,20.4,20.5,33,0
FTE,60,20241003,120000,20.5,20.5,20.5,20.5,30,0
FTE,60,20241003,130000,20.4,20.6,20.4,20.6,102,0
FTE,60,20241003,140000,20.5,20.9,20.5,20.9,88,0
FTE,60,20241003,150000,20.6,20.6,20.1,20.1,1993,0
FTE,60,20241003,160000,20.2,20.2,20.2,20.2,5,0
FTE,60,20241003,170000,20.2,20.2,20,20,235,0
FTE,60,20241004,100000,20.1,20.1,20,20,165,0
FTE,60,20241004,110000,20,20,20,20,45,0
FTE,60,20241004,120000,20,20,20,20,20,0
FTE,60,20241004,150000,20,20.1,19.95,20.1,102,0
FTE,60,20241004,170000,20.1,20.1,20,20,111,0
FTE,60,20241007,100000,20.1,20.1,19.9,19.9,252,0
FTE,60,20241007,110000,19.95,19.95,19.9,19.9,35,0
FTE,60,20241007,120000,20,20,19.8,20,600,0
FTE,60,20241007,140000,20,20.1,20,20.1,107,0
FTE,60,20241007,170000,20,20,20,20,66,0
FTE,60,20241008,100000,20,20,19.5,19.5,1572,0
FTE,60,20241008,120000,19.75,19.75,19.75,19.75,2,0
FTE,60,20241008,130000,19.75,19.75,19.75,19.75,8,0
FTE,60,20241008,140000,19.6,19.95,19.6,19.95,47,0
FTE,60,20241008,150000,19.95,19.95,19.95,19.95,20,0
FTE,60,20241008,160000,19.8,19.8,19.6,19.6,112,0
FTE,60,20241009,100000,19.9,20,19.9,20,107,0
FTE,60,20241009,110000,20,20,20,20,250,0
FTE,60,20241009,120000,20,20,20,20,20,0
FTE,60,20241009,130000,20,20,20,20,30,0
FTE,60,20241009,150000,19.95,19.95,19.55,19.6,525,0
FTE,60,20241009,160000,19.85,19.9,19.65,19.85,110,0
FTE,60,20241009,170000,19.75,19.75,19.75,19.75,20,0
FTE,60,20241010,100000,19.75,19.75,19.75,19.75,32,0
FTE,60,20241010,120000,19.75,19.75,19.65,19.65,68,0
FTE,60,20241010,130000,19.75,19.85,19.6,19.8,411,0
FTE,60,20241010,170000,19.7,19.75,19.7,19.75,101,0
FTE,60,20241011,100000,20,20,20,20,44,0
FTE,60,20241011,110000,19.95,19.95,19.95,19.95,26,0
FTE,60,20241011,120000,19.95,19.95,19.95,19.95,4,0
FTE,60,20241011,130000,19.95,20,19.95,20,123,0
FTE,60,20241011,140000,19.9,19.9,19.9,19.9,2,0
FTE,60,20241011,150000,19.9,19.9,19.9,19.9,1,0
FTE,60,20241011,170000,20,20,20,20,10,0
FTE,60,20241014,100000,20,20,20,20,2,0
FTE,60,20241014,110000,19.7,19.7,19.55,19.55,210,0
FTE,60,20241014,120000,19.6,19.6,19.6,19.6,241,0
FTE,60,20241014,130000,19.6,19.85,19.35,19.85,1565,0
FTE,60,20241014,140000,19.85,19.85,19.85,19.85,100,0
FTE,60,20241014,160000,19.9,19.95,19.9,19.95,202,0
FTE,60,20241014,170000,19.9,19.9,19.5,19.5,20,0
FTE,60,20241015,100000,19.6,19.6,19.5,19.5,89,0
FTE,60,20241015,110000,19.35,19.35,19.35,19.35,21,0
FTE,60,20241015,120000,19.5,19.5,19.5,19.5,7,0
FTE,60,20241015,150000,19.5,19.55,19.5,19.55,150,0
FTE,60,20241015,170000,19.55,19.55,19.4,19.4,26,0
FTE,60,20241016,100000,19.5,19.55,19.5,19.55,94,0
FTE,60,20241016,110000,19.5,19.5,19.35,19.35,158,0
FTE,60,20241016,120000,19.3,19.3,19,19,3137,0
FTE,60,20241016,130000,19.3,19.3,19.3,19.3,20,0
FTE,60,20241016,140000,19.3,19.3,19.15,19.15,51,0
FTE,60,20241016,150000,19.45,19.55,19.35,19.55,18,0
FTE,60,20241016,160000,19.35,19.55,19.35,19.55,103,0
FTE,60,20241016,170000,19.35,19.75,19.35,19.75,21,0
FTE,60,20241017,100000,19.75,19.85,19.7,19.85,502,0
FTE,60,20241017,110000,19.5,19.75,19.45,19.75,25,0
FTE,60,20241017,120000,19.5,19.75,19.45,19.45,37,0
FTE,60,20241017,170000,19.5,19.65,19.5,19.65,36,0
FTE,60,20241018,100000,19.7,19.7,19.7,19.7,82,0
FTE,60,20241018,110000,19.75,19.8,19.75,19.8,20,0
FTE,60,20241018,120000,19.55,19.55,19.55,19.55,1,0
FTE,60,20241018,170000,19.55,19.55,19.55,19.55,1,0
FTE,60,20241021,100000,19.7,19.9,19.7,19.9,574,0
FTE,60,20241021,110000,19.9,19.9,19.9,19.9,3,0
FTE,60,20241021,120000,19.9,19.9,19.85,19.9,13,0
FTE,60,20241021,130000,19.85,19.9,19.8,19.8,72,0
FTE,60,20241021,140000,19.9,19.9,19.9,19.9,137,0
FTE,60,20241021,150000,19.9,19.9,19.85,19.9,223,0
FTE,60,20241021,160000,19.9,19.9,19.65,19.65,502,0
FTE,60,20241021,170000,19.9,20.2,19.9,20.2,120,0
FTE,60,20241022,100000,20.3,20.3,19.65,19.65,462,0
FTE,60,20241022,110000,19.75,20.1,19.75,19.95,231,0
FTE,60,20241022,120000,19.7,20,19.7,20,253,0
FTE,60,20241022,130000,19.95,20,19.7,19.9,84,0
FTE,60,20241022,140000,19.7,20.2,19.7,20.2,555,0
FTE,60,20241022,150000,20.2,20.3,20.2,20.3,245,0
FTE,60,20241022,160000,20.1,20.2,20.1,20.2,85,0
FTE,60,20241022,170000,19.95,19.95,19.9,19.9,509,0
FTE,60,20241023,100000,20.1,20.4,20.1,20.4,922,0
FTE,60,20241023,110000,20.3,20.4,20,20.4,1365,0
FTE,60,20241023,120000,20.2,20.2,20.2,20.2,280,0
FTE,60,20241023,130000,20.4,20.5,20.3,20.5,71,0
FTE,60,20241023,140000,20.5,20.5,20.5,20.5,5,0
FTE,60,20241023,160000,20.4,20.4,20.4,20.4,224,0
FTE,60,20241023,170000,20.4,20.4,20.4,20.4,54,0
FTE,60,20241024,100000,20.4,20.7,20.3,20.7,3187,0
FTE,60,20241024,110000,20.6,20.6,20.6,20.6,59,0
FTE,60,20241024,120000,20.5,20.6,20.5,20.6,8,0
FTE,60,20241024,130000,20.5,20.5,20.5,20.5,3,0
FTE,60,20241024,140000,20.5,20.5,20.5,20.5,1000,0
FTE,60,20241024,150000,20.4,20.5,20.4,20.4,253,0
FTE,60,20241025,100000,20.6,20.6,20.6,20.6,3,0
FTE,60,20241025,110000,20.3,20.3,20.2,20.2,18,0
FTE,60,20241025,130000,20.3,20.3,20,20,7030,0
FTE,60,20241025,140000,20,20.5,20,20.3,6496,0
FTE,60,20241025,150000,20.1,20.1,20,20,12,0
FTE,60,20241025,160000,20.2,20.3,20,20.2,1043,0
FTE,60,20241025,170000,20.2,20.3,20.2,20.3,24,0
FTE,60,20241028,100000,20.3,20.3,20.3,20.3,2,0
FTE,60,20241028,110000,20.3,20.9,20.3,20.9,1050,0
FTE,60,20241028,120000,20.5,20.5,20.5,20.5,20,0
FTE,60,20241028,130000,20.8,20.8,20.8,20.8,9,0
FTE,60,20241028,170000,21,21,21,21,26,0
FTE,60,20241029,100000,21,21,20.3,20.3,520,0
FTE,60,20241029,110000,20.4,20.9,20.4,20.4,4003,0
FTE,60,20241029,130000,20.5,20.5,20.5,20.5,19,0
FTE,60,20241029,150000,20.5,20.5,20.5,20.5,28,0
FTE,60,20241029,170000,20.9,20.9,20.9,20.9,4,0
FTE,60,20241030,100000,20.8,20.8,20.4,20.5,1543,0
FTE,60,20241030,110000,20.5,20.5,20.2,20.2,295,0
FTE,60,20241030,120000,20.3,20.7,20.3,20.7,14448,0
FTE,60,20241030,130000,20.5,20.6,20.4,20.6,1067,0
FTE,60,20241030,140000,20.4,20.4,20.4,20.4,19,0
FTE,60,20241030,160000,20.6,20.7,20.4,20.4,143,0
FTE,60,20241030,170000,20.7,20.7,20.4,20.7,45,0
FTE,60,20241031,100000,20.7,20.8,20.5,20.8,634,0
FTE,60,20241031,110000,20.4,21.8,20.4,21.6,1967,0
FTE,60,20241031,120000,21.6,21.6,20.7,20.7,1629,0
FTE,60,20241031,130000,21.5,21.5,21,21,5,0
FTE,60,20241031,140000,21,21,21,21,350,0
FTE,60,20241031,160000,21,21,21,21,40,0
FTE,60,20241031,170000,21.1,21.3,20.9,20.9,272,0
FTE,60,20241104,100000,21.3,21.3,21.3,21.3,90,0
FTE,60,20241104,110000,21,21,20.9,20.9,46,0
FTE,60,20241104,120000,20.9,21.4,20.9,21.4,60,0
FTE,60,20241104,130000,20.9,20.9,20.1,20.7,1526,0
FTE,60,20241104,150000,20.2,20.3,20.1,20.3,470,0
FTE,60,20241104,160000,20.3,20.4,20.3,20.4,41,0
FTE,60,20241104,170000,20.4,20.4,20.4,20.4,15,0
FTE,60,20241105,100000,20.4,21.3,20.4,20.8,91,0
FTE,60,20241105,120000,20.3,20.8,20.3,20.8,290,0
FTE,60,20241105,130000,20.3,20.3,20.3,20.3,100,0
FTE,60,20241105,140000,20.7,20.7,20.7,20.7,1,0
FTE,60,20241105,150000,20.8,21.5,20.5,21.4,1725,0
FTE,60,20241105,160000,20.8,21.1,20.7,21,86,0
FTE,60,20241105,170000,21,21.1,20.7,20.7,1692,0
FTE,60,20241106,100000,21.3,21.5,20.8,21.4,1055,0
FTE,60,20241106,110000,21.6,21.6,21.4,21.4,416,0
FTE,60,20241106,120000,21.6,21.6,21.6,21.6,19,0
FTE,60,20241106,130000,21.6,22,21.6,21.9,1370,0
FTE,60,20241106,140000,21.5,21.5,21.5,21.5,100,0
FTE,60,20241106,150000,21.7,21.8,21.5,21.5,1843,0
FTE,60,20241106,170000,21.5,21.5,21.5,21.5,1,0
FTE,60,20241107,100000,22,22,21.9,21.9,926,0
FTE,60,20241107,110000,21.7,22,21.7,22,1671,0
FTE,60,20241107,120000,22.1,22.4,22.1,22.2,919,0
FTE,60,20241107,130000,22.4,22.4,22.4,22.4,54,0
FTE,60,20241107,140000,22.4,22.5,22.4,22.5,280,0
FTE,60,20241107,150000,22.2,22.4,22.1,22.1,141,0
FTE,60,20241107,170000,22.1,22.4,22.1,22.4,157,0
FTE,60,20241108,100000,22.5,22.7,22.5,22.7,4767,0
FTE,60,20241108,110000,22.7,23,22.7,22.8,2485,0
FTE,60,20241108,120000,22.8,23.1,22.8,23,1847,0
FTE,60,20241108,130000,23,23.2,23,23.2,174,0
FTE,60,20241108,140000,23.2,23.2,23.2,23.2,300,0
FTE,60,20241108,150000,23.1,23.1,23,23,109,0
FTE,60,20241108,160000,23.1,23.1,23.1,23.1,100,0
FTE,60,20241108,170000,23,23.1,23,23.1,778,0
FTE,60,20241112,100000,23.3,23.3,22.5,23.2,900,0
FTE,60,20241112,110000,22.8,23,22.8,23,52,0
FTE,60,20241112,120000,23,23,23,23,10,0
FTE,60,20241112,130000,23.1,23.2,23,23,2888,0
FTE,60,20241112,140000,23.1,23.5,23,23.5,1716,0
FTE,60,20241112,150000,23.4,23.5,23,23.4,2524,0
FTE,60,20241112,160000,23.1,23.1,23.1,23.1,63,0
FTE,60,20241112,170000,23.1,23.5,23,23.5,898,0
FTE,60,20241113,100000,23.6,23.6,23.2,23.2,27,0
FTE,60,20241113,110000,23.6,23.6,23.3,23.6,333,0
FTE,60,20241113,120000,23.4,23.9,23.4,23.8,1791,0
FTE,60,20241113,130000,23.6,24,23.6,24,625,0
FTE,60,20241113,140000,23.7,23.9,23.6,23.6,261,0
FTE,60,20241113,150000,23.7,23.7,23.5,23.5,529,0
FTE,60,20241113,170000,23.9,24.1,23.8,24,1642,0
FTE,60,20241114,100000,23.8,24,23.6,23.6,121,0
FTE,60,20241114,110000,24,24.1,23.9,24.1,1126,0
FTE,60,20241114,120000,24.1,24.1,23.8,23.8,4097,0
FTE,60,20241114,130000,24.1,24.1,23.8,23.8,263,0
FTE,60,20241114,140000,23.8,24.2,23.8,24.2,199,0
FTE,60,20241114,150000,24.1,24.2,24.1,24.1,1030,0
FTE,60,20241114,160000,24,24.2,24,24.2,287,0
FTE,60,20241114,170000,24.1,24.3,24,24.3,1072,0
FTE,60,20241115,100000,24.3,24.3,24.2,24.3,545,0
FTE,60,20241115,110000,23.7,24,23.7,24,468,0
FTE,60,20241115,120000,23.8,24.3,23.8,24.3,3830,0
FTE,60,20241115,130000,24.4,24.8,24.1,24.1,1456,0
FTE,60,20241115,140000,24.7,24.7,24.7,24.7,17,0
FTE,60,20241115,150000,24.5,25,24.4,25,2477,0
FTE,60,20241115,160000,25.1,25.2,24.7,25,485,0
FTE,60,20241115,170000,25,25.2,24.5,25,1111,0
FTE,60,20241118,100000,24.8,24.8,24.5,24.8,304,0
FTE,60,20241118,110000,24.7,24.7,24.7,24.7,2,0
FTE,60,20241118,120000,24.8,24.8,24.5,24.5,277,0
FTE,60,20241118,130000,24.2,24.5,24,24.3,521,0
FTE,60,20241118,150000,24.4,25.2,24.2,25.1,5006,0
FTE,60,20241118,160000,25.2,26,25.2,26,5067,0
FTE,60,20241118,170000,26,26,25.8,25.8,313,0
FTE,60,20241119,100000,25.8,25.8,24.5,25,661,0
FTE,60,20241119,110000,25.4,25.4,25.1,25.4,43,0
FTE,60,20241119,120000,25.4,25.5,24.9,24.9,631,0
FTE,60,20241119,130000,25.3,25.6,25.3,25.6,635,0
FTE,60,20241119,140000,25.6,25.6,25.3,25.3,846,0
FTE,60,20241119,150000,25.3,25.4,25.2,25.2,1043,0
FTE,60,20241119,160000,25.6,25.6,25.1,25.1,102,0
FTE,60,20241119,170000,25.1,25.1,25,25,172,0
FTE,60,20241120,100000,24.1,25.4,24.1,25.4,434,0
FTE,60,20241120,110000,24.5,24.5,24.2,24.2,188,0
FTE,60,20241120,130000,24.3,24.9,24.2,24.9,135,0
FTE,60,20241120,140000,24.4,24.4,24.4,24.4,25,0
FTE,60,20241120,150000,24.8,24.9,24.2,24.2,114,0
FTE,60,20241120,160000,24.9,24.9,24.9,24.9,11,0
FTE,60,20241120,170000,24.1,24.1,24.1,24.1,238,0
FTE,60,20241121,100000,24.1,25.6,24,24.2,1996,0
FTE,60,20241121,110000,24.1,24.4,24,24,219,0
FTE,60,20241121,120000,24,24.3,24,24.3,12,0
FTE,60,20241121,130000,24,24,23.6,23.8,895,0
FTE,60,20241121,140000,23.6,24.6,22.8,23.5,1796,0
FTE,60,20241121,150000,23.5,24,23.5,23.6,11,0
FTE,60,20241121,160000,24,24,23.4,23.5,88,0
FTE,60,20241121,170000,23.4,23.4,23.2,23.3,284,0
FTE,60,20241122,100000,23.3,23.3,23.2,23.3,90,0
FTE,60,20241122,110000,23.2,23.2,23.1,23.1,270,0
FTE,60,20241122,120000,23,23,22.8,22.8,288,0
FTE,60,20241122,130000,22.8,22.9,21.5,22.4,4471,0
FTE,60,20241122,140000,22.3,22.3,22.1,22.2,331,0
FTE,60,20241122,150000,22.2,22.5,22.2,22.5,265,0
FTE,60,20241122,160000,22.6,23.4,22.6,23.3,1240,0
FTE,60,20241122,170000,23.3,23.5,23.3,23.5,517,0
FTE,60,20241125,100000,24.3,24.3,23.7,24.3,412,0
FTE,60,20241125,110000,24.4,24.8,24.4,24.6,269,0
FTE,60,20241125,120000,24.7,24.9,23.7,23.7,1306,0
FTE,60,20241125,130000,23.7,23.7,23.7,23.7,18,0
FTE,60,20241125,140000,24,24,24,24,16,0
FTE,60,20241125,150000,24,24,24,24,79,0
FTE,60,20241125,160000,23.9,23.9,23.8,23.8,131,0
FTE,60,20241125,170000,23.7,24.2,23.7,24.2,324,0
FTE,60,20241126,100000,24.5,24.8,24.5,24.8,131,0
FTE,60,20241126,110000,24.5,24.5,24.2,24.2,99,0
FTE,60,20241126,120000,24.1,24.1,24.1,24.1,226,0
FTE,60,20241126,130000,24,24,23.9,23.9,8,0
FTE,60,20241126,140000,23.8,23.8,23.6,23.6,302,0
FTE,60,20241126,150000,24,24,24,24,70,0
FTE,60,20241126,160000,23.6,23.6,23.6,23.6,17,0
FTE,60,20241126,170000,24,24,23.9,23.9,3,0
FTE,60,20241127,100000,23.8,24.4,23.1,23.1,1104,0
FTE,60,20241127,110000,24.1,24.1,24,24,11,0
FTE,60,20241127,120000,23.4,23.7,23.4,23.7,28,0
FTE,60,20241127,160000,23.7,23.8,23.7,23.8,7,0
FTE,60,20241127,170000,23.7,24.3,23.7,24.1,355,0
FTE,60,20241128,100000,24.1,24.1,23.5,23.5,10,0
FTE,60,20241128,110000,23.4,23.5,23.4,23.5,45,0
FTE,60,20241128,120000,23.4,23.4,23.4,23.4,5,0
FTE,60,20241128,130000,23.4,23.4,23.4,23.4,17,0
FTE,60,20241128,150000,23.5,23.5,23.5,23.5,734,0
FTE,60,20241128,160000,23.6,23.7,23.6,23.6,726,0
FTE,60,20241128,170000,24,24,24,24,2,0
FTE,60,20241129,100000,23.6,23.6,23.6,23.6,126,0
FTE,60,20241129,120000,23.4,24,23.4,24,210,0
FTE,60,20241129,130000,23.4,24,23.4,24,6,0
FTE,60,20241129,170000,24.2,24.2,24.2,24.2,25,0
FTE,60,20241202,100000,24.9,24.9,24.2,24.9,392,0
FTE,60,20241202,110000,24.8,24.9,24.8,24.9,13,0
FTE,60,20241202,120000,24.3,24.3,24.3,24.3,10,0
FTE,60,20241202,140000,24.2,24.3,24.1,24.3,43,0
FTE,60,20241202,150000,24.1,24.1,24.1,24.1,80,0
FTE,60,20241202,160000,24,24.1,24,24.1,55,0
FTE,60,20241202,170000,23.9,24.2,23.9,24.2,18,0
FTE,60,20241203,100000,24.2,24.2,24.2,24.2,1,0
FTE,60,20241203,120000,24.4,24.9,24,24.9,3804,0
FTE,60,20241203,130000,24.5,24.7,24.5,24.7,45,0
FTE,60,20241203,140000,24.2,24.7,24.2,24.7,42,0
FTE,60,20241203,150000,24.6,24.7,24.6,24.7,655,0
FTE,60,20241203,160000,24.8,24.9,24.5,24.9,835,0
FTE,60,20241203,170000,24.9,25,24.9,25,155,0
FTE,60,20241204,100000,25.1,25.5,24.6,25.5,125,0
FTE,60,20241204,110000,25.3,25.3,24.6,24.6,249,0
FTE,60,20241204,120000,24.7,25,24.7,25,40,0
FTE,60,20241204,130000,25.2,25.2,25.2,25.2,66,0
FTE,60,20241204,140000,25.2,25.2,25,25.2,35,0
FTE,60,20241204,150000,25.2,25.2,25.2,25.2,199,0
FTE,60,20241204,160000,25.2,25.2,25.2,25.2,80,0
FTE,60,20241204,170000,25,25,24.7,24.8,505,0
FTE,60,20241205,100000,26.3,27.4,25.8,26.4,4133,0
FTE,60,20241205,110000,26.4,26.4,26,26.4,851,0
FTE,60,20241205,120000,26,26.4,26,26.3,363,0
FTE,60,20241205,130000,26.3,26.4,26.1,26.4,526,0
FTE,60,20241205,140000,26.4,26.4,26.2,26.2,358,0
FTE,60,20241205,150000,26.2,26.5,26.2,26.2,618,0
FTE,60,20241205,160000,26.4,26.5,26.2,26.5,278,0
FTE,60,20241205,170000,26.5,26.5,26,26.2,3056,0
FTE,60,20241206,100000,26.7,26.7,26.5,26.5,495,0
FTE,60,20241206,110000,26.5,27,26.5,27,259,0
FTE,60,20241206,120000,26.7,27,26.7,27,1057,0
FTE,60,20241206,130000,26.8,27,26.8,27,921,0
FTE,60,20241206,140000,26.8,27,26.8,26.9,451,0
FTE,60,20241206,150000,26.9,26.9,26.7,26.7,393,0
FTE,60,20241206,160000,26.9,26.9,26.7,26.7,529,0
FTE,60,20241206,170000,26.9,27,26.9,27,520,0
FTE,60,20241209,100000,27,27.1,26.9,27,908,0
FTE,60,20241209,110000,27.1,27.3,27.1,27.3,617,0
FTE,60,20241209,120000,27.3,27.3,27.1,27.1,1159,0
FTE,60,20241209,130000,27,27,27,27,363,0
FTE,60,20241209,140000,27,27.9,27,27.9,2706,0
FTE,60,20241209,150000,27.9,27.9,27.4,27.8,1015,0
FTE,60,20241209,160000,27.9,27.9,27.8,27.8,191,0
FTE,60,20241209,170000,27.8,27.8,27.6,27.8,690,0
FTE,60,20241210,100000,27.5,27.8,27.3,27.8,1263,0
FTE,60,20241210,110000,27.8,27.8,27.3,27.3,74,0
FTE,60,20241210,120000,27.7,27.7,27.4,27.4,125,0
FTE,60,20241210,130000,27.4,27.4,27.4,27.4,374,0
FTE,60,20241210,140000,27.6,27.8,27.3,27.3,514,0
FTE,60,20241210,150000,27.3,27.3,27.3,27.3,225,0
FTE,60,20241210,160000,27.3,27.8,27,27.8,4042,0
FTE,60,20241210,170000,27.8,27.8,27.4,27.4,566,0
FTE,60,20241211,100000,27.7,27.8,27.3,27.3,983,0
FTE,60,20241211,110000,27.3,27.3,27.3,27.3,1,0
FTE,60,20241211,140000,27.3,27.7,27.2,27.7,329,0
FTE,60,20241211,150000,27.2,27.2,27,27.2,275,0
FTE,60,20241211,160000,27.2,27.2,27.2,27.2,5,0
FTE,60,20241211,170000,26.9,26.9,26.9,26.9,41,0
FTE,60,20241212,100000,26.9,26.9,26,26.8,676,0
FTE,60,20241212,110000,26.8,26.8,26.2,26.7,129,0
FTE,60,20241212,120000,26.6,26.7,26.5,26.5,79,0
FTE,60,20241212,130000,26.5,26.5,26.5,26.5,65,0
FTE,60,20241212,150000,26.5,26.8,26.5,26.8,47,0
FTE,60,20241212,160000,26.3,26.3,26.3,26.3,10,0
FTE,60,20241212,170000,26.3,26.3,26.3,26.3,110,0
FTE,60,20241213,100000,26.5,26.6,26.5,26.6,620,0
FTE,60,20241213,120000,26.5,26.5,26.5,26.5,116,0
FTE,60,20241213,130000,26.5,26.5,26.4,26.4,100,0
FTE,60,20241213,140000,26.7,26.7,26.7,26.7,1,0
FTE,60,20241213,170000,26.7,26.7,26.5,26.5,153,0
FTE,60,20241216,100000,27,27,27,27,534,0
FTE,60,20241216,110000,27.2,27.2,27,27.1,296,0
FTE,60,20241216,120000,27,27,27,27,11,0
FTE,60,20241216,130000,27,27,27,27,6,0
FTE,60,20241216,140000,27,27.2,27,27.2,543,0
FTE,60,20241216,150000,27.3,27.3,27.2,27.2,914,0
FTE,60,20241216,160000,27.2,27.4,27.2,27.2,196,0
FTE,60,20241216,170000,27.2,27.8,27.2,27.8,789,0
FTE,60,20241217,100000,27.2,27.5,27,27,1306,0
FTE,60,20241217,110000,27,27,27,27,420,0
FTE,60,20241217,120000,26.8,26.8,26.7,26.7,345,0
FTE,60,20241217,130000,26.7,26.7,26.7,26.7,261,0
FTE,60,20241217,150000,26.7,26.9,26.7,26.7,695,0
FTE,60,20241217,160000,26.7,26.7,26.7,26.7,86,0
FTE,60,20241217,170000,26.7,26.9,26.6,26.6,238,0
FTE,60,20241218,100000,26.6,27,26.6,27,116,0
FTE,60,20241218,110000,27,27,26,26,1590,0
FTE,60,20241218,120000,26.1,26.3,26,26.1,790,0
FTE,60,20241218,130000,26.1,26.4,26.1,26.4,240,0
FTE,60,20241218,140000,26.2,26.2,25.9,25.9,718,0
FTE,60,20241218,150000,25.9,26,25.9,26,61,0
FTE,60,20241218,170000,25.9,26.4,25.7,26.4,791,0
FTE,60,20241219,100000,25.8,26.4,25.6,26,957,0
FTE,60,20241219,110000,25.7,26.1,25.7,26.1,32,0
FTE,60,20241219,120000,25.7,25.7,25.7,25.7,16,0
FTE,60,20241219,130000,26.1,26.1,26.1,26.1,10,0
FTE,60,20241219,140000,25.9,26.2,25.9,26.2,280,0
FTE,60,20241219,170000,26.2,26.7,26.2,26.6,1898,0
FTE,60,20241220,100000,26,27,25.9,26.2,1104,0
FTE,60,20241220,110000,26.3,26.3,26.3,26.3,4,0
FTE,60,20241220,120000,26.3,26.3,26.2,26.3,115,0
FTE,60,20241220,140000,26.1,26.1,26,26.1,253,0
FTE,60,20241220,150000,26.1,26.1,26,26,201,0
FTE,60,20241220,160000,26.1,26.1,26,26,162,0
FTE,60,20241220,170000,26.1,26.1,26,26,162,0
FTE,60,20241223,100000,26.3,26.6,26.3,26.6,546,0
FTE,60,20241223,110000,26.6,26.6,26.3,26.3,242,0
FTE,60,20241223,120000,26.3,26.3,26.3,26.3,154,0
FTE,60,20241223,130000,26.5,26.5,26.5,26.5,17,0
FTE,60,20241223,140000,26.5,26.5,26.5,26.5,10,0
FTE,60,20241223,160000,26.5,26.5,26.4,26.4,613,0
FTE,60,20241223,170000,26.3,26.6,26.3,26.6,224,0
FTE,60,20241227,100000,26.5,26.5,26.5,26.5,278,0
FTE,60,20241227,110000,26.5,26.5,26.3,26.5,363,0
FTE,60,20241227,120000,26.3,26.5,26.3,26.5,54,0
FTE,60,20241227,130000,26.5,26.5,26.3,26.5,639,0
FTE,60,20241227,140000,26.6,26.7,26.6,26.6,181,0
FTE,60,20241227,150000,26.7,27.4,26.4,27.4,769,0
FTE,60,20241227,170000,26.6,27,26.6,27,6,0
FTE,60,20241230,100000,27.2,27.2,27.2,27.2,1,0
FTE,60,20241230,120000,27.1,27.3,26.8,26.8,69,0
FTE,60,20241230,130000,26.8,27.3,26.8,27.2,268,0
FTE,60,20241230,140000,26.8,26.8,26.5,26.5,50,0
FTE,60,20241230,150000,26.7,26.7,26.7,26.7,12,0
FTE,60,20241230,170000,27.2,27.2,27.2,27.2,89,0
FTE,60,20250102,100000,27,27.2,27,27.2,412,0
FTE,60,20250102,110000,27.2,27.2,27.2,27.2,1,0
FTE,60,20250102,120000,27.1,27.1,27.1,27.1,24,0
FTE,60,20250102,130000,27.2,27.2,27.1,27.1,86,0
FTE,60,20250102,140000,27.2,27.2,27.1,27.1,168,0
FTE,60,20250102,160000,27.1,27.1,27.1,27.1,77,0
FTE,60,20250102,170000,27.1,27.1,26.4,27.1,534,0
FTE,60,20250103,100000,27.2,27.2,27.2,27.2,125,0
FTE,60,20250103,110000,27.1,27.2,27.1,27.2,183,0
FTE,60,20250103,120000,26.9,26.9,26.9,26.9,142,0
FTE,60,20250103,130000,27.1,27.2,27.1,27.2,82,0
FTE,60,20250103,150000,27.2,27.8,27.2,27.3,625,0
FTE,60,20250103,160000,27.3,27.3,27.3,27.3,15,0
FTE,60,20250103,170000,27.4,27.6,27.4,27.6,163,0
FTE,60,20250107,100000,27.8,28.6,27.8,27.9,1503,0
FTE,60,20250107,110000,28.2,28.2,28.2,28.2,157,0
FTE,60,20250107,120000,28.2,28.4,28.2,28.2,127,0
FTE,60,20250107,130000,28.2,28.3,28,28,274,0
FTE,60,20250107,140000,28.2,28.2,27.6,28.1,1950,0
FTE,60,20250107,150000,28.1,28.1,27.6,27.6,87,0
FTE,60,20250107,160000,27.6,27.7,27.6,27.7,202,0
FTE,60,20250107,170000,27.6,28.3,27.5,28.3,1485,0
FTE,60,20250108,100000,28.1,28.2,27.6,27.6,831,0
FTE,60,20250108,110000,28.1,28.1,27.6,27.6,513,0
FTE,60,20250108,120000,27.6,27.6,27.5,27.5,136,0
FTE,60,20250108,140000,27.8,27.8,27.6,27.6,151,0
FTE,60,20250108,150000,27.6,27.6,27.2,27.2,408,0
FTE,60,20250108,160000,27.3,27.3,27.1,27.1,333,0
FTE,60,20250108,170000,27.3,27.3,27.3,27.3,93,0
FTE,60,20250109,100000,27.1,27.1,27.1,27.1,388,0
FTE,60,20250109,110000,27.1,27.1,27.1,27.1,32,0
FTE,60,20250109,130000,27.7,27.7,27.7,27.7,2,0
FTE,60,20250109,170000,27.5,27.5,27.5,27.5,1,0
FTE,60,20250110,100000,27.5,27.5,27.5,27.5,10,0
FTE,60,20250110,110000,27.3,27.3,26.5,26.7,1278,0
FTE,60,20250110,130000,26.7,26.8,26.7,26.8,182,0
FTE,60,20250110,150000,26.7,26.7,26.4,26.4,732,0
FTE,60,20250110,160000,26.4,26.6,26.4,26.6,292,0
FTE,60,20250110,170000,26.7,26.9,26.4,26.9,106,0
FTE,60,20250113,100000,26.9,26.9,25.7,26,1929,0
FTE,60,20250113,110000,25.7,26.1,25.6,25.6,558,0
FTE,60,20250113,120000,25.6,26,25.6,26,262,0
FTE,60,20250113,150000,26,26,26,26,8,0
FTE,60,20250113,160000,25.7,25.7,25.7,25.7,239,0
FTE,60,20250113,170000,25.9,25.9,25.6,25.9,220,0
FTE,60,20250114,100000,25.9,25.9,25.6,25.6,535,0
FTE,60,20250114,110000,25.2,25.2,25.2,25.2,12,0
FTE,60,20250114,120000,25.4,25.5,25.2,25.5,235,0
FTE,60,20250114,130000,25.5,25.6,25.5,25.6,284,0
FTE,60,20250114,140000,25.5,25.5,25.5,25.5,1,0
FTE,60,20250114,160000,25.6,25.6,25.6,25.6,230,0
FTE,60,20250114,170000,25.6,25.9,25.6,25.9,86,0
FTE,60,20250115,100000,25.5,25.7,25.4,25.4,460,0
FTE,60,20250115,110000,25.4,25.5,25.4,25.5,449,0
FTE,60,20250115,130000,25.5,25.6,25.5,25.6,200,0
FTE,60,20250115,140000,25.5,25.6,25.4,25.6,748,0
FTE,60,20250115,150000,25.7,25.7,25.7,25.7,16,0
FTE,60,20250115,160000,25.7,25.7,25.7,25.7,80,0
FTE,60,20250115,170000,25.6,27,25.5,27,1218,0
FTE,60,20250116,100000,26.8,26.8,26.3,26.5,618,0
FTE,60,20250116,110000,26.4,26.4,26.4,26.4,100,0
FTE,60,20250116,120000,26,26.5,26,26.5,352,0
FTE,60,20250116,130000,26.4,26.5,26.1,26.4,315,0
FTE,60,20250116,140000,26.2,26.2,26.2,26.2,11,0
FTE,60,20250116,160000,26.4,26.4,26.1,26.1,105,0
FTE,60,20250116,170000,26.1,26.4,25.9,26.4,803,0
FTE,60,20250117,100000,27,27.2,26.7,27.2,2406,0
FTE,60,20250117,110000,27.1,27.3,27,27.3,949,0
FTE,60,20250117,120000,27,27.4,27,27.2,429,0
FTE,60,20250117,130000,27.2,27.7,27.2,27.7,485,0
FTE,60,20250117,140000,27.4,27.7,27.4,27.5,34,0
FTE,60,20250117,150000,27.2,27.5,27,27,231,0
FTE,60,20250117,160000,27,27.4,27,27.3,441,0
FTE,60,20250117,170000,27.3,27.4,27,27.1,127,0
FTE,60,20250120,100000,27,27,26.9,26.9,1602,0
FTE,60,20250120,110000,26.8,27,26.8,27,451,0
FTE,60,20250120,120000,27,27,26.9,27,430,0
FTE,60,20250120,130000,27,27,27,27,41,0
FTE,60,20250120,140000,27,27,27,27,545,0
FTE,60,20250120,150000,27,27,27,27,200,0
FTE,60,20250120,160000,26.9,26.9,26.9,26.9,47,0
FTE,60,20250120,170000,27,27,27,27,2111,0
FTE,60,20250121,100000,27,27.4,27,27,440,0
FTE,60,20250121,120000,27.1,27.1,27,27,113,0
FTE,60,20250121,130000,27.1,27.2,27.1,27.2,184,0
FTE,60,20250121,140000,27.2,27.2,27.2,27.2,180,0
FTE,60,20250121,150000,27,27,27,27,154,0
FTE,60,20250121,170000,26.9,26.9,26.8,26.8,576,0
FTE,60,20250122,100000,27.2,27.2,26.8,27,136,0
FTE,60,20250122,110000,26.8,26.8,26.8,26.8,20,0
FTE,60,20250122,120000,27,27.1,27,27.1,269,0
FTE,60,20250122,130000,27.1,27.1,27.1,27.1,19,0
FTE,60,20250122,140000,26.8,26.8,26.8,26.8,200,0
FTE,60,20250122,160000,26.8,26.8,26.8,26.8,82,0
FTE,60,20250122,170000,26.8,26.8,26.7,26.7,694,0
FTE,60,20250123,100000,26.8,26.8,26.7,26.8,556,0
FTE,60,20250123,120000,26.8,26.8,26.8,26.8,15,0
FTE,60,20250123,130000,26.7,26.7,26.7,26.7,1,0
FTE,60,20250123,150000,26.6,26.6,26.6,26.6,156,0
FTE,60,20250123,160000,26.6,26.6,26,26.6,805,0
FTE,60,20250123,170000,25.8,26,25.8,26,6,0
FTE,60,20250124,100000,25.7,27,25.7,26.9,1437,0
FTE,60,20250124,110000,26.6,26.8,26.6,26.8,6,0
FTE,60,20250124,120000,26.7,26.8,26.7,26.8,2,0
FTE,60,20250124,130000,26.8,27.1,26.8,26.9,503,0
FTE,60,20250124,140000,26.4,26.4,26.4,26.4,16,0
FTE,60,20250124,150000,26.4,26.4,26.4,26.4,1,0
FTE,60,20250124,160000,26.8,27.4,26.5,27,2146,0
FTE,60,20250127,120000,26.6,27,26.6,27,620,0
FTE,60,20250127,130000,26.5,26.9,26.5,26.9,652,0
FTE,60,20250127,150000,26.6,27,26.6,26.9,64,0
FTE,60,20250127,160000,26.9,26.9,26.9,26.9,2,0
FTE,60,20250127,170000,27,27,27,27,15,0
FTE,60,20250128,100000,27,27,27,27,11,0
FTE,60,20250128,110000,26.9,26.9,26.9,26.9,2,0
FTE,60,20250128,120000,27,27,27,27,15,0
FTE,60,20250128,130000,27,27,27,27,1,0
FTE,60,20250128,140000,27,27,26.9,26.9,197,0
FTE,60,20250128,150000,27,27,27,27,12,0
FTE,60,20250128,160000,27,27,27,27,79,0
FTE,60,20250128,170000,26.9,27,26.9,27,123,0
FTE,60,20250129,100000,27.5,28.6,27.5,28.2,10159,0
FTE,60,20250129,110000,28.5,28.5,28.3,28.3,245,0
FTE,60,20250129,120000,28.3,28.6,28.3,28.6,1956,0
FTE,60,20250129,130000,28.4,28.7,28.4,28.7,1282,0
FTE,60,20250129,140000,28.7,28.8,28.5,28.8,2194,0
FTE,60,20250129,150000,28.8,28.8,28.5,28.8,522,0
FTE,60,20250129,160000,28.7,28.7,28.7,28.7,631,0
FTE,60,20250129,170000,28.7,29.4,28.7,28.9,25252,0
FTE,60,20250130,100000,28.9,31,28.9,30.8,9893,0
FTE,60,20250130,110000,30.8,30.8,29.8,30.3,5117,0
FTE,60,20250130,120000,30.1,30.3,30,30,5885,0
FTE,60,20250130,130000,30,30.2,29.9,30.2,12612,0
FTE,60,20250130,140000,30.2,30.2,30,30,438,0
FTE,60,20250130,150000,30,30.2,29.9,30.2,3082,0
FTE,60,20250130,160000,30.2,30.2,29.9,30,2271,0
FTE,60,20250130,170000,30,30,29.3,29.5,4646,0
FTE,60,20250131,100000,31,31.9,30.7,31.5,1643,0
FTE,60,20250131,110000,31.1,31.5,31.1,31.4,4189,0
FTE,60,20250131,120000,31.4,31.4,31.1,31.1,899,0
FTE,60,20250131,130000,31.2,31.6,31.2,31.6,895,0
FTE,60,20250131,140000,31.6,31.6,31.5,31.5,71,0
FTE,60,20250131,150000,31.3,31.5,31.3,31.5,238,0
FTE,60,20250131,160000,31.2,31.5,31.2,31.5,296,0
FTE,60,20250131,170000,31.3,32,31.3,32,1083,0
FTE,60,20250203,100000,32,32,30.1,30.3,7740,0
FTE,60,20250203,110000,30.2,30.7,30.1,30.1,3936,0
FTE,60,20250203,120000,30.4,30.5,30.1,30.2,969,0
FTE,60,20250203,130000,30.1,30.1,29.7,30.1,421,0
FTE,60,20250203,140000,30.1,30.4,29.9,30.1,350,0
FTE,60,20250203,150000,30,30.3,29.9,30,1259,0
FTE,60,20250203,160000,30.1,30.1,29.9,29.9,1134,0
FTE,60,20250203,170000,29.9,30.1,29.7,29.7,1109,0
FTE,60,20250204,100000,29.9,30.4,29.7,30,2559,0
FTE,60,20250204,110000,30.3,30.3,29.7,30.3,280,0
FTE,60,20250204,120000,29.8,30.3,29.8,30.3,795,0
FTE,60,20250204,130000,30.3,30.3,29.8,30.3,1885,0
FTE,60,20250204,140000,30,30.1,29.8,30.1,84,0
FTE,60,20250204,150000,30.1,30.5,30.1,30.1,448,0
FTE,60,20250204,160000,30.5,30.5,30.4,30.4,319,0
FTE,60,20250204,170000,30.5,30.5,30.2,30.2,75,0
FTE,60,20250205,100000,30.8,32.7,30.8,32.5,5120,0
FTE,60,20250205,110000,32.5,32.7,32,32.1,1039,0
FTE,60,20250205,120000,32.2,32.2,31.9,32,1756,0
FTE,60,20250205,130000,32,32.1,32,32.1,133,0
FTE,60,20250205,140000,32.2,32.2,31.8,32.1,759,0
FTE,60,20250205,150000,32,32,31.9,32,1014,0
FTE,60,20250205,160000,32,32,31.7,31.7,641,0
FTE,60,20250205,170000,31.6,32,31.6,31.7,908,0
FTE,60,20250206,100000,32,32,31.4,32,438,0
FTE,60,20250206,110000,32,32,30.9,31.4,2322,0
FTE,60,20250206,120000,31.2,31.4,30.8,30.8,876,0
FTE,60,20250206,130000,31.4,31.4,31.4,31.4,7,0
FTE,60,20250206,150000,31.4,31.8,31.4,31.8,419,0
FTE,60,20250206,160000,31.4,31.4,31.4,31.4,3,0
FTE,60,20250206,170000,31.8,31.8,31.6,31.6,226,0
FTE,60,20250207,100000,31.8,31.9,31.8,31.9,202,0
FTE,60,20250207,110000,31.9,31.9,31.6,31.6,147,0
FTE,60,20250207,120000,31.6,31.9,31.6,31.9,651,0
FTE,60,20250207,130000,31.9,31.9,31.9,31.9,805,0
FTE,60,20250207,140000,31.9,31.9,31.4,31.4,1385,0
FTE,60,20250207,150000,31.4,31.4,31.2,31.2,366,0
FTE,60,20250207,160000,31.5,31.5,31.1,31.5,1513,0
FTE,60,20250207,170000,31.4,31.4,31,31.1,519,0
FTE,60,20250210,100000,31.5,31.6,31.4,31.6,1105,0
FTE,60,20250210,110000,31.6,31.6,31.6,31.6,169,0
FTE,60,20250210,120000,31.4,31.9,31.1,31.7,1317,0
FTE,60,20250210,130000,31.9,31.9,31.9,31.9,1117,0
FTE,60,20250210,140000,31.9,31.9,31.9,31.9,1192,0
FTE,60,20250210,150000,31.7,31.9,31,31.3,1782,0
FTE,60,20250210,160000,31,31.3,30.9,31.3,339,0
FTE,60,20250210,170000,31.3,31.9,31,31,1979,0
FTE,60,20250211,100000,31.5,31.7,31,31.5,1131,0
FTE,60,20250211,110000,31.5,31.5,30.8,30.8,580,0
FTE,60,20250211,120000,30.8,31.3,30.8,31.2,482,0
FTE,60,20250211,130000,31.3,31.4,31,31.1,330,0
FTE,60,20250211,140000,30.9,31.1,30.9,31.1,236,0
FTE,60,20250211,150000,31.1,31.1,31.1,31.1,5,0
FTE,60,20250211,160000,31.1,31.2,31.1,31.2,70,0
FTE,60,20250211,170000,31.2,31.2,30.8,30.8,1210,0
FTE,60,20250212,100000,31.2,31.5,31,31.4,934,0
FTE,60,20250212,110000,31.5,31.6,31,31,1042,0
FTE,60,20250212,120000,31.3,31.3,30.9,30.9,6,0
FTE,60,20250212,130000,30.9,31,30.8,30.8,1001,0
FTE,60,20250212,140000,30.7,30.7,30.7,30.7,45,0
FTE,60,20250212,150000,30.7,30.7,30.7,30.7,3,0
FTE,60,20250212,160000,30.6,31,30.6,31,380,0
FTE,60,20250212,170000,31,31.3,31,31.3,407,0
FTE,60,20250213,100000,31.4,31.5,31.3,31.3,454,0
FTE,60,20250213,110000,31.3,31.5,30.7,30.7,943,0
FTE,60,20250213,120000,30.7,30.7,30.6,30.6,1170,0
FTE,60,20250213,130000,30.8,30.8,30.8,30.8,67,0
FTE,60,20250213,140000,30.8,30.8,30.8,30.8,4,0
FTE,60,20250213,150000,30.9,31,30.9,31,409,0
FTE,60,20250213,160000,30.6,30.9,30.5,30.9,372,0
FTE,60,20250213,170000,30.9,30.9,30.4,30.9,837,0
FTE,60,20250214,100000,30.9,30.9,30.4,30.4,492,0
FTE,60,20250214,120000,30.8,30.9,30.8,30.9,164,0
FTE,60,20250214,130000,30.4,30.9,30.4,30.8,171,0
FTE,60,20250214,140000,30.5,30.8,30.5,30.6,76,0
FTE,60,20250214,150000,30.6,30.8,30.6,30.6,1019,0
FTE,60,20250214,160000,30.6,30.6,30.5,30.5,951,0
FTE,60,20250214,170000,30.4,30.6,30,30.3,1027,0
FTE,60,20250217,100000,30.4,31.5,30.4,31.5,3209,0
FTE,60,20250217,110000,31.5,31.5,30.5,30.8,1673,0
FTE,60,20250217,120000,30.8,31,30.8,31,348,0
FTE,60,20250217,130000,30.6,30.6,30.6,30.6,200,0
FTE,60,20250217,140000,30.6,30.6,30.3,30.6,1405,0
FTE,60,20250217,150000,30.6,30.6,30.6,30.6,174,0
FTE,60,20250217,160000,30.5,30.5,30,30,1736,0
FTE,60,20250217,170000,30,30,29.2,30,1990,0
FTE,60,20250218,100000,30.3,30.3,29.7,29.7,395,0
FTE,60,20250218,110000,29.7,30,29.4,29.5,865,0
FTE,60,20250218,120000,29.9,30,29.4,29.9,1019,0
FTE,60,20250218,130000,29.8,29.8,29.8,29.8,1,0
FTE,60,20250218,140000,29.5,29.6,29.5,29.6,234,0
FTE,60,20250218,150000,29.6,29.6,28.9,29,2314,0
FTE,60,20250218,160000,29,29.4,29,29.4,866,0
FTE,60,20250218,170000,29.4,29.6,28.9,29,5321,0
FTE,60,20250219,100000,29,29,28.9,29,447,0
FTE,60,20250219,110000,29,29,28.9,29,1265,0
FTE,60,20250219,120000,29,29,28.7,28.9,494,0
FTE,60,20250219,130000,29,29,28.9,29,2162,0
FTE,60,20250219,140000,28.9,29.4,28.9,29.3,1235,0
FTE,60,20250219,150000,29.3,29.5,29.3,29.4,445,0
FTE,60,20250219,160000,29.5,29.5,29.4,29.5,860,0
FTE,60,20250219,170000,29.5,29.8,29.2,29.2,2056,0
FTE,60,20250220,100000,29.2,29.8,29.2,29.4,876,0
FTE,60,20250220,110000,29.4,29.8,29.4,29.8,470,0
FTE,60,20250220,120000,29.6,29.6,29.4,29.4,1178,0
FTE,60,20250220,130000,29.4,29.6,29.3,29.6,166,0
FTE,60,20250220,140000,29.6,29.6,29.6,29.6,147,0
FTE,60,20250220,150000,29.6,29.6,29.6,29.6,134,0
FTE,60,20250220,160000,29.6,29.6,29.4,29.4,180,0
FTE,60,20250220,170000,29.2,29.3,29.1,29.1,237,0
FTE,60,20250221,100000,29.5,29.6,29,29.6,191,0
FTE,60,20250221,110000,29.6,29.8,29.2,29.2,79,0
FTE,60,20250221,120000,29.2,29.2,29,29,173,0
FTE,60,20250221,130000,29.7,29.8,29.4,29.7,4939,0
FTE,60,20250221,140000,29.6,29.6,29.6,29.6,400,0
FTE,60,20250221,150000,29.6,29.6,29.6,29.6,20,0
FTE,60,20250221,160000,29.8,29.8,29.8,29.8,2,0
FTE,60,20250221,170000,29.8,29.8,29.5,29.8,916,0
FTE,60,20250224,100000,29.9,29.9,29.8,29.9,522,0
FTE,60,20250224,110000,29.9,30.6,29.9,30.2,1718,0
FTE,60,20250224,120000,30.2,30.5,30.1,30.1,959,0
FTE,60,20250224,130000,30.4,30.5,30.1,30.5,419,0
FTE,60,20250224,140000,30.4,30.4,30.4,30.4,6,0
FTE,60,20250224,150000,30.1,30.1,30,30.1,474,0
FTE,60,20250224,160000,30.1,30.1,29.8,29.8,435,0
FTE,60,20250224,170000,29.9,29.9,29.4,29.4,280,0
FTE,60,20250225,100000,29.6,30.8,29.6,30.8,1577,0
FTE,60,20250225,120000,30.5,30.5,29.9,30.1,273,0
FTE,60,20250225,130000,30.1,30.3,29.9,30.3,231,0
FTE,60,20250225,140000,30.3,30.5,30.3,30.5,100,0
FTE,60,20250225,150000,30.5,30.5,30.5,30.5,70,0
FTE,60,20250225,160000,30.1,30.5,30,30.1,137,0
FTE,60,20250225,170000,30,30,30,30,2,0
FTE,60,20250226,100000,30.4,30.6,30.4,30.4,677,0
FTE,60,20250226,110000,30.4,31.1,30.4,31.1,817,0
FTE,60,20250226,120000,31.1,31.7,30.9,30.9,566,0
FTE,60,20250226,130000,31.5,31.5,31.5,31.5,1,0
FTE,60,20250226,140000,31.4,31.4,31.2,31.2,5,0
FTE,60,20250226,150000,31.2,31.6,30.8,30.8,1299,0
FTE,60,20250226,160000,31.6,31.6,30.8,31.6,141,0
FTE,60,20250226,170000,31,31.8,31,31.6,124,0
FTE,60,20250227,100000,31.8,31.8,31.4,31.5,507,0
FTE,60,20250227,110000,31.7,31.7,31.4,31.7,115,0
FTE,60,20250227,120000,31.4,31.4,31.4,31.4,51,0
FTE,60,20250227,130000,31.7,31.8,31.4,31.4,2054,0
FTE,60,20250227,140000,31.7,31.7,31.7,31.7,45,0
FTE,60,20250227,150000,31.7,31.7,31.4,31.4,63,0
FTE,60,20250227,160000,31.7,31.8,31.4,31.8,1667,0
FTE,60,20250227,170000,31.8,31.9,31.5,31.9,1963,0
FTE,60,20250228,100000,31.8,31.8,30.8,31.2,590,0
FTE,60,20250228,110000,31.2,31.3,30.3,30.3,1635,0
FTE,60,20250228,120000,30.9,30.9,30.2,30.3,1311,0
FTE,60,20250228,130000,30.7,30.7,30.2,30.2,785,0
FTE,60,20250228,140000,30.3,30.7,30.2,30.2,478,0
FTE,60,20250228,150000,30.2,30.6,29.8,30,1115,0
FTE,60,20250228,160000,30,30.3,29.8,30,917,0
FTE,60,20250228,170000,30,30.6,30,30.3,1196,0
FTE,60,20250303,100000,30.3,30.5,29.7,29.7,784,0
FTE,60,20250303,110000,30.3,30.5,29.6,30.5,202,0
FTE,60,20250303,120000,30.5,30.5,30.2,30.4,198,0
FTE,60,20250303,130000,30.5,30.6,30.1,30.1,796,0
FTE,60,20250303,140000,30.4,30.7,30.2,30.2,20,0
FTE,60,20250303,160000,30.6,30.8,30.2,30.2,436,0
FTE,60,20250303,170000,30.2,30.2,29.9,29.9,2063,0
FTE,60,20250304,100000,29.8,29.8,29.5,29.6,867,0
FTE,60,20250304,110000,29.3,29.3,28.4,28.9,2769,0
FTE,60,20250304,120000,28.9,29,28.5,29,854,0
FTE,60,20250304,130000,28.9,29,28.6,29,884,0
FTE,60,20250304,140000,28.9,29.2,28.9,29.1,1758,0
FTE,60,20250304,150000,29,29.1,29,29.1,101,0
FTE,60,20250304,160000,29.1,29.1,29.1,29.1,583,0
FTE,60,20250304,170000,29.1,29.2,29.1,29.1,673,0
FTE,60,20250305,100000,29.2,30.7,29.1,30.6,1503,0
FTE,60,20250305,110000,30.6,30.8,30.3,30.3,226,0
FTE,60,20250305,120000,30.7,30.7,30.3,30.3,11,0
FTE,60,20250305,130000,30.4,30.4,30.4,30.4,1,0
FTE,60,20250305,140000,30.6,30.7,30.4,30.5,182,0
FTE,60,20250305,150000,30.4,30.4,30.4,30.4,172,0
FTE,60,20250305,160000,30.7,30.7,30.3,30.3,186,0
FTE,60,20250306,100000,30.3,31,30.3,30.6,874,0
FTE,60,20250306,110000,31.4,31.4,31.2,31.4,266,0
FTE,60,20250306,130000,31,31,31,31,209,0
FTE,60,20250306,140000,31,31,31,31,31,0
FTE,60,20250306,150000,31.2,31.2,31,31,387,0
FTE,60,20250306,160000,31.2,31.2,30.4,30.4,506,0
FTE,60,20250306,170000,31.1,31.1,31.1,31.1,1,0
FTE,60,20250307,100000,31.1,31.1,30.9,30.9,112,0
FTE,60,20250307,110000,31,31,31,31,2,0
FTE,60,20250307,120000,30.2,30.2,30,30,100,0
FTE,60,20250307,130000,30.3,31,30.3,31,7,0
FTE,60,20250307,140000,30.8,31.1,30.8,31.1,29,0
FTE,60,20250310,100000,31,31,31,31,211,0
FTE,60,20250310,110000,30.9,31.3,30.9,31.3,518,0
FTE,60,20250310,120000,31.2,31.2,30,30,5433,0
FTE,60,20250310,130000,30,30.2,30,30.1,1629,0
FTE,60,20250310,140000,30.1,30.1,30.1,30.1,3,0
FTE,60,20250310,150000,29.9,29.9,29.9,29.9,1,0
FTE,60,20250310,160000,29.9,29.9,29.7,29.7,819,0
FTE,60,20250310,170000,29.8,29.9,29.6,29.9,853,0
FTE,60,20250311,100000,29.8,30.2,29.8,30,627,0
FTE,60,20250311,110000,30.2,30.4,29.3,29.9,3213,0
FTE,60,20250311,120000,29.9,29.9,29.2,29.2,879,0
FTE,60,20250311,130000,29.3,29.6,29,29,450,0
FTE,60,20250311,140000,29.1,29.2,28.5,29,488,0
FTE,60,20250311,150000,28.9,29,28.8,29,234,0
FTE,60,20250311,160000,29,29.1,29,29.1,5,0
FTE,60,20250311,170000,29.1,29.3,29.1,29.2,343,0
FTE,60,20250312,100000,29.4,30,29.4,29.6,106,0
FTE,60,20250312,110000,29.8,29.8,29.2,29.5,1499,0
FTE,60,20250312,120000,29.5,29.5,29.2,29.2,992,0
FTE,60,20250312,130000,29.2,29.5,29.1,29.1,318,0
FTE,60,20250312,140000,29.2,29.2,29.1,29.2,292,0
FTE,60,20250312,150000,29.1,29.4,29.1,29.4,85,0
FTE,60,20250312,160000,29.1,29.1,28.9,29.1,983,0
FTE,60,20250312,170000,29,29,28.8,28.8,269,0
FTE,60,20250313,100000,29,29.1,28.5,29.1,469,0
FTE,60,20250313,110000,28.9,28.9,28.5,28.5,143,0
FTE,60,20250313,120000,28.7,29,28.7,28.8,92,0
FTE,60,20250313,130000,28.8,29,28.8,29,152,0
FTE,60,20250313,140000,28.8,29,28.8,29,83,0
FTE,60,20250313,160000,29,29,28.7,28.7,350,0
FTE,60,20250313,170000,29,29.5,29,29.5,684,0
FTE,60,20250314,100000,29.2,30.2,29.2,30.2,1188,0
FTE,60,20250314,110000,30,30.3,29.7,29.7,377,0
FTE,60,20250314,120000,29.9,29.9,29.9,29.9,4,0
FTE,60,20250314,130000,30.3,30.4,30,30.4,13,0
FTE,60,20250314,140000,30.4,30.4,30.4,30.4,196,0
FTE,60,20250314,150000,30.4,30.6,30.4,30.6,140,0
FTE,60,20250314,160000,30.6,30.7,30.6,30.6,670,0
FTE,60,20250314,170000,30.4,30.4,29.9,29.9,207,0
FTE,60,20250317,100000,29.7,30.5,29.7,30.4,528,0
FTE,60,20250317,110000,30.4,30.8,30.4,30.8,1744,0
FTE,60,20250317,120000,30.1,30.8,30.1,30.8,332,0
FTE,60,20250317,130000,30.5,30.8,30.5,30.8,297,0
FTE,60,20250317,140000,30.4,30.8,30.4,30.8,147,0
FTE,60,20250317,150000,30.8,30.8,30.3,30.8,1792,0
FTE,60,20250317,160000,30.4,30.4,30.4,30.4,13,0
FTE,60,20250317,170000,30.4,30.7,30.3,30.7,647,0
FTE,60,20250318,100000,30.3,30.8,30.3,30.8,136,0
FTE,60,20250318,110000,30.6,30.7,30.6,30.6,420,0
FTE,60,20250318,120000,30.7,30.7,30.6,30.6,371,0
FTE,60,20250318,140000,30.6,30.6,30.6,30.6,347,0
FTE,60,20250318,150000,30.6,30.6,30.6,30.6,213,0
FTE,60,20250318,160000,30.7,30.7,30.7,30.7,110,0
FTE,60,20250318,170000,30.6,30.7,30.6,30.7,648,0
FTE,60,20250319,100000,30.8,31.5,30.8,31.5,771,0
FTE,60,20250319,110000,31.5,31.5,31,31.5,213,0
FTE,60,20250319,120000,31.5,31.5,31,31,67,0
FTE,60,20250319,140000,31,31.3,31,31.2,720,0
FTE,60,20250319,150000,31.3,31.3,31.2,31.3,176,0
FTE,60,20250319,160000,31.3,31.3,31.3,31.3,15,0
FTE,60,20250319,170000,31.2,31.3,31.2,31.3,221,0
FTE,60,20250320,100000,31.2,31.2,30.4,31.1,1098,0
FTE,60,20250320,110000,30.4,30.4,30.4,30.4,52,0
FTE,60,20250320,120000,30.4,30.4,30.4,30.4,6,0
FTE,60,20250320,130000,30.4,30.4,29.7,29.7,1820,0
FTE,60,20250320,140000,29.8,29.9,29.7,29.9,845,0
FTE,60,20250320,150000,29.9,29.9,29.8,29.9,245,0
FTE,60,20250320,160000,29.8,29.9,29.8,29.9,38,0
FTE,60,20250320,170000,29.8,29.9,29.8,29.8,957,0
FTE,60,20250321,100000,30,30,29.3,29.3,598,0
FTE,60,20250321,110000,29.3,29.5,29.2,29.5,381,0
FTE,60,20250321,120000,29.5,29.5,29.5,29.5,50,0
FTE,60,20250321,140000,29.6,29.6,29.4,29.6,65,0
FTE,60,20250321,150000,29.6,29.6,29.6,29.6,1,0
FTE,60,20250321,170000,29.5,29.5,29.2,29.3,1844,0
FTE,60,20250324,100000,29.1,29.6,28.9,29,524,0
FTE,60,20250324,110000,29.3,29.3,29.2,29.3,148,0
FTE,60,20250324,120000,29.3,29.3,29.2,29.2,421,0
FTE,60,20250324,130000,29.1,29.2,29.1,29.2,1244,0
FTE,60,20250324,140000,29.3,29.3,29.3,29.3,23,0
FTE,60,20250324,150000,29.4,29.4,29.4,29.4,245,0
FTE,60,20250324,160000,29.3,29.4,29.3,29.4,124,0
FTE,60,20250324,170000,29.4,29.7,29.4,29.7,29,0
FTE,60,20250325,100000,29.8,30,29.3,30,888,0
FTE,60,20250325,110000,29.9,30,29.9,30,180,0
FTE,60,20250325,120000,30.1,30.8,29.6,29.6,105,0
FTE,60,20250325,130000,29.8,29.8,29.8,29.8,1,0
FTE,60,20250325,150000,29.9,29.9,29.6,29.6,73,0
FTE,60,20250325,160000,30.1,30.1,30.1,30.1,100,0
FTE,60,20250325,170000,30,30.1,30,30.1,87,0
FTE,60,20250326,100000,30.1,30.1,30.1,30.1,40,0
FTE,60,20250326,110000,29.6,29.6,29.4,29.6,73,0
FTE,60,20250326,120000,29.4,29.4,29.4,29.4,250,0
FTE,60,20250326,130000,29.5,29.5,29.4,29.4,91,0
FTE,60,20250326,140000,29.5,29.5,29.1,29.1,2001,0
FTE,60,20250326,150000,29.2,29.2,29.1,29.1,300,0
FTE,60,20250326,170000,29.4,29.6,29.4,29.6,9,0
FTE,60,20250327,100000,29.6,29.6,29.2,29.3,331,0
FTE,60,20250327,110000,29.3,29.3,29.3,29.3,100,0
FTE,60,20250327,120000,29.3,29.3,29.3,29.3,62,0
FTE,60,20250327,130000,29.2,29.2,29.1,29.1,61,0
FTE,60,20250327,140000,29.1,29.4,29.1,29.4,63,0
FTE,60,20250327,150000,29.1,29.3,29.1,29.3,20,0
FTE,60,20250327,160000,29.3,29.3,29.1,29.1,132,0
FTE,60,20250327,170000,29.3,29.3,29.3,29.3,1,0
FTE,60,20250328,100000,29.8,29.8,29.8,29.8,2,0
FTE,60,20250328,110000,29.3,29.8,29.3,29.8,133,0
FTE,60,20250328,130000,29.3,29.3,29.3,29.3,100,0
FTE,60,20250328,140000,29.3,29.3,28.9,28.9,448,0
FTE,60,20250328,150000,29.1,29.1,29.1,29.1,1,0
FTE,60,20250328,160000,29,29.1,28.5,28.5,1592,0
FTE,60,20250328,170000,29,29,29,29,55,0
FTE,60,20250331,100000,29,29,29,29,158,0
FTE,60,20250331,110000,29,29.4,29,29.4,794,0
FTE,60,20250331,120000,29.5,29.5,29.5,29.5,1,0
FTE,60,20250331,140000,29.1,29.4,28.7,29.4,208,0
FTE,60,20250331,150000,28.8,28.8,28.7,28.7,324,0
FTE,60,20250331,160000,28.8,28.8,28,28,823,0
FTE,60,20250331,170000,27.9,28.5,27.9,28.5,50,0
FTE,60,20250401,100000,27.8,28.1,27.7,28,2027,0
FTE,60,20250401,110000,27.9,28.1,27.8,27.8,783,0
FTE,60,20250401,120000,28.1,28.3,28.1,28.1,236,0
FTE,60,20250401,130000,28.1,28.3,28.1,28.2,4940,0
FTE,60,20250401,140000,28.1,28.3,28,28.2,860,0
FTE,60,20250401,150000,28.2,28.2,28,28.1,240,0
FTE,60,20250401,160000,28.2,28.2,28.2,28.2,1,0
FTE,60,20250401,170000,28,28.2,27.5,28.2,2882,0
FTE,60,20250402,100000,28.7,28.7,28,28.7,391,0
FTE,60,20250402,110000,28.2,29.2,28.2,28.2,1473,0
FTE,60,20250402,120000,28.5,28.9,28.2,28.2,9601,0
FTE,60,20250402,130000,28.8,28.8,28.5,28.5,302,0
FTE,60,20250402,160000,28.2,28.2,28.2,28.2,140,0
FTE,60,20250402,170000,28.3,28.5,28.2,28.5,226,0
FTE,60,20250403,100000,28.2,28.5,28.2,28.2,263,0
FTE,60,20250403,110000,28.2,28.2,28.1,28.1,676,0
FTE,60,20250403,120000,28,28,27.6,27.6,389,0
FTE,60,20250403,130000,27.5,28,27.5,27.7,720,0
FTE,60,20250403,140000,27.7,27.7,27.7,27.7,160,0
FTE,60,20250403,150000,27.6,27.6,27.5,27.6,307,0
FTE,60,20250403,160000,27.5,27.5,27.5,27.5,317,0
FTE,60,20250403,170000,27.5,27.5,27.2,27.4,1288,0
FTE,60,20250404,100000,26.8,26.8,26.1,26.4,8314,0
FTE,60,20250404,110000,26.3,26.5,26,26.5,2615,0
FTE,60,20250404,120000,26.6,26.6,26.5,26.5,745,0
FTE,60,20250404,130000,26.5,26.5,26.4,26.4,1521,0
FTE,60,20250404,140000,26.4,26.4,26.2,26.3,1843,0
FTE,60,20250404,150000,26.3,26.3,26.3,26.3,610,0
FTE,60,20250404,160000,26.3,26.4,26.3,26.3,381,0
FTE,60,20250404,170000,26.3,26.3,26,26,546,0
FTE,60,20250407,100000,23.9,23.9,22.1,23.1,12622,0
FTE,60,20250407,110000,23.1,23.7,23.1,23.6,890,0
FTE,60,20250407,120000,23.6,24,23.3,24,2775,0
FTE,60,20250407,130000,24,24.8,24,24.8,1364,0
FTE,60,20250407,140000,24.7,24.8,24.5,24.8,660,0
FTE,60,20250407,150000,24.2,24.3,23.8,24.3,627,0
FTE,60,20250407,170000,24.4,24.9,24.4,24.9,1309,0
FTE,60,20250408,100000,24.4,24.8,24.4,24.4,725,0
FTE,60,20250408,110000,24.6,24.6,24.3,24.3,153,0
FTE,60,20250408,120000,24.4,24.4,24.2,24.2,153,0
FTE,60,20250408,140000,24.3,24.5,24.3,24.4,193,0
FTE,60,20250408,150000,24.5,24.5,24.5,24.5,1,0
FTE,60,20250408,170000,24.5,24.5,24.5,24.5,24,0
FTE,60,20250409,100000,23.9,24.1,23.5,23.5,677,0
FTE,60,20250409,110000,23.6,23.9,23.2,23.9,166,0
FTE,60,20250409,120000,23.9,23.9,23.9,23.9,48,0
FTE,60,20250409,130000,23.9,23.9,23.4,23.4,183,0
FTE,60,20250409,140000,23.8,23.8,23.4,23.4,44,0
FTE,60,20250409,150000,23.4,24,23.4,23.9,107,0
FTE,60,20250409,160000,23.8,23.9,23.8,23.9,5,0
FTE,60,20250409,170000,23.6,23.8,23.6,23.8,91,0
FTE,60,20250410,100000,24.7,25.7,24.7,25.2,3436,0
FTE,60,20250410,110000,24.9,24.9,24.1,24.4,607,0
FTE,60,20250410,120000,24.4,24.6,24.4,24.6,195,0
FTE,60,20250410,130000,24.5,25.5,24.5,25,612,0
FTE,60,20250410,140000,25,25.5,25,25.5,3598,0
FTE,60,20250410,150000,25.6,26.8,25.6,26.8,683,0
FTE,60,20250410,160000,26.1,27,25.2,25.4,1825,0
FTE,60,20250411,100000,26.3,26.7,26.3,26.7,193,0
FTE,60,20250411,110000,26.4,26.4,26.4,26.4,50,0
FTE,60,20250411,120000,26.5,26.5,26.4,26.4,359,0
FTE,60,20250411,130000,26.5,26.5,26.4,26.4,656,0
FTE,60,20250411,140000,26.4,26.5,26.4,26.5,220,0
FTE,60,20250411,160000,26.5,26.5,26.5,26.5,9,0
FTE,60,20250411,170000,26.5,26.5,26.5,26.5,195,0
FTE,60,20250414,100000,26.5,27,26.4,26.4,205,0
FTE,60,20250414,110000,26.6,26.6,26.6,26.6,317,0
FTE,60,20250414,130000,26.4,26.4,25.5,26,565,0
FTE,60,20250414,140000,26,26,26,26,2,0
FTE,60,20250414,150000,26.1,26.1,26.1,26.1,18,0
FTE,60,20250414,160000,26.2,26.4,25.8,25.8,755,0
FTE,60,20250414,170000,25.8,26.4,25.5,26.4,1178,0
FTE,60,20250415,100000,26.4,26.4,25.7,26.2,453,0
FTE,60,20250415,110000,25.7,26.1,25.7,26.1,122,0
FTE,60,20250415,120000,25.7,26,25.3,25.3,873,0
FTE,60,20250415,130000,25.8,26.2,25.8,25.9,1068,0
FTE,60,20250415,140000,26.2,26.2,26.2,26.2,1,0
FTE,60,20250415,150000,26.3,26.4,26.3,26.4,5,0
FTE,60,20250415,160000,25.9,25.9,25.8,25.8,269,0
FTE,60,20250415,170000,26.4,26.4,26.4,26.4,4,0
FTE,60,20250416,100000,26.3,26.4,26,26,1728,0
FTE,60,20250416,110000,26,26.3,26,26.3,1183,0
FTE,60,20250416,120000,26.3,26.4,26.3,26.4,52,0
FTE,60,20250416,130000,26.4,26.4,26.4,26.4,29,0
FTE,60,20250416,140000,25.8,25.8,25.8,25.8,51,0
FTE,60,20250416,160000,25.9,26.3,25.9,26.3,44,0
FTE,60,20250416,170000,26.3,26.3,26.3,26.3,4,0
FTE,60,20250417,100000,26,26.9,25.9,26.9,1571,0
FTE,60,20250417,110000,26.9,27.8,26.8,27.8,1299,0
FTE,60,20250417,120000,27.8,27.9,27.3,27.7,217,0
FTE,60,20250417,130000,27.7,27.8,27.3,27.8,291,0
FTE,60,20250417,140000,27.8,27.8,27.3,27.8,205,0
FTE,60,20250417,150000,27.6,27.8,27.4,27.7,162,0
FTE,60,20250417,160000,27.7,27.7,27.5,27.7,419,0
FTE,60,20250417,170000,27.7,27.9,27.7,27.9,198,0
FTE,60,20250422,100000,27.9,27.9,27.1,27.1,388,0
FTE,60,20250422,110000,26.7,27.1,26.7,26.7,1136,0
FTE,60,20250422,120000,26.7,26.7,26.5,26.5,1653,0
FTE,60,20250422,130000,26.5,26.7,26.4,26.7,246,0
FTE,60,20250422,140000,26.6,26.6,26.5,26.6,601,0
FTE,60,20250422,150000,26.7,26.7,26.6,26.6,56,0
FTE,60,20250422,160000,26.6,26.6,26.6,26.6,141,0
FTE,60,20250422,170000,26.3,26.6,26.3,26.6,1088,0
FTE,60,20250423,100000,27.4,27.9,27.4,27.5,1529,0
FTE,60,20250423,110000,27.5,27.6,27.1,27.1,857,0
FTE,60,20250423,120000,27.2,27.2,26.9,27.2,3759,0
FTE,60,20250423,130000,27.2,27.2,27.2,27.2,171,0
FTE,60,20250423,150000,27.2,27.3,27.2,27.3,154,0
FTE,60,20250423,160000,27.3,27.3,27.3,27.3,8,0
FTE,60,20250423,170000,27.4,27.4,27,27,1405,0
FTE,60,20250424,100000,27.7,27.7,27,27,674,0
FTE,60,20250424,110000,27,27,26.8,27,41,0
FTE,60,20250424,120000,26.8,27.2,26.8,27.2,402,0
FTE,60,20250424,130000,27.3,27.3,27.3,27.3,16,0
FTE,60,20250424,140000,27,27.3,26.7,27.2,1175,0
FTE,60,20250424,150000,27.3,27.3,27.3,27.3,5,0
FTE,60,20250424,160000,27.3,27.3,27.3,27.3,14,0
FTE,60,20250424,170000,26.8,27.3,26.7,27.3,130,0
FTE,60,20250425,100000,26.9,27.9,26.9,27.4,985,0
FTE,60,20250425,110000,27.8,27.8,27.4,27.4,142,0
FTE,60,20250425,120000,27.3,27.3,27.3,27.3,50,0
FTE,60,20250425,130000,27.5,27.5,27.3,27.3,41,0
FTE,60,20250425,140000,27.3,27.3,27.3,27.3,3,0
FTE,60,20250425,150000,27.6,27.6,27.6,27.6,4,0
FTE,60,20250425,160000,27.3,27.3,26.9,27.2,619,0
FTE,60,20250425,170000,26.9,26.9,26.9,26.9,481,0
FTE,60,20250428,100000,26.9,26.9,26.7,26.7,50,0
FTE,60,20250428,110000,26.7,26.7,26.7,26.7,257,0
FTE,60,20250428,120000,26.7,26.8,26.7,26.8,573,0
FTE,60,20250428,130000,26.8,26.8,26.6,26.6,111,0
FTE,60,20250428,140000,26.8,26.8,26.8,26.8,240,0
FTE,60,20250428,150000,26.6,26.8,26.6,26.6,58,0
FTE,60,20250428,160000,26.6,26.6,26.6,26.6,687,0
FTE,60,20250428,170000,26.7,26.8,26.7,26.7,138,0
FTE,60,20250429,100000,26.2,27,26.1,27,1034,0
FTE,60,20250429,110000,26.9,26.9,26.9,26.9,2,0
FTE,60,20250429,120000,26.9,26.9,26.9,26.9,55,0
FTE,60,20250429,130000,26.9,26.9,26.9,26.9,500,0
FTE,60,20250429,140000,26.9,26.9,26.9,26.9,15,0
FTE,60,20250429,150000,26.9,26.9,26.9,26.9,5,0
FTE,60,20250429,160000,26.9,27,26.9,27,273,0
FTE,60,20250429,170000,26.8,26.8,26.8,26.8,108,0
FTE,60,20250430,100000,26.8,26.9,26.5,26.5,260,0
FTE,60,20250430,110000,26.4,26.4,26.4,26.4,2,0
FTE,60,20250430,130000,26.3,26.3,26.2,26.2,250,0
FTE,60,20250430,160000,26.2,26.3,26.1,26.3,670,0
FTE,60,20250430,170000,26.3,26.3,26.2,26.2,237,0
FTE,60,20250502,100000,26.1,26.4,26.1,26.3,775,0
FTE,60,20250502,110000,26.3,26.4,26.3,26.3,593,0
FTE,60,20250502,120000,26.3,26.4,26.3,26.4,410,0
FTE,60,20250502,130000,26.3,26.3,26.3,26.3,275,0
FTE,60,20250502,140000,26.3,26.3,26.1,26.1,119,0
FTE,60,20250502,150000,26.1,26.2,26.1,26.2,175,0
FTE,60,20250502,160000,26.2,26.2,26.2,26.2,145,0
FTE,60,20250502,170000,26.2,26.2,26.2,26.2,53,0
FTE,60,20250505,100000,26,26.7,26,26.2,1152,0
FTE,60,20250505,110000,26.2,26.2,26.1,26.1,600,0
FTE,60,20250505,120000,26.2,26.2,26.1,26.1,243,0
FTE,60,20250505,130000,26.2,26.2,26.1,26.1,201,0
FTE,60,20250505,140000,26.1,26.2,26.1,26.1,843,0
FTE,60,20250505,150000,26.1,26.2,26.1,26.2,299,0
FTE,60,20250505,160000,26.3,26.3,26.3,26.3,9,0
FTE,60,20250505,170000,26.2,26.3,26.1,26.1,265,0
FTE,60,20250506,100000,26.2,26.3,25.4,25.4,2832,0
FTE,60,20250506,110000,25.6,25.8,25.5,25.5,317,0
FTE,60,20250506,120000,25.7,25.8,25.7,25.8,140,0
FTE,60,20250506,130000,25.9,26,25.7,25.7,85,0
FTE,60,20250506,140000,25.7,25.7,25.6,25.7,304,0
FTE,60,20250506,150000,25.7,25.7,24.7,24.9,7546,0
FTE,60,20250506,160000,24.9,25,24.9,25,2160,0
FTE,60,20250506,170000,25.1,25.3,25.1,25.3,256,0
