<TICKER>,<PER>,<DATE>,<TIME>,<OPEN>,<HIGH>,<LOW>,<CLOSE>,<VOL>,<OPENINT>
GIG,60,20240411,100000,1.44017,1.44017,1.44017,1.44017,20.067114093999997,0
GIG,60,20240411,120000,1.44017,1.44017,1.44017,1.44017,100.33557047,0
GIG,60,20240411,170000,1.44017,1.44515,1.4302,1.4302,540.8087248333,0
GIG,60,20240412,100000,1.44515,1.44515,1.44515,1.44515,15.050335570499998,0
GIG,60,20240412,120000,1.44017,1.44017,1.44017,1.44017,50.167785235,0
GIG,60,20240412,130000,1.44017,1.44515,1.42522,1.44515,351.174496645,0
GIG,60,20240412,150000,1.44515,1.44515,1.44515,1.44515,21.0704697987,0
GIG,60,20240412,160000,1.43518,1.44515,1.42522,1.44515,50.167785235,0
GIG,60,20240412,170000,1.42522,1.44515,1.42522,1.44515,130.43624161099999,0
GIG,60,20240415,100000,1.42522,1.44515,1.42023,1.44515,1044.4932885926999,0
GIG,60,20240415,150000,1.44515,1.44515,1.44515,1.44515,408.3657718129,0
GIG,60,20240415,160000,1.43518,1.44515,1.42023,1.44515,50.167785235,0
GIG,60,20240416,110000,1.42522,1.44515,1.42522,1.44515,50.167785235,0
GIG,60,20240416,160000,1.4302,1.4302,1.42522,1.42522,35.11744966449999,0
GIG,60,20240416,170000,1.42522,1.44017,1.42522,1.44017,40.134228187999994,0
GIG,60,20240417,100000,1.43518,1.43518,1.4302,1.4302,60.201342282,0
GIG,60,20240417,120000,1.4302,1.4302,1.4302,1.4302,117.39261744989999,0
GIG,60,20240417,160000,1.42023,1.4302,1.38535,1.4302,11105.1409396196,0
GIG,60,20240417,170000,1.39532,1.42023,1.3704,1.41525,5083.000000010199,0
GIG,60,20240418,100000,1.39532,1.41525,1.37538,1.39532,541.812080538,0
GIG,60,20240418,120000,1.38535,1.39532,1.35047,1.39532,2429.1241610787,0
GIG,60,20240418,140000,1.39033,1.39532,1.39033,1.39532,1083.6241610759998,0
GIG,60,20240418,150000,1.40528,1.42522,1.40528,1.42522,1183.9597315459998,0
GIG,60,20240418,170000,1.39532,1.41525,1.38037,1.41525,94.31543624179999,0
GIG,60,20240419,110000,1.41525,1.41525,1.41027,1.41027,38.1275167786,0
GIG,60,20240419,130000,1.39033,1.39033,1.39033,1.39033,69.23154362429999,0
GIG,60,20240419,150000,1.38535,1.38535,1.38535,1.38535,401.34228188,0
GIG,60,20240419,160000,1.38535,1.38535,1.38535,1.38535,722.416107384,0
GIG,60,20240422,110000,1.38535,1.43518,1.38535,1.43518,13746.976510095,0
GIG,60,20240422,120000,1.4003,1.43518,1.39532,1.4302,3765.5939597391,0
GIG,60,20240422,130000,1.39532,1.43518,1.38535,1.4302,5008.7516778624,0
GIG,60,20240422,140000,1.39532,1.4302,1.38535,1.4302,3110.4026845699996,0
GIG,60,20240423,110000,1.39532,1.42023,1.37538,1.42023,2337.8187919509996,0
GIG,60,20240424,100000,1.41027,1.41027,1.41027,1.41027,69.23154362429999,0
GIG,60,20240424,130000,1.38535,1.41027,1.36043,1.41027,3716.4295302088,0
GIG,60,20240424,170000,1.38535,1.39532,1.38037,1.39033,1399.6812080565,0
GIG,60,20240425,140000,1.39033,1.39033,1.39033,1.39033,150.503355705,0
GIG,60,20240425,150000,1.39033,1.39033,1.39033,1.39033,25.0838926175,0
GIG,60,20240425,160000,1.39033,1.39033,1.39033,1.39033,100.33557047,0
GIG,60,20240425,170000,1.39033,1.40528,1.39033,1.40528,30.100671140999996,0
GIG,60,20240426,100000,1.39033,1.40528,1.39033,1.40528,130.436241611,0
GIG,60,20240426,150000,1.39033,1.40528,1.39033,1.40528,80.26845637599999,0
GIG,60,20240426,160000,1.40528,1.4302,1.40528,1.4302,1404.69798658,0
GIG,60,20240426,170000,1.39532,1.39532,1.39532,1.39532,1505.03355705,0
GIG,60,20240429,100000,1.39532,1.39532,1.39532,1.39532,85.2852348995,0
GIG,60,20240429,110000,1.39532,1.42023,1.39532,1.42023,30.100671140999996,0
GIG,60,20240429,120000,1.39532,1.42023,1.39033,1.42023,1018.4060402705,0
GIG,60,20240429,160000,1.39532,1.42023,1.39033,1.42023,553.8523489944,0
GIG,60,20240430,100000,1.39033,1.41027,1.39033,1.41027,80.26845637599999,0
GIG,60,20240430,130000,1.39532,1.39532,1.39532,1.39532,245.8221476515,0
GIG,60,20240430,140000,1.39033,1.41027,1.39033,1.41027,28.0939597316,0
GIG,60,20240502,100000,1.41027,1.42023,1.39532,1.42023,1029.4429530222,0
GIG,60,20240502,160000,1.42023,1.42023,1.42023,1.42023,56.1879194632,0
GIG,60,20240502,170000,1.39532,1.42522,1.38535,1.42522,21800.912751721597,0
GIG,60,20240506,110000,1.39532,1.39532,1.39532,1.39532,797.6677852365,0
GIG,60,20240506,120000,1.39532,1.39532,1.38037,1.39532,9941.2483221676,0
GIG,60,20240506,130000,1.39532,1.41525,1.39033,1.41525,2716.0838926229,0
GIG,60,20240506,150000,1.41027,1.41027,1.37538,1.40528,122.4093959734,0
GIG,60,20240506,160000,1.40528,1.41027,1.39532,1.39532,388.29865771889996,0
GIG,60,20240506,170000,1.38535,1.38535,1.37538,1.37538,85.2852348995,0
GIG,60,20240507,100000,1.38535,1.41027,1.38535,1.41027,24.0805369128,0
GIG,60,20240507,120000,1.38535,1.38535,1.38535,1.38535,150.503355705,0
GIG,60,20240507,130000,1.38535,1.40528,1.38535,1.40528,24.0805369128,0
GIG,60,20240507,170000,1.40528,1.40528,1.40528,1.40528,18.0604026846,0
GIG,60,20240508,120000,1.40528,1.40528,1.40528,1.40528,50.167785235,0
GIG,60,20240508,160000,1.4003,1.41525,1.4003,1.41525,1505.03355705,0
GIG,60,20240509,100000,1.41525,1.41525,1.41525,1.41525,100.33557047,0
GIG,60,20240509,160000,1.39532,1.39532,1.39033,1.39033,521.7449664439999,0
GIG,60,20240509,170000,1.39033,1.39033,1.39033,1.39033,11.0369127517,0
GIG,60,20240510,100000,1.41027,1.41027,1.41027,1.41027,70.234899329,0
GIG,60,20240510,110000,1.39532,1.39532,1.39532,1.39532,10.033557046999999,0
GIG,60,20240510,130000,1.39033,1.41027,1.39033,1.41027,24.0805369128,0
GIG,60,20240510,150000,1.40528,1.41027,1.40528,1.41027,1322.4228187945998,0
GIG,60,20240510,160000,1.41027,1.41027,1.41027,1.41027,1085.6308724854,0
GIG,60,20240513,100000,1.39033,1.41525,1.39033,1.41027,96.3221476512,0
GIG,60,20240513,110000,1.39532,1.41027,1.39033,1.41027,34.1140939598,0
GIG,60,20240514,100000,1.39532,1.39532,1.39532,1.39532,10.033557046999999,0
GIG,60,20240514,130000,1.39033,1.41027,1.39033,1.41027,174.5838926178,0
GIG,60,20240514,150000,1.39532,1.39532,1.39532,1.39532,489.6375838936,0
GIG,60,20240514,160000,1.41027,1.41027,1.39033,1.39033,1111.7181208076,0
GIG,60,20240515,100000,1.38535,1.38535,1.38535,1.38535,10.033557046999999,0
GIG,60,20240515,110000,1.4003,1.4003,1.4003,1.4003,216.72483221519997,0
GIG,60,20240515,120000,1.4003,1.41525,1.37538,1.41525,1065.5637583914,0
GIG,60,20240515,130000,1.38037,1.41525,1.38037,1.41525,501.67785234999997,0
GIG,60,20240515,150000,1.41525,1.42023,1.41525,1.42023,702.34899329,0
GIG,60,20240516,110000,1.38535,1.38535,1.38535,1.38535,42.1409395974,0
GIG,60,20240516,120000,1.39532,1.41525,1.39532,1.41525,20.067114093999997,0
GIG,60,20240516,130000,1.39532,1.39532,1.39532,1.39532,50.167785235,0
GIG,60,20240517,100000,1.39532,1.40528,1.39532,1.40528,52.1744966444,0
GIG,60,20240517,170000,1.39532,1.40528,1.39532,1.4003,361.20805369199996,0
GIG,60,20240520,100000,1.39033,1.39033,1.39033,1.39033,172.5771812084,0
GIG,60,20240520,110000,1.39532,1.41027,1.39033,1.41027,665.2248322160999,0
GIG,60,20240520,140000,1.39033,1.39033,1.39033,1.39033,566.8959731555,0
GIG,60,20240521,100000,1.39532,1.42023,1.39033,1.42023,1813.0637583929,0
GIG,60,20240521,110000,1.39532,1.39532,1.39532,1.39532,1003.3557046999999,0
GIG,60,20240521,120000,1.41027,1.41525,1.41027,1.41525,1029.4429530221998,0
GIG,60,20240521,150000,1.39532,1.39532,1.39532,1.39532,752.516778525,0
GIG,60,20240521,160000,1.39033,1.4003,1.39033,1.4003,20.067114093999997,0
GIG,60,20240522,100000,1.39033,1.39033,1.39033,1.39033,626.0939597327999,0
GIG,60,20240522,110000,1.39033,1.39033,1.38535,1.38535,1404.69798658,0
GIG,60,20240522,170000,1.38535,1.38535,1.38535,1.38535,20.067114093999997,0
GIG,60,20240523,100000,1.4003,1.4003,1.4003,1.4003,401.34228188,0
GIG,60,20240523,110000,1.39033,1.39033,1.39033,1.39033,451.51006711499997,0
GIG,60,20240523,140000,1.39532,1.39532,1.39532,1.39532,1749.8523489968,0
GIG,60,20240524,100000,1.39532,1.39532,1.38535,1.39532,423.4161073834,0
GIG,60,20240524,120000,1.39033,1.39033,1.39033,1.39033,20.067114093999997,0
GIG,60,20240524,130000,1.39033,1.39033,1.39033,1.39033,26.087248322199997,0
GIG,60,20240524,140000,1.4003,1.4003,1.4003,1.4003,100.33557047,0
GIG,60,20240527,130000,1.39532,1.39532,1.39532,1.39532,208.6979865776,0
GIG,60,20240527,140000,1.39033,1.39532,1.38535,1.39532,6708.4362416242,0
GIG,60,20240528,100000,1.38535,1.38535,1.38535,1.38535,1565.234899332,0
GIG,60,20240528,160000,1.39033,1.41027,1.39033,1.41027,20.067114093999997,0
GIG,60,20240529,100000,1.39033,1.39033,1.38535,1.38535,1031.4496644316,0
GIG,60,20240531,120000,1.39532,1.39532,1.39532,1.39532,592.9832214777,0
GIG,60,20240531,140000,1.39532,1.39532,1.39532,1.39532,1413.7281879222999,0
GIG,60,20240531,150000,1.39033,1.39532,1.38535,1.39532,7701.758389277199,0
GIG,60,20240531,170000,1.40528,1.40528,1.40528,1.40528,2023.7684563799,0
GIG,60,20240603,120000,1.39532,1.39532,1.39033,1.39033,45.1510067115,0
GIG,60,20240603,130000,1.39033,1.39033,1.39033,1.39033,516.7281879205,0
GIG,60,20240604,100000,1.38037,1.40528,1.38037,1.40528,20.067114093999997,0
GIG,60,20240604,110000,1.39532,1.40528,1.39532,1.40528,16856.375838959997,0
GIG,60,20240604,130000,1.38535,1.38535,1.38535,1.38535,10.033557046999999,0
GIG,60,20240605,100000,1.38535,1.38535,1.38535,1.38535,50.167785235,0
GIG,60,20240605,170000,1.38535,1.38535,1.38535,1.38535,200.67114094,0
GIG,60,20240606,100000,1.39532,1.39532,1.39532,1.39532,100.33557047,0
GIG,60,20240606,150000,1.38535,1.38535,1.38535,1.38535,184.61744966479998,0
GIG,60,20240606,160000,1.39532,1.39532,1.39532,1.39532,100.33557047,0
GIG,60,20240606,170000,1.39033,1.39033,1.39033,1.39033,83.27852349009999,0
GIG,60,20240607,110000,1.38535,1.38535,1.38535,1.38535,212.71140939639997,0
GIG,60,20240607,130000,1.38037,1.38037,1.38037,1.38037,366.2248322155,0
GIG,60,20240610,100000,1.38037,1.38037,1.38037,1.38037,50.167785235,0
GIG,60,20240610,110000,1.38037,1.38037,1.38037,1.38037,50.167785235,0
GIG,60,20240610,130000,1.38535,1.38535,1.38037,1.38037,30469.9060403296,0
GIG,60,20240610,170000,1.38535,1.38535,1.38535,1.38535,10.033557046999999,0
GIG,60,20240611,100000,1.37538,1.37538,1.37538,1.37538,200.67114094,0
GIG,60,20240611,160000,1.37538,1.37538,1.37538,1.37538,668.2348993301999,0
GIG,60,20240611,170000,1.39033,1.39033,1.39033,1.39033,10.033557046999999,0
GIG,60,20240612,120000,1.39532,1.39532,1.39532,1.39532,301.00671141,0
GIG,60,20240612,170000,1.39532,1.39532,1.39532,1.39532,100.33557047,0
GIG,60,20240614,100000,1.39532,1.39532,1.39033,1.39532,4239.1778523575,0
GIG,60,20240617,120000,1.39532,1.39532,1.39532,1.39532,516.7281879205,0
GIG,60,20240617,130000,1.39532,1.39532,1.39532,1.39532,598.0000000012,0
GIG,60,20240617,140000,1.38037,1.40528,1.38037,1.40528,20.067114093999997,0
GIG,60,20240618,100000,1.38535,1.38535,1.38037,1.38037,18.0604026846,0
GIG,60,20240618,110000,1.38037,1.40528,1.37538,1.37538,521.7449664439999,0
GIG,60,20240618,120000,1.38535,1.38535,1.38535,1.38535,10.033557046999999,0
GIG,60,20240618,130000,1.37538,1.4003,1.37538,1.4003,20.067114093999997,0
GIG,60,20240619,140000,1.37538,1.37538,1.37538,1.37538,60.20134228199999,0
GIG,60,20240619,150000,1.39532,1.39532,1.39532,1.39532,702.34899329,0
GIG,60,20240619,170000,1.39532,1.39532,1.39532,1.39532,100.33557047,0
GIG,60,20240620,100000,1.38535,1.38535,1.38535,1.38535,100.33557047,0
GIG,60,20240620,170000,1.3704,1.38037,1.3704,1.38037,60.20134228199999,0
GIG,60,20240621,160000,1.3704,1.3704,1.3704,1.3704,7.0234899329,0
GIG,60,20240621,170000,1.3704,1.38037,1.3704,1.38037,60.20134228199999,0
GIG,60,20240624,100000,1.38037,1.38037,1.34548,1.36542,7373.6610738403,0
GIG,60,20240624,110000,1.36043,1.39033,1.36043,1.39033,3903.053691283,0
GIG,60,20240624,120000,1.39033,1.40528,1.39033,1.4003,2719.0939597369998,0
GIG,60,20240624,170000,1.3704,1.4003,1.3704,1.4003,90.30201342299999,0
GIG,60,20240625,110000,1.4003,1.4003,1.4003,1.4003,38.1275167786,0
GIG,60,20240625,150000,1.37538,1.40528,1.37538,1.40528,1978.6174496683998,0
GIG,60,20240625,170000,1.4003,1.40528,1.4003,1.40528,429.43624161159994,0
GIG,60,20240626,100000,1.40528,1.40528,1.40528,1.40528,15.050335570499998,0
GIG,60,20240626,150000,1.40528,1.40528,1.40528,1.40528,150.503355705,0
GIG,60,20240626,170000,1.40528,1.40528,1.40528,1.40528,100.33557047,0
GIG,60,20240627,140000,1.40528,1.40528,1.40528,1.40528,200.67114094,0
GIG,60,20240627,160000,1.40528,1.40528,1.40528,1.40528,175.5872483225,0
GIG,60,20240628,110000,1.40528,1.40528,1.40528,1.40528,100.33557047,0
GIG,60,20240628,130000,1.40528,1.40528,1.40528,1.40528,225.75503355749998,0
GIG,60,20240701,110000,1.39532,1.42023,1.39532,1.42023,3963.255033565,0
GIG,60,20240701,140000,1.41525,1.41525,1.41525,1.41525,100.33557047,0
GIG,60,20240701,170000,1.39532,1.39532,1.36043,1.39532,2408.05369128,0
GIG,60,20240702,100000,1.41525,1.41525,1.41525,1.41525,100.33557047,0
GIG,60,20240702,160000,1.40528,1.42023,1.40528,1.42023,4966.610738265,0
GIG,60,20240703,110000,1.41525,1.41525,1.41525,1.41525,25.0838926175,0
GIG,60,20240703,130000,1.39033,1.39033,1.39033,1.39033,15.050335570499998,0
GIG,60,20240703,170000,1.39033,1.42023,1.39033,1.42023,2132.1308724875,0
GIG,60,20240704,100000,1.39033,1.41525,1.39033,1.41525,69.23154362429999,0
GIG,60,20240704,160000,1.41525,1.41525,1.41525,1.41525,908.0369127534999,0
GIG,60,20240705,110000,1.42023,1.42023,1.42023,1.42023,255.85570469849998,0
GIG,60,20240705,120000,1.41027,1.42023,1.41027,1.42023,32198.687919528,0
GIG,60,20240705,130000,1.39532,1.42522,1.39532,1.42522,10051.6174496846,0
GIG,60,20240705,140000,1.42522,1.42522,1.37538,1.41525,61490.654362539,0
GIG,60,20240705,160000,1.41027,1.41525,1.41027,1.41525,1003.3557046999999,0
GIG,60,20240705,170000,1.41525,1.43518,1.41525,1.43518,21693.5536913187,0
GIG,60,20240708,110000,1.40528,1.43518,1.40528,1.43518,120.40268456399998,0
GIG,60,20240708,150000,1.43518,1.43518,1.43518,1.43518,70.23489932899999,0
GIG,60,20240709,140000,1.43518,1.43518,1.43518,1.43518,225.75503355749998,0
GIG,60,20240709,170000,1.4302,1.4302,1.4302,1.4302,150.503355705,0
GIG,60,20240710,100000,1.42522,1.4302,1.40528,1.40528,195.6543624165,0
GIG,60,20240710,120000,1.41027,1.43518,1.41027,1.41027,2949.865771818,0
GIG,60,20240710,130000,1.41027,1.43518,1.41027,1.43518,138.4630872486,0
GIG,60,20240711,110000,1.4302,1.44017,1.4302,1.44017,3944.1912751757,0
GIG,60,20240711,120000,1.43518,1.43518,1.43518,1.43518,511.71140939699995,0
GIG,60,20240711,130000,1.43518,1.44017,1.43518,1.44017,3080.3020134289995,0
GIG,60,20240711,140000,1.43518,1.45512,1.43518,1.45512,1342.4899328886,0
GIG,60,20240711,150000,1.43518,1.43518,1.43518,1.43518,1274.261744969,0
GIG,60,20240711,170000,1.43518,1.45013,1.43518,1.44017,516.7281879205,0
GIG,60,20240712,110000,1.45013,1.45013,1.45013,1.45013,25.0838926175,0
GIG,60,20240712,120000,1.44017,1.45013,1.44017,1.45013,1372.5906040296,0
GIG,60,20240712,130000,1.44017,1.44017,1.43518,1.43518,908.0369127534999,0
GIG,60,20240712,140000,1.43518,1.45013,1.43518,1.43518,60.201342282,0
GIG,60,20240712,150000,1.43518,1.45013,1.43518,1.45013,18.0604026846,0
GIG,60,20240712,160000,1.45013,1.45013,1.45013,1.45013,19063.758389299997,0
GIG,60,20240715,100000,1.43518,1.45013,1.42023,1.44017,14557.687919492,0
GIG,60,20240715,140000,1.42023,1.4302,1.41027,1.4302,2333.8053691322,0
GIG,60,20240716,100000,1.45512,1.45512,1.42023,1.45512,6261.9429530327,0
GIG,60,20240716,110000,1.44515,1.44515,1.43518,1.43518,5531.5000000110995,0
GIG,60,20240716,120000,1.43518,1.44515,1.43518,1.43518,15577.0973154675,0
GIG,60,20240716,150000,1.43518,1.45013,1.43518,1.45013,16.0536912752,0
GIG,60,20240716,160000,1.43518,1.45013,1.43518,1.45013,10041.583892638,0
GIG,60,20240716,170000,1.45013,1.45013,1.45013,1.45013,692.3154362429999,0
GIG,60,20240717,100000,1.43518,1.45512,1.43518,1.45512,29.097315436299997,0
GIG,60,20240717,120000,1.44017,1.45512,1.44017,1.45512,116.38926174519999,0
GIG,60,20240718,130000,1.45512,1.45512,1.45512,1.45512,150.503355705,0
GIG,60,20240719,100000,1.45512,1.45512,1.45512,1.45512,7.0234899329,0
GIG,60,20240719,150000,1.45512,1.45512,1.45512,1.45512,100.33557047,0
GIG,60,20240722,100000,1.45512,1.45512,1.45512,1.45512,877.9362416125,0
GIG,60,20240722,160000,1.45512,1.45512,1.45512,1.45512,200.67114094,0
GIG,60,20240723,130000,1.45512,1.45512,1.45512,1.45512,451.51006711499997,0
GIG,60,20240724,110000,1.44017,1.44017,1.44017,1.44017,1108.7080536935,0
GIG,60,20240724,120000,1.44017,1.45013,1.44017,1.45013,16.0536912752,0
GIG,60,20240724,170000,1.44017,1.44017,1.43518,1.43518,501.67785234999997,0
GIG,60,20240725,100000,1.43518,1.45013,1.43518,1.45013,17.0570469799,0
GIG,60,20240725,110000,1.45013,1.45013,1.45013,1.45013,220.738255034,0
GIG,60,20240725,130000,1.45013,1.45013,1.45013,1.45013,8.0268456376,0
GIG,60,20240725,140000,1.43518,1.44515,1.43518,1.44515,1019.4093959751999,0
GIG,60,20240726,100000,1.44515,1.44515,1.43518,1.43518,150.503355705,0
GIG,60,20240726,110000,1.44515,1.44515,1.44515,1.44515,100.33557047,0
GIG,60,20240726,170000,1.43518,1.44515,1.43518,1.44515,200.67114094,0
GIG,60,20240729,100000,1.44515,1.44515,1.44515,1.44515,150.503355705,0
GIG,60,20240729,170000,1.44515,1.44515,1.4302,1.44515,2719.0939597369998,0
GIG,60,20240731,100000,1.4302,1.44515,1.4302,1.44017,451.510067115,0
GIG,60,20240731,110000,1.44515,1.44515,1.44515,1.44515,100.33557047,0
GIG,60,20240731,160000,1.43518,1.43518,1.43518,1.43518,10.033557046999999,0
GIG,60,20240801,100000,1.43518,1.43518,1.43518,1.43518,14.0469798658,0
GIG,60,20240801,110000,1.43518,1.44017,1.43518,1.44017,314.0503355711,0
GIG,60,20240801,160000,1.44017,1.44017,1.44017,1.44017,200.67114094,0
GIG,60,20240802,100000,1.42522,1.44017,1.42522,1.44017,64.2147651008,0
GIG,60,20240802,110000,1.42522,1.42522,1.42522,1.42522,8026.8456375999995,0
GIG,60,20240802,120000,1.4302,1.4302,1.4302,1.4302,7475.000000014999,0
GIG,60,20240806,100000,1.42522,1.44017,1.42023,1.42023,7577.3422818944,0
GIG,60,20240806,110000,1.4302,1.4302,1.4302,1.4302,120.40268456399998,0
GIG,60,20240806,130000,1.4302,1.4302,1.4302,1.4302,10.033557046999999,0
GIG,60,20240806,150000,1.4302,1.55478,1.4302,1.50993,30146.825503416,0
GIG,60,20240806,160000,1.52488,1.55977,1.52488,1.55977,321.07382550399996,0
GIG,60,20240806,170000,1.5199,1.55977,1.50495,1.51492,590.9765100683,0
GIG,60,20240807,100000,1.51492,1.55478,1.51492,1.55478,14.0469798658,0
GIG,60,20240807,150000,1.55478,1.55478,1.55478,1.55478,561.8791946319999,0
GIG,60,20240807,160000,1.51492,1.55977,1.51492,1.55977,508.70134228289993,0
GIG,60,20240808,100000,1.55478,1.55478,1.55478,1.55478,75.2516778525,0
GIG,60,20240808,120000,1.55478,1.55478,1.55478,1.55478,25.0838926175,0
GIG,60,20240808,130000,1.5498,1.55478,1.52488,1.52488,742.483221478,0
GIG,60,20240808,140000,1.5199,1.5199,1.5199,1.5199,69.23154362429999,0
GIG,60,20240808,160000,1.52488,1.52488,1.52488,1.52488,250.83892617499998,0
GIG,60,20240808,170000,1.5498,1.5498,1.5498,1.5498,612.046979867,0
GIG,60,20240809,160000,1.5498,1.5498,1.5498,1.5498,35.11744966449999,0
GIG,60,20240809,170000,1.55478,1.55478,1.55478,1.55478,501.67785234999997,0
GIG,60,20240812,140000,1.5199,1.5199,1.51492,1.51492,406.35906040349994,0
GIG,60,20240812,150000,1.5498,1.56475,1.5498,1.56475,2963.9127516838,0
GIG,60,20240812,160000,1.5199,1.56475,1.5199,1.56475,561.8791946319999,0
GIG,60,20240813,100000,1.5199,1.5199,1.5199,1.5199,152.5100671144,0
GIG,60,20240813,130000,1.51492,1.51492,1.51492,1.51492,100.33557047,0
GIG,60,20240813,150000,1.51492,1.5199,1.51492,1.5199,8.0268456376,0
GIG,60,20240813,170000,1.51492,1.51492,1.50495,1.50495,169.5671140943,0
GIG,60,20240814,100000,1.50495,1.50495,1.50495,1.50495,543.8187919474,0
GIG,60,20240814,140000,1.49997,1.49997,1.49997,1.49997,132.44295302039998,0
GIG,60,20240816,100000,1.49997,1.62455,1.49997,1.62455,12759.67449667,0
GIG,60,20240816,110000,1.62455,1.63452,1.62455,1.63452,1304.36241611,0
GIG,60,20240816,120000,1.63452,1.63452,1.63452,1.63452,7.0234899329,0
GIG,60,20240816,150000,1.62455,1.62953,1.62455,1.62953,802.68456376,0
GIG,60,20240819,110000,1.55977,1.61458,1.55478,1.59465,6602.080536926,0
GIG,60,20240820,140000,1.55478,1.55478,1.55478,1.55478,1.0033557047,0
GIG,60,20240820,150000,1.59465,1.59465,1.59465,1.59465,27.090604026899996,0
GIG,60,20240821,140000,1.59465,1.64448,1.59465,1.64448,5523.4731543735,0
GIG,60,20240821,160000,1.55977,1.6395,1.55977,1.6395,165.55369127549997,0
GIG,60,20240821,170000,1.59963,1.6395,1.59963,1.6395,536.7953020145,0
GIG,60,20240822,100000,1.61458,1.64448,1.61458,1.64448,1940.4899328897998,0
GIG,60,20240822,110000,1.63452,1.69431,1.63452,1.69431,8133.201342298199,0
GIG,60,20240822,120000,1.63452,1.68435,1.63452,1.68435,1261.2181208078998,0
GIG,60,20240822,130000,1.63452,1.69431,1.63452,1.69431,627.0973154375,0
GIG,60,20240822,140000,1.69431,1.73418,1.67438,1.73418,8030.859060418799,0
GIG,60,20240822,150000,1.73418,1.73418,1.70926,1.73418,2723.1073825557996,0
GIG,60,20240822,170000,1.73418,1.74913,1.69431,1.74913,1487.9765100701,0
GIG,60,20240823,100000,1.73418,1.74913,1.71425,1.74913,45.151006711499996,0
GIG,60,20240823,130000,1.71425,1.71425,1.71425,1.71425,852.8523489949999,0
GIG,60,20240823,150000,1.71425,1.73418,1.64946,1.64946,4808.0805369224,0
GIG,60,20240823,160000,1.57472,1.7292,1.57472,1.7292,3473.6174496714,0
GIG,60,20240827,100000,1.6993,1.6993,1.64448,1.6993,222.7449664434,0
GIG,60,20240827,140000,1.6993,1.6993,1.6993,1.6993,56.1879194632,0
GIG,60,20240827,150000,1.69431,1.69431,1.69431,1.69431,1002.3523489953,0
GIG,60,20240827,170000,1.69431,1.6993,1.64448,1.6993,73.2449664431,0
GIG,60,20240828,140000,1.68435,1.68435,1.68435,1.68435,200.67114094,0
GIG,60,20240828,170000,1.65445,1.68435,1.65445,1.68435,120.40268456399998,0
GIG,60,20240829,130000,1.68435,1.68435,1.68435,1.68435,64.2147651008,0
GIG,60,20240829,150000,1.68435,1.69431,1.68435,1.69431,3909.0738255111996,0
GIG,60,20240829,160000,1.69431,1.69431,1.69431,1.69431,3254.8859060468,0
GIG,60,20240829,170000,1.6993,1.71923,1.66441,1.66441,666.2281879207999,0
GIG,60,20240830,100000,1.77405,1.81391,1.76906,1.80395,8117.147651023,0
GIG,60,20240830,110000,1.789,1.79398,1.789,1.79398,4509.0805369218,0
GIG,60,20240830,170000,1.73916,1.73916,1.73916,1.73916,13.043624161099999,0
GIG,60,20240902,100000,1.72421,1.77405,1.72421,1.77405,3190.671140946,0
GIG,60,20240902,120000,1.77405,1.77405,1.77405,1.77405,1003.3557046999999,0
GIG,60,20240902,140000,1.77405,1.77405,1.77405,1.77405,74.2483221478,0
GIG,60,20240902,160000,1.76906,1.76906,1.76906,1.76906,100.33557047,0
GIG,60,20240903,100000,1.77405,1.77405,1.77405,1.77405,30.100671140999996,0
GIG,60,20240903,130000,1.74415,1.77405,1.73916,1.77405,2195.3422818835998,0
GIG,60,20240903,150000,1.74415,1.74415,1.71923,1.71923,7424.83221478,0
GIG,60,20240903,160000,1.74415,1.74415,1.74415,1.74415,451.51006711499997,0
GIG,60,20240903,170000,1.70926,1.70926,1.70926,1.70926,290.973154363,0
GIG,60,20240904,110000,1.68435,1.6993,1.61957,1.6993,8446.2483221646,0
GIG,60,20240904,130000,1.62455,1.68933,1.59465,1.68933,3643.1845637656997,0
GIG,60,20240905,100000,1.67936,1.7292,1.67936,1.7292,1898.3489932923999,0
GIG,60,20240905,150000,1.69431,1.72421,1.69431,1.72421,536.7953020145,0
GIG,60,20240905,160000,1.65445,1.65445,1.65445,1.65445,64.2147651008,0
GIG,60,20240905,170000,1.65445,1.73418,1.65445,1.70428,2901.7046979924,0
GIG,60,20240906,100000,1.73916,1.73916,1.72421,1.72421,306.0234899335,0
GIG,60,20240906,130000,1.72421,1.72421,1.72421,1.72421,90.30201342299999,0
GIG,60,20240909,100000,1.71425,1.71425,1.71425,1.71425,85.2852348995,0
GIG,60,20240909,110000,1.71923,1.71923,1.71923,1.71923,415.38926174579996,0
GIG,60,20240909,130000,1.71923,1.72421,1.70926,1.72421,3475.6241610808,0
GIG,60,20240909,140000,1.72421,1.72421,1.72421,1.72421,30.100671140999996,0
GIG,60,20240910,120000,1.71923,1.71923,1.71923,1.71923,200.67114094,0
GIG,60,20240910,130000,1.71923,1.71923,1.64946,1.64946,2859.563758395,0
GIG,60,20240910,140000,1.65445,1.67936,1.64946,1.67936,3519.7718120875998,0
GIG,60,20240910,150000,1.65445,1.67438,1.65445,1.67438,509.70469798759996,0
GIG,60,20240910,170000,1.65445,1.65445,1.65445,1.65445,962.2181208072999,0
GIG,60,20240911,100000,1.64448,1.64448,1.64448,1.64448,50.167785235,0
GIG,60,20240911,120000,1.64448,1.65943,1.64448,1.65943,2877.6241610796,0
GIG,60,20240911,170000,1.64448,1.64448,1.64448,1.64448,2006.7114093999999,0
GIG,60,20240912,100000,1.66441,1.69431,1.64448,1.69431,910.0436241629,0
GIG,60,20240912,170000,1.66441,1.66441,1.59963,1.59963,5969.966442965,0
GIG,60,20240913,100000,1.59465,1.64448,1.59465,1.64448,891.9832214782999,0
GIG,60,20240913,110000,1.60462,1.6395,1.59465,1.59465,1383.6275167812998,0
GIG,60,20240913,120000,1.62953,1.62953,1.62953,1.62953,90.30201342299999,0
GIG,60,20240913,140000,1.58967,1.59465,1.48502,1.48502,10172.020134249,0
GIG,60,20240913,150000,1.48502,1.57472,1.48003,1.52488,1969.5872483261,0
GIG,60,20240913,160000,1.5199,1.5199,1.48502,1.49498,1587.3087248353997,0
GIG,60,20240913,170000,1.49498,1.50495,1.48502,1.50495,529.7718120816,0
GIG,60,20240916,100000,1.55478,1.56475,1.54482,1.56475,2009.7214765140998,0
GIG,60,20240916,120000,1.56475,1.56475,1.56475,1.56475,14.0469798658,0
GIG,60,20240916,130000,1.51492,1.51492,1.51492,1.51492,14.0469798658,0
GIG,60,20240916,140000,1.51492,1.51492,1.50495,1.50495,652.181208055,0
GIG,60,20240917,120000,1.51492,1.51492,1.51492,1.51492,10.033557046999999,0
GIG,60,20240917,170000,1.51492,1.51492,1.51492,1.51492,10.033557046999999,0
GIG,60,20240918,100000,1.54482,1.54482,1.54482,1.54482,1304.36241611,0
GIG,60,20240918,140000,1.5498,1.5498,1.5498,1.5498,387.2953020142,0
GIG,60,20240919,100000,1.5498,1.5498,1.5498,1.5498,38.1275167786,0
GIG,60,20240920,120000,1.55478,1.55478,1.52488,1.5498,165.5536912755,0
GIG,60,20240920,160000,1.54482,1.54482,1.54482,1.54482,336.12416107449997,0
GIG,60,20240923,100000,1.55478,1.55478,1.44515,1.44515,13549.315436269,0
GIG,60,20240923,110000,1.49,1.49,1.49,1.49,3.0100671141,0
GIG,60,20240923,150000,1.47505,1.47505,1.47505,1.47505,10.033557046999999,0
GIG,60,20240924,100000,1.47505,1.47505,1.47505,1.47505,501.67785234999997,0
GIG,60,20240924,110000,1.49,1.49,1.49,1.49,3.0100671141,0
GIG,60,20240925,100000,1.48502,1.53983,1.48502,1.53983,3937.1677852427997,0
GIG,60,20240925,140000,1.49498,1.49498,1.46508,1.46508,501.67785234999997,0
GIG,60,20240925,160000,1.49498,1.49498,1.49498,1.49498,3.0100671141,0
GIG,60,20240926,100000,1.49498,1.49498,1.49498,1.49498,70.234899329,0
GIG,60,20240926,170000,1.49498,1.49498,1.49498,1.49498,70.23489932899999,0
GIG,60,20240927,110000,1.46508,1.46508,1.46508,1.46508,10.033557046999999,0
GIG,60,20240927,120000,1.46508,1.46508,1.45013,1.45013,1023.422818794,0
GIG,60,20240927,130000,1.45512,1.45512,1.44515,1.44515,120.40268456399998,0
GIG,60,20240927,140000,1.4601,1.4601,1.4601,1.4601,1.0033557047,0
GIG,60,20240927,160000,1.45512,1.45512,1.4302,1.4302,1986.6442953059998,0
GIG,60,20240927,170000,1.4302,1.4302,1.4302,1.4302,90.30201342299999,0
GIG,60,20240930,100000,1.44515,1.4601,1.44515,1.4601,562.8825503367,0
GIG,60,20240930,120000,1.44515,1.44515,1.44515,1.44515,198.6644295306,0
GIG,60,20240930,130000,1.47007,1.47007,1.47007,1.47007,1.0033557047,0
GIG,60,20240930,140000,1.44515,1.44515,1.44515,1.44515,100.33557047,0
GIG,60,20240930,150000,1.47007,1.47007,1.47007,1.47007,1.0033557047,0
GIG,60,20241001,100000,1.44515,1.44515,1.44515,1.44515,25.0838926175,0
GIG,60,20241001,110000,1.47007,1.47007,1.47007,1.47007,1.0033557047,0
GIG,60,20241002,100000,1.44515,1.44515,1.44515,1.44515,100.33557047,0
GIG,60,20241002,110000,1.47007,1.47007,1.47007,1.47007,1.0033557047,0
GIG,60,20241002,130000,1.44515,1.47007,1.44515,1.47007,76.2550335572,0
GIG,60,20241002,140000,1.44515,1.44515,1.43518,1.43518,395.3221476518,0
GIG,60,20241003,100000,1.47007,1.47007,1.44515,1.44515,64.2147651008,0
GIG,60,20241003,150000,1.44515,1.44515,1.44515,1.44515,100.33557047,0
GIG,60,20241003,160000,1.43518,1.43518,1.43518,1.43518,1.0033557047,0
GIG,60,20241003,170000,1.44515,1.44515,1.44515,1.44515,10.033557046999999,0
GIG,60,20241007,100000,1.44515,1.44515,1.4302,1.4302,421.409395974,0
GIG,60,20241007,110000,1.43518,1.43518,1.4302,1.4302,24567.164429579498,0
GIG,60,20241007,160000,1.43518,1.43518,1.43518,1.43518,100.33557047,0
GIG,60,20241008,100000,1.43518,1.43518,1.4302,1.4302,1454.865771815,0
GIG,60,20241008,160000,1.4302,1.4302,1.4302,1.4302,100.33557047,0
GIG,60,20241009,100000,1.43518,1.43518,1.4302,1.43518,150.503355705,0
GIG,60,20241009,110000,1.44017,1.44017,1.43518,1.44017,102.3422818794,0
GIG,60,20241009,120000,1.44017,1.45512,1.44017,1.45512,682.281879196,0
GIG,60,20241009,130000,1.48003,1.48003,1.48003,1.48003,1.0033557047,0
GIG,60,20241009,140000,1.4601,1.4601,1.4601,1.4601,30.100671140999996,0
GIG,60,20241009,160000,1.4601,1.46508,1.4601,1.46508,20.067114093999997,0
GIG,60,20241009,170000,1.44515,1.44515,1.44515,1.44515,10.033557046999999,0
GIG,60,20241010,100000,1.45013,1.45512,1.45013,1.45512,35.1174496645,0
GIG,60,20241010,120000,1.44017,1.44515,1.4302,1.44515,1023.4228187939999,0
GIG,60,20241010,130000,1.4302,1.4302,1.4302,1.4302,38.1275167786,0
GIG,60,20241010,140000,1.42522,1.42522,1.42023,1.42023,710.3758389276,0
GIG,60,20241010,170000,1.4302,1.43518,1.4302,1.43518,1505.03355705,0
GIG,60,20241011,100000,1.43518,1.43518,1.42522,1.42522,11.0369127517,0
GIG,60,20241011,110000,1.42023,1.43518,1.42023,1.43518,285.9563758395,0
GIG,60,20241011,160000,1.4302,1.43518,1.4302,1.43518,11.0369127517,0
GIG,60,20241011,170000,1.43518,1.45512,1.43518,1.45512,249.8355704703,0
GIG,60,20241014,100000,1.44515,1.44515,1.44515,1.44515,10.033557046999999,0
GIG,60,20241014,110000,1.44515,1.44515,1.44515,1.44515,10.033557046999999,0
GIG,60,20241014,140000,1.4302,1.4302,1.4302,1.4302,10.033557046999999,0
GIG,60,20241014,150000,1.42023,1.45013,1.42023,1.45013,15.050335570499998,0
GIG,60,20241014,170000,1.44017,1.44017,1.44017,1.44017,26.0872483222,0
GIG,60,20241015,120000,1.45013,1.45013,1.45013,1.45013,1.0033557047,0
GIG,60,20241015,130000,1.44017,1.4601,1.42522,1.4601,26.0872483222,0
GIG,60,20241015,150000,1.44017,1.45512,1.42522,1.45512,24.0805369128,0
GIG,60,20241015,160000,1.45512,1.45512,1.42522,1.44515,29.0973154363,0
GIG,60,20241016,100000,1.43518,1.45013,1.43518,1.45013,11.0369127517,0
GIG,60,20241016,140000,1.43518,1.43518,1.43518,1.43518,20.067114094,0
GIG,60,20241016,150000,1.4302,1.4302,1.4302,1.4302,10.033557046999999,0
GIG,60,20241016,170000,1.43518,1.45013,1.42522,1.45013,5429.1577181317,0
GIG,60,20241017,120000,1.43518,1.45013,1.42023,1.45013,539.8053691286,0
GIG,60,20241017,170000,1.44017,1.45013,1.42023,1.45013,24.0805369128,0
GIG,60,20241018,100000,1.44017,1.4601,1.44017,1.4601,24.0805369128,0
GIG,60,20241018,150000,1.45013,1.45013,1.45013,1.45013,13.043624161099999,0
GIG,60,20241018,170000,1.44515,1.4601,1.44515,1.4601,14.0469798658,0
GIG,60,20241021,100000,1.44515,1.4601,1.44515,1.4601,17.057046979899997,0
GIG,60,20241021,110000,1.4601,1.4601,1.44515,1.4601,151.5067114097,0
GIG,60,20241021,120000,1.44017,1.4601,1.42023,1.4601,168.5637583896,0
GIG,60,20241021,170000,1.44515,1.4601,1.44515,1.4601,24.0805369128,0
GIG,60,20241022,100000,1.44515,1.44515,1.44515,1.44515,3.0100671141,0
GIG,60,20241022,110000,1.4601,1.4601,1.44515,1.44515,11.0369127517,0
GIG,60,20241022,120000,1.44515,1.48003,1.44515,1.48003,5529.4932886017,0
GIG,60,20241022,140000,1.44515,1.44515,1.44515,1.44515,50.167785235,0
GIG,60,20241022,150000,1.4601,1.48502,1.4601,1.48502,1115.7315436264,0
GIG,60,20241023,100000,1.48502,1.53485,1.43518,1.47505,11136.244966465,0
GIG,60,20241023,110000,1.47505,1.47505,1.47505,1.47505,894.9932885924,0
GIG,60,20241023,170000,1.44515,1.50495,1.44515,1.50495,346.15771812149995,0
GIG,60,20241028,120000,1.47505,1.52488,1.47505,1.47505,2016.744966447,0
GIG,60,20241028,130000,1.49498,1.49498,1.49498,1.49498,11.0369127517,0
GIG,60,20241028,160000,1.49498,1.49997,1.49498,1.49997,165.55369127549997,0
GIG,60,20241029,100000,1.46508,1.46508,1.44515,1.44515,1053.5234899349998,0
GIG,60,20241029,110000,1.49498,1.49498,1.49498,1.49498,1.0033557047,0
GIG,60,20241029,140000,1.45512,1.49,1.45512,1.49,192.6442953024,0
GIG,60,20241030,120000,1.49997,1.49997,1.49997,1.49997,25.0838926175,0
GIG,60,20241030,160000,1.45512,1.45512,1.45512,1.45512,2398.020134233,0
GIG,60,20241031,100000,1.48502,1.48502,1.48502,1.48502,16.0536912752,0
GIG,60,20241031,140000,1.49,1.49498,1.45512,1.49498,605.0234899341,0
GIG,60,20241104,100000,1.45512,1.49498,1.45512,1.49498,474.58724832309997,0
GIG,60,20241104,110000,1.44515,1.49498,1.44515,1.49498,880.9463087265999,0
GIG,60,20241104,120000,1.45512,1.45512,1.45512,1.45512,20.067114093999997,0
GIG,60,20241104,140000,1.44515,1.44515,1.44515,1.44515,160.53691275199998,0
GIG,60,20241104,150000,1.49498,1.49498,1.49498,1.49498,33.1107382551,0
GIG,60,20241105,100000,1.47505,1.47505,1.4302,1.43518,2098.0167785277,0
GIG,60,20241105,110000,1.4302,1.4302,1.40528,1.40528,9418.5000000189,0
GIG,60,20241105,120000,1.38535,1.44515,1.37538,1.44515,3848.8724832291996,0
GIG,60,20241105,140000,1.38535,1.38535,1.37538,1.37538,7900.4228188078,0
GIG,60,20241105,150000,1.38535,1.4003,1.37538,1.37538,5048.885906050399,0
GIG,60,20241105,170000,1.4003,1.44017,1.39532,1.44017,4461.9228188009,0
GIG,60,20241106,100000,1.44515,1.44515,1.44515,1.44515,30.100671140999996,0
GIG,60,20241106,110000,1.44017,1.44017,1.42522,1.42522,712.3825503369999,0
GIG,60,20241106,130000,1.43518,1.43518,1.43518,1.43518,1.0033557047,0
GIG,60,20241106,140000,1.42522,1.42522,1.42522,1.42522,41.1375838927,0
GIG,60,20241107,100000,1.42522,1.42522,1.42023,1.42023,160.53691275199998,0
GIG,60,20241107,120000,1.42522,1.42522,1.42522,1.42522,65.21812080549999,0
GIG,60,20241107,170000,1.42522,1.42522,1.42522,1.42522,301.00671141,0
GIG,60,20241108,100000,1.43518,1.43518,1.43518,1.43518,1.0033557047,0
GIG,60,20241108,120000,1.42522,1.49,1.41525,1.49,5832.5067114211,0
GIG,60,20241112,100000,1.48003,1.48003,1.48003,1.48003,10.033557046999999,0
GIG,60,20241112,160000,1.44515,1.47505,1.39532,1.47007,3616.0939597387996,0
GIG,60,20241113,100000,1.43518,1.43518,1.43518,1.43518,10.033557046999999,0
GIG,60,20241113,170000,1.46508,1.46508,1.43518,1.46508,78.2617449666,0
GIG,60,20241114,120000,1.46508,1.46508,1.46508,1.46508,50.167785235,0
GIG,60,20241114,130000,1.43518,1.43518,1.43518,1.43518,10.033557046999999,0
GIG,60,20241114,160000,1.42522,1.43518,1.41027,1.41027,2130.1241610781,0
GIG,60,20241114,170000,1.41027,1.41525,1.41027,1.41525,2001.6946308764998,0
GIG,60,20241115,100000,1.41525,1.41525,1.41525,1.41525,25.0838926175,0
GIG,60,20241115,110000,1.44017,1.44515,1.42522,1.42522,280.93959731599995,0
GIG,60,20241115,120000,1.43518,1.43518,1.43518,1.43518,1.0033557047,0
GIG,60,20241115,150000,1.43518,1.43518,1.43518,1.43518,203.68120805409998,0
GIG,60,20241115,160000,1.42023,1.43518,1.42023,1.43518,11.0369127517,0
GIG,60,20241118,100000,1.43518,1.44515,1.43518,1.44515,1254.1946308749998,0
GIG,60,20241118,130000,1.42522,1.44017,1.42023,1.44017,110.369127517,0
GIG,60,20241119,100000,1.44515,1.44515,1.44515,1.44515,501.67785234999997,0
GIG,60,20241119,120000,1.41525,1.44515,1.41027,1.44017,124.4161073828,0
GIG,60,20241120,100000,1.42023,1.44017,1.42023,1.44017,11.0369127517,0
GIG,60,20241120,130000,1.42023,1.44017,1.42023,1.44017,210.70469798699997,0
GIG,60,20241120,170000,1.42023,1.44017,1.42023,1.44017,11.0369127517,0
GIG,60,20241121,100000,1.43518,1.43518,1.42023,1.42023,20.067114093999997,0
GIG,60,20241121,110000,1.42023,1.42023,1.42023,1.42023,10.033557046999999,0
GIG,60,20241121,130000,1.42023,1.4601,1.42023,1.4601,6668.3020134362,0
GIG,60,20241122,140000,1.46508,1.46508,1.46508,1.46508,90.30201342299999,0
GIG,60,20241125,100000,1.45512,1.46508,1.45512,1.46508,251.84228187969998,0
GIG,60,20241125,110000,1.4302,1.45512,1.4003,1.45512,1260.2147651032,0
GIG,60,20241125,130000,1.42023,1.42023,1.42023,1.42023,100.33557047,0
GIG,60,20241125,150000,1.45512,1.45512,1.45512,1.45512,1.0033557047,0
GIG,60,20241126,120000,1.46508,1.46508,1.46508,1.46508,150.503355705,0
GIG,60,20241126,130000,1.42023,1.42023,1.4003,1.4003,501.67785234999997,0
GIG,60,20241126,140000,1.45512,1.45512,1.45512,1.45512,1.0033557047,0
GIG,60,20241127,110000,1.42023,1.44515,1.40528,1.44515,530.7751677862999,0
GIG,60,20241127,120000,1.44515,1.44515,1.44515,1.44515,65.21812080549999,0
GIG,60,20241127,170000,1.4302,1.43518,1.4302,1.43518,401.34228188,0
GIG,60,20241128,110000,1.42023,1.45512,1.42023,1.45512,33.110738255099996,0
GIG,60,20241128,160000,1.45013,1.45013,1.45013,1.45013,2287.6510067159998,0
GIG,60,20241129,120000,1.42522,1.44515,1.42522,1.44515,101.33892617469999,0
GIG,60,20241202,110000,1.42023,1.42023,1.42023,1.42023,10.033557046999999,0
GIG,60,20241202,120000,1.44515,1.44515,1.44515,1.44515,1.0033557047,0
GIG,60,20241202,160000,1.42023,1.44515,1.42023,1.44515,11.0369127517,0
GIG,60,20241203,110000,1.42023,1.44515,1.42023,1.44515,11.0369127517,0
GIG,60,20241203,140000,1.41525,1.41525,1.41525,1.41525,10.033557046999999,0
GIG,60,20241203,160000,1.44017,1.44017,1.44017,1.44017,1.0033557047,0
GIG,60,20241203,170000,1.41525,1.44017,1.40528,1.44017,82.27516778539999,0
GIG,60,20241204,100000,1.42522,1.44017,1.41525,1.44017,229.7684563763,0
GIG,60,20241204,140000,1.42023,1.42023,1.42023,1.42023,30.100671140999996,0
GIG,60,20241204,150000,1.42023,1.42023,1.42023,1.42023,10.033557046999999,0
GIG,60,20241204,160000,1.42023,1.42023,1.42023,1.42023,10.033557046999999,0
GIG,60,20241204,170000,1.41525,1.41525,1.41525,1.41525,20.067114093999997,0
GIG,60,20241205,100000,1.41027,1.41027,1.41027,1.41027,32.1073825504,0
GIG,60,20241205,140000,1.40528,1.40528,1.40528,1.40528,10.033557046999999,0
GIG,60,20241205,150000,1.41027,1.41027,1.41027,1.41027,20.067114093999997,0
GIG,60,20241206,110000,1.40528,1.40528,1.40528,1.40528,10.033557046999999,0
GIG,60,20241206,130000,1.40528,1.40528,1.40528,1.40528,55.1845637585,0
GIG,60,20241206,150000,1.40528,1.44515,1.40528,1.44515,2286.6476510113,0
GIG,60,20241209,100000,1.41525,1.41525,1.41525,1.41525,10.033557046999999,0
GIG,60,20241209,120000,1.41525,1.4601,1.38037,1.4601,4784.0000000096,0
GIG,60,20241209,130000,1.40528,1.4601,1.39532,1.45512,1271.2516778549,0
GIG,60,20241210,110000,1.4601,1.4601,1.4601,1.4601,20.067114093999997,0
GIG,60,20241210,150000,1.41525,1.45013,1.38037,1.45013,1783.9664429565998,0
GIG,60,20241210,170000,1.41525,1.41525,1.41525,1.41525,10.033557046999999,0
GIG,60,20241211,100000,1.41525,1.42522,1.38535,1.42522,364.2181208061,0
GIG,60,20241211,110000,1.40528,1.40528,1.37538,1.38037,516.7281879205,0
GIG,60,20241211,130000,1.38535,1.38535,1.38535,1.38535,10.033557046999999,0
GIG,60,20241211,150000,1.39033,1.41525,1.39033,1.41525,1314.3959731569998,0
GIG,60,20241211,170000,1.38535,1.41027,1.3704,1.41027,3186.6577181271996,0
GIG,60,20241212,120000,1.39532,1.39532,1.39532,1.39532,10.033557046999999,0
GIG,60,20241212,140000,1.39532,1.39532,1.39532,1.39532,692.3154362429999,0
GIG,60,20241212,170000,1.39532,1.41027,1.39532,1.41027,20.067114093999997,0
GIG,60,20241213,110000,1.39532,1.39532,1.39532,1.39532,10.033557046999999,0
GIG,60,20241213,130000,1.41027,1.41027,1.41027,1.41027,465.55704698079995,0
GIG,60,20241213,140000,1.41525,1.41525,1.41525,1.41525,150.503355705,0
GIG,60,20241213,150000,1.41525,1.4302,1.39532,1.4302,2026.7785234939997,0
GIG,60,20241216,100000,1.4302,1.4302,1.4302,1.4302,25.0838926175,0
GIG,60,20241217,150000,1.39532,1.43518,1.39532,1.43518,427.4295302022,0
GIG,60,20241217,160000,1.43518,1.44017,1.43518,1.44017,260.87248322199997,0
GIG,60,20241219,100000,1.4003,1.43518,1.4003,1.43518,220.738255034,0
GIG,60,20241219,110000,1.44017,1.44017,1.44017,1.44017,125.41946308749999,0
GIG,60,20241220,120000,1.4003,1.4003,1.39532,1.39532,509.70469798759996,0
GIG,60,20241220,130000,1.44017,1.44017,1.44017,1.44017,1.0033557047,0
GIG,60,20241220,160000,1.44017,1.44017,1.44017,1.44017,25.0838926175,0
GIG,60,20241223,110000,1.44017,1.44017,1.44017,1.44017,50.167785235,0
GIG,60,20241223,130000,1.40528,1.43518,1.37538,1.43518,2006.7114094,0
GIG,60,20241223,140000,1.43518,1.43518,1.43518,1.43518,33169.9362416773,0
GIG,60,20241227,120000,1.43518,1.43518,1.43518,1.43518,80.26845637599999,0
GIG,60,20241227,160000,1.43518,1.43518,1.43518,1.43518,15.050335570499998,0
GIG,60,20241230,130000,1.40528,1.40528,1.36043,1.39532,3612.08053692,0
GIG,60,20241230,160000,1.37538,1.37538,1.36542,1.36542,632.114093961,0
GIG,60,20241230,170000,1.36542,1.42522,1.35545,1.42522,9175.6879194815,0
GIG,60,20250102,100000,1.41525,1.41525,1.41525,1.41525,25.0838926175,0
GIG,60,20250102,110000,1.38037,1.38037,1.37538,1.37538,695.3255033570999,0
GIG,60,20250102,120000,1.39532,1.41525,1.39532,1.41525,2309.7248322193996,0
GIG,60,20250102,130000,1.42023,1.42023,1.42023,1.42023,10.033557046999999,0
GIG,60,20250102,170000,1.42023,1.42522,1.42023,1.42522,2646.8523489985996,0
GIG,60,20250103,110000,1.41525,1.41525,1.41525,1.41525,15.050335570499998,0
GIG,60,20250103,160000,1.39532,1.39532,1.39532,1.39532,576.9295302024999,0
GIG,60,20250103,170000,1.39532,1.45013,1.39532,1.45013,4660.5872483315,0
GIG,60,20250107,110000,1.45013,1.45013,1.40528,1.40528,21.0704697987,0
GIG,60,20250107,120000,1.44017,1.44017,1.44017,1.44017,1.0033557047,0
GIG,60,20250107,150000,1.44017,1.44017,1.44017,1.44017,10.033557046999999,0
GIG,60,20250107,170000,1.43518,1.50495,1.43518,1.50495,7956.610738271,0
GIG,60,20250108,100000,1.40528,1.45013,1.40528,1.45013,4732.828859069899,0
GIG,60,20250108,110000,1.46508,1.47505,1.46508,1.47505,301.00671141,0
GIG,60,20250108,140000,1.48502,1.48502,1.48502,1.48502,1.0033557047,0
GIG,60,20250109,110000,1.48502,1.48502,1.44515,1.44515,1173.926174499,0
GIG,60,20250109,120000,1.44515,1.44515,1.44515,1.44515,1528.1107382581,0
GIG,60,20250109,130000,1.4302,1.49,1.42522,1.49,2010.7248322187997,0
GIG,60,20250109,140000,1.42522,1.49498,1.42522,1.49498,935.1275167803999,0
GIG,60,20250110,110000,1.48502,1.49,1.48502,1.49,501.67785234999997,0
GIG,60,20250113,150000,1.45512,1.45512,1.45512,1.45512,10.033557046999999,0
GIG,60,20250113,170000,1.49,1.49,1.44515,1.49,50.167785235,0
GIG,60,20250114,100000,1.49,1.49,1.49,1.49,20,0
GIG,60,20250114,160000,1.45,1.45,1.45,1.45,230,0
GIG,60,20250115,100000,1.44,1.47,1.415,1.47,1000,0
GIG,60,20250115,170000,1.435,1.435,1.4,1.42,1825,0
GIG,60,20250116,100000,1.41,1.445,1.39,1.445,1762,0
GIG,60,20250116,170000,1.465,1.465,1.41,1.46,160,0
GIG,60,20250117,120000,1.46,1.46,1.46,1.46,65,0
GIG,60,20250117,130000,1.42,1.455,1.395,1.455,2100,0
GIG,60,20250117,160000,1.45,1.45,1.45,1.45,490,0
GIG,60,20250117,170000,1.45,1.45,1.45,1.45,883,0
GIG,60,20250121,100000,1.43,1.47,1.4,1.465,5005,0
GIG,60,20250121,150000,1.45,1.465,1.405,1.465,2030,0
GIG,60,20250122,100000,1.465,1.465,1.465,1.465,35,0
GIG,60,20250122,120000,1.42,1.465,1.395,1.465,3200,0
GIG,60,20250122,130000,1.42,1.46,1.41,1.46,4561,0
GIG,60,20250122,140000,1.45,1.465,1.42,1.465,1225,0
GIG,60,20250123,120000,1.46,1.46,1.46,1.46,75,0
GIG,60,20250123,150000,1.45,1.45,1.45,1.45,500,0
GIG,60,20250123,160000,1.45,1.45,1.45,1.45,4795,0
GIG,60,20250124,100000,1.425,1.425,1.425,1.425,10,0
GIG,60,20250124,110000,1.465,1.465,1.465,1.465,1,0
GIG,60,20250127,130000,1.435,1.45,1.42,1.45,1501,0
GIG,60,20250127,140000,1.45,1.45,1.43,1.43,2218,0
GIG,60,20250127,150000,1.455,1.455,1.455,1.455,1,0
GIG,60,20250127,160000,1.465,1.465,1.465,1.465,1,0
GIG,60,20250127,170000,1.45,1.465,1.45,1.465,2001,0
GIG,60,20250128,120000,1.475,1.475,1.475,1.475,90,0
GIG,60,20250129,100000,1.475,1.475,1.475,1.475,20,0
GIG,60,20250129,120000,1.445,1.475,1.43,1.475,700,0
GIG,60,20250129,160000,1.475,1.475,1.475,1.475,55,0
GIG,60,20250130,100000,1.44,1.475,1.44,1.475,51,0
GIG,60,20250130,120000,1.44,1.475,1.44,1.475,11,0
GIG,60,20250130,170000,1.45,1.475,1.45,1.475,1426,0
GIG,60,20250131,100000,1.44,1.475,1.44,1.475,30,0
GIG,60,20250131,170000,1.45,1.48,1.45,1.48,583,0
GIG,60,20250203,110000,1.45,1.45,1.45,1.45,60,0
GIG,60,20250203,120000,1.445,1.465,1.42,1.465,783,0
GIG,60,20250203,160000,1.435,1.465,1.435,1.465,244,0
GIG,60,20250204,120000,1.47,1.47,1.47,1.47,30,0
GIG,60,20250204,170000,1.47,1.475,1.44,1.475,264,0
GIG,60,20250205,100000,1.445,1.445,1.445,1.445,40,0
GIG,60,20250205,120000,1.455,1.455,1.455,1.455,1,0
GIG,60,20250205,150000,1.455,1.455,1.455,1.455,39,0
GIG,60,20250205,160000,1.475,1.475,1.475,1.475,1,0
GIG,60,20250207,100000,1.46,1.48,1.46,1.48,510,0
GIG,60,20250207,110000,1.43,1.485,1.43,1.485,1268,0
GIG,60,20250207,120000,1.435,1.485,1.43,1.485,624,0
GIG,60,20250207,160000,1.485,1.485,1.485,1.485,400,0
GIG,60,20250210,100000,1.44,1.51,1.44,1.51,10281,0
GIG,60,20250210,110000,1.505,1.51,1.505,1.51,1000,0
GIG,60,20250210,120000,1.51,1.63,1.51,1.63,15699,0
GIG,60,20250210,130000,1.63,1.72,1.63,1.72,2892,0
GIG,60,20250210,140000,1.725,1.735,1.725,1.735,525,0
GIG,60,20250210,150000,1.735,1.735,1.735,1.735,300,0
GIG,60,20250210,170000,1.81,1.81,1.745,1.8,9504,0
GIG,60,20250211,100000,1.8,1.99,1.8,1.99,36020,0
GIG,60,20250211,110000,1.99,2.08,1.92,1.935,12047,0
GIG,60,20250211,120000,2.01,2.06,2.01,2.06,2005,0
GIG,60,20250211,130000,2,2.05,2,2.01,1746,0
GIG,60,20250211,140000,2.01,2.1,2.01,2.1,10353,0
GIG,60,20250211,150000,2.04,2.06,1.82,1.85,5269,0
GIG,60,20250211,160000,1.92,1.92,1.74,1.74,9629,0
GIG,60,20250211,170000,1.77,1.805,1.7,1.775,2210,0
GIG,60,20250212,100000,1.75,1.75,1.655,1.75,4408,0
GIG,60,20250212,120000,1.705,1.745,1.685,1.7,6807,0
GIG,60,20250212,130000,1.69,1.75,1.69,1.75,4030,0
GIG,60,20250212,150000,1.75,1.8,1.75,1.8,190,0
GIG,60,20250212,160000,1.71,1.795,1.71,1.795,25,0
GIG,60,20250212,170000,1.73,1.795,1.73,1.795,1296,0
GIG,60,20250213,100000,1.795,1.795,1.795,1.795,15,0
GIG,60,20250213,150000,1.78,1.78,1.77,1.77,50,0
GIG,60,20250213,160000,1.785,1.785,1.77,1.77,11,0
GIG,60,20250213,170000,1.77,1.79,1.62,1.79,11384,0
GIG,60,20250214,100000,1.755,1.755,1.64,1.75,7348,0
GIG,60,20250214,130000,1.7,1.7,1.7,1.7,62,0
GIG,60,20250214,140000,1.69,1.73,1.655,1.73,574,0
GIG,60,20250214,150000,1.7,1.725,1.655,1.72,1044,0
GIG,60,20250214,170000,1.7,1.7,1.7,1.7,50,0
GIG,60,20250217,100000,1.69,1.725,1.69,1.725,285,0
GIG,60,20250217,110000,1.725,1.725,1.725,1.725,320,0
GIG,60,20250217,120000,1.73,1.74,1.73,1.74,1001,0
GIG,60,20250217,130000,1.725,1.745,1.7,1.745,2163,0
GIG,60,20250217,150000,1.7,1.74,1.7,1.74,50,0
GIG,60,20250218,110000,1.735,1.735,1.695,1.695,703,0
GIG,60,20250218,120000,1.66,1.665,1.625,1.665,4331,0
GIG,60,20250218,130000,1.67,1.695,1.67,1.695,596,0
GIG,60,20250218,160000,1.68,1.68,1.67,1.67,20,0
GIG,60,20250218,170000,1.665,1.73,1.64,1.73,2707,0
GIG,60,20250219,100000,1.72,1.72,1.635,1.695,4357,0
GIG,60,20250219,110000,1.675,1.685,1.64,1.685,106,0
GIG,60,20250219,120000,1.685,1.69,1.685,1.69,206,0
GIG,60,20250219,130000,1.695,1.695,1.69,1.69,803,0
GIG,60,20250219,140000,1.65,1.65,1.65,1.65,10,0
GIG,60,20250219,150000,1.69,1.69,1.69,1.69,7,0
GIG,60,20250220,100000,1.69,1.69,1.68,1.69,1258,0
GIG,60,20250220,110000,1.66,1.685,1.625,1.685,801,0
GIG,60,20250220,150000,1.65,1.685,1.65,1.685,12,0
GIG,60,20250221,100000,1.67,1.67,1.67,1.67,1000,0
GIG,60,20250221,110000,1.65,1.67,1.625,1.67,183,0
GIG,60,20250221,130000,1.65,1.65,1.65,1.65,10,0
GIG,60,20250221,140000,1.67,1.67,1.67,1.67,1,0
GIG,60,20250221,150000,1.65,1.67,1.65,1.67,31,0
GIG,60,20250221,170000,1.65,1.65,1.6,1.65,3030,0
GIG,60,20250224,100000,1.635,1.67,1.6,1.67,2820,0
GIG,60,20250225,170000,1.69,1.69,1.69,1.69,407,0
GIG,60,20250226,100000,1.695,1.705,1.695,1.705,1293,0
GIG,60,20250226,130000,1.695,1.695,1.62,1.62,1500,0
GIG,60,20250226,140000,1.63,1.675,1.615,1.675,186,0
GIG,60,20250227,100000,1.64,1.64,1.64,1.64,10,0
GIG,60,20250227,120000,1.64,1.64,1.64,1.64,10,0
GIG,60,20250227,130000,1.63,1.64,1.63,1.64,354,0
GIG,60,20250228,100000,1.62,1.62,1.62,1.62,10,0
GIG,60,20250228,110000,1.62,1.62,1.62,1.62,10,0
GIG,60,20250228,150000,1.675,1.675,1.675,1.675,1,0
GIG,60,20250303,100000,1.675,1.675,1.585,1.675,7678,0
GIG,60,20250303,110000,1.62,1.62,1.62,1.62,10,0
GIG,60,20250303,120000,1.66,1.66,1.66,1.66,9,0
GIG,60,20250303,130000,1.62,1.66,1.57,1.66,4311,0
GIG,60,20250304,100000,1.6,1.63,1.6,1.63,12,0
GIG,60,20250304,130000,1.62,1.62,1.62,1.62,32,0
GIG,60,20250304,150000,1.59,1.62,1.575,1.59,38,0
GIG,60,20250305,100000,1.62,1.62,1.62,1.62,20,0
GIG,60,20250305,120000,1.59,1.64,1.57,1.64,16034,0
GIG,60,20250305,150000,1.63,1.815,1.63,1.795,7680,0
GIG,60,20250305,160000,1.795,1.82,1.795,1.82,2960,0
GIG,60,20250305,170000,1.755,1.755,1.73,1.75,340,0
GIG,60,20250306,100000,1.73,1.73,1.73,1.73,16,0
GIG,60,20250306,110000,1.75,1.75,1.75,1.75,20,0
GIG,60,20250306,150000,1.72,1.75,1.72,1.75,30,0
GIG,60,20250307,100000,1.78,1.78,1.78,1.78,1,0
GIG,60,20250307,120000,1.75,1.75,1.75,1.75,6,0
GIG,60,20250307,140000,1.77,1.77,1.77,1.77,1,0
GIG,60,20250307,150000,1.77,1.77,1.77,1.77,15,0
GIG,60,20250307,170000,1.755,1.77,1.755,1.77,22,0
GIG,60,20250310,100000,1.77,1.775,1.77,1.775,1050,0
GIG,60,20250310,110000,1.82,1.82,1.82,1.82,800,0
GIG,60,20250310,140000,1.765,1.765,1.765,1.765,31,0
GIG,60,20250310,150000,1.815,1.84,1.815,1.84,2320,0
GIG,60,20250310,170000,1.765,1.765,1.765,1.765,25,0
GIG,60,20250311,100000,1.835,1.835,1.78,1.835,1874,0
GIG,60,20250311,150000,1.79,1.825,1.79,1.825,68,0
GIG,60,20250311,170000,1.825,1.825,1.825,1.825,100,0
GIG,60,20250312,150000,1.825,1.825,1.825,1.825,45,0
GIG,60,20250313,130000,1.82,1.82,1.79,1.82,38,0
GIG,60,20250313,170000,1.78,1.78,1.78,1.78,15,0
GIG,60,20250314,100000,1.8,1.8,1.8,1.8,60,0
GIG,60,20250314,130000,1.77,1.77,1.77,1.77,10,0
GIG,60,20250314,150000,1.795,1.795,1.795,1.795,10,0
GIG,60,20250317,100000,1.77,1.77,1.77,1.77,1,0
GIG,60,20250317,110000,1.77,1.795,1.76,1.795,842,0
GIG,60,20250317,130000,1.79,1.79,1.79,1.79,10,0
GIG,60,20250317,170000,1.76,1.76,1.76,1.76,1,0
GIG,60,20250318,100000,1.785,1.785,1.785,1.785,1,0
GIG,60,20250318,110000,1.8,1.8,1.8,1.8,10,0
GIG,60,20250318,150000,1.76,1.795,1.76,1.795,105,0
GIG,60,20250318,160000,1.76,1.76,1.76,1.76,322,0
GIG,60,20250319,100000,1.795,1.81,1.795,1.81,600,0
GIG,60,20250319,140000,1.79,1.79,1.79,1.79,1117,0
GIG,60,20250320,110000,1.76,1.79,1.76,1.79,1610,0
GIG,60,20250320,120000,1.78,1.78,1.78,1.78,400,0
GIG,60,20250324,100000,1.745,1.8,1.745,1.8,97,0
GIG,60,20250325,160000,1.795,1.8,1.795,1.8,1350,0
GIG,60,20250326,100000,1.81,1.84,1.81,1.84,7000,0
GIG,60,20250326,120000,1.81,1.81,1.81,1.81,450,0
GIG,60,20250326,140000,1.8,1.81,1.8,1.81,1333,0
GIG,60,20250327,160000,1.81,1.835,1.76,1.76,2417,0
GIG,60,20250327,170000,1.835,1.835,1.835,1.835,40,0
GIG,60,20250328,110000,1.78,1.78,1.78,1.78,10,0
GIG,60,20250328,120000,1.77,1.815,1.745,1.815,3041,0
GIG,60,20250328,140000,1.815,1.815,1.815,1.815,1,0
GIG,60,20250331,170000,1.815,1.815,1.815,1.815,65,0
GIG,60,20250401,130000,1.815,1.815,1.815,1.815,75,0
GIG,60,20250401,140000,1.76,1.76,1.75,1.75,123,0
GIG,60,20250401,150000,1.75,1.81,1.75,1.81,600,0
GIG,60,20250402,130000,1.815,1.815,1.815,1.815,20,0
GIG,60,20250403,100000,1.815,1.815,1.815,1.815,20,0
GIG,60,20250403,170000,1.815,1.815,1.815,1.815,15,0
GIG,60,20250404,120000,1.815,1.815,1.815,1.815,60,0
GIG,60,20250407,100000,1.805,1.81,1.765,1.81,871,0
GIG,60,20250407,110000,1.765,1.765,1.765,1.765,34,0
GIG,60,20250407,120000,1.805,1.805,1.805,1.805,1,0
GIG,60,20250408,110000,1.77,1.77,1.77,1.77,2,0
GIG,60,20250408,140000,1.805,1.82,1.775,1.82,1510,0
GIG,60,20250408,150000,1.82,1.835,1.82,1.835,1500,0
GIG,60,20250408,160000,1.81,1.84,1.81,1.84,700,0
GIG,60,20250409,100000,1.84,1.84,1.84,1.84,10,0
GIG,60,20250409,110000,1.81,1.82,1.755,1.82,6200,0
GIG,60,20250410,100000,1.8,1.815,1.8,1.815,20,0
GIG,60,20250410,140000,1.815,1.815,1.815,1.815,30,0
GIG,60,20250411,120000,1.79,1.79,1.79,1.79,10,0
GIG,60,20250411,170000,1.815,1.815,1.815,1.815,20,0
GIG,60,20250414,100000,1.77,1.815,1.77,1.815,1744,0
GIG,60,20250414,110000,1.79,1.8,1.73,1.8,3251,0
GIG,60,20250414,160000,1.77,1.8,1.77,1.8,60,0
GIG,60,20250415,100000,1.77,1.8,1.76,1.8,165,0
GIG,60,20250415,150000,1.8,1.81,1.8,1.81,5000,0
GIG,60,20250415,160000,1.83,1.9,1.83,1.9,5000,0
GIG,60,20250415,170000,1.91,1.91,1.9,1.9,242,0
GIG,60,20250416,100000,1.8,1.8,1.79,1.79,560,0
GIG,60,20250416,140000,1.785,1.795,1.785,1.795,251,0
GIG,60,20250416,160000,1.795,1.8,1.795,1.8,744,0
GIG,60,20250417,100000,1.8,1.8,1.8,1.8,15,0
GIG,60,20250417,140000,1.79,1.79,1.79,1.79,10,0
GIG,60,20250417,150000,1.795,1.8,1.795,1.8,271,0
GIG,60,20250422,100000,1.78,1.78,1.78,1.78,1417,0
GIG,60,20250422,110000,1.775,1.78,1.775,1.78,11,0
GIG,60,20250422,120000,1.775,1.775,1.775,1.775,150,0
GIG,60,20250422,140000,1.775,1.775,1.775,1.775,90,0
GIG,60,20250422,160000,1.78,1.78,1.78,1.78,100,0
GIG,60,20250422,170000,1.78,1.78,1.78,1.78,50,0
GIG,60,20250423,100000,1.795,1.795,1.795,1.795,13,0
GIG,60,20250423,110000,1.77,1.77,1.77,1.77,75,0
GIG,60,20250423,120000,1.795,1.795,1.795,1.795,1,0
GIG,60,20250423,170000,1.78,1.78,1.78,1.78,90,0
GIG,60,20250424,100000,1.775,1.795,1.775,1.795,163,0
GIG,60,20250424,150000,1.795,1.795,1.795,1.795,1000,0
GIG,60,20250424,170000,1.78,1.795,1.78,1.795,110,0
GIG,60,20250425,100000,1.795,1.8,1.795,1.8,49,0
GIG,60,20250425,150000,1.775,1.8,1.745,1.8,1612,0
GIG,60,20250428,100000,1.8,1.94,1.8,1.94,7479,0
GIG,60,20250428,110000,1.94,1.98,1.9,1.98,3771,0
GIG,60,20250428,120000,1.98,1.98,1.975,1.975,492,0
GIG,60,20250428,140000,1.93,1.94,1.9,1.9,1052,0
GIG,60,20250428,150000,1.9,1.94,1.9,1.94,150,0
GIG,60,20250428,160000,1.94,1.945,1.94,1.945,920,0
GIG,60,20250428,170000,1.945,1.95,1.865,1.865,1720,0
GIG,60,20250429,100000,1.92,1.94,1.92,1.94,1522,0
GIG,60,20250429,120000,1.87,1.92,1.81,1.92,9565,0
GIG,60,20250429,130000,1.9,1.98,1.9,1.98,6618,0
GIG,60,20250429,140000,1.96,1.98,1.94,1.98,1125,0
GIG,60,20250429,150000,1.98,2.11,1.98,2.11,10841,0
GIG,60,20250429,160000,2.05,2.11,2.05,2.11,1161,0
GIG,60,20250430,100000,2,2.16,2,2.16,20126,0
GIG,60,20250430,110000,2.12,2.16,2.12,2.15,376,0
GIG,60,20250430,120000,2.14,2.15,2.12,2.12,2008,0
GIG,60,20250430,130000,2.14,2.16,2.12,2.16,1684,0
GIG,60,20250430,140000,2.15,2.15,2.15,2.15,50,0
GIG,60,20250430,150000,2.16,2.16,2.16,2.16,1676,0
GIG,60,20250430,160000,2.15,2.15,2.15,2.15,882,0
GIG,60,20250502,100000,2.14,2.15,2.08,2.15,938,0
GIG,60,20250502,120000,2.14,2.14,2.09,2.09,113,0
GIG,60,20250502,130000,2.14,2.15,2.14,2.15,100,0
GIG,60,20250502,160000,2.14,2.15,2.14,2.15,900,0
GIG,60,20250505,100000,2.08,2.15,2.08,2.15,1579,0
GIG,60,20250505,130000,2.09,2.15,2.09,2.15,1030,0
GIG,60,20250505,170000,2.14,2.14,2.14,2.14,250,0
GIG,60,20250506,100000,2.15,2.15,2.15,2.15,100,0
GIG,60,20250506,130000,2.12,2.12,2.1,2.12,1160,0
GIG,60,20250506,140000,2.12,2.14,2.12,2.14,1387,0
GIG,60,20250506,150000,2.14,2.15,2.12,2.15,836,0
