<TICKER>,<PER>,<DATE>,<TIME>,<OPEN>,<HIGH>,<LOW>,<CLOSE>,<VOL>,<OPENINT>
GOP,60,20240411,100000,33.6157,35.9956,33.2687,35.2519,15528.215644521,0
GOP,60,20240411,110000,34.7065,35.6485,34.0124,35.004,4402.9217758136,0
GOP,60,20240411,120000,34.7561,35.1527,33.5661,33.5661,3127.2241014196,0
GOP,60,20240411,130000,33.6653,33.9132,32.9712,33.3678,1776.9006342152,0
GOP,60,20240411,140000,33.3678,33.9132,33.3678,33.9132,142.1923890036,0
GOP,60,20240411,150000,33.9132,34.0124,33.3678,34.0124,857.18816066,0
GOP,60,20240411,160000,33.814,34.7561,33.814,34.4586,2297.2642705688,0
GOP,60,20240411,170000,34.4586,34.7561,34.2107,34.5082,5098.7568709376,0
GOP,60,20240412,100000,26.7736,30.393,26.129,29.3518,93576.710357603,0
GOP,60,20240412,110000,29.3022,32.2275,29.3022,29.7484,41304.367863897,0
GOP,60,20240412,120000,30.3434,30.3434,28.261,29.0047,33421.262155804,0
GOP,60,20240412,130000,29.0047,29.0047,26.9719,27.3686,44792.619449453,0
GOP,60,20240412,140000,27.2694,28.7072,27.0711,28.3602,38882.054967538,0
GOP,60,20240412,150000,28.5585,29.0543,27.7652,28.9551,16713.152219551,0
GOP,60,20240412,160000,28.9551,30.1947,28.8064,29.5997,13383.228329552,0
GOP,60,20240412,170000,29.6493,29.8972,29.0543,29.2526,18844.021141286,0
GOP,60,20240415,100000,30.74,31.0375,27.8148,29.3022,71759.758983817,0
GOP,60,20240415,110000,29.1535,29.1535,27.9139,28.0627,9606.5581393496,0
GOP,60,20240415,120000,27.9635,27.9635,25.9803,26.3274,31684.699787972,0
GOP,60,20240415,130000,26.129,26.9719,25.4845,26.9223,31370.061310177,0
GOP,60,20240415,140000,26.9223,27.2198,26.6248,26.6248,5797.6173360404,0
GOP,60,20240415,150000,26.6744,27.2198,26.6744,27.2198,2703.6723043876,0
GOP,60,20240415,160000,27.2198,27.3686,26.7736,27.1206,5163.298097152,0
GOP,60,20240415,170000,27.1206,27.1206,26.1786,26.7736,9303.01268481,0
GOP,60,20240416,100000,26.2778,26.2778,24.0962,24.7408,59472.72304325,0
GOP,60,20240416,110000,24.6912,25.187,24.3937,24.3937,16306.744185732,0
GOP,60,20240416,120000,24.4433,25.187,24.3937,24.9887,3578.0042282608,0
GOP,60,20240416,130000,25.187,25.7324,24.8399,25.6332,4758.9069766524,0
GOP,60,20240416,140000,25.7324,26.0299,25.5836,25.9803,2688.5454544936,0
GOP,60,20240416,150000,25.9803,25.9803,25.4349,25.4349,1180.9027483916,0
GOP,60,20240416,160000,25.4845,25.6828,24.7904,25.2862,5325.6596193476,0
GOP,60,20240416,170000,24.7904,25.187,24.592,24.8399,4425.1078223248,0
GOP,60,20240417,100000,25.6332,25.6332,24.3937,24.3937,5857.1162789568,0
GOP,60,20240417,110000,24.6416,24.9391,24.6416,24.7904,761.384777998,0
GOP,60,20240417,120000,24.6416,24.7408,24.2945,24.2945,4815.38054959,0
GOP,60,20240417,130000,24.2945,24.6416,23.4517,23.6996,4826.4735728456,0
GOP,60,20240417,140000,23.7987,24.2945,23.6004,23.9971,4484.6067652412,0
GOP,60,20240417,150000,24.0466,24.0466,23.8483,23.8483,1807.1543340032,0
GOP,60,20240417,160000,23.8483,24.0466,23.6996,23.9971,2456.6004227856,0
GOP,60,20240417,170000,23.65,24.0466,23.5013,23.7987,4744.788583418,0
GOP,60,20240418,100000,23.3029,24.7408,22.2122,24.6416,26339.879492092,0
GOP,60,20240418,110000,24.6912,24.6912,23.4021,23.7492,4627.8076109044,0
GOP,60,20240418,120000,23.65,24.0962,23.2534,23.5508,3062.6828752052,0
GOP,60,20240418,130000,23.65,24.0466,23.5013,24.0466,1489.4904862292,0
GOP,60,20240418,140000,23.9971,24.5425,23.6996,24.3937,1216.1987314776,0
GOP,60,20240418,150000,24.2945,24.2945,23.7987,24.0962,1127.4545454328,0
GOP,60,20240418,160000,23.9971,24.0962,23.8979,24.0466,655.49682874,0
GOP,60,20240418,170000,23.7987,23.7987,23.6004,23.7987,1724.460887916,0
GOP,60,20240419,100000,23.6996,23.6996,22.4601,22.708,13156.325581142,0
GOP,60,20240419,110000,22.6088,22.7575,21.3693,21.5676,38563.382663104,0
GOP,60,20240419,120000,21.7164,21.7659,20.9231,21.171,21902.670189852,0
GOP,60,20240419,130000,21.171,21.3197,19.9314,20.7743,55376.372091955,0
GOP,60,20240419,140000,20.7743,21.1214,20.0306,20.8239,22218.317124307,0
GOP,60,20240419,150000,20.8239,21.518,20.8239,21.3197,6927.0887947924,0
GOP,60,20240419,160000,21.171,22.1626,21.1214,21.8155,13736.188160412,0
GOP,60,20240419,170000,21.7164,21.8651,20.9726,21.3197,6387.5644819064,0
GOP,60,20240422,100000,23.5013,23.5013,22.4105,22.5592,37045.655390406,0
GOP,60,20240422,110000,22.7575,23.3525,22.7575,23.1046,6532.7822408888,0
GOP,60,20240422,120000,23.1542,23.3029,22.8567,23.2038,5351.8794924972,0
GOP,60,20240422,130000,23.055,24.245,23.055,24.1954,14012.505285142,0
GOP,60,20240422,140000,24.1954,24.1954,23.1046,23.5508,3977.3530654624,0
GOP,60,20240422,150000,23.5508,24.6416,23.5508,24.6416,5244.9830865796,0
GOP,60,20240422,160000,24.5425,25.782,24.0962,24.7408,25413.10782192,0
GOP,60,20240422,170000,24.4929,24.7408,24.0466,24.6416,8901.6469342892,0
GOP,60,20240423,100000,24.7904,25.5341,24.0962,24.6416,10807.630020933,0
GOP,60,20240423,110000,24.7904,25.187,24.7904,25.1374,1809.1712473224,0
GOP,60,20240423,120000,25.1374,25.1374,24.4929,24.6912,2665.3509513228,0
GOP,60,20240423,130000,24.6912,25.1374,24.6912,25.1374,2194.4016912896,0
GOP,60,20240423,140000,25.1374,25.5836,25.0878,25.2862,5577.7737842476,0
GOP,60,20240423,150000,25.2862,26.5753,25.2862,26.2282,15898.319238594,0
GOP,60,20240423,160000,26.129,26.9719,25.9307,26.6248,14467.319238622,0
GOP,60,20240423,170000,26.5753,26.5753,25.5836,25.782,9098.2959829112,0
GOP,60,20240424,100000,26.2778,26.7736,25.8316,26.2282,3540.6913318556,0
GOP,60,20240424,110000,26.1786,26.3769,25.9307,26.129,1190.9873149876,0
GOP,60,20240424,120000,26.1786,26.2778,25.8811,25.9307,1409.8224101208,0
GOP,60,20240424,130000,25.9307,26.2282,25.9307,26.2282,1377.5517970136,0
GOP,60,20240424,140000,26.1786,26.1786,25.782,26.0795,2044.1416490092,0
GOP,60,20240424,150000,25.8811,26.129,25.782,26.129,607.0909090792,0
GOP,60,20240424,160000,25.8811,26.129,25.4349,26.129,3051.5898519496,0
GOP,60,20240424,170000,26.129,26.5753,26.129,26.3769,1247.4608879252,0
GOP,60,20240425,100000,26.6744,26.6744,25.187,25.3357,5393.2262155408,0
GOP,60,20240425,110000,25.3357,25.782,25.0878,25.782,2095.5729386488,0
GOP,60,20240425,120000,25.8811,25.8811,25.5836,25.782,184.5475687068,0
GOP,60,20240425,130000,25.6332,25.7324,25.5836,25.5836,216.818181814,0
GOP,60,20240425,140000,25.7324,25.9307,25.7324,25.782,637.3446088672,0
GOP,60,20240425,150000,25.6828,25.6828,25.4845,25.5836,1146.6152219652,0
GOP,60,20240425,160000,25.8811,26.129,25.3357,26.0299,520.3636363536,0
GOP,60,20240425,170000,26.0299,26.0299,25.5836,25.5836,117.9894291732,0
GOP,60,20240426,100000,24.7904,25.4349,24.0962,24.4433,7259.8794924604,0
GOP,60,20240426,110000,24.3937,24.3937,23.7987,24.2945,10957.890063214,0
GOP,60,20240426,120000,24.0962,24.4433,24.0962,24.4433,2376.9323466772,0
GOP,60,20240426,130000,24.4433,24.4433,23.6996,24.0962,4811.3467229516,0
GOP,60,20240426,140000,24.0962,24.0962,23.3029,23.4517,8469.0190273208,0
GOP,60,20240426,150000,23.6004,24.245,23.6004,24.1954,12439.312896166,0
GOP,60,20240426,160000,23.9971,23.9971,23.055,23.4021,11663.809724934,0
GOP,60,20240426,170000,23.4021,23.6996,23.055,23.6996,8335.9027482536,0
GOP,60,20240429,100000,23.3029,23.6004,22.5096,22.9063,11408.670190055,0
GOP,60,20240429,110000,22.9063,22.9063,22.5096,22.8071,5037.241014702,0
GOP,60,20240429,120000,22.8071,23.055,22.5096,23.055,1803.1205073648,0
GOP,60,20240429,130000,22.8071,22.8071,22.7575,22.7575,72.6088794912,0
GOP,60,20240429,140000,22.8071,23.1046,22.8071,22.8071,1666.9788583188,0
GOP,60,20240429,150000,22.9559,23.055,22.9559,23.0055,97.8202959812,0
GOP,60,20240429,160000,23.0055,23.055,22.7575,22.7575,335.8160676468,0
GOP,60,20240429,170000,22.708,23.055,22.6584,23.055,2674.4270612592,0
GOP,60,20240430,100000,22.5096,22.9063,21.8651,22.2617,8145.3044395892,0
GOP,60,20240430,110000,22.3113,22.708,22.2617,22.6584,422.5433403724,0
GOP,60,20240430,120000,22.5592,22.5592,22.2122,22.4601,718.0211416352,0
GOP,60,20240430,130000,22.2122,22.2122,22.2122,22.2122,501.2029598212,0
GOP,60,20240430,140000,22.3113,22.3113,22.2122,22.3113,665.581395336,0
GOP,60,20240430,150000,22.1626,22.1626,22.0138,22.113,1272.6723044152,0
GOP,60,20240430,160000,22.2122,22.2122,21.7659,21.8155,3092.9365749932,0
GOP,60,20240430,170000,21.8155,22.113,21.518,22.113,5081.6131077244,0
GOP,60,20240502,100000,21.6172,21.9147,21.6172,21.8155,1173.8435517743999,0
GOP,60,20240502,110000,21.8155,22.2617,21.8155,21.8155,1755.7230443636,0
GOP,60,20240502,120000,21.8651,22.0634,21.8155,22.0634,721.046511614,0
GOP,60,20240502,130000,22.0634,22.0634,21.3693,21.5676,2470.71881602,0
GOP,60,20240502,140000,21.6668,21.6668,21.3197,21.3693,1829.3403805144,0
GOP,60,20240502,150000,21.4189,21.7164,21.3693,21.4684,920.7209302148,0
GOP,60,20240502,160000,21.6172,21.8155,21.518,21.518,358.002114158,0
GOP,60,20240502,170000,21.6172,21.6172,21.6172,21.6172,599.0232558024,0
GOP,60,20240506,100000,21.8155,22.0634,21.6668,21.6668,1495.5412261868,0
GOP,60,20240506,120000,21.8155,22.0138,21.6668,22.0138,2086.4968287124,0
GOP,60,20240506,130000,22.0138,22.2122,22.0138,22.2122,4308.1268498112,0
GOP,60,20240506,140000,22.2122,22.3609,22.0138,22.3609,2755.1035940272,0
GOP,60,20240506,150000,22.6088,22.9559,22.2617,22.3609,2902.3382663288,0
GOP,60,20240506,160000,22.4601,23.0055,22.4601,23.0055,2639.1310781732,0
GOP,60,20240506,170000,23.0055,23.4517,22.9559,23.4517,1984.6427060928,0
GOP,60,20240507,100000,23.6004,23.6004,22.9063,23.0055,3414.6342494056,0
GOP,60,20240507,110000,23.055,23.2534,22.9063,22.9063,1741.6046511292,0
GOP,60,20240507,120000,23.0055,23.1542,22.8071,23.1542,651.4630021016,0
GOP,60,20240507,130000,23.0055,23.0055,23.0055,23.0055,10.084566596,0
GOP,60,20240507,140000,22.9063,23.0055,22.9063,23.0055,199.6744186008,0
GOP,60,20240507,150000,22.9063,23.0055,22.9063,23.0055,111.9386892156,0
GOP,60,20240507,160000,23.1542,23.2534,22.9063,22.9063,1686.1395348512,0
GOP,60,20240507,170000,22.9063,23.1046,22.9063,23.055,919.7124735552,0
GOP,60,20240508,100000,23.0055,23.0055,22.4105,22.4105,687.7674418472,0
GOP,60,20240508,110000,22.7575,23.2038,22.708,22.708,784.5792811688,0
GOP,60,20240508,120000,22.6088,22.6088,22.4601,22.5096,746.257928104,0
GOP,60,20240508,130000,22.5096,22.708,22.5096,22.708,134.1247357268,0
GOP,60,20240508,140000,22.5096,23.1046,22.4601,23.1046,1896.9069767076,0
GOP,60,20240508,150000,22.8567,22.9063,22.6584,22.7575,420.5264270532,0
GOP,60,20240508,160000,22.7575,22.8071,22.7575,22.8071,287.410147986,0
GOP,60,20240508,170000,22.8071,22.8567,22.7575,22.8071,190.5983086644,0
GOP,60,20240509,100000,22.5096,22.5096,22.1626,22.3609,2388.0253699328,0
GOP,60,20240509,110000,22.4105,23.1542,22.4105,23.0055,1918.0845665592,0
GOP,60,20240509,130000,22.9559,22.9559,22.9559,22.9559,21.1775898516,0
GOP,60,20240509,140000,22.8071,22.8071,22.8071,22.8071,1.0084566596,0
GOP,60,20240509,150000,22.8071,22.9559,22.8071,22.9559,21.1775898516,0
GOP,60,20240509,160000,22.6584,22.8071,22.4105,22.8071,842.061310766,0
GOP,60,20240509,170000,22.8071,23.0055,22.8071,22.8071,692.8097251452,0
GOP,60,20240510,100000,23.0055,23.0055,22.5096,22.7575,116.9809725136,0
GOP,60,20240510,110000,22.6088,22.6088,22.3113,22.4105,335.8160676468,0
GOP,60,20240510,120000,22.6088,22.6584,22.3113,22.6088,236.987315006,0
GOP,60,20240510,130000,22.6088,22.9063,22.6088,22.9063,407.4164904784,0
GOP,60,20240510,140000,22.708,22.708,22.3113,22.6088,976.1860464928,0
GOP,60,20240510,150000,22.8567,23.0055,22.8567,23.0055,185.5560253664,0
GOP,60,20240510,160000,23.0055,23.0055,22.8071,23.0055,212.7843551756,0
GOP,60,20240510,170000,22.9559,22.9559,22.2617,22.708,1911.025369942,0
GOP,60,20240513,100000,22.8071,23.0055,22.2617,22.3113,1320.0697674164,0
GOP,60,20240513,110000,22.3113,22.4601,22.3113,22.4105,1488.4820295696,0
GOP,60,20240513,120000,22.4105,22.5592,22.113,22.5592,1690.1733614896,0
GOP,60,20240513,130000,22.6088,22.6088,22.6088,22.6088,147.2346723016,0
GOP,60,20240513,140000,22.5592,22.6088,22.2122,22.6088,1183.9281183704,0
GOP,60,20240513,150000,22.6088,22.7575,22.2122,22.708,821.892177574,0
GOP,60,20240513,160000,22.2617,22.708,22.2122,22.2122,1462.26215642,0
GOP,60,20240513,170000,22.2122,22.5592,22.2122,22.5592,336.8245243064,0
GOP,60,20240514,100000,22.5592,22.8071,22.2122,22.4105,1188.9704016684,0
GOP,60,20240514,110000,22.3609,22.3609,22.0634,22.3113,615.158562356,0
GOP,60,20240514,120000,22.2617,22.3113,21.6668,22.3113,1487.47357291,0
GOP,60,20240514,130000,21.9147,21.9147,21.7164,21.7659,688.7758985068,0
GOP,60,20240514,140000,21.7659,22.113,21.7659,22.113,269.2579281132,0
GOP,60,20240514,150000,22.113,22.113,21.7164,22.113,839.0359407872,0
GOP,60,20240514,160000,21.8155,22.0138,21.7164,22.0138,263.20718815559997,0
GOP,60,20240514,170000,21.7659,22.0138,21.6172,22.0138,1620.5898519772,0
GOP,60,20240515,100000,21.6172,22.2122,21.6172,21.7164,1445.1183932068,0
GOP,60,20240515,110000,21.8155,21.9147,21.8155,21.9147,102.86257927919999,0
GOP,60,20240515,120000,21.8155,22.2122,21.8155,21.8651,1225.274841414,0
GOP,60,20240515,130000,21.8651,22.2122,21.518,22.2122,2189.3594079916,0
GOP,60,20240515,150000,22.2617,22.4601,22.2617,22.4601,206.73361521799998,0
GOP,60,20240515,160000,21.9147,22.4105,21.9147,22.4105,18.1522198728,0
GOP,60,20240515,170000,22.4105,22.4601,22.0138,22.4601,196.649048622,0
GOP,60,20240516,100000,22.4601,22.5096,22.0138,22.5096,994.3382663656,0
GOP,60,20240516,110000,22.3113,22.6088,22.0138,22.0138,1570.1670189972,0
GOP,60,20240516,120000,22.5096,22.5096,22.5096,22.5096,104.8794925984,0
GOP,60,20240516,130000,22.4601,22.5096,22.4601,22.5096,65.549682874,0
GOP,60,20240516,140000,22.5096,22.5096,22.0634,22.113,364.0528541156,0
GOP,60,20240516,150000,22.113,22.6088,22.113,22.6088,453.80549682,0
GOP,60,20240516,160000,22.113,22.3113,21.5676,22.3113,1539.9133192092,0
GOP,60,20240517,100000,22.2122,22.2122,21.6172,21.8651,191.606765324,0
GOP,60,20240517,110000,21.8155,22.1626,21.8155,22.1626,499.186046502,0
GOP,60,20240517,120000,22.1626,22.5096,22.1626,22.5096,665.581395336,0
GOP,60,20240517,130000,22.4601,22.4601,22.0138,22.0138,111.9386892156,0
GOP,60,20240517,140000,22.2617,22.2617,21.8651,21.8651,565.7441860356,0
GOP,60,20240517,150000,21.8651,21.8651,21.8651,21.8651,10.084566596,0
GOP,60,20240517,160000,21.8651,21.9147,21.8651,21.9147,84.7103594064,0
GOP,60,20240517,170000,21.9147,22.2617,21.8651,22.2122,401.3657505208,0
GOP,60,20240520,100000,22.2122,22.2617,21.8651,22.1626,1008.4566596,0
GOP,60,20240520,110000,22.113,22.2122,21.9643,22.113,1477.389006314,0
GOP,60,20240520,120000,22.0634,22.4105,22.0634,22.4105,507.2536997788,0
GOP,60,20240520,140000,22.0138,22.0138,21.6668,21.8155,2151.0380549268,0
GOP,60,20240520,150000,22.0138,22.0138,22.0138,22.0138,93.7864693428,0
GOP,60,20240520,160000,22.0138,22.0138,22.0138,22.0138,59.4989429164,0
GOP,60,20240520,170000,22.0138,22.3609,22.0138,22.3609,364.0528541156,0
GOP,60,20240521,100000,22.3113,22.3113,21.8155,22.0138,781.55391119,0
GOP,60,20240521,110000,21.9147,22.113,21.8155,21.8155,1966.49048622,0
GOP,60,20240521,120000,21.8155,22.1626,21.8155,22.113,755.3340380404,0
GOP,60,20240521,130000,22.2122,22.2122,21.8155,21.8155,196.649048622,0
GOP,60,20240521,140000,22.113,22.1626,21.9643,21.9643,176.47991543,0
GOP,60,20240521,150000,21.9643,21.9643,21.9147,21.9147,489.101479906,0
GOP,60,20240521,160000,22.113,22.3113,22.113,22.113,1436.0422832704,0
GOP,60,20240521,170000,22.2122,22.3113,21.9147,22.3113,614.1501056964,0
GOP,60,20240522,100000,22.3609,22.4105,21.8651,21.8651,618.1839323348,0
GOP,60,20240522,110000,21.8651,21.8651,21.8651,21.8651,151.26849894,0
GOP,60,20240522,120000,22.113,22.1626,21.9147,21.9147,705.91966172,0
GOP,60,20240522,130000,22.0634,22.1626,21.7659,21.7659,1401.754756844,0
GOP,60,20240522,140000,21.8155,22.2122,21.8155,22.2122,1557.0570824224,0
GOP,60,20240522,150000,22.2122,22.3113,22.2122,22.3113,322.706131072,0
GOP,60,20240522,160000,22.3113,22.3113,21.9147,21.9147,503.2198731404,0
GOP,60,20240522,170000,22.2617,22.4105,22.2617,22.3113,334.8076109872,0
GOP,60,20240523,100000,22.3113,22.3113,21.8155,21.8155,889.4587737672,0
GOP,60,20240523,110000,21.9147,22.2122,21.9147,21.9147,160.3446088764,0
GOP,60,20240523,120000,21.9147,21.9643,21.8651,21.9643,350.9429175408,0
GOP,60,20240523,140000,21.8651,21.8651,21.8651,21.8651,111.9386892156,0
GOP,60,20240523,150000,21.8651,22.0634,21.8155,22.0634,628.2684989308,0
GOP,60,20240523,160000,21.9643,21.9643,21.9643,21.9643,71.6004228316,0
GOP,60,20240523,170000,22.113,22.113,22.113,22.113,3.0253699787999997,0
GOP,60,20240524,100000,21.8651,22.0634,21.7659,21.8155,1509.6596194212,0
GOP,60,20240524,110000,21.9643,21.9643,21.7659,21.7659,461.8731500968,0
GOP,60,20240524,120000,21.8155,21.8155,21.8155,21.8155,100.84566595999999,0
GOP,60,20240524,130000,21.9643,21.9643,21.9643,21.9643,53.448202958799996,0
GOP,60,20240524,140000,21.9643,22.0138,21.9643,22.0138,100.84566595999999,0
GOP,60,20240524,150000,21.8155,21.8155,21.6668,21.6668,605.07399576,0
GOP,60,20240524,160000,21.7164,21.7164,21.6668,21.6668,1513.6934460595999,0
GOP,60,20240524,170000,21.6668,21.9147,21.5676,21.9147,1103.2515856024,0
GOP,60,20240527,100000,22.0138,22.0138,21.6668,22.0138,277.32558139,0
GOP,60,20240527,110000,21.9643,21.9643,21.6668,21.6668,287.410147986,0
GOP,60,20240527,120000,21.7659,21.7659,21.7659,21.7659,10.084566596,0
GOP,60,20240527,130000,21.8155,22.0138,21.8155,22.0138,567.7610993548,0
GOP,60,20240527,140000,22.0138,22.113,21.9147,21.9147,969.1268498756,0
GOP,60,20240527,150000,21.8651,22.0138,21.8155,21.9643,478.0084566504,0
GOP,60,20240527,160000,22.0634,22.0634,21.8651,21.8651,316.6553911144,0
GOP,60,20240527,170000,21.8651,21.9643,21.8155,21.9643,751.300211402,0
GOP,60,20240528,100000,21.8651,22.0138,21.6668,21.6668,1717.4016912988,0
GOP,60,20240528,110000,21.6668,21.7164,21.6668,21.7164,243.0380549636,0
GOP,60,20240528,120000,21.8155,21.8155,21.6172,21.6668,1160.7336151996,0
GOP,60,20240528,130000,21.8155,21.8155,21.6172,21.6172,309.5961944972,0
GOP,60,20240528,140000,21.6172,21.6172,21.6172,21.6172,86.7272727256,0
GOP,60,20240528,150000,21.8155,22.0138,21.8155,21.8155,1114.344608858,0
GOP,60,20240528,160000,21.6172,21.6172,21.518,21.518,1512.6849894,0
GOP,60,20240528,170000,21.5676,21.6172,21.518,21.6172,352.95983086,0
GOP,60,20240529,100000,22.0138,22.0138,21.4684,21.4684,254.1310782192,0
GOP,60,20240529,110000,21.6172,21.8651,21.4684,21.7659,465.9069767352,0
GOP,60,20240529,130000,21.7659,21.8155,21.7659,21.8155,141.183932344,0
GOP,60,20240529,140000,21.7659,22.3113,21.7659,22.0138,980.2198731312,0
GOP,60,20240529,150000,22.2122,22.6088,22.2122,22.5096,919.7124735552,0
GOP,60,20240529,160000,22.4601,22.4601,22.0138,22.0138,177.4883720896,0
GOP,60,20240529,170000,21.9147,22.0138,21.8651,22.0138,159.3361522168,0
GOP,60,20240531,100000,22.0138,22.4601,22.0138,22.3609,950.9746300028,0
GOP,60,20240531,110000,22.3113,22.3609,22.0138,22.3609,253.1226215596,0
GOP,60,20240531,120000,22.3609,22.3609,21.8155,21.8155,770.4608879344,0
GOP,60,20240531,130000,21.8155,21.8155,21.6668,21.8155,404.3911204996,0
GOP,60,20240531,140000,21.8155,21.8155,21.8155,21.8155,156.310782238,0
GOP,60,20240531,150000,21.7164,21.8155,21.7164,21.8155,731.13107821,0
GOP,60,20240531,160000,21.8155,22.4105,21.8155,22.4105,396.3234672228,0
GOP,60,20240531,170000,22.3113,22.3113,22.3113,22.3113,282.367864688,0
GOP,60,20240603,100000,22.6088,22.708,21.8155,22.708,847.103594064,0
GOP,60,20240603,110000,22.708,22.7575,22.6088,22.7575,236.987315006,0
GOP,60,20240603,120000,22.6088,22.708,22.6088,22.6584,198.66596194119998,0
GOP,60,20240603,130000,22.6088,22.6088,22.3113,22.3113,812.8160676376,0
GOP,60,20240603,160000,22.6088,22.7575,22.4105,22.4105,469.9408033736,0
GOP,60,20240603,170000,22.7575,22.9559,22.2122,22.5592,1476.3805496544,0
GOP,60,20240604,100000,22.8567,22.8567,22.0634,22.7575,524.397462992,0
GOP,60,20240604,110000,22.4105,22.4601,22.4105,22.4601,241.0211416444,0
GOP,60,20240604,120000,22.5096,22.6584,22.5096,22.6584,10.084566596,0
GOP,60,20240604,130000,22.6088,22.6088,22.6088,22.6088,322.706131072,0
GOP,60,20240604,140000,22.3113,22.6088,22.3113,22.6088,424.5602536916,0
GOP,60,20240604,150000,22.3113,22.3113,22.3113,22.3113,125.0486257904,0
GOP,60,20240604,160000,22.6088,22.7575,22.6088,22.7575,15.126849894,0
GOP,60,20240604,170000,22.8071,22.8071,22.8071,22.8071,151.26849894,0
GOP,60,20240605,100000,22.8071,22.9063,22.2617,22.9063,1219.2241014564,0
GOP,60,20240605,120000,22.8567,22.8567,22.8567,22.8567,50.422832979999995,0
GOP,60,20240605,130000,22.6584,23.0055,22.3609,23.0055,873.3234672136,0
GOP,60,20240605,140000,23.0055,23.3029,22.8071,22.9063,150.2600422804,0
GOP,60,20240605,160000,22.9063,22.9063,22.8071,22.8071,161.353065536,0
GOP,60,20240605,170000,23.2038,23.2534,22.8567,23.2534,83.7019027468,0
GOP,60,20240606,100000,23.2534,25.4845,23.0055,25.4845,9291.9196615544,0
GOP,60,20240606,110000,25.7324,26.129,24.4929,25.3853,5068.5031711496,0
GOP,60,20240606,120000,25.3853,25.3853,24.1458,24.8895,3248.2389005716,0
GOP,60,20240606,130000,24.4929,24.4929,24.0962,24.1954,1328.1374206932,0
GOP,60,20240606,140000,24.1954,24.7408,24.1954,24.3937,693.8181818048,0
GOP,60,20240606,150000,24.3937,24.7904,24.3937,24.5425,229.9281183888,0
GOP,60,20240606,160000,24.5425,24.6912,24.4929,24.4929,194.6321353028,0
GOP,60,20240606,170000,24.6416,24.6416,24.2945,24.6416,1793.0359407688,0
GOP,60,20240607,100000,24.6416,25.8811,24.1954,25.3357,6717.3298095956,0
GOP,60,20240607,110000,25.3853,26.2778,25.187,25.4349,4265.771670108,0
GOP,60,20240607,120000,25.782,27.0711,25.4845,26.3769,17467.477800932,0
GOP,60,20240607,130000,26.3274,26.3274,25.6828,25.782,4142.7399576368,0
GOP,60,20240607,140000,25.782,26.5257,25.6332,26.5257,1362.4249471196,0
GOP,60,20240607,150000,26.2778,26.2778,25.6828,26.2282,1379.5687103328,0
GOP,60,20240607,160000,25.8316,26.8727,25.6828,26.8727,4771.0084565676,0
GOP,60,20240607,170000,26.3274,27.5669,26.3274,27.4181,6591.2727271456,0
GOP,60,20240610,100000,25.9307,26.4265,24.7904,25.0878,15208.534883428,0
GOP,60,20240610,110000,24.9391,26.2778,23.9971,26.2778,9639.8372091164,0
GOP,60,20240610,120000,25.5836,26.2778,25.0383,25.4845,733.1479915292,0
GOP,60,20240610,130000,25.4845,25.4845,25.1374,25.1374,92.7780126832,0
GOP,60,20240610,140000,25.1374,25.6332,24.6912,24.6912,2340.6279069316,0
GOP,60,20240610,150000,24.7904,25.4845,24.7904,25.4349,302.53699788,0
GOP,60,20240610,160000,25.5341,25.5836,25.0383,25.2366,723.0634249332,0
GOP,60,20240610,170000,25.2862,25.5836,25.2366,25.4349,693.8181818048,0
GOP,60,20240611,100000,24.8895,25.187,24.592,25.0383,2251.8837208868,0
GOP,60,20240611,110000,24.9391,24.9887,24.6912,24.6912,132.1078224076,0
GOP,60,20240611,120000,24.7408,24.7904,24.4929,24.7904,666.5898519956,0
GOP,60,20240611,130000,24.592,24.7904,24.5425,24.7904,446.7463002028,0
GOP,60,20240611,150000,24.7904,24.7904,24.2945,24.5425,947.949260024,0
GOP,60,20240611,160000,24.592,24.592,24.1458,24.245,288.4186046456,0
GOP,60,20240611,170000,24.245,24.9887,24.245,24.9391,2491.8964058716,0
GOP,60,20240612,100000,24.9391,25.6332,24.8895,25.2366,1586.3023255508,0
GOP,60,20240612,110000,24.7904,25.187,23.8979,24.0962,3086.8858350356,0
GOP,60,20240612,120000,24.1458,24.3441,24.0962,24.2945,225.8942917504,0
GOP,60,20240612,130000,24.245,24.245,24.245,24.245,2.0169133192,0
GOP,60,20240612,140000,24.1954,24.2945,23.4517,23.9971,1471.3382663564,0
GOP,60,20240612,150000,23.6004,23.8483,23.5508,23.7987,676.6744185916,0
GOP,60,20240612,160000,23.7987,23.7987,23.6004,23.7987,164.3784355148,0
GOP,60,20240612,170000,23.7987,23.7987,23.3029,23.7987,1390.6617335884,0
GOP,60,20240613,100000,23.7987,23.9971,23.1046,23.5013,2825.6955601992,0
GOP,60,20240613,110000,23.055,23.3525,23.0055,23.055,595.9978858236,0
GOP,60,20240613,120000,23.2534,23.2534,23.1046,23.1046,194.6321353028,0
GOP,60,20240613,130000,23.2534,23.2534,22.8567,22.8567,463.890063416,0
GOP,60,20240613,150000,23.1542,23.2038,23.0055,23.2038,549.608879482,0
GOP,60,20240613,160000,23.2534,23.2534,23.2534,23.2534,5.042283298,0
GOP,60,20240613,170000,23.3029,23.3029,23.1046,23.3029,112.9471458752,0
GOP,60,20240614,100000,23.5013,23.5013,22.5096,22.6088,1927.1606764956,0
GOP,60,20240614,110000,22.8567,23.2038,22.8071,23.1046,284.3847780072,0
GOP,60,20240614,120000,23.0055,23.0055,22.8071,22.8071,272.283298092,0
GOP,60,20240614,130000,22.9063,23.0055,22.6088,22.8071,1116.3615221772,0
GOP,60,20240614,140000,22.8071,22.8567,22.8071,22.8567,70.591966172,0
GOP,60,20240614,150000,22.9063,23.0055,22.9063,22.9063,99.8372093004,0
GOP,60,20240614,170000,22.9559,23.5013,22.9559,23.3525,987.2790697484,0
GOP,60,20240617,100000,23.3525,23.7492,22.9063,23.6996,383.213530648,0
GOP,60,20240617,110000,23.7492,23.9971,23.6004,23.6004,730.1226215504,0
GOP,60,20240617,120000,23.6004,23.6004,23.5508,23.5508,151.26849894,0
GOP,60,20240617,130000,23.6004,23.8979,23.5013,23.8979,536.4989429072,0
GOP,60,20240617,140000,23.65,23.8979,23.2534,23.2534,130.0909090884,0
GOP,60,20240617,150000,23.3525,23.3525,23.2534,23.2534,3.0253699787999997,0
GOP,60,20240617,170000,23.2534,23.4517,23.2038,23.4517,336.8245243064,0
GOP,60,20240618,100000,22.8567,23.3029,22.708,22.9559,2969.904862522,0
GOP,60,20240618,110000,23.0055,23.2534,22.8071,22.8071,247.071881602,0
GOP,60,20240618,120000,22.8567,22.8567,22.8567,22.8567,8.0676532768,0
GOP,60,20240618,140000,22.9063,22.9063,22.9063,22.9063,39.3298097244,0
GOP,60,20240618,150000,23.2534,24.7904,23.2534,24.7904,3158.4862578672,0
GOP,60,20240618,160000,24.7408,24.7408,23.7987,24.3441,870.2980972348,0
GOP,60,20240618,170000,24.3441,24.592,24.2945,24.592,633.3107822288,0
GOP,60,20240619,100000,24.0466,24.592,23.6996,23.7987,1913.0422832612,0
GOP,60,20240619,110000,24.1458,24.1954,23.8979,24.1458,80.676532768,0
GOP,60,20240619,120000,23.9475,23.9475,23.9475,23.9475,1.0084566596,0
GOP,60,20240619,150000,23.8483,23.8483,23.7987,23.7987,594.989429164,0
GOP,60,20240619,160000,23.9971,23.9971,23.9971,23.9971,1.0084566596,0
GOP,60,20240619,170000,24.1458,24.1954,23.7492,23.8979,1004.4228329616,0
GOP,60,20240620,100000,24.3937,24.3937,23.5013,23.6996,7.0591966172,0
GOP,60,20240620,110000,24.0962,24.4433,23.6996,24.245,1605.4630020831999,0
GOP,60,20240620,120000,23.7987,24.245,23.6996,24.245,19.1606765324,0
GOP,60,20240620,140000,23.7987,23.9971,23.7987,23.9971,71.6004228316,0
GOP,60,20240620,160000,23.7987,23.7987,23.7492,23.7492,212.78435517559998,0
GOP,60,20240620,170000,24.0962,24.1458,24.0962,24.1458,253.1226215596,0
GOP,60,20240621,100000,24.1458,24.9887,23.7492,24.245,1480.4143762928,0
GOP,60,20240621,110000,23.9475,23.9475,23.7987,23.7987,467.9238900544,0
GOP,60,20240621,120000,23.8483,24.245,23.7987,24.245,133.1162790672,0
GOP,60,20240621,130000,24.245,24.245,24.245,24.245,9.0761099364,0
GOP,60,20240621,140000,24.1954,24.1954,24.1954,24.1954,100.84566596,0
GOP,60,20240621,150000,24.245,25.187,23.9475,25.187,1860.602536962,0
GOP,60,20240621,160000,24.9887,24.9887,24.0962,24.7904,126.05708245,0
GOP,60,20240621,170000,24.6912,24.7904,24.1458,24.7904,254.1310782192,0
GOP,60,20240624,100000,24.7408,24.7408,24.0962,24.0962,1240.401691308,0
GOP,60,20240624,110000,24.5425,24.5425,24.0962,24.0962,772.4778012536,0
GOP,60,20240624,120000,24.3937,24.3937,24.3937,24.3937,20.169133192,0
GOP,60,20240624,130000,24.0962,24.0962,23.9971,24.0466,605.07399576,0
GOP,60,20240624,140000,23.8979,24.0962,23.7987,24.0962,124.0401691308,0
GOP,60,20240624,160000,24.0962,24.2945,23.7987,24.2945,358.002114158,0
GOP,60,20240624,170000,24.3441,24.3441,24.3441,24.3441,31.2621564476,0
GOP,60,20240625,100000,24.6912,24.6912,24.592,24.592,203.70824523919998,0
GOP,60,20240625,110000,24.1954,24.1954,24.1954,24.1954,30.253699788,0
GOP,60,20240625,120000,23.8979,24.1954,23.4021,24.1458,927.780126832,0
GOP,60,20240625,130000,23.5013,24.1458,22.9063,24.0466,695.835095124,0
GOP,60,20240625,140000,23.9475,23.9475,23.7987,23.7987,55.465116278,0
GOP,60,20240625,150000,23.4021,23.7492,23.4021,23.7492,7.0591966172,0
GOP,60,20240625,160000,23.4517,23.6996,23.3029,23.3029,272.283298092,0
GOP,60,20240625,170000,23.3029,23.6996,23.3029,23.6004,16.1353065536,0
GOP,60,20240626,100000,23.6004,23.6004,22.8071,23.4021,1716.3932346392,0
GOP,60,20240626,110000,23.4021,23.4021,23.3029,23.3029,27.2283298092,0
GOP,60,20240626,130000,23.2534,23.2534,23.2534,23.2534,1.0084566596,0
GOP,60,20240626,140000,23.1046,23.2534,22.6584,23.2534,770.4608879344,0
GOP,60,20240626,150000,23.2038,23.2038,22.4601,22.9559,1214.1818181584,0
GOP,60,20240626,160000,23.0055,23.1046,22.8071,22.9559,92.7780126832,0
GOP,60,20240626,170000,22.9559,23.055,22.6584,23.055,173.4545454512,0
GOP,60,20240627,100000,23.055,23.055,22.8071,22.9559,585.9133192276,0
GOP,60,20240627,110000,22.8071,22.8071,21.9643,22.0634,2297.2642705688,0
GOP,60,20240627,120000,22.113,22.8071,22.113,22.8071,4060.0465115496,0
GOP,60,20240627,130000,22.6584,22.708,22.5592,22.6584,800.7145877224,0
GOP,60,20240627,140000,22.6584,23.0055,22.3609,22.6584,2188.350951332,0
GOP,60,20240627,150000,22.9559,23.0055,22.4105,22.5592,2760.1458773252,0
GOP,60,20240627,160000,22.8071,23.0055,22.5592,22.9559,3979.3699787816,0
GOP,60,20240627,170000,22.9559,23.0055,22.5592,23.0055,1293.8498942668,0
GOP,60,20240628,100000,23.2038,23.2038,22.708,22.708,45.380549682,0
GOP,60,20240628,110000,23.1542,23.1542,22.8071,23.1542,64.5412262144,0
GOP,60,20240628,120000,23.055,23.1542,23.055,23.1542,150.2600422804,0
GOP,60,20240628,160000,23.1542,23.1542,23.1542,23.1542,10.084566596,0
GOP,60,20240628,170000,23.1542,23.1542,23.1542,23.1542,17.1437632132,0
GOP,60,20240701,100000,23.1046,23.1046,22.4105,22.5096,215.8097251544,0
GOP,60,20240701,110000,22.5096,22.6584,22.4105,22.6088,973.160676514,0
GOP,60,20240701,120000,22.4105,22.8071,22.3113,22.4105,3276.4756870404,0
GOP,60,20240701,130000,22.6088,22.9063,22.6088,22.9063,164.3784355148,0
GOP,60,20240701,150000,22.5592,23.0055,22.5592,23.0055,509.270613098,0
GOP,60,20240701,170000,23.0055,23.0055,23.0055,23.0055,85.718816066,0
GOP,60,20240702,100000,23.0055,23.0055,22.2122,22.6584,124.0401691308,0
GOP,60,20240702,120000,22.708,22.8071,22.708,22.8071,100.84566595999999,0
GOP,60,20240702,130000,22.8071,22.8071,22.8071,22.8071,302.53699788,0
GOP,60,20240702,140000,22.5592,22.5592,22.5592,22.5592,74.6257928104,0
GOP,60,20240702,150000,22.708,22.708,22.2122,22.2122,841.0528541064,0
GOP,60,20240702,160000,22.5096,22.5096,22.5096,22.5096,33.2790697668,0
GOP,60,20240702,170000,22.6584,22.6584,22.6584,22.6584,10.084566596,0
GOP,60,20240703,100000,22.3609,22.7575,22.3113,22.3113,144.2093023228,0
GOP,60,20240703,110000,22.3113,22.3113,22.0634,22.3113,941.8985200664,0
GOP,60,20240703,130000,22.3113,22.3113,21.8651,22.2617,7696.5412260672,0
GOP,60,20240703,140000,22.2617,22.2617,22.2617,22.2617,1.0084566596,0
GOP,60,20240703,150000,22.2617,22.3113,22.2617,22.3113,139.1670190248,0
GOP,60,20240703,160000,22.0634,22.3113,22.0634,22.3113,159.3361522168,0
GOP,60,20240703,170000,22.3113,22.3113,22.3113,22.3113,143.2008456632,0
GOP,60,20240704,100000,21.9147,23.7987,21.9147,23.65,2765.1881606232,0
GOP,60,20240704,110000,23.3525,23.3525,23.1046,23.3029,391.2811839248,0
GOP,60,20240704,120000,23.2534,23.65,23.2038,23.65,1023.583509494,0
GOP,60,20240704,130000,23.5013,23.6996,23.2534,23.3029,1651.8520084248,0
GOP,60,20240704,140000,23.3029,23.6004,23.3029,23.6004,67.5665961932,0
GOP,60,20240704,150000,23.3029,23.3029,23.3029,23.3029,123.0317124712,0
GOP,60,20240704,160000,23.3029,23.3029,23.3029,23.3029,90.761099364,0
GOP,60,20240704,170000,23.3029,23.65,23.3029,23.65,309.5961944972,0
GOP,60,20240705,100000,23.85,24.15,22.45,23.05,172,0
GOP,60,20240705,110000,23.95,24,23.05,23.05,107,0
GOP,60,20240705,120000,23.5,23.5,23.5,23.5,4,0
GOP,60,20240705,130000,23.6,23.6,23.6,23.6,40,0
GOP,60,20240705,140000,23.6,23.65,23.6,23.65,216,0
GOP,60,20240705,160000,23.6,23.6,23.6,23.6,30,0
GOP,60,20240705,170000,23.85,23.85,23.85,23.85,35,0
GOP,60,20240708,100000,23.85,23.85,23.85,23.85,2,0
GOP,60,20240708,110000,23.4,23.4,23.4,23.4,100,0
GOP,60,20240708,120000,23.8,23.8,23.8,23.8,202,0
GOP,60,20240708,140000,23.3,23.3,23,23,653,0
GOP,60,20240708,150000,23.1,23.6,23.1,23.6,150,0
GOP,60,20240708,170000,23.3,23.8,23.3,23.8,17,0
GOP,60,20240709,100000,23.8,23.8,23.1,23.75,100,0
GOP,60,20240709,110000,23.25,23.25,23.25,23.25,1,0
GOP,60,20240709,120000,23.5,23.5,23.5,23.5,5,0
GOP,60,20240709,140000,23.25,23.25,23.05,23.05,199,0
GOP,60,20240709,150000,23,23,22.55,22.9,732,0
GOP,60,20240709,160000,22.9,23.05,22.7,22.7,95,0
GOP,60,20240709,170000,22.75,23.3,22.75,23.3,232,0
GOP,60,20240710,100000,23.3,23.3,23.25,23.3,31,0
GOP,60,20240710,110000,23.3,23.3,23.25,23.25,104,0
GOP,60,20240710,120000,23,23,23,23,500,0
GOP,60,20240710,130000,23,23.8,23,23,697,0
GOP,60,20240710,140000,23.25,23.3,22.7,22.7,571,0
GOP,60,20240710,150000,23,23.1,22.6,23.1,1024,0
GOP,60,20240710,160000,23.1,23.1,22.95,23,319,0
GOP,60,20240710,170000,23.05,23.05,22.95,22.95,336,0
GOP,60,20240711,100000,23.05,23.6,22.9,23.6,141,0
GOP,60,20240711,110000,23.1,23.1,23.1,23.1,400,0
GOP,60,20240711,120000,23.1,23.1,23,23,125,0
GOP,60,20240711,130000,23,23.05,23,23,216,0
GOP,60,20240711,140000,23,23,22.9,22.9,595,0
GOP,60,20240711,150000,22.9,22.9,22.8,22.8,85,0
GOP,60,20240711,160000,22.85,22.85,22.85,22.85,27,0
GOP,60,20240711,170000,22.85,22.85,22.8,22.8,130,0
GOP,60,20240712,100000,23.05,23.05,23.05,23.05,2,0
GOP,60,20240712,110000,23.45,23.45,23.45,23.45,84,0
GOP,60,20240712,120000,23.45,23.45,23.45,23.45,10,0
GOP,60,20240712,130000,23.45,23.6,23.45,23.45,65,0
GOP,60,20240712,140000,23,23,22.8,22.8,720,0
GOP,60,20240712,150000,23,23.3,23,23.3,170,0
GOP,60,20240712,170000,22.8,23.3,22.8,23.3,431,0
GOP,60,20240715,100000,23.4,23.4,22.75,23.3,233,0
GOP,60,20240715,120000,22.8,22.8,22.75,22.75,200,0
GOP,60,20240715,140000,23.25,23.25,23.25,23.25,110,0
GOP,60,20240715,150000,23,23,22.8,22.8,210,0
GOP,60,20240715,160000,22.8,23,22.8,23,229,0
GOP,60,20240715,170000,23,23,23,23,10,0
GOP,60,20240716,100000,23,23,22.25,22.25,666,0
GOP,60,20240716,110000,22.2,22.45,22.2,22.45,32,0
GOP,60,20240716,120000,22.4,23,22.4,23,42,0
GOP,60,20240716,140000,22.8,22.8,22.45,22.45,2,0
GOP,60,20240716,160000,22.5,22.55,22.45,22.55,79,0
GOP,60,20240716,170000,22.75,22.9,22.75,22.9,43,0
GOP,60,20240717,100000,23.35,23.35,22.6,23.35,312,0
GOP,60,20240717,110000,22.95,23,22.95,23,870,0
GOP,60,20240717,120000,23.3,23.3,23.3,23.3,60,0
GOP,60,20240717,130000,23.05,23.35,23,23.35,110,0
GOP,60,20240717,140000,23.05,23.05,23.05,23.05,100,0
GOP,60,20240717,150000,23,23,23,23,140,0
GOP,60,20240717,160000,22.8,22.8,22.8,22.8,346,0
GOP,60,20240717,170000,22.9,22.9,22.8,22.8,353,0
GOP,60,20240718,100000,22.6,22.9,22.2,22.9,166,0
GOP,60,20240718,140000,22.85,22.9,22.3,22.3,865,0
GOP,60,20240718,150000,22.25,22.65,22,22.65,1812,0
GOP,60,20240718,160000,22.25,22.25,22.25,22.25,10,0
GOP,60,20240719,100000,22.85,22.85,22.85,22.85,2,0
GOP,60,20240719,110000,22.35,22.35,22.35,22.35,465,0
GOP,60,20240719,120000,22.4,22.4,22.4,22.4,184,0
GOP,60,20240719,130000,22.4,22.4,22.4,22.4,20,0
GOP,60,20240719,140000,22.4,22.4,22.4,22.4,109,0
GOP,60,20240719,160000,22.5,22.5,22.5,22.5,1169,0
GOP,60,20240719,170000,22.7,22.7,22.35,22.7,866,0
GOP,60,20240722,100000,22.85,22.85,22.3,22.3,47,0
GOP,60,20240722,110000,22.7,22.8,22.7,22.8,182,0
GOP,60,20240722,120000,22.8,22.8,22.8,22.8,230,0
GOP,60,20240722,130000,22.75,22.75,22.2,22.4,427,0
GOP,60,20240722,140000,22.4,22.55,22.1,22.55,1147,0
GOP,60,20240722,150000,22.5,22.6,22.5,22.6,117,0
GOP,60,20240722,160000,22.5,22.5,22.5,22.5,8,0
GOP,60,20240723,100000,22.75,22.8,22.1,22.1,370,0
GOP,60,20240723,110000,22.2,22.65,22.1,22.5,283,0
GOP,60,20240723,120000,22.15,22.4,22,22.4,1298,0
GOP,60,20240723,130000,22.3,22.3,22.3,22.3,66,0
GOP,60,20240723,140000,22.3,22.35,22.3,22.35,328,0
GOP,60,20240723,150000,22.35,22.35,22.15,22.15,123,0
GOP,60,20240723,160000,22.15,22.35,22,22.35,820,0
GOP,60,20240723,170000,22.35,22.35,22.35,22.35,220,0
GOP,60,20240724,100000,22.35,22.35,21.8,22.25,799,0
GOP,60,20240724,110000,22,22.3,22,22.3,227,0
GOP,60,20240724,130000,22,22,21.9,21.9,40,0
GOP,60,20240724,140000,21.9,22.3,21,21.4,5264,0
GOP,60,20240724,150000,21.3,22.1,21.3,22.1,753,0
GOP,60,20240724,160000,21.8,22,21.8,22,3241,0
GOP,60,20240724,170000,21.7,21.95,21.65,21.95,157,0
GOP,60,20240725,100000,22.25,22.25,21.35,21.95,59,0
GOP,60,20240725,110000,21.55,21.55,21.5,21.5,41,0
GOP,60,20240725,120000,21.8,21.8,21.8,21.8,9,0
GOP,60,20240725,130000,21.8,21.9,21.55,21.9,72,0
GOP,60,20240725,140000,21.5,21.6,21.05,21.6,1001,0
GOP,60,20240725,150000,21.05,21.5,20.4,21.2,3701,0
GOP,60,20240725,160000,21.25,21.35,21.1,21.35,1129,0
GOP,60,20240725,170000,21.35,22,21.35,22,926,0
GOP,60,20240726,100000,22.2,22.2,21.1,21.85,198,0
GOP,60,20240726,110000,22.1,22.3,22.1,22.1,597,0
GOP,60,20240726,120000,22,22,22,22,907,0
GOP,60,20240726,130000,21.85,21.85,21.7,21.7,1070,0
GOP,60,20240726,140000,21.7,21.95,21.6,21.95,142,0
GOP,60,20240726,150000,21.85,21.95,21.7,21.95,725,0
GOP,60,20240726,160000,22,22,22,22,10,0
GOP,60,20240726,170000,21.65,22,21.6,22,1110,0
GOP,60,20240729,100000,22.7,23.35,22.65,22.65,2803,0
GOP,60,20240729,110000,23.25,23.25,22.75,22.85,1927,0
GOP,60,20240729,120000,22.8,23.3,22.6,22.6,1951,0
GOP,60,20240729,130000,23.2,23.55,23.2,23.2,723,0
GOP,60,20240729,140000,22.6,22.6,22.6,22.6,1,0
GOP,60,20240729,150000,22.7,22.85,22.7,22.85,507,0
GOP,60,20240729,160000,22.85,23,22.85,23,110,0
GOP,60,20240729,170000,23,23.35,22.95,23.35,959,0
GOP,60,20240730,100000,23.35,23.4,22.5,23.4,36,0
GOP,60,20240730,130000,22.9,22.9,22.9,22.9,1,0
GOP,60,20240730,140000,22.9,22.9,22.8,22.8,198,0
GOP,60,20240730,160000,23.3,23.4,23.3,23.4,253,0
GOP,60,20240730,170000,23,23.4,23,23.4,200,0
GOP,60,20240731,100000,23.4,23.4,22.75,23.3,122,0
GOP,60,20240731,110000,22.75,22.75,22.75,22.75,1,0
GOP,60,20240731,120000,23,23,22.5,22.5,159,0
GOP,60,20240731,150000,23,23,22.6,22.6,101,0
GOP,60,20240731,170000,23.2,23.25,23.2,23.25,240,0
GOP,60,20240801,100000,23.25,23.35,22.6,23.35,21,0
GOP,60,20240801,110000,23.3,23.3,23.3,23.3,140,0
GOP,60,20240801,120000,23.35,23.5,23.35,23.5,320,0
GOP,60,20240801,130000,23.35,23.5,23.35,23.5,900,0
GOP,60,20240801,140000,23.1,23.1,23,23,200,0
GOP,60,20240801,150000,23.15,23.15,22.7,22.7,750,0
GOP,60,20240801,170000,22.85,22.85,22.65,22.65,108,0
GOP,60,20240802,100000,23.35,23.35,22.7,23.15,102,0
GOP,60,20240802,130000,23.1,23.1,23.1,23.1,61,0
GOP,60,20240802,140000,22.6,22.6,22.6,22.6,446,0
GOP,60,20240802,150000,22.9,22.9,22.9,22.9,20,0
GOP,60,20240802,160000,22.9,22.9,22.9,22.9,55,0
GOP,60,20240802,170000,22.6,22.8,22.6,22.8,28,0
GOP,60,20240805,100000,23.15,23.15,21.75,22.2,1798,0
GOP,60,20240805,110000,22.8,22.8,21.85,21.85,564,0
GOP,60,20240805,120000,21.85,22.5,21.8,21.8,901,0
GOP,60,20240805,130000,21.75,21.8,21.3,21.8,1248,0
GOP,60,20240805,140000,21.8,21.8,21.8,21.8,150,0
GOP,60,20240805,150000,21.5,21.5,21.35,21.5,543,0
GOP,60,20240805,160000,21.45,21.75,21.45,21.75,2817,0
GOP,60,20240805,170000,21.95,22.45,21.6,22.45,281,0
GOP,60,20240806,100000,22.45,22.8,21.95,22.8,73,0
GOP,60,20240806,120000,22.45,22.75,22.1,22.7,454,0
GOP,60,20240806,130000,22.8,22.8,22.8,22.8,1,0
GOP,60,20240806,150000,22.6,22.6,21.8,22,901,0
GOP,60,20240806,160000,21.85,22,21.85,22,86,0
GOP,60,20240806,170000,21.95,22.2,21.95,22.2,136,0
GOP,60,20240807,100000,22.55,22.75,22.55,22.75,26,0
GOP,60,20240807,110000,22.5,22.6,21.95,21.95,406,0
GOP,60,20240807,130000,22.55,22.55,22.25,22.25,62,0
GOP,60,20240807,140000,22.2,22.25,21.6,22.25,756,0
GOP,60,20240807,150000,22.6,22.6,22.6,22.6,1,0
GOP,60,20240808,100000,22.55,22.55,22.55,22.55,2,0
GOP,60,20240808,110000,22.5,22.5,21.7,22,25,0
GOP,60,20240808,120000,21.85,22.4,21.85,22.3,402,0
GOP,60,20240808,130000,22.2,22.3,22.2,22.3,100,0
GOP,60,20240808,140000,22.4,22.5,22.4,22.5,42,0
GOP,60,20240808,150000,22.45,22.45,22.45,22.45,4,0
GOP,60,20240808,170000,22.45,22.5,22.45,22.5,64,0
GOP,60,20240809,100000,22.5,22.5,22.45,22.5,14,0
GOP,60,20240809,120000,22.2,22.45,21.9,22.45,159,0
GOP,60,20240809,130000,22.45,22.45,22.45,22.45,10,0
GOP,60,20240809,140000,22,22.05,21.65,22,406,0
GOP,60,20240809,170000,22.25,22.4,22.25,22.4,33,0
GOP,60,20240812,100000,22.4,22.4,22.4,22.4,2,0
GOP,60,20240812,120000,22.4,22.4,22.4,22.4,10,0
GOP,60,20240812,130000,22.4,22.4,22.4,22.4,59,0
GOP,60,20240812,150000,22.4,22.4,22.4,22.4,50,0
GOP,60,20240812,160000,22.4,22.4,22.4,22.4,10,0
GOP,60,20240812,170000,22.2,22.5,21.8,22.5,214,0
GOP,60,20240813,100000,22.5,22.5,21.8,21.8,809,0
GOP,60,20240813,110000,21.8,22.35,21.8,22.35,166,0
GOP,60,20240813,130000,22.45,22.45,22.35,22.35,200,0
GOP,60,20240813,140000,22,22,21.85,21.85,76,0
GOP,60,20240813,150000,22,22.4,22,22.15,210,0
GOP,60,20240813,160000,22.1,22.1,21.8,21.8,160,0
GOP,60,20240813,170000,21.8,22,21.8,22,200,0
GOP,60,20240814,100000,22,22,21.7,21.7,202,0
GOP,60,20240814,110000,21.95,21.95,21.95,21.95,20,0
GOP,60,20240814,120000,21.95,21.95,21.8,21.8,251,0
GOP,60,20240814,130000,21.8,22,21.8,22,100,0
GOP,60,20240814,140000,22,22,21.8,21.8,484,0
GOP,60,20240814,150000,21.7,22,21.7,22,115,0
GOP,60,20240814,170000,21.75,22,21.75,22,16,0
GOP,60,20240816,100000,22,22.9,22,22.3,1534,0
GOP,60,20240816,130000,22.6,22.6,22.6,22.6,20,0
GOP,60,20240816,140000,22.6,22.6,22.55,22.55,192,0
GOP,60,20240816,150000,22.3,22.3,22,22,168,0
GOP,60,20240816,160000,22.7,22.7,22.7,22.7,210,0
GOP,60,20240816,170000,22.1,22.9,22.1,22.9,37,0
GOP,60,20240819,100000,22.9,22.9,22.1,22.1,137,0
GOP,60,20240819,110000,22.15,22.9,22.1,22.9,362,0
GOP,60,20240819,130000,22.5,22.5,22.5,22.5,2,0
GOP,60,20240819,150000,22.9,23.1,22.9,23.1,5,0
GOP,60,20240819,160000,23.1,23.35,22.15,22.4,525,0
GOP,60,20240819,170000,22.9,23.45,22.35,23.45,323,0
GOP,60,20240820,100000,22.8,23.45,22.05,23.25,559,0
GOP,60,20240820,140000,22.5,22.5,22.5,22.5,300,0
GOP,60,20240820,150000,23,23,23,23,10,0
GOP,60,20240820,160000,22.6,22.6,22.6,22.6,5,0
GOP,60,20240820,170000,22.95,22.95,22.95,22.95,15,0
GOP,60,20240821,110000,22.35,22.35,22.35,22.35,258,0
GOP,60,20240821,120000,22.3,23.1,22.3,23.1,1110,0
GOP,60,20240821,130000,22.4,22.9,22.25,22.9,620,0
GOP,60,20240821,140000,22.9,22.9,22.9,22.9,15,0
GOP,60,20240821,150000,22.5,22.5,22.5,22.5,11,0
GOP,60,20240821,170000,22.9,22.9,22.9,22.9,73,0
GOP,60,20240822,100000,22.9,22.9,22.9,22.9,2,0
GOP,60,20240822,150000,22.85,22.9,22.85,22.9,170,0
GOP,60,20240822,160000,22.25,22.25,22.2,22.2,130,0
GOP,60,20240822,170000,22.9,22.9,22.9,22.9,20,0
GOP,60,20240823,100000,23.15,23.15,22.1,22.1,210,0
GOP,60,20240823,110000,22.2,22.2,22.2,22.2,40,0
GOP,60,20240823,120000,22.2,22.2,22.2,22.2,260,0
GOP,60,20240823,130000,22.55,22.6,22.25,22.25,225,0
GOP,60,20240823,140000,22.6,22.6,22.6,22.6,14,0
GOP,60,20240823,150000,22.6,22.6,22.25,22.25,348,0
GOP,60,20240823,160000,22.3,22.3,22.25,22.25,385,0
GOP,60,20240823,170000,22.3,22.9,22.25,22.9,64,0
GOP,60,20240826,100000,22.25,22.9,22.25,22.9,1479,0
GOP,60,20240826,110000,22.55,22.55,22.35,22.35,249,0
GOP,60,20240826,130000,22.4,22.4,22.4,22.4,10,0
GOP,60,20240826,140000,22.55,22.55,22.2,22.2,1359,0
GOP,60,20240826,150000,22.2,23.1,22.2,22.55,677,0
GOP,60,20240826,160000,22.3,22.3,22.3,22.3,2,0
GOP,60,20240826,170000,22.35,22.35,22.2,22.2,748,0
GOP,60,20240827,100000,22.4,22.5,22.1,22.15,164,0
GOP,60,20240827,110000,22.5,22.6,22.5,22.6,250,0
GOP,60,20240827,120000,22.55,22.6,22.55,22.6,200,0
GOP,60,20240827,130000,22.6,22.6,22.2,22.55,2789,0
GOP,60,20240827,160000,22.55,22.55,22.55,22.55,10,0
GOP,60,20240827,170000,22.4,23,22.4,23,55,0
GOP,60,20240828,100000,23,23,23,23,1,0
GOP,60,20240828,110000,22.75,23,22.75,23,90,0
GOP,60,20240828,120000,22.6,22.6,22.6,22.6,200,0
GOP,60,20240828,160000,22.55,22.55,22.55,22.55,12,0
GOP,60,20240828,170000,23,23,23,23,20,0
GOP,60,20240829,100000,23,23,23,23,1,0
GOP,60,20240829,120000,22.65,23,22.65,23,100,0
GOP,60,20240829,150000,23,23,23,23,180,0
GOP,60,20240829,170000,22.55,23.05,22.5,23.05,559,0
GOP,60,20240830,100000,23.05,23.05,22.5,22.5,40,0
GOP,60,20240830,110000,22.75,22.75,22.5,22.5,392,0
GOP,60,20240830,130000,22.5,22.5,22.5,22.5,120,0
GOP,60,20240830,140000,22.4,22.5,22.4,22.5,336,0
GOP,60,20240830,150000,22.5,22.5,22.5,22.5,388,0
GOP,60,20240830,160000,22.5,22.5,22.5,22.5,280,0
GOP,60,20240830,170000,22.45,22.5,22.45,22.5,50,0
GOP,60,20240902,100000,22.45,22.5,22.45,22.5,465,0
GOP,60,20240902,110000,22.5,22.5,22.5,22.5,509,0
GOP,60,20240902,120000,22.3,22.75,22.3,22.75,557,0
GOP,60,20240902,150000,22.75,23,22,22.25,2171,0
GOP,60,20240902,160000,22.25,22.25,22.1,22.25,386,0
GOP,60,20240902,170000,22.5,22.6,22.5,22.6,1050,0
GOP,60,20240903,100000,22.7,22.7,22.7,22.7,51,0
GOP,60,20240903,120000,22.6,22.6,22.6,22.6,15,0
GOP,60,20240903,140000,22.65,22.65,22.65,22.65,50,0
GOP,60,20240903,160000,22.6,22.6,22.6,22.6,7,0
GOP,60,20240903,170000,22,22.6,22,22.6,301,0
GOP,60,20240905,100000,22.95,22.95,22.1,22.5,376,0
GOP,60,20240905,110000,22.5,22.5,22.5,22.5,1,0
GOP,60,20240905,120000,22.5,22.5,22.15,22.15,136,0
GOP,60,20240905,130000,22.5,22.5,22.5,22.5,3,0
GOP,60,20240905,170000,22.2,22.5,22.15,22.5,139,0
GOP,60,20240906,100000,22.5,22.5,22.5,22.5,4,0
GOP,60,20240906,110000,22.2,22.4,22.2,22.4,360,0
GOP,60,20240906,120000,22.5,22.6,22.5,22.6,40,0
GOP,60,20240906,140000,22.4,22.4,22.2,22.2,61,0
GOP,60,20240906,160000,22.2,22.2,22.05,22.1,378,0
GOP,60,20240906,170000,22,22.45,22,22.45,222,0
GOP,60,20240909,100000,22.45,22.45,21.9,21.95,1132,0
GOP,60,20240909,110000,21.95,21.95,21.9,21.9,79,0
GOP,60,20240909,120000,21.85,22.25,21.6,22.25,639,0
GOP,60,20240909,140000,21.65,22,21.5,22,555,0
GOP,60,20240909,150000,22,22,22,22,25,0
GOP,60,20240909,160000,22,22,21.6,21.6,151,0
GOP,60,20240909,170000,21.9,22.05,21.9,22.05,21,0
GOP,60,20240910,100000,21.9,21.95,21.8,21.8,629,0
GOP,60,20240910,110000,21.65,21.75,21.5,21.5,569,0
GOP,60,20240910,120000,21.75,21.75,21.75,21.75,46,0
GOP,60,20240910,130000,21.75,21.75,21.75,21.75,42,0
GOP,60,20240910,140000,21.6,21.6,21.4,21.5,458,0
GOP,60,20240910,160000,21.7,21.7,21.7,21.7,70,0
GOP,60,20240910,170000,21.5,21.55,21.35,21.55,449,0
GOP,60,20240911,100000,21.15,21.4,21.15,21.4,392,0
GOP,60,20240911,110000,21.25,21.25,20.9,20.9,1287,0
GOP,60,20240911,120000,21.15,21.15,21.15,21.15,32,0
GOP,60,20240911,140000,21.15,21.2,21,21.2,640,0
GOP,60,20240911,160000,21,21,20.9,21,193,0
GOP,60,20240911,170000,20.9,21.15,20.9,21.15,119,0
GOP,60,20240912,100000,21.15,21.15,21.15,21.15,276,0
GOP,60,20240912,110000,21.1,21.1,21.1,21.1,81,0
GOP,60,20240912,140000,20.9,20.9,20.85,20.85,234,0
GOP,60,20240912,150000,20.9,21.2,20.9,21.2,352,0
GOP,60,20240912,160000,21,21,21,21,85,0
GOP,60,20240912,170000,21,21,21,21,11,0
GOP,60,20240913,100000,21.35,21.35,21.35,21.35,2,0
GOP,60,20240913,120000,21.1,21.1,21,21,10,0
GOP,60,20240913,130000,21,21,21,21,10,0
GOP,60,20240913,140000,20.9,21,20.9,20.9,414,0
GOP,60,20240913,150000,20.9,20.9,20.55,20.9,1568,0
GOP,60,20240913,160000,20.65,20.65,20.5,20.5,1752,0
GOP,60,20240913,170000,20.5,20.9,20.2,20.9,744,0
GOP,60,20240916,100000,20.7,20.7,20.7,20.7,2,0
GOP,60,20240916,110000,20.35,20.35,20.1,20.1,400,0
GOP,60,20240916,120000,20.15,20.15,20.15,20.15,81,0
GOP,60,20240916,130000,20.2,20.45,20.05,20.3,1136,0
GOP,60,20240916,150000,20.25,20.8,19.34,20.8,838,0
GOP,60,20240916,170000,20.7,20.7,19.58,20.25,264,0
GOP,60,20240917,100000,20,20.95,20,20.7,9,0
GOP,60,20240917,110000,20.7,20.7,20.5,20.5,265,0
GOP,60,20240917,130000,20.45,20.45,20,20,933,0
GOP,60,20240917,140000,20.45,20.45,20.45,20.45,2,0
GOP,60,20240917,150000,20.45,20.45,20.15,20.15,60,0
GOP,60,20240917,160000,20.15,20.15,20.15,20.15,87,0
GOP,60,20240917,170000,20.4,20.4,20.2,20.35,46,0
GOP,60,20240918,100000,20.35,20.4,20.35,20.4,69,0
GOP,60,20240918,110000,20.7,20.7,20.7,20.7,5,0
GOP,60,20240918,130000,20.05,20.05,20.05,20.05,250,0
GOP,60,20240918,140000,20.35,20.4,20.35,20.4,100,0
GOP,60,20240918,150000,20.4,20.4,20.4,20.4,10,0
GOP,60,20240918,160000,20.3,20.3,20.3,20.3,4,0
GOP,60,20240918,170000,20.4,20.5,20.3,20.5,460,0
GOP,60,20240919,100000,20.25,20.5,19.54,19.64,1428,0
GOP,60,20240919,110000,19.64,20,19.64,19.78,1065,0
GOP,60,20240919,120000,19.78,19.78,19.64,19.7,500,0
GOP,60,20240919,130000,19.7,20,19.64,19.66,391,0
GOP,60,20240919,140000,19.7,19.7,19.7,19.7,9,0
GOP,60,20240919,160000,19.82,19.98,19.7,19.7,150,0
GOP,60,20240919,170000,19.9,19.98,19.9,19.98,114,0
GOP,60,20240920,100000,19.8,19.96,19.68,19.96,14,0
GOP,60,20240920,110000,19.94,19.94,19.94,19.94,50,0
GOP,60,20240920,120000,19.9,19.9,19.7,19.7,300,0
GOP,60,20240920,130000,19.7,19.88,19.66,19.66,155,0
GOP,60,20240920,150000,19.68,19.68,19.64,19.64,84,0
GOP,60,20240920,170000,19.7,19.7,19.7,19.7,75,0
GOP,60,20240923,100000,19.56,20,17.88,20,4640,0
GOP,60,20240923,110000,19.9,20.7,19.1,20.7,4418,0
GOP,60,20240923,120000,20.5,20.85,19.5,19.82,1658,0
GOP,60,20240923,130000,20,20.8,20,20.8,266,0
GOP,60,20240923,140000,20.75,20.8,20.05,20.75,918,0
GOP,60,20240923,150000,20.75,21.45,20.3,21.45,3329,0
GOP,60,20240923,160000,21,21.05,20.8,21.05,319,0
GOP,60,20240923,170000,20.85,21.05,20.85,21.05,27,0
GOP,60,20240924,100000,21,21,21,21,58,0
GOP,60,20240924,110000,20.6,20.6,20.3,20.3,87,0
GOP,60,20240924,120000,20.4,20.9,20.4,20.9,250,0
GOP,60,20240924,130000,20.7,21,20.7,20.95,168,0
GOP,60,20240924,140000,20.6,21,20.6,21,577,0
GOP,60,20240924,150000,20.95,21,20.85,21,333,0
GOP,60,20240924,170000,21,21,20.8,21,261,0
GOP,60,20240925,100000,21,21,20.4,20.4,3,0
GOP,60,20240925,110000,20.9,20.95,20.9,20.95,204,0
GOP,60,20240925,130000,20.65,20.65,20.45,20.45,234,0
GOP,60,20240925,150000,20.55,20.85,20.2,20.7,830,0
GOP,60,20240925,160000,20.25,20.55,20.1,20.1,121,0
GOP,60,20240925,170000,20.6,20.6,20.5,20.5,11,0
GOP,60,20240926,100000,20.6,20.6,20.6,20.6,70,0
GOP,60,20240926,110000,20.4,20.9,20.15,20.9,406,0
GOP,60,20240926,120000,20.9,20.9,20,20,1396,0
GOP,60,20240926,130000,20.5,20.65,20.05,20.6,122,0
GOP,60,20240926,140000,20.15,20.65,20,20.65,895,0
GOP,60,20240926,150000,20,20.4,20,20.35,1229,0
GOP,60,20240926,160000,20.35,20.35,20,20,480,0
GOP,60,20240926,170000,20.3,20.45,19.7,20.4,2226,0
GOP,60,20240927,100000,20.65,20.65,20.1,20.5,1159,0
GOP,60,20240927,110000,20.5,20.5,20.5,20.5,94,0
GOP,60,20240927,120000,20.15,20.15,20,20,2344,0
GOP,60,20240927,130000,20.15,20.15,20,20,601,0
GOP,60,20240927,150000,20.45,21,20.4,21,2902,0
GOP,60,20240927,160000,20.4,20.4,20,20,7287,0
GOP,60,20240927,170000,20,20.15,19.9,20.15,583,0
GOP,60,20240930,100000,21.7,21.7,19.72,19.98,18189,0
GOP,60,20240930,110000,20,20.15,19.86,20.1,570,0
GOP,60,20240930,120000,20.05,20.2,19.9,19.92,2890,0
GOP,60,20240930,130000,19.92,20.2,19.9,19.9,4339,0
GOP,60,20240930,140000,19.9,20.15,19.8,20,4222,0
GOP,60,20240930,150000,20.05,20.1,19.8,20.1,3490,0
GOP,60,20240930,160000,19.9,20.35,19.86,20.35,1711,0
GOP,60,20240930,170000,20.1,20.1,19.9,20.05,712,0
GOP,60,20241001,100000,20.7,20.7,20,20,561,0
GOP,60,20241001,110000,19.88,19.88,19.5,19.76,1587,0
GOP,60,20241001,120000,19.72,19.76,19.5,19.5,365,0
GOP,60,20241001,130000,19.54,19.8,19.3,19.8,1882,0
GOP,60,20241001,140000,19.8,19.86,19.8,19.86,13,0
GOP,60,20241001,150000,19.82,19.82,19.82,19.82,1,0
GOP,60,20241001,160000,19.68,19.86,19.68,19.86,294,0
GOP,60,20241001,170000,19.86,19.96,19.86,19.96,37,0
GOP,60,20241002,100000,19.96,19.96,19.8,19.8,112,0
GOP,60,20241002,110000,19.7,19.7,19.54,19.64,85,0
GOP,60,20241002,120000,19.8,19.8,19.8,19.8,100,0
GOP,60,20241002,130000,19.8,19.8,19.3,19.3,725,0
GOP,60,20241002,140000,19.42,19.8,19.2,19.2,2049,0
GOP,60,20241002,150000,19.5,19.56,19,19.46,953,0
GOP,60,20241002,160000,19.46,19.84,19.06,19.84,1960,0
GOP,60,20241002,170000,19.44,19.6,19.34,19.6,87,0
GOP,60,20241003,100000,19.6,19.6,18.76,18.76,574,0
GOP,60,20241003,110000,19.3,19.3,18.76,19,757,0
GOP,60,20241003,120000,19,19.44,18.62,19.44,892,0
GOP,60,20241003,130000,18.9,18.98,18.9,18.98,31,0
GOP,60,20241003,140000,18.98,19.78,18.98,19.78,172,0
GOP,60,20241003,160000,19.18,19.2,19.18,19.2,511,0
GOP,60,20241003,170000,19.2,19.2,18.72,19.2,532,0
GOP,60,20241004,100000,18.52,19.36,18.3,19,1456,0
GOP,60,20241004,110000,18.96,18.98,18.8,18.8,190,0
GOP,60,20241004,120000,18.8,18.8,18.8,18.8,16,0
GOP,60,20241004,130000,18.7,18.8,18.62,18.8,120,0
GOP,60,20241004,140000,18.8,18.8,18.48,18.48,620,0
GOP,60,20241004,150000,18.72,19,18.72,19,320,0
GOP,60,20241004,160000,18.64,18.64,18.32,18.32,300,0
GOP,60,20241004,170000,18.5,18.84,18.16,18.5,1799,0
GOP,60,20241007,100000,18.28,18.56,17.2,18.2,5721,0
GOP,60,20241007,110000,18.22,18.36,17.84,18.06,1864,0
GOP,60,20241007,120000,18.44,18.44,18.1,18.1,22,0
GOP,60,20241007,130000,18.3,18.62,18.04,18.04,252,0
GOP,60,20241007,140000,18.4,18.4,18.04,18.04,243,0
GOP,60,20241007,150000,18.22,18.28,18.04,18.28,16,0
GOP,60,20241007,160000,18.24,18.24,18.02,18.02,388,0
GOP,60,20241007,170000,18.16,18.28,18.04,18.28,59,0
GOP,60,20241008,100000,18.04,18.2,18.02,18.16,282,0
GOP,60,20241008,110000,18.16,18.2,18,18,927,0
GOP,60,20241008,120000,18.1,18.2,18,18,688,0
GOP,60,20241008,130000,18,18,17.96,17.96,192,0
GOP,60,20241008,140000,17.96,18.18,17.8,17.8,191,0
GOP,60,20241008,150000,18.1,18.1,18,18,280,0
GOP,60,20241008,160000,18.04,18.04,17.9,17.9,6,0
GOP,60,20241008,170000,18,18.08,17.92,18.08,330,0
GOP,60,20241009,100000,18.2,18.72,18.18,18.72,274,0
GOP,60,20241009,110000,18.28,18.28,18.28,18.28,17,0
GOP,60,20241009,120000,18.26,18.58,18.26,18.58,132,0
GOP,60,20241009,130000,18.2,18.58,18.1,18.14,262,0
GOP,60,20241009,140000,18.48,18.58,18.48,18.58,152,0
GOP,60,20241009,150000,18.56,18.56,18.56,18.56,1,0
GOP,60,20241009,160000,18.56,18.58,18.3,18.3,210,0
GOP,60,20241009,170000,18.58,18.58,18.3,18.58,190,0
GOP,60,20241010,100000,18.6,18.76,18.12,18.12,1253,0
GOP,60,20241010,110000,18.12,18.46,18,18.32,393,0
GOP,60,20241010,120000,18.76,18.76,18.76,18.76,1,0
GOP,60,20241010,140000,18.28,18.28,18.28,18.28,9,0
GOP,60,20241010,150000,18.16,18.16,18,18,206,0
GOP,60,20241010,160000,18,18.4,17.98,17.98,830,0
GOP,60,20241010,170000,18.08,18.22,18.06,18.22,24,0
GOP,60,20241011,100000,18.26,18.4,17.7,17.7,438,0
GOP,60,20241011,110000,18.04,18.04,17.9,18.02,208,0
GOP,60,20241011,120000,18.02,18.28,18.02,18.28,209,0
GOP,60,20241011,150000,18.1,18.24,18.1,18.2,473,0
GOP,60,20241011,160000,18.18,18.2,18.1,18.1,265,0
GOP,60,20241011,170000,18.18,18.22,18,18.16,336,0
GOP,60,20241014,100000,18.18,18.22,18.18,18.22,247,0
GOP,60,20241014,110000,18.2,18.26,18.2,18.2,768,0
GOP,60,20241014,120000,18.2,18.26,18.2,18.26,155,0
GOP,60,20241014,140000,18.26,18.62,18.2,18.62,279,0
GOP,60,20241014,160000,18.58,18.6,18.58,18.6,150,0
GOP,60,20241014,170000,18.6,18.6,18.6,18.6,20,0
GOP,60,20241015,100000,18.6,18.7,18.6,18.7,11,0
GOP,60,20241015,110000,18.26,18.26,18,18,350,0
GOP,60,20241015,120000,18.5,18.5,18.5,18.5,100,0
GOP,60,20241015,160000,18.54,18.54,18.54,18.54,13,0
GOP,60,20241015,170000,18.3,18.58,18.04,18.58,96,0
GOP,60,20241016,100000,18.2,18.32,18,18.32,2630,0
GOP,60,20241016,110000,18.16,18.16,18.16,18.16,137,0
GOP,60,20241016,120000,18.06,18.24,17.8,18.24,3008,0
GOP,60,20241016,130000,18.1,18.1,17.9,17.9,514,0
GOP,60,20241016,140000,17.98,18,17.8,17.8,938,0
GOP,60,20241016,150000,18,18.32,18,18.32,10,0
GOP,60,20241016,160000,18.24,18.24,18.24,18.24,15,0
GOP,60,20241016,170000,18.24,18.46,18.24,18.46,240,0
GOP,60,20241017,100000,18.44,18.44,18.44,18.44,47,0
GOP,60,20241017,110000,17.94,17.94,17.9,17.9,380,0
GOP,60,20241017,130000,18.22,18.4,18.1,18.2,94,0
GOP,60,20241017,140000,18.2,18.3,18.2,18.3,284,0
GOP,60,20241017,160000,18.14,18.14,17.9,17.96,100,0
GOP,60,20241017,170000,18.18,18.2,18.18,18.2,24,0
GOP,60,20241018,100000,18.36,18.36,18,18,431,0
GOP,60,20241018,110000,18,18,18,18,185,0
GOP,60,20241018,120000,18,18,18,18,122,0
GOP,60,20241018,130000,17.96,17.96,17.96,17.96,5,0
GOP,60,20241018,140000,18,18,17.94,18,164,0
GOP,60,20241018,150000,18,18,17.92,18,80,0
GOP,60,20241018,160000,17.9,18.24,17.9,17.9,583,0
GOP,60,20241018,170000,17.9,18.22,17.64,18.14,1338,0
GOP,60,20241021,100000,18.14,18.14,18,18,212,0
GOP,60,20241021,110000,18,18,18,18,20,0
GOP,60,20241021,120000,17.92,17.98,17.9,17.98,24,0
GOP,60,20241021,130000,17.98,17.98,17.98,17.98,2,0
GOP,60,20241021,140000,17.94,17.94,17.94,17.94,45,0
GOP,60,20241021,150000,17.94,17.98,17.94,17.98,90,0
GOP,60,20241021,160000,17.98,18,17.62,17.62,59,0
GOP,60,20241021,170000,17.72,18,17.7,18,786,0
GOP,60,20241022,100000,18,18,17.7,17.7,347,0
GOP,60,20241022,120000,17.82,17.82,17.5,17.5,322,0
GOP,60,20241022,130000,17.52,17.52,17.52,17.52,100,0
GOP,60,20241022,140000,17.52,17.9,17.34,17.88,1525,0
GOP,60,20241022,150000,17.88,17.9,17.88,17.88,370,0
GOP,60,20241022,160000,17.7,17.7,17.7,17.7,3,0
GOP,60,20241022,170000,17.86,17.88,17.48,17.88,183,0
GOP,60,20241023,100000,17.9,17.9,17.9,17.9,1280,0
GOP,60,20241023,110000,17.8,17.8,17.8,17.8,300,0
GOP,60,20241023,120000,17.54,17.88,17.5,17.88,206,0
GOP,60,20241023,130000,17.8,17.8,17.8,17.8,75,0
GOP,60,20241023,140000,17.8,17.8,17.8,17.8,30,0
GOP,60,20241023,150000,17.66,18,17.66,17.78,360,0
GOP,60,20241023,160000,17.78,17.78,17.7,17.7,50,0
GOP,60,20241023,170000,17.78,18,17.78,17.96,141,0
GOP,60,20241024,100000,17.72,17.72,17.52,17.52,110,0
GOP,60,20241024,110000,17.86,17.86,17.86,17.86,5,0
GOP,60,20241024,140000,17.86,17.9,17.5,17.86,1094,0
GOP,60,20241024,150000,17.78,17.78,17.78,17.78,131,0
GOP,60,20241024,160000,17.78,17.9,17.66,17.7,427,0
GOP,60,20241024,170000,17.8,17.98,17.8,17.96,1018,0
GOP,60,20241025,100000,17.98,17.98,17.8,17.92,80,0
GOP,60,20241025,110000,17.72,18.46,17.72,18.46,782,0
GOP,60,20241025,120000,18.42,18.42,18.42,18.42,19,0
GOP,60,20241025,130000,18.06,18.44,18,18.1,807,0
GOP,60,20241025,140000,18.38,18.38,18.38,18.38,20,0
GOP,60,20241025,150000,18,18.28,17.96,18.28,601,0
GOP,60,20241025,160000,18.2,18.22,18,18.22,311,0
GOP,60,20241025,170000,18.2,18.3,18.02,18.28,1304,0
GOP,60,20241028,100000,18.02,18.02,17.02,17.44,5444,0
GOP,60,20241028,110000,17.44,17.54,17.2,17.3,397,0
GOP,60,20241028,120000,17.3,17.46,17.3,17.46,165,0
GOP,60,20241028,130000,17.46,17.6,17.42,17.58,1584,0
GOP,60,20241028,140000,17.36,17.56,17.18,17.56,74,0
GOP,60,20241028,160000,17.52,17.56,17.52,17.56,105,0
GOP,60,20241028,170000,17.54,17.58,17.18,17.18,287,0
GOP,60,20241029,100000,17.5,17.56,17.2,17.2,1251,0
GOP,60,20241029,120000,17.4,17.4,17.3,17.3,11,0
GOP,60,20241029,130000,17.3,17.3,17.26,17.26,19,0
GOP,60,20241029,140000,17.5,17.5,16.88,17,6426,0
GOP,60,20241029,150000,17.12,17.14,17,17,280,0
GOP,60,20241029,160000,17,17.16,16.88,17,964,0
GOP,60,20241029,170000,16.96,17.04,16.88,17.04,457,0
GOP,60,20241030,100000,17,17,16.7,16.86,1480,0
GOP,60,20241030,110000,16.82,16.86,16.66,16.72,1184,0
GOP,60,20241030,120000,16.7,16.7,16.7,16.7,222,0
GOP,60,20241030,130000,16.74,16.78,16.74,16.78,510,0
GOP,60,20241030,140000,16.78,16.78,16.78,16.78,190,0
GOP,60,20241030,150000,16.78,16.78,16.52,16.6,64,0
GOP,60,20241030,160000,16.68,16.76,16.52,16.76,1676,0
GOP,60,20241030,170000,16.74,16.74,16.6,16.6,402,0
GOP,60,20241031,100000,16.6,16.6,16.4,16.52,1935,0
GOP,60,20241031,110000,16.8,16.98,16.5,16.5,128,0
GOP,60,20241031,120000,16.8,16.8,16.8,16.8,1,0
GOP,60,20241031,130000,16.8,16.8,16.8,16.8,41,0
GOP,60,20241031,140000,16.8,17.36,16.8,17,834,0
GOP,60,20241031,150000,17,17.2,17,17.2,510,0
GOP,60,20241031,160000,17.2,17.2,17.2,17.2,741,0
GOP,60,20241031,170000,17.3,17.3,17.3,17.3,201,0
GOP,60,20241104,100000,18,18.2,17.7,18,7352,0
GOP,60,20241104,110000,17.98,18.1,17.98,18,457,0
GOP,60,20241104,120000,18,18.08,17.64,18.08,1320,0
GOP,60,20241104,130000,17.96,17.96,17.96,17.96,325,0
GOP,60,20241104,140000,17.96,17.96,17.7,17.7,103,0
GOP,60,20241104,150000,17.9,17.9,17.78,17.8,3005,0
GOP,60,20241104,160000,17.8,18,17.8,17.9,232,0
GOP,60,20241104,170000,17.9,17.98,17.7,17.98,312,0
GOP,60,20241105,100000,18.08,18.1,18.08,18.08,24,0
GOP,60,20241105,110000,18.08,18.08,18.08,18.08,28,0
GOP,60,20241105,130000,18.08,18.08,17.8,17.8,231,0
GOP,60,20241105,140000,17.7,17.78,17.7,17.78,6,0
GOP,60,20241105,150000,18,18,17.78,17.78,29,0
GOP,60,20241105,160000,18.08,18.1,17.5,17.5,1003,0
GOP,60,20241105,170000,18.06,18.06,18.04,18.04,31,0
GOP,60,20241106,100000,18.04,18.1,18.04,18.04,132,0
GOP,60,20241106,110000,18,18,18,18,140,0
GOP,60,20241106,120000,18.04,18.04,18.04,18.04,163,0
GOP,60,20241106,130000,18.1,18.28,18.1,18.28,1123,0
GOP,60,20241106,140000,18.28,18.28,18.28,18.28,106,0
GOP,60,20241106,150000,18.3,18.86,18.2,18.34,631,0
GOP,60,20241106,160000,18.34,18.34,18.34,18.34,1,0
GOP,60,20241106,170000,18.36,18.78,18.36,18.76,191,0
GOP,60,20241107,100000,18.76,18.96,18.16,18.88,2158,0
GOP,60,20241107,110000,18.88,18.88,18.4,18.4,621,0
GOP,60,20241107,140000,18.76,18.76,18.4,18.4,150,0
GOP,60,20241107,170000,18.44,18.74,18.44,18.74,43,0
GOP,60,20241108,100000,18.7,18.7,18.7,18.7,296,0
GOP,60,20241108,120000,18.36,18.4,18.36,18.4,290,0
GOP,60,20241108,130000,18.4,18.4,18.08,18.08,5,0
GOP,60,20241108,140000,18.48,18.48,18.48,18.48,50,0
GOP,60,20241108,150000,18.08,18.5,18.08,18.5,12,0
GOP,60,20241108,160000,18.26,18.5,18.26,18.5,14,0
GOP,60,20241108,170000,18.5,18.5,18.5,18.5,139,0
GOP,60,20241112,100000,18.3,18.3,18.12,18.12,42,0
GOP,60,20241112,110000,18.14,18.14,18.08,18.08,272,0
GOP,60,20241112,130000,18,18,18,18,70,0
GOP,60,20241112,160000,18,18,18,18,200,0
GOP,60,20241112,170000,18,18.06,18,18.04,75,0
GOP,60,20241113,100000,18.04,18.04,17.5,17.98,246,0
GOP,60,20241113,110000,17.98,17.98,17.98,17.98,50,0
GOP,60,20241113,150000,17.8,17.8,17.8,17.8,5,0
GOP,60,20241113,170000,17.8,17.8,17.62,17.62,143,0
GOP,60,20241114,100000,17.8,17.8,17.8,17.8,19,0
GOP,60,20241114,110000,17.8,17.8,17.5,17.76,247,0
GOP,60,20241114,120000,17.6,17.76,17.5,17.74,207,0
GOP,60,20241114,130000,17.7,17.7,17.5,17.7,339,0
GOP,60,20241114,140000,17.5,17.5,17.5,17.5,144,0
GOP,60,20241114,150000,17.32,17.5,17.1,17.1,1034,0
GOP,60,20241114,160000,17.5,17.5,17.4,17.4,40,0
GOP,60,20241114,170000,17.4,18.68,17.4,18.68,600,0
GOP,60,20241115,100000,18.52,18.52,17.5,17.72,221,0
GOP,60,20241115,110000,17.72,17.72,17.72,17.72,86,0
GOP,60,20241115,120000,17.88,17.88,17.5,17.5,30,0
GOP,60,20241115,130000,17.6,17.6,17.5,17.5,621,0
GOP,60,20241115,140000,17.5,17.5,17.5,17.5,100,0
GOP,60,20241115,150000,17.5,17.5,17.12,17.12,148,0
GOP,60,20241115,160000,17.4,17.4,17.4,17.4,26,0
GOP,60,20241115,170000,17.88,17.88,17.58,17.58,69,0
GOP,60,20241118,100000,17.5,17.5,17.1,17.48,113,0
GOP,60,20241118,110000,17.4,17.4,17.1,17.1,65,0
GOP,60,20241118,120000,17.1,17.1,17,17,275,0
GOP,60,20241118,130000,17.38,17.38,17.38,17.38,2,0
GOP,60,20241118,150000,17.38,17.5,17.38,17.5,192,0
GOP,60,20241118,160000,17.4,17.4,16.86,17.02,247,0
GOP,60,20241118,170000,17.02,17.44,17,17.44,120,0
GOP,60,20241119,100000,17.44,17.44,17.44,17.44,2,0
GOP,60,20241119,110000,17.44,17.44,16.92,16.92,146,0
GOP,60,20241119,120000,16.92,17.08,16.46,16.9,1545,0
GOP,60,20241119,130000,16.9,17.08,16.7,16.7,288,0
GOP,60,20241119,140000,16.7,17.1,16.7,17.1,376,0
GOP,60,20241119,170000,17.02,17.08,16.6,17.08,1471,0
GOP,60,20241120,100000,17.08,17.08,17,17,57,0
GOP,60,20241120,110000,16.72,17,16.72,17,9,0
GOP,60,20241120,120000,17.06,17.08,17.04,17.08,67,0
GOP,60,20241120,130000,16.88,17,16.56,17,505,0
GOP,60,20241120,140000,17,17,17,17,145,0
GOP,60,20241120,150000,17.08,18,17.08,17.4,115,0
GOP,60,20241120,160000,17,17.4,17,17,189,0
GOP,60,20241120,170000,18,18,18,18,1,0
GOP,60,20241121,100000,17.98,17.98,17.98,17.98,22,0
GOP,60,20241121,110000,17.56,17.56,17.56,17.56,10,0
GOP,60,20241121,170000,17.52,17.52,16.8,16.8,60,0
GOP,60,20241122,100000,16.8,17.9,16.8,17.48,138,0
GOP,60,20241122,110000,16.86,16.86,16.84,16.84,10,0
GOP,60,20241122,140000,16.92,16.92,16.92,16.92,200,0
GOP,60,20241122,160000,17.38,17.38,17.38,17.38,152,0
GOP,60,20241125,100000,17,17.5,17,17,942,0
GOP,60,20241125,110000,17,17,16.88,16.88,686,0
GOP,60,20241125,120000,16.9,16.9,16.84,16.86,255,0
GOP,60,20241125,130000,16.86,16.86,16.86,16.86,150,0
GOP,60,20241125,140000,16.86,16.86,16.86,16.86,4,0
GOP,60,20241125,160000,16.84,16.9,16.84,16.9,35,0
GOP,60,20241125,170000,16.88,16.9,16.84,16.9,194,0
GOP,60,20241126,100000,16.86,16.96,16.8,16.8,80,0
GOP,60,20241126,110000,16.96,16.96,16.44,16.44,926,0
GOP,60,20241126,120000,16.54,16.6,16.54,16.6,101,0
GOP,60,20241126,140000,16.62,16.96,16.62,16.94,162,0
GOP,60,20241126,150000,16.72,16.72,16.72,16.72,10,0
GOP,60,20241126,170000,16.78,16.8,16.78,16.8,34,0
GOP,60,20241127,100000,16.8,16.8,16.8,16.8,10,0
GOP,60,20241127,120000,16.72,16.72,16.46,16.46,553,0
GOP,60,20241127,130000,16.46,16.6,16.46,16.6,69,0
GOP,60,20241127,150000,16.78,16.94,16.78,16.94,30,0
GOP,60,20241127,160000,16.46,16.8,16.22,16.8,681,0
GOP,60,20241127,170000,16.78,16.78,16.78,16.78,438,0
GOP,60,20241128,100000,16.78,16.78,16.78,16.78,15,0
GOP,60,20241128,110000,16.78,16.78,16.78,16.78,100,0
GOP,60,20241128,130000,16.64,16.64,16.64,16.64,23,0
GOP,60,20241128,150000,16.6,16.6,16.6,16.6,35,0
GOP,60,20241128,160000,16.6,16.6,16.6,16.6,47,0
GOP,60,20241128,170000,16.5,16.5,16.5,16.5,2,0
GOP,60,20241129,100000,16.5,16.5,16.5,16.5,343,0
GOP,60,20241129,110000,16.42,16.46,16,16.22,361,0
GOP,60,20241129,120000,16.36,16.36,16.36,16.36,82,0
GOP,60,20241129,130000,16.48,16.9,16.48,16.9,1130,0
GOP,60,20241129,160000,16.68,16.74,16.68,16.74,70,0
GOP,60,20241129,170000,16.84,16.9,16.84,16.9,258,0
GOP,60,20241202,100000,16,16.5,15.74,15.74,4455,0
GOP,60,20241202,110000,15.72,16.1,15.62,16.1,1114,0
GOP,60,20241202,120000,16.06,16.18,15.98,16.18,330,0
GOP,60,20241202,140000,16.12,16.12,16.12,16.12,75,0
GOP,60,20241202,150000,16.04,16.04,16.04,16.04,83,0
GOP,60,20241202,160000,15.98,16,15.9,16,709,0
GOP,60,20241202,170000,15.9,15.96,15.8,15.8,555,0
GOP,60,20241203,100000,15.66,15.9,15.66,15.9,172,0
GOP,60,20241203,110000,15.9,15.9,15.64,15.7,1609,0
GOP,60,20241203,120000,15.7,15.9,15.64,15.64,1094,0
GOP,60,20241203,130000,15.86,15.9,15.64,15.64,654,0
GOP,60,20241203,140000,15.72,15.72,15.12,15.58,2607,0
GOP,60,20241203,150000,15.58,15.84,15,15.26,2310,0
GOP,60,20241203,160000,15.22,15.82,14.4,15.2,5624,0
GOP,60,20241203,170000,15.14,15.3,15,15,5045,0
GOP,60,20241204,100000,14.96,15.46,14.96,15.46,1624,0
GOP,60,20241204,110000,15.46,15.5,15.24,15.24,673,0
GOP,60,20241204,120000,15.4,15.5,15.3,15.4,1601,0
GOP,60,20241204,130000,15.38,15.5,15.36,15.4,1550,0
GOP,60,20241204,140000,15.46,15.46,15.46,15.46,10,0
GOP,60,20241204,150000,15.32,15.32,15.2,15.2,367,0
GOP,60,20241204,160000,15.08,15.44,15,15.2,601,0
GOP,60,20241204,170000,15.2,15.48,15.08,15.48,52,0
GOP,60,20241205,100000,15.5,15.5,15.2,15.2,26,0
GOP,60,20241205,110000,15.5,15.7,15.4,15.6,4321,0
GOP,60,20241205,120000,15.58,15.82,15.58,15.82,353,0
GOP,60,20241205,130000,15.7,16.1,15.7,16.1,1423,0
GOP,60,20241205,140000,16.08,16.1,16.08,16.1,20,0
GOP,60,20241205,150000,16.06,16.4,16.06,16.32,928,0
GOP,60,20241205,160000,16.32,16.32,16.1,16.1,242,0
GOP,60,20241205,170000,16.32,16.32,15.62,15.8,9051,0
GOP,60,20241206,100000,15.62,16,15.62,15.98,3765,0
GOP,60,20241206,120000,15.98,15.98,15.98,15.98,2,0
GOP,60,20241206,130000,15.98,15.98,15.98,15.98,8,0
GOP,60,20241206,140000,15.98,15.98,15.8,15.8,100,0
GOP,60,20241206,160000,15.86,15.98,15.86,15.98,12,0
GOP,60,20241206,170000,15.9,16,15.9,16,700,0
GOP,60,20241209,100000,15.62,16.28,15.62,15.66,6214,0
GOP,60,20241209,110000,15.66,15.66,15.6,15.66,211,0
GOP,60,20241209,120000,15.66,15.68,15.66,15.68,43,0
GOP,60,20241209,130000,15.66,15.66,15.42,15.42,154,0
GOP,60,20241209,140000,15.42,15.42,15.42,15.42,133,0
GOP,60,20241209,150000,15.48,15.62,15.48,15.62,113,0
GOP,60,20241209,170000,15.62,15.64,15.48,15.64,457,0
GOP,60,20241210,100000,15.7,15.7,15.4,15.4,3648,0
GOP,60,20241210,110000,15.16,15.28,15.1,15.28,1562,0
GOP,60,20241210,120000,15.28,15.28,15,15.1,1902,0
GOP,60,20241210,130000,15.1,15.28,15.1,15.28,259,0
GOP,60,20241210,140000,15.28,15.4,15.28,15.4,136,0
GOP,60,20241210,150000,15.38,15.38,15.38,15.38,100,0
GOP,60,20241210,160000,15.22,15.22,15.04,15.08,76,0
GOP,60,20241210,170000,15.28,15.28,15,15.28,2322,0
GOP,60,20241211,100000,15.28,15.28,14.8,15,4379,0
GOP,60,20241211,110000,15.26,15.26,15,15,148,0
GOP,60,20241211,120000,14.9,15,14.8,15,394,0
GOP,60,20241211,140000,15.18,15.2,15.02,15.02,275,0
GOP,60,20241211,160000,15.04,15.04,15,15,426,0
GOP,60,20241211,170000,15,15,15,15,25,0
GOP,60,20241212,100000,15,15.2,14.84,14.84,1107,0
GOP,60,20241212,110000,14.88,14.88,14.86,14.86,130,0
GOP,60,20241212,120000,15,15.06,15,15.06,267,0
GOP,60,20241212,130000,15.08,15.1,15,15,235,0
GOP,60,20241212,150000,15,15.1,15,15.1,1259,0
GOP,60,20241212,160000,15.1,15.1,15,15,43,0
GOP,60,20241213,100000,15.1,15.1,15.1,15.1,2,0
GOP,60,20241213,130000,15.1,15.1,15,15.1,154,0
GOP,60,20241213,140000,15.1,15.1,15.1,15.1,4,0
GOP,60,20241213,170000,15,15,14.92,14.92,204,0
GOP,60,20241216,100000,15,15,14.84,14.98,237,0
GOP,60,20241216,120000,14.92,14.92,14.88,14.88,288,0
GOP,60,20241216,130000,14.92,14.92,14.92,14.92,20,0
GOP,60,20241216,140000,14.88,14.88,14.88,14.88,20,0
GOP,60,20241216,160000,14.92,14.92,14.88,14.88,235,0
GOP,60,20241216,170000,14.9,15,14.88,15,400,0
GOP,60,20241217,100000,15,15,15,15,2,0
GOP,60,20241217,110000,14.88,14.88,14.88,14.88,1,0
GOP,60,20241217,120000,14.88,14.88,14.88,14.88,107,0
GOP,60,20241217,130000,14.84,14.84,14.52,14.68,610,0
GOP,60,20241217,140000,14.68,14.68,14.68,14.68,100,0
GOP,60,20241217,150000,14.56,14.68,14.5,14.5,1321,0
GOP,60,20241217,160000,14.4,14.66,14.4,14.64,345,0
GOP,60,20241217,170000,14.64,14.68,14.6,14.6,1147,0
GOP,60,20241218,100000,14.6,14.6,14.58,14.6,602,0
GOP,60,20241218,110000,14.6,14.6,14.48,14.52,324,0
GOP,60,20241218,120000,14.48,14.5,14.46,14.5,1052,0
GOP,60,20241218,130000,14.4,14.4,14.38,14.38,220,0
GOP,60,20241218,140000,14.34,14.5,14.06,14.1,1510,0
GOP,60,20241218,150000,14.2,14.36,14.14,14.36,78,0
GOP,60,20241218,170000,14.36,14.36,14.26,14.36,127,0
GOP,60,20241219,100000,14.48,14.7,14.48,14.7,130,0
GOP,60,20241219,110000,14.2,14.68,14.18,14.68,109,0
GOP,60,20241219,120000,14.2,14.2,14.1,14.18,205,0
GOP,60,20241219,130000,14.18,14.18,14.1,14.18,296,0
GOP,60,20241219,140000,14.12,14.18,13.8,14,1370,0
GOP,60,20241219,150000,13.96,13.96,13.54,13.8,1461,0
GOP,60,20241219,160000,13.8,13.96,13.8,13.96,593,0
GOP,60,20241219,170000,13.9,13.9,13.6,13.88,388,0
GOP,60,20241220,100000,13.88,13.94,13.6,13.92,756,0
GOP,60,20241220,110000,13.88,13.9,13.88,13.9,35,0
GOP,60,20241220,120000,13.88,13.9,13.62,13.62,270,0
GOP,60,20241220,130000,13.64,13.7,13.62,13.62,843,0
GOP,60,20241220,140000,13.6,13.7,13.52,13.7,2893,0
GOP,60,20241220,150000,13.68,13.8,13.68,13.78,751,0
GOP,60,20241220,160000,13.62,13.8,13.54,13.54,6126,0
GOP,60,20241220,170000,13.86,13.88,13.62,13.76,234,0
GOP,60,20241223,100000,13.8,14.66,13.8,14.52,18688,0
GOP,60,20241223,110000,14.52,14.52,14.32,14.32,16167,0
GOP,60,20241223,120000,14.3,14.32,13.8,14.02,57944,0
GOP,60,20241223,130000,13.98,14.3,13.94,14.06,18559,0
GOP,60,20241223,140000,14.04,14.18,14.04,14.18,4682,0
GOP,60,20241223,150000,14.06,14.06,14,14,340,0
GOP,60,20241223,160000,14.1,14.1,13.94,13.94,159,0
GOP,60,20241223,170000,13.94,14,13.7,13.76,2191,0
GOP,60,20241227,100000,13.96,14.14,13.96,14.14,454,0
GOP,60,20241227,110000,14.14,14.18,14.14,14.18,134,0
GOP,60,20241227,120000,14.16,14.16,14.16,14.16,515,0
GOP,60,20241227,150000,14.16,14.16,14,14,254,0
GOP,60,20241227,160000,14,14,14,14,4,0
GOP,60,20241227,170000,14.38,14.4,14.3,14.3,163,0
GOP,60,20241230,100000,14.6,14.64,14.6,14.6,221,0
GOP,60,20241230,110000,14.6,14.6,14.56,14.56,183,0
GOP,60,20241230,120000,14.56,14.6,14.4,14.6,1573,0
GOP,60,20241230,130000,14.14,14.2,14.12,14.16,1114,0
GOP,60,20241230,140000,14.34,14.34,14.14,14.14,282,0
GOP,60,20241230,150000,14.14,14.58,14.12,14.58,29,0
GOP,60,20241230,170000,14.14,14.46,14.14,14.46,204,0
GOP,60,20250102,100000,15.3,15.3,15,15.28,502,0
GOP,60,20250102,110000,14.96,15,14.68,14.68,1026,0
GOP,60,20250102,120000,14.76,15,14.74,15,1311,0
GOP,60,20250102,130000,14.8,14.8,14.74,14.74,380,0
GOP,60,20250102,140000,14.92,14.92,14.92,14.92,10,0
GOP,60,20250102,150000,14.88,15.06,14.88,15.06,80,0
GOP,60,20250102,160000,14.98,15,14.76,14.76,110,0
GOP,60,20250102,170000,15.12,15.12,15.02,15.02,2939,0
GOP,60,20250103,100000,15.28,15.28,14.92,14.92,384,0
GOP,60,20250103,110000,14.98,15.26,14.98,15.26,90,0
GOP,60,20250103,120000,15,15.24,15,15.24,15,0
GOP,60,20250103,130000,15,15.26,15,15.26,1178,0
GOP,60,20250103,170000,15.24,15.24,15.04,15.24,593,0
GOP,60,20250107,100000,15.24,15.24,15.02,15.02,281,0
GOP,60,20250107,120000,15.2,15.2,15.2,15.2,20,0
GOP,60,20250107,130000,15.2,15.5,15.18,15.5,2156,0
GOP,60,20250107,140000,15.48,15.48,15.2,15.2,130,0
GOP,60,20250107,150000,15.18,15.18,15.06,15.06,664,0
GOP,60,20250107,160000,15.34,15.34,15.34,15.34,2,0
GOP,60,20250107,170000,15.3,15.3,15.3,15.3,24,0
GOP,60,20250108,100000,15.36,15.36,15.3,15.3,221,0
GOP,60,20250108,120000,15.02,15.02,15.02,15.02,59,0
GOP,60,20250108,140000,14.92,14.92,14.82,14.82,335,0
GOP,60,20250108,150000,14.82,14.82,14.82,14.82,4,0
GOP,60,20250108,170000,14.82,14.92,14.82,14.92,23,0
GOP,60,20250109,100000,14.86,14.86,14.86,14.86,28,0
GOP,60,20250109,110000,14.8,14.8,14.8,14.8,5,0
GOP,60,20250109,120000,14.54,14.6,14.4,14.4,1203,0
GOP,60,20250109,130000,14.4,14.6,14.4,14.6,163,0
GOP,60,20250109,140000,14.64,14.64,14.64,14.64,44,0
GOP,60,20250109,150000,14.44,14.64,14.4,14.4,820,0
GOP,60,20250109,160000,14.4,14.4,14.4,14.4,64,0
GOP,60,20250109,170000,14.4,14.66,14.32,14.66,585,0
GOP,60,20250110,100000,14.8,14.8,14.7,14.7,76,0
GOP,60,20250110,120000,14.68,14.68,14.68,14.68,10,0
GOP,60,20250110,140000,14.68,14.68,14.56,14.56,147,0
GOP,60,20250110,150000,14.56,14.56,14.56,14.56,230,0
GOP,60,20250110,160000,14.56,14.68,14.56,14.68,112,0
GOP,60,20250110,170000,14.5,14.5,14.5,14.5,14,0
GOP,60,20250113,100000,14.5,14.5,14.06,14.46,273,0
GOP,60,20250113,120000,14.24,14.46,14.16,14.46,36,0
GOP,60,20250113,130000,14.46,14.46,14.46,14.46,100,0
GOP,60,20250113,170000,14.46,14.46,14.46,14.46,15,0
GOP,60,20250114,100000,14.46,14.46,14.46,14.46,232,0
GOP,60,20250114,120000,14.38,14.38,14.16,14.36,181,0
GOP,60,20250114,130000,14.18,14.34,13.3,13.88,1251,0
GOP,60,20250114,140000,14,14.1,13.92,13.98,1222,0
GOP,60,20250114,150000,14.06,14.06,14.04,14.04,142,0
GOP,60,20250114,160000,14.04,14.04,13.96,13.96,357,0
GOP,60,20250114,170000,13.96,14,13.94,13.94,3812,0
GOP,60,20250115,100000,14.2,14.2,13.82,14.18,23,0
GOP,60,20250115,130000,14.14,14.14,14.14,14.14,70,0
GOP,60,20250115,160000,14.1,14.1,14.1,14.1,98,0
GOP,60,20250115,170000,14,14,13.9,13.9,311,0
GOP,60,20250116,100000,14.2,14.2,14.2,14.2,2,0
GOP,60,20250116,110000,14.18,14.18,14.18,14.18,10,0
GOP,60,20250116,130000,14,14,13.82,13.82,156,0
GOP,60,20250116,150000,13.9,14.18,13.84,14.18,66,0
GOP,60,20250116,170000,14.12,14.46,14,14.46,653,0
GOP,60,20250117,100000,14.44,14.44,14.44,14.44,26,0
GOP,60,20250117,110000,14.12,14.12,14.12,14.12,156,0
GOP,60,20250117,120000,14.42,14.42,14.08,14.08,525,0
GOP,60,20250117,140000,14.08,14.08,14.08,14.08,93,0
GOP,60,20250117,150000,14.08,14.08,14,14,50,0
GOP,60,20250117,160000,14.3,14.3,14.3,14.3,2,0
GOP,60,20250117,170000,14.3,14.46,14.3,14.46,309,0
GOP,60,20250120,100000,14.46,14.46,14.46,14.46,710,0
GOP,60,20250120,110000,14.16,14.16,14.16,14.16,100,0
GOP,60,20250120,120000,14.14,14.14,14.14,14.14,100,0
GOP,60,20250120,130000,14.3,14.46,14.3,14.46,620,0
GOP,60,20250120,140000,14.46,14.46,14.16,14.16,229,0
GOP,60,20250120,150000,14.4,14.5,14.4,14.5,500,0
GOP,60,20250120,170000,14.48,14.48,14.48,14.48,50,0
GOP,60,20250121,100000,14.48,14.48,13.9,14.24,1712,0
GOP,60,20250121,130000,14,14,14,14,18,0
GOP,60,20250121,140000,14.22,14.22,14,14,472,0
GOP,60,20250121,150000,14.02,14.02,14,14,300,0
GOP,60,20250121,160000,14,14.1,13.82,14.1,763,0
GOP,60,20250121,170000,14.08,14.2,14.08,14.2,127,0
GOP,60,20250122,100000,14.2,14.2,14,14,469,0
GOP,60,20250122,120000,14,14,14,14,2,0
GOP,60,20250122,130000,14,14,14,14,20,0
GOP,60,20250122,140000,14,14,13.84,13.84,302,0
GOP,60,20250122,150000,13.9,13.92,13.9,13.92,4,0
GOP,60,20250122,160000,13.84,13.84,13.7,13.7,249,0
GOP,60,20250122,170000,13.72,14,13.7,14,530,0
GOP,60,20250123,100000,14,14,13.8,13.8,375,0
GOP,60,20250123,110000,13.8,13.8,13.7,13.7,4134,0
GOP,60,20250123,120000,13.72,13.8,13.72,13.8,78,0
GOP,60,20250123,130000,13.8,14.08,13.8,14.08,235,0
GOP,60,20250123,140000,13.98,13.98,13.98,13.98,100,0
GOP,60,20250123,150000,14,14,14,14,124,0
GOP,60,20250123,160000,14,14,13.78,13.78,242,0
GOP,60,20250123,170000,13.76,14.08,13.6,14.08,2762,0
GOP,60,20250124,100000,14.2,14.2,13.9,13.9,532,0
GOP,60,20250124,110000,13.88,13.9,13.84,13.84,524,0
GOP,60,20250124,120000,13.68,13.86,13.66,13.86,255,0
GOP,60,20250124,130000,13.86,13.86,13.86,13.86,200,0
GOP,60,20250124,140000,13.8,13.8,13.8,13.8,1888,0
GOP,60,20250124,150000,14.2,14.2,14.2,14.2,70,0
GOP,60,20250124,160000,13.9,14.2,13.9,14.2,550,0
GOP,60,20250124,170000,14.16,14.16,14.16,14.16,200,0
GOP,60,20250127,120000,13.92,14.08,13.76,13.98,968,0
GOP,60,20250127,130000,13.72,13.72,13.68,13.72,497,0
GOP,60,20250127,140000,13.72,13.72,13.68,13.68,102,0
GOP,60,20250127,160000,13.7,13.88,13.7,13.88,2949,0
GOP,60,20250128,100000,13.88,14.1,13.88,13.9,806,0
GOP,60,20250128,110000,13.9,13.94,13.82,13.82,789,0
GOP,60,20250128,120000,13.82,13.82,13.82,13.82,200,0
GOP,60,20250128,130000,14,14,14,14,500,0
GOP,60,20250128,140000,13.86,14,13.86,14,140,0
GOP,60,20250128,150000,14.18,14.18,14.18,14.18,177,0
GOP,60,20250128,160000,14.2,14.2,14.2,14.2,29,0
GOP,60,20250129,100000,14,14,14,14,200,0
GOP,60,20250129,110000,14,14.22,14,14.22,200,0
GOP,60,20250129,140000,14.26,14.26,14.26,14.26,30,0
GOP,60,20250129,150000,14.02,14.26,14.02,14.26,16,0
GOP,60,20250129,160000,14.1,14.1,14,14.02,318,0
GOP,60,20250129,170000,13.98,14.12,13.92,14.12,340,0
GOP,60,20250130,100000,14.2,14.2,14.2,14.2,139,0
GOP,60,20250130,110000,14.2,14.2,14.2,14.2,150,0
GOP,60,20250130,120000,14.2,14.26,14.06,14.26,297,0
GOP,60,20250130,140000,14.2,14.2,13.9,13.9,578,0
GOP,60,20250130,160000,13.92,13.92,13.9,13.9,1200,0
GOP,60,20250130,170000,14.22,14.22,14.22,14.22,5,0
GOP,60,20250131,100000,14.34,14.34,14.32,14.34,222,0
GOP,60,20250131,110000,13.98,13.98,13.92,13.92,265,0
GOP,60,20250131,120000,14.28,14.28,14.2,14.2,180,0
GOP,60,20250131,140000,14.02,14.02,13.94,13.94,157,0
GOP,60,20250131,150000,13.96,14.2,13.94,13.94,342,0
GOP,60,20250203,100000,13.94,14.28,13.94,14.26,68,0
GOP,60,20250203,110000,14.18,14.18,14.18,14.18,2,0
GOP,60,20250203,120000,14.1,14.1,14.06,14.06,225,0
GOP,60,20250203,130000,13.94,13.94,13.94,13.94,75,0
GOP,60,20250203,150000,14,14,14,14,167,0
GOP,60,20250203,170000,14,14,14,14,30,0
GOP,60,20250204,100000,14,14,14,14,109,0
GOP,60,20250204,110000,14,14,13.96,13.96,101,0
GOP,60,20250204,120000,14,14.26,14,14.26,185,0
GOP,60,20250204,140000,14.1,14.24,14.1,14.2,191,0
GOP,60,20250204,150000,14.2,14.2,14.2,14.2,70,0
GOP,60,20250204,160000,14.2,14.2,14.06,14.06,177,0
GOP,60,20250204,170000,14.26,14.26,14.26,14.26,21,0
GOP,60,20250205,100000,14.26,14.26,13.94,13.94,579,0
GOP,60,20250205,110000,14,14,13.94,13.94,190,0
GOP,60,20250205,120000,14,14.26,14,14.26,81,0
GOP,60,20250205,160000,14.24,14.24,14.04,14.06,227,0
GOP,60,20250205,170000,14.1,14.36,14.08,14.36,527,0
GOP,60,20250206,100000,14.36,14.36,14.36,14.36,187,0
GOP,60,20250206,110000,14.2,14.4,14,14.4,370,0
GOP,60,20250206,120000,14.2,14.2,14.02,14.02,60,0
GOP,60,20250206,130000,14.06,14.06,14.04,14.04,180,0
GOP,60,20250206,170000,14.38,14.38,14.38,14.38,50,0
GOP,60,20250207,100000,14.4,14.6,14.4,14.6,1338,0
GOP,60,20250207,110000,14.78,14.88,14.78,14.88,644,0
GOP,60,20250207,120000,14.88,15.26,14.88,15,3556,0
GOP,60,20250207,130000,15.24,15.84,15.24,15.8,4261,0
GOP,60,20250207,140000,15.8,16.38,15.5,16.18,7193,0
GOP,60,20250207,150000,16.18,16.34,16,16,2835,0
GOP,60,20250207,160000,16,16.2,15.7,15.7,1640,0
GOP,60,20250207,170000,15.76,15.84,15.6,15.8,1266,0
GOP,60,20250210,100000,15.82,16,15.8,15.98,1060,0
GOP,60,20250210,120000,15.7,15.7,15.08,15.6,1051,0
GOP,60,20250210,130000,15.6,15.6,15.3,15.3,935,0
GOP,60,20250210,140000,15.24,15.6,15.24,15.28,392,0
GOP,60,20250210,150000,15.28,15.5,15.2,15.5,1498,0
GOP,60,20250210,160000,15.5,15.5,15.5,15.5,200,0
GOP,60,20250210,170000,15.44,15.5,15.44,15.5,255,0
GOP,60,20250211,100000,15.5,15.5,15.18,15.46,607,0
GOP,60,20250211,110000,15.18,15.3,14.9,14.96,432,0
GOP,60,20250211,120000,15.3,15.3,14.9,14.9,430,0
GOP,60,20250211,130000,15.26,15.26,15,15.1,417,0
GOP,60,20250211,140000,15.1,15.2,14.82,14.82,845,0
GOP,60,20250211,150000,15.12,15.12,15.12,15.12,1,0
GOP,60,20250211,160000,14.9,15.1,14.82,15.1,952,0
GOP,60,20250211,170000,15.2,15.2,15.2,15.2,51,0
GOP,60,20250212,100000,16.2,17.2,16,16.9,39811,0
GOP,60,20250212,110000,16.82,17.1,16.66,16.7,4910,0
GOP,60,20250212,120000,16.74,16.8,16.54,16.54,2627,0
GOP,60,20250212,130000,16.7,17.02,16.64,16.88,1845,0
GOP,60,20250212,140000,16.88,16.98,16.6,16.68,3185,0
GOP,60,20250212,150000,16.8,16.8,16.44,16.44,2686,0
GOP,60,20250212,160000,16.48,16.5,16.4,16.5,1840,0
GOP,60,20250212,170000,16.4,16.66,16.36,16.6,493,0
GOP,60,20250213,100000,16.8,16.98,16.18,16.18,3980,0
GOP,60,20250213,110000,16.6,16.6,16.34,16.6,343,0
GOP,60,20250213,120000,16.38,16.58,16.36,16.38,304,0
GOP,60,20250213,130000,16.5,16.5,16.28,16.28,114,0
GOP,60,20250213,140000,16.32,16.32,16,16,963,0
GOP,60,20250213,150000,16.48,16.48,16.1,16.1,1070,0
GOP,60,20250213,160000,16.38,16.46,16.1,16.1,864,0
GOP,60,20250213,170000,16.32,16.32,16.1,16.1,499,0
GOP,60,20250214,100000,16.1,16.38,16.1,16.3,375,0
GOP,60,20250214,110000,16.18,16.46,16.02,16.02,1381,0
GOP,60,20250214,130000,16.1,16.1,16.1,16.1,130,0
GOP,60,20250214,140000,16.04,16.04,16.04,16.04,100,0
GOP,60,20250214,150000,16.2,16.28,16.2,16.22,666,0
GOP,60,20250214,160000,16.22,16.22,16.12,16.12,120,0
GOP,60,20250214,170000,16.2,16.26,16.02,16.06,391,0
GOP,60,20250217,100000,16.1,16.44,16.08,16.28,151,0
GOP,60,20250217,110000,16.06,16.06,15.84,15.9,270,0
GOP,60,20250217,120000,16,16,16,16,75,0
GOP,60,20250217,130000,15.96,15.96,15.8,15.8,1648,0
GOP,60,20250217,140000,16.04,16.04,16,16,30,0
GOP,60,20250217,150000,15.96,16.04,15.8,16.04,301,0
GOP,60,20250217,160000,16.04,16.04,16.04,16.04,33,0
GOP,60,20250217,170000,16.04,16.1,16.04,16.1,44,0
GOP,60,20250218,100000,16.14,16.28,16.1,16.1,121,0
GOP,60,20250218,110000,16.3,16.3,15.98,15.98,275,0
GOP,60,20250218,120000,15.94,16.3,15.94,16.04,2163,0
GOP,60,20250218,130000,16.04,16.28,16.04,16.28,568,0
GOP,60,20250218,140000,16.1,16.24,16.1,16.24,1003,0
GOP,60,20250218,150000,16.24,16.24,16.06,16.1,683,0
GOP,60,20250218,160000,16.12,16.22,16.12,16.22,320,0
GOP,60,20250218,170000,16.12,16.58,16.08,16.58,2011,0
GOP,60,20250219,100000,16.78,16.78,16.42,16.78,1350,0
GOP,60,20250219,110000,16.78,17.4,16.78,17.38,3995,0
GOP,60,20250219,120000,17.36,17.5,17,17.26,2950,0
GOP,60,20250219,130000,17,17.8,17,17.8,3377,0
GOP,60,20250219,140000,17.7,17.7,17.6,17.68,2095,0
GOP,60,20250219,150000,17.5,17.7,17.5,17.7,386,0
GOP,60,20250219,160000,17.4,17.68,17.24,17.5,1122,0
GOP,60,20250219,170000,17.68,17.82,17.6,17.8,1917,0
GOP,60,20250220,100000,17.88,17.9,17.56,17.6,1361,0
GOP,60,20250220,110000,17.58,17.9,17.58,17.88,333,0
GOP,60,20250220,130000,17.7,17.92,17.7,17.92,804,0
GOP,60,20250220,140000,17.74,17.8,17.72,17.8,708,0
GOP,60,20250220,150000,17.76,18.1,17.7,17.96,5624,0
GOP,60,20250220,160000,17.96,18,17.72,17.98,378,0
GOP,60,20250221,100000,17.98,18,17.92,17.98,265,0
GOP,60,20250221,110000,17.7,18.1,17.7,18.08,1304,0
GOP,60,20250221,120000,18,18.08,17.96,17.96,255,0
GOP,60,20250221,130000,18.1,18.1,17.96,18.08,435,0
GOP,60,20250221,140000,18.06,18.08,18.06,18.08,538,0
GOP,60,20250221,150000,18.08,18.2,17.9,18.16,1932,0
GOP,60,20250221,160000,18.16,18.16,18.16,18.16,1,0
GOP,60,20250221,170000,17.8,18.1,17.8,18.1,535,0
GOP,60,20250224,100000,18.1,18.1,17.5,17.92,1770,0
GOP,60,20250224,110000,17.62,17.62,17.62,17.62,71,0
GOP,60,20250224,120000,17.62,17.62,17.14,17.48,1057,0
GOP,60,20250224,130000,17.48,17.8,17.48,17.8,290,0
GOP,60,20250224,140000,17.8,17.86,17.8,17.8,550,0
GOP,60,20250224,160000,17.9,17.96,17.66,17.66,78,0
GOP,60,20250224,170000,17.68,17.96,17.64,17.94,340,0
GOP,60,20250225,100000,17.6,17.78,17.24,17.3,541,0
GOP,60,20250225,110000,17.28,17.38,17.1,17.3,3456,0
GOP,60,20250225,120000,17.32,17.32,17.08,17.08,267,0
GOP,60,20250225,130000,17.02,17.12,16.96,16.96,191,0
GOP,60,20250225,140000,16.96,17.1,16.96,17,269,0
GOP,60,20250225,150000,16.98,17.16,16.8,17.14,768,0
GOP,60,20250225,160000,17.14,17.14,17.14,17.14,44,0
GOP,60,20250225,170000,16.92,17.28,16.92,17.28,61,0
GOP,60,20250226,100000,17.28,17.28,17.28,17.28,2,0
GOP,60,20250226,120000,17.26,17.32,17.26,17.32,200,0
GOP,60,20250226,140000,17.22,17.22,16.72,16.72,491,0
GOP,60,20250226,150000,16.9,17.22,16.9,17.22,148,0
GOP,60,20250226,160000,17,17.18,17,17.18,14,0
GOP,60,20250226,170000,17,17,16.74,16.94,3217,0
GOP,60,20250227,100000,16.78,16.78,16.4,16.62,591,0
GOP,60,20250227,110000,16.6,16.6,16.3,16.54,699,0
GOP,60,20250227,120000,16.5,16.5,16.5,16.5,36,0
GOP,60,20250227,130000,16.5,16.58,16.5,16.58,375,0
GOP,60,20250227,140000,16.52,16.52,16.52,16.52,14,0
GOP,60,20250227,150000,16.52,16.52,16.52,16.52,36,0
GOP,60,20250227,160000,16.5,16.5,16.14,16.14,277,0
GOP,60,20250227,170000,16.52,16.52,16.52,16.52,25,0
GOP,60,20250228,100000,16.3,16.3,16.3,16.3,3,0
GOP,60,20250228,110000,16.5,16.5,16.5,16.5,200,0
GOP,60,20250228,120000,16.3,16.3,16.3,16.3,290,0
GOP,60,20250228,140000,16.58,16.58,16.58,16.58,233,0
GOP,60,20250228,150000,16.3,16.3,16.14,16.14,284,0
GOP,60,20250228,160000,16.4,16.76,16.4,16.76,104,0
GOP,60,20250228,170000,16.74,16.8,16.5,16.8,200,0
GOP,60,20250303,100000,16.98,16.98,16.94,16.96,388,0
GOP,60,20250303,120000,16.94,16.94,16.94,16.94,77,0
GOP,60,20250303,130000,16.92,16.92,16.92,16.92,23,0
GOP,60,20250303,150000,16.92,16.92,16.5,16.5,249,0
GOP,60,20250303,160000,16.5,16.5,16.5,16.5,9,0
GOP,60,20250303,170000,16.4,16.9,16.4,16.9,81,0
GOP,60,20250304,100000,16.88,16.88,16.08,16.78,305,0
GOP,60,20250304,120000,16.26,16.26,16.26,16.26,500,0
GOP,60,20250304,130000,16.22,16.22,16.22,16.22,260,0
GOP,60,20250304,140000,16.66,16.66,16.66,16.66,1,0
GOP,60,20250304,150000,16.52,16.52,16.5,16.5,505,0
GOP,60,20250304,170000,16.6,16.6,16.6,16.6,1,0
GOP,60,20250305,100000,16.58,16.58,16.34,16.34,232,0
GOP,60,20250305,150000,16.46,16.46,16.32,16.32,10,0
GOP,60,20250305,160000,16.5,16.5,16.5,16.5,248,0
GOP,60,20250305,170000,16.32,16.5,16.32,16.5,7,0
GOP,60,20250306,100000,16.56,16.56,16.3,16.3,1171,0
GOP,60,20250306,110000,16.22,16.22,16.18,16.18,400,0
GOP,60,20250306,120000,16.22,16.22,16.22,16.22,194,0
GOP,60,20250306,140000,16.2,16.2,16.18,16.18,285,0
GOP,60,20250306,150000,16.16,16.16,16.14,16.14,254,0
GOP,60,20250306,170000,16.16,16.16,16.14,16.14,250,0
GOP,60,20250307,100000,16.36,16.36,16.16,16.16,102,0
GOP,60,20250307,110000,16.36,16.36,16.2,16.2,33,0
GOP,60,20250307,130000,16.36,16.36,16.22,16.22,200,0
GOP,60,20250307,140000,16.36,16.48,16.36,16.48,109,0
GOP,60,20250307,150000,16.54,16.54,16.54,16.54,1,0
GOP,60,20250310,100000,16.54,16.54,16.14,16.14,169,0
GOP,60,20250310,110000,16.66,16.76,16.66,16.76,220,0
GOP,60,20250310,150000,16.22,16.24,16.12,16.12,650,0
GOP,60,20250310,170000,16.56,16.56,16.56,16.56,10,0
GOP,60,20250311,100000,16.56,16.56,16.4,16.4,20,0
GOP,60,20250311,130000,16.4,16.4,16.34,16.34,9,0
GOP,60,20250311,140000,16.66,16.86,16.4,16.4,135,0
GOP,60,20250311,150000,16.84,17.04,16.46,16.46,1197,0
GOP,60,20250312,100000,16.96,17.42,16.8,17.42,1034,0
GOP,60,20250312,110000,17.42,17.42,17.42,17.42,235,0
GOP,60,20250312,120000,17.4,17.7,17.4,17.7,1270,0
GOP,60,20250312,130000,17.7,17.8,17.7,17.76,504,0
GOP,60,20250312,140000,17.42,17.42,17.42,17.42,283,0
GOP,60,20250312,150000,17.42,17.42,17.22,17.22,202,0
GOP,60,20250312,160000,17.56,17.56,17.56,17.56,1,0
GOP,60,20250312,170000,17.56,17.56,17.56,17.56,1,0
GOP,60,20250313,100000,17.76,17.76,17.36,17.4,298,0
GOP,60,20250313,110000,17.56,17.74,17.56,17.56,226,0
GOP,60,20250313,120000,17.56,17.74,17.4,17.4,293,0
GOP,60,20250313,130000,17.7,17.72,17.66,17.68,250,0
GOP,60,20250313,140000,17.4,17.66,17.24,17.62,240,0
GOP,60,20250313,150000,17.04,17.04,17.04,17.04,22,0
GOP,60,20250313,160000,17.08,17.08,17.08,17.08,30,0
GOP,60,20250313,170000,17.08,17.08,17.02,17.02,196,0
GOP,60,20250314,100000,17.08,17.36,17.02,17.12,1727,0
GOP,60,20250314,110000,17.14,17.68,17.12,17.68,1621,0
GOP,60,20250314,120000,17.54,17.64,17.52,17.64,1176,0
GOP,60,20250314,130000,17.62,17.68,17.62,17.68,562,0
GOP,60,20250314,140000,17.54,17.6,17.5,17.5,471,0
GOP,60,20250314,150000,17.44,17.44,17.24,17.32,301,0
GOP,60,20250314,160000,17.14,17.4,17.14,17.4,279,0
GOP,60,20250314,170000,17.14,17.46,17.02,17.38,1533,0
GOP,60,20250317,100000,17.36,17.36,16.8,16.8,1557,0
GOP,60,20250317,110000,16.82,17,16.82,17,221,0
GOP,60,20250317,120000,16.82,17.18,16.64,16.64,1153,0
GOP,60,20250317,140000,17.18,17.2,16.98,17.2,140,0
GOP,60,20250317,150000,17.16,17.16,17.16,17.16,100,0
GOP,60,20250317,160000,17.16,17.16,16.64,16.64,151,0
GOP,60,20250317,170000,17,17.16,17,17.16,121,0
GOP,60,20250318,100000,17.16,17.16,17.1,17.1,391,0
GOP,60,20250318,110000,16.9,16.9,16.64,16.64,172,0
GOP,60,20250318,120000,16.7,16.7,16.66,16.66,59,0
GOP,60,20250318,130000,16.8,16.8,16.66,16.66,500,0
GOP,60,20250318,160000,16.74,16.74,16.7,16.7,138,0
GOP,60,20250318,170000,16.66,17,16.3,17,680,0
GOP,60,20250319,100000,17,17,16.3,17,145,0
GOP,60,20250319,110000,17,17,17,17,2,0
GOP,60,20250319,120000,17,17.02,17,17.02,100,0
GOP,60,20250319,130000,16.7,16.98,16.48,16.98,454,0
GOP,60,20250319,140000,16.52,16.52,16.34,16.36,1060,0
GOP,60,20250319,150000,16.74,16.88,16.74,16.88,8,0
GOP,60,20250319,160000,16.46,16.8,16.46,16.8,134,0
GOP,60,20250319,170000,16.8,16.98,16.8,16.98,110,0
GOP,60,20250320,100000,17.02,17.02,16.5,16.5,5,0
GOP,60,20250320,110000,16.96,16.96,16.52,16.52,80,0
GOP,60,20250320,120000,16.52,16.98,16.52,16.98,339,0
GOP,60,20250320,130000,16.6,16.6,16.58,16.58,100,0
GOP,60,20250320,140000,17.02,17.02,17.02,17.02,360,0
GOP,60,20250320,150000,17.02,17.02,17.02,17.02,95,0
GOP,60,20250321,100000,17.02,17.2,16.64,17.2,1049,0
GOP,60,20250321,110000,17,17.1,17,17.1,152,0
GOP,60,20250321,120000,17.1,17.1,17.1,17.1,239,0
GOP,60,20250321,140000,17.1,17.1,17.1,17.1,51,0
GOP,60,20250321,160000,17.18,17.2,17.18,17.2,20,0
GOP,60,20250321,170000,17.28,17.28,17.28,17.28,50,0
GOP,60,20250324,100000,17.28,17.38,17.28,17.28,1180,0
GOP,60,20250324,110000,17.38,17.38,17.38,17.38,46,0
GOP,60,20250324,120000,17.3,17.8,17.3,17.8,1172,0
GOP,60,20250324,130000,17.8,17.96,17.6,17.6,762,0
GOP,60,20250324,140000,17.6,17.88,17.5,17.88,484,0
GOP,60,20250324,150000,17.54,17.54,17.28,17.28,1000,0
GOP,60,20250324,170000,17.8,17.8,17.7,17.7,168,0
GOP,60,20250325,100000,17.94,17.94,17.22,17.22,48,0
GOP,60,20250325,110000,17.88,17.88,17.24,17.24,14,0
GOP,60,20250325,120000,17.24,17.24,17.24,17.24,4,0
GOP,60,20250325,130000,17.88,17.88,17.2,17.86,469,0
GOP,60,20250325,140000,17.8,17.8,17.8,17.8,35,0
GOP,60,20250325,150000,17.62,17.62,17.04,17.44,1801,0
GOP,60,20250325,160000,17.3,17.3,17.3,17.3,13,0
GOP,60,20250325,170000,17.44,17.44,17.44,17.44,50,0
GOP,60,20250326,100000,17.44,17.72,17.1,17.1,168,0
GOP,60,20250326,110000,17,17,17,17,1,0
GOP,60,20250326,120000,17.28,17.28,17.28,17.28,20,0
GOP,60,20250326,130000,17.28,17.3,17.28,17.3,100,0
GOP,60,20250326,140000,17.3,17.3,17.3,17.3,6,0
GOP,60,20250326,150000,17.28,17.3,17.28,17.3,208,0
GOP,60,20250326,160000,17.3,17.32,17,17,785,0
GOP,60,20250326,170000,17,17.48,17,17.48,131,0
GOP,60,20250327,100000,17.48,17.48,17.48,17.48,6,0
GOP,60,20250327,140000,17.32,17.32,17.04,17.04,500,0
GOP,60,20250327,170000,17.4,17.4,17.02,17.4,550,0
GOP,60,20250328,100000,17.4,17.4,17,17,552,0
GOP,60,20250328,120000,17.02,17.36,17.02,17.36,154,0
GOP,60,20250328,130000,17.04,17.04,17.04,17.04,100,0
GOP,60,20250328,150000,17.36,17.36,17.36,17.36,194,0
GOP,60,20250328,160000,17.3,17.3,17.3,17.3,100,0
GOP,60,20250328,170000,17.3,17.44,17.3,17.44,65,0
GOP,60,20250331,100000,17.44,17.44,17.44,17.44,3,0
GOP,60,20250331,110000,17.14,17.2,17.14,17.2,300,0
GOP,60,20250331,120000,17.4,17.4,17.4,17.4,1,0
GOP,60,20250331,130000,17.1,17.1,17.1,17.1,1,0
GOP,60,20250331,140000,17.1,17.12,17.1,17.12,337,0
GOP,60,20250331,170000,17.12,17.12,17.12,17.12,1,0
GOP,60,20250401,100000,17.12,17.12,17.12,17.12,11,0
GOP,60,20250401,130000,17.38,17.38,17.38,17.38,80,0
GOP,60,20250401,150000,17.4,17.4,17.12,17.12,220,0
GOP,60,20250401,170000,17.38,17.38,17.38,17.38,10,0
GOP,60,20250402,100000,17.4,17.4,17.4,17.4,2,0
GOP,60,20250402,140000,17.4,17.4,17.4,17.4,1,0
GOP,60,20250402,150000,17.14,17.14,17.12,17.12,200,0
GOP,60,20250402,170000,17.4,17.4,17.4,17.4,20,0
GOP,60,20250403,100000,17.3,17.3,17.3,17.3,2,0
GOP,60,20250403,120000,17,17,17,17,180,0
GOP,60,20250403,130000,17,17,16.96,16.96,130,0
GOP,60,20250403,140000,17,17.02,17,17.02,252,0
GOP,60,20250403,150000,16.98,16.98,16.98,16.98,363,0
GOP,60,20250403,170000,17.3,17.3,17.3,17.3,20,0
GOP,60,20250404,100000,17.22,17.22,16.8,16.8,1115,0
GOP,60,20250404,130000,16.66,16.7,16.66,16.7,329,0
GOP,60,20250404,150000,16.62,16.62,16.52,16.52,117,0
GOP,60,20250404,170000,16.6,16.7,16.6,16.7,144,0
GOP,60,20250407,100000,16.32,16.48,16,16.1,903,0
GOP,60,20250407,120000,15.98,16.1,15.9,16,244,0
GOP,60,20250407,130000,16,16.12,16,16.12,400,0
GOP,60,20250407,140000,16,16,15.8,15.8,841,0
GOP,60,20250407,150000,15.8,16.12,15.8,16.12,10,0
GOP,60,20250407,160000,15.8,15.8,15.8,15.8,10,0
GOP,60,20250407,170000,15.82,16.68,15.82,16.68,347,0
GOP,60,20250408,100000,16.4,17,16.4,16.48,89,0
GOP,60,20250408,110000,16.48,16.48,16.02,16.02,201,0
GOP,60,20250408,130000,16.02,16.44,16.02,16.4,26,0
GOP,60,20250408,140000,16.1,16.1,16.1,16.1,100,0
GOP,60,20250408,160000,16.46,16.46,16.46,16.46,35,0
GOP,60,20250408,170000,16.46,16.46,16.46,16.46,1,0
GOP,60,20250409,100000,16.02,16.48,16.02,16.48,2,0
GOP,60,20250409,110000,16.22,16.22,16.22,16.22,158,0
GOP,60,20250409,130000,16.06,16.06,15.8,15.92,126,0
GOP,60,20250409,150000,15.92,16.2,15.82,16.2,21,0
GOP,60,20250409,160000,15.82,15.82,15.6,15.6,780,0
GOP,60,20250410,100000,16.94,16.94,16.94,16.94,435,0
GOP,60,20250410,110000,16,16,15.96,15.96,850,0
GOP,60,20250410,120000,16.02,16.02,16.02,16.02,211,0
GOP,60,20250410,130000,16,16.76,16,16.76,54,0
GOP,60,20250410,140000,16.7,16.7,15.32,16.6,84,0
GOP,60,20250410,150000,16.6,16.6,16.6,16.6,6,0
GOP,60,20250411,110000,16.2,16.48,15.36,16.48,1021,0
GOP,60,20250411,130000,16,16.08,16,16.08,269,0
GOP,60,20250411,140000,16,16.08,16,16.08,60,0
GOP,60,20250411,150000,16.08,16.08,16.08,16.08,33,0
GOP,60,20250414,100000,16.48,16.48,16.48,16.48,12,0
GOP,60,20250414,110000,16.3,16.3,16.3,16.3,224,0
GOP,60,20250414,120000,16.06,16.06,16.06,16.06,2,0
GOP,60,20250414,130000,16.06,16.06,16.06,16.06,70,0
GOP,60,20250414,150000,16.06,16.3,16,16.3,370,0
GOP,60,20250414,170000,16.3,16.3,16.3,16.3,30,0
GOP,60,20250415,100000,16.3,16.3,16.3,16.3,2,0
GOP,60,20250415,110000,16.28,16.28,16.28,16.28,3,0
GOP,60,20250415,130000,16.28,16.28,16.12,16.12,140,0
GOP,60,20250415,160000,16.08,16.08,16.08,16.08,10,0
GOP,60,20250415,170000,16.04,16.04,16.04,16.04,80,0
GOP,60,20250416,100000,16,16.02,16,16.02,229,0
GOP,60,20250416,110000,15.92,15.92,15.92,15.92,40,0
GOP,60,20250416,120000,16.02,16.02,16.02,16.02,100,0
GOP,60,20250416,130000,16.02,16.02,15.92,15.92,282,0
GOP,60,20250416,140000,16,16.02,16,16.02,70,0
GOP,60,20250416,150000,16.02,16.54,16.02,16.54,1343,0
GOP,60,20250416,160000,16.48,16.48,16.02,16.02,475,0
GOP,60,20250417,100000,16.68,16.68,16.1,16.44,449,0
GOP,60,20250417,120000,16.42,16.42,16.42,16.42,24,0
GOP,60,20250417,130000,16.42,16.42,16.42,16.42,6,0
GOP,60,20250417,140000,16.42,16.64,16.42,16.64,161,0
GOP,60,20250417,150000,16.64,16.64,16.64,16.64,20,0
GOP,60,20250422,100000,16.12,16.12,16.12,16.12,10,0
GOP,60,20250422,110000,16.2,16.2,16.2,16.2,100,0
GOP,60,20250422,120000,16.6,16.6,16.6,16.6,3,0
GOP,60,20250422,130000,16.2,16.2,16.2,16.2,250,0
GOP,60,20250422,140000,16.2,16.2,16.18,16.18,201,0
GOP,60,20250422,160000,16.16,16.2,16.16,16.2,1042,0
GOP,60,20250422,170000,16.6,16.6,16.6,16.6,30,0
GOP,60,20250423,100000,16.58,16.6,16.24,16.24,194,0
GOP,60,20250423,120000,16,16,16,16,100,0
GOP,60,20250423,130000,16.18,16.18,16.18,16.18,400,0
GOP,60,20250423,140000,16.02,16.02,16,16,788,0
GOP,60,20250423,150000,15.98,16.54,15.96,16.54,70,0
GOP,60,20250423,160000,16.54,16.56,16.54,16.56,369,0
GOP,60,20250423,170000,16.5,16.5,16.5,16.5,1,0
GOP,60,20250424,100000,16.58,16.58,16.58,16.58,2,0
GOP,60,20250424,110000,16.16,16.16,16.16,16.16,50,0
GOP,60,20250424,120000,16.14,16.14,16.14,16.14,200,0
GOP,60,20250424,130000,16.04,16.5,16.04,16.5,15,0
GOP,60,20250424,160000,16.5,16.5,16.5,16.5,10,0
GOP,60,20250424,170000,16.5,16.5,16.5,16.5,1,0
GOP,60,20250425,100000,16.58,16.58,16.02,16.02,1277,0
GOP,60,20250425,110000,16.26,16.26,16.26,16.26,100,0
GOP,60,20250425,120000,16.02,16.02,16,16,80,0
GOP,60,20250425,130000,16,16,15.96,16,1385,0
GOP,60,20250425,140000,16,16,15.92,16,2830,0
GOP,60,20250425,150000,16.4,16.6,15.94,16,1118,0
GOP,60,20250425,160000,16.08,16.08,15.94,15.94,2074,0
GOP,60,20250425,170000,16.36,16.36,16.36,16.36,20,0
GOP,60,20250428,100000,16,16,16,16,691,0
GOP,60,20250428,110000,16,16.1,16,16.1,418,0
GOP,60,20250428,120000,16.2,16.2,16.2,16.2,104,0
GOP,60,20250428,140000,16.1,16.1,16.1,16.1,495,0
GOP,60,20250428,150000,16,16,16,16,240,0
GOP,60,20250428,170000,16,16,16,16,216,0
GOP,60,20250429,100000,16.5,16.5,16,16,842,0
GOP,60,20250429,110000,16,16,16,16,50,0
GOP,60,20250429,120000,16,16.16,15.8,15.8,2211,0
GOP,60,20250429,140000,16,16,15.92,16,1652,0
GOP,60,20250429,150000,16,16,16,16,750,0
GOP,60,20250429,160000,15.96,15.96,15.82,15.82,100,0
GOP,60,20250429,170000,15.82,16.14,15.82,16.14,51,0
GOP,60,20250430,100000,16.3,16.46,16.28,16.28,884,0
GOP,60,20250430,110000,16.08,16.3,16.08,16.3,170,0
GOP,60,20250430,120000,16.26,16.4,16.22,16.22,245,0
GOP,60,20250430,130000,16.38,16.4,16.38,16.4,190,0
GOP,60,20250430,140000,16.4,16.44,16.32,16.44,764,0
GOP,60,20250430,150000,16.3,16.3,16.04,16.04,236,0
GOP,60,20250430,170000,16.3,16.38,16.3,16.38,101,0
GOP,60,20250502,100000,16.38,16.6,16.36,16.6,315,0
GOP,60,20250502,110000,16.06,16.1,16.06,16.1,72,0
GOP,60,20250502,130000,16.12,16.12,16.12,16.12,2,0
GOP,60,20250502,140000,16.56,16.56,16.56,16.56,30,0
GOP,60,20250502,170000,16.24,16.54,16.22,16.54,244,0
GOP,60,20250505,100000,16.58,16.58,16.56,16.56,42,0
GOP,60,20250505,110000,16.56,16.56,16.56,16.56,59,0
GOP,60,20250505,120000,16.54,16.56,16.22,16.22,113,0
GOP,60,20250505,130000,16.22,16.22,15.84,16.02,673,0
GOP,60,20250505,140000,16.2,16.2,15.94,15.94,220,0
GOP,60,20250505,160000,16.14,16.14,16.12,16.12,399,0
GOP,60,20250505,170000,16.12,16.38,16.06,16.06,360,0
GOP,60,20250506,100000,16.42,16.42,16.18,16.18,790,0
GOP,60,20250506,110000,16.18,16.18,16.18,16.18,123,0
GOP,60,20250506,120000,16.18,16.18,16.18,16.18,276,0
GOP,60,20250506,140000,16.2,16.2,16.2,16.2,1,0
GOP,60,20250506,150000,16.22,16.4,16.22,16.4,402,0
GOP,60,20250506,160000,16.4,16.4,16.22,16.4,541,0
GOP,60,20250506,170000,16.38,16.38,16.38,16.38,6,0
