<TICKER>,<PER>,<DATE>,<TIME>,<OPEN>,<HIGH>,<LOW>,<CLOSE>,<VOL>,<OPENINT>
GRN,60,20240411,100000,11.02,11.1,11.02,11.1,1459,0
GRN,60,20240411,110000,11.08,11.1,11,11,2427,0
GRN,60,20240411,120000,11.08,11.1,11.08,11.1,61,0
GRN,60,20240411,130000,11.04,11.08,11,11.02,1162,0
GRN,60,20240411,140000,11.02,11.08,11.02,11.04,541,0
GRN,60,20240411,150000,11.02,11.02,11.02,11.02,50,0
GRN,60,20240411,160000,11.02,11.02,11.02,11.02,55,0
GRN,60,20240411,170000,11,11,11,11,366,0
GRN,60,20240412,100000,11.02,11.08,10.52,10.8,1937,0
GRN,60,20240412,110000,10.98,11.06,10.98,11.06,145,0
GRN,60,20240412,120000,10.84,10.9,10.8,10.9,929,0
GRN,60,20240412,140000,10.9,10.9,10.9,10.9,215,0
GRN,60,20240412,150000,10.92,11,10.92,11,307,0
GRN,60,20240412,160000,11,11,11,11,647,0
GRN,60,20240412,170000,10.92,11,10.82,11,4444,0
GRN,60,20240415,100000,11,11,10.82,11,1272,0
GRN,60,20240415,110000,11.04,11.04,11,11,867,0
GRN,60,20240415,120000,11,11.04,11,11,796,0
GRN,60,20240415,140000,11,11,10.84,10.84,170,0
GRN,60,20240415,150000,10.84,11,10.84,10.84,176,0
GRN,60,20240415,160000,11,11,11,11,20,0
GRN,60,20240415,170000,11,11,10.84,11,612,0
GRN,60,20240416,100000,11,11.04,10.7,10.78,2000,0
GRN,60,20240416,110000,10.76,10.76,10.74,10.74,585,0
GRN,60,20240416,120000,10.88,10.9,10.88,10.9,1350,0
GRN,60,20240416,130000,10.8,10.8,10.74,10.74,1713,0
GRN,60,20240416,140000,10.74,10.74,10.72,10.72,900,0
GRN,60,20240416,160000,10.8,10.86,10.72,10.86,410,0
GRN,60,20240416,170000,10.72,10.82,10.52,10.82,1428,0
GRN,60,20240417,100000,10.64,10.88,10.52,10.88,528,0
GRN,60,20240417,110000,10.88,10.88,10.88,10.88,30,0
GRN,60,20240417,120000,10.88,10.9,10.64,10.9,87,0
GRN,60,20240417,130000,10.66,10.82,10.64,10.64,825,0
GRN,60,20240417,140000,10.66,10.96,10.66,10.94,382,0
GRN,60,20240417,150000,10.9,10.9,10.72,10.9,727,0
GRN,60,20240417,160000,10.94,10.96,10.94,10.96,1251,0
GRN,60,20240417,170000,10.96,11.02,10.76,11.02,2019,0
GRN,60,20240418,100000,11,11,10.98,11,1365,0
GRN,60,20240418,110000,11,11,11,11,20,0
GRN,60,20240418,120000,11,11,11,11,122,0
GRN,60,20240418,130000,11,11.02,11,11,349,0
GRN,60,20240418,140000,11.02,11.04,11.02,11.04,42,0
GRN,60,20240418,150000,11,11,11,11,150,0
GRN,60,20240418,160000,11,11,11,11,178,0
GRN,60,20240418,170000,11,11,11,11,303,0
GRN,60,20240419,100000,11,11.04,11,11,187,0
GRN,60,20240419,120000,10.96,10.98,10.96,10.98,462,0
GRN,60,20240419,130000,11,11,10.9,10.9,50,0
GRN,60,20240419,160000,10.9,11,10.9,11,250,0
GRN,60,20240419,170000,10.9,10.9,10.9,10.9,154,0
GRN,60,20240422,100000,10.9,10.9,10.82,10.9,9115,0
GRN,60,20240422,130000,10.8,10.8,10.8,10.8,20,0
GRN,60,20240422,140000,10.9,10.9,10.8,10.8,153,0
GRN,60,20240422,150000,10.8,11,10.8,11,1617,0
GRN,60,20240422,170000,11,11,10.84,10.86,879,0
GRN,60,20240423,100000,11,11,10.9,10.9,1009,0
GRN,60,20240423,110000,10.92,11,10.82,11,1938,0
GRN,60,20240423,120000,11,11.02,10.98,11.02,829,0
GRN,60,20240423,130000,11,11,11,11,657,0
GRN,60,20240423,140000,11,11,11,11,393,0
GRN,60,20240423,150000,10.94,11,10.94,11,797,0
GRN,60,20240423,170000,11,11,11,11,100,0
GRN,60,20240424,100000,11,11,10.94,11,5722,0
GRN,60,20240424,110000,11,11,10.94,10.94,300,0
GRN,60,20240424,120000,10.98,11,10.98,11,414,0
GRN,60,20240424,130000,11,11.04,10.94,10.94,1041,0
GRN,60,20240424,150000,11,11,11,11,550,0
GRN,60,20240424,170000,11.02,11.04,10.96,10.96,682,0
GRN,60,20240425,100000,11,11.04,10.92,11.04,1532,0
GRN,60,20240425,110000,11,11,11,11,1000,0
GRN,60,20240425,150000,10.94,10.94,10.92,10.92,130,0
GRN,60,20240425,160000,10.92,10.92,10.86,10.86,727,0
GRN,60,20240425,170000,10.86,10.86,10.86,10.86,100,0
GRN,60,20240426,100000,11,11.04,11,11.04,1775,0
GRN,60,20240426,110000,10.96,10.96,10.84,10.84,653,0
GRN,60,20240426,140000,11,11,11,11,60,0
GRN,60,20240426,150000,10.98,11,10.98,11,550,0
GRN,60,20240426,160000,10.88,10.88,10.86,10.86,1000,0
GRN,60,20240426,170000,11,11,11,11,471,0
GRN,60,20240429,100000,11.04,11.1,11,11.1,4874,0
GRN,60,20240429,110000,11.02,11.08,11,11.08,355,0
GRN,60,20240429,120000,11.02,11.02,11.02,11.02,300,0
GRN,60,20240429,130000,11.02,11.06,10.96,11.06,10300,0
GRN,60,20240429,140000,11.06,11.06,11,11,710,0
GRN,60,20240429,160000,11,11,10.96,10.96,656,0
GRN,60,20240429,170000,11,11,11,11,9089,0
GRN,60,20240430,100000,11,11,11,11,137,0
GRN,60,20240430,110000,11,11,11,11,200,0
GRN,60,20240430,130000,11,11,11,11,110,0
GRN,60,20240430,140000,11,11,11,11,350,0
GRN,60,20240430,150000,11,11,11,11,50,0
GRN,60,20240430,160000,11,11,11,11,1112,0
GRN,60,20240430,170000,11,11,11,11,1,0
GRN,60,20240502,100000,11,11,11,11,2106,0
GRN,60,20240502,110000,10.98,10.98,10.94,10.94,100,0
GRN,60,20240502,120000,10.9,11,10.9,11,3770,0
GRN,60,20240502,130000,11.04,11.04,11.04,11.04,76,0
GRN,60,20240502,160000,11.02,11.02,11.02,11.02,4,0
GRN,60,20240502,170000,11.02,11.02,11.02,11.02,45,0
GRN,60,20240506,100000,11.02,11.1,10.86,11.1,1265,0
GRN,60,20240506,110000,11.08,11.1,11.08,11.1,28,0
GRN,60,20240506,120000,11.02,11.02,11,11,1561,0
GRN,60,20240506,130000,11,11,11,11,1060,0
GRN,60,20240506,140000,11,11,11,11,32,0
GRN,60,20240506,150000,11,11.02,11,11,506,0
GRN,60,20240506,160000,11.02,11.1,10.94,10.98,1985,0
GRN,60,20240506,170000,11.02,11.02,11,11,356,0
GRN,60,20240507,100000,11,11,11,11,986,0
GRN,60,20240507,110000,11,11,11,11,227,0
GRN,60,20240507,130000,11,11,11,11,205,0
GRN,60,20240507,140000,11,11,10.92,11,675,0
GRN,60,20240507,150000,11,11,11,11,400,0
GRN,60,20240507,160000,11,11,11,11,405,0
GRN,60,20240507,170000,11,11,11,11,1000,0
GRN,60,20240508,100000,11,11,10.96,10.96,1103,0
GRN,60,20240508,110000,10.96,10.96,10.86,10.92,857,0
GRN,60,20240508,120000,10.94,10.94,10.94,10.94,66,0
GRN,60,20240508,130000,10.98,11,10.98,11,1545,0
GRN,60,20240508,140000,10.96,10.96,10.96,10.96,891,0
GRN,60,20240508,150000,11,11.02,11,11.02,917,0
GRN,60,20240508,160000,11.02,11.02,11.02,11.02,120,0
GRN,60,20240508,170000,10.98,11.04,10.96,11.04,899,0
GRN,60,20240509,100000,11.04,11.08,11,11,547,0
GRN,60,20240509,110000,11.02,11.06,10.84,10.84,1459,0
GRN,60,20240509,120000,10.9,10.9,10.9,10.9,70,0
GRN,60,20240509,140000,11,11,11,11,376,0
GRN,60,20240509,160000,11.04,11.04,11.04,11.04,294,0
GRN,60,20240510,100000,11.04,11.06,11,11,1077,0
GRN,60,20240510,130000,11.02,11.06,11,11.04,750,0
GRN,60,20240510,140000,11.06,11.06,11.06,11.06,717,0
GRN,60,20240510,150000,11.06,11.1,11.06,11.06,370,0
GRN,60,20240510,160000,11.1,11.12,11.1,11.12,939,0
GRN,60,20240510,170000,11.12,11.14,11.1,11.1,815,0
GRN,60,20240513,100000,11.04,11.04,11,11.02,649,0
GRN,60,20240513,110000,11.02,11.08,10.98,10.98,3853,0
GRN,60,20240513,120000,11.04,11.06,11.04,11.06,80,0
GRN,60,20240513,130000,11.04,11.04,10.98,10.98,3079,0
GRN,60,20240513,140000,11.02,11.02,11.02,11.02,3,0
GRN,60,20240513,150000,11.02,11.04,10.86,11,921,0
GRN,60,20240513,160000,10.9,11,10.84,11,1775,0
GRN,60,20240513,170000,10.94,11,10.94,11,1389,0
GRN,60,20240514,100000,11,11.04,11,11.04,820,0
GRN,60,20240514,110000,11.02,11.04,11.02,11.04,344,0
GRN,60,20240514,120000,11.04,11.04,11.04,11.04,1,0
GRN,60,20240514,130000,11.04,11.08,11.04,11.08,323,0
GRN,60,20240514,140000,11.1,11.1,11.08,11.08,2414,0
GRN,60,20240514,150000,11.08,11.1,11.08,11.1,399,0
GRN,60,20240514,160000,11.04,11.04,11.04,11.04,597,0
GRN,60,20240514,170000,11.04,11.04,11.04,11.04,587,0
GRN,60,20240515,100000,11.04,11.1,11.04,11.1,418,0
GRN,60,20240515,110000,11.04,11.04,11.04,11.04,115,0
GRN,60,20240515,120000,11.04,11.04,11.04,11.04,1201,0
GRN,60,20240515,130000,11.04,11.1,11.04,11.1,624,0
GRN,60,20240515,140000,11.02,11.02,11.02,11.02,126,0
GRN,60,20240515,150000,11.08,11.08,11.08,11.08,2,0
GRN,60,20240515,160000,11.08,11.08,11.08,11.08,1172,0
GRN,60,20240515,170000,11.08,11.1,11.08,11.1,610,0
GRN,60,20240516,100000,11.1,11.1,11.06,11.08,482,0
GRN,60,20240516,110000,11.06,11.08,11.02,11.02,310,0
GRN,60,20240516,130000,11.04,11.04,11.04,11.04,82,0
GRN,60,20240516,140000,11.08,11.1,11.08,11.1,63,0
GRN,60,20240516,150000,11.04,11.04,11.04,11.04,1015,0
GRN,60,20240516,160000,11.04,11.04,11.04,11.04,345,0
GRN,60,20240516,170000,11.1,11.1,11.04,11.04,570,0
GRN,60,20240517,100000,11.04,11.04,11.04,11.04,150,0
GRN,60,20240517,110000,11.04,11.04,11,11,1263,0
GRN,60,20240517,120000,11.02,11.02,11,11,116,0
GRN,60,20240517,140000,11.02,11.02,11.02,11.02,182,0
GRN,60,20240517,150000,11.02,11.02,11.02,11.02,1,0
GRN,60,20240517,160000,11.02,11.08,11.02,11.02,517,0
GRN,60,20240517,170000,11.08,11.1,11.08,11.1,1006,0
GRN,60,20240520,100000,11.1,11.1,11,11.02,2634,0
GRN,60,20240520,110000,11.08,11.2,11.08,11.2,6640,0
GRN,60,20240520,120000,11.2,11.4,11.2,11.4,4436,0
GRN,60,20240520,130000,11.38,11.48,11.38,11.42,5038,0
GRN,60,20240520,140000,11.42,11.58,11.4,11.56,8502,0
GRN,60,20240520,150000,11.58,11.78,11.56,11.74,3405,0
GRN,60,20240520,160000,11.7,11.7,11.56,11.56,5560,0
GRN,60,20240520,170000,11.48,11.56,11.48,11.48,1659,0
GRN,60,20240521,100000,11.48,11.48,11.46,11.48,972,0
GRN,60,20240521,110000,11.4,11.4,11.26,11.26,1341,0
GRN,60,20240521,120000,11.28,11.4,11.28,11.4,1109,0
GRN,60,20240521,130000,11.4,11.48,11.32,11.48,2501,0
GRN,60,20240521,140000,11.48,11.48,11.48,11.48,200,0
GRN,60,20240521,150000,11.44,11.44,11.32,11.32,113,0
GRN,60,20240521,170000,11.46,11.7,11.46,11.7,2888,0
GRN,60,20240522,100000,11.68,11.68,11.4,11.44,381,0
GRN,60,20240522,110000,11.56,11.58,11.56,11.58,51,0
GRN,60,20240522,120000,11.58,11.58,11.42,11.48,3507,0
GRN,60,20240522,130000,11.64,11.64,11.64,11.64,79,0
GRN,60,20240522,140000,11.66,11.7,11.66,11.7,1714,0
GRN,60,20240522,150000,11.7,11.76,11.7,11.76,1660,0
GRN,60,20240522,160000,11.78,11.8,11.64,11.78,4419,0
GRN,60,20240522,170000,11.72,11.72,11.6,11.64,1536,0
GRN,60,20240523,100000,11.72,11.72,11.5,11.72,351,0
GRN,60,20240523,110000,11.72,11.8,11.72,11.8,1218,0
GRN,60,20240523,120000,11.66,11.66,11.5,11.5,1830,0
GRN,60,20240523,130000,11.46,11.64,11.4,11.5,895,0
GRN,60,20240523,140000,11.5,11.5,11.5,11.5,140,0
GRN,60,20240523,160000,11.48,11.5,11.48,11.5,286,0
GRN,60,20240523,170000,11.48,11.48,11.4,11.4,817,0
GRN,60,20240524,100000,11.42,11.48,11.12,11.12,3275,0
GRN,60,20240524,110000,11.3,11.3,11.3,11.3,50,0
GRN,60,20240524,120000,11.24,11.24,11.24,11.24,400,0
GRN,60,20240524,130000,11.22,11.22,11.18,11.18,661,0
GRN,60,20240524,140000,11.18,11.18,11.18,11.18,419,0
GRN,60,20240524,150000,11.18,11.18,11.18,11.18,250,0
GRN,60,20240524,160000,11.18,11.26,11.12,11.12,255,0
GRN,60,20240524,170000,11.18,11.26,11.18,11.18,734,0
GRN,60,20240527,100000,11.14,11.26,11.14,11.26,428,0
GRN,60,20240527,110000,11.26,11.32,11.26,11.32,337,0
GRN,60,20240527,120000,11.26,11.26,11.26,11.26,696,0
GRN,60,20240527,130000,11.2,11.2,11.16,11.2,389,0
GRN,60,20240527,160000,11.16,11.16,11.1,11.1,1000,0
GRN,60,20240527,170000,11.1,11.1,11.1,11.1,1523,0
GRN,60,20240528,100000,11.02,11.08,11,11,2936,0
GRN,60,20240528,110000,11.06,11.1,11.06,11.1,935,0
GRN,60,20240528,150000,11.08,11.08,11.08,11.08,240,0
GRN,60,20240528,160000,11.14,11.14,11,11,1104,0
GRN,60,20240528,170000,10.94,11,10.84,10.9,7912,0
GRN,60,20240529,100000,11,11,10.9,10.92,1667,0
GRN,60,20240529,110000,10.9,11.04,10.88,10.88,1486,0
GRN,60,20240529,130000,10.9,10.9,10.9,10.9,2,0
GRN,60,20240529,160000,10.98,11,10.84,11,7851,0
GRN,60,20240529,170000,11,11.02,10.88,10.9,558,0
GRN,60,20240531,100000,11.08,11.08,11.08,11.08,43,0
GRN,60,20240531,120000,11.08,11.1,11.08,11.1,330,0
GRN,60,20240531,130000,11.08,11.08,11.08,11.08,105,0
GRN,60,20240531,140000,11.08,11.08,11.08,11.08,2,0
GRN,60,20240531,150000,11.02,11.02,11.02,11.02,100,0
GRN,60,20240531,160000,11,11,10.92,10.92,80,0
GRN,60,20240531,170000,10.98,10.98,10.9,10.9,260,0
GRN,60,20240603,100000,11.1,11.16,11.08,11.16,1444,0
GRN,60,20240603,160000,11.1,11.1,11.1,11.1,4,0
GRN,60,20240603,170000,11.04,11.04,11.04,11.04,20,0
GRN,60,20240604,100000,11,11.1,11,11,536,0
GRN,60,20240604,120000,11,11,11,11,80,0
GRN,60,20240604,170000,11,11,11,11,400,0
GRN,60,20240605,120000,10.96,10.96,10.96,10.96,65,0
GRN,60,20240605,130000,10.96,10.96,10.94,10.94,39,0
GRN,60,20240605,150000,11,11.04,11,11.04,181,0
GRN,60,20240605,160000,11,11,11,11,100,0
GRN,60,20240605,170000,11,11,11,11,100,0
GRN,60,20240606,100000,11.04,11.04,10.92,10.92,170,0
GRN,60,20240606,110000,10.94,10.94,10.94,10.94,500,0
GRN,60,20240606,120000,10.94,10.94,10.92,10.92,125,0
GRN,60,20240606,130000,10.92,10.92,10.92,10.92,100,0
GRN,60,20240606,150000,10.92,10.92,10.92,10.92,1,0
GRN,60,20240606,160000,10.96,10.96,10.96,10.96,3,0
GRN,60,20240606,170000,10.96,10.96,10.96,10.96,43,0
GRN,60,20240607,110000,11.04,11.04,11.04,11.04,1,0
GRN,60,20240607,120000,10.94,11.04,10.94,11.04,200,0
GRN,60,20240610,100000,10.92,10.92,10.92,10.92,600,0
GRN,60,20240610,110000,10.92,10.92,10.92,10.92,400,0
GRN,60,20240610,120000,10.88,10.88,10.86,10.86,515,0
GRN,60,20240610,130000,10.86,10.86,10.86,10.86,228,0
GRN,60,20240610,140000,10.88,10.88,10.86,10.86,130,0
GRN,60,20240610,150000,10.98,10.98,10.98,10.98,6,0
GRN,60,20240610,160000,10.92,10.92,10.86,10.86,50,0
GRN,60,20240610,170000,10.86,10.98,10.84,10.84,1128,0
GRN,60,20240611,100000,10.98,10.98,10.84,10.84,21,0
GRN,60,20240611,120000,10.88,10.88,10.84,10.84,1000,0
GRN,60,20240611,140000,10.84,10.84,10.84,10.84,11,0
GRN,60,20240612,100000,10.98,10.98,10.98,10.98,100,0
GRN,60,20240612,110000,10.98,10.98,10.98,10.98,395,0
GRN,60,20240612,130000,10.9,10.9,10.9,10.9,10,0
GRN,60,20240612,140000,10.9,10.9,10.9,10.9,480,0
GRN,60,20240612,150000,10.88,10.88,10.88,10.88,200,0
GRN,60,20240612,160000,10.88,10.9,10.86,10.86,198,0
GRN,60,20240612,170000,10.86,10.86,10.84,10.84,482,0
GRN,60,20240613,100000,10.86,11.08,10.86,11.08,756,0
GRN,60,20240613,110000,10.92,10.92,10.84,10.84,650,0
GRN,60,20240613,120000,10.98,11.08,10.98,11.08,1000,0
GRN,60,20240613,150000,11,11.1,11,11.1,1836,0
GRN,60,20240613,170000,11,11,11,11,4,0
GRN,60,20240614,100000,10.88,11,10.88,11,48,0
GRN,60,20240614,150000,10.88,10.88,10.88,10.88,25,0
GRN,60,20240614,160000,10.88,10.96,10.88,10.96,82,0
GRN,60,20240614,170000,10.88,10.88,10.88,10.88,31,0
GRN,60,20240617,100000,10.88,10.88,10.88,10.88,40,0
GRN,60,20240617,110000,10.86,10.86,10.86,10.86,90,0
GRN,60,20240617,120000,10.86,10.86,10.84,10.84,182,0
GRN,60,20240617,130000,10.84,10.86,10.84,10.86,700,0
GRN,60,20240617,140000,10.84,10.84,10.36,10.7,3647,0
GRN,60,20240617,150000,10.54,10.7,10.5,10.68,1061,0
GRN,60,20240617,170000,10.66,10.76,10.58,10.66,1667,0
GRN,60,20240618,100000,10.74,10.76,10.5,10.52,536,0
GRN,60,20240618,110000,10.52,10.52,10.52,10.52,105,0
GRN,60,20240618,120000,10.52,10.52,10.5,10.5,348,0
GRN,60,20240618,130000,10.5,10.5,10.5,10.5,50,0
GRN,60,20240618,140000,10.5,10.5,10.5,10.5,428,0
GRN,60,20240618,170000,10.68,10.68,10.68,10.68,108,0
GRN,60,20240619,100000,10.66,10.66,10.52,10.52,29,0
GRN,60,20240619,110000,10.66,10.66,10.54,10.54,454,0
GRN,60,20240619,120000,10.54,10.54,10.5,10.5,776,0
GRN,60,20240619,130000,10.5,10.5,10.48,10.48,1030,0
GRN,60,20240619,140000,10.5,10.5,10.5,10.5,302,0
GRN,60,20240619,150000,10.5,10.5,10.48,10.48,5417,0
GRN,60,20240619,160000,10.52,10.54,10.48,10.54,5612,0
GRN,60,20240620,100000,10.64,10.7,10.64,10.7,498,0
GRN,60,20240620,110000,10.7,10.72,10.7,10.72,362,0
GRN,60,20240620,120000,10.7,10.72,10.7,10.72,83,0
GRN,60,20240620,130000,10.72,10.72,10.72,10.72,19,0
GRN,60,20240620,140000,10.66,10.66,10.66,10.66,390,0
GRN,60,20240620,150000,10.68,10.68,10.66,10.66,210,0
GRN,60,20240620,160000,10.66,10.66,10.62,10.66,114,0
GRN,60,20240621,100000,10.7,10.7,10.7,10.7,100,0
GRN,60,20240621,120000,10.62,10.62,10.62,10.62,77,0
GRN,60,20240621,130000,10.6,10.6,10.56,10.56,314,0
GRN,60,20240621,140000,10.56,10.56,10.56,10.56,133,0
GRN,60,20240621,160000,10.62,10.66,10.62,10.66,213,0
GRN,60,20240624,100000,10.64,10.64,10.64,10.64,130,0
GRN,60,20240624,110000,10.56,10.56,10.54,10.54,2200,0
GRN,60,20240624,120000,10.58,10.58,10.54,10.54,323,0
GRN,60,20240624,130000,10.6,10.6,10.44,10.44,3051,0
GRN,60,20240624,140000,10.46,10.46,10.46,10.46,200,0
GRN,60,20240624,150000,10.46,10.54,10.46,10.54,270,0
GRN,60,20240624,170000,10.56,10.56,10.56,10.56,70,0
GRN,60,20240625,100000,10.52,10.52,10.52,10.52,1,0
GRN,60,20240625,110000,10.5,10.5,10.46,10.46,306,0
GRN,60,20240625,120000,10.44,10.46,10.44,10.46,688,0
GRN,60,20240625,130000,10.48,10.5,10.46,10.46,100014,0
GRN,60,20240625,140000,10.5,10.52,10.5,10.52,100,0
GRN,60,20240625,150000,10.48,10.48,10.48,10.48,50,0
GRN,60,20240625,160000,10.48,10.48,10.48,10.48,200,0
GRN,60,20240625,170000,10.5,10.5,10.5,10.5,224,0
GRN,60,20240626,100000,10.5,10.56,10.5,10.5,526,0
GRN,60,20240626,110000,10.5,10.56,10.5,10.5,228,0
GRN,60,20240626,120000,10.5,10.5,10.5,10.5,116,0
GRN,60,20240626,130000,10.56,10.58,10.56,10.58,374,0
GRN,60,20240626,150000,10.58,10.68,10.58,10.68,872,0
GRN,60,20240626,170000,10.66,10.68,10.66,10.68,773,0
GRN,60,20240627,100000,10.74,10.74,10.74,10.74,20,0
GRN,60,20240627,110000,10.58,10.6,10.58,10.6,100,0
GRN,60,20240627,120000,10.6,10.6,10.6,10.6,20,0
GRN,60,20240627,130000,10.6,10.6,10.58,10.6,4161,0
GRN,60,20240627,150000,10.6,10.6,10.6,10.6,100,0
GRN,60,20240627,160000,10.6,10.6,10.6,10.6,500,0
GRN,60,20240628,130000,10.64,10.66,10.64,10.66,63,0
GRN,60,20240628,160000,10.64,10.64,10.64,10.64,500,0
GRN,60,20240628,170000,10.62,10.64,10.62,10.64,467,0
GRN,60,20240701,100000,10.7,10.7,10.64,10.64,90,0
GRN,60,20240701,110000,10.64,10.64,10.62,10.64,218,0
GRN,60,20240701,120000,10.64,10.64,10.64,10.64,350,0
GRN,60,20240701,130000,10.7,10.7,10.7,10.7,1,0
GRN,60,20240701,140000,10.7,10.7,10.7,10.7,99,0
GRN,60,20240701,150000,10.7,10.7,10.7,10.7,50,0
GRN,60,20240701,170000,10.74,10.82,10.7,10.82,1223,0
GRN,60,20240702,100000,10.84,10.86,10.84,10.86,51,0
GRN,60,20240702,110000,10.76,10.84,10.74,10.74,100,0
GRN,60,20240702,140000,10.74,10.78,10.66,10.78,1930,0
GRN,60,20240702,150000,10.78,10.78,10.78,10.78,200,0
GRN,60,20240702,160000,10.7,10.7,10.7,10.7,326,0
GRN,60,20240702,170000,10.88,10.88,10.7,10.7,2,0
GRN,60,20240703,100000,10.7,10.88,10.7,10.8,549,0
GRN,60,20240703,110000,10.84,10.84,10.8,10.82,542,0
GRN,60,20240703,120000,10.84,10.84,10.84,10.84,2,0
GRN,60,20240703,130000,10.84,10.84,10.72,10.8,102,0
GRN,60,20240703,140000,10.8,10.8,10.74,10.74,70,0
GRN,60,20240703,170000,10.74,10.74,10.74,10.74,100,0
GRN,60,20240704,110000,10.74,10.74,10.7,10.7,573,0
GRN,60,20240704,120000,10.7,10.7,10.7,10.7,280,0
GRN,60,20240704,130000,10.8,10.8,10.8,10.8,27,0
GRN,60,20240704,140000,10.8,10.8,10.8,10.8,622,0
GRN,60,20240704,150000,10.76,10.76,10.7,10.7,295,0
GRN,60,20240704,160000,10.7,10.7,10.7,10.7,23,0
GRN,60,20240704,170000,10.68,10.68,10.68,10.68,49,0
GRN,60,20240705,100000,10.68,10.68,10.68,10.68,58,0
GRN,60,20240705,110000,10.68,10.68,10.68,10.68,3,0
GRN,60,20240705,130000,10.68,10.68,10.68,10.68,100,0
GRN,60,20240705,140000,10.68,10.7,10.68,10.7,618,0
GRN,60,20240705,150000,10.7,10.7,10.7,10.7,322,0
GRN,60,20240705,160000,10.8,10.8,10.44,10.76,7765,0
GRN,60,20240705,170000,10.68,10.76,10.68,10.7,1998,0
GRN,60,20240708,100000,10.7,10.7,10.58,10.7,1444,0
GRN,60,20240708,110000,10.7,10.7,10.6,10.7,2226,0
GRN,60,20240708,120000,10.6,10.64,10.6,10.64,394,0
GRN,60,20240708,130000,10.7,10.7,10.7,10.7,202,0
GRN,60,20240708,160000,10.78,10.78,10.76,10.76,344,0
GRN,60,20240708,170000,10.68,10.68,10.66,10.66,370,0
GRN,60,20240709,100000,10.76,10.76,10.64,10.64,690,0
GRN,60,20240709,110000,10.7,10.7,10.68,10.7,1220,0
GRN,60,20240709,170000,10.76,10.76,10.76,10.76,10,0
GRN,60,20240710,100000,10.76,10.76,10.72,10.72,773,0
GRN,60,20240710,120000,10.72,10.72,10.72,10.72,105,0
GRN,60,20240710,130000,10.72,10.8,10.7,10.8,642,0
GRN,60,20240710,140000,10.78,10.98,10.78,10.98,715,0
GRN,60,20240710,150000,10.96,10.96,10.96,10.96,1,0
GRN,60,20240710,160000,10.9,10.9,10.9,10.9,90,0
GRN,60,20240710,170000,10.9,10.9,10.84,10.84,505,0
GRN,60,20240711,100000,10.94,10.96,10.94,10.96,106,0
GRN,60,20240711,110000,10.88,10.88,10.88,10.88,9,0
GRN,60,20240711,120000,10.88,10.88,10.88,10.88,221,0
GRN,60,20240711,160000,10.88,10.88,10.88,10.88,150,0
GRN,60,20240712,100000,10.94,10.94,10.9,10.9,543,0
GRN,60,20240712,110000,10.9,10.9,10.88,10.9,200,0
GRN,60,20240712,120000,10.96,10.96,10.96,10.96,26,0
GRN,60,20240712,130000,10.96,11.08,10.96,11.08,548,0
GRN,60,20240712,140000,11,11,11,11,95,0
GRN,60,20240712,150000,10.92,10.92,10.92,10.92,55,0
GRN,60,20240712,160000,10.96,10.98,10.96,10.98,765,0
GRN,60,20240712,170000,11,11,11,11,20,0
GRN,60,20240715,100000,11,11.04,11,11,1437,0
GRN,60,20240715,110000,11,11,10.9,10.9,255,0
GRN,60,20240715,120000,10.9,10.9,10.9,10.9,39,0
GRN,60,20240715,130000,10.9,10.9,10.9,10.9,101,0
GRN,60,20240715,150000,10.9,10.9,10.9,10.9,208,0
GRN,60,20240715,160000,10.9,10.9,10.9,10.9,50,0
GRN,60,20240715,170000,10.9,11,10.9,11,262,0
GRN,60,20240716,100000,10.9,11,10.9,10.9,925,0
GRN,60,20240716,110000,10.9,11,10.9,11,2372,0
GRN,60,20240716,120000,10.92,11,10.9,11,1092,0
GRN,60,20240716,130000,10.92,11,10.84,11,1097,0
GRN,60,20240716,140000,11,11,11,11,1040,0
GRN,60,20240716,150000,10.86,10.86,10.8,10.8,2930,0
GRN,60,20240716,160000,10.96,11,10.96,11,1186,0
GRN,60,20240716,170000,10.82,11,10.8,11,4100,0
GRN,60,20240717,100000,11,11,11,11,186,0
GRN,60,20240717,110000,11,11,10.98,11,2430,0
GRN,60,20240717,150000,10.92,10.92,10.92,10.92,100,0
GRN,60,20240717,160000,11,11,11,11,2,0
GRN,60,20240717,170000,10.92,11,10.92,11,488,0
GRN,60,20240718,100000,11,11.04,10.92,11.04,3210,0
GRN,60,20240718,110000,11.02,11.04,10.92,10.92,1557,0
GRN,60,20240718,120000,11.04,11.1,11.04,11.1,2726,0
GRN,60,20240718,130000,11.14,11.48,11.14,11.2,3971,0
GRN,60,20240718,140000,11.12,11.14,10.92,11.12,1181,0
GRN,60,20240718,160000,10.92,10.92,10.92,10.92,295,0
GRN,60,20240718,170000,10.94,11.1,10.94,11.1,590,0
GRN,60,20240719,100000,11.1,11.1,10.7,11,2558,0
GRN,60,20240719,110000,10.76,10.76,10.7,10.7,300,0
GRN,60,20240719,120000,10.72,10.72,10.72,10.72,41,0
GRN,60,20240719,130000,10.86,10.86,10.76,10.76,132,0
GRN,60,20240719,150000,10.86,10.86,10.7,10.7,5001,0
GRN,60,20240719,160000,10.7,10.7,10.7,10.7,100,0
GRN,60,20240719,170000,10.74,10.74,10.7,10.7,821,0
GRN,60,20240722,100000,11.06,11.06,10.74,10.8,753,0
GRN,60,20240722,120000,10.92,10.92,10.92,10.92,112,0
GRN,60,20240722,140000,10.9,10.9,10.9,10.9,10,0
GRN,60,20240722,150000,10.84,10.84,10.84,10.84,637,0
GRN,60,20240722,160000,10.84,10.84,10.82,10.82,108,0
GRN,60,20240722,170000,10.8,10.8,10.76,10.76,200,0
GRN,60,20240723,100000,10.84,10.84,10.84,10.84,5,0
GRN,60,20240723,120000,10.76,10.76,10.7,10.7,4856,0
GRN,60,20240723,130000,10.7,10.7,10.7,10.7,12,0
GRN,60,20240723,160000,10.66,10.66,10.66,10.66,86,0
GRN,60,20240724,100000,10.66,10.66,10.62,10.62,22,0
GRN,60,20240724,110000,10.62,10.62,10.6,10.6,259,0
GRN,60,20240724,130000,10.62,10.62,10.62,10.62,283,0
GRN,60,20240724,140000,10.66,10.66,10.66,10.66,20,0
GRN,60,20240724,160000,10.64,10.64,10.64,10.64,1,0
GRN,60,20240724,170000,10.64,10.64,10.64,10.64,1888,0
GRN,60,20240725,100000,10.6,10.62,10.3,10.62,4455,0
GRN,60,20240725,110000,10.6,10.6,10.6,10.6,1,0
GRN,60,20240725,120000,10.6,10.6,10.6,10.6,50,0
GRN,60,20240725,150000,10.6,10.6,10.6,10.6,2,0
GRN,60,20240725,160000,10.44,10.6,10.3,10.6,534,0
GRN,60,20240725,170000,10.6,10.6,10.3,10.58,216,0
GRN,60,20240726,100000,10.5,10.58,10.2,10.56,3176,0
GRN,60,20240726,110000,10.28,10.36,10.24,10.3,1155,0
GRN,60,20240726,120000,10.3,10.32,10.26,10.32,416,0
GRN,60,20240726,130000,10.32,10.32,10.24,10.32,447,0
GRN,60,20240726,140000,10.32,10.32,10.32,10.32,39,0
GRN,60,20240726,160000,10.38,10.38,10.38,10.38,16,0
GRN,60,20240726,170000,10.34,10.34,10.3,10.32,1084,0
GRN,60,20240729,100000,10.4,10.4,10.36,10.36,121,0
GRN,60,20240729,110000,10.36,10.38,10.36,10.38,425,0
GRN,60,20240729,130000,10.32,10.38,10.32,10.38,350,0
GRN,60,20240729,140000,10.34,10.34,10.18,10.2,2005,0
GRN,60,20240729,150000,10.22,10.22,10.2,10.2,808,0
GRN,60,20240729,160000,10.3,10.3,10.3,10.3,98,0
GRN,60,20240729,170000,10.2,10.2,10.18,10.18,300,0
GRN,60,20240730,100000,10.2,10.38,10.2,10.2,1027,0
GRN,60,20240730,110000,10.22,10.22,10.18,10.18,1976,0
GRN,60,20240730,120000,10.24,10.24,10.2,10.2,1970,0
GRN,60,20240730,130000,10.28,10.28,10.28,10.28,150,0
GRN,60,20240730,140000,10.3,10.36,10.3,10.36,200,0
GRN,60,20240730,160000,10.36,10.38,10.36,10.38,312,0
GRN,60,20240730,170000,10.46,10.5,10.3,10.46,1338,0
GRN,60,20240731,100000,10.24,10.24,10.2,10.2,1000,0
GRN,60,20240731,110000,10.22,10.22,10.2,10.2,1000,0
GRN,60,20240731,120000,10.36,10.36,10.36,10.36,97,0
GRN,60,20240731,130000,10.34,10.36,10.24,10.24,347,0
GRN,60,20240731,150000,10.24,10.24,10.24,10.24,81,0
GRN,60,20240731,160000,10.24,10.34,10.24,10.34,937,0
GRN,60,20240731,170000,10.34,10.34,10.34,10.34,100,0
GRN,60,20240801,100000,10.3,10.3,10.2,10.3,2912,0
GRN,60,20240801,110000,10.3,10.3,10.3,10.3,50,0
GRN,60,20240801,120000,10.22,10.22,10.22,10.22,2,0
GRN,60,20240801,130000,10.3,10.34,10.3,10.34,19,0
GRN,60,20240801,170000,10.3,10.3,10.3,10.3,48,0
GRN,60,20240802,100000,10.3,10.3,10.3,10.3,201,0
GRN,60,20240802,110000,10.3,10.5,10.16,10.22,4969,0
GRN,60,20240802,120000,10.4,11.3,10.4,11.3,14350,0
GRN,60,20240802,130000,11.3,11.3,10.86,10.96,5598,0
GRN,60,20240802,140000,11,11.12,11,11,1826,0
GRN,60,20240802,150000,11,11,10.96,10.96,1972,0
GRN,60,20240802,160000,10.96,10.96,10.82,10.82,2647,0
GRN,60,20240802,170000,10.88,10.9,10.88,10.9,40,0
GRN,60,20240805,100000,10.82,10.82,10.16,10.46,3520,0
GRN,60,20240805,110000,10.28,10.28,10.2,10.2,898,0
GRN,60,20240805,120000,10.22,10.44,10.22,10.38,665,0
GRN,60,20240805,130000,10.3,10.38,10.08,10.08,8139,0
GRN,60,20240805,140000,10.28,10.28,10.12,10.12,26,0
GRN,60,20240805,150000,10.1,10.22,10.1,10.22,225,0
GRN,60,20240805,160000,10.1,10.24,10.1,10.24,126,0
GRN,60,20240805,170000,10.3,10.4,10.3,10.38,771,0
GRN,60,20240806,100000,10.4,10.5,10.22,10.5,65,0
GRN,60,20240806,110000,10.4,10.4,10.4,10.4,209,0
GRN,60,20240806,120000,10.36,10.36,10.36,10.36,50,0
GRN,60,20240806,130000,10.4,10.4,10.34,10.4,309,0
GRN,60,20240807,100000,10.42,10.9,10.42,10.9,2487,0
GRN,60,20240807,110000,10.88,10.88,10.7,10.88,530,0
GRN,60,20240807,120000,10.88,10.9,10.88,10.88,352,0
GRN,60,20240807,130000,10.9,10.9,10.9,10.9,206,0
GRN,60,20240807,140000,10.9,10.96,10.88,10.88,164,0
GRN,60,20240807,160000,10.8,10.9,10.8,10.9,89,0
GRN,60,20240807,170000,10.72,10.9,10.72,10.82,88,0
GRN,60,20240808,100000,11,11,10.4,10.54,1223,0
GRN,60,20240808,110000,10.54,10.54,10.54,10.54,34,0
GRN,60,20240808,120000,10.6,10.7,10.6,10.6,900,0
GRN,60,20240808,130000,10.6,10.7,10.5,10.54,1528,0
GRN,60,20240808,160000,10.62,10.78,10.56,10.78,403,0
GRN,60,20240808,170000,10.7,10.7,10.58,10.58,81,0
GRN,60,20240809,100000,10.46,10.96,10.46,10.96,3202,0
GRN,60,20240809,110000,10.88,10.92,10.8,10.92,542,0
GRN,60,20240809,120000,10.88,11,10.88,11,2454,0
GRN,60,20240809,130000,11.02,11.3,11.02,11.3,3061,0
GRN,60,20240809,140000,11.12,11.12,11.12,11.12,291,0
GRN,60,20240809,150000,11.04,11.1,11,11,1546,0
GRN,60,20240809,160000,11.08,11.08,11.08,11.08,146,0
GRN,60,20240809,170000,11.08,11.32,11.08,11.2,4332,0
GRN,60,20240812,100000,11.24,11.6,11.24,11.6,8631,0
GRN,60,20240812,110000,11.56,12.2,11.56,12.14,12835,0
GRN,60,20240812,120000,11.96,12.18,11.88,11.88,3753,0
GRN,60,20240812,130000,11.62,11.8,11.6,11.8,2242,0
GRN,60,20240812,140000,11.62,11.88,11.62,11.88,7265,0
GRN,60,20240812,150000,11.82,11.88,11.74,11.74,1536,0
GRN,60,20240812,160000,11.84,11.84,11.84,11.84,241,0
GRN,60,20240812,170000,11.84,11.84,11.74,11.84,722,0
GRN,60,20240813,100000,12,12.16,12,12.02,14553,0
GRN,60,20240813,110000,12.02,12.02,11.9,11.9,2204,0
GRN,60,20240813,120000,11.9,11.92,11.9,11.92,1134,0
GRN,60,20240813,130000,11.92,11.92,11.82,11.82,1300,0
GRN,60,20240813,140000,11.94,11.94,11.82,11.82,200,0
GRN,60,20240813,150000,11.82,11.84,11.82,11.82,852,0
GRN,60,20240813,160000,11.82,11.82,11.82,11.82,10,0
GRN,60,20240813,170000,11.82,11.84,11.74,11.84,2129,0
GRN,60,20240814,100000,11.82,11.82,11.82,11.82,1311,0
GRN,60,20240814,110000,11.8,11.8,11.6,11.64,973,0
GRN,60,20240814,120000,11.64,11.64,11.62,11.62,1721,0
GRN,60,20240814,130000,11.62,11.62,11.6,11.62,241,0
GRN,60,20240814,140000,11.62,11.62,11.6,11.6,3555,0
GRN,60,20240814,150000,11.54,11.6,11.54,11.6,310,0
GRN,60,20240814,160000,11.62,11.76,11.62,11.7,80,0
GRN,60,20240814,170000,11.76,11.76,11.76,11.76,1,0
GRN,60,20240816,100000,11.64,11.8,11.64,11.78,1050,0
GRN,60,20240816,110000,11.7,11.78,11.7,11.7,677,0
GRN,60,20240816,120000,11.78,11.78,11.78,11.78,3,0
GRN,60,20240816,130000,11.7,11.78,11.58,11.78,368,0
GRN,60,20240816,140000,11.78,11.8,11.78,11.8,238,0
GRN,60,20240816,150000,11.8,11.8,11.8,11.8,5,0
GRN,60,20240816,160000,11.78,11.84,11.78,11.84,765,0
GRN,60,20240816,170000,11.84,12.3,11.84,12.28,17500,0
GRN,60,20240819,100000,12.5,12.78,12.4,12.64,25409,0
GRN,60,20240819,110000,12.64,12.72,12.64,12.64,7381,0
GRN,60,20240819,120000,12.66,12.68,12.44,12.66,3030,0
GRN,60,20240819,130000,12.46,12.46,12.3,12.4,5052,0
GRN,60,20240819,140000,12.3,12.4,11.66,11.94,10563,0
GRN,60,20240819,150000,12.28,12.28,11.96,12.28,616,0
GRN,60,20240819,160000,12.26,12.26,12.2,12.2,423,0
GRN,60,20240819,170000,12.2,12.2,11.9,12.2,3190,0
GRN,60,20240820,100000,12.26,12.3,11.7,12,4322,0
GRN,60,20240820,110000,11.86,12,11.84,12,3566,0
GRN,60,20240820,120000,12.06,12.2,12.06,12.12,2768,0
GRN,60,20240820,130000,12.1,12.1,11.96,11.96,360,0
GRN,60,20240820,150000,11.96,11.96,11.96,11.96,90,0
GRN,60,20240820,160000,12.28,12.28,12.28,12.28,476,0
GRN,60,20240820,170000,12.28,12.3,12.26,12.28,876,0
GRN,60,20240821,100000,11.9,11.9,11.42,11.72,21436,0
GRN,60,20240821,110000,11.76,11.88,11.72,11.72,11969,0
GRN,60,20240821,120000,11.88,11.88,11.72,11.74,5249,0
GRN,60,20240821,130000,11.8,11.84,11.72,11.84,780,0
GRN,60,20240821,140000,11.84,11.86,11.74,11.74,1070,0
GRN,60,20240821,150000,11.88,12.1,11.88,12.1,10752,0
GRN,60,20240821,160000,12,12,11.8,11.8,480,0
GRN,60,20240821,170000,11.88,12,11.88,12,1339,0
GRN,60,20240822,100000,12,12,11.62,11.82,2489,0
GRN,60,20240822,110000,11.82,11.84,11.7,11.84,1749,0
GRN,60,20240822,120000,11.86,11.86,11.66,11.7,1133,0
GRN,60,20240822,130000,11.68,11.76,11.66,11.76,1617,0
GRN,60,20240822,140000,11.78,11.88,11.78,11.88,884,0
GRN,60,20240822,150000,11.8,11.8,11.78,11.78,500,0
GRN,60,20240822,160000,11.78,11.8,11.62,11.62,3624,0
GRN,60,20240822,170000,11.86,11.86,11.86,11.86,1,0
GRN,60,20240823,100000,11.76,11.78,11.66,11.66,1043,0
GRN,60,20240823,110000,11.68,11.78,11.68,11.68,740,0
GRN,60,20240823,120000,11.66,11.8,11.66,11.8,190,0
GRN,60,20240823,130000,11.82,11.82,11.82,11.82,85,0
GRN,60,20240823,140000,11.82,11.82,11.82,11.82,120,0
GRN,60,20240823,150000,11.82,11.82,11.8,11.8,168,0
GRN,60,20240823,160000,11.7,11.7,11.68,11.68,980,0
GRN,60,20240823,170000,11.68,11.82,11.68,11.82,34,0
GRN,60,20240826,100000,11.8,11.8,11.7,11.7,945,0
GRN,60,20240826,110000,11.7,11.7,11.62,11.62,1148,0
GRN,60,20240826,120000,11.62,11.62,11.62,11.62,227,0
GRN,60,20240826,130000,11.62,11.62,11.62,11.62,100,0
GRN,60,20240826,160000,11.64,11.64,11.54,11.6,241,0
GRN,60,20240826,170000,11.6,11.68,11.5,11.5,4038,0
GRN,60,20240827,100000,11.34,11.4,11.02,11.22,9306,0
GRN,60,20240827,110000,11.22,11.22,11.22,11.22,700,0
GRN,60,20240827,120000,11.22,11.3,11.1,11.3,1334,0
GRN,60,20240827,130000,11.12,11.26,11.06,11.24,482,0
GRN,60,20240827,140000,11.26,11.26,11.16,11.16,185,0
GRN,60,20240827,150000,11.28,11.28,11.28,11.28,25,0
GRN,60,20240827,160000,11.18,11.18,11.12,11.12,11206,0
GRN,60,20240827,170000,11.12,11.2,11.08,11.08,1180,0
GRN,60,20240828,100000,11,11.08,10.84,11.08,3487,0
GRN,60,20240828,110000,11.04,11.04,10.92,10.92,267,0
GRN,60,20240828,120000,10.96,10.96,10.84,10.84,1126,0
GRN,60,20240828,130000,10.98,11,10.98,10.98,353,0
GRN,60,20240828,140000,11.02,11.02,11.02,11.02,185,0
GRN,60,20240828,150000,11,11,11,11,79,0
GRN,60,20240828,160000,11.02,11.04,10.98,10.98,2090,0
GRN,60,20240828,170000,11,11,10.94,11,581,0
GRN,60,20240829,100000,10.8,11.06,10.8,11,2010,0
GRN,60,20240829,110000,11.08,11.3,11.08,11.3,2291,0
GRN,60,20240829,120000,11.34,11.36,11.2,11.36,4771,0
GRN,60,20240829,130000,11.32,11.32,11.32,11.32,60,0
GRN,60,20240829,140000,11.22,11.32,11.1,11.32,1638,0
GRN,60,20240829,150000,11.1,11.1,11.1,11.1,3,0
GRN,60,20240829,160000,11.3,11.3,11.22,11.22,157,0
GRN,60,20240829,170000,11.3,11.3,11.3,11.3,24,0
GRN,60,20240830,100000,11.3,11.32,11.3,11.32,121,0
GRN,60,20240830,110000,11.18,11.18,11.18,11.18,5,0
GRN,60,20240830,120000,11.2,11.28,11.18,11.26,1024,0
GRN,60,20240830,130000,11.24,11.3,11.24,11.3,999,0
GRN,60,20240830,150000,11.24,11.24,11.24,11.24,27,0
GRN,60,20240830,160000,11.3,11.38,11.3,11.38,133,0
GRN,60,20240830,170000,11.38,11.38,11.38,11.38,642,0
GRN,60,20240902,100000,11.38,11.38,11.1,11.24,2403,0
GRN,60,20240902,110000,11.24,11.26,11.2,11.2,613,0
GRN,60,20240902,120000,11.22,11.36,11.22,11.36,1091,0
GRN,60,20240902,130000,11.36,11.36,11.36,11.36,20,0
GRN,60,20240902,140000,11.36,11.36,11.3,11.3,691,0
GRN,60,20240902,160000,11.26,11.26,11.26,11.26,150,0
GRN,60,20240902,170000,11.2,11.2,11.2,11.2,13,0
GRN,60,20240903,100000,11.3,11.3,11.3,11.3,5,0
GRN,60,20240903,110000,11.3,11.3,11.3,11.3,20,0
GRN,60,20240903,120000,11.26,11.26,11.2,11.2,400,0
GRN,60,20240903,130000,11.2,11.22,11.2,11.22,260,0
GRN,60,20240903,140000,11.22,11.22,11.22,11.22,170,0
GRN,60,20240903,150000,11.22,11.22,11.22,11.22,98,0
GRN,60,20240903,160000,11.3,11.3,11.22,11.22,570,0
GRN,60,20240903,170000,11.22,11.22,11.1,11.1,1427,0
GRN,60,20240904,100000,10.98,10.98,10.5,10.88,8847,0
GRN,60,20240904,110000,10.88,10.9,10.88,10.88,314,0
GRN,60,20240904,120000,10.88,10.9,10.76,10.76,2075,0
GRN,60,20240904,130000,10.8,10.8,10.8,10.8,922,0
GRN,60,20240904,140000,10.8,10.8,10.8,10.8,1,0
GRN,60,20240904,150000,10.8,10.8,10.66,10.8,1710,0
GRN,60,20240904,160000,10.8,10.8,10.68,10.68,418,0
GRN,60,20240904,170000,10.72,10.72,10.72,10.72,179,0
GRN,60,20240905,100000,10.72,10.72,10.68,10.68,542,0
GRN,60,20240905,110000,10.68,10.68,10.6,10.62,773,0
GRN,60,20240905,120000,10.68,10.68,10.68,10.68,128,0
GRN,60,20240905,130000,10.62,10.62,10.62,10.62,315,0
GRN,60,20240905,160000,10.64,10.72,10.64,10.72,706,0
GRN,60,20240905,170000,10.86,10.86,10.72,10.72,664,0
GRN,60,20240906,110000,10.62,10.62,10.6,10.6,452,0
GRN,60,20240906,120000,10.6,10.78,10.6,10.78,1018,0
GRN,60,20240906,130000,10.6,10.76,10.5,10.5,1509,0
GRN,60,20240906,140000,10.62,10.62,10.6,10.6,104,0
GRN,60,20240906,150000,10.6,10.6,10.6,10.6,309,0
GRN,60,20240906,160000,10.6,10.6,10.5,10.5,28,0
GRN,60,20240906,170000,10.46,10.46,10.42,10.42,1399,0
GRN,60,20240909,100000,10.44,10.44,10.2,10.4,1185,0
GRN,60,20240909,110000,10.3,10.32,10.3,10.3,2032,0
GRN,60,20240909,120000,10.3,10.3,10.22,10.22,3500,0
GRN,60,20240909,130000,10.32,10.4,10.32,10.4,911,0
GRN,60,20240909,140000,10.32,10.32,10.32,10.32,200,0
GRN,60,20240909,150000,10.36,10.36,10.28,10.28,1560,0
GRN,60,20240909,160000,10.26,10.26,10.24,10.26,645,0
GRN,60,20240909,170000,10.28,10.28,10.24,10.24,844,0
GRN,60,20240910,100000,10.24,10.3,10.24,10.28,885,0
GRN,60,20240910,110000,10.28,10.28,10.24,10.24,1018,0
GRN,60,20240910,120000,10.28,10.28,10.28,10.28,604,0
GRN,60,20240910,130000,10.28,10.3,10.28,10.3,150,0
GRN,60,20240910,140000,10.3,10.44,10.3,10.44,76,0
GRN,60,20240910,150000,10.44,10.46,10.3,10.3,850,0
GRN,60,20240910,170000,10.3,10.3,10.3,10.3,298,0
GRN,60,20240911,100000,10.3,10.3,10.3,10.3,2,0
GRN,60,20240911,120000,10.4,10.4,10.36,10.4,321,0
GRN,60,20240911,130000,10.34,10.34,10.34,10.34,137,0
GRN,60,20240911,140000,10.34,10.34,10.3,10.3,1745,0
GRN,60,20240911,150000,10.34,10.34,10.34,10.34,128,0
GRN,60,20240911,160000,10.34,10.34,10.32,10.32,100,0
GRN,60,20240911,170000,10.32,10.32,10.3,10.3,2202,0
GRN,60,20240912,100000,10.3,10.3,10.3,10.3,151,0
GRN,60,20240912,110000,10.3,10.32,10.3,10.32,489,0
GRN,60,20240912,120000,10.4,10.84,10.4,10.7,12635,0
GRN,60,20240912,130000,10.78,10.84,10.7,10.8,3605,0
GRN,60,20240912,140000,10.8,10.8,10.8,10.8,830,0
GRN,60,20240912,150000,10.84,10.84,10.8,10.8,2214,0
GRN,60,20240912,160000,10.8,10.8,10.8,10.8,518,0
GRN,60,20240912,170000,10.84,10.84,10.74,10.74,151,0
GRN,60,20240913,100000,10.86,10.86,10.5,10.5,2004,0
GRN,60,20240913,110000,10.54,10.54,10.52,10.52,439,0
GRN,60,20240913,120000,10.78,10.84,10.78,10.84,783,0
GRN,60,20240913,140000,10.86,10.86,10.86,10.86,1000,0
GRN,60,20240913,150000,10.8,10.8,10.8,10.8,1893,0
GRN,60,20240913,160000,10.64,10.64,10.62,10.62,1100,0
GRN,60,20240913,170000,10.62,10.62,10.58,10.58,9,0
GRN,60,20240916,100000,10.7,10.9,10.7,10.9,524,0
GRN,60,20240916,110000,10.8,10.8,10.8,10.8,93,0
GRN,60,20240916,120000,10.8,10.92,10.8,10.92,1546,0
GRN,60,20240916,130000,10.92,10.92,10.92,10.92,947,0
GRN,60,20240916,150000,10.84,10.84,10.84,10.84,103,0
GRN,60,20240916,170000,10.8,10.8,10.8,10.8,46,0
GRN,60,20240917,100000,10.92,10.92,10.78,10.78,10,0
GRN,60,20240917,110000,10.76,10.78,10.76,10.78,2201,0
GRN,60,20240917,120000,10.68,10.76,10.64,10.76,175,0
GRN,60,20240917,130000,10.68,10.68,10.68,10.68,130,0
GRN,60,20240917,140000,10.7,10.92,10.7,10.92,1462,0
GRN,60,20240917,150000,10.9,11,10.7,11,3061,0
GRN,60,20240917,160000,11,11.28,10.8,10.8,5768,0
GRN,60,20240917,170000,10.98,11.38,10.82,11,5605,0
GRN,60,20240918,100000,11.26,11.38,10.9,10.9,167,0
GRN,60,20240918,110000,10.9,11,10.72,11,2169,0
GRN,60,20240918,120000,10.98,10.98,10.98,10.98,2,0
GRN,60,20240918,130000,10.98,11,10.98,11,89,0
GRN,60,20240918,140000,11.1,11.1,11.1,11.1,1,0
GRN,60,20240918,150000,11,11,10.76,10.76,385,0
GRN,60,20240918,160000,10.96,10.96,10.96,10.96,10,0
GRN,60,20240918,170000,10.82,10.86,10.76,10.76,413,0
GRN,60,20240919,100000,10.74,10.74,10.72,10.72,107,0
GRN,60,20240919,110000,10.72,10.72,10.72,10.72,300,0
GRN,60,20240919,130000,10.74,10.74,10.74,10.74,1,0
GRN,60,20240919,140000,10.76,10.76,10.74,10.74,300,0
GRN,60,20240919,150000,10.74,10.74,10.74,10.74,50,0
GRN,60,20240919,160000,10.74,10.74,10.74,10.74,300,0
GRN,60,20240919,170000,10.84,10.86,10.72,10.86,2239,0
GRN,60,20240920,100000,11.14,11.16,11.14,11.16,653,0
GRN,60,20240920,110000,10.86,10.86,10.84,10.84,373,0
GRN,60,20240920,120000,10.92,10.92,10.84,10.84,300,0
GRN,60,20240920,130000,10.86,10.86,10.86,10.86,26,0
GRN,60,20240920,160000,10.9,10.9,10.86,10.86,601,0
GRN,60,20240920,170000,10.86,10.86,10.84,10.84,120,0
GRN,60,20240923,100000,10.84,10.84,10.84,10.84,130,0
GRN,60,20240923,110000,10.84,10.84,10.84,10.84,10,0
GRN,60,20240923,120000,10.74,10.74,10.72,10.72,980,0
GRN,60,20240923,150000,10.76,10.88,10.76,10.88,1139,0
GRN,60,20240923,160000,10.88,10.88,10.72,10.72,250,0
GRN,60,20240923,170000,10.9,10.9,10.9,10.9,2,0
GRN,60,20240924,100000,10.82,11,10.8,11,1113,0
GRN,60,20240924,110000,10.82,10.82,10.82,10.82,10,0
GRN,60,20240924,120000,11,11,11,11,6,0
GRN,60,20240924,130000,10.82,10.82,10.82,10.82,242,0
GRN,60,20240924,140000,10.98,11,10.98,11,304,0
GRN,60,20240924,150000,11,11,11,11,150,0
GRN,60,20240924,160000,10.82,10.82,10.82,10.82,170,0
GRN,60,20240924,170000,10.8,10.8,10.8,10.8,480,0
GRN,60,20240925,100000,10.98,11.26,10.8,11.26,5902,0
GRN,60,20240925,110000,11.26,11.26,11.02,11.02,346,0
GRN,60,20240925,120000,11,11.2,11,11.2,604,0
GRN,60,20240925,140000,11.18,11.2,11.18,11.2,891,0
GRN,60,20240925,150000,11.04,11.04,11.02,11.02,310,0
GRN,60,20240925,170000,11.2,11.2,11.2,11.2,578,0
GRN,60,20240926,100000,11,11.2,10.8,11.12,3340,0
GRN,60,20240926,110000,11.1,11.1,10.98,11,1133,0
GRN,60,20240926,120000,11.02,11.02,11,11,949,0
GRN,60,20240926,130000,11,11,11,11,824,0
GRN,60,20240926,140000,11.04,11.04,11.02,11.02,1787,0
GRN,60,20240926,170000,11.02,11.02,11,11.02,551,0
GRN,60,20240927,100000,11,11.04,11,11.02,288,0
GRN,60,20240927,110000,11,11.02,11,11.02,612,0
GRN,60,20240927,120000,11.02,11.04,11.02,11.04,3095,0
GRN,60,20240927,150000,11.1,11.1,11,11,304,0
GRN,60,20240930,100000,11.1,11.38,11.1,11.36,3153,0
GRN,60,20240930,110000,11.24,11.32,11.06,11.26,720,0
GRN,60,20240930,120000,11.26,11.28,11.26,11.28,473,0
GRN,60,20240930,130000,11.22,11.28,11.2,11.28,1407,0
GRN,60,20240930,140000,11.2,11.24,11.12,11.24,834,0
GRN,60,20240930,150000,11.2,11.2,11.2,11.2,120,0
GRN,60,20240930,160000,11.14,11.28,11.12,11.28,1442,0
GRN,60,20240930,170000,11.14,11.3,11.14,11.2,1011,0
GRN,60,20241001,100000,11.12,11.12,10.9,10.9,1851,0
GRN,60,20241001,110000,10.96,10.96,10.96,10.96,2,0
GRN,60,20241001,120000,11.02,11.02,11.02,11.02,4,0
GRN,60,20241001,140000,11.08,11.08,11.08,11.08,487,0
GRN,60,20241001,150000,11.2,11.2,11.2,11.2,6,0
GRN,60,20241001,160000,11.12,11.2,11.12,11.2,154,0
GRN,60,20241001,170000,11.02,11.02,11.02,11.02,70,0
GRN,60,20241002,110000,11.02,11.1,11,11.1,216,0
GRN,60,20241002,120000,11.1,11.14,11,11,584,0
GRN,60,20241002,130000,11,11,10.22,10.88,3016,0
GRN,60,20241002,140000,10.58,10.8,10.52,10.8,2061,0
GRN,60,20241002,150000,10.78,10.78,10.7,10.7,201,0
GRN,60,20241002,160000,10.7,10.76,10.66,10.76,218,0
GRN,60,20241002,170000,10.74,10.74,10.66,10.7,673,0
GRN,60,20241003,100000,10.6,10.74,10.52,10.74,202,0
GRN,60,20241003,110000,10.56,10.76,10.52,10.76,6781,0
GRN,60,20241003,120000,10.76,10.76,10.76,10.76,279,0
GRN,60,20241003,130000,10.7,10.76,10.6,10.76,938,0
GRN,60,20241003,140000,10.76,10.76,10.74,10.74,280,0
GRN,60,20241003,150000,10.78,10.78,10.78,10.78,10,0
GRN,60,20241003,170000,10.78,10.88,10.78,10.88,108,0
GRN,60,20241004,100000,10.84,10.84,10.46,10.7,2025,0
GRN,60,20241004,110000,10.68,10.7,10.66,10.7,1673,0
GRN,60,20241004,130000,10.7,10.72,10.5,10.5,477,0
GRN,60,20241004,160000,10.7,10.7,10.66,10.66,211,0
GRN,60,20241004,170000,10.7,10.7,10.56,10.56,1825,0
GRN,60,20241007,110000,10.56,10.56,10.56,10.56,206,0
GRN,60,20241007,120000,10.72,10.72,10.72,10.72,1,0
GRN,60,20241007,140000,10.62,10.7,10.6,10.7,2076,0
GRN,60,20241007,160000,10.62,10.62,10.62,10.62,50,0
GRN,60,20241008,100000,10.7,10.7,10.36,10.46,1120,0
GRN,60,20241008,110000,10.56,10.56,10.56,10.56,902,0
GRN,60,20241008,140000,10.58,10.58,10.56,10.56,1270,0
GRN,60,20241008,150000,10.56,10.7,10.56,10.7,49,0
GRN,60,20241008,170000,10.56,10.56,10.56,10.56,580,0
GRN,60,20241009,110000,10.6,10.6,10.6,10.6,50,0
GRN,60,20241009,120000,10.54,10.54,10.54,10.54,150,0
GRN,60,20241009,130000,10.54,10.54,10.54,10.54,52,0
GRN,60,20241009,150000,10.54,10.6,10.54,10.6,336,0
GRN,60,20241009,160000,10.6,10.6,10.6,10.6,25,0
GRN,60,20241009,170000,10.52,10.52,10.5,10.5,637,0
GRN,60,20241010,100000,10.48,10.7,10.48,10.7,1235,0
GRN,60,20241010,120000,10.72,10.78,10.7,10.7,365,0
GRN,60,20241010,130000,10.7,10.72,10.52,10.72,260,0
GRN,60,20241010,140000,10.56,10.76,10.56,10.76,284,0
GRN,60,20241010,150000,10.6,10.6,10.6,10.6,50,0
GRN,60,20241010,160000,10.6,10.6,10.56,10.56,468,0
GRN,60,20241011,100000,10.64,10.78,10.64,10.78,331,0
GRN,60,20241011,110000,10.78,10.78,10.78,10.78,1125,0
GRN,60,20241011,120000,10.78,10.78,10.78,10.78,40,0
GRN,60,20241011,130000,10.78,10.78,10.6,10.6,7,0
GRN,60,20241011,150000,10.62,10.62,10.6,10.6,324,0
GRN,60,20241011,160000,10.58,10.6,10.56,10.6,353,0
GRN,60,20241014,100000,10.66,10.88,10.54,10.54,1097,0
GRN,60,20241014,110000,10.78,10.78,10.78,10.78,1,0
GRN,60,20241014,130000,10.6,10.88,10.56,10.88,2600,0
GRN,60,20241014,150000,10.88,10.88,10.88,10.88,149,0
GRN,60,20241014,160000,10.88,10.88,10.66,10.88,445,0
GRN,60,20241014,170000,10.7,10.7,10.7,10.7,1,0
GRN,60,20241015,100000,10.74,10.86,10.7,10.86,219,0
GRN,60,20241015,120000,10.8,10.8,10.72,10.72,296,0
GRN,60,20241015,150000,10.8,10.8,10.7,10.7,1624,0
GRN,60,20241015,160000,10.7,10.7,10.68,10.68,939,0
GRN,60,20241015,170000,10.68,10.68,10.68,10.68,85,0
GRN,60,20241016,100000,10.82,10.82,10.82,10.82,46,0
GRN,60,20241016,160000,10.82,10.82,10.82,10.82,5,0
GRN,60,20241016,170000,10.82,10.96,10.82,10.86,3253,0
GRN,60,20241017,100000,11,11,11,11,455,0
GRN,60,20241017,110000,10.98,10.98,10.98,10.98,150,0
GRN,60,20241017,120000,11,11.06,11,11.06,154,0
GRN,60,20241017,130000,11.06,11.16,11.06,11.16,920,0
GRN,60,20241017,140000,11.14,11.14,11.14,11.14,138,0
GRN,60,20241017,150000,11.14,11.16,11,11,619,0
GRN,60,20241017,160000,11,11,11,11,327,0
GRN,60,20241017,170000,11.18,11.18,11.18,11.18,20,0
GRN,60,20241018,100000,11.18,11.18,11.18,11.18,371,0
GRN,60,20241018,110000,11.14,11.14,11.14,11.14,2,0
GRN,60,20241018,150000,11.1,11.1,11.1,11.1,400,0
GRN,60,20241018,160000,11,11,11,11,9,0
GRN,60,20241018,170000,11.02,11.02,11.02,11.02,313,0
GRN,60,20241021,100000,11.08,11.14,11.08,11.08,353,0
GRN,60,20241021,110000,11.08,11.08,11.08,11.08,144,0
GRN,60,20241021,130000,11.02,11.02,11.02,11.02,300,0
GRN,60,20241021,140000,11.02,11.08,11,11.08,317,0
GRN,60,20241021,150000,11.06,11.14,11.02,11.14,828,0
GRN,60,20241021,160000,11.1,11.1,11.1,11.1,77,0
GRN,60,20241021,170000,11.02,11.02,11,11,670,0
GRN,60,20241022,100000,11.06,11.08,10.94,10.94,407,0
GRN,60,20241022,120000,10.96,10.96,10.92,10.92,570,0
GRN,60,20241022,130000,10.86,10.96,10.76,10.76,468,0
GRN,60,20241022,150000,10.78,10.78,10.74,10.74,610,0
GRN,60,20241022,160000,10.74,10.74,10.72,10.72,272,0
GRN,60,20241022,170000,10.74,10.74,10.74,10.74,200,0
GRN,60,20241023,100000,10.72,10.72,10.54,10.6,1884,0
GRN,60,20241023,110000,10.6,10.6,10.56,10.56,70,0
GRN,60,20241023,120000,10.54,10.54,10.54,10.54,420,0
GRN,60,20241023,130000,10.54,10.54,10.54,10.54,200,0
GRN,60,20241023,150000,10.62,10.88,10.62,10.7,3127,0
GRN,60,20241023,170000,10.66,10.66,10.66,10.66,100,0
GRN,60,20241024,100000,10.66,10.88,10.66,10.8,1376,0
GRN,60,20241024,110000,10.8,10.86,10.8,10.8,1368,0
GRN,60,20241024,120000,10.78,10.8,10.78,10.8,3492,0
GRN,60,20241024,130000,10.8,10.8,10.8,10.8,100,0
GRN,60,20241024,150000,10.8,10.8,10.66,10.66,447,0
GRN,60,20241024,160000,10.8,10.8,10.8,10.8,2,0
GRN,60,20241024,170000,10.66,10.66,10.66,10.66,25,0
GRN,60,20241025,100000,10.7,10.7,10.7,10.7,120,0
GRN,60,20241025,110000,10.7,10.7,10.66,10.66,385,0
GRN,60,20241025,120000,10.66,10.66,10.64,10.64,298,0
GRN,60,20241025,130000,10.64,10.64,10.64,10.64,181,0
GRN,60,20241025,170000,10.66,10.8,10.66,10.8,650,0
GRN,60,20241028,100000,10.66,10.66,10.64,10.64,418,0
GRN,60,20241028,110000,10.64,10.64,10.64,10.64,100,0
GRN,60,20241028,130000,10.7,10.7,10.7,10.7,220,0
GRN,60,20241028,160000,10.68,10.68,10.68,10.68,100,0
GRN,60,20241029,120000,10.7,10.7,10.7,10.7,260,0
GRN,60,20241029,130000,10.7,10.7,10.68,10.68,104,0
GRN,60,20241029,150000,10.68,10.68,10.68,10.68,10,0
GRN,60,20241029,160000,10.68,10.68,10.68,10.68,10,0
GRN,60,20241029,170000,10.8,10.88,10.8,10.88,869,0
GRN,60,20241030,100000,10.88,10.88,10.7,10.7,628,0
GRN,60,20241030,110000,10.7,10.72,10.7,10.72,2374,0
GRN,60,20241030,120000,10.72,10.72,10.72,10.72,150,0
GRN,60,20241030,140000,10.72,10.72,10.7,10.7,1181,0
GRN,60,20241030,160000,10.7,10.7,10.7,10.7,470,0
GRN,60,20241030,170000,10.7,10.82,10.22,10.7,4417,0
GRN,60,20241031,100000,10.36,10.76,10.36,10.76,54,0
GRN,60,20241031,120000,10.74,10.74,10.74,10.74,116,0
GRN,60,20241104,100000,10.42,10.48,10.42,10.48,206,0
GRN,60,20241104,110000,10.58,10.58,10.58,10.58,15,0
GRN,60,20241104,120000,10.46,10.46,10.46,10.46,116,0
GRN,60,20241104,130000,10.46,10.46,10.46,10.46,100,0
GRN,60,20241104,150000,10.56,10.56,10.56,10.56,5,0
GRN,60,20241104,170000,10.48,10.48,10.48,10.48,50,0
GRN,60,20241105,100000,10.58,10.58,10.4,10.4,451,0
GRN,60,20241105,110000,10.48,10.48,10.48,10.48,270,0
GRN,60,20241105,140000,10.48,10.48,10.48,10.48,8,0
GRN,60,20241105,150000,10.48,10.56,10.48,10.56,145,0
GRN,60,20241106,100000,10.58,10.58,10.58,10.58,111,0
GRN,60,20241106,110000,10.58,10.58,10.58,10.58,10,0
GRN,60,20241106,120000,10.58,10.6,10.46,10.46,51,0
GRN,60,20241106,140000,10.6,10.6,10.6,10.6,1,0
GRN,60,20241106,150000,10.48,10.5,10.48,10.5,681,0
GRN,60,20241106,160000,10.5,10.54,10.5,10.54,23,0
GRN,60,20241107,100000,10.46,10.48,10.46,10.48,556,0
GRN,60,20241107,110000,10.5,10.66,10.5,10.66,509,0
GRN,60,20241107,130000,10.66,10.66,10.52,10.52,12,0
GRN,60,20241107,140000,10.54,10.54,10.54,10.54,3,0
GRN,60,20241107,170000,10.48,10.48,10.48,10.48,351,0
GRN,60,20241108,100000,10.54,10.7,10.54,10.7,368,0
GRN,60,20241108,120000,10.66,10.66,10.48,10.5,1826,0
GRN,60,20241108,130000,10.5,10.5,10.5,10.5,124,0
GRN,60,20241108,140000,10.48,10.62,10.42,10.62,581,0
GRN,60,20241108,150000,10.5,10.62,10.5,10.62,34,0
GRN,60,20241108,170000,10.62,10.62,10.62,10.62,153,0
GRN,60,20241112,100000,10.62,10.62,10.52,10.6,2625,0
GRN,60,20241112,110000,10.5,10.5,10.5,10.5,116,0
GRN,60,20241112,120000,10.5,10.5,10.48,10.48,1249,0
GRN,60,20241112,130000,10.48,10.5,10.48,10.5,655,0
GRN,60,20241112,140000,10.46,10.5,10.42,10.5,82,0
GRN,60,20241112,150000,10.42,10.42,10.42,10.42,136,0
GRN,60,20241112,160000,10.4,10.42,10.4,10.42,320,0
GRN,60,20241112,170000,10.4,10.4,10.32,10.32,117,0
GRN,60,20241113,100000,10.3,10.3,9.92,10.28,6911,0
GRN,60,20241113,110000,10.26,10.28,10.26,10.28,2627,0
GRN,60,20241113,130000,10.3,10.3,10.3,10.3,2,0
GRN,60,20241113,140000,10.3,10.3,10.3,10.3,253,0
GRN,60,20241113,150000,10.3,10.3,10.3,10.3,909,0
GRN,60,20241113,160000,10.16,10.2,10.16,10.2,109,0
GRN,60,20241113,170000,10.12,10.12,10.12,10.12,15,0
GRN,60,20241114,100000,10.2,10.2,10.1,10.1,3154,0
GRN,60,20241114,110000,10.12,10.16,10.12,10.12,1031,0
GRN,60,20241114,130000,10.16,10.16,10.16,10.16,49,0
GRN,60,20241114,140000,10.12,10.12,10.06,10.06,3450,0
GRN,60,20241114,150000,10.16,10.18,10.06,10.06,497,0
GRN,60,20241115,100000,10.08,10.08,10.04,10.06,278,0
GRN,60,20241115,110000,10.06,10.18,10.06,10.18,390,0
GRN,60,20241115,130000,10.18,10.2,10.18,10.2,273,0
GRN,60,20241115,160000,10.18,10.2,10.1,10.1,51,0
GRN,60,20241115,170000,10.48,10.48,10.48,10.48,50,0
GRN,60,20241118,100000,10.08,10.44,10.04,10.44,914,0
GRN,60,20241118,140000,10.16,10.16,10.08,10.08,125,0
GRN,60,20241118,150000,10.4,10.4,10.08,10.08,98,0
GRN,60,20241118,170000,10.2,10.22,10.2,10.22,169,0
GRN,60,20241119,100000,10.2,10.2,10.2,10.2,52,0
GRN,60,20241119,130000,10.1,10.1,10.04,10.04,1950,0
GRN,60,20241119,160000,10.06,10.06,10.04,10.04,1496,0
GRN,60,20241119,170000,10.14,10.14,10,10,742,0
GRN,60,20241120,100000,10,10.16,9.99,9.99,432,0
GRN,60,20241120,110000,9.99,9.99,9.99,9.99,10,0
GRN,60,20241120,120000,10,10,10,10,802,0
GRN,60,20241120,130000,10,10.16,10,10.14,1375,0
GRN,60,20241120,170000,10,10,10,10,9,0
GRN,60,20241121,100000,10,10,9.96,9.96,400,0
GRN,60,20241121,110000,9.91,9.91,9.9,9.9,218,0
GRN,60,20241121,120000,9.9,9.9,9.9,9.9,40,0
GRN,60,20241121,130000,9.9,9.9,9.89,9.89,487,0
GRN,60,20241121,140000,9.88,9.9,9.88,9.9,5149,0
GRN,60,20241121,150000,9.9,9.9,9.9,9.9,50,0
GRN,60,20241121,160000,9.9,9.9,9.62,9.64,1531,0
GRN,60,20241121,170000,9.95,10,9.95,10,630,0
GRN,60,20241122,110000,9.99,9.99,9.9,9.9,290,0
GRN,60,20241122,120000,9.86,9.86,9.64,9.64,1376,0
GRN,60,20241122,130000,9.79,9.8,9.67,9.68,1400,0
GRN,60,20241122,140000,9.65,9.8,9.65,9.8,227,0
GRN,60,20241122,150000,9.8,9.8,9.8,9.8,506,0
GRN,60,20241122,160000,9.7,9.98,9.7,9.98,140,0
GRN,60,20241122,170000,9.98,9.98,9.98,9.98,241,0
GRN,60,20241125,100000,9.98,9.98,9.3,9.98,3820,0
GRN,60,20241125,110000,9.6,9.6,9.6,9.6,180,0
GRN,60,20241125,120000,9.76,9.94,9.6,9.94,631,0
GRN,60,20241125,130000,9.94,9.94,9.94,9.94,211,0
GRN,60,20241125,140000,9.84,9.94,9.61,9.94,102,0
GRN,60,20241125,160000,9.94,9.94,9.94,9.94,14,0
GRN,60,20241125,170000,9.94,9.94,9.94,9.94,131,0
GRN,60,20241126,100000,9.89,9.89,9.8,9.8,513,0
GRN,60,20241126,110000,9.8,9.95,9.8,9.95,692,0
GRN,60,20241126,120000,9.94,9.94,9.94,9.94,176,0
GRN,60,20241126,130000,9.94,9.94,9.94,9.94,68,0
GRN,60,20241126,140000,9.83,9.84,9.83,9.83,222,0
GRN,60,20241126,150000,9.83,9.83,9.83,9.83,10,0
GRN,60,20241126,160000,9.94,9.95,9.94,9.95,160,0
GRN,60,20241127,100000,9.93,9.93,9.9,9.9,500,0
GRN,60,20241127,110000,9.9,9.9,9.76,9.76,1200,0
GRN,60,20241127,120000,9.76,9.8,9.76,9.8,643,0
GRN,60,20241127,130000,9.91,9.91,9.91,9.91,3,0
GRN,60,20241128,160000,9.89,9.91,9.8,9.8,371,0
GRN,60,20241128,170000,9.8,9.8,9.41,9.78,2305,0
GRN,60,20241129,100000,9.62,9.67,9.62,9.67,489,0
GRN,60,20241129,120000,9.66,9.7,9.66,9.7,478,0
GRN,60,20241129,130000,9.89,9.9,9.62,9.62,734,0
GRN,60,20241202,100000,9.53,9.53,9.29,9.29,8708,0
GRN,60,20241202,110000,9.2,9.25,8.86,9,2540,0
GRN,60,20241202,120000,9.02,9.16,8.93,9,3498,0
GRN,60,20241202,130000,9,9,8.95,8.95,5792,0
GRN,60,20241202,140000,9,9,8.94,9,4008,0
GRN,60,20241202,150000,9,9.13,8.96,9.13,1145,0
GRN,60,20241202,160000,9.1,9.1,8.96,9.02,1587,0
GRN,60,20241202,170000,9.09,9.09,9.03,9.09,405,0
GRN,60,20241203,100000,9.02,9.09,9,9,4081,0
GRN,60,20241203,110000,9,9.02,8.85,8.85,4273,0
GRN,60,20241203,120000,8.94,8.94,8.85,8.85,805,0
GRN,60,20241203,130000,8.94,8.94,8.85,8.85,107,0
GRN,60,20241203,140000,8.86,8.92,8.85,8.86,1228,0
GRN,60,20241203,150000,8.87,8.87,8.85,8.85,1214,0
GRN,60,20241203,160000,8.85,8.9,8.81,8.9,1021,0
GRN,60,20241203,170000,8.9,8.9,8.9,8.9,71,0
GRN,60,20241204,100000,8.8,8.89,8.78,8.8,4313,0
GRN,60,20241204,110000,8.8,8.86,8.8,8.85,1683,0
GRN,60,20241204,120000,8.83,8.83,8.78,8.8,1958,0
GRN,60,20241204,130000,8.8,8.85,8.8,8.84,3571,0
GRN,60,20241204,160000,8.84,8.84,8.84,8.84,169,0
GRN,60,20241204,170000,8.87,8.89,8.86,8.86,1837,0
GRN,60,20241205,100000,8.12,8.5,8.1,8.3,19763,0
GRN,60,20241205,110000,8.3,8.35,8.2,8.35,4661,0
GRN,60,20241205,120000,8.25,8.45,8.25,8.45,6763,0
GRN,60,20241205,130000,8.45,8.45,8.4,8.41,2331,0
GRN,60,20241205,140000,8.4,8.5,8.4,8.46,5213,0
GRN,60,20241205,150000,8.59,8.6,8.41,8.5,2256,0
GRN,60,20241205,160000,8.42,8.42,8.36,8.4,5593,0
GRN,60,20241205,170000,8.49,8.5,8.45,8.45,330,0
GRN,60,20241206,100000,8.45,8.45,8.35,8.41,9960,0
GRN,60,20241206,110000,8.41,8.45,8.35,8.35,4326,0
GRN,60,20241206,120000,8.45,8.69,8.35,8.6,5498,0
GRN,60,20241206,130000,8.6,8.6,8.5,8.58,1504,0
GRN,60,20241206,140000,8.57,8.57,8.5,8.57,451,0
GRN,60,20241206,150000,8.57,8.57,8.5,8.5,163,0
GRN,60,20241206,160000,8.5,8.57,8.45,8.56,487,0
GRN,60,20241206,170000,8.42,8.42,8.36,8.36,1664,0
GRN,60,20241209,100000,8.54,8.54,8.4,8.53,1420,0
GRN,60,20241209,110000,8.5,8.54,8.5,8.52,4457,0
GRN,60,20241209,120000,8.53,8.53,8.5,8.5,938,0
GRN,60,20241209,130000,8.5,8.5,8.5,8.5,1484,0
GRN,60,20241209,140000,8.42,8.49,8.39,8.49,311,0
GRN,60,20241209,150000,8.41,8.41,8.41,8.41,479,0
GRN,60,20241209,160000,8.44,8.44,8.42,8.44,2440,0
GRN,60,20241209,170000,8.48,8.48,8.46,8.47,1240,0
GRN,60,20241210,100000,8.39,8.4,8.37,8.37,966,0
GRN,60,20241210,110000,8.37,8.37,8.35,8.35,2010,0
GRN,60,20241210,120000,8.35,8.4,8.35,8.4,5920,0
GRN,60,20241210,130000,8.4,8.4,8.4,8.4,510,0
GRN,60,20241210,140000,8.35,8.4,8.35,8.4,5053,0
GRN,60,20241210,150000,8.45,8.5,8.45,8.5,2000,0
GRN,60,20241210,160000,8.48,8.56,8.4,8.4,4488,0
GRN,60,20241210,170000,8.41,8.41,8.4,8.4,1067,0
GRN,60,20241211,100000,8.53,8.53,8.38,8.38,760,0
GRN,60,20241211,110000,8.36,8.4,8.35,8.4,2865,0
GRN,60,20241211,120000,8.4,8.49,8.4,8.47,173,0
GRN,60,20241211,130000,8.47,8.47,8.47,8.47,2000,0
GRN,60,20241211,140000,8.48,8.48,8.36,8.36,1302,0
GRN,60,20241211,150000,8.46,8.46,8.46,8.46,11,0
GRN,60,20241211,160000,8.36,8.36,8.36,8.36,358,0
GRN,60,20241211,170000,8.36,8.42,8.36,8.41,483,0
GRN,60,20241212,100000,8.35,8.56,8.35,8.56,2102,0
GRN,60,20241212,110000,8.39,8.49,8.39,8.49,91,0
GRN,60,20241212,120000,8.49,8.5,8.38,8.5,5294,0
GRN,60,20241212,130000,8.39,8.53,8.37,8.48,1114,0
GRN,60,20241212,140000,8.48,8.48,8.46,8.46,152,0
GRN,60,20241212,150000,8.46,8.52,8.46,8.52,1548,0
GRN,60,20241212,160000,8.47,8.47,8.47,8.47,180,0
GRN,60,20241213,100000,8.35,8.4,8.35,8.4,1074,0
GRN,60,20241213,110000,8.45,8.58,8.45,8.55,3083,0
GRN,60,20241213,120000,8.58,8.64,8.53,8.64,1794,0
GRN,60,20241213,130000,8.65,8.69,8.61,8.66,466,0
GRN,60,20241213,140000,8.69,8.82,8.69,8.8,5276,0
GRN,60,20241213,150000,8.8,8.8,8.8,8.8,141,0
GRN,60,20241213,160000,8.87,8.93,8.82,8.89,1889,0
GRN,60,20241213,170000,8.82,8.93,8.8,8.9,795,0
GRN,60,20241216,100000,8.9,8.98,8.52,8.82,7705,0
GRN,60,20241216,110000,8.94,9.17,8.93,9.16,4964,0
GRN,60,20241216,120000,9.16,9.38,9.06,9.15,1176,0
GRN,60,20241216,130000,9.15,9.2,9.15,9.2,269,0
GRN,60,20241216,140000,9.15,9.15,9.1,9.1,932,0
GRN,60,20241216,150000,9.1,9.14,9.1,9.14,45,0
GRN,60,20241216,160000,9.14,9.14,9.14,9.14,362,0
GRN,60,20241216,170000,9.1,9.1,8.78,9.05,1504,0
GRN,60,20241217,100000,9.05,9.05,9,9,1394,0
GRN,60,20241217,110000,9,9.03,9,9.03,1321,0
GRN,60,20241217,120000,9,9,8.91,8.92,6767,0
GRN,60,20241217,130000,8.91,9,8.91,9,710,0
GRN,60,20241217,140000,9,9,9,9,179,0
GRN,60,20241217,150000,9,9,9,9,1042,0
GRN,60,20241217,160000,8.95,8.95,8.95,8.95,20,0
GRN,60,20241217,170000,8.96,9,8.95,9,1792,0
GRN,60,20241218,100000,9.03,9.15,9,9.15,1979,0
GRN,60,20241218,110000,9.13,9.13,8.96,9.13,2745,0
GRN,60,20241218,120000,9.1,9.1,9,9,315,0
GRN,60,20241218,130000,9.07,9.1,9,9.1,177,0
GRN,60,20241218,140000,9,9.1,9,9.1,1234,0
GRN,60,20241218,150000,9,9.1,9,9.1,710,0
GRN,60,20241218,170000,9.1,9.1,9.1,9.1,44,0
GRN,60,20241219,100000,9,9,8.98,8.98,868,0
GRN,60,20241219,110000,8.99,9,8.97,8.97,601,0
GRN,60,20241219,120000,8.93,8.93,8.9,8.9,4615,0
GRN,60,20241219,130000,8.97,9.08,8.92,9,5566,0
GRN,60,20241219,140000,9.1,9.1,8.95,8.95,125,0
GRN,60,20241219,150000,8.96,8.96,8.95,8.95,1500,0
GRN,60,20241219,170000,9.04,9.09,9.04,9.09,909,0
GRN,60,20241220,100000,8.91,9.09,8.91,9.04,892,0
GRN,60,20241220,110000,9.09,9.09,8.96,9.07,988,0
GRN,60,20241220,120000,8.96,9.05,8.91,9.05,1667,0
GRN,60,20241220,130000,8.99,9.06,8.96,9.06,323,0
GRN,60,20241220,140000,9,9.06,9,9,350,0
GRN,60,20241220,150000,8.99,9.08,8.96,9.08,1886,0
GRN,60,20241220,160000,8.97,8.97,8.97,8.97,55,0
GRN,60,20241220,170000,8.97,9.03,8.9,8.98,1728,0
GRN,60,20241223,100000,8.98,9.07,8.62,8.93,4854,0
GRN,60,20241223,110000,8.91,8.91,8.5,8.67,31473,0
GRN,60,20241223,120000,8.65,8.9,8.65,8.85,5680,0
GRN,60,20241223,130000,8.8,8.8,8.7,8.71,3100,0
GRN,60,20241223,140000,8.72,8.72,8.7,8.7,2450,0
GRN,60,20241223,150000,8.7,8.81,8.7,8.81,1635,0
GRN,60,20241223,160000,8.8,8.84,8.8,8.84,1871,0
GRN,60,20241223,170000,8.8,8.93,8.8,8.9,1425,0
GRN,60,20241227,100000,8.9,8.9,8.85,8.85,3201,0
GRN,60,20241227,110000,8.84,8.84,8.81,8.81,171,0
GRN,60,20241227,120000,8.81,8.81,8.8,8.8,633,0
GRN,60,20241227,130000,8.85,8.85,8.81,8.85,787,0
GRN,60,20241227,140000,8.81,8.81,8.75,8.75,999,0
GRN,60,20241227,150000,8.75,8.75,8.75,8.75,225,0
GRN,60,20241227,160000,8.85,8.85,8.85,8.85,56,0
GRN,60,20241227,170000,8.83,8.85,8.83,8.85,88,0
GRN,60,20241230,100000,8.85,8.87,8.8,8.82,1884,0
GRN,60,20241230,110000,8.84,8.93,8.84,8.93,350,0
GRN,60,20241230,120000,8.93,8.94,8.93,8.94,54,0
GRN,60,20241230,130000,8.97,8.98,8.88,8.9,9642,0
GRN,60,20241230,140000,8.98,8.98,8.95,8.95,244,0
GRN,60,20241230,150000,8.9,8.9,8.8,8.81,6300,0
GRN,60,20241230,160000,8.81,8.91,8.8,8.9,4281,0
GRN,60,20241230,170000,8.83,8.98,8.82,8.97,1535,0
GRN,60,20250102,100000,8.97,8.97,8.65,8.97,1936,0
GRN,60,20250102,120000,8.97,9,8.97,9,2215,0
GRN,60,20250102,130000,9.01,9.09,9.01,9.09,1500,0
GRN,60,20250102,140000,9.01,9.09,9.01,9.09,109,0
GRN,60,20250102,150000,9.09,9.09,9.09,9.09,108,0
GRN,60,20250102,160000,9.03,9.03,9.01,9.01,495,0
GRN,60,20250102,170000,9.01,9.2,9.01,9.2,274,0
GRN,60,20250103,100000,9.19,9.19,9.19,9.19,2,0
GRN,60,20250103,110000,9.04,9.37,9.04,9.34,689,0
GRN,60,20250103,120000,9.24,9.37,9.24,9.35,176,0
GRN,60,20250103,130000,9.3,9.3,8.9,9.27,3412,0
GRN,60,20250103,140000,9.27,9.36,9.25,9.25,3090,0
GRN,60,20250103,150000,9.25,9.33,8.94,9.19,401,0
GRN,60,20250103,160000,9.14,9.31,9.02,9.04,636,0
GRN,60,20250103,170000,9.04,9.31,9.04,9.31,202,0
GRN,60,20250107,100000,9.31,9.39,9.18,9.18,187,0
GRN,60,20250107,110000,9.29,9.29,9.18,9.18,55,0
GRN,60,20250107,120000,9.28,9.28,9.28,9.28,5,0
GRN,60,20250107,130000,9.28,9.28,9.27,9.27,331,0
GRN,60,20250107,150000,9.25,9.25,9.25,9.25,5,0
GRN,60,20250107,170000,9.18,9.18,9.14,9.18,167,0
GRN,60,20250108,100000,9.29,9.29,9.09,9.09,52,0
GRN,60,20250108,110000,9.09,9.14,8.91,8.91,388,0
GRN,60,20250108,130000,8.99,8.99,8.99,8.99,2,0
GRN,60,20250108,140000,9,9.09,9,9.09,991,0
GRN,60,20250108,160000,8.97,9.08,8.97,9.08,155,0
GRN,60,20250109,110000,8.94,9.08,8.94,9.08,2838,0
GRN,60,20250109,120000,9.08,9.34,9.08,9.3,1302,0
GRN,60,20250109,130000,9.28,9.28,9.02,9.02,101,0
GRN,60,20250109,140000,9.25,9.25,9.25,9.25,1,0
GRN,60,20250109,170000,9.15,9.26,9.15,9.26,984,0
GRN,60,20250110,100000,9.04,9.04,9,9,651,0
GRN,60,20250110,110000,9.08,9.15,9.08,9.15,1055,0
GRN,60,20250110,140000,9.12,9.34,9.12,9.33,1249,0
GRN,60,20250110,150000,9.29,9.34,8.9,9.32,2227,0
GRN,60,20250110,160000,9.3,9.43,9.29,9.43,4819,0
GRN,60,20250110,170000,9.35,9.35,9.35,9.35,215,0
GRN,60,20250113,100000,9.02,9.28,9.01,9.28,2751,0
GRN,60,20250113,120000,9.14,9.14,9.14,9.14,17,0
GRN,60,20250113,130000,9.28,9.28,9.28,9.28,32,0
GRN,60,20250113,150000,9.14,9.15,9.13,9.14,115,0
GRN,60,20250113,170000,9.2,9.27,9.2,9.27,16,0
GRN,60,20250114,100000,9.27,9.27,9.03,9.05,543,0
GRN,60,20250114,110000,9.06,9.06,9.06,9.06,2,0
GRN,60,20250114,130000,9.07,9.07,9.07,9.07,30,0
GRN,60,20250114,140000,9.07,9.07,9.06,9.06,150,0
GRN,60,20250114,150000,9.1,9.1,9.1,9.1,130,0
GRN,60,20250114,160000,9.14,9.33,9.14,9.33,517,0
GRN,60,20250114,170000,9.31,9.32,9.21,9.32,124,0
GRN,60,20250115,100000,9.28,9.3,9.12,9.3,525,0
GRN,60,20250115,110000,9.19,9.3,9.06,9.3,312,0
GRN,60,20250115,130000,9.29,9.29,9.26,9.26,28,0
GRN,60,20250115,160000,9.26,9.26,9.26,9.26,10,0
GRN,60,20250115,170000,9.19,9.44,9.14,9.44,1732,0
GRN,60,20250116,100000,9.47,9.61,9.47,9.5,3681,0
GRN,60,20250116,110000,9.5,9.5,9.5,9.5,333,0
GRN,60,20250116,120000,9.47,9.5,9.45,9.5,1555,0
GRN,60,20250116,130000,9.48,9.48,9.48,9.48,393,0
GRN,60,20250116,140000,9.48,9.5,9.48,9.5,1231,0
GRN,60,20250116,150000,9.5,9.5,9.5,9.5,54,0
GRN,60,20250116,170000,9.48,10.2,9.45,10,12339,0
GRN,60,20250117,100000,10.2,10.2,10,10.06,8620,0
GRN,60,20250117,110000,10.2,10.34,10.08,10.2,4044,0
GRN,60,20250117,120000,10.18,10.3,10.08,10.3,4349,0
GRN,60,20250117,130000,10.28,10.4,10.28,10.4,311,0
GRN,60,20250117,140000,10.38,10.38,10.28,10.28,2295,0
GRN,60,20250117,150000,10.18,10.28,10.1,10.22,1572,0
GRN,60,20250117,160000,10.1,10.22,10.1,10.18,763,0
GRN,60,20250117,170000,10.1,10.32,10.08,10.3,4747,0
GRN,60,20250120,100000,10.26,10.48,10.1,10.46,5736,0
GRN,60,20250120,110000,10.3,10.3,10.3,10.3,60,0
GRN,60,20250120,120000,10.3,10.38,10.22,10.38,386,0
GRN,60,20250120,130000,10.24,10.38,10.2,10.2,582,0
GRN,60,20250120,140000,10.22,10.22,10.2,10.2,501,0
GRN,60,20250120,170000,10.32,10.32,10.2,10.2,421,0
GRN,60,20250121,100000,10.22,10.24,10.22,10.24,54,0
GRN,60,20250121,110000,10.24,10.3,10.14,10.3,1246,0
GRN,60,20250121,120000,10.14,10.22,10.02,10.16,2433,0
GRN,60,20250121,130000,10.18,10.18,10.04,10.14,495,0
GRN,60,20250121,140000,10.04,10.04,10.04,10.04,10,0
GRN,60,20250121,150000,10.04,10.4,10.04,10.4,576,0
GRN,60,20250121,160000,10.16,10.34,10.16,10.34,169,0
GRN,60,20250121,170000,10.18,10.36,10.08,10.36,625,0
GRN,60,20250122,100000,10.3,10.46,10.3,10.44,1310,0
GRN,60,20250122,110000,10.36,10.46,10.3,10.46,758,0
GRN,60,20250122,120000,10.46,10.46,10.46,10.46,70,0
GRN,60,20250122,130000,10.44,10.48,10.14,10.24,5259,0
GRN,60,20250122,140000,10.24,10.38,10.24,10.32,1888,0
GRN,60,20250122,170000,10.22,10.22,10.2,10.2,535,0
GRN,60,20250123,100000,10.3,10.3,10.1,10.28,1344,0
GRN,60,20250123,110000,10.28,10.3,10.28,10.3,172,0
GRN,60,20250123,130000,10.28,10.28,10.28,10.28,100,0
GRN,60,20250123,140000,10.28,10.28,10.28,10.28,50,0
GRN,60,20250123,160000,10.26,10.26,10.12,10.12,1715,0
GRN,60,20250123,170000,10.2,10.2,10.12,10.12,61,0
GRN,60,20250124,100000,10.1,10.2,10.1,10.2,2324,0
GRN,60,20250124,110000,10.16,10.16,10.16,10.16,9,0
GRN,60,20250124,120000,10.12,10.14,10.12,10.14,464,0
GRN,60,20250124,140000,10.14,10.14,10.14,10.14,194,0
GRN,60,20250124,160000,10.14,10.2,10.12,10.12,1407,0
GRN,60,20250124,170000,10.12,10.12,10.12,10.12,127,0
GRN,60,20250127,100000,10,10,9.9,9.9,4157,0
GRN,60,20250127,110000,9.9,9.9,9.9,9.9,300,0
GRN,60,20250127,130000,9.95,9.95,9.95,9.95,187,0
GRN,60,20250127,140000,9.92,9.92,9.92,9.92,50,0
GRN,60,20250127,150000,9.92,9.92,9.92,9.92,265,0
GRN,60,20250127,160000,9.92,9.92,9.9,9.9,2609,0
GRN,60,20250127,170000,9.86,9.89,9.86,9.89,263,0
GRN,60,20250128,100000,9.89,10.04,9.89,10.04,202,0
GRN,60,20250128,110000,10.1,10.1,10.1,10.1,103,0
GRN,60,20250128,120000,10.1,10.14,10.1,10.14,194,0
GRN,60,20250128,130000,10.14,10.16,10.14,10.16,70,0
GRN,60,20250128,140000,10.1,10.1,10.1,10.1,830,0
GRN,60,20250128,160000,10.06,10.06,10.06,10.06,1047,0
GRN,60,20250129,100000,10.06,10.06,10,10,361,0
GRN,60,20250129,110000,10,10.02,10,10.02,131,0
GRN,60,20250129,120000,10,10,10,10,35,0
GRN,60,20250129,130000,10,10,9.86,9.86,712,0
GRN,60,20250129,140000,9.86,9.86,9.86,9.86,24,0
GRN,60,20250129,160000,9.91,9.91,9.9,9.9,350,0
GRN,60,20250129,170000,9.9,9.9,9.9,9.9,79,0
GRN,60,20250130,100000,9.9,10,9.9,9.9,2304,0
GRN,60,20250130,120000,10,10,9.9,9.9,471,0
GRN,60,20250130,140000,10,10,9.91,9.91,305,0
GRN,60,20250131,100000,9.83,9.83,9.83,9.83,37,0
GRN,60,20250131,110000,9.84,9.84,9.82,9.82,538,0
GRN,60,20250131,120000,9.82,9.82,9.8,9.8,995,0
GRN,60,20250131,130000,9.8,9.85,9.8,9.85,1010,0
GRN,60,20250131,140000,9.8,9.8,9.8,9.8,590,0
GRN,60,20250131,150000,9.8,9.8,9.8,9.8,100,0
GRN,60,20250131,160000,9.8,9.85,9.74,9.85,1583,0
GRN,60,20250131,170000,9.85,9.98,9.85,9.98,153,0
GRN,60,20250203,100000,9.8,9.94,9.8,9.94,201,0
GRN,60,20250203,110000,9.76,9.91,9.76,9.81,411,0
GRN,60,20250203,130000,9.81,9.81,9.81,9.81,50,0
GRN,60,20250203,160000,9.81,9.81,9.8,9.8,791,0
GRN,60,20250204,100000,9.8,9.8,9.8,9.8,250,0
GRN,60,20250204,110000,9.7,9.7,9.33,9.5,1509,0
GRN,60,20250204,120000,9.51,9.79,9.51,9.79,1458,0
GRN,60,20250204,130000,9.78,9.78,9.78,9.78,622,0
GRN,60,20250204,140000,9.69,9.73,9.69,9.73,3,0
GRN,60,20250204,150000,9.69,9.7,9.51,9.68,516,0
GRN,60,20250204,160000,9.61,9.68,9.61,9.68,44,0
GRN,60,20250204,170000,9.67,9.7,9.51,9.7,279,0
GRN,60,20250205,100000,9.6,9.69,9.5,9.67,3293,0
GRN,60,20250205,110000,9.67,9.67,9.55,9.55,200,0
GRN,60,20250205,120000,9.65,9.69,9.53,9.57,513,0
GRN,60,20250205,130000,9.55,9.64,9.52,9.52,202,0
GRN,60,20250205,160000,9.67,9.69,9.67,9.68,15,0
GRN,60,20250205,170000,9.69,9.69,9.59,9.69,612,0
GRN,60,20250206,100000,9.59,9.8,9.59,9.8,1041,0
GRN,60,20250206,110000,9.7,10,9.7,9.97,2242,0
GRN,60,20250206,120000,9.97,9.97,9.71,9.71,816,0
GRN,60,20250206,130000,9.95,10.04,9.74,10,1326,0
GRN,60,20250206,140000,10,10.04,10,10.04,549,0
GRN,60,20250206,150000,9.84,10,9.84,10,230,0
GRN,60,20250206,170000,9.97,10.1,9.85,9.92,3081,0
GRN,60,20250207,100000,9.86,9.86,9.86,9.86,200,0
GRN,60,20250207,110000,9.95,9.95,9.95,9.95,2,0
GRN,60,20250207,120000,10.08,10.08,9.9,9.9,184,0
GRN,60,20250207,130000,9.98,9.98,9.9,9.9,158,0
GRN,60,20250207,140000,9.91,9.91,9.86,9.86,953,0
GRN,60,20250207,150000,9.9,10.06,9.9,10,280,0
GRN,60,20250207,160000,10,10.06,10,10.02,351,0
GRN,60,20250207,170000,10.04,10.04,10.02,10.04,179,0
GRN,60,20250210,100000,10.08,10.3,10.08,10.3,3541,0
GRN,60,20250210,110000,10.36,10.48,10.3,10.48,1391,0
GRN,60,20250210,120000,10.48,10.5,10.46,10.46,1212,0
GRN,60,20250210,130000,10.4,10.5,10.32,10.5,866,0
GRN,60,20250210,140000,10.48,10.5,10.4,10.5,2456,0
GRN,60,20250210,150000,10.46,10.46,10.32,10.42,300,0
GRN,60,20250210,160000,10.36,10.48,10.34,10.48,429,0
GRN,60,20250210,170000,10.48,10.48,10.36,10.36,1054,0
GRN,60,20250211,100000,10.4,10.4,10.36,10.36,1469,0
GRN,60,20250211,110000,10.36,10.4,10.32,10.32,738,0
GRN,60,20250211,130000,10.4,10.48,10.4,10.48,470,0
GRN,60,20250211,140000,10.44,10.44,10.42,10.44,350,0
GRN,60,20250211,150000,10.44,10.44,10.44,10.44,170,0
GRN,60,20250211,160000,10.4,10.4,10.36,10.36,619,0
GRN,60,20250211,170000,10.36,10.46,10.36,10.46,417,0
GRN,60,20250212,100000,10.46,10.5,10.36,10.5,1187,0
GRN,60,20250212,110000,10.5,10.5,10.44,10.44,510,0
GRN,60,20250212,120000,10.44,10.48,10.36,10.38,1019,0
GRN,60,20250212,130000,10.38,10.38,10.34,10.34,1032,0
GRN,60,20250212,140000,10.3,10.32,10.2,10.32,701,0
GRN,60,20250212,150000,10.3,10.32,10.3,10.32,70,0
GRN,60,20250212,160000,10.26,10.32,10.1,10.1,956,0
GRN,60,20250212,170000,10.16,10.16,10.1,10.12,406,0
GRN,60,20250213,100000,10.04,10.26,10.04,10.26,2617,0
GRN,60,20250213,120000,10.26,10.26,10.26,10.26,13,0
GRN,60,20250213,130000,10.26,10.36,10.14,10.32,708,0
GRN,60,20250213,140000,10.32,10.36,10.32,10.36,76,0
GRN,60,20250213,150000,10.36,10.36,10.36,10.36,46,0
GRN,60,20250213,160000,10.26,10.36,10.26,10.36,49,0
GRN,60,20250214,100000,10.4,10.4,10.18,10.36,1137,0
GRN,60,20250214,110000,10.2,10.36,10.2,10.24,1137,0
GRN,60,20250214,120000,10.24,10.36,10.1,10.32,1724,0
GRN,60,20250214,130000,10.3,10.3,10.18,10.28,51,0
GRN,60,20250214,140000,10.26,10.34,10.26,10.34,631,0
GRN,60,20250214,160000,10.3,10.34,10.3,10.34,441,0
GRN,60,20250214,170000,10.24,10.36,10.2,10.36,659,0
GRN,60,20250217,100000,10.38,10.38,10.36,10.36,33,0
GRN,60,20250217,110000,10.32,10.32,10.32,10.32,1,0
GRN,60,20250217,120000,10.36,10.4,10.34,10.34,201,0
GRN,60,20250217,140000,10.38,10.4,10.38,10.4,270,0
GRN,60,20250217,150000,10.38,10.38,10.34,10.36,1216,0
GRN,60,20250217,160000,10.34,10.36,10.3,10.3,862,0
GRN,60,20250217,170000,10.3,10.34,10.3,10.34,290,0
GRN,60,20250218,100000,10.38,10.38,10.38,10.38,74,0
GRN,60,20250218,110000,10.36,10.36,10.36,10.36,50,0
GRN,60,20250218,120000,10.34,10.36,10.34,10.36,1000,0
GRN,60,20250218,130000,10.34,10.34,10.2,10.32,1306,0
GRN,60,20250218,150000,10.22,10.36,10.22,10.36,484,0
GRN,60,20250218,160000,10.26,10.36,10.2,10.22,991,0
GRN,60,20250218,170000,10.2,10.36,10.2,10.2,776,0
GRN,60,20250219,100000,10,10.3,10,10.22,6430,0
GRN,60,20250219,110000,10.14,10.14,10,10.14,204,0
GRN,60,20250219,120000,10.1,10.1,9.78,9.78,778,0
GRN,60,20250219,130000,9.83,9.85,9.83,9.85,238,0
GRN,60,20250219,140000,9.97,10.12,9.97,10.04,69,0
GRN,60,20250219,150000,10.06,10.3,10.06,10.3,1171,0
GRN,60,20250219,160000,10.1,10.1,10.1,10.1,1,0
GRN,60,20250219,170000,10.1,10.1,10,10,178,0
GRN,60,20250220,100000,10,10,9.83,9.88,1200,0
GRN,60,20250220,110000,9.93,9.98,9.86,9.86,470,0
GRN,60,20250220,120000,9.85,9.97,9.84,9.95,1101,0
GRN,60,20250220,130000,9.95,10.86,9.95,10.66,8226,0
GRN,60,20250220,140000,10.66,10.9,10.6,10.8,16404,0
GRN,60,20250220,150000,10.8,10.8,10.64,10.64,3177,0
GRN,60,20250220,160000,10.78,10.82,10.7,10.78,1394,0
GRN,60,20250220,170000,10.82,10.9,10.78,10.9,2503,0
GRN,60,20250221,100000,10.9,11.18,10.74,11.18,13825,0
GRN,60,20250221,110000,11.18,11.38,11.18,11.32,4337,0
GRN,60,20250221,120000,11.12,11.24,11.02,11.24,480,0
GRN,60,20250221,130000,11.04,11.04,11.04,11.04,27,0
GRN,60,20250221,140000,11.04,11.04,11.02,11.02,21,0
GRN,60,20250221,160000,11.04,11.04,10.9,10.9,356,0
GRN,60,20250221,170000,10.94,11,10.92,11,386,0
GRN,60,20250224,100000,11,11,10.9,11,853,0
GRN,60,20250224,140000,11,11.02,11,11.02,130,0
GRN,60,20250224,150000,10.92,11,10.8,11,3033,0
GRN,60,20250224,160000,11,11.18,11,11.18,4027,0
GRN,60,20250224,170000,11.16,11.16,10.74,10.84,1910,0
GRN,60,20250225,100000,11,11.1,11,11.1,225,0
GRN,60,20250225,110000,11,11,10.86,10.9,628,0
GRN,60,20250225,120000,10.9,10.9,10.9,10.9,4,0
GRN,60,20250225,130000,10.96,11.1,10.96,11.1,2174,0
GRN,60,20250225,140000,11.1,11.1,11.1,11.1,267,0
GRN,60,20250225,150000,11.1,11.1,11.1,11.1,20,0
GRN,60,20250225,160000,11.1,11.1,11.04,11.04,105,0
GRN,60,20250225,170000,11.02,11.02,11,11,2528,0
GRN,60,20250226,100000,11.14,11.8,11.02,11.74,30927,0
GRN,60,20250226,110000,11.44,11.52,11.36,11.42,2380,0
GRN,60,20250226,120000,11.44,11.68,11.44,11.48,1897,0
GRN,60,20250226,130000,11.5,11.5,11.44,11.44,800,0
GRN,60,20250226,140000,11.44,11.44,11.42,11.42,307,0
GRN,60,20250226,150000,11.42,11.42,11.42,11.42,112,0
GRN,60,20250226,160000,11.58,11.7,11.52,11.7,1649,0
GRN,60,20250226,170000,11.58,11.68,11.58,11.58,1424,0
GRN,60,20250227,100000,11.6,11.74,11.6,11.68,1509,0
GRN,60,20250227,110000,11.6,11.66,11.6,11.66,386,0
GRN,60,20250227,120000,11.64,11.64,11.64,11.64,25,0
GRN,60,20250227,130000,11.64,11.64,11.58,11.58,4,0
GRN,60,20250227,140000,11.58,11.58,11.52,11.52,481,0
GRN,60,20250227,170000,11.4,11.4,11.12,11.18,2482,0
GRN,60,20250228,100000,11.46,11.46,11.46,11.46,3,0
GRN,60,20250228,110000,11.24,11.4,11.2,11.4,443,0
GRN,60,20250228,120000,11.38,11.58,11.3,11.56,2012,0
GRN,60,20250228,130000,11.54,11.54,11.54,11.54,20,0
GRN,60,20250228,140000,11.38,11.52,11.22,11.42,1076,0
GRN,60,20250228,150000,11.42,11.42,11.42,11.42,144,0
GRN,60,20250228,160000,11.38,11.48,11.38,11.42,1033,0
GRN,60,20250228,170000,11.48,11.48,11.46,11.46,333,0
GRN,60,20250303,100000,11.34,11.46,11.34,11.4,2364,0
GRN,60,20250303,120000,11.28,11.4,11.28,11.4,443,0
GRN,60,20250303,130000,11.4,11.48,11.36,11.48,516,0
GRN,60,20250303,150000,11.46,11.52,11.46,11.52,1195,0
GRN,60,20250303,170000,11.52,11.58,11.52,11.58,170,0
GRN,60,20250304,100000,11.2,11.2,11,11.18,6340,0
GRN,60,20250304,110000,11.18,11.18,11.08,11.08,1504,0
GRN,60,20250304,120000,11.08,11.08,11,11,1084,0
GRN,60,20250304,130000,11.16,11.16,11,11,483,0
GRN,60,20250304,140000,11,11,11,11,1366,0
GRN,60,20250304,160000,11,11.14,10.94,10.94,571,0
GRN,60,20250304,170000,10.94,10.96,10.9,10.9,469,0
GRN,60,20250305,100000,10.9,11.26,10.9,11.2,1149,0
GRN,60,20250305,110000,11.12,11.24,11.1,11.24,385,0
GRN,60,20250305,140000,11.1,11.1,11.02,11.02,118,0
GRN,60,20250305,150000,11.18,11.2,11.18,11.2,7,0
GRN,60,20250306,100000,11.02,11.18,11.02,11.16,737,0
GRN,60,20250306,110000,11.16,11.16,11.08,11.08,284,0
GRN,60,20250306,120000,11.12,11.12,11.08,11.08,6,0
GRN,60,20250306,130000,11.06,11.08,10.9,11.04,632,0
GRN,60,20250306,140000,11.04,11.06,10.82,10.94,1339,0
GRN,60,20250306,150000,10.94,11.04,10.88,11.04,552,0
GRN,60,20250306,160000,11.04,11.1,10.8,11.04,1850,0
GRN,60,20250306,170000,10.92,11.04,10.92,11,518,0
GRN,60,20250307,100000,11.1,11.1,10.92,11.08,1034,0
GRN,60,20250307,110000,11.08,11.1,11.08,11.1,9,0
GRN,60,20250307,120000,11.08,11.08,11.08,11.08,250,0
GRN,60,20250307,130000,11,11.08,11,11.08,418,0
GRN,60,20250307,140000,11,11,10.7,10.7,1250,0
GRN,60,20250307,160000,10.96,11.1,10.96,11.1,155,0
GRN,60,20250310,100000,11.06,11.06,11.06,11.06,7,0
GRN,60,20250310,110000,11.04,11.04,10.76,10.76,705,0
GRN,60,20250310,120000,10.96,10.96,10.86,10.92,17,0
GRN,60,20250310,130000,10.84,10.92,10.84,10.92,81,0
GRN,60,20250310,140000,10.88,10.98,10.88,10.98,37,0
GRN,60,20250310,150000,10.88,10.88,10.84,10.84,143,0
GRN,60,20250310,160000,10.84,10.96,10.8,10.88,827,0
GRN,60,20250310,170000,10.98,10.98,10.88,10.98,26,0
GRN,60,20250311,100000,11,11,10.88,10.88,298,0
GRN,60,20250311,110000,10.88,10.88,10.88,10.88,600,0
GRN,60,20250311,120000,10.88,10.98,10.88,10.98,182,0
GRN,60,20250311,140000,10.88,10.88,10.82,10.82,521,0
GRN,60,20250311,150000,10.82,10.82,10.82,10.82,26,0
GRN,60,20250311,160000,10.82,10.84,10.82,10.84,7,0
GRN,60,20250311,170000,10.78,10.84,10.78,10.84,32,0
GRN,60,20250312,100000,10.84,10.88,10.84,10.88,225,0
GRN,60,20250312,120000,10.86,10.86,10.8,10.86,90,0
GRN,60,20250312,130000,10.82,10.82,10.7,10.7,424,0
GRN,60,20250312,150000,10.76,10.86,10.72,10.86,517,0
GRN,60,20250312,170000,10.86,10.86,10.72,10.86,634,0
GRN,60,20250313,100000,10.84,10.86,10.84,10.86,3,0
GRN,60,20250313,110000,10.86,10.86,10.78,10.84,156,0
GRN,60,20250313,120000,10.82,10.82,10.64,10.64,1703,0
GRN,60,20250313,130000,10.7,10.7,10.66,10.66,250,0
GRN,60,20250313,140000,10.68,10.72,10.68,10.72,52,0
GRN,60,20250313,150000,10.72,10.72,10.72,10.72,8,0
GRN,60,20250313,160000,10.66,10.66,10.64,10.64,664,0
GRN,60,20250313,170000,10.7,10.7,10.62,10.62,198,0
GRN,60,20250314,100000,10.64,10.82,10.64,10.72,1405,0
GRN,60,20250314,110000,10.72,10.72,10.72,10.72,560,0
GRN,60,20250314,120000,10.72,10.72,10.72,10.72,37,0
GRN,60,20250314,140000,10.84,10.84,10.84,10.84,40,0
GRN,60,20250314,150000,10.8,10.84,10.76,10.76,610,0
GRN,60,20250314,160000,10.82,10.82,10.82,10.82,175,0
GRN,60,20250314,170000,10.86,10.86,10.78,10.78,14,0
GRN,60,20250317,100000,10.76,10.76,10.72,10.76,931,0
GRN,60,20250317,110000,10.86,10.86,10.86,10.86,100,0
GRN,60,20250317,120000,10.76,10.76,10.76,10.76,1,0
GRN,60,20250317,140000,10.76,10.76,10.76,10.76,60,0
GRN,60,20250317,150000,10.76,10.76,10.76,10.76,508,0
GRN,60,20250317,170000,10.86,10.86,10.72,10.72,132,0
GRN,60,20250318,100000,10.72,10.8,10.72,10.8,10,0
GRN,60,20250318,110000,10.76,10.76,10.76,10.76,30,0
GRN,60,20250318,130000,10.76,10.76,10.76,10.76,110,0
GRN,60,20250318,140000,10.76,10.76,10.76,10.76,130,0
GRN,60,20250318,150000,10.76,10.76,10.72,10.72,569,0
GRN,60,20250318,170000,10.72,10.8,10.72,10.8,232,0
GRN,60,20250319,110000,10.72,10.8,10.72,10.72,1283,0
GRN,60,20250319,120000,10.72,10.72,10.72,10.72,32,0
GRN,60,20250319,140000,10.72,10.82,10.62,10.82,494,0
GRN,60,20250319,150000,10.64,10.64,10.62,10.62,125,0
GRN,60,20250319,160000,10.68,10.7,10.68,10.7,375,0
GRN,60,20250320,100000,10.82,10.98,10.7,10.98,1085,0
GRN,60,20250320,110000,10.9,11,10.9,10.96,1595,0
GRN,60,20250320,120000,10.96,11.5,10.96,11.16,13422,0
GRN,60,20250320,130000,11.32,11.36,11.32,11.34,1755,0
GRN,60,20250320,140000,11.2,11.2,11,11,2028,0
GRN,60,20250320,150000,11.1,11.1,10.98,10.98,120,0
GRN,60,20250320,160000,10.98,11,10.98,11,1319,0
GRN,60,20250320,170000,10.82,10.9,10.74,10.8,917,0
GRN,60,20250321,100000,11,11.2,11,11.2,108,0
GRN,60,20250321,110000,11.18,11.2,11.18,11.2,328,0
GRN,60,20250321,120000,11.18,11.2,10.96,10.96,982,0
GRN,60,20250321,130000,11.14,11.14,11.14,11.14,108,0
GRN,60,20250321,140000,11.14,11.14,10.96,10.96,285,0
GRN,60,20250321,160000,11,11,10.96,10.96,692,0
GRN,60,20250321,170000,10.96,11.16,10.96,11.16,521,0
GRN,60,20250324,100000,10.96,10.96,10.92,10.92,869,0
GRN,60,20250324,110000,10.96,10.96,10.96,10.96,41,0
GRN,60,20250324,120000,10.96,10.96,10.92,10.92,79,0
GRN,60,20250324,150000,10.96,10.96,10.96,10.96,30,0
GRN,60,20250324,160000,10.92,10.94,10.92,10.94,67,0
GRN,60,20250324,170000,10.96,10.96,10.96,10.96,262,0
GRN,60,20250325,100000,11.08,11.08,10.94,10.94,85,0
GRN,60,20250325,110000,10.9,11,10.9,11,1027,0
GRN,60,20250325,120000,11,11.1,11,11.1,985,0
GRN,60,20250325,130000,11.1,11.1,10.8,10.8,1000,0
GRN,60,20250325,140000,10.86,10.88,10.84,10.88,435,0
GRN,60,20250325,160000,10.9,10.9,10.86,10.88,317,0
GRN,60,20250326,100000,10.98,11,10.7,10.86,3029,0
GRN,60,20250326,110000,10.98,11.04,10.98,11.04,685,0
GRN,60,20250326,120000,11.04,11.3,11.04,11.3,1178,0
GRN,60,20250326,130000,11.22,11.22,11.2,11.2,1091,0
GRN,60,20250326,140000,11.22,11.22,11.22,11.22,551,0
GRN,60,20250326,150000,11.12,11.32,11.12,11.32,999,0
GRN,60,20250326,160000,11.22,11.22,11.22,11.22,500,0
GRN,60,20250327,100000,11.16,11.18,11.02,11.02,2807,0
GRN,60,20250327,110000,11.04,11.2,11.04,11.2,1388,0
GRN,60,20250327,120000,11.22,11.22,11.06,11.06,785,0
GRN,60,20250327,140000,11.18,11.28,11.18,11.28,1357,0
GRN,60,20250327,150000,11.28,11.3,11.28,11.3,721,0
GRN,60,20250327,160000,11.34,11.36,11.3,11.3,125,0
GRN,60,20250327,170000,11.16,11.38,11.14,11.14,1626,0
GRN,60,20250328,100000,11.38,11.42,11.14,11.3,1039,0
GRN,60,20250328,110000,11.3,11.3,11.3,11.3,85,0
GRN,60,20250328,120000,11.3,11.3,11.2,11.22,4371,0
GRN,60,20250328,130000,11.22,11.3,11.22,11.3,451,0
GRN,60,20250328,140000,11.3,11.3,11.22,11.22,354,0
GRN,60,20250328,160000,11.28,11.3,11.22,11.22,233,0
GRN,60,20250328,170000,11.3,11.3,11.3,11.3,438,0
GRN,60,20250331,100000,11.2,11.2,11,11.2,2812,0
GRN,60,20250331,120000,11.1,11.1,11.1,11.1,200,0
GRN,60,20250331,130000,11.1,11.22,11.1,11.22,241,0
GRN,60,20250331,140000,11.1,11.1,11.1,11.1,503,0
GRN,60,20250331,150000,11.1,11.1,11.08,11.08,521,0
GRN,60,20250331,160000,11.1,11.1,11.08,11.08,300,0
GRN,60,20250331,170000,11.1,11.1,11.1,11.1,683,0
GRN,60,20250401,100000,11.1,11.2,11.1,11.2,1141,0
GRN,60,20250401,110000,10.9,10.9,10.75,10.75,200,0
GRN,60,20250401,120000,11.15,11.2,11.15,11.2,675,0
GRN,60,20250401,130000,11.25,11.3,11.25,11.3,428,0
GRN,60,20250401,140000,11.35,12,11.35,11.95,6374,0
GRN,60,20250401,150000,11.95,12.15,11.5,11.8,4969,0
GRN,60,20250401,160000,11.75,11.75,11.35,11.6,1420,0
GRN,60,20250401,170000,11.6,11.7,11.45,11.7,3646,0
GRN,60,20250402,100000,11.5,11.5,11.4,11.4,1794,0
GRN,60,20250402,110000,11.4,11.4,11.3,11.35,780,0
GRN,60,20250402,120000,11.3,11.3,11.15,11.3,1263,0
GRN,60,20250402,130000,11.25,11.4,11.15,11.4,1528,0
GRN,60,20250402,160000,11.4,11.4,11.4,11.4,48,0
GRN,60,20250403,100000,11.55,11.55,11.2,11.2,281,0
GRN,60,20250403,110000,11.2,11.2,11,11,2062,0
GRN,60,20250403,120000,10.95,10.95,10.85,10.85,521,0
GRN,60,20250403,130000,10.95,10.95,10.95,10.95,203,0
GRN,60,20250403,140000,10.95,10.95,10.95,10.95,90,0
GRN,60,20250403,150000,10.95,10.95,10.8,10.8,1445,0
GRN,60,20250403,160000,10.75,10.8,10.75,10.8,104,0
GRN,60,20250403,170000,10.9,10.9,10.9,10.9,2,0
GRN,60,20250404,100000,10.8,10.8,9.72,10.05,5780,0
GRN,60,20250404,110000,10.2,10.35,10.2,10.35,90,0
GRN,60,20250404,120000,10.4,10.4,10.35,10.4,537,0
GRN,60,20250404,130000,10.3,10.3,10.3,10.3,80,0
GRN,60,20250404,140000,10.3,10.35,10.3,10.35,152,0
GRN,60,20250404,150000,10.35,10.35,10.35,10.35,195,0
GRN,60,20250404,160000,10.4,10.4,10.05,10.05,1984,0
GRN,60,20250404,170000,10.1,10.1,10.1,10.1,200,0
GRN,60,20250407,100000,10.05,10.1,9.7,10,6327,0
GRN,60,20250407,110000,9.8,10.1,9.8,10.1,1259,0
GRN,60,20250407,120000,10.1,10.1,9.9,9.9,122,0
GRN,60,20250407,130000,10,10,9.9,9.9,2036,0
GRN,60,20250407,140000,9.9,9.9,9.9,9.9,201,0
GRN,60,20250407,150000,9.82,9.82,9.8,9.8,800,0
GRN,60,20250407,170000,10,10,10,10,250,0
GRN,60,20250408,100000,10,10.15,9.98,10.15,2489,0
GRN,60,20250408,110000,9.98,10,9.9,9.9,1371,0
GRN,60,20250408,120000,9.98,10,9.9,9.92,722,0
GRN,60,20250408,140000,9.9,9.92,9.86,9.86,635,0
GRN,60,20250408,150000,9.88,9.88,9.86,9.86,873,0
GRN,60,20250408,160000,9.96,9.96,9.96,9.96,2,0
GRN,60,20250408,170000,9.96,10,9.96,10,600,0
GRN,60,20250409,100000,9.98,9.98,9.82,9.82,327,0
GRN,60,20250409,110000,9.9,9.9,9.9,9.9,250,0
GRN,60,20250409,120000,9.84,9.84,9.7,9.7,570,0
GRN,60,20250409,130000,9.72,9.88,9.5,9.88,10055,0
GRN,60,20250409,140000,9.8,9.8,9.8,9.8,300,0
GRN,60,20250409,150000,9.86,9.88,9.86,9.88,5,0
GRN,60,20250410,100000,10.05,10.35,9.94,10.15,4653,0
GRN,60,20250410,110000,9.9,9.9,9.9,9.9,103,0
GRN,60,20250410,120000,9.9,9.98,9.72,9.98,690,0
GRN,60,20250410,140000,9.98,9.98,9.96,9.96,612,0
GRN,60,20250410,150000,9.96,10,9.96,10,2785,0
GRN,60,20250410,160000,10,10,9.82,10,3818,0
GRN,60,20250411,100000,10.1,10.1,10,10.05,560,0
GRN,60,20250411,110000,9.98,10,9.86,10,720,0
GRN,60,20250411,130000,10,10,10,10,200,0
GRN,60,20250414,100000,9.9,10,9.9,10,397,0
GRN,60,20250414,110000,10,10,10,10,163,0
GRN,60,20250414,120000,9.9,9.9,9.9,9.9,280,0
GRN,60,20250414,140000,9.9,9.9,9.9,9.9,54,0
GRN,60,20250414,150000,9.9,9.9,9.9,9.9,31,0
GRN,60,20250414,160000,9.9,9.9,9.9,9.9,5,0
GRN,60,20250414,170000,9.9,9.9,9.9,9.9,92,0
GRN,60,20250415,100000,9.98,10,9.98,10,673,0
GRN,60,20250415,110000,10,10,9.98,9.98,922,0
GRN,60,20250415,120000,9.98,10,9.98,10,19,0
GRN,60,20250415,130000,10.05,10.05,10,10,750,0
GRN,60,20250415,140000,9.98,9.98,9.98,9.98,588,0
GRN,60,20250415,150000,10,10,10,10,100,0
GRN,60,20250415,160000,10,10,9.84,9.84,1010,0
GRN,60,20250416,100000,9.86,9.96,9.78,9.96,557,0
GRN,60,20250416,110000,9.9,9.98,9.9,9.98,388,0
GRN,60,20250416,120000,9.98,9.98,9.9,9.9,600,0
GRN,60,20250416,130000,9.9,9.9,9.9,9.9,108,0
GRN,60,20250416,140000,9.98,9.98,9.9,9.9,180,0
GRN,60,20250417,100000,9.98,9.98,9.8,9.98,485,0
GRN,60,20250417,110000,10.05,10.45,10.05,10.45,2400,0
GRN,60,20250417,130000,10.35,10.35,10.35,10.35,240,0
GRN,60,20250417,140000,10.3,10.3,10.3,10.3,2,0
GRN,60,20250417,160000,10.1,10.1,10.1,10.1,2,0
GRN,60,20250417,170000,10.1,10.25,10.1,10.25,460,0
GRN,60,20250422,100000,10.3,10.4,10.3,10.35,732,0
GRN,60,20250422,110000,10.35,10.35,10.3,10.3,755,0
GRN,60,20250422,120000,10.3,10.4,10.3,10.4,15,0
GRN,60,20250422,130000,10.4,10.4,10.4,10.4,28,0
GRN,60,20250422,140000,10.4,10.4,10.4,10.4,95,0
GRN,60,20250422,150000,10.4,10.55,10.4,10.55,974,0
GRN,60,20250422,160000,10.55,10.55,10.5,10.5,660,0
GRN,60,20250422,170000,10.3,10.55,10.3,10.55,174,0
GRN,60,20250423,100000,10.5,10.5,10.5,10.5,11,0
GRN,60,20250423,110000,10.3,10.3,10.1,10.3,561,0
GRN,60,20250423,120000,10.35,10.35,10.35,10.35,200,0
GRN,60,20250423,130000,10.35,10.35,10.35,10.35,228,0
GRN,60,20250423,150000,10.35,10.4,10.35,10.4,272,0
GRN,60,20250423,160000,10.4,10.4,10.4,10.4,243,0
GRN,60,20250424,100000,10.35,10.35,10.1,10.1,300,0
GRN,60,20250424,130000,10.25,10.25,10.25,10.25,127,0
GRN,60,20250424,140000,10.2,10.45,10.2,10.45,51,0
GRN,60,20250424,150000,10.45,10.45,10.45,10.45,100,0
GRN,60,20250424,160000,10.4,10.45,10.4,10.45,200,0
GRN,60,20250424,170000,10.45,10.45,10.45,10.45,1363,0
GRN,60,20250425,100000,10.5,10.8,10.15,10.8,5449,0
GRN,60,20250425,110000,10.8,10.8,10.8,10.8,88,0
GRN,60,20250425,120000,10.75,10.8,10.4,10.4,280,0
GRN,60,20250425,130000,10.5,10.5,10.4,10.4,150,0
GRN,60,20250425,160000,10.5,10.8,10.5,10.8,770,0
GRN,60,20250425,170000,10.6,10.9,10.6,10.9,30,0
GRN,60,20250428,100000,10.6,10.9,10.6,10.9,33,0
GRN,60,20250428,110000,10.9,10.9,10.9,10.9,150,0
GRN,60,20250428,130000,10.65,10.65,10.6,10.6,490,0
GRN,60,20250428,140000,10.8,10.9,10.5,10.5,257,0
GRN,60,20250428,170000,10.55,10.55,10.55,10.55,8,0
GRN,60,20250429,100000,10.55,10.55,10.55,10.55,415,0
GRN,60,20250429,110000,10.55,10.55,10.55,10.55,51,0
GRN,60,20250429,120000,10.5,10.5,10.5,10.5,1,0
GRN,60,20250429,130000,10.55,10.6,10.55,10.6,375,0
GRN,60,20250429,150000,10.6,10.6,10.6,10.6,5,0
GRN,60,20250429,170000,10.6,10.6,10.5,10.5,307,0
GRN,60,20250430,100000,10.5,10.5,10.5,10.5,100,0
GRN,60,20250430,110000,10.55,10.55,10.55,10.55,464,0
GRN,60,20250430,120000,10.5,10.5,10.25,10.25,177,0
GRN,60,20250430,130000,10.25,10.5,10.25,10.5,822,0
GRN,60,20250430,140000,10.55,10.65,10.55,10.65,872,0
GRN,60,20250430,150000,10.45,10.45,10.4,10.4,44,0
GRN,60,20250430,170000,10.65,10.65,10.65,10.65,18,0
GRN,60,20250502,100000,10.7,10.7,10.7,10.7,1,0
GRN,60,20250502,110000,10.5,10.5,10.45,10.5,6002,0
GRN,60,20250502,120000,10.5,10.5,10.5,10.5,4500,0
GRN,60,20250502,130000,10.5,10.5,10.5,10.5,200,0
GRN,60,20250502,140000,10.4,10.5,10.4,10.5,103,0
GRN,60,20250502,150000,10.45,10.45,10.4,10.4,475,0
GRN,60,20250502,170000,10.5,10.5,10.45,10.45,550,0
GRN,60,20250505,100000,10.45,10.5,10.45,10.5,509,0
GRN,60,20250505,110000,10.5,10.5,10.5,10.5,4976,0
GRN,60,20250505,120000,10.5,11.05,10.5,10.95,30656,0
GRN,60,20250505,130000,10.8,10.95,10.6,10.6,3595,0
GRN,60,20250505,140000,10.6,10.75,10.6,10.6,466,0
GRN,60,20250505,150000,10.75,10.75,10.6,10.6,793,0
GRN,60,20250505,160000,10.65,10.65,10.65,10.65,260,0
GRN,60,20250505,170000,10.55,10.65,10.5,10.5,719,0
GRN,60,20250506,100000,10.55,11,10.5,10.7,6240,0
GRN,60,20250506,110000,10.6,10.6,10.6,10.6,6,0
GRN,60,20250506,120000,10.7,10.9,10.65,10.9,3286,0
GRN,60,20250506,130000,10.85,10.9,10.85,10.9,2034,0
GRN,60,20250506,140000,10.9,10.9,10.85,10.85,2237,0
GRN,60,20250506,150000,10.85,10.85,10.8,10.8,611,0
GRN,60,20250506,170000,10.8,10.8,10.8,10.8,10,0
