<TICKER>,<PER>,<DATE>,<TIME>,<OPEN>,<HIGH>,<LOW>,<CLOSE>,<VOL>,<OPENINT>
GTC,60,20240411,110000,5.18065,5.29451,5.06679,5.29451,4293.6764704764,0
GTC,60,20240411,120000,5.16167,5.16167,5.16167,5.16167,5.269607843,0
GTC,60,20240411,170000,5.27553,5.27553,5.27553,5.27553,213.9460784258,0
GTC,60,20240412,130000,5.23758,5.33247,5.1427,5.1427,185.4901960736,0
GTC,60,20240412,140000,5.2186,5.31349,5.08577,5.31349,2108.8970587686003,0
GTC,60,20240412,160000,5.1427,5.29451,5.10474,5.12372,219.2156862688,0
GTC,60,20240412,170000,5.2186,5.29451,5.2186,5.29451,83.2598039194,0
GTC,60,20240415,110000,5.31349,5.31349,5.31349,5.31349,3.1617647058000005,0
GTC,60,20240415,120000,5.19963,5.19963,5.19963,5.19963,2.1078431372,0
GTC,60,20240415,150000,5.29451,5.29451,5.29451,5.29451,2.1078431372,0
GTC,60,20240415,160000,5.2186,5.2186,5.2186,5.2186,2.1078431372,0
GTC,60,20240415,170000,5.33247,5.33247,5.33247,5.33247,36.887254901000006,0
GTC,60,20240416,110000,5.29451,5.29451,5.29451,5.29451,37.9411764696,0
GTC,60,20240416,120000,5.19963,5.19963,5.19963,5.19963,2.1078431372,0
GTC,60,20240416,140000,5.18065,5.27553,5.12372,5.27553,128.57843136920002,0
GTC,60,20240416,160000,5.12372,5.12372,5.12372,5.12372,75.8823529392,0
GTC,60,20240416,170000,5.31349,5.31349,5.31349,5.31349,73.77450980200001,0
GTC,60,20240417,110000,5.18065,5.18065,5.1427,5.1427,23.1862745092,0
GTC,60,20240417,120000,5.1427,5.1427,5.1427,5.1427,4.2156862744,0
GTC,60,20240417,170000,5.25656,5.25656,5.25656,5.25656,142.279411761,0
GTC,60,20240418,100000,5.2186,5.2186,5.2186,5.2186,37.9411764696,0
GTC,60,20240418,120000,5.18065,5.18065,5.18065,5.18065,2.1078431372,0
GTC,60,20240418,130000,5.18065,5.23758,5.10474,5.12372,2017.2058823004,0
GTC,60,20240418,140000,5.19963,5.19963,5.12372,5.12372,79.044117645,0
GTC,60,20240418,170000,5.12372,5.12372,5.12372,5.12372,9.4852941174,0
GTC,60,20240419,150000,5.1427,5.1427,5.06679,5.06679,289.82843136500003,0
GTC,60,20240419,170000,5.29451,5.29451,5.29451,5.29451,158.08823529,0
GTC,60,20240422,100000,5.08577,5.29451,5.08577,5.08577,168.627450976,0
GTC,60,20240422,110000,5.08577,5.08577,5.08577,5.08577,379.411764696,0
GTC,60,20240422,120000,5.06679,5.29451,5.06679,5.29451,357.2794117554,0
GTC,60,20240422,130000,5.08577,5.29451,5.06679,5.29451,301.4215686196,0
GTC,60,20240422,160000,5.25656,5.27553,5.25656,5.27553,16.8627450976,0
GTC,60,20240422,170000,5.27553,5.27553,5.27553,5.27553,5.269607843,0
GTC,60,20240423,160000,5.27553,5.29451,5.27553,5.29451,6.323529411600001,0
GTC,60,20240424,100000,5.16167,5.16167,5.16167,5.16167,421.56862744000006,0
GTC,60,20240424,110000,5.16167,5.19963,5.16167,5.19963,843.1372548800001,0
GTC,60,20240424,120000,5.19963,5.19963,5.1427,5.1427,3.1617647058000005,0
GTC,60,20240424,130000,5.12372,5.19963,5.12372,5.19963,420.5147058714,0
GTC,60,20240424,140000,5.12372,5.12372,5.12372,5.12372,179.166666662,0
GTC,60,20240424,150000,5.12372,5.12372,5.12372,5.12372,75.8823529392,0
GTC,60,20240424,170000,5.19963,5.35144,5.19963,5.35144,819.9509803708,0
GTC,60,20240425,100000,5.33247,5.33247,5.33247,5.33247,576.4950980242,0
GTC,60,20240425,110000,5.1427,5.33247,5.12372,5.33247,528.0147058686,0
GTC,60,20240425,140000,5.16167,5.29451,5.12372,5.29451,88.5294117624,0
GTC,60,20240425,170000,5.31349,5.31349,5.31349,5.31349,46.3725490184,0
GTC,60,20240426,100000,5.33247,5.33247,5.2186,5.33247,738.7990195886,0
GTC,60,20240426,120000,5.18065,5.25656,5.18065,5.25656,561.7401960638,0
GTC,60,20240426,130000,5.16167,5.29451,5.16167,5.29451,81.1519607822,0
GTC,60,20240426,140000,5.29451,5.29451,5.29451,5.29451,377.3039215588,0
GTC,60,20240426,150000,5.25656,5.25656,5.25656,5.25656,2.1078431372,0
GTC,60,20240426,160000,5.23758,5.23758,5.2186,5.2186,653.4313725320001,0
GTC,60,20240426,170000,5.31349,5.31349,5.31349,5.31349,9.4852941174,0
GTC,60,20240429,110000,5.29451,5.29451,5.29451,5.29451,5.269607843,0
GTC,60,20240429,120000,5.18065,5.31349,5.18065,5.31349,52.69607843000001,0
GTC,60,20240429,140000,5.18065,5.25656,5.04781,5.19963,3170.1960783488003,0
GTC,60,20240429,150000,5.10474,5.10474,5.10474,5.10474,2.1078431372,0
GTC,60,20240429,160000,5.10474,5.10474,4.87702,4.91498,7664.1176468592,0
GTC,60,20240429,170000,5.02884,5.02884,5.02884,5.02884,135.9558823494,0
GTC,60,20240430,100000,4.91498,4.91498,4.91498,4.91498,1424.9019607472,0
GTC,60,20240430,120000,5.02884,5.02884,4.93395,5.02884,17.9166666662,0
GTC,60,20240430,130000,5.00986,5.02884,5.00986,5.02884,10.539215686,0
GTC,60,20240430,140000,4.97191,4.97191,4.97191,4.97191,2.1078431372,0
GTC,60,20240430,150000,4.95293,5.02884,4.82009,5.02884,3113.2843136444003,0
GTC,60,20240430,170000,4.896,5.02884,4.896,5.02884,124.3627450948,0
GTC,60,20240502,160000,4.95293,5.02884,4.85805,5.02884,164.41176470160002,0
GTC,60,20240502,170000,5.02884,5.02884,5.02884,5.02884,16.8627450976,0
GTC,60,20240506,100000,5.00986,5.02884,5.00986,5.02884,52.69607843000001,0
GTC,60,20240506,110000,5.02884,5.02884,5.02884,5.02884,99.06862744840001,0
GTC,60,20240506,120000,4.99088,4.99088,4.99088,4.99088,2.1078431372,0
GTC,60,20240506,130000,5.00986,5.00986,5.00986,5.00986,5.269607843,0
GTC,60,20240506,140000,4.97191,5.00986,4.97191,5.00986,15.808823529,0
GTC,60,20240506,150000,4.95293,4.95293,4.95293,4.95293,2.1078431372,0
GTC,60,20240506,170000,4.93395,4.93395,4.93395,4.93395,255.04901960120003,0
GTC,60,20240507,100000,4.93395,5.27553,4.93395,5.2186,9469.485293871,0
GTC,60,20240507,120000,5.08577,5.08577,5.08577,5.08577,2.1078431372,0
GTC,60,20240507,130000,5.12372,5.12372,5.06679,5.06679,77.9901960764,0
GTC,60,20240507,140000,5.12372,5.12372,5.12372,5.12372,1.0539215686,0
GTC,60,20240507,150000,5.06679,5.18065,5.06679,5.18065,4.2156862744,0
GTC,60,20240507,160000,5.18065,5.18065,5.10474,5.10474,4.2156862744,0
GTC,60,20240507,170000,5.19963,5.2186,4.95293,5.2186,237.132352935,0
GTC,60,20240508,100000,5.12372,5.27553,4.97191,5.25656,6648.1372547288,0
GTC,60,20240508,120000,5.12372,5.12372,5.12372,5.12372,2.1078431372,0
GTC,60,20240508,130000,5.08577,5.08577,5.08577,5.08577,10.539215686,0
GTC,60,20240508,140000,5.08577,5.08577,5.08577,5.08577,68.50490195900001,0
GTC,60,20240508,170000,5.2186,5.2186,5.2186,5.2186,76.93627450780001,0
GTC,60,20240509,100000,5.12372,5.2186,4.97191,5.2186,5299.1176469208,0
GTC,60,20240509,120000,5.06679,5.06679,5.06679,5.06679,2.1078431372,0
GTC,60,20240509,130000,5.04781,5.04781,4.896,4.896,1714.7303921122,0
GTC,60,20240509,150000,4.91498,4.91498,4.87702,4.87702,474.26470587000006,0
GTC,60,20240509,160000,4.87702,4.87702,4.87702,4.87702,76.93627450780001,0
GTC,60,20240509,170000,4.91498,4.93395,4.82009,4.93395,3385.1960783432,0
GTC,60,20240510,100000,4.896,4.896,4.74419,4.74419,3369.3872548142,0
GTC,60,20240510,120000,4.78214,4.78214,4.78214,4.78214,2.1078431372,0
GTC,60,20240510,170000,4.82009,4.83907,4.82009,4.83907,92.7450980368,0
GTC,60,20240513,120000,4.80112,4.80112,4.76316,4.76316,427.8921568516,0
GTC,60,20240513,170000,4.85805,4.85805,4.85805,4.85805,7.377450980200001,0
GTC,60,20240514,100000,4.85805,4.85805,4.85805,4.85805,101.17647058560001,0
GTC,60,20240514,110000,4.80112,4.80112,4.74419,4.74419,5113.627450847201,0
GTC,60,20240514,120000,4.80112,4.80112,4.80112,4.80112,2.1078431372,0
GTC,60,20240514,170000,4.80112,4.80112,4.80112,4.80112,7.377450980200001,0
GTC,60,20240515,110000,4.80112,4.80112,4.80112,4.80112,18.9705882348,0
GTC,60,20240515,120000,4.80112,4.80112,4.80112,4.80112,82.20588235080001,0
GTC,60,20240515,150000,4.80112,4.80112,4.80112,4.80112,4.2156862744,0
GTC,60,20240515,160000,4.80112,4.80112,4.80112,4.80112,82.20588235080001,0
GTC,60,20240515,170000,4.82009,4.82009,4.80112,4.82009,764.0931372350001,0
GTC,60,20240516,120000,4.83907,4.83907,4.83907,4.83907,84.313725488,0
GTC,60,20240516,130000,4.85805,4.85805,4.85805,4.85805,9.4852941174,0
GTC,60,20240516,150000,4.85805,4.95293,4.83907,4.896,1443.872548982,0
GTC,60,20240516,160000,4.83907,4.83907,4.80112,4.80112,1363.7745097684,0
GTC,60,20240516,170000,4.83907,4.83907,4.80112,4.83907,5162.1078430028,0
GTC,60,20240517,130000,4.85805,4.85805,4.78214,4.78214,706.127450962,0
GTC,60,20240517,170000,4.82009,4.99088,4.80112,4.95293,153.8725490156,0
GTC,60,20240520,100000,4.83907,4.83907,4.80112,4.80112,89.583333331,0
GTC,60,20240520,120000,4.82009,4.82009,4.82009,4.82009,2.1078431372,0
GTC,60,20240520,140000,4.87702,4.93395,4.87702,4.93395,210.78431372000003,0
GTC,60,20240520,150000,4.83907,4.93395,4.83907,4.93395,54.8039215672,0
GTC,60,20240520,160000,4.82009,4.82009,4.82009,4.82009,79.044117645,0
GTC,60,20240520,170000,4.93395,4.93395,4.93395,4.93395,22.1323529406,0
GTC,60,20240521,100000,4.93395,4.93395,4.93395,4.93395,21.078431372,0
GTC,60,20240521,150000,4.83907,4.83907,4.78214,4.78214,169.6813725446,0
GTC,60,20240521,170000,4.93395,4.93395,4.93395,4.93395,1159.3137254600001,0
GTC,60,20240522,100000,4.95293,4.95293,4.95293,4.95293,210.78431372000003,0
GTC,60,20240522,120000,4.896,4.896,4.896,4.896,79.044117645,0
GTC,60,20240522,140000,4.896,4.896,4.896,4.896,355.1715686182,0
GTC,60,20240522,150000,4.896,4.896,4.896,4.896,507.9901960652,0
GTC,60,20240522,170000,4.896,4.896,4.87702,4.87702,75.8823529392,0
GTC,60,20240523,100000,4.99088,4.99088,4.99088,4.99088,189.70588234800002,0
GTC,60,20240523,170000,4.83907,4.99088,4.69674,4.99088,5529.9264704442,0
GTC,60,20240524,100000,4.78214,4.78214,4.74419,4.74419,4371.6666665528,0
GTC,60,20240524,110000,4.76316,4.95293,4.70623,4.82009,5247.4754900594,0
GTC,60,20240524,120000,4.95293,4.95293,4.95293,4.95293,2.1078431372,0
GTC,60,20240524,130000,4.78214,4.78214,4.78214,4.78214,2.1078431372,0
GTC,60,20240524,140000,4.78214,4.78214,4.76316,4.76316,81.1519607822,0
GTC,60,20240524,150000,4.78214,4.78214,4.78214,4.78214,59.019607841600006,0
GTC,60,20240524,160000,4.95293,4.95293,4.82009,4.82009,4.2156862744,0
GTC,60,20240524,170000,4.93395,4.93395,4.93395,4.93395,105.39215686000001,0
GTC,60,20240527,120000,4.87702,4.87702,4.82009,4.82009,14.754901960400002,0
GTC,60,20240527,130000,4.85805,4.85805,4.80112,4.85805,25.2941176464,0
GTC,60,20240527,140000,4.85805,4.85805,4.80112,4.80112,44.2647058812,0
GTC,60,20240527,150000,4.83907,4.83907,4.83907,4.83907,10.539215686,0
GTC,60,20240527,160000,4.80112,4.80112,4.80112,4.80112,2.1078431372,0
GTC,60,20240527,170000,4.83907,4.83907,4.83907,4.83907,21.078431372,0
GTC,60,20240528,100000,4.83907,4.896,4.83907,4.896,421.56862744000006,0
GTC,60,20240528,120000,4.80112,4.80112,4.74419,4.74419,1372.2058823172,0
GTC,60,20240528,130000,4.74419,4.74419,4.74419,4.74419,755.6617646862001,0
GTC,60,20240528,150000,4.76316,4.76316,4.74419,4.76316,133.8480392122,0
GTC,60,20240528,160000,4.76316,4.78214,4.76316,4.78214,52.69607843000001,0
GTC,60,20240528,170000,4.76316,4.87702,4.76316,4.87702,2188.9950979822,0
GTC,60,20240529,100000,4.78214,4.78214,4.76316,4.76316,532.230392143,0
GTC,60,20240529,120000,4.82009,4.82009,4.76316,4.76316,238.1862745036,0
GTC,60,20240529,130000,4.82009,4.93395,4.82009,4.93395,3445.2696077534,0
GTC,60,20240529,140000,4.93395,4.93395,4.80112,4.80112,112.7696078402,0
GTC,60,20240529,150000,4.87702,4.99088,4.82009,4.99088,1364.828431337,0
GTC,60,20240529,160000,4.82009,4.82009,4.82009,4.82009,80.0980392136,0
GTC,60,20240529,170000,4.91498,5.02884,4.83907,5.02884,4581.3970587042,0
GTC,60,20240531,100000,5.02884,5.02884,4.896,4.896,34.7794117638,0
GTC,60,20240531,110000,5.02884,5.2186,5.02884,5.2186,4165.0980391072,0
GTC,60,20240531,130000,5.12372,5.16167,5.12372,5.16167,1053.9215686,0
GTC,60,20240531,140000,5.2186,5.31349,5.04781,5.04781,5693.2843135772,0
GTC,60,20240531,150000,5.10474,5.16167,5.10474,5.16167,2107.8431372,0
GTC,60,20240531,160000,5.00986,5.16167,5.00986,5.16167,133.8480392122,0
GTC,60,20240531,170000,5.19963,5.31349,5.19963,5.29451,5280.147058686,0
GTC,60,20240603,100000,5.3894,5.3894,5.37042,5.3894,1704.1911764262002,0
GTC,60,20240603,110000,5.35144,5.35144,5.35144,5.35144,94.85294117400001,0
GTC,60,20240603,120000,5.35144,5.40837,5.35144,5.40837,2109.9509803372002,0
GTC,60,20240603,130000,5.25656,5.25656,5.25656,5.25656,74.8284313706,0
GTC,60,20240603,140000,5.40837,5.40837,5.40837,5.40837,9.4852941174,0
GTC,60,20240603,150000,5.40837,5.40837,5.27553,5.27553,607.0588235136,0
GTC,60,20240603,170000,5.3894,5.3894,5.3894,5.3894,105.39215686000001,0
GTC,60,20240604,100000,5.31349,5.40837,5.31349,5.40837,3879.4852940166,0
GTC,60,20240604,110000,5.40837,5.42735,5.40837,5.42735,2107.8431372,0
GTC,60,20240604,120000,5.40837,5.42735,5.31349,5.31349,1283.6764705548,0
GTC,60,20240604,130000,5.31349,5.31349,5.31349,5.31349,148.6029411726,0
GTC,60,20240604,140000,5.31349,5.31349,5.31349,5.31349,22.1323529406,0
GTC,60,20240604,150000,5.37042,5.40837,5.37042,5.40837,2107.8431372,0
GTC,60,20240604,170000,5.40837,5.40837,5.40837,5.40837,52.69607843000001,0
GTC,60,20240605,100000,5.31349,5.44633,5.31349,5.44633,6463.700980223801,0
GTC,60,20240605,110000,5.44633,5.44633,5.33247,5.33247,283.5049019534,0
GTC,60,20240605,120000,5.44633,5.4653,5.35144,5.35144,10612.990195802,0
GTC,60,20240605,130000,5.35144,5.35144,5.35144,5.35144,1.0539215686,0
GTC,60,20240605,140000,5.35144,5.35144,5.35144,5.35144,72.72058823340001,0
GTC,60,20240605,160000,5.44633,5.4653,5.44633,5.4653,152.818627447,0
GTC,60,20240605,170000,5.44633,5.4653,5.44633,5.4653,2216.3970587658,0
GTC,60,20240606,100000,5.33247,5.33247,5.33247,5.33247,51.642156861400004,0
GTC,60,20240606,110000,5.33247,5.33247,5.33247,5.33247,154.92647058420002,0
GTC,60,20240606,120000,5.31349,5.33247,5.31349,5.33247,92.7450980368,0
GTC,60,20240606,130000,5.31349,5.31349,5.31349,5.31349,52.69607843000001,0
GTC,60,20240606,140000,5.44633,5.44633,5.44633,5.44633,105.39215686000001,0
GTC,60,20240606,160000,5.44633,5.4653,5.44633,5.4653,263.48039215,0
GTC,60,20240606,170000,5.33247,5.4653,5.33247,5.4653,244.50980391520002,0
GTC,60,20240607,150000,5.40837,5.40837,5.33247,5.40837,459.5098039096,0
GTC,60,20240607,160000,5.40837,5.40837,5.40837,5.40837,4647899.50968286,0
GTC,60,20240607,170000,5.3894,5.40837,5.3894,5.40837,242.40196077800002,0
GTC,60,20240610,100000,5.40837,5.40837,5.40837,5.40837,297.2058823452,0
GTC,60,20240610,120000,5.40837,5.40837,5.33247,5.33247,10484.411764433,0
GTC,60,20240610,140000,5.31349,5.31349,5.27553,5.27553,758.8235293920001,0
GTC,60,20240610,150000,5.31349,5.31349,5.31349,5.31349,157.03431372140003,0
GTC,60,20240610,170000,5.23758,5.40837,5.2186,5.40837,133.8480392122,0
GTC,60,20240611,100000,5.40837,5.40837,5.40837,5.40837,3.1617647058000005,0
GTC,60,20240611,120000,5.27553,5.35144,5.27553,5.31349,915.8578431134001,0
GTC,60,20240611,130000,5.25656,5.25656,5.25656,5.25656,2.1078431372,0
GTC,60,20240611,160000,5.27553,5.33247,5.2186,5.29451,2008.7745097516001,0
GTC,60,20240611,170000,5.27553,5.27553,5.27553,5.27553,3.1617647058000005,0
GTC,60,20240613,100000,5.27553,5.27553,5.27553,5.27553,822.058823508,0
GTC,60,20240613,110000,5.2186,5.2186,4.95293,5.06679,14755.9558819686,0
GTC,60,20240613,120000,5.02884,5.02884,5.02884,5.02884,2.1078431372,0
GTC,60,20240613,130000,5.08577,5.10474,4.99088,4.99088,6.323529411600001,0
GTC,60,20240613,150000,5.08577,5.16167,5.08577,5.1427,2827.6715685538,0
GTC,60,20240613,160000,5.08577,5.08577,5.08577,5.08577,75.8823529392,0
GTC,60,20240613,170000,4.93395,4.93395,4.93395,4.93395,5995.759803765401,0
GTC,60,20240614,100000,4.91498,4.91498,4.896,4.896,1527.1323529014,0
GTC,60,20240614,110000,4.91498,4.91498,4.896,4.896,26.348039215,0
GTC,60,20240614,120000,4.85805,4.85805,4.85805,4.85805,107.4999999972,0
GTC,60,20240614,140000,4.87702,4.87702,4.87702,4.87702,99.06862744840001,0
GTC,60,20240614,150000,4.896,4.896,4.896,4.896,10.539215686,0
GTC,60,20240614,170000,4.896,4.93395,4.896,4.93395,139.11764705520002,0
GTC,60,20240617,100000,4.91498,4.93395,4.91498,4.93395,23.1862745092,0
GTC,60,20240617,120000,4.896,4.896,4.896,4.896,26.348039215000004,0
GTC,60,20240617,170000,4.91498,4.91498,4.82009,4.82009,2429.289215623,0
GTC,60,20240618,100000,4.80112,4.99088,4.80112,4.99088,1807.475490149,0
GTC,60,20240618,110000,4.83907,4.83907,4.82009,4.82009,57.965686273,0
GTC,60,20240618,120000,4.896,4.896,4.82009,4.82009,30.563725489400003,0
GTC,60,20240619,170000,4.85805,4.99088,4.83907,4.99088,2319.6813724886,0
GTC,60,20240620,100000,4.85805,4.85805,4.85805,4.85805,8.4313725488,0
GTC,60,20240620,110000,4.97191,4.97191,4.97191,4.97191,105.39215686000001,0
GTC,60,20240620,120000,4.95293,4.97191,4.896,4.896,197.0833333282,0
GTC,60,20240620,140000,4.99088,4.99088,4.99088,4.99088,1.0539215686,0
GTC,60,20240620,170000,4.99088,4.99088,4.99088,4.99088,64.28921568460001,0
GTC,60,20240621,100000,4.99088,4.99088,4.99088,4.99088,526.9607843,0
GTC,60,20240621,110000,4.99088,5.08577,4.93395,5.08577,1288.9460783978002,0
GTC,60,20240621,120000,4.95293,4.95293,4.95293,4.95293,81.1519607822,0
GTC,60,20240621,130000,5.08577,5.08577,5.08577,5.08577,2.1078431372,0
GTC,60,20240621,170000,4.95293,4.95293,4.95293,4.95293,34.779411763800006,0
GTC,60,20240624,100000,4.95293,5.08577,4.95293,5.08577,434.21568626320004,0
GTC,60,20240624,120000,4.93395,4.93395,4.93395,4.93395,82.20588235080001,0
GTC,60,20240624,140000,4.93395,4.93395,4.93395,4.93395,237.132352935,0
GTC,60,20240624,150000,4.896,4.93395,4.896,4.93395,127.5245098006,0
GTC,60,20240624,160000,4.896,4.896,4.896,4.896,82.20588235080001,0
GTC,60,20240624,170000,4.93395,4.93395,4.93395,4.93395,14.754901960400002,0
GTC,60,20240625,100000,5.08577,5.08577,4.99088,5.08577,806.2499999790001,0
GTC,60,20240625,130000,4.95293,5.06679,4.95293,5.06679,32.6715686266,0
GTC,60,20240625,160000,4.896,4.896,4.896,4.896,15.808823529000001,0
GTC,60,20240625,170000,4.93395,5.08577,4.93395,5.06679,1341.6421568278,0
GTC,60,20240626,120000,4.91498,4.91498,4.896,4.896,137.00980391800002,0
GTC,60,20240626,130000,4.896,4.896,4.896,4.896,131.740196075,0
GTC,60,20240626,150000,4.896,4.896,4.896,4.896,10.539215686,0
GTC,60,20240626,160000,4.87702,4.99088,4.85805,4.99088,4077.6225489134,0
GTC,60,20240626,170000,4.87702,5.04781,4.82009,5.02884,4439.1176469432,0
GTC,60,20240627,130000,4.896,4.896,4.85805,4.85805,85.3676470566,0
GTC,60,20240627,170000,4.87702,5.08577,4.85805,5.08577,478.4803921444,0
GTC,60,20240628,100000,5.04781,5.04781,5.04781,5.04781,184.436274505,0
GTC,60,20240628,120000,4.896,4.896,4.85805,4.85805,137.009803918,0
GTC,60,20240628,130000,4.87702,4.87702,4.80112,4.80112,2307.0343136654,0
GTC,60,20240628,140000,4.80112,4.82009,4.76316,4.80112,6373.0637253242,0
GTC,60,20240628,160000,4.82009,4.82009,4.80112,4.82009,184.436274505,0
GTC,60,20240628,170000,4.80112,4.85805,4.80112,4.85805,1579.8284313314,0
GTC,60,20240701,100000,4.85805,5.04781,4.85805,5.04781,1893.8970587742,0
GTC,60,20240701,110000,4.87702,5.00986,4.83907,5.00986,3466.3480391254,0
GTC,60,20240701,120000,4.83907,4.83907,4.83907,4.83907,2.1078431372,0
GTC,60,20240701,160000,4.97191,5.00986,4.97191,5.00986,663.9705882180001,0
GTC,60,20240701,170000,4.896,5.00986,4.896,5.00986,399.43627449940004,0
GTC,60,20240702,110000,4.99088,5.00986,4.99088,5.00986,10.539215686,0
GTC,60,20240702,120000,4.896,4.896,4.896,4.896,34.779411763800006,0
GTC,60,20240704,170000,5.00986,5.08577,4.93395,5.08577,408.9215686168,0
GTC,60,20240705,100000,5.10474,5.10474,5.08577,5.10474,593.3578431218,0
GTC,60,20240705,110000,5.10474,5.19963,5.10474,5.19963,1782.1813725026,0
GTC,60,20240705,120000,5.18065,5.2186,5.18065,5.2186,1185.661764675,0
GTC,60,20240705,130000,5.2186,5.27553,5.12372,5.25656,1820.1225489722,0
GTC,60,20240705,140000,5.23758,5.25656,5.18065,5.19963,1159.31372546,0
GTC,60,20240705,150000,5.18065,5.19963,5.18065,5.19963,1180.392156832,0
GTC,60,20240705,160000,5.19963,5.2186,5.18065,5.2186,1180.392156832,0
GTC,60,20240705,170000,5.2186,5.2186,5.19963,5.19963,1330.0490195732,0
GTC,60,20240708,120000,5.19963,5.19963,5.06679,5.06679,47.426470587000004,0
GTC,60,20240708,160000,5.19963,5.19963,5.19963,5.19963,105.39215686000001,0
GTC,60,20240708,170000,5.04781,5.1427,5.04781,5.1427,88.5294117624,0
GTC,60,20240709,140000,5.00986,5.12372,4.87702,5.12372,2120.4901960232,0
GTC,60,20240709,150000,5.10474,5.12372,4.95293,5.12372,80.0980392136,0
GTC,60,20240709,160000,5.10474,5.12372,5.10474,5.10474,98.0147058798,0
GTC,60,20240709,170000,5.10474,5.12372,5.10474,5.12372,18.9705882348,0
GTC,60,20240710,100000,5.12372,5.29451,5.00986,5.00986,4859.6323528146,0
GTC,60,20240710,120000,4.99088,4.99088,4.99088,4.99088,2.1078431372,0
GTC,60,20240710,160000,4.99088,4.99088,4.99088,4.99088,89.583333331,0
GTC,60,20240710,170000,4.99088,5.2186,4.99088,5.2186,159.1421568586,0
GTC,60,20240711,100000,5.12372,5.12372,5.12372,5.12372,4.2156862744,0
GTC,60,20240711,120000,5.12372,5.16167,4.99088,4.99088,529.0686274372,0
GTC,60,20240711,130000,5.18065,5.18065,4.99088,5.02884,115.931372546,0
GTC,60,20240711,140000,4.99088,4.99088,4.99088,4.99088,2.1078431372,0
GTC,60,20240711,160000,5.06679,5.06679,5.06679,5.06679,92.7450980368,0
GTC,60,20240711,170000,5.16167,5.18065,5.16167,5.18065,3.1617647058000005,0
GTC,60,20240712,100000,5.18065,5.2186,5.18065,5.2186,22.1323529406,0
GTC,60,20240712,130000,5.06679,5.06679,4.93395,4.93395,279.289215679,0
GTC,60,20240712,140000,5.12372,5.12372,5.10474,5.12372,59.0196078416,0
GTC,60,20240712,150000,5.00986,5.00986,5.00986,5.00986,2.1078431372,0
GTC,60,20240712,160000,5.10474,5.16167,5.10474,5.16167,15.808823529000001,0
GTC,60,20240712,170000,5.16167,5.2186,4.83907,5.04781,1582.9901960372,0
GTC,60,20240715,100000,4.95293,5.19963,4.896,5.19963,7.377450980200001,0
GTC,60,20240715,120000,5.02884,5.16167,4.95293,5.16167,213.9460784258,0
GTC,60,20240715,150000,4.93395,4.93395,4.91498,4.91498,1784.2892156398002,0
GTC,60,20240715,160000,4.93395,4.93395,4.896,4.896,242.401960778,0
GTC,60,20240715,170000,4.91498,4.93395,4.91498,4.93395,146.4950980354,0
GTC,60,20240716,120000,4.896,4.896,4.85805,4.85805,81.1519607822,0
GTC,60,20240716,150000,4.87702,4.87702,4.85805,4.85805,955.9068627202,0
GTC,60,20240716,160000,4.85805,4.85805,4.85805,4.85805,600.735294102,0
GTC,60,20240716,170000,4.82009,4.82009,4.82009,4.82009,601.7892156706,0
GTC,60,20240717,120000,4.78214,4.78214,4.76316,4.76316,94.85294117400001,0
GTC,60,20240717,130000,4.76316,4.76316,4.74419,4.74419,5228.5049018246,0
GTC,60,20240717,140000,4.76316,4.76316,4.74419,4.74419,4594.0441175274,0
GTC,60,20240717,150000,4.74419,4.74419,4.72521,4.72521,5192.6715684922,0
GTC,60,20240717,170000,4.72521,4.72521,4.72521,4.72521,348.8480392066,0
GTC,60,20240718,100000,4.80112,4.80112,4.80112,4.80112,5.269607843,0
GTC,60,20240718,110000,4.76316,4.76316,4.76316,4.76316,2.1078431372,0
GTC,60,20240718,120000,4.76316,4.76316,4.7347,4.7347,365.71078430420005,0
GTC,60,20240718,130000,4.72521,4.72521,4.70623,4.70623,6307.720588071001,0
GTC,60,20240718,140000,4.71572,4.74419,4.65879,4.66828,4278.921568516,0
GTC,60,20240718,150000,4.70623,4.70623,4.70623,4.70623,1793.7745097572,0
GTC,60,20240718,160000,4.68726,4.70623,4.68726,4.69674,2303.8725489596,0
GTC,60,20240718,170000,4.69674,4.69674,4.65879,4.65879,4328.4558822402,0
GTC,60,20240719,120000,4.69674,4.69674,4.6493,4.6493,94.85294117400001,0
GTC,60,20240719,150000,4.69674,4.69674,4.66828,4.66828,1057.0833333058,0
GTC,60,20240719,160000,4.65879,4.65879,4.6493,4.6493,2559.9754901294,0
GTC,60,20240719,170000,4.6493,4.6493,4.55442,4.55442,1920.2450979892,0
GTC,60,20240722,100000,4.63033,4.63033,4.63033,4.63033,52.69607843000001,0
GTC,60,20240722,110000,4.63033,4.63033,4.63033,4.63033,52.69607843000001,0
GTC,60,20240722,120000,4.61135,4.61135,4.61135,4.61135,86.42156862520001,0
GTC,60,20240722,130000,4.63033,4.63033,4.63033,4.63033,2590.5392156188,0
GTC,60,20240722,140000,4.62084,4.62084,4.62084,4.62084,3.1617647058000005,0
GTC,60,20240722,150000,4.68726,4.74419,4.61135,4.61135,1331.1029411418,0
GTC,60,20240722,160000,4.63981,4.63981,4.5734,4.5734,96.9607843112,0
GTC,60,20240722,170000,4.61135,4.61135,4.61135,4.61135,3.1617647058000005,0
GTC,60,20240723,110000,4.62084,4.63033,4.62084,4.63033,5.269607843,0
GTC,60,20240723,120000,4.59237,4.59237,4.59237,4.59237,3.1617647058000005,0
GTC,60,20240723,140000,4.58288,4.59237,4.55442,4.59237,80.0980392136,0
GTC,60,20240723,150000,4.55442,4.59237,4.55442,4.55442,806.249999979,0
GTC,60,20240723,160000,4.53544,4.53544,4.53544,4.53544,4.2156862744,0
GTC,60,20240723,170000,4.53544,4.53544,4.53544,4.53544,188.6519607794,0
GTC,60,20240724,110000,4.53544,4.53544,4.53544,4.53544,1264.70588232,0
GTC,60,20240724,120000,4.488,4.488,4.488,4.488,6.323529411600001,0
GTC,60,20240724,130000,4.54493,4.54493,4.45005,4.45005,3951.1519606814,0
GTC,60,20240724,140000,4.45953,4.488,4.44056,4.46902,1912.867647009,0
GTC,60,20240724,150000,4.49749,4.49749,4.49749,4.49749,398.3823529308,0
GTC,60,20240724,160000,4.49749,4.49749,4.49749,4.49749,313.01470587420005,0
GTC,60,20240724,170000,4.50698,4.50698,4.50698,4.50698,4.2156862744,0
GTC,60,20240725,100000,4.54493,4.54493,4.54493,4.54493,10.539215686,0
GTC,60,20240725,110000,4.49749,4.49749,4.49749,4.49749,52.69607843000001,0
GTC,60,20240725,120000,4.49749,4.49749,4.49749,4.49749,87.47549019380001,0
GTC,60,20240725,130000,4.54493,4.54493,4.54493,4.54493,10.539215686,0
GTC,60,20240725,150000,4.49749,4.49749,4.49749,4.49749,316.17647058,0
GTC,60,20240725,160000,4.53544,4.53544,4.53544,4.53544,5.269607843,0
GTC,60,20240725,170000,4.55442,4.56391,4.50698,4.50698,205.514705877,0
GTC,60,20240726,110000,4.5734,4.58288,4.5734,4.58288,10.539215686,0
GTC,60,20240726,120000,4.55442,4.55442,4.55442,4.55442,87.47549019380001,0
GTC,60,20240726,140000,4.58288,4.58288,4.58288,4.58288,10.539215686,0
GTC,60,20240726,170000,4.55442,4.55442,4.51647,4.51647,31.617647058000003,0
GTC,60,20240729,110000,4.56391,4.56391,4.53544,4.53544,6.323529411600001,0
GTC,60,20240729,120000,4.53544,4.53544,4.53544,4.53544,87.47549019380001,0
GTC,60,20240729,170000,4.55442,4.65879,4.55442,4.65879,1053.9215686,0
GTC,60,20240730,120000,4.6493,4.6493,4.56391,4.56391,12.647058823200002,0
GTC,60,20240730,160000,4.63981,4.69674,4.55442,4.55442,1686.27450976,0
GTC,60,20240730,170000,4.54493,4.74419,4.54493,4.74419,10.539215686,0
GTC,60,20240801,100000,4.7347,4.7347,4.7347,4.7347,10.539215686,0
GTC,60,20240801,140000,4.58288,4.58288,4.54493,4.54493,106.4460784286,0
GTC,60,20240801,170000,4.54493,4.54493,4.50698,4.50698,2341.8137254292,0
GTC,60,20240802,100000,4.72521,4.72521,4.55442,4.55442,31.617647058000003,0
GTC,60,20240802,120000,4.49749,4.49749,4.49749,4.49749,45.318627449800005,0
GTC,60,20240802,130000,4.53544,4.53544,4.53544,4.53544,127.52450980060001,0
GTC,60,20240802,140000,4.49749,4.5734,4.488,4.488,112.7696078402,0
GTC,60,20240802,150000,4.54493,4.54493,4.47851,4.47851,1154.044117617,0
GTC,60,20240805,100000,4.45953,4.45953,4.27926,4.27926,5587.8921567172,0
GTC,60,20240805,120000,4.29823,4.29823,4.29823,4.29823,4.2156862744,0
GTC,60,20240805,130000,4.29823,4.29823,4.29823,4.29823,42.156862744,0
GTC,60,20240805,140000,4.29823,4.29823,4.29823,4.29823,158.08823529,0
GTC,60,20240805,150000,4.29823,4.34567,4.29823,4.34567,281.3970588162,0
GTC,60,20240805,160000,4.34567,4.35516,4.34567,4.35516,5661.666666519201,0
GTC,60,20240805,170000,4.26977,4.26977,4.26977,4.26977,2473.5539215042004,0
GTC,60,20240806,120000,4.3267,4.3267,4.30772,4.30772,95.90686274260001,0
GTC,60,20240806,130000,4.3267,4.35516,4.30772,4.35516,313.01470587420005,0
GTC,60,20240806,170000,4.31721,4.31721,4.31721,4.31721,5.269607843,0
GTC,60,20240807,120000,4.35516,4.43107,4.35516,4.43107,52.69607843000001,0
GTC,60,20240807,130000,4.33619,4.33619,4.31721,4.31721,36.887254901,0
GTC,60,20240807,150000,4.4026,4.4026,4.4026,4.4026,337.254901952,0
GTC,60,20240807,170000,4.3267,4.3267,4.31721,4.3267,14.7549019604,0
GTC,60,20240808,130000,4.36465,4.36465,4.36465,4.36465,96.9607843112,0
GTC,60,20240809,100000,4.26977,4.26977,4.26977,4.26977,3089.0441175666,0
GTC,60,20240809,110000,4.36465,4.36465,4.26977,4.27926,18.9705882348,0
GTC,60,20240809,120000,4.26977,4.26977,4.25079,4.25079,635.5147058658,0
GTC,60,20240809,140000,4.26977,4.26977,4.23181,4.23181,230.8088235234,0
GTC,60,20240809,150000,4.26977,4.26977,4.26977,4.26977,316.17647058,0
GTC,60,20240809,160000,4.26977,4.26977,4.26028,4.26028,236.07843136640003,0
GTC,60,20240809,170000,4.26977,4.26977,4.25079,4.25079,701.9117646876,0
GTC,60,20240812,150000,4.26028,4.26028,4.17488,4.26028,1888.6274509312,0
GTC,60,20240812,160000,4.21284,4.25079,4.18437,4.18437,790.4411764500001,0
GTC,60,20240812,170000,4.17488,4.17488,4.17488,4.17488,110.661764703,0
GTC,60,20240813,100000,4.17488,4.17488,4.17488,4.17488,316.17647058,0
GTC,60,20240813,130000,4.17488,4.17488,4.08,4.08,229.7549019548,0
GTC,60,20240813,150000,4.17488,4.17488,4.11795,4.11795,1058.1372548744,0
GTC,60,20240813,160000,4.1654,4.1654,4.1654,4.1654,5.269607843,0
GTC,60,20240813,170000,4.11795,4.17488,4.11795,4.17488,68.504901959,0
GTC,60,20240814,100000,4.21284,4.25079,4.21284,4.25079,240.2941176408,0
GTC,60,20240814,120000,4.21284,4.21284,4.21284,4.21284,93.7990196054,0
GTC,60,20240814,130000,4.23181,4.23181,4.23181,4.23181,1.0539215686,0
GTC,60,20240814,150000,4.23181,4.23181,4.13693,4.13693,2504.1176469936004,0
GTC,60,20240814,160000,4.12744,4.13693,4.12744,4.12744,194.975490191,0
GTC,60,20240814,170000,4.12744,4.12744,4.08949,4.08949,558.578431358,0
GTC,60,20240816,100000,4.07051,4.07051,4.06102,4.06102,386.7892156762,0
GTC,60,20240816,110000,4.06102,4.06102,4.06102,4.06102,123.30882352620002,0
GTC,60,20240816,120000,4.05153,4.06102,4.05153,4.06102,174.9509803876,0
GTC,60,20240816,130000,4.05153,4.06102,4.05153,4.05153,284.558823522,0
GTC,60,20240816,150000,4.06102,4.06102,4.06102,4.06102,1057.0833333058001,0
GTC,60,20240816,160000,4.06102,4.06102,4.06102,4.06102,316.17647058,0
GTC,60,20240816,170000,4.06102,4.25079,4.05153,4.06102,1665.196078388,0
GTC,60,20240819,100000,4.08,4.23181,4.05153,4.05153,1709.4607842692,0
GTC,60,20240819,110000,4.05153,4.08,4.05153,4.08,537.499999986,0
GTC,60,20240819,120000,4.06102,4.08,4.06102,4.06102,716.666666648,0
GTC,60,20240819,150000,4.08,4.08,4.07051,4.07051,691.3725490016,0
GTC,60,20240819,160000,4.08,4.08,4.08,4.08,317.2303921486,0
GTC,60,20240819,170000,4.08,4.08,4.07051,4.08,859.9999999776,0
GTC,60,20240820,100000,4.11795,4.12744,4.10847,4.12744,15.808823529,0
GTC,60,20240820,110000,4.13693,4.13693,4.13693,4.13693,1353.2352940824,0
GTC,60,20240820,120000,4.08949,4.08949,4.08,4.08,1061.2990195802001,0
GTC,60,20240820,130000,4.07051,4.07051,4.07051,4.07051,93.7990196054,0
GTC,60,20240820,150000,4.09898,4.09898,4.09898,4.09898,1.0539215686,0
GTC,60,20240820,160000,4.09898,4.09898,4.09898,4.09898,93.7990196054,0
GTC,60,20240820,170000,4.09898,4.10847,4.09898,4.10847,601.7892156706,0
GTC,60,20240821,100000,4.08,4.08,4.08,4.08,1213.0637254586002,0
GTC,60,20240821,110000,4.08,4.08,4.08,4.08,243.4558823466,0
GTC,60,20240821,120000,4.08,4.08,4.07051,4.08,100.12254901700001,0
GTC,60,20240821,130000,4.08,4.08,4.08,4.08,262.4264705814,0
GTC,60,20240821,140000,4.08,4.08,4.06102,4.06102,2642.1813724802,0
GTC,60,20240822,100000,4.08,4.15591,4.08,4.08,9998.5539213082,0
GTC,60,20240822,110000,4.08,4.17488,4.08,4.08,8660.0735291862,0
GTC,60,20240822,120000,4.08,4.08,4.06102,4.08,5267.4999998628,0
GTC,60,20240822,130000,4.08,4.13693,4.06102,4.06102,6863.1372547232,0
GTC,60,20240822,140000,4.08,4.08,4.08,4.08,11.5931372546,0
GTC,60,20240822,150000,4.08,4.08,4.07051,4.07051,1159.31372546,0
GTC,60,20240822,160000,4.08,4.08,4.04205,4.04205,2308.088235234,0
GTC,60,20240822,170000,4.04205,4.07051,4.03256,4.07051,828.3823529196,0
GTC,60,20240823,100000,4.10847,4.11795,4.05153,4.08,3856.2990195074,0
GTC,60,20240823,110000,4.08,4.08,4.07051,4.07051,41.1029411754,0
GTC,60,20240823,120000,4.08,4.08,4.08,4.08,303.5294117568,0
GTC,60,20240823,130000,4.09898,4.09898,4.08,4.08,3413.6519606954002,0
GTC,60,20240823,140000,4.08,4.08,4.07051,4.07051,1454.411764668,0
GTC,60,20240823,160000,4.08,4.08,4.07051,4.07051,510.0980392024,0
GTC,60,20240823,170000,4.08,4.08,4.08,4.08,316.17647058,0
GTC,60,20240826,100000,4.09898,4.09898,4.06102,4.06102,1345.8578431022001,0
GTC,60,20240826,120000,4.08,4.08,4.08,4.08,126.470588232,0
GTC,60,20240826,130000,4.08,4.08,4.08,4.08,1079.2156862464,0
GTC,60,20240826,140000,4.07051,4.08,4.06102,4.08,112.7696078402,0
GTC,60,20240826,150000,4.08,4.08,4.07051,4.07051,1158.2598038914,0
GTC,60,20240826,160000,4.08,4.08,4.06102,4.06102,3935.3431371524002,0
GTC,60,20240826,170000,4.08,4.08,4.06102,4.06102,2546.2745097376,0
GTC,60,20240827,110000,4.08,4.11795,4.06102,4.06102,2000.3431372028,0
GTC,60,20240827,120000,4.08,4.08,4.06102,4.07051,812.5735293906,0
GTC,60,20240827,130000,4.08,4.08,4.07051,4.07051,368.87254901,0
GTC,60,20240827,140000,4.08,4.08,4.08,4.08,421.56862744000006,0
GTC,60,20240827,150000,4.07051,4.07051,4.07051,4.07051,94.85294117400001,0
GTC,60,20240827,160000,4.08,4.08,4.08,4.08,760.9313725292,0
GTC,60,20240827,170000,4.08,4.08,4.06102,4.06102,1486.029411726,0
GTC,60,20240828,110000,4.05153,4.08,4.05153,4.08,266.6421568558,0
GTC,60,20240828,120000,4.08,4.08,4.05153,4.08,2572.6225489526,0
GTC,60,20240828,130000,4.06102,4.06102,4.06102,4.06102,93.7990196054,0
GTC,60,20240828,140000,4.06102,4.06102,4.04205,4.06102,4638.3088234086,0
GTC,60,20240828,150000,4.06102,4.06102,4.04205,4.04205,304.5833333254,0
GTC,60,20240828,160000,4.06102,4.08,4.06102,4.08,310.90686273700004,0
GTC,60,20240828,170000,4.08,4.08,4.08,4.08,1475.49019604,0
GTC,60,20240829,100000,4.17,4.17,4.17,4.17,700,0
GTC,60,20240829,110000,4.17,4.17,4.17,4.17,519,0
GTC,60,20240829,120000,4.17,4.29,4.17,4.22,4047,0
GTC,60,20240829,130000,4.22,4.22,4.22,4.22,3,0
GTC,60,20240829,140000,4.15,4.15,4.15,4.15,442,0
GTC,60,20240829,160000,4.22,4.28,4.22,4.28,1058,0
GTC,60,20240829,170000,4.18,4.18,4.18,4.18,1,0
GTC,60,20240830,100000,4.18,4.18,4.18,4.18,3,0
GTC,60,20240830,120000,4.18,4.18,4.16,4.16,933,0
GTC,60,20240830,130000,4.16,4.16,4.16,4.16,2623,0
GTC,60,20240830,140000,4.11,4.16,4.1,4.1,7986,0
GTC,60,20240830,150000,4.15,4.16,4.1,4.16,369,0
GTC,60,20240830,160000,4.11,4.11,4.11,4.11,93,0
GTC,60,20240830,170000,4.16,4.16,4.16,4.16,165,0
GTC,60,20240902,100000,4.19,4.19,4.12,4.12,500,0
GTC,60,20240902,120000,4.14,4.14,4.14,4.14,3,0
GTC,60,20240902,130000,4.13,4.14,4.12,4.14,368,0
GTC,60,20240902,140000,4.16,4.22,4.16,4.2,1420,0
GTC,60,20240902,150000,4.2,4.2,4.2,4.2,4174,0
GTC,60,20240902,160000,4.15,4.15,4.15,4.15,3,0
GTC,60,20240902,170000,4.14,4.14,4.13,4.13,341,0
GTC,60,20240903,100000,4.15,4.2,4.15,4.2,375,0
GTC,60,20240903,110000,4.15,4.15,4.15,4.15,10,0
GTC,60,20240903,120000,4.15,4.15,4.15,4.15,93,0
GTC,60,20240903,130000,4.15,4.15,4.13,4.13,2088,0
GTC,60,20240903,140000,4.13,4.13,4.13,4.13,93,0
GTC,60,20240903,160000,4.19,4.19,4.13,4.13,70,0
GTC,60,20240903,170000,4.13,4.13,4.13,4.13,1227,0
GTC,60,20240904,100000,4.12,4.12,4.12,4.12,185,0
GTC,60,20240904,140000,4.12,4.13,4.11,4.13,398,0
GTC,60,20240904,160000,4.12,4.12,4.12,4.12,3,0
GTC,60,20240904,170000,4.17,4.19,4.17,4.19,188,0
GTC,60,20240905,120000,4.19,4.19,4.19,4.19,200,0
GTC,60,20240905,130000,4.14,4.14,4.14,4.14,3,0
GTC,60,20240905,150000,4.19,4.19,4.13,4.13,11,0
GTC,60,20240905,170000,4.14,4.14,4.13,4.13,5,0
GTC,60,20240906,100000,4.15,4.15,4.11,4.11,1000,0
GTC,60,20240906,110000,4.11,4.19,4.11,4.19,20,0
GTC,60,20240906,130000,4.11,4.11,4.11,4.11,82,0
GTC,60,20240906,170000,4.15,4.15,4.15,4.15,183,0
GTC,60,20240909,100000,4.15,4.15,4.15,4.15,5817,0
GTC,60,20240909,110000,4.15,4.19,4.15,4.15,893,0
GTC,60,20240909,120000,4.13,4.13,4.13,4.13,93,0
GTC,60,20240909,130000,4.15,4.15,4.14,4.14,55003,0
GTC,60,20240910,100000,4.15,4.19,4.15,4.19,16,0
GTC,60,20240910,110000,4.15,4.15,4.15,4.15,20606,0
GTC,60,20240910,120000,4.14,4.14,4.14,4.14,3,0
GTC,60,20240910,130000,4.15,4.15,4.11,4.11,132,0
GTC,60,20240910,140000,4.11,4.15,4.11,4.15,10003,0
GTC,60,20240910,150000,4.1,4.15,4.1,4.1,1980,0
GTC,60,20240910,160000,4.15,4.15,4.15,4.15,10,0
GTC,60,20240910,170000,4.15,4.15,4.1,4.15,37303,0
GTC,60,20240911,110000,4.14,4.15,4.14,4.15,51510,0
GTC,60,20240911,120000,4.14,4.15,4.11,4.11,15003,0
GTC,60,20240911,130000,4.14,4.15,4.11,4.11,15755,0
GTC,60,20240911,140000,4.1,4.15,4.1,4.1,22257,0
GTC,60,20240911,150000,4.1,4.1,4.1,4.1,94,0
GTC,60,20240911,160000,4.14,4.15,4.09,4.09,13389,0
GTC,60,20240911,170000,4.15,4.15,4.08,4.08,10021,0
GTC,60,20240912,100000,4.11,4.11,4.11,4.11,195,0
GTC,60,20240912,130000,4.12,4.12,4.11,4.11,800,0
GTC,60,20240912,150000,4.1,4.11,4.1,4.11,692,0
GTC,60,20240912,170000,4.12,4.12,4.08,4.08,515,0
GTC,60,20240913,150000,4.1,4.1,4.1,4.1,488,0
GTC,60,20240913,160000,4.14,4.15,4.06,4.11,189340,0
GTC,60,20240913,170000,4.14,4.14,4.14,4.14,5026,0
GTC,60,20240916,150000,4.14,4.14,4.08,4.08,853,0
GTC,60,20240916,160000,4.12,4.13,4.12,4.13,10,0
GTC,60,20240916,170000,4.08,4.08,4.08,4.08,6,0
GTC,60,20240917,110000,4.13,4.14,4.13,4.14,10,0
GTC,60,20240917,120000,4.12,4.12,4.09,4.09,604,0
GTC,60,20240917,150000,4.13,4.13,4.13,4.13,10,0
GTC,60,20240917,170000,4.09,4.09,4.09,4.09,4,0
GTC,60,20240918,100000,4.1,4.1,4.1,4.1,498,0
GTC,60,20240918,110000,4.1,4.14,4.1,4.14,995,0
GTC,60,20240918,120000,4.09,4.09,4.07,4.07,667,0
GTC,60,20240918,160000,4.13,4.13,4.07,4.07,104,0
GTC,60,20240918,170000,4.05,4.05,4.05,4.05,9011,0
GTC,60,20240919,100000,4.04,4.1,4.04,4.1,24452,0
GTC,60,20240919,110000,4.1,4.1,4.1,4.1,189,0
GTC,60,20240919,120000,4.1,4.1,4.1,4.1,95,0
GTC,60,20240919,130000,4.1,4.1,4.1,4.1,80316,0
GTC,60,20240919,160000,4.1,4.1,4.08,4.1,2066,0
GTC,60,20240919,170000,4.08,4.08,4.08,4.08,116,0
GTC,60,20240920,100000,4.06,4.06,4.06,4.06,12,0
GTC,60,20240920,120000,4.06,4.06,4.06,4.06,94,0
GTC,60,20240920,130000,4.13,4.14,4.13,4.14,100,0
GTC,60,20240920,160000,4.14,4.14,4.14,4.14,10,0
GTC,60,20240920,170000,4.07,4.07,4.07,4.07,6,0
GTC,60,20240923,110000,4.14,4.14,4.14,4.14,150,0
GTC,60,20240923,120000,4.06,4.06,4.06,4.06,94,0
GTC,60,20240923,170000,4.14,4.14,4.07,4.07,17,0
GTC,60,20240924,120000,4.08,4.08,4.07,4.07,646,0
GTC,60,20240924,130000,4.12,4.13,4.12,4.13,10,0
GTC,60,20240924,160000,4.1,4.1,4.1,4.1,112555,0
GTC,60,20240924,170000,4.1,4.1,4.07,4.1,2982,0
GTC,60,20240925,130000,4.08,4.08,4.08,4.08,118,0
GTC,60,20240925,170000,4.08,4.08,4.08,4.08,2,0
GTC,60,20240926,110000,4.07,4.07,4.07,4.07,525,0
GTC,60,20240926,120000,4.07,4.07,4.06,4.06,794,0
GTC,60,20240926,130000,4.06,4.06,4.06,4.06,94,0
GTC,60,20240926,140000,4.06,4.06,4.04,4.04,2324,0
GTC,60,20240926,170000,4.07,4.1,4.06,4.06,42002,0
GTC,60,20240927,130000,4.08,4.1,4.04,4.05,106979,0
GTC,60,20240927,140000,4.05,4.05,4.05,4.05,83209,0
GTC,60,20240927,160000,4.1,4.4,4.1,4.4,53386,0
GTC,60,20240927,170000,4.4,4.77,4.4,4.6,147489,0
GTC,60,20240930,100000,4.6,4.6,4.41,4.47,20010,0
GTC,60,20240930,110000,4.47,4.58,4.46,4.47,1212,0
GTC,60,20240930,120000,4.57,4.59,4.47,4.47,7813,0
GTC,60,20240930,130000,4.45,4.45,4.42,4.42,2954,0
GTC,60,20240930,140000,4.41,4.42,4.41,4.41,2657,0
GTC,60,20240930,150000,4.52,4.52,4.42,4.52,85,0
GTC,60,20240930,170000,4.43,4.43,4.41,4.41,3243,0
GTC,60,20241001,100000,4.39,4.55,4.39,4.55,656,0
GTC,60,20241001,120000,4.37,4.37,4.36,4.36,214,0
GTC,60,20241001,130000,4.38,4.38,4.38,4.38,3,0
GTC,60,20241001,140000,4.51,4.52,4.36,4.36,2142,0
GTC,60,20241001,160000,4.36,4.36,4.36,4.36,3,0
GTC,60,20241001,170000,4.35,4.47,4.35,4.47,1110,0
GTC,60,20241002,120000,4.33,4.42,4.31,4.42,220,0
GTC,60,20241002,130000,4.31,4.31,4.31,4.31,87,0
GTC,60,20241002,150000,4.31,4.31,4.31,4.31,59,0
GTC,60,20241002,160000,4.3,4.42,4.3,4.42,2596,0
GTC,60,20241002,170000,4.31,4.42,4.3,4.42,110,0
GTC,60,20241003,110000,4.41,4.41,4.41,4.41,40,0
GTC,60,20241003,120000,4.31,4.4,4.31,4.4,5006,0
GTC,60,20241003,130000,4.4,4.5,4.4,4.5,5508,0
GTC,60,20241003,140000,4.5,4.6,4.35,4.6,31798,0
GTC,60,20241003,150000,4.6,4.6,4.49,4.5,1100,0
GTC,60,20241003,160000,4.45,4.45,4.45,4.45,88,0
GTC,60,20241003,170000,4.49,4.49,4.38,4.38,6666,0
GTC,60,20241004,100000,4.38,4.38,4.38,4.38,10,0
GTC,60,20241004,110000,4.43,4.47,4.43,4.47,87,0
GTC,60,20241004,120000,4.38,4.38,4.38,4.38,70,0
GTC,60,20241004,130000,4.46,4.46,4.46,4.46,300,0
GTC,60,20241004,140000,4.37,4.37,4.37,4.37,3,0
GTC,60,20241004,170000,4.37,4.37,4.37,4.37,1,0
GTC,60,20241007,100000,4.37,4.44,4.37,4.37,86,0
GTC,60,20241007,110000,4.37,4.37,4.37,4.37,3,0
GTC,60,20241007,120000,4.36,4.36,4.36,4.36,3,0
GTC,60,20241007,130000,4.35,4.35,4.32,4.32,16,0
GTC,60,20241007,140000,4.33,4.33,4.32,4.32,238,0
GTC,60,20241007,150000,4.32,4.32,4.32,4.32,90,0
GTC,60,20241007,160000,4.32,4.32,4.32,4.32,10,0
GTC,60,20241008,110000,4.32,4.32,4.3,4.3,4333,0
GTC,60,20241008,120000,4.28,4.28,4.28,4.28,3,0
GTC,60,20241008,150000,4.3,4.57,4.3,4.5,47436,0
GTC,60,20241008,160000,4.52,4.53,4.4,4.4,1626,0
GTC,60,20241008,170000,4.36,4.43,4.35,4.35,1252,0
GTC,60,20241009,100000,4.44,4.56,4.42,4.51,107,0
GTC,60,20241009,120000,4.44,4.44,4.44,4.44,4,0
GTC,60,20241009,170000,4.38,4.44,4.36,4.44,1094,0
GTC,60,20241010,100000,4.44,4.44,4.44,4.44,2,0
GTC,60,20241010,120000,4.42,4.42,4.42,4.42,88,0
GTC,60,20241010,140000,4.37,4.37,4.32,4.32,610,0
GTC,60,20241010,150000,4.33,4.33,4.33,4.33,120,0
GTC,60,20241010,160000,4.32,4.36,4.32,4.32,3517,0
GTC,60,20241010,170000,4.38,4.38,4.38,4.38,93,0
GTC,60,20241011,100000,4.38,4.38,4.38,4.38,4,0
GTC,60,20241011,110000,4.38,4.38,4.38,4.38,600,0
GTC,60,20241011,120000,4.38,4.38,4.38,4.38,90,0
GTC,60,20241011,130000,4.38,4.38,4.3,4.3,5643,0
GTC,60,20241011,140000,4.3,4.3,4.3,4.3,115,0
GTC,60,20241011,150000,4.3,4.3,4.3,4.3,3,0
GTC,60,20241011,170000,4.3,4.57,4.3,4.57,48123,0
GTC,60,20241014,100000,4.39,4.39,4.39,4.39,3160,0
GTC,60,20241014,110000,4.55,4.57,4.4,4.4,203,0
GTC,60,20241014,120000,4.54,4.54,4.54,4.54,3,0
GTC,60,20241014,140000,4.54,4.55,4.54,4.54,14,0
GTC,60,20241014,150000,4.54,4.55,4.54,4.55,6,0
GTC,60,20241014,160000,4.55,4.55,4.55,4.55,106,0
GTC,60,20241014,170000,4.52,4.52,4.52,4.52,1,0
GTC,60,20241015,110000,4.51,4.51,4.51,4.51,390,0
GTC,60,20241015,120000,4.5,4.5,4.5,4.5,341,0
GTC,60,20241015,140000,4.49,4.49,4.49,4.49,3,0
GTC,60,20241015,150000,4.49,4.49,4.49,4.49,21,0
GTC,60,20241015,170000,4.47,4.47,4.47,4.47,7,0
GTC,60,20241016,100000,4.42,4.42,4.41,4.41,9,0
GTC,60,20241016,120000,4.41,4.46,4.36,4.46,1365,0
GTC,60,20241016,170000,4.47,4.47,4.47,4.47,244,0
GTC,60,20241017,120000,4.45,4.45,4.45,4.45,92,0
GTC,60,20241017,160000,4.38,4.38,4.34,4.34,470,0
GTC,60,20241017,170000,4.41,4.44,4.41,4.44,19,0
GTC,60,20241018,120000,4.36,4.36,4.36,4.36,93,0
GTC,60,20241018,130000,4.35,4.41,4.33,4.41,329,0
GTC,60,20241018,170000,4.42,4.42,4.42,4.42,10,0
GTC,60,20241021,100000,4.4,4.4,4.4,4.4,500,0
GTC,60,20241021,130000,4.38,4.4,4.32,4.4,1423,0
GTC,60,20241021,170000,4.31,4.31,4.31,4.31,527,0
GTC,60,20241022,100000,4.38,4.38,4.38,4.38,4,0
GTC,60,20241022,120000,4.35,4.35,4.35,4.35,11,0
GTC,60,20241022,130000,4.33,4.33,4.33,4.33,505,0
GTC,60,20241022,150000,4.37,4.37,4.37,4.37,93,0
GTC,60,20241022,170000,4.37,4.37,4.37,4.37,2,0
GTC,60,20241023,140000,4.35,4.36,4.35,4.36,709,0
GTC,60,20241024,100000,4.33,4.33,4.33,4.33,135,0
GTC,60,20241024,120000,4.33,4.33,4.32,4.32,100,0
GTC,60,20241024,130000,4.31,4.31,4.31,4.31,5,0
GTC,60,20241024,140000,4.3,4.33,4.3,4.33,18,0
GTC,60,20241024,160000,4.28,4.28,4.12,4.28,2070,0
GTC,60,20241024,170000,4.18,4.27,4.16,4.2,214,0
GTC,60,20241025,100000,4.12,4.3,4.12,4.3,2072,0
GTC,60,20241025,130000,4.26,4.26,4.26,4.26,6,0
GTC,60,20241025,170000,4.25,4.25,4.25,4.25,1,0
GTC,60,20241028,100000,4.24,4.31,4.24,4.31,37,0
GTC,60,20241028,120000,4.26,4.26,4.26,4.26,3,0
GTC,60,20241028,140000,4.26,4.3,4.26,4.3,30,0
GTC,60,20241028,160000,4.26,4.26,4.15,4.15,203,0
GTC,60,20241028,170000,4.29,4.29,4.11,4.29,904,0
GTC,60,20241029,130000,4.29,4.32,4.29,4.31,319,0
GTC,60,20241029,170000,4.11,4.11,4.11,4.11,1200,0
GTC,60,20241030,100000,4.11,4.35,4.11,4.35,2107,0
GTC,60,20241030,120000,4.3,4.34,4.22,4.34,1030,0
GTC,60,20241030,130000,4.25,4.25,4.23,4.23,101,0
GTC,60,20241030,160000,4.23,4.31,4.23,4.31,50,0
GTC,60,20241031,100000,4.29,4.35,4.29,4.35,15,0
GTC,60,20241031,120000,4.29,4.35,4.24,4.33,18,0
GTC,60,20241031,130000,4.3,4.3,4.17,4.17,2290,0
GTC,60,20241031,140000,4.18,4.3,4.14,4.29,4174,0
GTC,60,20241031,150000,4.28,4.57,4.2,4.57,18249,0
GTC,60,20241031,160000,4.57,4.6,4.57,4.59,19500,0
GTC,60,20241031,170000,4.41,4.55,4.41,4.53,117,0
GTC,60,20241104,100000,4.5,4.52,4.38,4.52,3506,0
GTC,60,20241104,110000,4.39,4.39,4.39,4.39,2,0
GTC,60,20241104,120000,4.46,4.47,4.46,4.47,284,0
GTC,60,20241104,160000,4.4,4.4,4.38,4.38,1319,0
GTC,60,20241104,170000,4.46,4.59,4.46,4.59,48233,0
GTC,60,20241105,110000,4.54,4.54,4.54,4.54,3,0
GTC,60,20241105,120000,4.59,4.59,4.59,4.59,87,0
GTC,60,20241105,130000,4.54,4.54,4.54,4.54,9,0
GTC,60,20241105,140000,4.49,4.53,4.49,4.53,315,0
GTC,60,20241105,150000,4.53,4.58,4.53,4.58,65,0
GTC,60,20241106,170000,4.58,4.6,4.49,4.6,25704,0
GTC,60,20241107,120000,4.52,4.6,4.52,4.6,93,0
GTC,60,20241107,160000,4.53,4.53,4.52,4.52,36,0
GTC,60,20241107,170000,4.53,4.58,4.51,4.58,1343,0
GTC,60,20241108,150000,4.55,4.58,4.55,4.58,95,0
GTC,60,20241108,160000,4.58,4.6,4.58,4.6,47561,0
GTC,60,20241112,100000,4.52,4.52,4.52,4.52,70,0
GTC,60,20241112,120000,4.56,4.56,4.52,4.52,108,0
GTC,60,20241112,130000,4.56,4.56,4.56,4.56,10,0
GTC,60,20241112,160000,4.56,4.56,4.56,4.56,3,0
GTC,60,20241112,170000,4.52,4.52,4.52,4.52,832,0
GTC,60,20241113,100000,4.52,4.52,4.52,4.52,113,0
GTC,60,20241113,120000,4.56,4.56,4.56,4.56,91,0
GTC,60,20241113,140000,4.52,4.52,4.52,4.52,560,0
GTC,60,20241113,160000,4.51,4.51,4.49,4.49,24,0
GTC,60,20241113,170000,4.56,4.56,4.49,4.49,117,0
GTC,60,20241114,130000,4.56,4.56,4.56,4.56,95,0
GTC,60,20241114,150000,4.49,4.49,4.49,4.49,440,0
GTC,60,20241114,170000,4.56,4.6,4.56,4.6,94504,0
GTC,60,20241118,100000,4.59,4.59,4.52,4.52,605,0
GTC,60,20241118,110000,4.52,4.52,4.52,4.52,245,0
GTC,60,20241118,120000,4.52,4.52,4.52,4.52,5,0
GTC,60,20241118,140000,4.51,4.51,4.51,4.51,125,0
GTC,60,20241118,170000,4.52,4.52,4.52,4.52,21,0
GTC,60,20241119,120000,4.51,4.51,4.38,4.38,10536,0
GTC,60,20241119,160000,4.38,4.38,4.36,4.36,846,0
GTC,60,20241119,170000,4.43,4.43,4.43,4.43,21,0
GTC,60,20241120,110000,4.47,4.47,4.44,4.44,7,0
GTC,60,20241120,120000,4.36,4.36,4.36,4.36,4,0
GTC,60,20241120,170000,4.4,4.42,4.4,4.42,520,0
GTC,60,20241121,140000,4.4,4.4,4.32,4.32,97,0
GTC,60,20241121,170000,4.45,4.45,4.45,4.45,15,0
GTC,60,20241122,100000,4.45,4.45,4.45,4.45,4,0
GTC,60,20241122,110000,4.3,4.3,4.3,4.3,5,0
GTC,60,20241122,120000,4.34,4.34,4.34,4.34,3,0
GTC,60,20241122,130000,4.34,4.4,4.34,4.4,303,0
GTC,60,20241122,140000,4.33,4.33,4.33,4.33,3,0
GTC,60,20241122,160000,4.4,4.45,4.4,4.45,150,0
GTC,60,20241125,170000,4.45,4.45,4.31,4.45,819,0
GTC,60,20241126,100000,4.45,4.45,4.45,4.45,2222,0
GTC,60,20241126,120000,4.33,4.33,4.33,4.33,92,0
GTC,60,20241126,170000,4.35,4.39,4.35,4.39,61,0
GTC,60,20241127,120000,4.31,4.31,4.31,4.31,142,0
GTC,60,20241127,130000,4.37,4.37,4.32,4.32,555,0
GTC,60,20241127,150000,4.36,4.36,4.31,4.31,124,0
GTC,60,20241127,170000,4.31,4.31,4.31,4.31,5,0
GTC,60,20241128,110000,4.3,4.3,4.27,4.27,884,0
GTC,60,20241128,120000,4.27,4.27,4.27,4.27,95,0
GTC,60,20241128,130000,4.34,4.39,4.32,4.32,25095,0
GTC,60,20241128,140000,4.33,4.33,4.28,4.28,5294,0
GTC,60,20241128,150000,4.28,4.35,4.28,4.35,97,0
GTC,60,20241128,160000,4.28,4.38,4.27,4.38,28584,0
GTC,60,20241128,170000,4.23,4.33,4.21,4.33,9275,0
GTC,60,20241129,100000,4.31,4.31,4.31,4.31,4,0
GTC,60,20241129,120000,4.19,4.19,4.19,4.19,94,0
GTC,60,20241129,140000,4.29,4.29,4.29,4.29,6310,0
GTC,60,20241129,150000,4.29,4.29,4.22,4.28,9172,0
GTC,60,20241129,160000,4.23,4.23,4.23,4.23,50,0
GTC,60,20241129,170000,4.22,4.27,4.19,4.26,560,0
GTC,60,20241202,110000,4.2,4.2,4.18,4.18,725,0
GTC,60,20241202,120000,4.16,4.16,4.16,4.16,95,0
GTC,60,20241202,130000,4.16,4.25,4.15,4.16,2086,0
GTC,60,20241202,140000,4.26,4.27,4.15,4.15,2570,0
GTC,60,20241202,150000,4.16,4.26,4.15,4.15,102,0
GTC,60,20241202,160000,4.25,4.26,4.15,4.16,2054,0
GTC,60,20241202,170000,4.26,4.26,4.26,4.26,60,0
GTC,60,20241203,100000,4.26,4.26,4.24,4.24,1752,0
GTC,60,20241203,120000,4.18,4.23,4.17,4.23,20,0
GTC,60,20241203,140000,4.16,4.16,4.16,4.16,3,0
GTC,60,20241203,150000,4.15,4.15,4.13,4.13,3556,0
GTC,60,20241203,160000,4.21,4.23,4.11,4.11,1413,0
GTC,60,20241203,170000,4.12,4.19,4.12,4.19,124,0
GTC,60,20241204,110000,4.12,4.18,4.09,4.09,4369,0
GTC,60,20241204,120000,4.09,4.09,4.09,4.09,97,0
GTC,60,20241204,130000,4.14,4.18,4.14,4.14,1866,0
GTC,60,20241204,140000,4.09,4.09,4.07,4.07,6016,0
GTC,60,20241204,150000,4.05,4.05,4.05,4.05,97,0
GTC,60,20241204,160000,4.11,4.17,4.07,4.14,57770,0
GTC,60,20241204,170000,4.09,4.15,4.07,4.07,62982,0
GTC,60,20241205,100000,4.13,4.13,4.13,4.13,100,0
GTC,60,20241205,110000,4.04,4.13,4.04,4.13,4010,0
GTC,60,20241205,120000,4.11,4.13,4,4,7248,0
GTC,60,20241205,130000,4,4.04,4,4,4758,0
GTC,60,20241205,140000,4,4,4,4,806,0
GTC,60,20241205,150000,4,4,3.96,3.97,3810,0
GTC,60,20241205,160000,3.95,3.95,3.95,3.95,23,0
GTC,60,20241205,170000,3.97,4.07,3.95,4.07,52763,0
GTC,60,20241206,100000,4.07,4.07,4,4.06,1225,0
GTC,60,20241206,120000,3.96,3.96,3.94,3.94,24,0
GTC,60,20241206,130000,4,4,4,4,5,0
GTC,60,20241206,140000,3.99,4.04,3.99,4.04,511,0
GTC,60,20241206,170000,4,4,3.96,3.96,502,0
GTC,60,20241209,100000,3.96,4.05,3.93,4.05,262,0
GTC,60,20241209,170000,4,4.03,4,4.03,455,0
GTC,60,20241210,100000,4.03,4.03,4.03,4.03,37,0
GTC,60,20241210,110000,3.98,4,3.94,3.99,68,0
GTC,60,20241210,120000,4,4.03,3.98,4,1099,0
GTC,60,20241210,130000,3.97,3.97,3.97,3.97,500,0
GTC,60,20241210,140000,3.94,3.97,3.94,3.96,342,0
GTC,60,20241210,150000,3.96,3.96,3.95,3.95,500,0
GTC,60,20241210,160000,3.95,3.97,3.95,3.97,301,0
GTC,60,20241210,170000,3.97,3.97,3.96,3.96,3657,0
GTC,60,20241211,100000,3.96,3.96,3.96,3.96,244,0
GTC,60,20241211,120000,3.95,3.95,3.92,3.92,99,0
GTC,60,20241211,170000,3.96,3.96,3.96,3.96,122,0
GTC,60,20241212,100000,3.94,3.94,3.94,3.94,48,0
GTC,60,20241212,110000,3.96,3.96,3.94,3.95,322,0
GTC,60,20241212,120000,3.99,3.99,3.99,3.99,12,0
GTC,60,20241212,150000,3.93,3.93,3.81,3.81,4974,0
GTC,60,20241212,170000,3.83,3.9,3.83,3.9,661,0
GTC,60,20241213,100000,3.86,3.92,3.86,3.92,383,0
GTC,60,20241213,110000,3.9,3.9,3.9,3.9,100,0
GTC,60,20241213,120000,3.9,3.9,3.9,3.9,500,0
GTC,60,20241213,130000,3.89,3.9,3.87,3.87,21275,0
GTC,60,20241213,140000,3.87,3.87,3.87,3.87,56,0
GTC,60,20241213,160000,3.9,3.91,3.9,3.91,530,0
GTC,60,20241213,170000,3.92,3.92,3.87,3.87,8604,0
GTC,60,20241216,100000,3.9,3.9,3.9,3.9,250,0
GTC,60,20241216,110000,3.88,3.88,3.88,3.88,1000,0
GTC,60,20241216,120000,3.88,3.93,3.88,3.93,3010,0
GTC,60,20241216,130000,3.87,3.87,3.87,3.87,2100,0
GTC,60,20241216,140000,3.86,3.86,3.83,3.86,9877,0
GTC,60,20241216,150000,3.84,3.93,3.84,3.93,804,0
GTC,60,20241216,160000,3.84,3.84,3.84,3.84,374,0
GTC,60,20241216,170000,3.93,4.06,3.93,4.04,111843,0
GTC,60,20241217,100000,4.04,4.04,4.04,4.04,3000,0
GTC,60,20241217,110000,4.03,4.04,4.03,4.04,5050,0
GTC,60,20241217,120000,3.99,3.99,3.99,3.99,204,0
GTC,60,20241217,140000,3.99,3.99,3.96,3.96,962,0
GTC,60,20241217,150000,3.95,3.95,3.9,3.9,500,0
GTC,60,20241217,160000,3.92,3.98,3.92,3.98,810,0
GTC,60,20241217,170000,3.92,3.96,3.88,3.96,6132,0
GTC,60,20241218,100000,3.96,3.96,3.87,3.87,566,0
GTC,60,20241218,110000,3.87,3.87,3.86,3.86,360,0
GTC,60,20241218,120000,3.87,3.9,3.83,3.89,11894,0
GTC,60,20241218,130000,3.84,3.84,3.82,3.82,399,0
GTC,60,20241218,140000,3.89,3.89,3.89,3.89,103,0
GTC,60,20241218,150000,3.88,3.89,3.88,3.89,10,0
GTC,60,20241218,170000,3.89,4.04,3.89,3.91,121719,0
GTC,60,20241219,100000,3.83,4,3.83,4,183,0
GTC,60,20241219,110000,3.99,3.99,3.99,3.99,10,0
GTC,60,20241219,120000,3.88,3.88,3.85,3.85,150,0
GTC,60,20241219,130000,3.99,3.99,3.99,3.99,10,0
GTC,60,20241219,140000,3.88,3.99,3.85,3.99,592,0
GTC,60,20241219,160000,3.96,3.96,3.96,3.96,11,0
GTC,60,20241219,170000,3.95,3.96,3.85,3.85,2143,0
GTC,60,20241220,100000,3.96,3.96,3.86,3.87,433,0
GTC,60,20241220,110000,3.87,4,3.87,4,107227,0
GTC,60,20241220,120000,4,4,4,4,75010,0
GTC,60,20241220,130000,4,4.02,4,4.02,3053,0
GTC,60,20241220,140000,4,4.02,4,4.01,43053,0
GTC,60,20241220,150000,4,4,4,4,6004,0
GTC,60,20241220,160000,4,4,4,4,183000,0
GTC,60,20241220,170000,4,4,4,4,183,0
GTC,60,20241223,100000,3.9,3.9,3.9,3.9,210,0
GTC,60,20241223,110000,3.92,3.95,3.9,3.95,552,0
GTC,60,20241223,120000,3.9,3.9,3.86,3.86,9163,0
GTC,60,20241223,130000,3.94,3.94,3.94,3.94,102,0
GTC,60,20241223,170000,3.89,3.94,3.88,3.94,352,0
GTC,60,20241227,100000,3.84,3.9,3.84,3.9,425,0
GTC,60,20241227,110000,3.92,3.92,3.92,3.92,72,0
GTC,60,20241227,160000,3.9,3.9,3.9,3.9,4,0
GTC,60,20241227,170000,3.9,3.9,3.88,3.88,114,0
GTC,60,20241230,100000,3.87,3.87,3.87,3.87,550,0
GTC,60,20241230,110000,3.97,3.98,3.97,3.98,206,0
GTC,60,20241230,140000,3.96,3.96,3.96,3.96,40,0
GTC,60,20241230,150000,3.95,3.96,3.95,3.96,9,0
GTC,60,20241230,170000,3.96,3.99,3.89,3.89,338,0
GTC,60,20250102,100000,3.99,3.99,3.95,3.95,17,0
GTC,60,20250102,110000,3.96,3.96,3.92,3.92,1160,0
GTC,60,20250102,120000,3.96,3.97,3.92,3.97,147,0
GTC,60,20250102,140000,3.98,3.99,3.98,3.99,505,0
GTC,60,20250102,150000,3.99,3.99,3.99,3.99,106,0
GTC,60,20250102,160000,3.99,3.99,3.99,3.99,193,0
GTC,60,20250102,170000,4.05,4.19,4.05,4.1,2598,0
GTC,60,20250103,110000,4.07,4.1,3.99,3.99,5015,0
GTC,60,20250103,120000,4.01,4.01,3.99,4,145,0
GTC,60,20250103,130000,4.02,4.03,4.02,4.02,117086,0
GTC,60,20250103,140000,3.99,3.99,3.99,3.99,102,0
GTC,60,20250103,150000,3.99,3.99,3.96,3.96,2402,0
GTC,60,20250103,160000,3.98,3.98,3.98,3.98,10,0
GTC,60,20250103,170000,3.98,4.04,3.98,4.04,328,0
GTC,60,20250107,110000,4.03,4.04,3.96,4,708,0
GTC,60,20250107,120000,3.96,3.96,3.96,3.96,55,0
GTC,60,20250107,150000,3.96,3.96,3.96,3.96,962,0
GTC,60,20250107,160000,3.95,3.95,3.93,3.93,200,0
GTC,60,20250107,170000,3.98,3.98,3.93,3.93,146,0
GTC,60,20250108,100000,3.97,3.97,3.97,3.97,4487,0
GTC,60,20250108,160000,3.93,3.93,3.92,3.92,475,0
GTC,60,20250108,170000,3.92,3.92,3.92,3.92,178,0
GTC,60,20250109,100000,3.91,3.91,3.91,3.91,296,0
GTC,60,20250109,140000,3.92,3.92,3.92,3.92,75,0
GTC,60,20250109,150000,3.92,3.92,3.92,3.92,106,0
GTC,60,20250109,170000,3.93,3.93,3.91,3.91,157,0
GTC,60,20250110,130000,3.95,3.97,3.95,3.97,116,0
GTC,60,20250113,140000,3.96,3.96,3.96,3.96,282,0
GTC,60,20250113,170000,3.92,3.92,3.92,3.92,2,0
GTC,60,20250114,100000,3.92,3.92,3.92,3.92,2,0
GTC,60,20250114,110000,3.91,3.97,3.9,3.97,1151,0
GTC,60,20250114,120000,3.95,3.97,3.95,3.97,210,0
GTC,60,20250114,170000,3.96,3.96,3.9,3.9,6,0
GTC,60,20250115,100000,3.9,3.9,3.9,3.9,100,0
GTC,60,20250115,140000,3.9,3.9,3.89,3.89,1203,0
GTC,60,20250115,160000,3.89,3.89,3.88,3.88,409,0
GTC,60,20250115,170000,3.95,3.96,3.95,3.96,11,0
GTC,60,20250116,160000,3.96,4,3.95,4,700,0
GTC,60,20250116,170000,4,4,4,4,100,0
GTC,60,20250117,120000,3.98,3.98,3.98,3.98,5,0
GTC,60,20250117,140000,3.99,3.99,3.99,3.99,260,0
GTC,60,20250117,170000,3.98,3.98,3.98,3.98,41,0
GTC,60,20250120,100000,3.98,3.98,3.98,3.98,9,0
GTC,60,20250120,110000,3.98,3.98,3.95,3.95,421,0
GTC,60,20250120,120000,3.95,3.95,3.95,3.95,127,0
GTC,60,20250120,170000,4.02,4.02,4.02,4.02,50,0
GTC,60,20250121,100000,4.02,4.02,3.95,3.95,34,0
GTC,60,20250121,120000,4.01,4.01,4.01,4.01,3,0
GTC,60,20250121,130000,3.98,3.98,3.98,3.98,128,0
GTC,60,20250121,160000,3.98,3.98,3.97,3.97,10,0
GTC,60,20250121,170000,3.98,4.02,3.96,4.02,2336,0
GTC,60,20250122,100000,4.02,4.02,4.02,4.02,10,0
GTC,60,20250122,110000,3.96,3.96,3.92,3.92,163,0
GTC,60,20250122,120000,4.02,4.04,4.02,4.02,335,0
GTC,60,20250122,140000,4.04,4.05,4.04,4.05,2000,0
GTC,60,20250122,160000,4.04,4.04,4.04,4.04,40,0
GTC,60,20250122,170000,3.98,3.98,3.98,3.98,8,0
GTC,60,20250123,120000,4.03,4.03,4.03,4.03,11,0
GTC,60,20250123,150000,3.98,3.98,3.98,3.98,2745,0
GTC,60,20250123,160000,3.99,3.99,3.99,3.99,28,0
GTC,60,20250123,170000,4.04,4.04,3.99,3.99,858,0
GTC,60,20250124,100000,4.02,4.04,4.02,4.04,1625,0
GTC,60,20250124,120000,4.02,4.06,3.99,3.99,2552,0
GTC,60,20250124,150000,4.04,4.07,4.04,4.07,712,0
GTC,60,20250124,160000,3.99,4.08,3.99,4.08,821,0
GTC,60,20250127,130000,4,4,4,4,100,0
GTC,60,20250127,140000,3.98,3.98,3.94,3.94,3000,0
GTC,60,20250127,170000,3.99,4.05,3.99,4.05,347,0
GTC,60,20250128,100000,4.03,4.03,3.93,3.93,1090,0
GTC,60,20250128,110000,4,4,3.93,3.93,5001,0
GTC,60,20250128,120000,3.98,3.98,3.95,3.95,9,0
GTC,60,20250128,140000,3.98,3.99,3.98,3.99,4,0
GTC,60,20250128,150000,3.99,3.99,3.95,3.95,253,0
GTC,60,20250128,170000,3.96,3.98,3.93,3.98,3725,0
GTC,60,20250129,100000,3.97,3.97,3.97,3.97,50,0
GTC,60,20250129,110000,3.97,3.98,3.97,3.98,1098,0
GTC,60,20250129,120000,3.94,3.94,3.94,3.94,5,0
GTC,60,20250129,140000,3.93,3.99,3.9,3.99,2100,0
GTC,60,20250129,150000,3.93,3.93,3.93,3.93,101,0
GTC,60,20250129,160000,3.97,3.98,3.92,3.92,1714,0
GTC,60,20250129,170000,3.92,3.95,3.86,3.95,4029,0
GTC,60,20250130,100000,3.95,3.95,3.89,3.95,1217,0
GTC,60,20250130,110000,3.95,3.96,3.95,3.96,500,0
GTC,60,20250130,120000,3.96,3.96,3.87,3.88,691,0
GTC,60,20250130,170000,3.93,3.95,3.9,3.95,181,0
GTC,60,20250131,100000,3.95,3.95,3.95,3.95,5,0
GTC,60,20250131,120000,3.95,3.95,3.9,3.9,462,0
GTC,60,20250131,140000,3.95,3.95,3.95,3.95,5,0
GTC,60,20250131,150000,3.9,3.9,3.86,3.86,4812,0
GTC,60,20250131,160000,3.85,3.93,3.82,3.93,3673,0
GTC,60,20250131,170000,3.86,3.93,3.86,3.93,121,0
GTC,60,20250203,100000,3.9,3.9,3.86,3.86,1050,0
GTC,60,20250203,110000,3.89,3.9,3.87,3.9,106,0
GTC,60,20250203,130000,3.89,3.9,3.89,3.9,713,0
GTC,60,20250203,160000,3.9,3.9,3.88,3.88,106,0
GTC,60,20250203,170000,3.93,3.93,3.93,3.93,305,0
GTC,60,20250204,110000,3.92,3.97,3.92,3.97,1944,0
GTC,60,20250204,120000,3.97,3.97,3.97,3.97,38,0
GTC,60,20250204,140000,3.97,3.98,3.97,3.98,831,0
GTC,60,20250204,150000,3.97,3.97,3.93,3.95,2300,0
GTC,60,20250204,160000,3.94,3.94,3.94,3.94,16,0
GTC,60,20250204,170000,3.97,3.99,3.9,3.9,3670,0
GTC,60,20250205,100000,3.9,3.98,3.9,3.92,1729,0
GTC,60,20250205,110000,3.98,3.98,3.98,3.98,55,0
GTC,60,20250205,140000,3.91,3.91,3.9,3.9,1000,0
GTC,60,20250205,160000,3.96,3.98,3.96,3.98,500,0
GTC,60,20250205,170000,3.97,3.98,3.97,3.98,14,0
GTC,60,20250206,100000,3.98,3.98,3.91,3.91,1200,0
GTC,60,20250206,110000,3.96,3.96,3.96,3.96,45,0
GTC,60,20250206,120000,3.95,3.99,3.9,3.9,4594,0
GTC,60,20250206,130000,3.91,3.95,3.9,3.95,2250,0
GTC,60,20250206,140000,3.94,3.95,3.94,3.95,255,0
GTC,60,20250206,160000,3.9,3.9,3.9,3.9,74,0
GTC,60,20250206,170000,3.96,3.96,3.96,3.96,32,0
GTC,60,20250207,100000,3.91,3.91,3.9,3.9,1000,0
GTC,60,20250207,130000,3.92,3.92,3.92,3.92,110,0
GTC,60,20250207,140000,3.92,3.96,3.9,3.95,3115,0
GTC,60,20250207,150000,3.9,3.93,3.9,3.93,595,0
GTC,60,20250207,160000,3.93,3.93,3.9,3.9,1900,0
GTC,60,20250207,170000,3.93,3.93,3.93,3.93,500,0
GTC,60,20250210,100000,3.94,3.94,3.9,3.94,1460,0
GTC,60,20250210,110000,3.94,3.97,3.94,3.97,1060,0
GTC,60,20250210,120000,3.91,3.91,3.9,3.9,1000,0
GTC,60,20250210,130000,3.91,3.91,3.9,3.9,3000,0
GTC,60,20250210,150000,3.91,3.91,3.9,3.9,1500,0
GTC,60,20250210,160000,3.96,3.96,3.96,3.96,10,0
GTC,60,20250210,170000,3.91,3.97,3.9,3.97,1510,0
GTC,60,20250211,100000,3.9,3.9,3.9,3.9,700,0
GTC,60,20250211,110000,3.9,3.93,3.89,3.91,2450,0
GTC,60,20250211,120000,3.94,3.94,3.91,3.91,3524,0
GTC,60,20250211,130000,3.95,3.95,3.91,3.92,4340,0
GTC,60,20250211,140000,3.91,3.94,3.9,3.94,3252,0
GTC,60,20250211,150000,3.91,3.91,3.89,3.89,2900,0
GTC,60,20250211,160000,3.89,3.89,3.89,3.89,48,0
GTC,60,20250211,170000,3.94,3.94,3.94,3.94,2060,0
GTC,60,20250212,100000,3.94,3.94,3.94,3.94,259,0
GTC,60,20250212,110000,3.92,3.95,3.92,3.95,2598,0
GTC,60,20250212,120000,3.9,3.9,3.9,3.9,145,0
GTC,60,20250212,130000,3.9,3.9,3.9,3.9,1011,0
GTC,60,20250212,140000,3.92,3.92,3.92,3.92,521,0
GTC,60,20250212,150000,3.9,3.92,3.9,3.92,2844,0
GTC,60,20250212,160000,3.92,3.92,3.92,3.92,35,0
GTC,60,20250212,170000,3.92,3.93,3.92,3.93,1010,0
GTC,60,20250213,100000,3.92,3.92,3.92,3.92,100,0
GTC,60,20250213,110000,3.92,3.95,3.91,3.95,2710,0
GTC,60,20250213,120000,3.95,3.95,3.95,3.95,3,0
GTC,60,20250213,130000,3.91,3.95,3.91,3.95,1013,0
GTC,60,20250213,140000,3.91,3.91,3.91,3.91,340,0
GTC,60,20250213,150000,3.92,3.92,3.92,3.92,1000,0
GTC,60,20250213,170000,3.93,3.94,3.93,3.94,350,0
GTC,60,20250214,100000,3.94,3.94,3.92,3.92,690,0
GTC,60,20250214,110000,3.92,3.92,3.92,3.92,743,0
GTC,60,20250214,120000,3.95,3.99,3.95,3.99,2586,0
GTC,60,20250214,130000,3.98,3.98,3.98,3.98,778,0
GTC,60,20250214,140000,3.97,3.97,3.97,3.97,100,0
GTC,60,20250214,170000,3.97,3.99,3.97,3.99,5403,0
GTC,60,20250217,100000,3.99,3.99,3.99,3.99,4124,0
GTC,60,20250217,110000,3.97,3.99,3.97,3.99,1511,0
GTC,60,20250217,150000,3.99,3.99,3.99,3.99,130,0
GTC,60,20250217,160000,3.99,3.99,3.99,3.99,88,0
GTC,60,20250217,170000,3.97,3.97,3.97,3.97,3,0
GTC,60,20250218,100000,3.98,4,3.98,3.99,7170,0
GTC,60,20250218,110000,3.96,4,3.96,4,1969,0
GTC,60,20250218,150000,3.99,4.02,3.99,4.02,30866,0
GTC,60,20250218,160000,4.02,4.02,3.98,3.98,2032,0
GTC,60,20250218,170000,4,4,3.99,3.99,352,0
GTC,60,20250219,100000,4,4,4,4,535,0
GTC,60,20250219,110000,3.99,4,3.99,4,1679,0
GTC,60,20250219,120000,4,4,4,4,125,0
GTC,60,20250219,140000,4,4,4,4,1000,0
GTC,60,20250219,150000,4,4,4,4,1000,0
GTC,60,20250219,160000,4,4.02,4,4,20423,0
GTC,60,20250219,170000,4,4,4,4,1659,0
GTC,60,20250220,100000,3.99,3.99,3.97,3.97,546,0
GTC,60,20250220,130000,3.97,3.97,3.97,3.97,6,0
GTC,60,20250220,140000,3.97,3.97,3.97,3.97,1378,0
GTC,60,20250220,160000,3.98,4,3.98,4,20000,0
GTC,60,20250220,170000,4,4,4,4,463,0
GTC,60,20250221,100000,3.97,3.97,3.97,3.97,849,0
GTC,60,20250221,150000,3.99,4,3.99,4,100,0
GTC,60,20250221,170000,4,4,4,4,97,0
GTC,60,20250224,100000,3.97,4,3.97,3.97,1151,0
GTC,60,20250224,110000,4,4,3.97,3.99,665,0
GTC,60,20250224,120000,3.99,3.99,3.99,3.99,10,0
GTC,60,20250224,130000,3.99,4,3.99,4,3832,0
GTC,60,20250224,140000,4,4,4,4,1003,0
GTC,60,20250224,150000,4,4,3.99,3.99,510,0
GTC,60,20250224,160000,4,4,3.99,3.99,30190,0
GTC,60,20250224,170000,4,4,3.97,4,461,0
GTC,60,20250225,100000,4,4,4,4,250,0
GTC,60,20250225,110000,3.98,3.98,3.97,3.97,243,0
GTC,60,20250225,120000,3.98,3.98,3.98,3.98,100,0
GTC,60,20250225,130000,3.98,3.98,3.98,3.98,450,0
GTC,60,20250225,140000,3.99,3.99,3.99,3.99,500,0
GTC,60,20250225,160000,3.99,4,3.99,4,34513,0
GTC,60,20250225,170000,3.98,3.98,3.98,3.98,101,0
GTC,60,20250226,120000,3.99,4,3.97,3.97,646,0
GTC,60,20250226,140000,3.99,4,3.99,4,5,0
GTC,60,20250226,160000,3.97,4,3.97,4,41854,0
GTC,60,20250226,170000,3.97,3.97,3.97,3.97,3000,0
GTC,60,20250227,110000,4,4,4,4,60,0
GTC,60,20250227,120000,3.96,3.96,3.96,3.96,10,0
GTC,60,20250227,130000,3.99,4,3.96,3.96,3488,0
GTC,60,20250227,140000,4,4,4,4,1547,0
GTC,60,20250227,150000,4,4,4,4,2520,0
GTC,60,20250227,170000,3.97,3.97,3.97,3.97,1,0
GTC,60,20250228,100000,3.97,3.97,3.97,3.97,458,0
GTC,60,20250228,110000,4.04,4.04,4.04,4.04,2,0
GTC,60,20250228,120000,4.04,4.05,4.04,4.05,1967,0
GTC,60,20250228,130000,3.99,3.99,3.99,3.99,811,0
GTC,60,20250228,140000,4.04,4.04,4.01,4.01,1044,0
GTC,60,20250228,150000,4.01,4.01,4,4,10819,0
GTC,60,20250228,160000,4.03,4.05,4.01,4.05,3836,0
GTC,60,20250228,170000,4.04,4.05,4.04,4.05,38731,0
GTC,60,20250303,100000,4.1,4.11,4.05,4.11,7335,0
GTC,60,20250303,110000,4.09,4.09,4.09,4.09,730,0
GTC,60,20250303,120000,4.1,4.1,4.09,4.1,1906,0
GTC,60,20250303,130000,4.1,4.1,4.1,4.1,646,0
GTC,60,20250303,140000,4.09,4.09,4.09,4.09,190,0
GTC,60,20250303,150000,4.09,4.09,4.09,4.09,703,0
GTC,60,20250303,160000,4.09,4.09,4.09,4.09,152,0
GTC,60,20250303,170000,4.07,4.07,4.07,4.07,116,0
GTC,60,20250304,100000,4.07,4.09,4.07,4.07,2273,0
GTC,60,20250304,110000,4.09,4.09,4.09,4.09,50,0
GTC,60,20250304,120000,4.07,4.07,4,4.02,4000,0
GTC,60,20250304,150000,4.04,4.04,4.04,4.04,306,0
GTC,60,20250304,170000,4.03,4.03,4.03,4.03,500,0
GTC,60,20250305,100000,4,4,4,4,20,0
GTC,60,20250305,110000,4.03,4.07,4.03,4.07,250,0
GTC,60,20250305,120000,4.03,4.03,4.03,4.03,599,0
GTC,60,20250305,140000,4,4,4,4,20,0
GTC,60,20250305,170000,4.02,4.03,4.02,4.03,13,0
GTC,60,20250306,110000,4.02,4.02,4.02,4.02,1000,0
GTC,60,20250306,120000,4.04,4.04,4.04,4.04,250,0
GTC,60,20250306,150000,4.04,4.04,4.04,4.04,350,0
GTC,60,20250307,100000,4.04,4.05,4,4.05,2589,0
GTC,60,20250307,120000,4,4,4,4,500,0
GTC,60,20250307,140000,4.04,4.04,4.04,4.04,400,0
GTC,60,20250307,150000,4.04,4.04,4.04,4.04,1500,0
GTC,60,20250307,160000,4.02,4.02,4.02,4.02,851,0
GTC,60,20250307,170000,4.02,4.02,4.02,4.02,100,0
GTC,60,20250310,110000,4.02,4.02,4,4,4035,0
GTC,60,20250310,120000,4.03,4.03,4.03,4.03,20,0
GTC,60,20250310,130000,4,4,3.99,3.99,2000,0
GTC,60,20250310,150000,4.01,4.02,4.01,4.02,2003,0
GTC,60,20250310,170000,4.03,4.03,4.03,4.03,17103,0
GTC,60,20250311,100000,4.03,4.03,4.03,4.03,2000,0
GTC,60,20250311,110000,4.04,4.04,4.04,4.04,2050,0
GTC,60,20250311,120000,4.01,4.01,4.01,4.01,2999,0
GTC,60,20250311,130000,4.04,4.1,4.04,4.1,25432,0
GTC,60,20250311,140000,4.1,4.1,4.1,4.1,1870,0
GTC,60,20250311,150000,4.11,4.11,4.11,4.11,400,0
GTC,60,20250311,160000,4.11,4.12,4.11,4.12,2003,0
GTC,60,20250311,170000,4.12,4.12,4.12,4.12,2250,0
GTC,60,20250312,100000,4.14,4.17,4.14,4.15,5632,0
GTC,60,20250312,110000,4.15,4.19,4.14,4.19,12625,0
GTC,60,20250312,120000,4.19,4.2,4.17,4.2,8710,0
GTC,60,20250312,130000,4.2,4.2,4.18,4.2,29934,0
GTC,60,20250312,140000,4.18,4.25,4.18,4.25,321,0
GTC,60,20250312,150000,4.24,4.25,4.24,4.25,250,0
GTC,60,20250312,160000,4.28,4.28,4.27,4.28,3083,0
GTC,60,20250312,170000,4.27,4.3,4.24,4.3,6158,0
GTC,60,20250313,100000,4.32,4.39,4.32,4.34,5404,0
GTC,60,20250313,110000,4.39,4.39,4.34,4.34,2082,0
GTC,60,20250313,120000,4.33,4.33,4.33,4.33,449,0
GTC,60,20250313,140000,4.33,4.35,4.33,4.34,3398,0
GTC,60,20250313,160000,4.33,4.34,4.32,4.34,21083,0
GTC,60,20250313,170000,4.32,4.32,4.31,4.31,1191,0
GTC,60,20250314,100000,4.3,4.3,4.01,4.24,4555,0
GTC,60,20250314,110000,4.18,4.24,4.18,4.24,15,0
GTC,60,20250314,120000,4.25,4.25,4.25,4.25,500,0
GTC,60,20250314,130000,4.22,4.22,4.19,4.19,1010,0
GTC,60,20250314,150000,4.2,4.27,4.2,4.27,16740,0
GTC,60,20250314,160000,4.28,4.28,4.28,4.28,10672,0
GTC,60,20250314,170000,4.27,4.27,4.27,4.27,3,0
GTC,60,20250317,100000,4.26,4.26,4.26,4.26,654,0
GTC,60,20250317,110000,4.25,4.26,4.25,4.26,339,0
GTC,60,20250317,140000,4.22,4.22,4.19,4.19,1000,0
GTC,60,20250317,150000,4.17,4.18,4.13,4.13,1596,0
GTC,60,20250317,160000,4.13,4.2,4.13,4.2,320,0
GTC,60,20250317,170000,4.12,4.2,4.1,4.2,108,0
GTC,60,20250318,100000,4.15,4.15,4.15,4.15,500,0
GTC,60,20250318,110000,4.18,4.18,4.18,4.18,600,0
GTC,60,20250318,120000,4.18,4.19,4.15,4.15,1300,0
GTC,60,20250318,160000,4.15,4.25,4.13,4.25,20313,0
GTC,60,20250318,170000,4.25,4.25,4.25,4.25,500,0
GTC,60,20250319,120000,4.34,4.34,4.25,4.25,161,0
GTC,60,20250319,130000,4.25,4.25,4.25,4.25,100,0
GTC,60,20250319,150000,4.25,4.25,4.25,4.25,20,0
GTC,60,20250319,170000,4.3,4.34,4.3,4.34,20182,0
GTC,60,20250320,100000,4.34,4.34,4.3,4.3,1033,0
GTC,60,20250320,110000,4.27,4.27,4.27,4.27,197,0
GTC,60,20250320,120000,4.25,4.25,4.23,4.23,1217,0
GTC,60,20250320,130000,4.29,4.29,4.29,4.29,300,0
GTC,60,20250320,140000,4.25,4.25,4.22,4.22,1798,0
GTC,60,20250320,160000,4.25,4.27,4.25,4.27,150,0
GTC,60,20250320,170000,4.27,4.27,4.27,4.27,240,0
GTC,60,20250321,120000,4.17,4.19,4.14,4.19,971,0
GTC,60,20250321,130000,4.16,4.24,4.12,4.22,1403,0
GTC,60,20250321,160000,4.23,4.23,4.23,4.23,49,0
GTC,60,20250321,170000,4.19,4.19,4.09,4.09,3578,0
GTC,60,20250324,100000,4.14,4.14,4.03,4.03,5844,0
GTC,60,20250324,110000,4.02,4.07,4.02,4.03,9873,0
GTC,60,20250324,120000,4.02,4.03,3.98,4.02,6873,0
GTC,60,20250324,130000,4.03,4.03,4.03,4.03,4553,0
GTC,60,20250324,140000,4.03,4.03,4.03,4.03,1200,0
GTC,60,20250324,150000,4.03,4.03,4.01,4.01,351,0
GTC,60,20250324,160000,3.98,4.06,3.97,3.97,11536,0
GTC,60,20250324,170000,3.98,4.06,3.97,4.06,4761,0
GTC,60,20250325,100000,4.02,4.02,3.99,4,1707,0
GTC,60,20250325,110000,3.99,4,3.99,4,1785,0
GTC,60,20250325,120000,4,4,3.99,3.99,777,0
GTC,60,20250325,130000,4,4,4,4,1589,0
GTC,60,20250325,140000,4,4,3.98,3.98,2020,0
GTC,60,20250325,150000,3.98,3.98,3.98,3.98,231,0
GTC,60,20250325,160000,3.98,4,3.98,3.98,690,0
GTC,60,20250325,170000,3.98,4.17,3.94,4.17,6003,0
GTC,60,20250326,100000,4.01,4.01,3.98,3.98,3677,0
GTC,60,20250326,110000,3.98,4,3.98,4,1877,0
GTC,60,20250326,130000,3.99,3.99,3.98,3.98,982,0
GTC,60,20250326,140000,3.98,3.98,3.95,3.95,3493,0
GTC,60,20250326,150000,3.95,3.98,3.95,3.98,130,0
GTC,60,20250326,160000,3.95,3.98,3.95,3.98,355,0
GTC,60,20250326,170000,3.98,3.98,3.93,3.97,3609,0
GTC,60,20250327,100000,3.95,3.95,3.91,3.91,2537,0
GTC,60,20250327,110000,3.92,3.92,3.9,3.9,3472,0
GTC,60,20250327,120000,3.92,3.92,3.92,3.92,500,0
GTC,60,20250327,140000,3.93,3.93,3.93,3.93,50,0
GTC,60,20250327,170000,3.9,3.9,3.9,3.9,27,0
GTC,60,20250328,100000,3.86,3.86,3.83,3.84,3652,0
GTC,60,20250328,110000,3.88,3.88,3.8,3.8,11681,0
GTC,60,20250328,120000,3.81,3.86,3.79,3.84,1197,0
GTC,60,20250328,140000,3.84,3.84,3.84,3.84,50,0
GTC,60,20250328,150000,3.84,3.84,3.82,3.82,134,0
GTC,60,20250328,160000,3.81,3.81,3.79,3.79,253,0
GTC,60,20250328,170000,3.79,3.8,3.78,3.78,454,0
GTC,60,20250331,100000,3.81,3.81,3.78,3.78,1751,0
GTC,60,20250331,110000,3.81,3.81,3.8,3.8,603,0
GTC,60,20250331,130000,3.8,3.8,3.8,3.8,1000,0
GTC,60,20250331,140000,3.8,3.8,3.8,3.8,575,0
GTC,60,20250331,150000,3.8,3.88,3.8,3.88,1417,0
GTC,60,20250331,160000,3.9,3.9,3.9,3.9,15363,0
GTC,60,20250331,170000,3.84,3.84,3.82,3.82,624,0
GTC,60,20250401,100000,3.88,3.88,3.87,3.88,350,0
GTC,60,20250401,110000,3.85,3.85,3.85,3.85,917,0
GTC,60,20250401,130000,3.87,3.87,3.87,3.87,370,0
GTC,60,20250401,160000,3.85,3.85,3.85,3.85,3,0
GTC,60,20250401,170000,3.84,3.95,3.83,3.95,179,0
GTC,60,20250402,100000,3.89,3.89,3.89,3.89,398,0
GTC,60,20250402,110000,3.89,3.89,3.89,3.89,537,0
GTC,60,20250402,150000,3.9,3.9,3.89,3.89,82,0
GTC,60,20250402,160000,3.89,3.89,3.89,3.89,36,0
GTC,60,20250402,170000,3.85,3.85,3.85,3.85,9,0
GTC,60,20250403,100000,3.85,3.85,3.85,3.85,1539,0
GTC,60,20250403,110000,3.9,3.9,3.9,3.9,5,0
GTC,60,20250403,130000,3.89,3.9,3.89,3.9,13790,0
GTC,60,20250403,160000,3.83,3.83,3.83,3.83,75,0
GTC,60,20250404,100000,3.8,3.8,3.8,3.8,3186,0
GTC,60,20250404,150000,3.79,3.79,3.79,3.79,1500,0
GTC,60,20250404,170000,3.79,3.79,3.79,3.79,200,0
GTC,60,20250407,100000,3.79,3.79,3.79,3.79,940,0
GTC,60,20250407,110000,3.78,3.78,3.76,3.76,320,0
GTC,60,20250407,120000,3.77,3.79,3.77,3.79,2694,0
GTC,60,20250407,130000,3.79,3.79,3.79,3.79,500,0
GTC,60,20250407,140000,3.79,3.79,3.79,3.79,244,0
GTC,60,20250407,170000,3.76,3.76,3.76,3.76,3,0
GTC,60,20250408,110000,3.83,3.83,3.83,3.83,50,0
GTC,60,20250408,120000,3.83,3.83,3.83,3.83,10,0
GTC,60,20250408,160000,3.83,3.83,3.83,3.83,373,0
GTC,60,20250408,170000,3.82,3.82,3.82,3.82,8,0
GTC,60,20250409,100000,3.8,3.8,3.8,3.8,2674,0
GTC,60,20250409,110000,3.79,3.79,3.79,3.79,8,0
GTC,60,20250409,120000,3.79,3.79,3.79,3.79,197,0
GTC,60,20250409,150000,3.79,3.79,3.76,3.76,400,0
GTC,60,20250409,170000,3.79,3.79,3.79,3.79,3,0
GTC,60,20250410,140000,3.82,3.83,3.82,3.83,10,0
GTC,60,20250411,100000,3.83,3.83,3.73,3.73,1168,0
GTC,60,20250411,120000,3.75,3.8,3.75,3.8,51,0
GTC,60,20250411,140000,3.77,3.77,3.77,3.77,3,0
GTC,60,20250411,150000,3.76,3.8,3.76,3.8,425,0
GTC,60,20250411,160000,3.8,3.8,3.8,3.8,2,0
GTC,60,20250414,100000,3.83,3.83,3.83,3.83,260,0
GTC,60,20250414,110000,3.83,3.83,3.83,3.83,70,0
GTC,60,20250414,130000,3.83,3.88,3.83,3.88,600,0
GTC,60,20250414,150000,3.86,3.96,3.86,3.96,300,0
GTC,60,20250414,160000,3.95,3.96,3.95,3.96,37,0
GTC,60,20250414,170000,3.86,3.86,3.85,3.85,4,0
GTC,60,20250415,100000,3.94,3.99,3.81,3.98,31882,0
GTC,60,20250415,110000,3.87,3.95,3.86,3.87,3956,0
GTC,60,20250415,120000,3.86,3.92,3.84,3.92,12134,0
GTC,60,20250415,140000,3.92,3.92,3.92,3.92,15,0
GTC,60,20250415,150000,3.85,3.85,3.84,3.85,4744,0
GTC,60,20250415,160000,3.85,3.85,3.82,3.82,893,0
GTC,60,20250415,170000,3.85,3.88,3.83,3.88,1303,0
GTC,60,20250416,100000,3.96,3.96,3.85,3.85,1360,0
GTC,60,20250416,130000,3.85,3.85,3.85,3.85,100,0
GTC,60,20250416,150000,3.83,3.83,3.83,3.83,10,0
GTC,60,20250416,160000,3.85,3.85,3.85,3.85,15,0
GTC,60,20250416,170000,3.83,3.88,3.83,3.88,355,0
GTC,60,20250417,110000,3.87,3.87,3.85,3.85,820,0
GTC,60,20250417,130000,3.83,3.85,3.82,3.85,302,0
GTC,60,20250417,140000,3.85,3.85,3.85,3.85,10,0
GTC,60,20250417,150000,3.85,3.85,3.85,3.85,1000,0
GTC,60,20250417,170000,3.88,3.88,3.88,3.88,25,0
GTC,60,20250422,100000,3.86,3.87,3.83,3.83,850,0
GTC,60,20250422,110000,3.86,3.88,3.86,3.88,1700,0
GTC,60,20250422,130000,3.88,3.95,3.88,3.95,1611,0
GTC,60,20250422,150000,3.86,3.99,3.86,3.98,32669,0
GTC,60,20250422,160000,3.98,4,3.88,3.9,22199,0
GTC,60,20250422,170000,3.86,3.88,3.83,3.88,2791,0
GTC,60,20250423,100000,3.88,3.93,3.86,3.86,1645,0
GTC,60,20250423,110000,3.86,3.86,3.86,3.86,1820,0
GTC,60,20250423,120000,3.88,3.88,3.86,3.86,215,0
GTC,60,20250423,160000,3.83,3.83,3.83,3.83,18,0
GTC,60,20250423,170000,3.88,3.88,3.83,3.83,191,0
GTC,60,20250424,100000,3.83,3.83,3.83,3.83,393,0
GTC,60,20250424,110000,3.83,3.83,3.83,3.83,10,0
GTC,60,20250424,120000,3.83,3.83,3.8,3.83,1520,0
GTC,60,20250424,150000,3.89,3.9,3.83,3.9,3301,0
GTC,60,20250424,160000,3.84,3.85,3.84,3.85,1815,0
GTC,60,20250424,170000,3.84,3.84,3.84,3.84,1309,0
GTC,60,20250425,120000,3.89,3.89,3.89,3.89,735,0
GTC,60,20250425,130000,3.87,3.87,3.87,3.87,10,0
GTC,60,20250425,140000,3.88,3.89,3.86,3.89,2499,0
GTC,60,20250425,150000,3.9,3.92,3.9,3.92,2114,0
GTC,60,20250425,170000,3.89,3.9,3.84,3.9,608,0
GTC,60,20250428,120000,3.9,3.9,3.9,3.9,30,0
GTC,60,20250428,130000,3.85,3.86,3.85,3.86,631,0
GTC,60,20250428,150000,3.88,3.88,3.88,3.88,140,0
GTC,60,20250428,160000,3.88,3.88,3.88,3.88,237,0
GTC,60,20250428,170000,3.89,3.89,3.89,3.89,5,0
GTC,60,20250429,100000,3.86,3.89,3.86,3.89,1472,0
GTC,60,20250429,110000,3.88,3.9,3.88,3.9,4728,0
GTC,60,20250429,120000,3.9,3.9,3.9,3.9,514,0
GTC,60,20250429,130000,3.9,3.9,3.9,3.9,486,0
GTC,60,20250429,140000,3.9,3.9,3.9,3.9,200,0
GTC,60,20250429,150000,3.92,3.92,3.92,3.92,1,0
GTC,60,20250429,160000,3.9,4.11,3.9,4,17203,0
GTC,60,20250429,170000,4.11,4.11,4.09,4.11,12919,0
GTC,60,20250430,100000,4.11,4.15,4.11,4.14,9259,0
GTC,60,20250430,110000,4.14,4.14,4.12,4.12,1410,0
GTC,60,20250430,120000,4.11,4.11,4.11,4.11,15,0
GTC,60,20250430,130000,4.1,4.11,4.1,4.11,333,0
GTC,60,20250430,140000,4.08,4.12,4.08,4.12,618,0
GTC,60,20250430,150000,4.08,4.1,4.02,4.1,774,0
GTC,60,20250430,170000,4.03,4.03,4.03,4.03,253,0
GTC,60,20250502,100000,4.05,4.06,4,4.06,926,0
GTC,60,20250502,110000,4.06,4.06,4.06,4.06,40,0
GTC,60,20250502,120000,4.02,4.02,4.02,4.02,60,0
GTC,60,20250502,130000,4.03,4.03,4.03,4.03,395,0
GTC,60,20250502,140000,4.03,4.06,4.03,4.06,260,0
GTC,60,20250502,150000,4.06,4.1,4.01,4.01,1407,0
GTC,60,20250502,170000,4.07,4.07,4.07,4.07,34,0
GTC,60,20250505,100000,4.08,4.08,4.01,4.08,375,0
GTC,60,20250505,110000,4.03,4.03,3.9,4,4847,0
GTC,60,20250505,120000,4.01,4.02,4.01,4.02,440,0
GTC,60,20250505,130000,4.03,4.06,4.02,4.02,3560,0
GTC,60,20250505,140000,4.02,4.02,4.02,4.02,1200,0
GTC,60,20250505,150000,4.02,4.02,4.02,4.02,575,0
GTC,60,20250505,170000,4.06,4.06,4.02,4.02,102,0
GTC,60,20250506,100000,3.98,4,3.91,4,7971,0
GTC,60,20250506,130000,3.99,3.99,3.99,3.99,474,0
GTC,60,20250506,140000,3.94,3.94,3.94,3.94,50,0
GTC,60,20250506,160000,3.99,3.99,3.98,3.99,321,0
GTC,60,20250506,170000,3.96,3.96,3.96,3.96,672,0
