<TICKER>,<PER>,<DATE>,<TIME>,<OPEN>,<HIGH>,<LOW>,<CLOSE>,<VOL>,<OPENINT>
IZO,60,20240411,100000,3.33792,3.33792,3.33792,3.33792,713.1620795416,0
IZO,60,20240411,110000,3.33792,3.33792,3.29911,3.29911,3400.91743134,0
IZO,60,20240412,100000,3.54169,3.54169,3.38644,3.38644,107.1804281392,0
IZO,60,20240412,110000,3.38644,3.38644,3.38644,3.38644,555.4831804521999,0
IZO,60,20240412,120000,3.30881,3.30881,3.25059,3.25059,1648.92966368,0
IZO,60,20240412,130000,3.25059,3.25059,3.24089,3.24089,3685.3577983247997,0
IZO,60,20240412,140000,3.29911,3.29911,3.20208,3.20208,8202.3944957682,0
IZO,60,20240412,150000,3.25059,3.25059,3.25059,3.25059,459.6391437508,0
IZO,60,20240412,160000,3.20208,3.20208,3.20208,3.20208,1.0305810398,0
IZO,60,20240412,170000,3.25059,3.25059,3.25059,3.25059,158.7094801292,0
IZO,60,20240415,100000,3.27,3.48347,3.24089,3.30881,885.2691131882,0
IZO,60,20240415,130000,3.30881,3.48347,3.30881,3.35733,2784.6299695395996,0
IZO,60,20240415,140000,3.48347,3.48347,3.48347,3.48347,2.0611620796,0
IZO,60,20240415,150000,3.39614,3.42525,3.39614,3.42525,320.5107033778,0
IZO,60,20240416,100000,3.41555,3.41555,3.39614,3.39614,116.4556574974,0
IZO,60,20240416,110000,3.29911,3.39614,3.20208,3.39614,5090.0397555722,0
IZO,60,20240416,130000,3.2603,3.2603,3.2603,3.2603,10.305810397999998,0
IZO,60,20240416,160000,3.2603,3.2603,3.2603,3.2603,1144.9755352178,0
IZO,60,20240416,170000,3.20208,3.25059,3.20208,3.25059,2213.6880734904,0
IZO,60,20240417,100000,3.25059,3.25059,3.25059,3.25059,22.6727828756,0
IZO,60,20240417,130000,3.25059,3.27,3.25059,3.27,267.951070348,0
IZO,60,20240417,150000,3.27,3.29911,3.27,3.29911,458.608562711,0
IZO,60,20240417,160000,3.29911,3.29911,3.29911,3.29911,20.611620795999997,0
IZO,60,20240418,100000,3.27,3.39614,3.20208,3.39614,1471.6697248343999,0
IZO,60,20240418,120000,3.32822,3.32822,3.24089,3.24089,511.16819574079994,0
IZO,60,20240418,130000,3.32822,3.35733,3.23119,3.23119,169.0152905272,0
IZO,60,20240418,140000,3.23119,3.39614,3.20208,3.39614,3773.9877677475997,0
IZO,60,20240419,100000,3.28941,3.28941,3.27,3.28941,1157.3425076954,0
IZO,60,20240419,110000,3.22148,3.23119,3.22148,3.23119,981.1131498896,0
IZO,60,20240419,130000,3.23119,3.23119,3.20208,3.20208,1113.027522984,0
IZO,60,20240419,140000,3.20208,3.20208,3.20208,3.20208,1082.1100917899998,0
IZO,60,20240419,160000,3.20208,3.20208,3.20208,3.20208,619.3792049197999,0
IZO,60,20240419,170000,3.20208,3.2797,3.20208,3.2797,925.4617737404,0
IZO,60,20240422,100000,3.2797,3.2797,3.2797,3.2797,57.7125382288,0
IZO,60,20240422,110000,3.25059,3.25059,3.25059,3.25059,3.0917431194,0
IZO,60,20240422,130000,3.16326,3.2797,3.15356,3.2797,818.2813456012,0
IZO,60,20240422,140000,3.21178,3.21178,3.21178,3.21178,1545.8715596999998,0
IZO,60,20240422,160000,3.2603,3.2797,3.16326,3.2797,7402.663608883399,0
IZO,60,20240423,100000,3.2797,3.2797,3.14386,3.14386,5462.07951094,0
IZO,60,20240423,120000,3.20208,3.20208,3.20208,3.20208,26.7951070348,0
IZO,60,20240423,150000,3.20208,3.20208,3.20208,3.20208,56.681957188999995,0
IZO,60,20240424,100000,3.20208,3.20208,3.20208,3.20208,34.0091743134,0
IZO,60,20240424,130000,3.20208,3.20208,3.10504,3.10504,6601.9021409588,0
IZO,60,20240424,140000,3.20208,3.20208,3.20208,3.20208,10.305810397999998,0
IZO,60,20240424,150000,3.20208,3.20208,3.20208,3.20208,103.05810398,0
IZO,60,20240424,160000,3.20208,3.20208,3.20208,3.20208,412.23241592,0
IZO,60,20240424,170000,3.20208,3.20208,3.20208,3.20208,160.77064220879998,0
IZO,60,20240425,100000,3.2797,3.2797,3.2797,3.2797,10.305810397999998,0
IZO,60,20240425,130000,3.16326,3.16326,3.16326,3.16326,20.611620795999997,0
IZO,60,20240425,150000,3.21178,3.21178,3.21178,3.21178,13.397553517399999,0
IZO,60,20240425,160000,3.2797,3.2797,3.2797,3.2797,1.0305810398,0
IZO,60,20240425,170000,3.2797,3.2797,3.2797,3.2797,2.0611620796,0
IZO,60,20240426,100000,3.2797,3.2797,3.2797,3.2797,26.795107034799997,0
IZO,60,20240426,110000,3.21178,3.25059,3.21178,3.25059,206.11620796,0
IZO,60,20240426,130000,3.25059,3.25059,3.25059,3.25059,103.05810398,0
IZO,60,20240426,140000,3.18267,3.18267,3.18267,3.18267,700.7951070639999,0
IZO,60,20240426,160000,3.25059,3.25059,3.25059,3.25059,309.17431194,0
IZO,60,20240429,100000,3.2797,3.2797,3.2797,3.2797,13.397553517399999,0
IZO,60,20240429,110000,3.20208,3.2797,3.10504,3.2797,172.1070336466,0
IZO,60,20240429,160000,3.21178,3.21178,3.21178,3.21178,4.1223241592,0
IZO,60,20240430,100000,3.07593,3.23119,3.01772,3.07593,1473.730886914,0
IZO,60,20240430,110000,3.13415,3.14386,3.05653,3.07593,865.688073432,0
IZO,60,20240430,130000,3.07593,3.07593,3.07593,3.07593,515.2905198999999,0
IZO,60,20240430,160000,3.14386,3.14386,3.07593,3.07593,268.9816513878,0
IZO,60,20240430,170000,3.12445,3.12445,3.12445,3.12445,761.5993884122,0
IZO,60,20240502,100000,3.14386,3.14386,3.14386,3.14386,2.0611620796,0
IZO,60,20240502,120000,3.14386,3.14386,3.14386,3.14386,4.1223241592,0
IZO,60,20240502,140000,3.14386,3.14386,3.14386,3.14386,12.3669724776,0
IZO,60,20240502,150000,3.14386,3.14386,3.14386,3.14386,4.1223241592,0
IZO,60,20240506,100000,3.14386,3.14386,3.14386,3.14386,162.83180428839998,0
IZO,60,20240506,110000,3.14386,3.14386,3.06623,3.06623,1563.3914373766,0
IZO,60,20240506,120000,3.10504,3.10504,3.10504,3.10504,4606.697247906,0
IZO,60,20240506,130000,3.10504,3.10504,3.10504,3.10504,546.207951094,0
IZO,60,20240506,150000,3.10504,3.10504,3.10504,3.10504,131.9143730944,0
IZO,60,20240506,160000,3.14386,3.14386,3.14386,3.14386,319.480122338,0
IZO,60,20240506,170000,3.14386,3.24089,3.14386,3.24089,197.8715596416,0
IZO,60,20240507,100000,3.24089,3.2797,3.16326,3.16326,45.3455657512,0
IZO,60,20240507,120000,3.12445,3.16326,3.12445,3.16326,58.7431192686,0
IZO,60,20240507,150000,3.12445,3.12445,3.12445,3.12445,63.89602446759999,0
IZO,60,20240507,170000,3.12445,3.27,3.12445,3.27,3096.896024599,0
IZO,60,20240508,100000,3.27,3.2797,3.27,3.27,631.7461773974,0
IZO,60,20240508,130000,3.21178,3.21178,3.21178,3.21178,1030.5810397999999,0
IZO,60,20240508,140000,3.20208,3.27,3.15356,3.27,5230.198776985,0
IZO,60,20240509,100000,3.27,3.27,3.27,3.27,5.152905198999999,0
IZO,60,20240509,120000,3.21178,3.21178,3.21178,3.21178,51.52905199,0
IZO,60,20240510,100000,3.27,3.27,3.27,3.27,5.152905198999999,0
IZO,60,20240510,110000,3.21178,3.2603,3.21178,3.2603,2478.547400719,0
IZO,60,20240510,120000,3.2603,3.2603,3.2603,3.2603,515.2905198999999,0
IZO,60,20240510,140000,3.2603,3.2603,3.2603,3.2603,46.376146791,0
IZO,60,20240513,100000,3.2603,3.2603,3.24089,3.24089,113.363914378,0
IZO,60,20240513,120000,3.24089,3.24089,3.24089,3.24089,133.975535174,0
IZO,60,20240513,130000,3.23119,3.23119,3.23119,3.23119,307.1131498604,0
IZO,60,20240513,140000,3.19237,3.19237,3.12445,3.12445,1427.3547401229998,0
IZO,60,20240513,170000,3.23119,3.23119,3.23119,3.23119,2.0611620796,0
IZO,60,20240514,100000,3.23119,3.23119,3.23119,3.23119,12.3669724776,0
IZO,60,20240514,120000,3.23119,3.23119,3.23119,3.23119,306.0825688206,0
IZO,60,20240514,130000,3.20208,3.20208,3.20208,3.20208,90.6911315024,0
IZO,60,20240514,140000,3.23119,3.23119,3.23119,3.23119,175.19877676599998,0
IZO,60,20240515,100000,3.2603,3.2603,3.2603,3.2603,12.3669724776,0
IZO,60,20240515,130000,3.25059,3.25059,3.25059,3.25059,7.2140672786,0
IZO,60,20240515,160000,3.25059,3.25059,3.25059,3.25059,46.376146791,0
IZO,60,20240515,170000,3.22148,3.25059,3.20208,3.25059,964.6238532527999,0
IZO,60,20240516,100000,3.2603,3.2603,3.25059,3.25059,1045.0091743572,0
IZO,60,20240516,110000,3.25059,3.25059,3.25059,3.25059,2061.1620795999997,0
IZO,60,20240516,170000,3.18267,3.2603,3.18267,3.2603,48.4373088706,0
IZO,60,20240517,100000,3.2603,3.2603,3.2603,3.2603,10.305810397999998,0
IZO,60,20240517,110000,3.23119,3.24089,3.23119,3.24089,20.611620795999997,0
IZO,60,20240517,130000,3.20208,3.20208,3.18267,3.18267,306.0825688206,0
IZO,60,20240517,160000,3.18267,3.20208,3.18267,3.20208,4977.706422234,0
IZO,60,20240517,170000,3.20208,3.20208,3.20208,3.20208,621.4403669994,0
IZO,60,20240520,100000,3.18267,3.20208,3.18267,3.20208,1036.7645260387999,0
IZO,60,20240520,110000,3.20208,3.20208,3.20208,3.20208,8.2446483184,0
IZO,60,20240520,130000,3.20208,3.20208,3.20208,3.20208,537.9633027755999,0
IZO,60,20240520,140000,3.21178,3.21178,3.20208,3.20208,275.16513762659997,0
IZO,60,20240521,100000,3.2603,3.2603,3.24089,3.24089,2249.7584098834,0
IZO,60,20240521,110000,3.24089,3.24089,3.24089,3.24089,24.7339449552,0
IZO,60,20240521,120000,3.24089,3.24089,3.24089,3.24089,353.48929665139997,0
IZO,60,20240521,130000,3.24089,3.24089,3.24089,3.24089,618.34862388,0
IZO,60,20240521,170000,3.25059,3.2603,3.25059,3.2603,6.1834862388,0
IZO,60,20240522,100000,3.2603,3.2603,3.2603,3.2603,1186.1987768098,0
IZO,60,20240522,170000,3.2603,3.2603,3.2603,3.2603,412.23241592,0
IZO,60,20240523,100000,3.27,3.27,3.2603,3.2603,25.764525995,0
IZO,60,20240523,170000,3.27,3.27,3.27,3.27,6.1834862388,0
IZO,60,20240524,100000,3.2603,3.2603,3.2603,3.2603,25.764525995,0
IZO,60,20240524,110000,3.2603,3.2603,3.2603,3.2603,61.834862388,0
IZO,60,20240524,170000,3.2603,3.2603,3.2603,3.2603,2.0611620796,0
IZO,60,20240527,100000,3.2603,3.2603,3.24089,3.24089,442.1192660742,0
IZO,60,20240527,110000,3.25059,3.25059,3.25059,3.25059,4.1223241592,0
IZO,60,20240527,130000,3.25059,3.25059,3.25059,3.25059,6.1834862388,0
IZO,60,20240527,170000,3.19237,3.2603,3.19237,3.2603,8.2446483184,0
IZO,60,20240528,100000,3.27,3.27,3.27,3.27,10.305810397999998,0
IZO,60,20240528,130000,3.21178,3.21178,3.21178,3.21178,20.611620795999997,0
IZO,60,20240528,160000,3.24089,3.24089,3.24089,3.24089,5.152905198999999,0
IZO,60,20240528,170000,3.2603,3.2603,3.2603,3.2603,5.152905198999999,0
IZO,60,20240529,100000,3.2603,3.2603,3.2603,3.2603,10.305810397999998,0
IZO,60,20240529,170000,3.2603,3.2603,3.2603,3.2603,2.0611620796,0
IZO,60,20240531,100000,3.2603,3.2603,3.2603,3.2603,10.305810397999998,0
IZO,60,20240531,170000,3.2603,3.2603,3.2603,3.2603,2.0611620796,0
IZO,60,20240603,100000,3.20208,3.20208,3.15356,3.15356,128.82262997499998,0
IZO,60,20240603,130000,3.16326,3.16326,3.16326,3.16326,99.96636086059999,0
IZO,60,20240603,170000,3.16326,3.16326,3.16326,3.16326,721.4067278599999,0
IZO,60,20240604,100000,3.2603,3.2603,3.13415,3.15356,7230.5565752368,0
IZO,60,20240604,120000,3.15356,3.15356,3.15356,3.15356,30.917431194,0
IZO,60,20240604,160000,3.20208,3.20208,3.16326,3.16326,515.2905198999999,0
IZO,60,20240604,170000,3.16326,3.2603,3.16326,3.2603,414.2935779996,0
IZO,60,20240605,100000,3.2603,3.2603,3.2603,3.2603,141.18960245259998,0
IZO,60,20240605,110000,3.20208,3.20208,3.19237,3.19237,46.376146791,0
IZO,60,20240605,130000,3.19237,3.19237,3.19237,3.19237,5.152905198999999,0
IZO,60,20240605,140000,3.19237,3.19237,3.19237,3.19237,408.11009176079995,0
IZO,60,20240605,150000,3.19237,3.19237,3.19237,3.19237,4.1223241592,0
IZO,60,20240605,160000,3.24089,3.24089,3.24089,3.24089,5.152905198999999,0
IZO,60,20240605,170000,3.2603,3.2603,3.2603,3.2603,3.0917431194,0
IZO,60,20240606,100000,3.2603,3.2603,3.2603,3.2603,10.305810397999998,0
IZO,60,20240606,160000,3.20208,3.20208,3.20208,3.20208,257.64525994999997,0
IZO,60,20240607,100000,3.2603,3.2603,3.25059,3.25059,13.397553517399999,0
IZO,60,20240607,170000,3.25059,3.25059,3.25059,3.25059,2.0611620796,0
IZO,60,20240610,100000,3.2603,3.2603,3.2603,3.2603,18.550458716399998,0
IZO,60,20240610,130000,3.23119,3.2603,3.23119,3.2603,396.77370032299996,0
IZO,60,20240610,170000,3.2603,3.2603,3.2603,3.2603,154.58715597,0
IZO,60,20240611,100000,3.20208,3.20208,3.20208,3.20208,98.9357798208,0
IZO,60,20240611,110000,3.16326,3.16326,3.15356,3.15356,697.7033639445999,0
IZO,60,20240611,150000,3.20208,3.20208,3.20208,3.20208,118.51681957699999,0
IZO,60,20240611,160000,3.16326,3.16326,3.16326,3.16326,463.76146790999996,0
IZO,60,20240611,170000,3.20208,3.20208,3.20208,3.20208,51.52905199,0
IZO,60,20240612,100000,3.25059,3.25059,3.25059,3.25059,2.0611620796,0
IZO,60,20240612,130000,3.16326,3.16326,3.11475,3.11475,5468.262997178799,0
IZO,60,20240612,140000,3.16326,3.16326,3.16326,3.16326,2576.4525995,0
IZO,60,20240612,160000,3.25059,3.25059,3.25059,3.25059,1030.5810397999999,0
IZO,60,20240613,100000,3.13415,3.13415,3.12445,3.12445,1030.5810397999999,0
IZO,60,20240613,110000,3.24089,3.24089,3.24089,3.24089,4.1223241592,0
IZO,60,20240613,120000,3.24089,3.24089,3.24089,3.24089,10.305810397999998,0
IZO,60,20240613,150000,3.24089,3.24089,3.24089,3.24089,34.009174313399996,0
IZO,60,20240614,100000,3.20208,3.20208,3.20208,3.20208,2.0611620796,0
IZO,60,20240614,120000,3.20208,3.20208,3.20208,3.20208,118.51681957699999,0
IZO,60,20240614,140000,3.16326,3.16326,3.16326,3.16326,257.64525994999997,0
IZO,60,20240614,160000,3.20208,3.20208,3.20208,3.20208,206.11620796,0
IZO,60,20240617,100000,3.23119,3.23119,3.23119,3.23119,10.305810397999998,0
IZO,60,20240617,110000,3.22148,3.22148,3.22148,3.22148,4.1223241592,0
IZO,60,20240617,170000,3.18267,3.18267,3.15356,3.15356,1642.7461774412,0
IZO,60,20240618,100000,3.21178,3.21178,3.19237,3.20208,77.293577985,0
IZO,60,20240618,170000,3.19237,3.21178,3.19237,3.21178,857.4434251136,0
IZO,60,20240619,100000,3.21178,3.21178,3.20208,3.20208,137.0672782934,0
IZO,60,20240619,170000,3.20208,3.20208,3.20208,3.20208,6.1834862388,0
IZO,60,20240621,100000,3.21178,3.21178,3.21178,3.21178,641.0214067556,0
IZO,60,20240621,110000,3.20208,3.20208,3.20208,3.20208,37.100917432799996,0
IZO,60,20240624,100000,3.21178,3.21178,3.20208,3.20208,374.1009174474,0
IZO,60,20240624,170000,3.21178,3.21178,3.21178,3.21178,2.0611620796,0
IZO,60,20240626,100000,3.21178,3.21178,3.15356,3.15356,1338.7247707002,0
IZO,60,20240626,130000,3.18267,3.22148,3.18267,3.22148,1030.5810397999999,0
IZO,60,20240628,100000,3.22148,3.25059,3.22148,3.25059,1042.9480122776,0
IZO,60,20240628,110000,3.24089,3.24089,3.24089,3.24089,551.360856293,0
IZO,60,20240628,120000,3.24089,3.24089,3.24089,3.24089,3.0917431194,0
IZO,60,20240628,130000,3.23119,3.24089,3.22148,3.24089,34.0091743134,0
IZO,60,20240628,160000,3.24089,3.24089,3.24089,3.24089,4.1223241592,0
IZO,60,20240701,100000,3.24089,3.24089,3.23119,3.23119,208.1773700396,0
IZO,60,20240701,120000,3.23119,3.24089,3.23119,3.24089,237.033639154,0
IZO,60,20240701,150000,3.22148,3.22148,3.22148,3.22148,30.917431194,0
IZO,60,20240701,170000,3.22148,3.24089,3.22148,3.24089,8.2446483184,0
IZO,60,20240702,100000,3.24089,3.24089,3.24089,3.24089,10.305810397999998,0
IZO,60,20240702,110000,3.23119,3.25059,3.23119,3.25059,60.80428134819999,0
IZO,60,20240702,140000,3.23119,3.23119,3.23119,3.23119,649.266055074,0
IZO,60,20240702,150000,3.23119,3.25059,3.22148,3.25059,964.6238532527999,0
IZO,60,20240702,170000,3.25059,3.25059,3.25059,3.25059,206.11620796,0
IZO,60,20240704,100000,3.2603,3.2603,3.21178,3.23119,22.6727828756,0
IZO,60,20240704,120000,3.24089,3.24089,3.24089,3.24089,3.0917431194,0
IZO,60,20240704,140000,3.23119,3.23119,3.23119,3.23119,161.8012232486,0
IZO,60,20240704,160000,3.22148,3.22148,3.22148,3.22148,8.2446483184,0
IZO,60,20240704,170000,3.2603,3.2603,3.2603,3.2603,824.46483184,0
IZO,60,20240705,100000,3.2603,3.2603,3.2603,3.2603,10.305810397999998,0
IZO,60,20240705,120000,3.23119,3.25059,3.23119,3.25059,185.504587164,0
IZO,60,20240705,170000,3.25059,3.25059,3.25059,3.25059,3.0917431194,0
IZO,60,20240708,100000,3.2603,3.2603,3.2603,3.2603,10.305810397999998,0
IZO,60,20240708,110000,3.2603,3.2603,3.2603,3.2603,61.834862388,0
IZO,60,20240708,170000,3.24089,3.24089,3.24089,3.24089,401.926605522,0
IZO,60,20240709,100000,3.24089,3.24089,3.24089,3.24089,12.3669724776,0
IZO,60,20240709,120000,3.23119,3.23119,3.23119,3.23119,4.1223241592,0
IZO,60,20240709,140000,3.24089,3.24089,3.24089,3.24089,7.2140672786,0
IZO,60,20240709,160000,3.24089,3.24089,3.24089,3.24089,120.57798165659999,0
IZO,60,20240710,100000,3.2603,3.2603,3.25059,3.2603,508.0764526214,0
IZO,60,20240710,110000,3.24089,3.24089,3.24089,3.24089,2061.1620795999997,0
IZO,60,20240710,120000,3.25059,3.2603,3.25059,3.2603,618.34862388,0
IZO,60,20240710,170000,3.25059,3.2603,3.25059,3.2603,180.35168196499998,0
IZO,60,20240711,100000,3.27,3.27,3.27,3.27,10.305810397999998,0
IZO,60,20240711,110000,3.25059,3.25059,3.25059,3.25059,176.2293578058,0
IZO,60,20240711,130000,3.25059,3.25059,3.25059,3.25059,4.1223241592,0
IZO,60,20240711,170000,3.24089,3.27,3.24089,3.27,1167.6483180934,0
IZO,60,20240712,100000,3.27,3.27,3.27,3.27,10,0
IZO,60,20240712,160000,3.33,3.33,3.33,3.33,6,0
IZO,60,20240712,170000,3.34,3.34,3.34,3.34,2,0
IZO,60,20240715,100000,3.34,3.34,3.34,3.34,9,0
IZO,60,20240715,140000,3.33,3.33,3.33,3.33,3,0
IZO,60,20240715,150000,3.34,3.37,3.34,3.37,500,0
IZO,60,20240715,170000,3.37,3.37,3.37,3.37,500,0
IZO,60,20240717,100000,3.33,3.33,3.33,3.33,10,0
IZO,60,20240717,130000,3.29,3.32,3.28,3.28,1376,0
IZO,60,20240717,170000,3.32,3.32,3.32,3.32,2,0
IZO,60,20240722,100000,3.32,3.32,3.26,3.26,433,0
IZO,60,20240722,120000,3.32,3.32,3.32,3.32,30,0
IZO,60,20240722,130000,3.33,3.36,3.33,3.36,514,0
IZO,60,20240722,170000,3.36,3.36,3.36,3.36,30,0
IZO,60,20240723,100000,3.36,3.36,3.36,3.36,10,0
IZO,60,20240723,170000,3.36,3.36,3.36,3.36,2,0
IZO,60,20240724,100000,3.36,3.36,3.36,3.36,12,0
IZO,60,20240724,130000,3.26,3.26,3.26,3.26,1323,0
IZO,60,20240724,160000,3.25,3.25,3.25,3.25,600,0
IZO,60,20240724,170000,3.25,3.35,3.25,3.35,74,0
IZO,60,20240725,100000,3.35,3.35,3.35,3.35,2,0
IZO,60,20240725,140000,3.27,3.27,3.27,3.27,20,0
IZO,60,20240725,160000,3.27,3.27,3.27,3.27,315,0
IZO,60,20240725,170000,3.25,3.27,3.25,3.27,1434,0
IZO,60,20240726,100000,3.35,3.35,3.35,3.35,10,0
IZO,60,20240726,110000,3.25,3.25,3.25,3.25,2,0
IZO,60,20240726,130000,3.25,3.25,3.25,3.25,688,0
IZO,60,20240726,140000,3.24,3.24,3.24,3.24,317,0
IZO,60,20240726,170000,3.35,3.35,3.35,3.35,2,0
IZO,60,20240731,100000,3.35,3.35,3.35,3.35,92,0
IZO,60,20240731,110000,3.35,3.35,3.35,3.35,30,0
IZO,60,20240731,140000,3.33,3.37,3.33,3.37,400,0
IZO,60,20240801,100000,3.35,3.35,3.35,3.35,560,0
IZO,60,20240801,110000,3.34,3.34,3.34,3.34,32,0
IZO,60,20240801,130000,3.35,3.35,3.35,3.35,400,0
IZO,60,20240801,160000,3.35,3.35,3.35,3.35,249,0
IZO,60,20240802,100000,3.35,3.35,3.35,3.35,4,0
IZO,60,20240802,120000,3.35,3.35,3.35,3.35,130,0
IZO,60,20240805,100000,3.26,3.26,3.26,3.26,372,0
IZO,60,20240805,110000,3.22,3.22,3.17,3.17,3651,0
IZO,60,20240805,120000,3.17,3.17,3.11,3.11,745,0
IZO,60,20240805,170000,3.13,3.13,3.13,3.13,349,0
IZO,60,20240806,100000,3.28,3.28,3.28,3.28,2,0
IZO,60,20240806,140000,3.2,3.2,3.2,3.2,6,0
IZO,60,20240806,170000,3.21,3.21,3.21,3.21,2,0
IZO,60,20240807,100000,3.23,3.23,3.16,3.16,14,0
IZO,60,20240807,140000,3.16,3.17,3.16,3.17,369,0
IZO,60,20240807,150000,3.2,3.21,3.2,3.21,278,0
IZO,60,20240807,160000,3.21,3.22,3.2,3.22,234,0
IZO,60,20240807,170000,3.23,3.24,3.23,3.24,26,0
IZO,60,20240808,100000,3.22,3.24,3.22,3.24,10,0
IZO,60,20240808,160000,3.16,3.16,3.16,3.16,92,0
IZO,60,20240808,170000,3.16,3.16,3.16,3.16,2,0
IZO,60,20240812,100000,3.21,3.24,3.21,3.23,69,0
IZO,60,20240812,140000,3.23,3.24,3.23,3.24,1542,0
IZO,60,20240813,100000,3.24,3.24,3.24,3.24,310,0
IZO,60,20240813,120000,3.18,3.18,3.17,3.17,66,0
IZO,60,20240813,140000,3.23,3.24,3.23,3.24,100,0
IZO,60,20240814,100000,3.28,3.28,3.25,3.28,156,0
IZO,60,20240814,130000,3.28,3.3,3.28,3.3,50,0
IZO,60,20240814,140000,3.3,3.3,3.3,3.3,30,0
IZO,60,20240814,160000,3.3,3.3,3.3,3.3,100,0
IZO,60,20240816,100000,3.3,3.3,3.3,3.3,1335,0
IZO,60,20240816,140000,3.32,3.32,3.32,3.32,10,0
IZO,60,20240819,100000,3.3,3.3,3.3,3.3,4,0
IZO,60,20240819,110000,3.26,3.26,3.26,3.26,1400,0
IZO,60,20240819,130000,3.25,3.25,3.25,3.25,196,0
IZO,60,20240819,160000,3.25,3.31,3.25,3.31,10,0
IZO,60,20240820,100000,3.31,3.32,3.31,3.31,25,0
IZO,60,20240820,110000,3.31,3.32,3.17,3.32,522,0
IZO,60,20240820,120000,3.32,3.32,3.32,3.32,200,0
IZO,60,20240821,100000,3.32,3.32,3.32,3.32,2,0
IZO,60,20240821,120000,3.31,3.31,3.31,3.31,55,0
IZO,60,20240821,130000,3.25,3.25,3.17,3.17,2222,0
IZO,60,20240828,100000,3.29,3.32,3.19,3.32,102,0
IZO,60,20240828,110000,3.24,3.24,3.24,3.24,1,0
IZO,60,20240828,160000,3.25,3.25,3.22,3.22,186,0
IZO,60,20240828,170000,3.22,3.22,3.22,3.22,32,0
IZO,60,20240829,100000,3.2,3.2,3.2,3.2,282,0
IZO,60,20240829,120000,3.28,3.28,3.28,3.28,8,0
IZO,60,20240830,100000,3.28,3.28,3.28,3.28,10,0
IZO,60,20240830,140000,3.25,3.28,3.25,3.28,308,0
IZO,60,20240902,100000,3.28,3.28,3.28,3.28,16,0
IZO,60,20240902,130000,3.26,3.26,3.26,3.26,24,0
IZO,60,20240902,140000,3.26,3.26,3.26,3.26,5,0
IZO,60,20240902,160000,3.26,3.26,3.26,3.26,122,0
IZO,60,20240903,100000,3.28,3.28,3.26,3.28,110,0
IZO,60,20240903,130000,3.23,3.23,3.23,3.23,16,0
IZO,60,20240903,140000,3.23,3.49,3.23,3.49,8604,0
IZO,60,20240903,170000,3.4,3.42,3.4,3.42,725,0
IZO,60,20240904,100000,3.42,3.42,3.39,3.42,101,0
IZO,60,20240904,110000,3.38,3.38,3.38,3.38,3,0
IZO,60,20240904,140000,3.37,3.37,3.37,3.37,830,0
IZO,60,20240904,160000,3.38,3.38,3.38,3.38,447,0
IZO,60,20240904,170000,3.42,3.42,3.42,3.42,2,0
IZO,60,20240905,100000,3.6,3.6,3.6,3.6,2,0
IZO,60,20240905,110000,3.49,3.5,3.49,3.5,51,0
IZO,60,20240905,140000,3.44,3.44,3.38,3.38,180,0
IZO,60,20240905,150000,3.38,3.38,3.38,3.38,600,0
IZO,60,20240905,170000,3.49,3.49,3.49,3.49,2,0
IZO,60,20240906,100000,3.48,3.48,3.48,3.48,12,0
IZO,60,20240906,110000,3.45,3.47,3.45,3.47,300,0
IZO,60,20240906,140000,3.47,3.47,3.47,3.47,3,0
IZO,60,20240906,150000,3.42,3.42,3.4,3.4,77,0
IZO,60,20240906,160000,3.4,3.4,3.4,3.4,200,0
IZO,60,20240906,170000,3.34,3.34,3.34,3.34,4,0
IZO,60,20240909,100000,3.49,3.49,3.49,3.49,2,0
IZO,60,20240909,110000,3.42,3.42,3.42,3.42,13,0
IZO,60,20240909,140000,3.4,3.4,3.4,3.4,11,0
IZO,60,20240909,160000,3.39,3.39,3.38,3.38,31,0
IZO,60,20240909,170000,3.4,3.4,3.4,3.4,2,0
IZO,60,20240910,100000,3.4,3.4,3.34,3.4,512,0
IZO,60,20240910,170000,3.27,3.4,3.26,3.4,503,0
IZO,60,20240912,100000,3.4,3.4,3.2,3.28,830,0
IZO,60,20240912,110000,3.28,3.28,3.28,3.28,30,0
IZO,60,20240912,170000,3.28,3.28,3.28,3.28,2,0
IZO,60,20240913,100000,3.28,3.28,3.28,3.28,2,0
IZO,60,20240913,120000,3.26,3.26,3.26,3.26,59,0
IZO,60,20240913,170000,3.28,3.28,3.28,3.28,2,0
IZO,60,20240916,100000,3.28,3.28,3.27,3.27,1015,0
IZO,60,20240916,110000,3.28,3.29,3.28,3.29,288,0
IZO,60,20240916,150000,3.3,3.6,3.3,3.6,7420,0
IZO,60,20240916,160000,3.58,3.6,3.55,3.55,3698,0
IZO,60,20240916,170000,3.55,3.78,3.55,3.78,12028,0
IZO,60,20240917,100000,3.67,3.98,3.67,3.71,11255,0
IZO,60,20240917,110000,3.71,3.79,3.71,3.79,103,0
IZO,60,20240917,120000,3.73,3.79,3.72,3.79,978,0
IZO,60,20240917,130000,3.79,3.79,3.79,3.79,2531,0
IZO,60,20240917,140000,3.8,3.81,3.8,3.81,80,0
IZO,60,20240917,150000,3.81,3.81,3.81,3.81,858,0
IZO,60,20240917,160000,3.81,3.81,3.73,3.73,3597,0
IZO,60,20240917,170000,3.82,3.82,3.73,3.82,1013,0
IZO,60,20240918,100000,3.82,3.82,3.68,3.77,300,0
IZO,60,20240918,110000,3.77,3.78,3.66,3.66,107,0
IZO,60,20240918,120000,3.7,3.7,3.64,3.64,2419,0
IZO,60,20240918,130000,3.64,3.69,3.64,3.69,550,0
IZO,60,20240918,170000,3.69,3.69,3.69,3.69,2,0
IZO,60,20240919,100000,3.7,3.76,3.66,3.66,5020,0
IZO,60,20240919,130000,3.7,3.7,3.7,3.7,3,0
IZO,60,20240919,160000,3.7,3.7,3.65,3.65,824,0
IZO,60,20240919,170000,3.64,3.66,3.61,3.66,64,0
IZO,60,20240920,100000,3.76,3.76,3.59,3.71,15,0
IZO,60,20240920,110000,3.71,3.71,3.71,3.71,300,0
IZO,60,20240920,120000,3.71,3.91,3.71,3.8,16003,0
IZO,60,20240920,130000,3.94,3.94,3.63,3.66,20385,0
IZO,60,20240920,150000,3.79,3.79,3.7,3.7,154,0
IZO,60,20240920,160000,3.77,3.77,3.77,3.77,440,0
IZO,60,20240920,170000,3.7,3.79,3.7,3.7,824,0
IZO,60,20240923,100000,3.79,3.79,3.79,3.79,2,0
IZO,60,20240923,110000,3.78,3.78,3.78,3.78,1500,0
IZO,60,20240923,150000,3.67,3.67,3.67,3.67,5,0
IZO,60,20240923,160000,3.75,3.75,3.75,3.75,142,0
IZO,60,20240924,100000,3.79,3.79,3.66,3.66,1025,0
IZO,60,20240924,110000,3.63,3.66,3.5,3.5,3002,0
IZO,60,20240924,140000,3.55,3.55,3.55,3.55,5,0
IZO,60,20240924,160000,3.66,3.66,3.66,3.66,610,0
IZO,60,20240924,170000,3.66,3.75,3.5,3.75,532,0
IZO,60,20240925,100000,3.7,3.7,3.7,3.7,1,0
IZO,60,20240925,110000,3.61,3.62,3.61,3.62,826,0
IZO,60,20240925,130000,3.55,3.55,3.53,3.53,20,0
IZO,60,20240925,170000,3.7,3.7,3.7,3.7,2,0
IZO,60,20240927,100000,3.7,3.7,3.7,3.7,3,0
IZO,60,20240927,120000,3.6,3.63,3.6,3.63,100,0
IZO,60,20240927,150000,3.64,3.64,3.64,3.64,3,0
IZO,60,20240927,160000,3.64,3.65,3.64,3.65,138,0
IZO,60,20240927,170000,3.65,3.65,3.65,3.65,1,0
IZO,60,20240930,100000,3.79,3.9,3.66,3.66,2922,0
IZO,60,20240930,130000,3.65,3.66,3.65,3.66,2900,0
IZO,60,20240930,150000,3.65,3.65,3.64,3.64,138,0
IZO,60,20240930,160000,3.64,3.79,3.63,3.67,2519,0
IZO,60,20240930,170000,3.79,3.79,3.79,3.79,2,0
IZO,60,20241001,100000,3.79,3.79,3.79,3.79,12,0
IZO,60,20241001,130000,3.64,3.65,3.64,3.65,25,0
IZO,60,20241001,170000,3.71,3.71,3.71,3.71,2,0
IZO,60,20241002,100000,3.71,3.71,3.71,3.71,2,0
IZO,60,20241002,140000,3.55,3.55,3.55,3.55,16,0
IZO,60,20241002,150000,3.54,3.54,3.54,3.54,118,0
IZO,60,20241002,160000,3.55,3.55,3.55,3.55,3,0
IZO,60,20241002,170000,3.71,3.71,3.71,3.71,2,0
IZO,60,20241003,100000,3.5,3.5,3.5,3.5,50,0
IZO,60,20241003,120000,3.64,3.64,3.64,3.64,3,0
IZO,60,20241003,160000,3.71,3.71,3.71,3.71,10,0
IZO,60,20241004,100000,3.7,3.7,3.7,3.7,18,0
IZO,60,20241004,120000,3.55,3.55,3.54,3.54,30,0
IZO,60,20241004,140000,3.64,3.64,3.64,3.64,20,0
IZO,60,20241004,160000,3.54,3.54,3.52,3.52,30,0
IZO,60,20241004,170000,3.7,3.7,3.7,3.7,2,0
IZO,60,20241009,100000,3.66,3.67,3.51,3.66,232,0
IZO,60,20241009,110000,3.66,3.66,3.66,3.66,34,0
IZO,60,20241010,100000,3.66,3.66,3.66,3.66,2,0
IZO,60,20241010,110000,3.52,3.66,3.52,3.66,13,0
IZO,60,20241011,100000,3.65,3.65,3.65,3.65,2,0
IZO,60,20241011,110000,3.63,3.63,3.63,3.63,400,0
IZO,60,20241014,100000,3.63,3.63,3.63,3.63,10,0
IZO,60,20241014,130000,3.56,3.56,3.56,3.56,3,0
IZO,60,20241014,170000,3.65,3.65,3.65,3.65,1,0
IZO,60,20241015,100000,3.65,3.65,3.65,3.65,12,0
IZO,60,20241015,130000,3.62,3.62,3.62,3.62,4,0
IZO,60,20241015,170000,3.53,3.65,3.53,3.65,39,0
IZO,60,20241016,100000,3.7,3.7,3.7,3.7,12,0
IZO,60,20241016,140000,3.56,3.56,3.56,3.56,4,0
IZO,60,20241016,160000,3.56,3.56,3.56,3.56,10,0
IZO,60,20241017,100000,3.68,3.68,3.68,3.68,12,0
IZO,60,20241017,130000,3.54,3.54,3.53,3.53,600,0
IZO,60,20241017,150000,3.53,3.53,3.53,3.53,1000,0
IZO,60,20241017,170000,3.53,3.66,3.51,3.66,1537,0
IZO,60,20241018,100000,3.59,3.59,3.59,3.59,2,0
IZO,60,20241018,140000,3.44,3.5,3.44,3.5,502,0
IZO,60,20241018,160000,3.49,3.49,3.49,3.49,20,0
IZO,60,20241018,170000,3.5,3.5,3.5,3.5,2,0
IZO,60,20241021,100000,3.55,3.55,3.2,3.48,6136,0
IZO,60,20241021,120000,3.32,3.32,3.32,3.32,1800,0
IZO,60,20241021,130000,3.26,3.55,3.2,3.55,2112,0
IZO,60,20241022,100000,3.53,3.53,3.53,3.53,12,0
IZO,60,20241022,120000,3.31,3.53,3.18,3.53,1918,0
IZO,60,20241022,140000,3.32,3.32,3.32,3.32,494,0
IZO,60,20241023,100000,3.5,3.5,3.28,3.48,1858,0
IZO,60,20241023,130000,3.28,3.28,3.28,3.28,400,0
IZO,60,20241023,170000,3.25,3.48,3.25,3.48,155,0
IZO,60,20241024,100000,3.46,3.46,3.46,3.46,65,0
IZO,60,20241024,110000,3.28,3.28,3.28,3.28,2000,0
IZO,60,20241025,100000,3.45,3.45,3.45,3.45,2,0
IZO,60,20241025,110000,3.28,3.28,3.28,3.28,20,0
IZO,60,20241025,170000,3.45,3.45,3.45,3.45,2,0
IZO,60,20241028,100000,3.45,3.45,3.45,3.45,2,0
IZO,60,20241028,150000,3.26,3.26,3.26,3.26,180,0
IZO,60,20241029,100000,3.45,3.45,3.39,3.39,465,0
IZO,60,20241029,120000,3.39,3.39,3.39,3.39,20,0
IZO,60,20241029,130000,3.25,3.3,3.25,3.3,2602,0
IZO,60,20241029,150000,3.24,3.24,3.24,3.24,2400,0
IZO,60,20241029,160000,3.3,3.3,3.3,3.3,18,0
IZO,60,20241030,100000,3.38,3.38,3.32,3.32,1484,0
IZO,60,20241030,110000,3.32,3.32,3.32,3.32,229,0
IZO,60,20241031,100000,3.46,3.46,3.3,3.3,132,0
IZO,60,20241031,170000,3.2,3.45,3.18,3.45,1581,0
IZO,60,20241104,100000,3.45,3.45,3.45,3.45,12,0
IZO,60,20241104,110000,3.21,3.21,3.21,3.21,6,0
IZO,60,20241104,130000,3.21,3.21,3.21,3.21,4,0
IZO,60,20241104,150000,3.21,3.24,3.21,3.24,111,0
IZO,60,20241104,160000,3.24,3.25,3.24,3.25,1263,0
IZO,60,20241104,170000,3.37,3.43,3.37,3.43,11,0
IZO,60,20241105,100000,3.43,3.43,3.43,3.43,2,0
IZO,60,20241105,140000,3.25,3.25,3.25,3.25,830,0
IZO,60,20241105,160000,3.25,3.25,3.25,3.25,6,0
IZO,60,20241105,170000,3.41,3.41,3.41,3.41,2,0
IZO,60,20241106,100000,3.43,3.43,3.43,3.43,8,0
IZO,60,20241106,130000,3.3,3.3,3.3,3.3,30,0
IZO,60,20241106,140000,3.25,3.3,3.25,3.3,299,0
IZO,60,20241106,150000,3.3,3.3,3.3,3.3,136,0
IZO,60,20241108,100000,3.3,3.43,3.2,3.22,8253,0
IZO,60,20241108,110000,3.22,3.22,3.16,3.22,2802,0
IZO,60,20241108,140000,3.14,3.14,3.14,3.14,13,0
IZO,60,20241108,170000,3.22,3.22,3.22,3.22,650,0
IZO,60,20241112,100000,3.22,3.22,3.1,3.1,934,0
IZO,60,20241112,110000,3.1,3.1,3.1,3.1,226,0
IZO,60,20241112,120000,3.11,3.11,3.1,3.1,811,0
IZO,60,20241112,170000,3.2,3.2,3.2,3.2,2,0
IZO,60,20241113,100000,3.33,3.33,3.3,3.3,1012,0
IZO,60,20241113,130000,3.22,3.22,3.22,3.22,8,0
IZO,60,20241114,100000,3.33,3.33,3.11,3.11,44,0
IZO,60,20241114,120000,3.11,3.11,3.11,3.11,419,0
IZO,60,20241114,130000,3.2,3.2,3.11,3.12,3037,0
IZO,60,20241114,170000,3.32,3.32,3.32,3.32,2,0
IZO,60,20241115,100000,3.32,3.33,3.32,3.33,20,0
IZO,60,20241115,130000,3.18,3.19,3.18,3.19,10,0
IZO,60,20241115,170000,3.19,3.33,3.19,3.33,6,0
IZO,60,20241119,100000,3.16,3.33,3.16,3.33,518,0
IZO,60,20241119,140000,3.18,3.22,3.18,3.22,1000,0
IZO,60,20241119,150000,3.14,3.14,3.14,3.14,200,0
IZO,60,20241121,100000,3.33,3.33,3.33,3.33,22,0
IZO,60,20241121,130000,3.18,3.18,3.18,3.18,208,0
IZO,60,20241121,150000,3.18,3.18,3.18,3.18,128,0
IZO,60,20241121,170000,3.18,3.18,3.18,3.18,2,0
IZO,60,20241122,100000,3.18,3.33,3.18,3.33,16,0
IZO,60,20241122,170000,3.33,3.33,3.33,3.33,2,0
IZO,60,20241125,100000,3.22,3.22,3.22,3.22,110,0
IZO,60,20241125,120000,3.11,3.11,3.11,3.11,32,0
IZO,60,20241125,170000,3.22,3.31,3.22,3.31,1117,0
IZO,60,20241126,100000,3.32,3.33,3.32,3.33,10,0
IZO,60,20241126,160000,3.16,3.16,3.16,3.16,6,0
IZO,60,20241126,170000,3.16,3.3,3.16,3.3,1052,0
IZO,60,20241127,100000,3.3,3.3,3.3,3.3,12,0
IZO,60,20241127,170000,3.3,3.3,3.3,3.3,2,0
IZO,60,20241128,100000,3.33,3.33,3.33,3.33,12,0
IZO,60,20241128,170000,3.33,3.33,3.33,3.33,2,0
IZO,60,20241129,100000,3.22,3.22,3.22,3.22,12,0
IZO,60,20241129,110000,3.22,3.22,3.22,3.22,588,0
IZO,60,20241129,120000,3.24,3.27,3.24,3.27,844,0
IZO,60,20241129,150000,3.31,3.31,3.31,3.31,12,0
IZO,60,20241202,100000,3.31,3.31,3.13,3.13,37,0
IZO,60,20241202,130000,3.31,3.31,3.31,3.31,30,0
IZO,60,20241202,170000,3.3,3.3,3.3,3.3,52,0
IZO,60,20241204,100000,3.3,3.3,3.3,3.3,20,0
IZO,60,20241204,120000,3.17,3.17,3.17,3.17,503,0
IZO,60,20241204,140000,3.17,3.17,3.17,3.17,745,0
IZO,60,20241204,170000,3.24,3.24,3.24,3.24,1,0
IZO,60,20241205,100000,3.33,3.33,3.33,3.33,12,0
IZO,60,20241205,150000,3.2,3.2,3.17,3.17,530,0
IZO,60,20241205,170000,3.33,3.33,3.33,3.33,2,0
IZO,60,20241206,100000,3.33,3.33,3.33,3.33,10,0
IZO,60,20241206,170000,3.33,3.33,3.33,3.33,2,0
IZO,60,20241209,100000,3.33,3.33,3.33,3.33,12,0
IZO,60,20241209,170000,3.31,3.33,3.31,3.33,8,0
IZO,60,20241210,110000,3.2,3.2,3.2,3.2,169,0
IZO,60,20241212,100000,3.2,3.2,3.18,3.18,102,0
IZO,60,20241212,110000,3.17,3.17,3.17,3.17,900,0
IZO,60,20241212,150000,3.17,3.17,3.17,3.17,262,0
IZO,60,20241213,100000,3.3,3.3,3.3,3.3,10,0
IZO,60,20241213,120000,3.16,3.3,3.16,3.3,2506,0
IZO,60,20241217,100000,3.3,3.3,3.3,3.3,15,0
IZO,60,20241217,170000,3.15,3.15,2.99,3,5672,0
IZO,60,20241218,100000,3,3,3,3,340,0
IZO,60,20241218,110000,3,3.03,3,3.03,3100,0
IZO,60,20241218,120000,3.01,3.1,3,3.1,6200,0
IZO,60,20241218,140000,3.17,3.17,3.17,3.17,15,0
IZO,60,20241218,150000,3.17,3.2,3.17,3.2,800,0
IZO,60,20241218,170000,3.2,3.2,3.2,3.2,2,0
IZO,60,20241219,100000,3.28,3.28,3.28,3.28,10,0
IZO,60,20241219,130000,3.1,3.28,2.96,3.28,3349,0
IZO,60,20241219,140000,2.96,3.28,2.96,3.28,17,0
IZO,60,20241220,100000,3.28,3.28,3.09,3.09,30,0
IZO,60,20241220,110000,2.98,2.98,2.98,2.98,3,0
IZO,60,20241220,130000,3.08,3.08,3.08,3.08,150,0
IZO,60,20241220,140000,3.08,3.08,3.08,3.08,216,0
IZO,60,20241223,100000,3.28,3.28,3,3,332,0
IZO,60,20241223,120000,3.05,3.05,3.05,3.05,281,0
IZO,60,20241223,130000,3.02,3.02,3.02,3.02,219,0
IZO,60,20241223,150000,3.09,3.09,3.09,3.09,4,0
IZO,60,20241223,170000,3.2,3.2,3.2,3.2,2,0
IZO,60,20241227,100000,3.2,3.2,3.2,3.2,60,0
IZO,60,20241227,120000,3.06,3.09,3.01,3.01,278,0
IZO,60,20241227,130000,3.02,3.02,3.01,3.01,2853,0
IZO,60,20241227,140000,3.09,3.2,3.09,3.2,193,0
IZO,60,20241227,150000,3.1,3.1,3.1,3.1,899,0
IZO,60,20241227,160000,3.14,3.14,3.14,3.14,200,0
IZO,60,20241227,170000,3.18,3.18,3.18,3.18,2,0
IZO,60,20241230,100000,3.18,3.18,3.14,3.14,40,0
IZO,60,20241230,120000,3.1,3.14,3.1,3.14,30,0
IZO,60,20241230,130000,3.14,3.14,3.14,3.14,200,0
IZO,60,20241230,140000,3.14,3.14,3.14,3.14,16,0
IZO,60,20241230,170000,3.05,3.05,3.05,3.05,2,0
IZO,60,20250102,100000,3.05,3.05,3.05,3.05,9,0
IZO,60,20250102,110000,3.14,3.14,3.14,3.14,793,0
IZO,60,20250102,120000,3.14,3.14,3.14,3.14,1008,0
IZO,60,20250102,130000,3.14,3.14,3.14,3.14,1,0
IZO,60,20250103,100000,3.14,3.2,3.14,3.16,3026,0
IZO,60,20250103,110000,3.3,3.33,3.3,3.33,3245,0
IZO,60,20250107,100000,3.33,3.33,3.33,3.33,2,0
IZO,60,20250107,110000,3.2,3.33,3.2,3.33,1700,0
IZO,60,20250108,100000,3.45,3.45,3.45,3.45,10,0
IZO,60,20250108,130000,3.33,3.33,3.33,3.33,150,0
IZO,60,20250109,100000,3.44,3.44,3.3,3.3,77,0
IZO,60,20250109,130000,3.3,3.33,3.3,3.33,5,0
IZO,60,20250110,100000,3.44,3.44,3.44,3.44,12,0
IZO,60,20250110,110000,3.33,3.33,3.33,3.33,69,0
IZO,60,20250113,100000,3.44,3.44,3.44,3.44,10,0
IZO,60,20250113,130000,3.3,3.33,3.18,3.18,623,0
IZO,60,20250114,100000,3.29,3.29,3.29,3.29,10,0
IZO,60,20250114,150000,3.29,3.29,3.29,3.29,480,0
IZO,60,20250115,110000,3.29,3.4,3.29,3.4,14,0
IZO,60,20250115,170000,3.4,3.4,3.4,3.4,2,0
IZO,60,20250116,100000,3.4,3.4,3.29,3.29,16,0
IZO,60,20250116,110000,3.29,3.29,3.29,3.29,100,0
IZO,60,20250116,170000,3.29,3.29,3.29,3.29,2,0
IZO,60,20250117,100000,3.4,3.4,3.23,3.23,543,0
IZO,60,20250117,130000,3.23,3.25,3.23,3.25,527,0
IZO,60,20250117,150000,3.29,3.29,3.29,3.29,100,0
IZO,60,20250117,160000,3.29,3.39,3.29,3.39,2437,0
IZO,60,20250117,170000,3.39,3.39,3.39,3.39,2,0
IZO,60,20250120,100000,3.39,3.4,3.39,3.4,737,0
IZO,60,20250120,110000,3.4,3.5,3.4,3.43,7963,0
IZO,60,20250120,120000,3.43,3.43,3.43,3.43,97,0
IZO,60,20250120,140000,3.43,3.43,3.43,3.43,203,0
IZO,60,20250120,150000,3.42,3.42,3.4,3.4,1500,0
IZO,60,20250120,160000,3.4,3.5,3.4,3.5,26,0
IZO,60,20250120,170000,3.5,3.6,3.4,3.6,10466,0
IZO,60,20250121,100000,3.6,3.6,3.43,3.43,6,0
IZO,60,20250121,130000,3.54,3.56,3.54,3.56,23,0
IZO,60,20250121,140000,3.56,3.56,3.56,3.56,291,0
IZO,60,20250121,160000,3.54,3.54,3.54,3.54,100,0
IZO,60,20250121,170000,3.54,3.54,3.54,3.54,14,0
IZO,60,20250122,100000,3.6,3.6,3.43,3.43,533,0
IZO,60,20250122,110000,3.59,3.59,3.59,3.59,7,0
IZO,60,20250122,150000,3.43,3.43,3.43,3.43,150,0
IZO,60,20250122,170000,3.5,3.5,3.5,3.5,1,0
IZO,60,20250123,100000,3.55,3.55,3.55,3.55,10,0
IZO,60,20250123,110000,3.51,3.51,3.5,3.5,3108,0
IZO,60,20250123,130000,3.5,3.5,3.5,3.5,7,0
IZO,60,20250123,140000,3.49,3.5,3.48,3.5,18,0
IZO,60,20250123,160000,3.5,3.5,3.5,3.5,380,0
IZO,60,20250124,100000,3.5,3.5,3.5,3.5,12,0
IZO,60,20250124,170000,3.43,3.43,3.43,3.43,2319,0
IZO,60,20250127,140000,3.39,3.39,3.39,3.39,5,0
IZO,60,20250127,150000,3.38,3.38,3.38,3.38,995,0
IZO,60,20250127,160000,3.38,3.5,3.28,3.5,52,0
IZO,60,20250128,100000,3.5,3.5,3.5,3.5,6,0
IZO,60,20250128,130000,3.25,3.56,3.25,3.56,6051,0
IZO,60,20250128,140000,3.59,3.7,3.5,3.68,28866,0
IZO,60,20250128,150000,3.68,3.68,3.5,3.67,6266,0
IZO,60,20250128,160000,3.52,3.66,3.52,3.66,3669,0
IZO,60,20250128,170000,3.57,3.65,3.56,3.65,102,0
IZO,60,20250129,100000,3.65,3.68,3.56,3.56,1674,0
IZO,60,20250129,110000,3.56,3.66,3.51,3.66,206,0
IZO,60,20250129,120000,3.66,3.66,3.6,3.6,799,0
IZO,60,20250129,140000,3.6,3.6,3.6,3.6,65,0
IZO,60,20250129,160000,3.6,3.6,3.6,3.6,116,0
IZO,60,20250129,170000,3.6,3.6,3.6,3.6,2,0
IZO,60,20250130,100000,3.65,3.65,3.65,3.65,2469,0
IZO,60,20250130,110000,3.65,3.67,3.65,3.67,1700,0
IZO,60,20250130,120000,3.67,3.69,3.65,3.69,3158,0
IZO,60,20250130,150000,3.69,3.69,3.69,3.69,220,0
IZO,60,20250130,160000,3.61,3.61,3.61,3.61,3,0
IZO,60,20250130,170000,3.69,3.69,3.69,3.69,604,0
IZO,60,20250131,100000,3.63,3.69,3.6,3.69,308,0
IZO,60,20250131,110000,3.68,3.68,3.68,3.68,10,0
IZO,60,20250131,130000,3.68,3.68,3.68,3.68,1000,0
IZO,60,20250131,140000,3.68,3.69,3.6,3.69,495,0
IZO,60,20250131,160000,3.68,3.68,3.68,3.68,9,0
IZO,60,20250131,170000,3.6,3.68,3.6,3.68,11,0
IZO,60,20250203,100000,3.56,3.67,3.53,3.53,2216,0
IZO,60,20250203,120000,3.53,3.53,3.53,3.53,5,0
IZO,60,20250203,140000,3.65,3.67,3.65,3.67,200,0
IZO,60,20250203,150000,3.6,3.6,3.6,3.6,1595,0
IZO,60,20250203,170000,3.67,3.67,3.67,3.67,2,0
IZO,60,20250204,100000,3.66,3.67,3.66,3.67,12,0
IZO,60,20250204,110000,3.6,3.6,3.6,3.6,100,0
IZO,60,20250204,120000,3.57,3.57,3.52,3.52,104,0
IZO,60,20250204,140000,3.59,3.59,3.59,3.59,10,0
IZO,60,20250204,150000,3.59,3.59,3.59,3.59,385,0
IZO,60,20250204,160000,3.52,3.52,3.5,3.5,654,0
IZO,60,20250204,170000,3.52,3.52,3.52,3.52,2,0
IZO,60,20250205,100000,3.51,3.6,3.51,3.6,412,0
IZO,60,20250205,150000,3.5,3.65,3.5,3.59,3504,0
IZO,60,20250205,160000,3.64,3.67,3.64,3.67,2000,0
IZO,60,20250205,170000,3.63,3.67,3.6,3.67,416,0
IZO,60,20250206,100000,3.6,3.6,3.6,3.6,222,0
IZO,60,20250206,110000,3.66,3.66,3.53,3.53,683,0
IZO,60,20250206,120000,3.66,3.66,3.66,3.66,116,0
IZO,60,20250206,160000,3.66,3.67,3.66,3.67,4714,0
IZO,60,20250206,170000,3.67,3.67,3.67,3.67,202,0
IZO,60,20250207,100000,3.67,3.67,3.67,3.67,2,0
IZO,60,20250207,120000,3.67,3.69,3.67,3.69,285,0
IZO,60,20250207,160000,3.69,3.69,3.69,3.69,97,0
IZO,60,20250207,170000,3.68,3.68,3.68,3.68,14,0
IZO,60,20250210,100000,3.56,3.56,3.31,3.31,3071,0
IZO,60,20250210,110000,3.49,3.56,3.49,3.56,2292,0
IZO,60,20250210,120000,3.46,3.46,3.44,3.44,991,0
IZO,60,20250210,130000,3.54,3.6,3.54,3.56,1741,0
IZO,60,20250210,140000,3.5,3.55,3.5,3.55,1225,0
IZO,60,20250210,170000,3.52,3.52,3.49,3.49,3378,0
IZO,60,20250211,100000,3.68,3.68,3.49,3.49,702,0
IZO,60,20250211,110000,3.52,3.55,3.52,3.55,200,0
IZO,60,20250211,120000,3.51,3.51,3.49,3.49,700,0
IZO,60,20250211,130000,3.49,3.68,3.49,3.68,1005,0
IZO,60,20250211,140000,3.58,3.58,3.58,3.58,9,0
IZO,60,20250211,150000,3.5,3.5,3.5,3.5,91,0
IZO,60,20250211,170000,3.68,3.68,3.68,3.68,2,0
IZO,60,20250212,100000,3.68,3.68,3.6,3.68,2917,0
IZO,60,20250212,110000,3.68,3.74,3.68,3.7,3145,0
IZO,60,20250212,120000,3.7,3.7,3.7,3.7,100,0
IZO,60,20250212,130000,3.7,3.7,3.7,3.7,5,0
IZO,60,20250212,170000,3.7,3.7,3.7,3.7,915,0
IZO,60,20250213,100000,3.74,3.8,3.58,3.58,4509,0
IZO,60,20250213,110000,3.7,3.84,3.7,3.84,2685,0
IZO,60,20250213,120000,3.68,3.85,3.68,3.85,6266,0
IZO,60,20250213,130000,3.85,3.85,3.78,3.78,603,0
IZO,60,20250213,140000,3.85,3.85,3.8,3.8,1169,0
IZO,60,20250213,170000,3.85,3.85,3.85,3.85,2,0
IZO,60,20250214,100000,3.85,3.85,3.78,3.78,3923,0
IZO,60,20250214,110000,3.68,3.68,3.68,3.68,80,0
IZO,60,20250214,120000,3.7,3.7,3.7,3.7,141,0
IZO,60,20250214,130000,3.7,3.7,3.7,3.7,2050,0
IZO,60,20250214,140000,3.68,3.68,3.66,3.67,4891,0
IZO,60,20250214,170000,3.64,3.73,3.64,3.73,175,0
IZO,60,20250217,100000,3.73,3.84,3.73,3.83,1299,0
IZO,60,20250217,110000,3.84,3.84,3.7,3.7,2353,0
IZO,60,20250217,120000,3.7,3.84,3.7,3.79,326,0
IZO,60,20250217,140000,3.63,3.63,3.6,3.62,4583,0
IZO,60,20250217,150000,3.62,3.67,3.62,3.67,3000,0
IZO,60,20250218,100000,3.85,3.85,3.85,3.85,2,0
IZO,60,20250218,130000,3.7,3.7,3.7,3.7,580,0
IZO,60,20250218,140000,3.58,3.58,3.58,3.58,160,0
IZO,60,20250218,160000,3.7,3.7,3.7,3.7,250,0
IZO,60,20250218,170000,3.7,3.7,3.7,3.7,202,0
IZO,60,20250219,100000,3.65,3.7,3.6,3.7,230,0
IZO,60,20250219,110000,3.63,3.7,3.62,3.7,2002,0
IZO,60,20250219,120000,3.7,3.7,3.7,3.7,2870,0
IZO,60,20250219,130000,3.7,3.7,3.7,3.7,334,0
IZO,60,20250219,140000,3.8,3.8,3.7,3.7,171,0
IZO,60,20250219,150000,3.7,3.7,3.7,3.7,500,0
IZO,60,20250219,170000,3.75,3.75,3.75,3.75,2,0
IZO,60,20250220,100000,3.7,3.8,3.66,3.8,2710,0
IZO,60,20250220,110000,3.67,3.67,3.67,3.67,525,0
IZO,60,20250220,120000,3.67,3.67,3.67,3.67,500,0
IZO,60,20250220,140000,3.67,3.75,3.67,3.75,568,0
IZO,60,20250220,150000,3.61,3.61,3.61,3.61,91,0
IZO,60,20250221,100000,3.73,3.73,3.73,3.73,10,0
IZO,60,20250221,110000,3.7,3.7,3.7,3.7,562,0
IZO,60,20250221,120000,3.7,3.7,3.7,3.7,91,0
IZO,60,20250221,130000,3.7,3.7,3.7,3.7,47,0
IZO,60,20250221,140000,3.7,3.7,3.7,3.7,240,0
IZO,60,20250221,160000,3.7,3.7,3.6,3.6,943,0
IZO,60,20250221,170000,3.73,3.73,3.73,3.73,2,0
IZO,60,20250224,100000,3.8,3.8,3.8,3.8,2,0
IZO,60,20250224,150000,3.74,3.8,3.74,3.8,48,0
IZO,60,20250224,170000,3.8,3.8,3.8,3.8,2,0
IZO,60,20250225,100000,3.78,3.78,3.74,3.74,312,0
IZO,60,20250225,120000,3.74,3.85,3.74,3.8,7087,0
IZO,60,20250225,130000,3.85,3.95,3.8,3.8,1525,0
IZO,60,20250225,160000,3.8,3.8,3.8,3.8,737,0
IZO,60,20250225,170000,3.78,3.94,3.78,3.94,313,0
IZO,60,20250226,100000,3.94,3.94,3.88,3.93,1654,0
IZO,60,20250226,150000,3.93,3.93,3.93,3.93,270,0
IZO,60,20250226,160000,3.9,3.9,3.9,3.9,3850,0
IZO,60,20250226,170000,3.93,3.93,3.93,3.93,2,0
IZO,60,20250227,100000,3.93,3.93,3.78,3.84,405,0
IZO,60,20250227,130000,3.84,3.84,3.84,3.84,1067,0
IZO,60,20250227,160000,3.81,3.81,3.8,3.8,2000,0
IZO,60,20250227,170000,3.93,3.93,3.93,3.93,198,0
IZO,60,20250228,100000,3.7,3.7,3.7,3.7,400,0
IZO,60,20250228,170000,3.93,3.93,3.93,3.93,2,0
IZO,60,20250303,100000,3.89,3.89,3.89,3.89,12,0
IZO,60,20250303,120000,3.88,3.88,3.88,3.88,152,0
IZO,60,20250304,100000,3.86,3.86,3.86,3.86,5,0
IZO,60,20250304,110000,3.79,3.79,3.76,3.76,39,0
IZO,60,20250304,140000,3.78,3.78,3.78,3.78,3,0
IZO,60,20250304,160000,3.76,3.76,3.76,3.76,12,0
IZO,60,20250305,100000,3.85,3.85,3.85,3.85,2,0
IZO,60,20250305,120000,3.86,3.86,3.82,3.82,157,0
IZO,60,20250305,140000,3.8,3.8,3.78,3.78,114,0
IZO,60,20250305,170000,3.78,3.78,3.78,3.78,59,0
IZO,60,20250306,100000,3.86,3.86,3.86,3.86,2,0
IZO,60,20250306,110000,3.86,3.86,3.86,3.86,4,0
IZO,60,20250306,120000,3.86,3.86,3.76,3.76,746,0
IZO,60,20250306,170000,3.71,3.86,3.66,3.66,2295,0
IZO,60,20250307,100000,3.86,3.86,3.84,3.84,88,0
IZO,60,20250307,120000,3.71,3.71,3.58,3.58,1142,0
IZO,60,20250307,140000,3.61,3.61,3.61,3.61,584,0
IZO,60,20250310,100000,3.63,3.86,3.62,3.62,27,0
IZO,60,20250310,110000,3.78,3.78,3.78,3.78,1325,0
IZO,60,20250310,120000,3.85,3.85,3.85,3.85,3,0
IZO,60,20250310,130000,3.85,3.85,3.85,3.85,300,0
IZO,60,20250310,140000,3.71,3.71,3.7,3.7,40,0
IZO,60,20250310,160000,3.84,3.84,3.84,3.84,3,0
IZO,60,20250310,170000,3.84,3.84,3.84,3.84,2,0
IZO,60,20250311,100000,3.84,3.86,3.84,3.86,12,0
IZO,60,20250311,120000,3.71,3.71,3.71,3.71,5,0
IZO,60,20250311,150000,3.68,3.68,3.68,3.68,1867,0
IZO,60,20250311,170000,3.69,3.69,3.69,3.69,10,0
IZO,60,20250312,100000,3.77,3.84,3.77,3.84,8,0
IZO,60,20250312,130000,3.69,3.71,3.69,3.71,2390,0
IZO,60,20250312,170000,3.8,3.8,3.8,3.8,2,0
IZO,60,20250314,100000,3.8,3.8,3.69,3.69,241,0
IZO,60,20250314,110000,3.71,3.71,3.71,3.71,816,0
IZO,60,20250314,120000,3.77,3.77,3.77,3.77,6,0
IZO,60,20250314,130000,3.77,3.77,3.77,3.77,6,0
IZO,60,20250314,140000,3.73,3.73,3.69,3.69,1000,0
IZO,60,20250314,170000,3.69,3.8,3.66,3.8,1012,0
IZO,60,20250317,100000,3.8,3.8,3.8,3.8,310,0
IZO,60,20250317,130000,3.77,3.79,3.77,3.78,1120,0
IZO,60,20250317,150000,3.8,3.8,3.78,3.78,362,0
IZO,60,20250317,160000,3.78,3.78,3.78,3.78,11,0
IZO,60,20250317,170000,3.77,3.77,3.77,3.77,11,0
IZO,60,20250318,100000,3.8,3.8,3.8,3.8,1542,0
IZO,60,20250318,110000,3.8,3.8,3.8,3.8,3,0
IZO,60,20250318,130000,3.7,3.7,3.69,3.69,606,0
IZO,60,20250318,140000,3.78,3.78,3.78,3.78,3,0
IZO,60,20250318,150000,3.77,3.77,3.77,3.77,6,0
IZO,60,20250318,160000,3.77,3.77,3.77,3.77,283,0
IZO,60,20250318,170000,3.7,3.7,3.7,3.7,82,0
IZO,60,20250319,100000,3.76,3.76,3.7,3.7,105,0
IZO,60,20250319,120000,3.7,3.7,3.7,3.7,825,0
IZO,60,20250319,150000,3.74,3.74,3.7,3.7,1494,0
IZO,60,20250319,170000,3.69,3.69,3.69,3.69,1020,0
IZO,60,20250320,100000,3.76,3.76,3.76,3.76,12,0
IZO,60,20250320,110000,3.74,3.75,3.74,3.75,131,0
IZO,60,20250320,160000,3.71,3.71,3.71,3.71,12,0
IZO,60,20250320,170000,3.71,3.71,3.71,3.71,2,0
IZO,60,20250321,100000,3.72,3.72,3.71,3.71,20,0
IZO,60,20250321,130000,3.7,3.7,3.7,3.7,100,0
IZO,60,20250321,140000,3.7,3.7,3.7,3.7,278,0
IZO,60,20250321,150000,3.71,3.71,3.71,3.71,400,0
IZO,60,20250321,160000,3.7,3.7,3.68,3.68,100,0
IZO,60,20250321,170000,3.68,3.68,3.65,3.65,500,0
IZO,60,20250324,100000,3.68,3.68,3.68,3.68,15,0
IZO,60,20250324,110000,3.68,3.68,3.68,3.68,5,0
IZO,60,20250324,160000,3.67,3.67,3.65,3.65,1749,0
IZO,60,20250324,170000,3.68,3.68,3.68,3.68,502,0
IZO,60,20250325,100000,3.86,3.86,3.5,3.64,1093,0
IZO,60,20250325,110000,3.56,3.58,3.55,3.57,76,0
IZO,60,20250325,170000,3.54,3.54,3.54,3.54,219,0
IZO,60,20250326,100000,3.54,3.67,3.54,3.67,20,0
IZO,60,20250326,130000,3.64,3.64,3.64,3.64,10,0
IZO,60,20250326,170000,3.66,3.66,3.66,3.66,2,0
IZO,60,20250327,100000,3.66,3.66,3.51,3.51,1858,0
IZO,60,20250327,120000,3.51,3.65,3.51,3.65,2840,0
IZO,60,20250327,140000,3.48,3.48,3.48,3.48,198,0
IZO,60,20250327,170000,3.49,3.66,3.49,3.66,720,0
IZO,60,20250328,100000,3.66,3.66,3.5,3.5,445,0
IZO,60,20250328,120000,3.5,3.5,3.5,3.5,100,0
IZO,60,20250328,150000,3.6,3.85,3.6,3.85,464,0
IZO,60,20250328,160000,3.67,3.67,3.67,3.67,20,0
IZO,60,20250331,140000,3.65,3.65,3.65,3.65,13,0
IZO,60,20250401,100000,3.85,3.85,3.85,3.85,12,0
IZO,60,20250401,170000,3.64,3.67,3.64,3.67,300,0
IZO,60,20250402,100000,3.85,3.85,3.85,3.85,5,0
IZO,60,20250402,130000,3.67,3.67,3.67,3.67,15,0
IZO,60,20250403,100000,3.74,3.84,3.74,3.84,6,0
IZO,60,20250403,150000,3.52,3.83,3.51,3.83,1002,0
IZO,60,20250403,160000,3.46,3.46,3.38,3.44,1289,0
IZO,60,20250404,100000,3.6,3.83,3.48,3.48,177,0
IZO,60,20250404,140000,3.5,3.5,3.5,3.5,3,0
IZO,60,20250407,100000,3.34,3.4,3.34,3.4,779,0
IZO,60,20250407,120000,3.52,3.68,3.52,3.68,69,0
IZO,60,20250407,170000,3.38,3.38,3.38,3.38,3,0
IZO,60,20250408,100000,3.68,3.68,3.68,3.68,12,0
IZO,60,20250408,140000,3.53,3.56,3.4,3.56,504,0
IZO,60,20250409,100000,3.58,3.58,3.41,3.58,208,0
IZO,60,20250409,150000,3.51,3.52,3.51,3.52,13,0
IZO,60,20250410,100000,3.55,3.58,3.52,3.52,1249,0
IZO,60,20250410,130000,3.45,3.45,3.45,3.45,1000,0
IZO,60,20250411,100000,3.58,3.58,3.58,3.58,2,0
IZO,60,20250411,110000,3.41,3.41,3.41,3.41,3,0
IZO,60,20250414,100000,3.58,3.58,3.58,3.58,1,0
IZO,60,20250414,120000,3.56,3.56,3.56,3.56,5,0
IZO,60,20250414,130000,3.56,3.56,3.56,3.56,10,0
IZO,60,20250414,170000,3.49,3.6,3.49,3.6,22,0
IZO,60,20250415,100000,3.6,3.6,3.6,3.6,10,0
IZO,60,20250415,110000,3.49,3.49,3.4,3.4,4900,0
IZO,60,20250415,120000,3.56,3.6,3.56,3.6,198,0
IZO,60,20250415,140000,3.5,3.5,3.5,3.5,70,0
IZO,60,20250416,100000,3.56,3.56,3.41,3.41,2002,0
IZO,60,20250416,110000,3.41,3.5,3.41,3.42,1534,0
IZO,60,20250416,130000,3.42,3.42,3.42,3.42,600,0
IZO,60,20250416,150000,3.43,3.43,3.42,3.42,500,0
IZO,60,20250416,160000,3.5,3.6,3.5,3.58,2414,0
IZO,60,20250417,100000,3.58,3.58,3.58,3.58,12,0
IZO,60,20250417,110000,3.43,3.47,3.43,3.47,500,0
IZO,60,20250417,130000,3.56,3.56,3.56,3.56,15,0
IZO,60,20250417,160000,3.43,3.43,3.43,3.43,200,0
IZO,60,20250417,170000,3.5,3.5,3.5,3.5,2,0
IZO,60,20250422,100000,3.57,3.57,3.57,3.57,2,0
IZO,60,20250422,130000,3.56,3.56,3.56,3.56,3,0
IZO,60,20250422,150000,3.56,3.56,3.56,3.56,598,0
IZO,60,20250422,170000,3.55,3.55,3.55,3.55,4,0
IZO,60,20250423,100000,3.58,3.58,3.47,3.47,489,0
IZO,60,20250423,140000,3.49,3.49,3.49,3.49,3,0
IZO,60,20250424,100000,3.58,3.58,3.58,3.58,441,0
IZO,60,20250424,160000,3.55,3.55,3.55,3.55,3,0
IZO,60,20250425,100000,3.58,3.58,3.48,3.48,102,0
IZO,60,20250425,120000,3.53,3.53,3.53,3.53,5,0
IZO,60,20250425,130000,3.48,3.48,3.47,3.47,1634,0
IZO,60,20250425,140000,3.47,3.47,3.47,3.47,28,0
IZO,60,20250425,160000,3.48,3.48,3.48,3.48,3,0
IZO,60,20250425,170000,3.58,3.58,3.58,3.58,902,0
IZO,60,20250428,100000,3.58,3.58,3.58,3.58,100,0
IZO,60,20250428,140000,3.5,3.5,3.5,3.5,100,0
IZO,60,20250428,160000,3.54,3.54,3.54,3.54,3,0
IZO,60,20250428,170000,3.54,3.54,3.54,3.54,10,0
IZO,60,20250429,100000,3.54,3.54,3.5,3.5,37,0
IZO,60,20250429,110000,3.5,3.5,3.5,3.5,75,0
IZO,60,20250429,120000,3.5,3.5,3.5,3.5,50,0
IZO,60,20250429,130000,3.5,3.5,3.48,3.48,838,0
IZO,60,20250429,150000,3.48,3.48,3.48,3.48,3,0
IZO,60,20250429,170000,3.54,3.54,3.54,3.54,2,0
IZO,60,20250430,100000,3.58,3.58,3.56,3.56,1298,0
IZO,60,20250430,150000,3.52,3.52,3.52,3.52,50,0
IZO,60,20250430,170000,3.51,3.51,3.51,3.51,20,0
IZO,60,20250502,100000,3.6,3.6,3.6,3.6,2,0
IZO,60,20250502,120000,3.52,3.52,3.52,3.52,496,0
IZO,60,20250502,170000,3.5,3.5,3.5,3.5,60,0
IZO,60,20250505,100000,3.55,3.55,3.55,3.55,2,0
IZO,60,20250505,140000,3.54,3.54,3.54,3.54,28,0
IZO,60,20250505,150000,3.53,3.53,3.5,3.5,872,0
IZO,60,20250505,160000,3.53,3.53,3.53,3.53,2200,0
IZO,60,20250505,170000,3.53,3.6,3.53,3.6,60,0
IZO,60,20250506,100000,3.6,3.6,3.6,3.6,2,0
IZO,60,20250506,110000,3.51,3.51,3.5,3.5,10,0
IZO,60,20250506,150000,3.53,3.53,3.53,3.53,51,0
IZO,60,20250506,160000,3.5,3.53,3.5,3.53,50,0
IZO,60,20250506,170000,3.5,3.6,3.5,3.6,302,0
