<TICKER>,<PER>,<DATE>,<TIME>,<OPEN>,<HIGH>,<LOW>,<CLOSE>,<VOL>,<OPENINT>
IZS,60,20240411,100000,2.58509,2.58509,2.57541,2.57541,59.905109487400004,0
IZS,60,20240411,110000,2.59477,2.59477,2.55604,2.55604,2272.26277366,0
IZS,60,20240411,120000,2.60445,2.60445,2.58509,2.58509,3978.5255473356,0
IZS,60,20240411,130000,2.57541,2.60445,2.56572,2.60445,1440.8211678435,0
IZS,60,20240411,140000,2.60445,2.62382,2.60445,2.62382,6093.795620270001,0
IZS,60,20240411,150000,2.62382,2.62382,2.61413,2.61413,2065.6934306,0
IZS,60,20240411,160000,2.61413,2.61413,2.61413,2.61413,1199.1350364633001,0
IZS,60,20240411,170000,2.59477,2.59477,2.59477,2.59477,603.1824817352,0
IZS,60,20240412,100000,2.59477,2.61413,2.59477,2.60445,2154.5182481158,0
IZS,60,20240412,110000,2.60445,2.60445,2.60445,2.60445,826.2773722400001,0
IZS,60,20240412,130000,2.59477,2.59477,2.59477,2.59477,4.1313868612,0
IZS,60,20240412,140000,2.60445,2.62382,2.60445,2.61413,3742.0036495319,0
IZS,60,20240412,150000,2.61413,2.62382,2.61413,2.62382,2145.2226276781,0
IZS,60,20240412,160000,2.61413,2.61413,2.58509,2.58509,3826.6970801865,0
IZS,60,20240415,100000,2.59477,2.61413,2.59477,2.61413,103.28467153,0
IZS,60,20240415,110000,2.61413,2.61413,2.59477,2.59477,686.8430656745,0
IZS,60,20240415,120000,2.59477,2.59477,2.59477,2.59477,335.6751824725,0
IZS,60,20240415,130000,2.59477,2.59477,2.59477,2.59477,184.8795620387,0
IZS,60,20240415,140000,2.59477,2.59477,2.59477,2.59477,206.56934306000002,0
IZS,60,20240415,160000,2.59477,2.61413,2.59477,2.61413,2163.8138685535,0
IZS,60,20240415,170000,2.61413,2.61413,2.61413,2.61413,154.927007295,0
IZS,60,20240416,100000,2.61413,2.61413,2.58509,2.58509,252.0145985332,0
IZS,60,20240416,130000,2.60445,2.60445,2.60445,2.60445,722.99270071,0
IZS,60,20240416,140000,2.60445,2.6335,2.60445,2.6335,1136.13138683,0
IZS,60,20240416,150000,2.6335,2.65286,2.6335,2.64318,4242.9343064524,0
IZS,60,20240416,160000,2.59477,2.64318,2.58509,2.61413,4463.9635035266,0
IZS,60,20240416,170000,2.61413,2.61413,2.55604,2.60445,5649.671532691,0
IZS,60,20240417,100000,2.60445,2.60445,2.60445,2.60445,1190.8722627409,0
IZS,60,20240417,110000,2.60445,2.60445,2.60445,2.60445,778.7664233362001,0
IZS,60,20240417,120000,2.60445,2.60445,2.60445,2.60445,84.69343065460001,0
IZS,60,20240417,130000,2.59477,2.59477,2.59477,2.59477,27.886861313100002,0
IZS,60,20240417,160000,2.56572,2.59477,2.56572,2.59477,205.5364963447,0
IZS,60,20240418,100000,2.59477,2.59477,2.55604,2.55604,1061.7664233284,0
IZS,60,20240418,110000,2.54636,2.56572,2.527,2.527,3154.3138685262,0
IZS,60,20240418,120000,2.527,2.54636,2.527,2.54636,1296.2226277015,0
IZS,60,20240418,140000,2.54636,2.54636,2.54636,2.54636,103.28467153000001,0
IZS,60,20240418,150000,2.54636,2.54636,2.54636,2.54636,51.642335765000006,0
IZS,60,20240418,160000,2.54636,2.54636,2.54636,2.54636,1888.0437955684001,0
IZS,60,20240418,170000,2.53668,2.53668,2.53668,2.53668,672.3832116603,0
IZS,60,20240419,100000,2.51731,2.51731,2.50763,2.51731,2748.4051094133,0
IZS,60,20240419,110000,2.527,2.527,2.527,2.527,1167.116788289,0
IZS,60,20240422,100000,2.55604,2.55604,2.51731,2.55604,3421.8211677889,0
IZS,60,20240422,110000,2.55604,2.56572,2.55604,2.56572,1032.8467153000001,0
IZS,60,20240422,120000,2.56572,2.57541,2.56572,2.57541,1032.8467153000001,0
IZS,60,20240422,130000,2.56572,2.56572,2.56572,2.56572,190.0437956152,0
IZS,60,20240422,140000,2.527,2.527,2.527,2.527,20.656934306,0
IZS,60,20240422,160000,2.527,2.527,2.527,2.527,712.664233557,0
IZS,60,20240422,170000,2.527,2.527,2.527,2.527,113.613138683,0
IZS,60,20240423,100000,2.56572,2.57541,2.56572,2.57541,387.3175182375,0
IZS,60,20240423,150000,2.57541,2.57541,2.57541,2.57541,10.328467153,0
IZS,60,20240423,160000,2.53668,2.54636,2.53668,2.54636,619.70802918,0
IZS,60,20240423,170000,2.527,2.53668,2.527,2.53668,433.795620426,0
IZS,60,20240424,100000,2.527,2.56572,2.527,2.56572,1370.5875912031,0
IZS,60,20240424,130000,2.55604,2.55604,2.55604,2.55604,619.70802918,0
IZS,60,20240424,140000,2.55604,2.55604,2.55604,2.55604,79.5291970781,0
IZS,60,20240424,150000,2.527,2.54636,2.527,2.54636,2148.321167824,0
IZS,60,20240424,160000,2.527,2.527,2.527,2.527,774.635036475,0
IZS,60,20240424,170000,2.527,2.527,2.51731,2.51731,797.3576642116001,0
IZS,60,20240425,110000,2.51731,2.527,2.51731,2.51731,1591.6167882773,0
IZS,60,20240425,120000,2.50763,2.50763,2.50763,2.50763,1032.8467153000001,0
IZS,60,20240425,130000,2.51731,2.51731,2.51731,2.51731,67.1350364945,0
IZS,60,20240425,140000,2.51731,2.51731,2.51731,2.51731,107.4160583912,0
IZS,60,20240425,150000,2.51731,2.51731,2.51731,2.51731,516.4233576500001,0
IZS,60,20240425,160000,2.50763,2.50763,2.50763,2.50763,516.4233576500001,0
IZS,60,20240425,170000,2.51731,2.51731,2.51731,2.51731,226.1934306507,0
IZS,60,20240426,100000,2.527,2.59477,2.527,2.59477,3317.5036495436,0
IZS,60,20240426,120000,2.53668,2.53668,2.53668,2.53668,516.4233576500001,0
IZS,60,20240426,140000,2.53668,2.53668,2.53668,2.53668,8.2627737224,0
IZS,60,20240426,150000,2.53668,2.53668,2.53668,2.53668,59.905109487400004,0
IZS,60,20240426,160000,2.53668,2.53668,2.527,2.527,2689.5328466412,0
IZS,60,20240429,100000,2.56572,2.56572,2.56572,2.56572,333.6094890419,0
IZS,60,20240429,110000,2.56572,2.57541,2.56572,2.57541,10.328467153,0
IZS,60,20240429,120000,2.56572,2.57541,2.53668,2.53668,573.2299269915,0
IZS,60,20240429,130000,2.53668,2.53668,2.527,2.527,7.2299270071,0
IZS,60,20240429,140000,2.527,2.527,2.527,2.527,181.7810218928,0
IZS,60,20240429,150000,2.54636,2.55604,2.54636,2.55604,4.1313868612,0
IZS,60,20240429,170000,2.527,2.527,2.51731,2.51731,2065.6934306000003,0
IZS,60,20240430,100000,2.51731,2.53668,2.50763,2.50763,2625.4963502926,0
IZS,60,20240430,110000,2.50763,2.50763,2.50763,2.50763,3787.4489050051,0
IZS,60,20240430,120000,2.49795,2.53668,2.47859,2.53668,2602.773722556,0
IZS,60,20240430,130000,2.527,2.53668,2.527,2.53668,79.5291970781,0
IZS,60,20240430,140000,2.53668,2.53668,2.53668,2.53668,120.8430656901,0
IZS,60,20240430,160000,2.527,2.53668,2.527,2.53668,10.328467153,0
IZS,60,20240502,100000,2.48827,2.48827,2.48827,2.48827,258.21167882500004,0
IZS,60,20240502,110000,2.527,2.527,2.527,2.527,41.313868612,0
IZS,60,20240502,130000,2.527,2.53668,2.527,2.53668,325.3467153195,0
IZS,60,20240502,170000,2.50763,2.50763,2.49795,2.49795,516.4233576500001,0
IZS,60,20240506,100000,2.527,2.53668,2.527,2.53668,346.0036496255,0
IZS,60,20240506,110000,2.53668,2.54636,2.527,2.527,110.5145985371,0
IZS,60,20240506,120000,2.53668,2.54636,2.53668,2.54636,4.1313868612,0
IZS,60,20240506,150000,2.53668,2.53668,2.53668,2.53668,416.2372262659,0
IZS,60,20240506,160000,2.53668,2.53668,2.51731,2.51731,611.4452554576,0
IZS,60,20240506,170000,2.50763,2.51731,2.50763,2.50763,995.6642335492,0
IZS,60,20240507,100000,2.50763,2.527,2.49795,2.50763,2281.5583940977,0
IZS,60,20240507,120000,2.53668,2.53668,2.53668,2.53668,10.328467153,0
IZS,60,20240507,130000,2.527,2.527,2.527,2.527,5.1642335765,0
IZS,60,20240507,150000,2.53668,2.53668,2.53668,2.53668,103.28467153000001,0
IZS,60,20240508,100000,2.527,2.54636,2.527,2.54636,77.4635036475,0
IZS,60,20240508,110000,2.54636,2.54636,2.54636,2.54636,659.9890510767,0
IZS,60,20240508,120000,2.54636,2.54636,2.54636,2.54636,233.4233576578,0
IZS,60,20240508,130000,2.55604,2.56572,2.55604,2.55604,1817.810218928,0
IZS,60,20240508,150000,2.56572,2.56572,2.56572,2.56572,1136.13138683,0
IZS,60,20240508,160000,2.53668,2.53668,2.527,2.53668,1032.8467153000001,0
IZS,60,20240509,110000,2.55604,2.55604,2.527,2.527,4261.5255473278,0
IZS,60,20240509,120000,2.53668,2.53668,2.53668,2.53668,3648.0145984396004,0
IZS,60,20240509,150000,2.53668,2.55604,2.53668,2.55604,222.0620437895,0
IZS,60,20240510,100000,2.55604,2.55604,2.55604,2.55604,516.4233576500001,0
IZS,60,20240510,120000,2.56572,2.56572,2.55604,2.56572,464.78102188500003,0
IZS,60,20240510,130000,2.56572,2.59477,2.56572,2.59477,10137.3905106695,0
IZS,60,20240510,140000,2.58509,2.67223,2.58509,2.65286,36590.660582933,0
IZS,60,20240510,150000,2.65286,2.66254,2.64318,2.66254,28299.99999922,0
IZS,60,20240510,160000,2.66254,2.66254,2.65286,2.65286,3454.8722626785,0
IZS,60,20240510,170000,2.64318,2.64318,2.64318,2.64318,103.28467153000001,0
IZS,60,20240513,100000,2.69159,2.75936,2.67223,2.67223,54429.989049595,0
IZS,60,20240513,110000,2.67223,2.71095,2.66254,2.68191,17188.635036022602,0
IZS,60,20240513,120000,2.71095,2.74968,2.71095,2.74,14245.021897418,0
IZS,60,20240513,130000,2.71095,2.72064,2.71095,2.72064,2003.722627682,0
IZS,60,20240513,140000,2.70127,2.74,2.70127,2.74,1709.3613138215,0
IZS,60,20240513,150000,2.73032,2.73032,2.73032,2.73032,258.21167882500004,0
IZS,60,20240513,160000,2.74,2.74968,2.71095,2.71095,4597.2007298003,0
IZS,60,20240513,170000,2.74968,2.74968,2.71095,2.74968,771.5364963291,0
IZS,60,20240514,100000,2.74,2.74968,2.72064,2.74,18364.014598034,0
IZS,60,20240514,110000,2.74,2.74,2.70127,2.70127,1504.8576641921,0
IZS,60,20240514,120000,2.69159,2.71095,2.67223,2.71095,3361.9160583015,0
IZS,60,20240514,130000,2.69159,2.71095,2.69159,2.71095,632.1021897636,0
IZS,60,20240514,140000,2.70127,2.70127,2.69159,2.70127,2049.1678831552,0
IZS,60,20240514,150000,2.69159,2.69159,2.68191,2.68191,8748.211678591,0
IZS,60,20240514,160000,2.70127,3.00141,2.68191,2.90459,182309.83941103,0
IZS,60,20240514,170000,2.89491,2.97237,2.85618,2.88523,44700.572991469,0
IZS,60,20240515,100000,2.90459,2.99173,2.75936,2.83682,70351.321165944,0
IZS,60,20240515,110000,2.82714,2.89491,2.82714,2.8465,10779.821167586,0
IZS,60,20240515,120000,2.83682,2.8465,2.80777,2.8465,2850.656934228,0
IZS,60,20240515,130000,2.8465,2.8465,2.76905,2.82714,10398.70072964,0
IZS,60,20240515,140000,2.80777,2.80777,2.80777,2.80777,20.656934306,0
IZS,60,20240515,150000,2.80777,2.81746,2.79809,2.81746,3162.5766422486,0
IZS,60,20240515,160000,2.79809,2.81746,2.79809,2.81746,83.6605839393,0
IZS,60,20240515,170000,2.79809,2.89491,2.77873,2.87555,16899.437955739,0
IZS,60,20240516,100000,2.8465,2.86587,2.79809,2.8465,5379.0656932824,0
IZS,60,20240516,110000,2.8465,2.88523,2.8465,2.88523,3015.912408676,0
IZS,60,20240516,120000,2.8465,2.8465,2.80777,2.8465,1347.8649634665,0
IZS,60,20240516,130000,2.80777,2.80777,2.80777,2.80777,1652.55474448,0
IZS,60,20240516,140000,2.8465,2.8465,2.82714,2.8465,3399.0985400523,0
IZS,60,20240516,150000,2.86587,2.86587,2.86587,2.86587,774.635036475,0
IZS,60,20240516,160000,2.8465,2.8465,2.66254,2.83682,45356.430655684,0
IZS,60,20240516,170000,2.78841,2.78841,2.78841,2.78841,3122.2956203519,0
IZS,60,20240517,100000,2.78841,2.81746,2.78841,2.78841,5461.693430506401,0
IZS,60,20240517,110000,2.78841,2.78841,2.78841,2.78841,12616.222627389501,0
IZS,60,20240517,140000,2.78841,2.78841,2.78841,2.78841,464.78102188500003,0
IZS,60,20240517,150000,2.78841,2.78841,2.78841,2.78841,181.7810218928,0
IZS,60,20240517,160000,2.78841,2.80777,2.72064,2.79809,3520.9744524577,0
IZS,60,20240517,170000,2.79809,2.80777,2.79809,2.80777,521.5875912265,0
IZS,60,20240520,100000,2.79809,2.80777,2.76905,2.76905,2513.9489050402,0
IZS,60,20240520,110000,2.76905,2.79809,2.76905,2.79809,134.270072989,0
IZS,60,20240520,130000,2.77873,2.78841,2.71095,2.78841,12220.64233543,0
IZS,60,20240520,140000,2.72064,2.72064,2.72064,2.72064,51.642335765000006,0
IZS,60,20240520,150000,2.78841,2.79809,2.78841,2.79809,1443.9197079894,0
IZS,60,20240520,160000,2.79809,2.80777,2.79809,2.80777,403.8430656823,0
IZS,60,20240520,170000,2.79809,2.79809,2.74,2.74,642.4306569166,0
IZS,60,20240521,100000,2.79809,2.85618,2.76905,2.81746,21110.354014017,0
IZS,60,20240521,110000,2.81746,2.92396,2.81746,2.86587,75196.405107417,0
IZS,60,20240521,120000,2.86587,2.91428,2.86587,2.91428,5343.9489049622,0
IZS,60,20240521,130000,2.92396,2.953,2.91428,2.92396,8709.9963501249,0
IZS,60,20240521,140000,2.91428,2.91428,2.91428,2.91428,4.1313868612,0
IZS,60,20240521,150000,2.92396,2.92396,2.91428,2.91428,958.4817517984,0
IZS,60,20240521,160000,2.87555,2.88523,2.86587,2.88523,1600.912408715,0
IZS,60,20240521,170000,2.88523,2.90459,2.86587,2.90459,3875.2408758056,0
IZS,60,20240522,100000,2.90459,2.90459,2.8465,2.8465,4045.6605838301,0
IZS,60,20240522,110000,2.8465,2.8465,2.8465,2.8465,51.642335765000006,0
IZS,60,20240522,130000,2.8465,2.85618,2.8465,2.8465,3620.1277371265,0
IZS,60,20240522,140000,2.87555,2.87555,2.87555,2.87555,1032.8467153000001,0
IZS,60,20240522,150000,2.87555,2.87555,2.87555,2.87555,3129.525547359,0
IZS,60,20240522,160000,2.85618,2.85618,2.83682,2.83682,206.56934306000002,0
IZS,60,20240522,170000,2.86587,2.87555,2.86587,2.87555,1486.2664233167,0
IZS,60,20240523,100000,2.85618,2.89491,2.82714,2.89491,2371.4160583288,0
IZS,60,20240523,110000,2.88523,2.89491,2.88523,2.89491,1032.8467153000001,0
IZS,60,20240523,120000,2.83682,2.83682,2.83682,2.83682,229.2919707966,0
IZS,60,20240523,130000,2.83682,2.88523,2.83682,2.88523,1373.686131349,0
IZS,60,20240523,140000,2.83682,2.87555,2.82714,2.87555,4562.0839414801,0
IZS,60,20240523,150000,2.83682,2.86587,2.83682,2.86587,444.124087579,0
IZS,60,20240523,160000,2.83682,2.83682,2.82714,2.82714,1262.1386860966002,0
IZS,60,20240523,170000,2.82714,2.86587,2.81746,2.82714,2128.6970802333003,0
IZS,60,20240524,100000,2.82714,2.85618,2.81746,2.85618,7900.2445253297,0
IZS,60,20240524,110000,2.82714,2.86587,2.81746,2.85618,2957.0401459039,0
IZS,60,20240524,120000,2.81746,2.81746,2.81746,2.81746,516.4233576500001,0
IZS,60,20240524,130000,2.81746,2.81746,2.80777,2.80777,782.8978101974001,0
IZS,60,20240524,140000,2.80777,2.8465,2.77873,2.8465,10330.5328464306,0
IZS,60,20240524,150000,2.85618,2.86587,2.85618,2.86587,797.3576642116001,0
IZS,60,20240524,160000,2.83682,2.83682,2.83682,2.83682,30.985401459000002,0
IZS,60,20240524,170000,2.83682,2.85618,2.79809,2.80777,3189.4306568464,0
IZS,60,20240527,100000,2.8465,2.85618,2.80777,2.81746,2952.9087590427,0
IZS,60,20240527,110000,2.8465,2.85618,2.8465,2.85618,1445.98540142,0
IZS,60,20240527,120000,2.83682,2.83682,2.83682,2.83682,1333.4051094523,0
IZS,60,20240527,130000,2.8465,2.8465,2.8465,2.8465,1032.8467153000001,0
IZS,60,20240527,140000,2.82714,2.8465,2.82714,2.8465,812.8503649411,0
IZS,60,20240527,150000,2.8465,2.85618,2.8465,2.85618,1038.0109488765,0
IZS,60,20240527,160000,2.82714,2.8465,2.82714,2.8465,413.13868612,0
IZS,60,20240528,100000,2.83682,2.8465,2.82714,2.82714,7505.6970800851,0
IZS,60,20240528,120000,2.82714,2.82714,2.81746,2.82714,2780.4233575876,0
IZS,60,20240528,140000,2.82714,2.82714,2.78841,2.82714,9255.3394158033,0
IZS,60,20240528,150000,2.8465,2.8465,2.82714,2.8465,1074.160583912,0
IZS,60,20240528,160000,2.8465,2.85618,2.8465,2.85618,1063.832116759,0
IZS,60,20240528,170000,2.83682,2.83682,2.83682,2.83682,313.9854014512,0
IZS,60,20240529,100000,2.82714,2.82714,2.78841,2.78841,20144.642335211,0
IZS,60,20240529,110000,2.80777,2.80777,2.79809,2.80777,1475.9379561637002,0
IZS,60,20240529,120000,2.82714,2.8465,2.82714,2.8465,3098.5401459,0
IZS,60,20240529,130000,2.79809,2.79809,2.79809,2.79809,72.29927007100001,0
IZS,60,20240529,140000,2.8465,2.8465,2.79809,2.79809,929.56204377,0
IZS,60,20240529,150000,2.82714,2.82714,2.82714,2.82714,516.4233576500001,0
IZS,60,20240529,160000,2.80777,2.80777,2.80777,2.80777,30.985401459000002,0
IZS,60,20240529,170000,2.82714,2.82714,2.80777,2.80777,1279.6970802567,0
IZS,60,20240531,100000,2.80777,2.80777,2.74968,2.80777,6708.3394158735,0
IZS,60,20240531,110000,2.80777,2.80777,2.75936,2.80777,916.1350364711001,0
IZS,60,20240531,150000,2.77873,2.79809,2.74968,2.79809,4077.6788320044,0
IZS,60,20240531,170000,2.74968,2.74968,2.74,2.74,1396.4087590856,0
IZS,60,20240603,100000,2.74,2.77873,2.74,2.74,1476.970802879,0
IZS,60,20240603,110000,2.74,2.74,2.74,2.74,2065.6934306000003,0
IZS,60,20240603,120000,2.77873,2.77873,2.77873,2.77873,413.13868612000005,0
IZS,60,20240603,130000,2.76905,2.77873,2.76905,2.76905,2406.532846649,0
IZS,60,20240603,140000,2.76905,2.80777,2.76905,2.80777,31398.54014512,0
IZS,60,20240603,150000,2.80777,2.88523,2.80777,2.88523,22000.667882605,0
IZS,60,20240603,160000,2.82714,2.88523,2.82714,2.88523,4242.9343064524,0
IZS,60,20240603,170000,2.88523,2.88523,2.87555,2.88523,1166.0839415737,0
IZS,60,20240604,100000,2.88523,2.88523,2.87555,2.88523,1220.8248174846,0
IZS,60,20240604,110000,2.88523,2.88523,2.88523,2.88523,1019.4197080011,0
IZS,60,20240604,130000,2.88523,2.88523,2.88523,2.88523,20.656934306,0
IZS,60,20240604,150000,2.86587,2.86587,2.86587,2.86587,784.963503628,0
IZS,60,20240604,170000,2.85618,2.85618,2.82714,2.85618,1783.7262773231,0
IZS,60,20240605,100000,2.82714,2.82714,2.82714,2.82714,2210.291970742,0
IZS,60,20240605,110000,2.82714,2.82714,2.81746,2.81746,1755.83941601,0
IZS,60,20240605,120000,2.80777,2.81746,2.78841,2.81746,1497.627737185,0
IZS,60,20240605,130000,2.81746,2.85618,2.81746,2.8465,2851.6897809433,0
IZS,60,20240605,140000,2.8465,2.8465,2.80777,2.80777,1830.2043795116,0
IZS,60,20240605,150000,2.80777,2.8465,2.80777,2.8465,4868.8394159242,0
IZS,60,20240605,160000,2.8465,2.8465,2.79809,2.8465,1492.4635036085,0
IZS,60,20240605,170000,2.8465,2.8465,2.80777,2.83682,699.2372262581,0
IZS,60,20240606,100000,2.79809,2.79809,2.79809,2.79809,460.6496350238,0
IZS,60,20240606,110000,2.79809,2.8465,2.79809,2.83682,1976.8686130842,0
IZS,60,20240606,120000,2.83682,2.8465,2.83682,2.8465,1659.7846714871,0
IZS,60,20240606,130000,2.82714,2.82714,2.82714,2.82714,103.28467153000001,0
IZS,60,20240607,100000,2.82714,2.83682,2.82714,2.83682,1558.5656933877,0
IZS,60,20240607,120000,2.81746,2.81746,2.80777,2.80777,1156.788321136,0
IZS,60,20240607,140000,2.80777,2.80777,2.78841,2.78841,1301.386861278,0
IZS,60,20240607,150000,2.83682,2.83682,2.83682,2.83682,278.868613131,0
IZS,60,20240607,160000,2.83682,2.83682,2.83682,2.83682,5.1642335765,0
IZS,60,20240610,100000,2.82714,2.83682,2.82714,2.83682,580.4598539986,0
IZS,60,20240610,110000,2.83682,2.83682,2.83682,2.83682,36.149635035500005,0
IZS,60,20240610,130000,2.81746,2.82714,2.81746,2.82714,942.9890510689,0
IZS,60,20240610,150000,2.82714,2.83682,2.79809,2.83682,1566.8284671101,0
IZS,60,20240610,170000,2.80777,2.80777,2.79809,2.79809,2269.1642335141,0
IZS,60,20240611,100000,2.82714,2.82714,2.82714,2.82714,30.985401459000002,0
IZS,60,20240611,110000,2.79809,2.79809,2.79809,2.79809,103.28467153000001,0
IZS,60,20240611,120000,2.79809,2.79809,2.79809,2.79809,25.821167882500003,0
IZS,60,20240611,130000,2.79809,2.79809,2.79809,2.79809,206.56934306000002,0
IZS,60,20240611,140000,2.80777,2.80777,2.80777,2.80777,34.083941604900005,0
IZS,60,20240611,150000,2.80777,2.80777,2.80777,2.80777,72.29927007100001,0
IZS,60,20240611,160000,2.79809,2.79809,2.79809,2.79809,3924.81751814,0
IZS,60,20240611,170000,2.79809,2.79809,2.78841,2.79809,5272.6824816065,0
IZS,60,20240612,100000,2.80777,2.80777,2.79809,2.80777,4995.8795619061,0
IZS,60,20240612,110000,2.80777,2.80777,2.80777,2.80777,1190.8722627409002,0
IZS,60,20240612,120000,2.80777,2.80777,2.80777,2.80777,51.642335765000006,0
IZS,60,20240612,130000,2.80777,2.80777,2.79809,2.79809,103.28467153000001,0
IZS,60,20240612,140000,2.79809,2.79809,2.79809,2.79809,206.56934306000002,0
IZS,60,20240612,150000,2.82714,2.82714,2.82714,2.82714,103.28467153000001,0
IZS,60,20240612,160000,2.82714,2.82714,2.82714,2.82714,103.28467153000001,0
IZS,60,20240612,170000,2.82714,2.82714,2.82714,2.82714,258.21167882500004,0
IZS,60,20240613,100000,2.82714,2.82714,2.79809,2.79809,1131.9999999688,0
IZS,60,20240613,110000,2.82714,2.82714,2.82714,2.82714,154.927007295,0
IZS,60,20240613,120000,2.82714,2.82714,2.79809,2.79809,10147.7189778225,0
IZS,60,20240613,130000,2.78841,2.78841,2.78841,2.78841,103.28467153000001,0
IZS,60,20240613,140000,2.78841,2.78841,2.71095,2.74,10050.631386584,0
IZS,60,20240613,160000,2.77873,2.77873,2.73032,2.74,2748.4051094133,0
IZS,60,20240613,170000,2.74,2.74,2.73032,2.73032,3408.39416049,0
IZS,60,20240614,100000,2.73032,2.73032,2.73032,2.73032,1250.7773722283,0
IZS,60,20240614,110000,2.72064,2.72064,2.71095,2.71095,7279.5036494344,0
IZS,60,20240614,130000,2.72064,2.72064,2.71095,2.71095,1999.5912408208,0
IZS,60,20240614,140000,2.70127,2.71095,2.68191,2.68191,5716.8065691855,0
IZS,60,20240614,150000,2.69159,2.69159,2.69159,2.69159,5.1642335765,0
IZS,60,20240614,160000,2.68191,2.68191,2.67223,2.67223,2272.26277366,0
IZS,60,20240614,170000,2.67223,2.68191,2.66254,2.68191,7476.7773720567,0
IZS,60,20240617,100000,2.65286,2.73032,2.65286,2.73032,5592.8649633495,0
IZS,60,20240617,110000,2.71095,2.71095,2.70127,2.71095,237.554744519,0
IZS,60,20240617,120000,2.71095,2.73032,2.67223,2.67223,1502.7919707615,0
IZS,60,20240617,130000,2.72064,2.72064,2.72064,2.72064,25.821167882500003,0
IZS,60,20240617,140000,2.69159,2.69159,2.69159,2.69159,164.2226277327,0
IZS,60,20240617,150000,2.72064,2.72064,2.72064,2.72064,413.13868612000005,0
IZS,60,20240617,160000,2.72064,2.73032,2.72064,2.73032,367.6934306468,0
IZS,60,20240617,170000,2.70127,2.73032,2.69159,2.73032,254.08029196380002,0
IZS,60,20240618,100000,2.70127,2.73032,2.68191,2.68191,1600.912408715,0
IZS,60,20240618,110000,2.72064,2.72064,2.70127,2.70127,795.291970781,0
IZS,60,20240618,120000,2.72064,2.72064,2.72064,2.72064,774.635036475,0
IZS,60,20240618,130000,2.70127,2.70127,2.70127,2.70127,1032.8467153,0
IZS,60,20240618,140000,2.72064,2.72064,2.68191,2.68191,2864.0839415269,0
IZS,60,20240618,150000,2.69159,2.72064,2.69159,2.72064,1936.5875911875,0
IZS,60,20240618,160000,2.69159,2.69159,2.69159,2.69159,722.99270071,0
IZS,60,20240619,100000,2.71095,2.71095,2.71095,2.71095,206.56934306,0
IZS,60,20240619,110000,2.70127,2.70127,2.69159,2.69159,161.1240875868,0
IZS,60,20240619,120000,2.69159,2.69159,2.64318,2.64318,20057.883211126,0
IZS,60,20240619,130000,2.65286,2.66254,2.64318,2.66254,20161.167882656,0
IZS,60,20240619,140000,2.66254,2.66254,2.64318,2.66254,5484.416058243,0
IZS,60,20240619,160000,2.69159,2.69159,2.66254,2.66254,1323.0766422993001,0
IZS,60,20240619,170000,2.69159,2.69159,2.69159,2.69159,5.1642335765,0
IZS,60,20240620,100000,2.71095,2.71095,2.67223,2.67223,1362.3248174807,0
IZS,60,20240620,110000,2.68191,2.68191,2.68191,2.68191,516.4233576500001,0
IZS,60,20240620,130000,2.69159,2.70127,2.68191,2.68191,255.11313867910002,0
IZS,60,20240620,140000,2.68191,2.69159,2.68191,2.68191,312.95255473590004,0
IZS,60,20240620,150000,2.68191,2.70127,2.68191,2.70127,661.021897792,0
IZS,60,20240620,160000,2.70127,2.71095,2.70127,2.71095,1797.153284622,0
IZS,60,20240621,100000,2.71095,2.72064,2.71095,2.72064,1034.9124087306,0
IZS,60,20240621,110000,2.71095,2.71095,2.68191,2.68191,783.9306569127,0
IZS,60,20240621,130000,2.71095,2.71095,2.71095,2.71095,92.956204377,0
IZS,60,20240621,150000,2.69159,2.69159,2.69159,2.69159,545.3430656784001,0
IZS,60,20240624,100000,2.70127,2.71095,2.70127,2.71095,165.255474448,0
IZS,60,20240624,110000,2.70127,2.70127,2.66254,2.66254,1881.8467152766,0
IZS,60,20240624,120000,2.68191,2.68191,2.67223,2.67223,118.7773722595,0
IZS,60,20240624,130000,2.68191,2.68191,2.68191,2.68191,25.821167882500003,0
IZS,60,20240624,150000,2.68191,2.68191,2.68191,2.68191,79.5291970781,0
IZS,60,20240624,160000,2.68191,2.68191,2.67223,2.68191,1123.7372262464,0
IZS,60,20240624,170000,2.69159,2.70127,2.67223,2.70127,668.2518247991,0
IZS,60,20240625,100000,2.70127,2.71095,2.70127,2.71095,661.021897792,0
IZS,60,20240625,110000,2.69159,2.70127,2.69159,2.69159,2128.6970802333,0
IZS,60,20240625,120000,2.69159,2.69159,2.66254,2.67223,1333.4051094523,0
IZS,60,20240625,140000,2.69159,2.69159,2.67223,2.67223,34.0839416049,0
IZS,60,20240625,150000,2.67223,2.67223,2.67223,2.67223,371.824817508,0
IZS,60,20240625,160000,2.67223,2.69159,2.66254,2.69159,3852.518248069,0
IZS,60,20240626,100000,2.68191,2.69159,2.68191,2.69159,123.941605836,0
IZS,60,20240626,120000,2.69159,2.69159,2.69159,2.69159,3177.0364962628,0
IZS,60,20240626,130000,2.69159,2.69159,2.69159,2.69159,1061.7664233284,0
IZS,60,20240626,150000,2.69159,2.69159,2.69159,2.69159,10.328467153,0
IZS,60,20240626,160000,2.69159,2.70127,2.69159,2.70127,286.0985401381,0
IZS,60,20240626,170000,2.71095,2.71095,2.71095,2.71095,51.642335765000006,0
IZS,60,20240627,100000,2.71095,2.71095,2.70127,2.71095,3432.1496349419,0
IZS,60,20240627,110000,2.71095,2.73032,2.71095,2.72064,1601.9452554303,0
IZS,60,20240627,120000,2.72064,2.72064,2.70127,2.71095,1172.2810218655,0
IZS,60,20240627,130000,2.71095,2.71095,2.71095,2.71095,198.30656933760002,0
IZS,60,20240627,140000,2.70127,2.70127,2.70127,2.70127,99.15328466880001,0
IZS,60,20240627,160000,2.71095,2.71095,2.71095,2.71095,1738.2810218499,0
IZS,60,20240627,170000,2.72064,2.72064,2.70127,2.70127,538.1131386713,0
IZS,60,20240628,100000,2.71095,2.72064,2.68191,2.72064,6593.6934304752,0
IZS,60,20240628,110000,2.72064,2.72064,2.71095,2.71095,707.4999999805,0
IZS,60,20240628,120000,2.71095,2.71095,2.71095,2.71095,376.98905108450003,0
IZS,60,20240628,140000,2.71095,2.71095,2.71095,2.71095,34.083941604900005,0
IZS,60,20240628,150000,2.71095,2.72064,2.70127,2.70127,2006.8211678279001,0
IZS,60,20240628,160000,2.70127,2.73032,2.70127,2.73032,65.0693430639,0
IZS,60,20240628,170000,2.71095,2.71095,2.69159,2.69159,1880.8138685613,0
IZS,60,20240701,100000,2.70127,2.73032,2.69159,2.69159,2379.6788320512,0
IZS,60,20240701,110000,2.70127,2.72064,2.70127,2.70127,1239.41605836,0
IZS,60,20240701,120000,2.72064,2.72064,2.70127,2.72064,1074.160583912,0
IZS,60,20240701,130000,2.71095,2.71095,2.71095,2.71095,15.4927007295,0
IZS,60,20240701,140000,2.71095,2.73032,2.71095,2.73032,586.6569342904,0
IZS,60,20240701,150000,2.72064,2.73032,2.71095,2.73032,1274.5328466802,0
IZS,60,20240701,160000,2.73032,2.73032,2.72064,2.72064,1010.1240875634,0
IZS,60,20240701,170000,2.71095,2.71095,2.70127,2.70127,1342.70072989,0
IZS,60,20240702,100000,2.74,2.74968,2.74,2.74,6275.5766421628,0
IZS,60,20240702,110000,2.71095,2.71095,2.71095,2.71095,206.56934306000002,0
IZS,60,20240702,120000,2.72064,2.72064,2.70127,2.70127,309.85401459,0
IZS,60,20240702,130000,2.73032,2.73032,2.73032,2.73032,4131.3868612,0
IZS,60,20240702,140000,2.73032,2.74,2.73032,2.74,2775.2591240111,0
IZS,60,20240702,150000,2.74,2.74,2.73032,2.73032,680.6459853827,0
IZS,60,20240702,160000,2.73032,2.73032,2.73032,2.73032,967.7773722361001,0
IZS,60,20240702,170000,2.72064,2.74,2.72064,2.74,2527.3759123391,0
IZS,60,20240703,100000,2.77,2.79,2.77,2.77,2970,0
IZS,60,20240703,110000,2.77,2.77,2.75,2.75,34,0
IZS,60,20240703,120000,2.77,2.79,2.77,2.79,1271,0
IZS,60,20240703,140000,2.76,2.76,2.64,2.73,27660,0
IZS,60,20240703,150000,2.71,2.73,2.67,2.68,1865,0
IZS,60,20240703,160000,2.72,2.8,2.72,2.8,5759,0
IZS,60,20240703,170000,2.75,2.78,2.75,2.78,450,0
IZS,60,20240704,100000,2.79,2.79,2.7,2.7,3812,0
IZS,60,20240704,110000,2.7,2.74,2.68,2.74,7328,0
IZS,60,20240704,120000,2.73,2.74,2.69,2.74,650,0
IZS,60,20240704,130000,2.74,2.74,2.74,2.74,2105,0
IZS,60,20240704,140000,2.71,2.71,2.69,2.69,7464,0
IZS,60,20240704,150000,2.72,2.73,2.72,2.73,50,0
IZS,60,20240704,160000,2.73,2.73,2.71,2.71,628,0
IZS,60,20240704,170000,2.72,2.73,2.72,2.73,1900,0
IZS,60,20240705,100000,2.71,2.71,2.7,2.7,5,0
IZS,60,20240705,110000,2.72,2.73,2.66,2.73,6845,0
IZS,60,20240705,140000,2.72,2.73,2.72,2.73,140,0
IZS,60,20240705,160000,2.73,2.73,2.73,2.73,150,0
IZS,60,20240705,170000,2.69,2.69,2.69,2.69,300,0
IZS,60,20240708,100000,2.69,2.73,2.69,2.73,175,0
IZS,60,20240708,110000,2.73,2.73,2.73,2.73,368,0
IZS,60,20240708,120000,2.72,2.72,2.7,2.7,1300,0
IZS,60,20240708,140000,2.7,2.7,2.7,2.7,35,0
IZS,60,20240708,150000,2.73,2.73,2.73,2.73,100,0
IZS,60,20240708,160000,2.73,2.74,2.73,2.74,3033,0
IZS,60,20240708,170000,2.74,2.74,2.74,2.74,587,0
IZS,60,20240709,100000,2.72,2.74,2.69,2.71,7846,0
IZS,60,20240709,110000,2.72,2.72,2.72,2.72,7,0
IZS,60,20240709,120000,2.7,2.7,2.7,2.7,530,0
IZS,60,20240709,130000,2.69,2.69,2.68,2.68,3470,0
IZS,60,20240709,140000,2.72,2.72,2.72,2.72,100,0
IZS,60,20240709,170000,2.7,2.7,2.7,2.7,110,0
IZS,60,20240710,100000,2.7,2.7,2.7,2.7,3450,0
IZS,60,20240710,110000,2.7,2.72,2.7,2.72,265,0
IZS,60,20240710,120000,2.72,2.72,2.7,2.7,190,0
IZS,60,20240710,130000,2.7,2.7,2.7,2.7,450,0
IZS,60,20240710,140000,2.72,2.73,2.72,2.73,50,0
IZS,60,20240710,160000,2.73,2.74,2.73,2.74,7,0
IZS,60,20240710,170000,2.72,2.72,2.72,2.72,50,0
IZS,60,20240711,100000,2.7,2.71,2.7,2.71,5104,0
IZS,60,20240711,130000,2.72,2.72,2.72,2.72,4,0
IZS,60,20240712,100000,2.72,2.72,2.71,2.71,25,0
IZS,60,20240712,110000,2.71,2.72,2.71,2.72,1541,0
IZS,60,20240712,120000,2.73,2.73,2.73,2.73,1706,0
IZS,60,20240712,130000,2.73,2.73,2.73,2.73,2,0
IZS,60,20240712,140000,2.73,2.73,2.73,2.73,104,0
IZS,60,20240712,160000,2.73,2.73,2.73,2.73,10,0
IZS,60,20240715,100000,2.72,2.72,2.71,2.71,323,0
IZS,60,20240715,120000,2.72,2.72,2.68,2.68,1726,0
IZS,60,20240715,140000,2.72,2.73,2.72,2.73,148,0
IZS,60,20240715,150000,2.7,2.7,2.7,2.7,5,0
IZS,60,20240715,160000,2.7,2.7,2.7,2.7,565,0
IZS,60,20240716,110000,2.72,2.72,2.68,2.68,981,0
IZS,60,20240716,130000,2.73,2.73,2.68,2.68,2550,0
IZS,60,20240716,150000,2.69,2.69,2.68,2.68,1964,0
IZS,60,20240716,160000,2.68,2.73,2.68,2.71,2332,0
IZS,60,20240716,170000,2.71,2.73,2.71,2.73,10,0
IZS,60,20240717,100000,2.7,2.75,2.67,2.72,7011,0
IZS,60,20240717,110000,2.71,2.73,2.71,2.73,3929,0
IZS,60,20240717,120000,2.73,2.73,2.73,2.73,4000,0
IZS,60,20240717,140000,2.72,2.74,2.72,2.72,715,0
IZS,60,20240717,150000,2.72,2.72,2.72,2.72,1495,0
IZS,60,20240717,160000,2.72,2.72,2.72,2.72,5,0
IZS,60,20240717,170000,2.73,2.75,2.73,2.75,845,0
IZS,60,20240718,100000,2.74,2.79,2.72,2.79,3052,0
IZS,60,20240718,110000,2.78,2.79,2.78,2.79,201,0
IZS,60,20240718,120000,2.77,2.77,2.76,2.76,18041,0
IZS,60,20240718,130000,2.76,2.78,2.75,2.78,305,0
IZS,60,20240718,140000,2.79,2.79,2.76,2.79,1168,0
IZS,60,20240718,150000,2.79,2.79,2.79,2.79,444,0
IZS,60,20240718,160000,2.78,2.8,2.78,2.8,735,0
IZS,60,20240718,170000,2.78,2.79,2.78,2.79,61,0
IZS,60,20240719,100000,2.8,2.82,2.76,2.76,8688,0
IZS,60,20240719,110000,2.76,2.86,2.76,2.79,11283,0
IZS,60,20240719,120000,2.85,2.86,2.81,2.86,2534,0
IZS,60,20240719,130000,2.85,2.88,2.81,2.81,6389,0
IZS,60,20240719,140000,2.86,2.86,2.81,2.81,745,0
IZS,60,20240719,150000,2.81,2.86,2.81,2.85,3651,0
IZS,60,20240719,160000,2.86,2.87,2.86,2.87,502,0
IZS,60,20240719,170000,2.87,2.87,2.86,2.86,1100,0
IZS,60,20240722,100000,2.86,2.94,2.86,2.94,27392,0
IZS,60,20240722,110000,2.94,2.95,2.89,2.94,4387,0
IZS,60,20240722,120000,2.93,2.93,2.93,2.93,5000,0
IZS,60,20240722,130000,2.93,2.93,2.88,2.93,4328,0
IZS,60,20240722,140000,2.92,2.92,2.92,2.92,350,0
IZS,60,20240722,150000,2.9,2.91,2.9,2.91,52,0
IZS,60,20240722,160000,2.91,2.91,2.91,2.91,160,0
IZS,60,20240722,170000,2.92,2.94,2.9,2.94,8447,0
IZS,60,20240723,100000,2.95,2.95,2.9,2.9,5953,0
IZS,60,20240723,110000,2.9,2.9,2.89,2.89,337,0
IZS,60,20240723,120000,2.9,2.9,2.88,2.88,1500,0
IZS,60,20240723,130000,2.89,2.89,2.88,2.88,750,0
IZS,60,20240723,140000,2.9,2.9,2.84,2.9,13811,0
IZS,60,20240723,150000,2.9,2.9,2.87,2.87,2900,0
IZS,60,20240723,160000,2.86,2.87,2.85,2.85,6563,0
IZS,60,20240723,170000,2.86,2.86,2.85,2.85,842,0
IZS,60,20240724,100000,2.86,2.86,2.85,2.85,400,0
IZS,60,20240724,110000,2.84,2.84,2.82,2.82,1466,0
IZS,60,20240724,120000,2.82,2.82,2.82,2.82,450,0
IZS,60,20240724,130000,2.84,2.84,2.84,2.84,1000,0
IZS,60,20240724,140000,2.84,2.84,2.84,2.84,200,0
IZS,60,20240724,150000,2.83,2.83,2.77,2.83,8040,0
IZS,60,20240724,170000,2.79,2.83,2.79,2.83,147,0
IZS,60,20240725,100000,2.8,2.8,2.78,2.78,165,0
IZS,60,20240725,110000,2.8,2.8,2.79,2.79,2094,0
IZS,60,20240725,120000,2.8,2.84,2.79,2.84,1695,0
IZS,60,20240725,130000,2.84,2.84,2.84,2.84,100,0
IZS,60,20240725,140000,2.8,2.8,2.8,2.8,100,0
IZS,60,20240725,150000,2.79,2.79,2.79,2.79,3615,0
IZS,60,20240725,160000,2.79,2.82,2.78,2.82,820,0
IZS,60,20240725,170000,2.78,2.82,2.76,2.82,1969,0
IZS,60,20240726,100000,2.78,2.85,2.78,2.85,1511,0
IZS,60,20240726,110000,2.85,2.88,2.85,2.88,1436,0
IZS,60,20240726,120000,2.88,2.89,2.86,2.86,293,0
IZS,60,20240726,140000,2.86,2.86,2.85,2.85,1598,0
IZS,60,20240726,160000,2.83,2.85,2.76,2.85,5214,0
IZS,60,20240729,100000,2.84,2.86,2.84,2.86,2538,0
IZS,60,20240729,120000,2.85,2.86,2.85,2.86,3465,0
IZS,60,20240729,140000,2.86,2.86,2.82,2.82,34,0
IZS,60,20240729,170000,2.86,2.86,2.86,2.86,1430,0
IZS,60,20240730,100000,2.86,2.86,2.86,2.86,4,0
IZS,60,20240730,110000,2.84,2.86,2.84,2.86,180,0
IZS,60,20240730,120000,2.85,2.86,2.83,2.83,2301,0
IZS,60,20240730,140000,2.86,2.86,2.81,2.81,1972,0
IZS,60,20240730,160000,2.83,2.83,2.83,2.83,395,0
IZS,60,20240730,170000,2.85,2.87,2.83,2.87,611,0
IZS,60,20240731,100000,2.88,2.88,2.8,2.8,5087,0
IZS,60,20240731,120000,2.81,2.87,2.81,2.86,2913,0
IZS,60,20240731,150000,2.86,2.86,2.86,2.86,1711,0
IZS,60,20240731,170000,2.87,2.87,2.86,2.86,1293,0
IZS,60,20240801,100000,2.83,2.83,2.82,2.83,705,0
IZS,60,20240801,110000,2.85,2.85,2.82,2.82,2436,0
IZS,60,20240801,120000,2.82,2.85,2.8,2.85,1873,0
IZS,60,20240801,140000,2.84,2.84,2.84,2.84,10,0
IZS,60,20240801,160000,2.82,2.82,2.8,2.8,7077,0
IZS,60,20240801,170000,2.82,2.82,2.78,2.78,2236,0
IZS,60,20240802,100000,2.78,2.79,2.78,2.78,1000,0
IZS,60,20240802,110000,2.78,2.88,2.78,2.87,7414,0
IZS,60,20240802,120000,2.86,2.86,2.8,2.8,752,0
IZS,60,20240802,130000,2.8,2.8,2.8,2.8,337,0
IZS,60,20240802,140000,2.79,2.8,2.78,2.78,1042,0
IZS,60,20240802,150000,2.78,2.78,2.78,2.78,200,0
IZS,60,20240802,160000,2.78,2.78,2.78,2.78,50,0
IZS,60,20240805,100000,2.76,2.76,2.65,2.65,18635,0
IZS,60,20240805,110000,2.66,2.7,2.66,2.67,284,0
IZS,60,20240805,120000,2.7,2.7,2.62,2.63,23714,0
IZS,60,20240805,130000,2.64,2.71,2.64,2.66,3855,0
IZS,60,20240805,140000,2.7,2.72,2.7,2.72,1200,0
IZS,60,20240805,150000,2.66,2.66,2.64,2.64,420,0
IZS,60,20240805,160000,2.65,2.72,2.64,2.72,950,0
IZS,60,20240805,170000,2.67,2.7,2.65,2.7,202,0
IZS,60,20240806,100000,2.66,2.72,2.66,2.7,1210,0
IZS,60,20240806,110000,2.7,2.72,2.7,2.72,596,0
IZS,60,20240806,120000,2.71,2.72,2.71,2.72,100,0
IZS,60,20240806,130000,2.69,2.69,2.69,2.69,18,0
IZS,60,20240806,140000,2.69,2.69,2.69,2.69,4,0
IZS,60,20240806,150000,2.68,2.68,2.68,2.68,12,0
IZS,60,20240806,160000,2.68,2.69,2.67,2.67,881,0
IZS,60,20240806,170000,2.67,2.68,2.66,2.68,4943,0
IZS,60,20240807,100000,2.7,2.72,2.7,2.72,577,0
IZS,60,20240807,110000,2.71,2.74,2.66,2.66,3845,0
IZS,60,20240807,130000,2.67,2.7,2.67,2.7,102,0
IZS,60,20240807,140000,2.7,2.73,2.7,2.73,7117,0
IZS,60,20240807,150000,2.72,2.73,2.72,2.73,350,0
IZS,60,20240807,160000,2.73,2.73,2.73,2.73,4,0
IZS,60,20240807,170000,2.73,2.73,2.73,2.73,30,0
IZS,60,20240808,100000,2.7,2.72,2.7,2.7,3228,0
IZS,60,20240808,120000,2.69,2.69,2.68,2.69,405,0
IZS,60,20240808,130000,2.69,2.73,2.69,2.73,1804,0
IZS,60,20240808,150000,2.7,2.7,2.7,2.7,1000,0
IZS,60,20240808,160000,2.72,2.72,2.72,2.72,12,0
IZS,60,20240808,170000,2.71,2.72,2.71,2.71,24,0
IZS,60,20240809,100000,2.7,2.7,2.7,2.7,882,0
IZS,60,20240809,120000,2.7,2.7,2.7,2.7,5,0
IZS,60,20240809,150000,2.7,2.72,2.7,2.72,615,0
IZS,60,20240812,100000,2.71,2.72,2.71,2.72,1004,0
IZS,60,20240812,110000,2.72,2.72,2.72,2.72,658,0
IZS,60,20240812,120000,2.72,2.72,2.72,2.72,500,0
IZS,60,20240812,130000,2.73,2.73,2.73,2.73,140,0
IZS,60,20240812,140000,2.73,2.74,2.73,2.74,595,0
IZS,60,20240812,160000,2.73,2.75,2.73,2.75,1431,0
IZS,60,20240812,170000,2.74,2.75,2.74,2.75,1058,0
IZS,60,20240813,100000,2.74,2.76,2.74,2.76,4428,0
IZS,60,20240813,150000,2.75,2.76,2.75,2.76,100,0
IZS,60,20240813,160000,2.75,2.76,2.75,2.76,281,0
IZS,60,20240813,170000,2.74,2.76,2.72,2.76,710,0
IZS,60,20240814,100000,2.75,2.75,2.7,2.7,1410,0
IZS,60,20240814,110000,2.71,2.71,2.71,2.71,30,0
IZS,60,20240814,130000,2.71,2.71,2.71,2.71,600,0
IZS,60,20240814,150000,2.72,2.75,2.72,2.75,1304,0
IZS,60,20240816,100000,2.72,2.72,2.72,2.72,500,0
IZS,60,20240816,110000,2.72,2.75,2.72,2.75,1050,0
IZS,60,20240816,120000,2.75,2.75,2.75,2.75,10,0
IZS,60,20240816,130000,2.75,2.75,2.73,2.73,217,0
IZS,60,20240816,140000,2.73,2.73,2.73,2.73,540,0
IZS,60,20240816,160000,2.73,2.73,2.73,2.73,1005,0
IZS,60,20240816,170000,2.73,2.73,2.73,2.73,550,0
IZS,60,20240819,100000,2.73,2.75,2.72,2.75,6777,0
IZS,60,20240819,110000,2.72,2.72,2.72,2.72,1500,0
IZS,60,20240819,120000,2.72,2.72,2.72,2.72,1440,0
IZS,60,20240819,150000,2.72,2.73,2.72,2.73,1200,0
IZS,60,20240819,160000,2.73,2.73,2.73,2.73,1800,0
IZS,60,20240819,170000,2.74,2.74,2.74,2.74,4618,0
IZS,60,20240820,100000,2.71,2.72,2.71,2.72,1962,0
IZS,60,20240820,110000,2.72,2.72,2.72,2.72,1849,0
IZS,60,20240820,120000,2.74,2.74,2.74,2.74,2000,0
IZS,60,20240820,130000,2.7,2.7,2.7,2.7,435,0
IZS,60,20240820,150000,2.71,2.71,2.71,2.71,40,0
IZS,60,20240820,160000,2.71,2.71,2.71,2.71,10,0
IZS,60,20240820,170000,2.73,2.73,2.73,2.73,247,0
IZS,60,20240821,100000,2.73,2.74,2.7,2.7,2287,0
IZS,60,20240821,110000,2.73,2.73,2.73,2.73,5,0
IZS,60,20240821,120000,2.73,2.73,2.73,2.73,4,0
IZS,60,20240821,160000,2.71,2.72,2.71,2.72,426,0
IZS,60,20240822,100000,2.72,2.72,2.71,2.71,2300,0
IZS,60,20240822,110000,2.72,2.72,2.72,2.72,2100,0
IZS,60,20240822,120000,2.71,2.75,2.7,2.75,2494,0
IZS,60,20240822,130000,2.74,2.77,2.74,2.75,2288,0
IZS,60,20240822,140000,2.75,2.75,2.75,2.75,718,0
IZS,60,20240822,150000,2.72,2.72,2.72,2.72,1252,0
IZS,60,20240822,170000,2.75,2.77,2.75,2.77,284,0
IZS,60,20240823,100000,2.7,2.7,2.7,2.7,11783,0
IZS,60,20240823,120000,2.71,2.74,2.7,2.74,6944,0
IZS,60,20240823,150000,2.72,2.72,2.71,2.71,1000,0
IZS,60,20240823,160000,2.71,2.71,2.71,2.71,17,0
IZS,60,20240823,170000,2.76,2.76,2.76,2.76,750,0
IZS,60,20240826,100000,2.72,2.72,2.71,2.71,1180,0
IZS,60,20240826,110000,2.71,2.71,2.71,2.71,1855,0
IZS,60,20240826,120000,2.7,2.7,2.7,2.7,631,0
IZS,60,20240826,140000,2.72,2.74,2.72,2.74,5260,0
IZS,60,20240826,150000,2.74,2.74,2.73,2.73,250,0
IZS,60,20240826,160000,2.73,2.73,2.73,2.73,1000,0
IZS,60,20240826,170000,2.72,2.74,2.72,2.74,5010,0
IZS,60,20240827,100000,2.72,2.72,2.7,2.7,6000,0
IZS,60,20240827,110000,2.73,2.73,2.73,2.73,200,0
IZS,60,20240827,120000,2.71,2.71,2.71,2.71,714,0
IZS,60,20240827,160000,2.71,2.73,2.71,2.73,6960,0
IZS,60,20240827,170000,2.72,2.74,2.72,2.74,1210,0
IZS,60,20240828,100000,2.74,2.75,2.74,2.75,1430,0
IZS,60,20240828,160000,2.74,2.75,2.71,2.71,3437,0
IZS,60,20240828,170000,2.71,2.75,2.71,2.75,11,0
IZS,60,20240829,100000,2.75,2.75,2.71,2.74,1250,0
IZS,60,20240829,110000,2.74,2.74,2.74,2.74,800,0
IZS,60,20240829,120000,2.75,2.75,2.75,2.75,10,0
IZS,60,20240829,140000,2.75,2.75,2.75,2.75,90,0
IZS,60,20240829,150000,2.74,2.74,2.7,2.7,18500,0
IZS,60,20240829,160000,2.74,2.74,2.74,2.74,50,0
IZS,60,20240830,120000,2.73,2.74,2.73,2.74,50,0
IZS,60,20240830,150000,2.71,2.71,2.71,2.71,700,0
IZS,60,20240830,170000,2.7,2.7,2.7,2.7,570,0
IZS,60,20240902,100000,2.7,2.76,2.7,2.76,2216,0
IZS,60,20240902,110000,2.74,2.74,2.74,2.74,314,0
IZS,60,20240902,120000,2.76,2.77,2.76,2.77,1000,0
IZS,60,20240902,130000,2.76,2.77,2.76,2.77,2000,0
IZS,60,20240902,140000,2.75,2.77,2.75,2.77,609,0
IZS,60,20240902,150000,2.74,2.74,2.74,2.74,3,0
IZS,60,20240902,160000,2.74,2.77,2.74,2.77,604,0
IZS,60,20240903,100000,2.75,2.75,2.73,2.73,58,0
IZS,60,20240903,110000,2.73,2.73,2.73,2.73,95,0
IZS,60,20240903,120000,2.74,2.75,2.74,2.75,265,0
IZS,60,20240903,130000,2.73,2.75,2.73,2.75,1734,0
IZS,60,20240903,150000,2.74,2.74,2.74,2.74,8,0
IZS,60,20240903,170000,2.71,2.71,2.71,2.71,1000,0
IZS,60,20240904,120000,2.71,2.71,2.71,2.71,131,0
IZS,60,20240904,130000,2.71,2.71,2.71,2.71,69,0
IZS,60,20240904,170000,2.71,2.72,2.71,2.72,630,0
IZS,60,20240905,100000,2.7,2.7,2.69,2.7,2100,0
IZS,60,20240905,110000,2.7,2.7,2.7,2.7,1500,0
IZS,60,20240905,160000,2.7,2.7,2.7,2.7,507,0
IZS,60,20240905,170000,2.7,2.7,2.7,2.7,400,0
IZS,60,20240906,100000,2.7,2.71,2.69,2.71,280,0
IZS,60,20240906,110000,2.71,2.71,2.71,2.71,5,0
IZS,60,20240906,140000,2.71,2.71,2.71,2.71,10,0
IZS,60,20240906,150000,2.71,2.71,2.71,2.71,426,0
IZS,60,20240909,100000,2.72,2.72,2.72,2.72,5,0
IZS,60,20240909,110000,2.69,2.71,2.69,2.71,40,0
IZS,60,20240909,130000,2.7,2.7,2.68,2.68,1503,0
IZS,60,20240909,150000,2.69,2.69,2.68,2.68,200,0
IZS,60,20240909,170000,2.7,2.71,2.69,2.69,1247,0
IZS,60,20240910,100000,2.71,2.71,2.71,2.71,7,0
IZS,60,20240910,110000,2.71,2.71,2.71,2.71,50,0
IZS,60,20240910,120000,2.69,2.69,2.68,2.68,610,0
IZS,60,20240910,140000,2.7,2.7,2.67,2.67,554,0
IZS,60,20240910,160000,2.67,2.67,2.67,2.67,21,0
IZS,60,20240911,100000,2.68,2.68,2.68,2.68,122,0
IZS,60,20240911,120000,2.69,2.7,2.68,2.68,15,0
IZS,60,20240911,130000,2.7,2.7,2.69,2.7,10,0
IZS,60,20240911,140000,2.68,2.68,2.68,2.68,4398,0
IZS,60,20240911,170000,2.68,2.69,2.68,2.69,14,0
IZS,60,20240912,100000,2.69,2.69,2.69,2.69,53,0
IZS,60,20240912,120000,2.69,2.69,2.69,2.69,20,0
IZS,60,20240912,130000,2.71,2.71,2.71,2.71,41,0
IZS,60,20240912,150000,2.7,2.72,2.7,2.72,630,0
IZS,60,20240912,170000,2.71,2.71,2.71,2.71,180,0
IZS,60,20240913,100000,2.7,2.7,2.7,2.7,100,0
IZS,60,20240913,130000,2.7,2.72,2.7,2.72,55,0
IZS,60,20240913,150000,2.7,2.7,2.7,2.7,500,0
IZS,60,20240913,170000,2.69,2.69,2.69,2.69,133,0
IZS,60,20240916,100000,2.69,2.69,2.69,2.69,285,0
IZS,60,20240916,120000,2.71,2.71,2.71,2.71,4,0
IZS,60,20240916,150000,2.71,2.71,2.71,2.71,4,0
IZS,60,20240917,100000,2.7,2.72,2.68,2.71,2764,0
IZS,60,20240917,110000,2.69,2.69,2.68,2.68,40,0
IZS,60,20240917,120000,2.68,2.68,2.66,2.66,8297,0
IZS,60,20240917,170000,2.67,2.69,2.66,2.69,155,0
IZS,60,20240918,100000,2.69,2.69,2.65,2.65,10055,0
IZS,60,20240918,110000,2.65,2.65,2.63,2.63,3000,0
IZS,60,20240918,160000,2.66,2.66,2.65,2.65,1050,0
IZS,60,20240919,100000,2.67,2.68,2.67,2.68,210,0
IZS,60,20240919,110000,2.67,2.67,2.65,2.65,431,0
IZS,60,20240919,140000,2.65,2.68,2.63,2.63,1901,0
IZS,60,20240919,170000,2.66,2.66,2.66,2.66,300,0
IZS,60,20240920,100000,2.64,2.66,2.64,2.66,9,0
IZS,60,20240920,130000,2.66,2.66,2.66,2.66,500,0
IZS,60,20240920,140000,2.65,2.65,2.65,2.65,4,0
IZS,60,20240920,170000,2.65,2.65,2.65,2.65,11,0
IZS,60,20240923,100000,2.64,2.64,2.63,2.63,500,0
IZS,60,20240923,110000,2.63,2.66,2.62,2.66,13898,0
IZS,60,20240923,130000,2.66,2.66,2.66,2.66,8,0
IZS,60,20240923,160000,2.66,2.66,2.66,2.66,43,0
IZS,60,20240924,100000,2.65,2.66,2.63,2.66,1265,0
IZS,60,20240924,110000,2.66,2.66,2.66,2.66,17,0
IZS,60,20240924,120000,2.65,2.66,2.63,2.63,810,0
IZS,60,20240924,130000,2.66,2.66,2.66,2.66,450,0
IZS,60,20240924,140000,2.64,2.66,2.64,2.66,1005,0
IZS,60,20240924,160000,2.63,2.63,2.63,2.63,376,0
IZS,60,20240924,170000,2.63,2.66,2.62,2.66,1990,0
IZS,60,20240925,100000,2.66,2.66,2.58,2.58,17122,0
IZS,60,20240925,110000,2.65,2.65,2.65,2.65,14,0
IZS,60,20240925,120000,2.61,2.61,2.59,2.59,1695,0
IZS,60,20240925,130000,2.62,2.64,2.59,2.59,17,0
IZS,60,20240925,150000,2.61,2.61,2.61,2.61,748,0
IZS,60,20240925,160000,2.61,2.63,2.61,2.63,260,0
IZS,60,20240926,100000,2.62,2.64,2.59,2.59,1260,0
IZS,60,20240926,110000,2.59,2.61,2.58,2.61,1969,0
IZS,60,20240926,120000,2.61,2.61,2.61,2.61,50,0
IZS,60,20240926,130000,2.59,2.61,2.58,2.61,2756,0
IZS,60,20240926,140000,2.61,2.63,2.61,2.63,10,0
IZS,60,20240926,160000,2.63,2.63,2.63,2.63,5,0
IZS,60,20240926,170000,2.63,2.63,2.63,2.63,868,0
IZS,60,20240927,100000,2.63,2.63,2.63,2.63,5,0
IZS,60,20240927,110000,2.63,2.63,2.63,2.63,5,0
IZS,60,20240927,140000,2.63,2.63,2.63,2.63,4,0
IZS,60,20240927,150000,2.63,2.64,2.63,2.64,520,0
IZS,60,20240927,170000,2.6,2.64,2.58,2.64,1220,0
IZS,60,20240930,100000,2.6,2.64,2.58,2.64,415,0
IZS,60,20240930,110000,2.63,2.63,2.62,2.62,505,0
IZS,60,20240930,140000,2.61,2.63,2.61,2.63,499,0
IZS,60,20240930,160000,2.63,2.63,2.63,2.63,5,0
IZS,60,20240930,170000,2.63,2.63,2.63,2.63,5,0
IZS,60,20241001,100000,2.63,2.63,2.61,2.61,19,0
IZS,60,20241001,130000,2.63,2.63,2.63,2.63,5,0
IZS,60,20241001,170000,2.61,2.64,2.6,2.64,2027,0
IZS,60,20241002,100000,2.63,2.63,2.6,2.6,375,0
IZS,60,20241002,120000,2.6,2.6,2.6,2.6,40,0
IZS,60,20241002,130000,2.63,2.63,2.6,2.6,11,0
IZS,60,20241002,140000,2.63,2.63,2.63,2.63,399,0
IZS,60,20241002,170000,2.6,2.6,2.6,2.6,5,0
IZS,60,20241003,100000,2.63,2.65,2.63,2.65,752,0
IZS,60,20241003,120000,2.64,2.64,2.63,2.63,221,0
IZS,60,20241003,130000,2.63,2.63,2.63,2.63,200,0
IZS,60,20241003,160000,2.64,2.64,2.64,2.64,111,0
IZS,60,20241003,170000,2.64,2.65,2.61,2.61,1943,0
IZS,60,20241004,100000,2.64,2.65,2.6,2.6,3567,0
IZS,60,20241004,130000,2.63,2.63,2.63,2.63,271,0
IZS,60,20241004,140000,2.6,2.6,2.52,2.57,10363,0
IZS,60,20241004,150000,2.61,2.62,2.61,2.61,311,0
IZS,60,20241004,160000,2.61,2.61,2.61,2.61,763,0
IZS,60,20241004,170000,2.61,2.61,2.61,2.61,1040,0
IZS,60,20241007,100000,2.61,2.61,2.53,2.53,1928,0
IZS,60,20241007,110000,2.58,2.6,2.58,2.6,20,0
IZS,60,20241007,150000,2.58,2.6,2.58,2.6,100,0
IZS,60,20241007,160000,2.59,2.59,2.57,2.57,505,0
IZS,60,20241007,170000,2.6,2.6,2.6,2.6,15,0
IZS,60,20241008,100000,2.56,2.62,2.56,2.62,1303,0
IZS,60,20241008,110000,2.58,2.58,2.57,2.57,705,0
IZS,60,20241008,120000,2.61,2.62,2.61,2.62,1992,0
IZS,60,20241008,130000,2.62,2.62,2.62,2.62,605,0
IZS,60,20241008,140000,2.62,2.62,2.62,2.62,5,0
IZS,60,20241008,150000,2.62,2.62,2.62,2.62,10,0
IZS,60,20241008,160000,2.63,2.64,2.63,2.64,559,0
IZS,60,20241008,170000,2.64,2.64,2.57,2.6,4060,0
IZS,60,20241009,100000,2.6,2.63,2.6,2.63,1517,0
IZS,60,20241009,110000,2.62,2.62,2.62,2.62,16,0
IZS,60,20241009,120000,2.63,2.63,2.62,2.62,269,0
IZS,60,20241009,130000,2.63,2.63,2.63,2.63,200,0
IZS,60,20241009,170000,2.6,2.6,2.6,2.6,6,0
IZS,60,20241010,100000,2.62,2.62,2.6,2.6,5199,0
IZS,60,20241010,110000,2.6,2.6,2.6,2.6,1806,0
IZS,60,20241010,120000,2.6,2.6,2.6,2.6,1194,0
IZS,60,20241010,130000,2.6,2.6,2.6,2.6,1706,0
IZS,60,20241010,150000,2.6,2.6,2.6,2.6,98,0
IZS,60,20241010,160000,2.61,2.61,2.6,2.6,426,0
IZS,60,20241010,170000,2.6,2.6,2.6,2.6,4,0
IZS,60,20241011,100000,2.61,2.61,2.61,2.61,55,0
IZS,60,20241011,150000,2.61,2.61,2.61,2.61,5,0
IZS,60,20241011,160000,2.61,2.65,2.6,2.65,3911,0
IZS,60,20241011,170000,2.65,2.65,2.65,2.65,35,0
IZS,60,20241014,100000,2.61,2.61,2.61,2.61,1196,0
IZS,60,20241014,110000,2.62,2.62,2.62,2.62,120,0
IZS,60,20241014,120000,2.61,2.61,2.61,2.61,710,0
IZS,60,20241014,130000,2.63,2.63,2.6,2.63,1205,0
IZS,60,20241014,140000,2.63,2.65,2.63,2.65,2895,0
IZS,60,20241014,160000,2.63,2.63,2.63,2.63,551,0
IZS,60,20241015,100000,2.63,2.63,2.61,2.63,5829,0
IZS,60,20241015,110000,2.63,2.64,2.63,2.64,1480,0
IZS,60,20241015,120000,2.63,2.63,2.63,2.63,1495,0
IZS,60,20241015,130000,2.63,2.64,2.63,2.64,10,0
IZS,60,20241015,140000,2.62,2.62,2.62,2.62,3469,0
IZS,60,20241015,160000,2.62,2.65,2.61,2.62,378,0
IZS,60,20241015,170000,2.65,2.65,2.65,2.65,110,0
IZS,60,20241016,100000,2.65,2.65,2.65,2.65,525,0
IZS,60,20241016,160000,2.63,2.64,2.62,2.62,884,0
IZS,60,20241016,170000,2.62,2.62,2.6,2.61,2521,0
IZS,60,20241017,100000,2.62,2.63,2.62,2.63,300,0
IZS,60,20241017,110000,2.63,2.63,2.63,2.63,3750,0
IZS,60,20241017,130000,2.62,2.62,2.62,2.62,1902,0
IZS,60,20241017,140000,2.62,2.62,2.62,2.62,96,0
IZS,60,20241017,150000,2.62,2.64,2.62,2.62,4389,0
IZS,60,20241017,160000,2.62,2.62,2.61,2.61,440,0
IZS,60,20241017,170000,2.61,2.64,2.61,2.64,530,0
IZS,60,20241018,100000,2.64,2.64,2.63,2.63,8,0
IZS,60,20241018,110000,2.63,2.63,2.61,2.61,8,0
IZS,60,20241018,120000,2.64,2.66,2.64,2.66,595,0
IZS,60,20241018,170000,2.64,2.64,2.64,2.64,1,0
IZS,60,20241021,100000,2.64,2.64,2.64,2.64,203,0
IZS,60,20241021,120000,2.62,2.62,2.62,2.62,2000,0
IZS,60,20241021,130000,2.63,2.63,2.63,2.63,5,0
IZS,60,20241021,140000,2.62,2.62,2.62,2.62,6,0
IZS,60,20241021,150000,2.63,2.63,2.63,2.63,2,0
IZS,60,20241021,170000,2.64,2.65,2.62,2.65,2160,0
IZS,60,20241022,100000,2.65,2.65,2.64,2.64,50,0
IZS,60,20241022,120000,2.64,2.64,2.64,2.64,5,0
IZS,60,20241022,150000,2.64,2.65,2.64,2.65,8,0
IZS,60,20241022,160000,2.64,2.64,2.64,2.64,10,0
IZS,60,20241022,170000,2.63,2.64,2.62,2.64,1860,0
IZS,60,20241023,100000,2.62,2.62,2.59,2.62,5004,0
IZS,60,20241023,110000,2.62,2.62,2.62,2.62,5,0
IZS,60,20241023,120000,2.6,2.6,2.59,2.59,891,0
IZS,60,20241023,140000,2.63,2.63,2.63,2.63,33,0
IZS,60,20241023,170000,2.61,2.61,2.61,2.61,10,0
IZS,60,20241024,100000,2.62,2.62,2.62,2.62,125,0
IZS,60,20241024,110000,2.63,2.63,2.63,2.63,5,0
IZS,60,20241024,160000,2.62,2.62,2.61,2.61,5,0
IZS,60,20241024,170000,2.61,2.61,2.61,2.61,4,0
IZS,60,20241025,100000,2.61,2.61,2.61,2.61,125,0
IZS,60,20241025,130000,2.63,2.63,2.63,2.63,20,0
IZS,60,20241025,150000,2.63,2.63,2.63,2.63,1030,0
IZS,60,20241025,160000,2.63,2.63,2.63,2.63,35,0
IZS,60,20241025,170000,2.64,2.64,2.63,2.63,116,0
IZS,60,20241028,100000,2.62,2.62,2.61,2.62,2890,0
IZS,60,20241028,170000,2.62,2.63,2.61,2.63,1560,0
IZS,60,20241029,100000,2.63,2.63,2.62,2.63,94,0
IZS,60,20241029,110000,2.63,2.64,2.63,2.64,1543,0
IZS,60,20241029,120000,2.64,2.64,2.64,2.64,500,0
IZS,60,20241029,130000,2.62,2.62,2.62,2.62,1500,0
IZS,60,20241029,140000,2.62,2.62,2.62,2.62,10,0
IZS,60,20241029,150000,2.62,2.66,2.62,2.66,8069,0
IZS,60,20241029,160000,2.65,2.65,2.64,2.65,4294,0
IZS,60,20241029,170000,2.65,2.68,2.65,2.68,2387,0
IZS,60,20241030,100000,2.65,2.65,2.65,2.65,17,0
IZS,60,20241030,120000,2.65,2.65,2.63,2.63,1462,0
IZS,60,20241030,160000,2.63,2.63,2.63,2.63,425,0
IZS,60,20241030,170000,2.62,2.66,2.6,2.62,3089,0
IZS,60,20241031,100000,2.63,2.63,2.63,2.63,100,0
IZS,60,20241031,110000,2.64,2.64,2.64,2.64,600,0
IZS,60,20241031,120000,2.63,2.63,2.63,2.63,18,0
IZS,60,20241031,140000,2.63,2.63,2.63,2.63,260,0
IZS,60,20241031,150000,2.62,2.62,2.62,2.62,500,0
IZS,60,20241031,160000,2.62,2.62,2.62,2.62,5,0
IZS,60,20241104,100000,2.63,2.63,2.63,2.63,631,0
IZS,60,20241104,110000,2.63,2.63,2.61,2.63,1587,0
IZS,60,20241104,140000,2.62,2.62,2.62,2.62,5,0
IZS,60,20241104,150000,2.63,2.63,2.63,2.63,250,0
IZS,60,20241104,160000,2.63,2.63,2.63,2.63,30,0
IZS,60,20241104,170000,2.61,2.63,2.61,2.61,727,0
IZS,60,20241105,120000,2.63,2.65,2.63,2.65,822,0
IZS,60,20241105,170000,2.63,2.63,2.62,2.62,1128,0
IZS,60,20241106,100000,2.64,2.64,2.64,2.64,10,0
IZS,60,20241106,120000,2.62,2.62,2.62,2.62,31,0
IZS,60,20241107,100000,2.62,2.62,2.59,2.6,2824,0
IZS,60,20241107,120000,2.61,2.62,2.61,2.62,342,0
IZS,60,20241107,130000,2.61,2.61,2.61,2.61,5,0
IZS,60,20241107,160000,2.6,2.6,2.6,2.6,705,0
IZS,60,20241107,170000,2.62,2.62,2.62,2.62,81,0
IZS,60,20241108,100000,2.62,2.62,2.59,2.59,3560,0
IZS,60,20241108,120000,2.61,2.61,2.61,2.61,5,0
IZS,60,20241108,130000,2.62,2.62,2.62,2.62,64,0
IZS,60,20241108,140000,2.61,2.61,2.61,2.61,145,0
IZS,60,20241108,170000,2.61,2.61,2.61,2.61,5,0
IZS,60,20241112,100000,2.61,2.66,2.61,2.65,4687,0
IZS,60,20241112,110000,2.65,2.66,2.61,2.61,551,0
IZS,60,20241112,150000,2.61,2.61,2.61,2.61,500,0
IZS,60,20241112,160000,2.63,2.65,2.61,2.61,3054,0
IZS,60,20241112,170000,2.64,2.64,2.64,2.64,105,0
IZS,60,20241113,100000,2.64,2.64,2.62,2.64,71,0
IZS,60,20241113,110000,2.62,2.62,2.6,2.6,2500,0
IZS,60,20241113,120000,2.61,2.61,2.61,2.61,670,0
IZS,60,20241113,140000,2.61,2.61,2.61,2.61,350,0
IZS,60,20241113,170000,2.61,2.61,2.59,2.59,1979,0
IZS,60,20241114,110000,2.59,2.59,2.59,2.59,50,0
IZS,60,20241114,130000,2.59,2.59,2.56,2.56,3900,0
IZS,60,20241114,140000,2.59,2.59,2.59,2.59,5,0
IZS,60,20241114,150000,2.59,2.6,2.59,2.6,10,0
IZS,60,20241114,170000,2.6,2.6,2.6,2.6,5,0
IZS,60,20241115,100000,2.6,2.63,2.6,2.6,8835,0
IZS,60,20241115,110000,2.6,2.6,2.58,2.58,383,0
IZS,60,20241115,130000,2.59,2.59,2.58,2.58,2872,0
IZS,60,20241115,140000,2.58,2.58,2.58,2.58,7,0
IZS,60,20241115,160000,2.58,2.58,2.58,2.58,3724,0
IZS,60,20241115,170000,2.58,2.58,2.57,2.57,720,0
IZS,60,20241118,100000,2.56,2.56,2.52,2.54,12015,0
IZS,60,20241118,110000,2.54,2.54,2.54,2.54,500,0
IZS,60,20241118,120000,2.54,2.55,2.54,2.55,65,0
IZS,60,20241118,130000,2.53,2.55,2.52,2.55,3236,0
IZS,60,20241118,140000,2.55,2.55,2.55,2.55,200,0
IZS,60,20241118,150000,2.55,2.58,2.55,2.58,1500,0
IZS,60,20241118,170000,2.57,2.57,2.57,2.57,270,0
IZS,60,20241119,100000,2.58,2.58,2.5,2.5,10334,0
IZS,60,20241119,110000,2.5,2.5,2.46,2.49,30724,0
IZS,60,20241119,120000,2.5,2.5,2.5,2.5,3632,0
IZS,60,20241119,130000,2.5,2.5,2.48,2.48,1200,0
IZS,60,20241119,140000,2.5,2.5,2.47,2.47,1050,0
IZS,60,20241119,150000,2.48,2.48,2.43,2.45,9550,0
IZS,60,20241119,160000,2.45,2.5,2.45,2.5,2900,0
IZS,60,20241119,170000,2.49,2.5,2.49,2.5,823,0
IZS,60,20241120,100000,2.5,2.53,2.5,2.5,607,0
IZS,60,20241120,110000,2.5,2.53,2.5,2.53,455,0
IZS,60,20241120,120000,2.5,2.5,2.5,2.5,1000,0
IZS,60,20241120,130000,2.47,2.47,2.45,2.45,650,0
IZS,60,20241120,140000,2.49,2.49,2.49,2.49,400,0
IZS,60,20241120,160000,2.5,2.5,2.5,2.5,110,0
IZS,60,20241121,100000,2.5,2.5,2.5,2.5,5,0
IZS,60,20241121,110000,2.52,2.52,2.5,2.5,1006,0
IZS,60,20241121,120000,2.5,2.5,2.5,2.5,726,0
IZS,60,20241121,130000,2.49,2.49,2.49,2.49,400,0
IZS,60,20241121,140000,2.5,2.5,2.5,2.5,1000,0
IZS,60,20241121,160000,2.5,2.5,2.5,2.5,1660,0
IZS,60,20241122,100000,2.52,2.52,2.52,2.52,25,0
IZS,60,20241122,110000,2.48,2.48,2.48,2.48,4,0
IZS,60,20241122,130000,2.51,2.51,2.51,2.51,400,0
IZS,60,20241122,140000,2.52,2.52,2.52,2.52,4,0
IZS,60,20241122,170000,2.52,2.54,2.52,2.54,800,0
IZS,60,20241125,100000,2.54,2.54,2.48,2.48,2014,0
IZS,60,20241125,120000,2.5,2.5,2.5,2.5,110,0
IZS,60,20241125,140000,2.53,2.53,2.53,2.53,410,0
IZS,60,20241125,150000,2.54,2.55,2.54,2.54,1200,0
IZS,60,20241125,170000,2.55,2.55,2.55,2.55,100,0
IZS,60,20241126,110000,2.54,2.56,2.54,2.56,1617,0
IZS,60,20241126,120000,2.53,2.56,2.53,2.56,627,0
IZS,60,20241126,130000,2.55,2.55,2.51,2.51,423,0
IZS,60,20241126,140000,2.54,2.55,2.54,2.55,105,0
IZS,60,20241126,150000,2.55,2.55,2.54,2.54,1085,0
IZS,60,20241126,160000,2.51,2.51,2.51,2.51,200,0
IZS,60,20241126,170000,2.56,2.56,2.56,2.56,1000,0
IZS,60,20241127,110000,2.56,2.56,2.56,2.56,50,0
IZS,60,20241127,150000,2.55,2.56,2.55,2.56,239,0
IZS,60,20241127,160000,2.57,2.57,2.57,2.57,10,0
IZS,60,20241127,170000,2.57,2.57,2.57,2.57,730,0
IZS,60,20241128,110000,2.56,2.56,2.56,2.56,60,0
IZS,60,20241128,150000,2.55,2.55,2.55,2.55,150,0
IZS,60,20241129,100000,2.56,2.59,2.56,2.59,5974,0
IZS,60,20241129,110000,2.58,2.6,2.58,2.59,1892,0
IZS,60,20241129,130000,2.6,2.61,2.6,2.61,650,0
IZS,60,20241129,140000,2.58,2.58,2.56,2.56,905,0
IZS,60,20241129,160000,2.57,2.57,2.57,2.57,100,0
IZS,60,20241129,170000,2.56,2.58,2.55,2.58,1304,0
IZS,60,20241202,100000,2.58,2.58,2.48,2.58,17423,0
IZS,60,20241202,110000,2.54,2.54,2.54,2.54,520,0
IZS,60,20241202,140000,2.54,2.57,2.54,2.57,4210,0
IZS,60,20241202,150000,2.57,2.57,2.57,2.57,10,0
IZS,60,20241202,160000,2.54,2.54,2.52,2.52,500,0
IZS,60,20241202,170000,2.57,2.57,2.57,2.57,4,0
IZS,60,20241203,100000,2.57,2.57,2.57,2.57,25,0
IZS,60,20241203,120000,2.53,2.53,2.53,2.53,70,0
IZS,60,20241203,130000,2.55,2.55,2.55,2.55,5,0
IZS,60,20241203,140000,2.54,2.54,2.54,2.54,173,0
IZS,60,20241203,170000,2.56,2.56,2.56,2.56,4,0
IZS,60,20241204,100000,2.55,2.56,2.55,2.56,3569,0
IZS,60,20241204,110000,2.56,2.56,2.56,2.56,151,0
IZS,60,20241204,120000,2.56,2.56,2.56,2.56,93,0
IZS,60,20241204,150000,2.56,2.56,2.56,2.56,456,0
IZS,60,20241205,100000,2.55,2.6,2.55,2.6,4802,0
IZS,60,20241205,130000,2.55,2.55,2.54,2.54,1000,0
IZS,60,20241205,140000,2.59,2.6,2.55,2.55,5128,0
IZS,60,20241205,150000,2.55,2.55,2.55,2.55,700,0
IZS,60,20241205,160000,2.56,2.56,2.56,2.56,3000,0
IZS,60,20241205,170000,2.58,2.58,2.55,2.58,2009,0
IZS,60,20241206,100000,2.59,2.59,2.59,2.59,869,0
IZS,60,20241206,110000,2.58,2.62,2.57,2.57,3080,0
IZS,60,20241206,120000,2.57,2.63,2.57,2.63,799,0
IZS,60,20241206,130000,2.63,2.63,2.59,2.63,1006,0
IZS,60,20241206,150000,2.59,2.59,2.57,2.57,8680,0
IZS,60,20241206,160000,2.61,2.62,2.61,2.62,10,0
IZS,60,20241206,170000,2.62,2.62,2.62,2.62,5,0
IZS,60,20241209,100000,2.62,2.64,2.62,2.64,2070,0
IZS,60,20241209,110000,2.64,2.64,2.64,2.64,5,0
IZS,60,20241209,120000,2.63,2.63,2.59,2.59,761,0
IZS,60,20241209,130000,2.59,2.59,2.59,2.59,5643,0
IZS,60,20241209,140000,2.63,2.64,2.63,2.64,100,0
IZS,60,20241209,150000,2.6,2.6,2.6,2.6,300,0
IZS,60,20241209,160000,2.6,2.6,2.6,2.6,700,0
IZS,60,20241209,170000,2.63,2.63,2.63,2.63,1,0
IZS,60,20241210,100000,2.63,2.64,2.6,2.6,4139,0
IZS,60,20241210,110000,2.64,2.64,2.64,2.64,2286,0
IZS,60,20241210,120000,2.61,2.61,2.6,2.6,1300,0
IZS,60,20241210,130000,2.6,2.6,2.6,2.6,1469,0
IZS,60,20241210,140000,2.6,2.6,2.6,2.6,300,0
IZS,60,20241210,170000,2.6,2.62,2.6,2.62,6940,0
IZS,60,20241211,100000,2.6,2.6,2.6,2.6,2000,0
IZS,60,20241211,110000,2.62,2.63,2.61,2.63,3635,0
IZS,60,20241211,120000,2.61,2.61,2.6,2.61,1257,0
IZS,60,20241211,130000,2.61,2.61,2.61,2.61,153,0
IZS,60,20241211,150000,2.63,2.63,2.6,2.6,1512,0
IZS,60,20241211,160000,2.6,2.6,2.6,2.6,1009,0
IZS,60,20241211,170000,2.6,2.63,2.6,2.63,2010,0
IZS,60,20241212,110000,2.6,2.6,2.6,2.6,8000,0
IZS,60,20241212,120000,2.6,2.64,2.6,2.6,5974,0
IZS,60,20241212,130000,2.6,2.63,2.6,2.63,1009,0
IZS,60,20241212,140000,2.62,2.62,2.62,2.62,385,0
IZS,60,20241212,170000,2.6,2.6,2.6,2.6,3000,0
IZS,60,20241213,100000,2.6,2.62,2.6,2.62,1057,0
IZS,60,20241213,120000,2.6,2.6,2.6,2.6,285,0
IZS,60,20241213,130000,2.62,2.62,2.6,2.6,304,0
IZS,60,20241213,140000,2.61,2.61,2.61,2.61,200,0
IZS,60,20241213,160000,2.6,2.6,2.6,2.6,5,0
IZS,60,20241213,170000,2.6,2.6,2.6,2.6,3861,0
IZS,60,20241216,100000,2.6,2.61,2.6,2.6,4456,0
IZS,60,20241216,110000,2.62,2.62,2.62,2.62,573,0
IZS,60,20241216,120000,2.62,2.62,2.6,2.6,854,0
IZS,60,20241216,140000,2.6,2.6,2.6,2.6,1000,0
IZS,60,20241216,150000,2.6,2.6,2.6,2.6,900,0
IZS,60,20241216,170000,2.62,2.62,2.62,2.62,1,0
IZS,60,20241217,110000,2.6,2.6,2.6,2.6,6899,0
IZS,60,20241217,120000,2.62,2.62,2.6,2.6,7100,0
IZS,60,20241217,130000,2.6,2.61,2.6,2.6,5730,0
IZS,60,20241217,140000,2.61,2.61,2.6,2.61,508,0
IZS,60,20241217,150000,2.6,2.6,2.6,2.6,9100,0
IZS,60,20241217,170000,2.6,2.6,2.6,2.6,4015,0
IZS,60,20241218,100000,2.6,2.6,2.6,2.6,12940,0
IZS,60,20241218,110000,2.6,2.6,2.6,2.6,1600,0
IZS,60,20241218,120000,2.6,2.6,2.6,2.6,4000,0
IZS,60,20241218,130000,2.6,2.6,2.49,2.58,52630,0
IZS,60,20241218,140000,2.52,2.58,2.52,2.53,120,0
IZS,60,20241218,150000,2.56,2.56,2.56,2.56,100,0
IZS,60,20241218,170000,2.53,2.58,2.53,2.58,2895,0
IZS,60,20241219,100000,2.52,2.52,2.52,2.52,4,0
IZS,60,20241219,110000,2.57,2.57,2.48,2.54,7981,0
IZS,60,20241219,150000,2.51,2.53,2.5,2.53,1004,0
IZS,60,20241219,160000,2.5,2.53,2.5,2.52,2195,0
IZS,60,20241219,170000,2.52,2.52,2.52,2.52,520,0
IZS,60,20241220,100000,2.5,2.5,2.49,2.49,1410,0
IZS,60,20241220,110000,2.49,2.49,2.45,2.45,11223,0
IZS,60,20241220,120000,2.46,2.47,2.44,2.45,7407,0
IZS,60,20241220,130000,2.45,2.45,2.44,2.45,4099,0
IZS,60,20241220,140000,2.45,2.47,2.45,2.47,1298,0
IZS,60,20241220,160000,2.47,2.47,2.46,2.46,1193,0
IZS,60,20241220,170000,2.46,2.48,2.45,2.45,4559,0
IZS,60,20241223,100000,2.46,2.49,2.46,2.47,3823,0
IZS,60,20241223,110000,2.48,2.48,2.47,2.47,740,0
IZS,60,20241223,120000,2.48,2.48,2.44,2.45,4301,0
IZS,60,20241223,130000,2.47,2.48,2.43,2.43,3260,0
IZS,60,20241223,140000,2.44,2.44,2.32,2.4,12647,0
IZS,60,20241223,150000,2.43,2.43,2.41,2.42,2250,0
IZS,60,20241223,160000,2.42,2.42,2.4,2.4,1331,0
IZS,60,20241223,170000,2.39,2.42,2.38,2.42,6045,0
IZS,60,20241227,100000,2.36,2.42,2.36,2.42,833,0
IZS,60,20241227,110000,2.38,2.42,2.38,2.42,157,0
IZS,60,20241227,130000,2.42,2.43,2.42,2.43,1619,0
IZS,60,20241227,140000,2.43,2.43,2.43,2.43,157,0
IZS,60,20241227,150000,2.44,2.44,2.4,2.43,621,0
IZS,60,20241227,170000,2.43,2.44,2.43,2.44,484,0
IZS,60,20241230,100000,2.45,2.45,2.38,2.45,3606,0
IZS,60,20241230,110000,2.45,2.45,2.45,2.45,10,0
IZS,60,20241230,120000,2.44,2.45,2.44,2.45,1189,0
IZS,60,20241230,140000,2.44,2.44,2.44,2.44,5,0
IZS,60,20241230,150000,2.45,2.45,2.45,2.45,10,0
IZS,60,20241230,160000,2.45,2.45,2.45,2.45,539,0
IZS,60,20241230,170000,2.46,2.49,2.46,2.49,2035,0
IZS,60,20250102,100000,2.44,2.46,2.43,2.46,7513,0
IZS,60,20250102,110000,2.5,2.5,2.49,2.5,235,0
IZS,60,20250102,120000,2.49,2.53,2.47,2.53,3524,0
IZS,60,20250102,130000,2.54,2.54,2.54,2.54,1147,0
IZS,60,20250102,140000,2.54,2.55,2.54,2.55,621,0
IZS,60,20250102,160000,2.56,2.56,2.56,2.56,5,0
IZS,60,20250102,170000,2.56,2.57,2.56,2.56,1366,0
IZS,60,20250103,100000,2.53,2.56,2.53,2.56,3004,0
IZS,60,20250103,110000,2.55,2.55,2.53,2.53,1409,0
IZS,60,20250103,120000,2.53,2.53,2.51,2.51,1591,0
IZS,60,20250103,130000,2.55,2.55,2.55,2.55,157,0
IZS,60,20250103,140000,2.55,2.56,2.55,2.56,400,0
IZS,60,20250103,150000,2.56,2.56,2.56,2.56,25,0
IZS,60,20250103,170000,2.56,2.57,2.56,2.57,500,0
IZS,60,20250107,100000,2.57,2.57,2.54,2.54,2624,0
IZS,60,20250107,110000,2.52,2.52,2.52,2.52,410,0
IZS,60,20250107,130000,2.55,2.55,2.55,2.55,340,0
IZS,60,20250107,140000,2.55,2.56,2.55,2.56,1000,0
IZS,60,20250107,150000,2.56,2.56,2.53,2.53,1599,0
IZS,60,20250107,160000,2.56,2.56,2.53,2.53,154,0
IZS,60,20250107,170000,2.53,2.53,2.53,2.53,222,0
IZS,60,20250108,100000,2.53,2.56,2.53,2.56,1084,0
IZS,60,20250108,110000,2.52,2.52,2.51,2.51,2060,0
IZS,60,20250108,130000,2.54,2.54,2.54,2.54,10,0
IZS,60,20250109,100000,2.51,2.54,2.51,2.54,1080,0
IZS,60,20250109,110000,2.53,2.53,2.53,2.53,5,0
IZS,60,20250109,120000,2.53,2.53,2.51,2.52,1307,0
IZS,60,20250109,130000,2.51,2.51,2.5,2.5,100,0
IZS,60,20250109,140000,2.54,2.54,2.54,2.54,31,0
IZS,60,20250109,150000,2.53,2.53,2.53,2.53,680,0
IZS,60,20250109,160000,2.53,2.53,2.53,2.53,4,0
IZS,60,20250109,170000,2.51,2.51,2.51,2.51,1000,0
IZS,60,20250110,100000,2.51,2.53,2.5,2.5,330,0
IZS,60,20250110,110000,2.51,2.51,2.51,2.51,1000,0
IZS,60,20250110,120000,2.51,2.51,2.51,2.51,81,0
IZS,60,20250110,130000,2.52,2.52,2.51,2.51,1004,0
IZS,60,20250110,140000,2.52,2.53,2.52,2.53,1000,0
IZS,60,20250113,100000,2.5,2.53,2.5,2.53,6057,0
IZS,60,20250113,110000,2.51,2.52,2.51,2.51,1250,0
IZS,60,20250113,120000,2.5,2.5,2.5,2.5,350,0
IZS,60,20250113,130000,2.5,2.5,2.5,2.5,500,0
IZS,60,20250113,140000,2.52,2.54,2.52,2.54,1185,0
IZS,60,20250113,150000,2.53,2.54,2.53,2.54,2671,0
IZS,60,20250113,170000,2.54,2.54,2.54,2.54,920,0
IZS,60,20250114,100000,2.54,2.54,2.49,2.49,4849,0
IZS,60,20250114,120000,2.51,2.51,2.51,2.51,10,0
IZS,60,20250114,130000,2.51,2.51,2.51,2.51,829,0
IZS,60,20250114,170000,2.52,2.53,2.51,2.51,1007,0
IZS,60,20250115,100000,2.54,2.54,2.53,2.53,775,0
IZS,60,20250115,150000,2.51,2.51,2.49,2.49,2000,0
IZS,60,20250115,170000,2.49,2.49,2.49,2.49,2000,0
IZS,60,20250116,100000,2.5,2.5,2.5,2.5,60,0
IZS,60,20250116,120000,2.5,2.5,2.5,2.5,30,0
IZS,60,20250116,160000,2.49,2.49,2.49,2.49,250,0
IZS,60,20250116,170000,2.5,2.5,2.5,2.5,910,0
IZS,60,20250117,100000,2.52,2.53,2.52,2.53,520,0
IZS,60,20250117,110000,2.52,2.52,2.52,2.52,10,0
IZS,60,20250117,120000,2.53,2.53,2.53,2.53,590,0
IZS,60,20250117,130000,2.53,2.53,2.51,2.51,1333,0
IZS,60,20250117,140000,2.51,2.51,2.51,2.51,4,0
IZS,60,20250117,150000,2.51,2.51,2.48,2.48,2000,0
IZS,60,20250120,100000,2.52,2.52,2.52,2.52,5,0
IZS,60,20250120,120000,2.5,2.5,2.5,2.5,100,0
IZS,60,20250120,130000,2.5,2.5,2.5,2.5,5,0
IZS,60,20250120,140000,2.49,2.5,2.49,2.5,1232,0
IZS,60,20250120,160000,2.52,2.52,2.46,2.46,2152,0
IZS,60,20250121,100000,2.5,2.5,2.46,2.47,1055,0
IZS,60,20250121,110000,2.5,2.5,2.5,2.5,4,0
IZS,60,20250121,130000,2.5,2.5,2.5,2.5,991,0
IZS,60,20250121,140000,2.48,2.48,2.48,2.48,540,0
IZS,60,20250121,150000,2.5,2.5,2.5,2.5,5,0
IZS,60,20250121,160000,2.48,2.48,2.47,2.47,420,0
IZS,60,20250122,100000,2.5,2.5,2.5,2.5,700,0
IZS,60,20250122,110000,2.5,2.5,2.5,2.5,10,0
IZS,60,20250122,120000,2.5,2.51,2.5,2.51,1528,0
IZS,60,20250122,130000,2.51,2.51,2.51,2.51,201,0
IZS,60,20250122,140000,2.51,2.51,2.51,2.51,8,0
IZS,60,20250123,100000,2.48,2.5,2.47,2.5,1910,0
IZS,60,20250123,110000,2.5,2.5,2.5,2.5,94,0
IZS,60,20250123,160000,2.5,2.5,2.5,2.5,506,0
IZS,60,20250123,170000,2.51,2.52,2.51,2.52,934,0
IZS,60,20250124,100000,2.52,2.52,2.52,2.52,567,0
IZS,60,20250124,110000,2.52,2.53,2.52,2.53,793,0
IZS,60,20250124,120000,2.5,2.5,2.5,2.5,18,0
IZS,60,20250124,140000,2.52,2.52,2.51,2.51,300,0
IZS,60,20250124,160000,2.51,2.51,2.51,2.51,520,0
IZS,60,20250127,100000,2.51,2.52,2.5,2.5,210,0
IZS,60,20250127,110000,2.5,2.5,2.5,2.5,900,0
IZS,60,20250127,120000,2.5,2.51,2.5,2.5,375,0
IZS,60,20250127,140000,2.5,2.5,2.5,2.5,4,0
IZS,60,20250127,150000,2.51,2.51,2.51,2.51,5,0
IZS,60,20250127,170000,2.52,2.52,2.52,2.52,2000,0
IZS,60,20250128,110000,2.52,2.53,2.52,2.53,1444,0
IZS,60,20250128,120000,2.53,2.53,2.53,2.53,1768,0
IZS,60,20250128,150000,2.53,2.53,2.53,2.53,1000,0
IZS,60,20250128,160000,2.51,2.51,2.48,2.48,4850,0
IZS,60,20250128,170000,2.52,2.52,2.52,2.52,750,0
IZS,60,20250129,100000,2.52,2.53,2.52,2.52,48,0
IZS,60,20250129,110000,2.5,2.5,2.5,2.5,956,0
IZS,60,20250129,140000,2.5,2.5,2.5,2.5,1,0
IZS,60,20250130,100000,2.52,2.52,2.51,2.52,367,0
IZS,60,20250130,110000,2.51,2.52,2.51,2.51,3150,0
IZS,60,20250130,120000,2.52,2.52,2.52,2.52,98,0
IZS,60,20250130,130000,2.52,2.52,2.52,2.52,8,0
IZS,60,20250130,140000,2.52,2.55,2.52,2.55,3520,0
IZS,60,20250130,150000,2.55,2.55,2.55,2.55,50,0
IZS,60,20250130,160000,2.52,2.52,2.52,2.52,432,0
IZS,60,20250131,100000,2.53,2.55,2.53,2.55,412,0
IZS,60,20250131,120000,2.55,2.58,2.55,2.58,3814,0
IZS,60,20250131,130000,2.54,2.58,2.54,2.58,921,0
IZS,60,20250131,140000,2.58,2.58,2.55,2.57,935,0
IZS,60,20250131,150000,2.57,2.57,2.57,2.57,620,0
IZS,60,20250131,160000,2.57,2.57,2.57,2.57,600,0
IZS,60,20250131,170000,2.57,2.57,2.57,2.57,539,0
IZS,60,20250203,100000,2.57,2.58,2.52,2.52,4307,0
IZS,60,20250203,110000,2.55,2.55,2.52,2.55,1567,0
IZS,60,20250203,120000,2.55,2.55,2.55,2.55,6358,0
IZS,60,20250203,130000,2.55,2.55,2.55,2.55,444,0
IZS,60,20250203,150000,2.55,2.55,2.55,2.55,2000,0
IZS,60,20250203,160000,2.55,2.56,2.55,2.56,2842,0
IZS,60,20250203,170000,2.53,2.61,2.52,2.61,13803,0
IZS,60,20250204,100000,2.61,2.64,2.59,2.59,4388,0
IZS,60,20250204,120000,2.59,2.63,2.59,2.63,2553,0
IZS,60,20250204,140000,2.63,2.63,2.63,2.63,1010,0
IZS,60,20250204,150000,2.63,2.63,2.63,2.63,2000,0
IZS,60,20250204,160000,2.61,2.61,2.61,2.61,460,0
IZS,60,20250204,170000,2.61,2.63,2.61,2.63,51,0
IZS,60,20250205,100000,2.63,2.64,2.63,2.63,5000,0
IZS,60,20250205,110000,2.61,2.61,2.6,2.6,2945,0
IZS,60,20250205,120000,2.62,2.62,2.62,2.62,1000,0
IZS,60,20250205,130000,2.62,2.63,2.62,2.63,1038,0
IZS,60,20250205,150000,2.63,2.64,2.6,2.6,4603,0
IZS,60,20250205,160000,2.6,2.6,2.6,2.6,55,0
IZS,60,20250205,170000,2.63,2.63,2.63,2.63,5,0
IZS,60,20250206,100000,2.6,2.63,2.6,2.63,2280,0
IZS,60,20250206,110000,2.6,2.6,2.6,2.6,771,0
IZS,60,20250206,130000,2.61,2.62,2.61,2.62,145,0
IZS,60,20250206,150000,2.62,2.62,2.62,2.62,5,0
IZS,60,20250206,160000,2.6,2.63,2.6,2.63,1300,0
IZS,60,20250207,110000,2.6,2.63,2.6,2.63,630,0
IZS,60,20250207,130000,2.63,2.63,2.63,2.63,4,0
IZS,60,20250207,150000,2.6,2.6,2.6,2.6,1385,0
IZS,60,20250207,160000,2.62,2.64,2.62,2.64,1764,0
IZS,60,20250207,170000,2.64,2.64,2.64,2.64,19,0
IZS,60,20250210,100000,2.58,2.63,2.58,2.63,9559,0
IZS,60,20250210,110000,2.59,2.63,2.56,2.62,17023,0
IZS,60,20250210,130000,2.6,2.63,2.6,2.63,4000,0
IZS,60,20250210,140000,2.63,2.63,2.63,2.63,57,0
IZS,60,20250210,150000,2.63,2.64,2.63,2.64,940,0
IZS,60,20250210,160000,2.63,2.63,2.63,2.63,39,0
IZS,60,20250210,170000,2.63,2.64,2.63,2.64,883,0
IZS,60,20250211,100000,2.64,2.65,2.64,2.65,3510,0
IZS,60,20250211,110000,2.62,2.62,2.61,2.61,1545,0
IZS,60,20250211,120000,2.65,2.65,2.65,2.65,66,0
IZS,60,20250211,130000,2.65,2.65,2.65,2.65,5,0
IZS,60,20250211,140000,2.65,2.67,2.64,2.67,2966,0
IZS,60,20250211,150000,2.65,2.65,2.65,2.65,5,0
IZS,60,20250211,170000,2.65,2.67,2.64,2.64,1562,0
IZS,60,20250212,100000,2.67,2.68,2.66,2.66,2792,0
IZS,60,20250212,110000,2.66,2.68,2.64,2.68,2294,0
IZS,60,20250212,120000,2.67,2.68,2.62,2.62,5946,0
IZS,60,20250212,130000,2.67,2.67,2.63,2.63,638,0
IZS,60,20250212,140000,2.67,2.67,2.67,2.67,29,0
IZS,60,20250212,160000,2.63,2.63,2.63,2.63,2092,0
IZS,60,20250212,170000,2.63,2.66,2.63,2.63,430,0
IZS,60,20250213,110000,2.63,2.65,2.63,2.65,277,0
IZS,60,20250213,120000,2.64,2.65,2.64,2.65,195,0
IZS,60,20250213,130000,2.65,2.66,2.65,2.66,2984,0
IZS,60,20250213,140000,2.66,2.66,2.66,2.66,100,0
IZS,60,20250213,150000,2.66,2.66,2.66,2.66,10,0
IZS,60,20250213,170000,2.65,2.65,2.64,2.64,497,0
IZS,60,20250214,100000,2.66,2.66,2.64,2.64,1381,0
IZS,60,20250214,110000,2.66,2.66,2.65,2.65,1793,0
IZS,60,20250214,170000,2.66,2.66,2.66,2.66,603,0
IZS,60,20250217,100000,2.67,2.68,2.67,2.68,1020,0
IZS,60,20250217,110000,2.67,2.68,2.66,2.68,4124,0
IZS,60,20250217,120000,2.68,2.68,2.68,2.68,10,0
IZS,60,20250217,130000,2.68,2.69,2.68,2.69,1993,0
IZS,60,20250217,150000,2.68,2.7,2.68,2.7,19561,0
IZS,60,20250217,160000,2.7,2.72,2.7,2.72,3249,0
IZS,60,20250217,170000,2.71,2.71,2.7,2.7,448,0
IZS,60,20250218,100000,2.7,2.73,2.7,2.73,9163,0
IZS,60,20250218,110000,2.72,2.78,2.7,2.78,11860,0
IZS,60,20250218,120000,2.78,2.78,2.77,2.78,2252,0
IZS,60,20250218,130000,2.77,2.78,2.77,2.77,2349,0
IZS,60,20250218,140000,2.73,2.79,2.73,2.76,2713,0
IZS,60,20250218,150000,2.78,2.78,2.78,2.78,72,0
IZS,60,20250218,170000,2.77,2.77,2.73,2.77,1540,0
IZS,60,20250219,100000,2.77,2.79,2.77,2.79,2137,0
IZS,60,20250219,110000,2.75,2.75,2.74,2.74,2341,0
IZS,60,20250219,120000,2.75,2.75,2.75,2.75,1200,0
IZS,60,20250219,130000,2.75,2.75,2.75,2.75,68,0
IZS,60,20250219,140000,2.75,2.8,2.75,2.75,8266,0
IZS,60,20250219,160000,2.78,2.78,2.78,2.78,196,0
IZS,60,20250219,170000,2.78,2.78,2.78,2.78,20,0
IZS,60,20250220,100000,2.76,2.78,2.76,2.78,193,0
IZS,60,20250220,110000,2.76,2.76,2.74,2.74,5300,0
IZS,60,20250220,120000,2.73,2.73,2.7,2.7,3095,0
IZS,60,20250220,150000,2.72,2.72,2.72,2.72,500,0
IZS,60,20250220,160000,2.72,2.74,2.72,2.74,500,0
IZS,60,20250221,100000,2.72,2.74,2.7,2.74,2213,0
IZS,60,20250221,110000,2.75,2.75,2.71,2.71,2350,0
IZS,60,20250221,120000,2.72,2.72,2.72,2.72,800,0
IZS,60,20250221,140000,2.73,2.73,2.72,2.72,300,0
IZS,60,20250221,150000,2.73,2.75,2.73,2.75,1000,0
IZS,60,20250221,170000,2.72,2.72,2.72,2.72,600,0
IZS,60,20250224,100000,2.71,2.71,2.71,2.71,920,0
IZS,60,20250224,110000,2.72,2.73,2.72,2.72,1008,0
IZS,60,20250224,120000,2.72,2.72,2.72,2.72,292,0
IZS,60,20250224,130000,2.72,2.72,2.72,2.72,13,0
IZS,60,20250224,140000,2.72,2.72,2.72,2.72,3000,0
IZS,60,20250224,150000,2.69,2.69,2.69,2.69,40,0
IZS,60,20250224,160000,2.72,2.72,2.72,2.72,2900,0
IZS,60,20250225,100000,2.74,2.74,2.7,2.7,18,0
IZS,60,20250225,110000,2.73,2.73,2.73,2.73,705,0
IZS,60,20250225,130000,2.74,2.74,2.72,2.72,200,0
IZS,60,20250225,150000,2.74,2.75,2.72,2.75,2460,0
IZS,60,20250225,160000,2.75,2.75,2.73,2.73,1008,0
IZS,60,20250226,100000,2.75,2.79,2.75,2.78,5970,0
IZS,60,20250226,110000,2.76,2.76,2.76,2.76,303,0
IZS,60,20250226,120000,2.76,2.78,2.76,2.78,350,0
IZS,60,20250226,130000,2.78,2.79,2.78,2.79,1000,0
IZS,60,20250226,140000,2.79,2.79,2.76,2.76,33,0
IZS,60,20250226,160000,2.76,2.76,2.76,2.76,5,0
IZS,60,20250226,170000,2.76,2.76,2.76,2.76,165,0
IZS,60,20250227,100000,2.77,2.77,2.76,2.76,140,0
IZS,60,20250227,110000,2.77,2.77,2.77,2.77,209,0
IZS,60,20250227,120000,2.76,2.76,2.73,2.73,700,0
IZS,60,20250227,130000,2.73,2.76,2.73,2.76,1010,0
IZS,60,20250227,160000,2.74,2.74,2.74,2.74,750,0
IZS,60,20250227,170000,2.74,2.74,2.74,2.74,230,0
IZS,60,20250228,100000,2.73,2.73,2.71,2.71,3832,0
IZS,60,20250228,110000,2.71,2.71,2.7,2.7,1119,0
IZS,60,20250228,120000,2.7,2.7,2.7,2.7,593,0
IZS,60,20250228,130000,2.7,2.7,2.68,2.7,2065,0
IZS,60,20250228,140000,2.7,2.74,2.7,2.74,2398,0
IZS,60,20250303,100000,2.73,2.73,2.69,2.69,8832,0
IZS,60,20250303,110000,2.7,2.72,2.7,2.72,1000,0
IZS,60,20250303,120000,2.69,2.69,2.69,2.69,40,0
IZS,60,20250303,130000,2.69,2.72,2.69,2.72,2350,0
IZS,60,20250303,140000,2.71,2.72,2.71,2.72,1731,0
IZS,60,20250303,150000,2.72,2.72,2.72,2.72,1200,0
IZS,60,20250303,160000,2.71,2.71,2.71,2.71,19,0
IZS,60,20250304,100000,2.7,2.71,2.69,2.71,2235,0
IZS,60,20250304,110000,2.71,2.73,2.71,2.73,1332,0
IZS,60,20250304,140000,2.73,2.73,2.7,2.7,2113,0
IZS,60,20250304,150000,2.7,2.71,2.7,2.71,1100,0
IZS,60,20250304,160000,2.7,2.7,2.7,2.7,1637,0
IZS,60,20250305,100000,2.68,2.71,2.68,2.71,5166,0
IZS,60,20250305,110000,2.72,2.75,2.72,2.75,720,0
IZS,60,20250305,130000,2.72,2.72,2.72,2.72,100,0
IZS,60,20250305,140000,2.72,2.74,2.71,2.74,750,0
IZS,60,20250305,150000,2.71,2.71,2.71,2.71,350,0
IZS,60,20250306,100000,2.74,2.74,2.74,2.74,200,0
IZS,60,20250306,110000,2.72,3.09,2.72,2.95,58990,0
IZS,60,20250306,120000,2.93,2.99,2.9,2.98,10898,0
IZS,60,20250306,130000,2.96,2.99,2.96,2.97,4651,0
IZS,60,20250306,140000,2.93,2.93,2.93,2.93,100,0
IZS,60,20250306,150000,2.96,2.96,2.9,2.9,2198,0
IZS,60,20250306,160000,2.87,2.94,2.86,2.94,3019,0
IZS,60,20250306,170000,2.94,2.94,2.93,2.94,1500,0
IZS,60,20250307,100000,2.92,3.05,2.92,3,23484,0
IZS,60,20250307,110000,3,3,2.96,2.98,4114,0
IZS,60,20250307,120000,2.99,3,2.98,2.98,1393,0
IZS,60,20250307,130000,2.97,2.97,2.95,2.95,3160,0
IZS,60,20250307,140000,2.96,2.99,2.96,2.99,95,0
IZS,60,20250307,150000,2.98,2.99,2.95,2.95,1200,0
IZS,60,20250307,160000,2.95,2.95,2.95,2.95,570,0
IZS,60,20250307,170000,2.95,2.95,2.95,2.95,2617,0
IZS,60,20250310,100000,2.94,2.95,2.94,2.95,2275,0
IZS,60,20250310,110000,2.95,2.95,2.95,2.95,320,0
IZS,60,20250310,120000,2.95,2.95,2.93,2.93,1680,0
IZS,60,20250310,130000,2.95,2.95,2.95,2.95,68,0
IZS,60,20250310,140000,2.93,2.93,2.92,2.92,860,0
IZS,60,20250310,150000,2.91,2.91,2.89,2.9,919,0
IZS,60,20250310,160000,2.9,2.9,2.89,2.89,964,0
IZS,60,20250310,170000,2.93,2.94,2.93,2.94,500,0
IZS,60,20250311,100000,2.9,2.93,2.89,2.93,2480,0
IZS,60,20250311,110000,2.89,2.89,2.89,2.89,1839,0
IZS,60,20250311,120000,2.91,2.92,2.82,2.83,10127,0
IZS,60,20250311,130000,2.89,2.89,2.89,2.89,835,0
IZS,60,20250311,140000,2.89,2.89,2.89,2.89,888,0
IZS,60,20250311,150000,2.89,2.9,2.89,2.9,823,0
IZS,60,20250311,170000,2.88,2.88,2.86,2.86,5809,0
IZS,60,20250312,100000,2.86,2.89,2.86,2.86,442,0
IZS,60,20250312,110000,2.9,2.9,2.9,2.9,200,0
IZS,60,20250312,120000,2.88,2.9,2.88,2.9,1692,0
IZS,60,20250313,100000,2.88,2.9,2.88,2.9,671,0
IZS,60,20250313,110000,2.9,2.91,2.88,2.88,1750,0
IZS,60,20250313,120000,2.91,2.92,2.91,2.92,800,0
IZS,60,20250313,140000,2.91,2.91,2.91,2.91,90,0
IZS,60,20250313,150000,2.91,2.91,2.91,2.91,1000,0
IZS,60,20250313,160000,2.89,2.89,2.89,2.89,100,0
IZS,60,20250313,170000,2.9,2.9,2.9,2.9,520,0
IZS,60,20250314,100000,2.9,2.9,2.88,2.88,2625,0
IZS,60,20250314,110000,2.88,2.88,2.87,2.87,2600,0
IZS,60,20250314,120000,2.87,2.87,2.86,2.86,1091,0
IZS,60,20250314,150000,2.86,2.87,2.86,2.87,128,0
IZS,60,20250314,160000,2.85,2.85,2.85,2.85,360,0
IZS,60,20250317,100000,2.85,2.85,2.85,2.85,33,0
IZS,60,20250317,110000,2.84,2.85,2.83,2.83,2790,0
IZS,60,20250317,120000,2.83,2.83,2.78,2.78,9693,0
IZS,60,20250317,130000,2.82,2.97,2.82,2.94,17014,0
IZS,60,20250317,140000,2.91,2.91,2.91,2.91,326,0
IZS,60,20250317,150000,2.9,2.9,2.9,2.9,120,0
IZS,60,20250317,160000,2.91,2.91,2.9,2.91,1774,0
IZS,60,20250317,170000,2.91,2.92,2.9,2.9,8891,0
IZS,60,20250318,100000,2.92,2.95,2.91,2.95,2154,0
IZS,60,20250318,110000,2.95,2.95,2.95,2.95,1055,0
IZS,60,20250318,120000,2.94,2.94,2.94,2.94,598,0
IZS,60,20250318,130000,2.93,2.94,2.9,2.9,6578,0
IZS,60,20250318,140000,2.9,2.93,2.9,2.93,2432,0
IZS,60,20250318,150000,2.93,2.95,2.93,2.95,3914,0
IZS,60,20250318,160000,2.93,2.94,2.93,2.94,503,0
IZS,60,20250318,170000,2.93,2.93,2.93,2.93,100,0
IZS,60,20250319,100000,2.92,2.92,2.87,2.87,3403,0
IZS,60,20250319,110000,2.87,2.92,2.87,2.9,4282,0
IZS,60,20250319,120000,2.93,2.93,2.93,2.93,1800,0
IZS,60,20250319,130000,2.91,2.93,2.9,2.93,2021,0
IZS,60,20250319,140000,2.93,2.93,2.93,2.93,50,0
IZS,60,20250319,150000,2.91,2.91,2.9,2.9,136,0
IZS,60,20250319,160000,2.9,2.9,2.9,2.9,50,0
IZS,60,20250319,170000,2.9,2.92,2.9,2.92,492,0
IZS,60,20250320,100000,2.92,2.93,2.9,2.9,1162,0
IZS,60,20250320,110000,2.9,2.9,2.88,2.88,5471,0
IZS,60,20250320,120000,2.89,2.89,2.87,2.87,281,0
IZS,60,20250320,130000,2.88,2.89,2.87,2.89,31,0
IZS,60,20250320,140000,2.87,2.87,2.87,2.87,400,0
IZS,60,20250320,170000,2.88,2.9,2.88,2.9,330,0
IZS,60,20250321,100000,2.88,2.88,2.88,2.88,1000,0
IZS,60,20250321,110000,2.9,2.9,2.9,2.9,501,0
IZS,60,20250321,120000,2.89,2.89,2.87,2.88,2109,0
IZS,60,20250321,150000,2.88,2.88,2.88,2.88,250,0
IZS,60,20250321,160000,2.88,2.88,2.88,2.88,170,0
IZS,60,20250321,170000,2.9,2.9,2.9,2.9,10,0
IZS,60,20250324,100000,2.87,2.92,2.87,2.91,1087,0
IZS,60,20250324,110000,2.91,2.91,2.91,2.91,274,0
IZS,60,20250324,150000,2.88,2.88,2.88,2.88,490,0
IZS,60,20250324,160000,2.9,2.9,2.85,2.85,2042,0
IZS,60,20250324,170000,2.89,2.89,2.89,2.89,815,0
IZS,60,20250325,100000,2.89,2.89,2.85,2.88,105,0
IZS,60,20250325,110000,2.88,2.9,2.88,2.89,3275,0
IZS,60,20250325,120000,2.89,2.89,2.89,2.89,13,0
IZS,60,20250325,130000,2.89,2.9,2.89,2.9,1000,0
IZS,60,20250325,170000,2.9,2.9,2.86,2.89,247,0
IZS,60,20250326,100000,2.89,2.89,2.86,2.86,174,0
IZS,60,20250326,110000,2.88,2.88,2.88,2.88,54,0
IZS,60,20250326,120000,2.88,2.88,2.86,2.86,568,0
IZS,60,20250326,130000,2.88,2.88,2.88,2.88,8,0
IZS,60,20250326,140000,2.88,2.89,2.86,2.86,2800,0
IZS,60,20250326,160000,2.89,2.89,2.89,2.89,10,0
IZS,60,20250327,100000,2.86,2.86,2.85,2.85,1000,0
IZS,60,20250327,110000,2.86,2.87,2.85,2.87,1900,0
IZS,60,20250327,120000,2.85,2.85,2.85,2.85,724,0
IZS,60,20250327,130000,2.87,2.87,2.87,2.87,98,0
IZS,60,20250327,140000,2.85,2.85,2.85,2.85,800,0
IZS,60,20250327,150000,2.85,2.87,2.85,2.87,704,0
IZS,60,20250327,170000,2.87,2.88,2.85,2.85,1134,0
IZS,60,20250328,100000,2.86,2.89,2.85,2.85,15150,0
IZS,60,20250328,110000,2.85,2.85,2.85,2.85,296,0
IZS,60,20250328,120000,2.84,2.84,2.7,2.7,16344,0
IZS,60,20250328,130000,2.77,2.81,2.77,2.81,4582,0
IZS,60,20250328,140000,2.81,2.81,2.81,2.81,200,0
IZS,60,20250328,150000,2.76,2.76,2.75,2.75,515,0
IZS,60,20250328,170000,2.78,2.83,2.77,2.82,725,0
IZS,60,20250331,100000,2.81,2.81,2.81,2.81,20,0
IZS,60,20250331,120000,2.8,2.8,2.73,2.73,8034,0
IZS,60,20250331,130000,2.78,2.79,2.78,2.79,20,0
IZS,60,20250331,140000,2.75,2.75,2.75,2.75,2000,0
IZS,60,20250331,160000,2.75,2.75,2.75,2.75,2237,0
IZS,60,20250401,100000,2.76,2.8,2.76,2.8,2121,0
IZS,60,20250401,120000,2.79,2.79,2.78,2.78,737,0
IZS,60,20250401,130000,2.79,2.79,2.79,2.79,450,0
IZS,60,20250401,170000,2.78,2.8,2.78,2.8,2181,0
IZS,60,20250402,100000,2.78,2.78,2.78,2.78,500,0
IZS,60,20250402,110000,2.78,2.8,2.78,2.8,601,0
IZS,60,20250402,130000,2.77,2.77,2.77,2.77,2401,0
IZS,60,20250402,140000,2.79,2.8,2.79,2.8,1100,0
IZS,60,20250402,170000,2.76,2.8,2.76,2.8,45,0
IZS,60,20250403,100000,2.79,2.79,2.76,2.79,151,0
IZS,60,20250403,110000,2.74,2.75,2.74,2.75,6412,0
IZS,60,20250403,120000,2.79,2.79,2.79,2.79,4,0
IZS,60,20250403,150000,2.74,2.74,2.67,2.68,23957,0
IZS,60,20250403,160000,2.67,2.68,2.66,2.66,2184,0
IZS,60,20250403,170000,2.73,2.74,2.68,2.68,2278,0
IZS,60,20250404,100000,2.72,2.72,2.7,2.7,160,0
IZS,60,20250404,110000,2.69,2.69,2.68,2.68,454,0
IZS,60,20250404,130000,2.69,2.69,2.65,2.65,2313,0
IZS,60,20250404,150000,2.7,2.7,2.65,2.65,1680,0
IZS,60,20250404,160000,2.65,2.65,2.64,2.64,1893,0
IZS,60,20250407,100000,2.55,2.55,2.5,2.5,9531,0
IZS,60,20250407,110000,2.53,2.53,2.53,2.53,3583,0
IZS,60,20250407,120000,2.57,2.57,2.57,2.57,387,0
IZS,60,20250407,130000,2.57,2.59,2.57,2.58,2763,0
IZS,60,20250407,140000,2.58,2.58,2.58,2.58,74,0
IZS,60,20250408,100000,2.59,2.59,2.59,2.59,113,0
IZS,60,20250408,110000,2.59,2.59,2.58,2.58,100,0
IZS,60,20250408,120000,2.59,2.6,2.59,2.6,2095,0
IZS,60,20250408,130000,2.59,2.59,2.59,2.59,20,0
IZS,60,20250408,140000,2.59,2.59,2.59,2.59,20,0
IZS,60,20250408,150000,2.59,2.59,2.59,2.59,500,0
IZS,60,20250408,160000,2.59,2.59,2.58,2.58,43,0
IZS,60,20250408,170000,2.59,2.59,2.58,2.58,731,0
IZS,60,20250409,100000,2.58,2.58,2.51,2.51,3000,0
IZS,60,20250409,120000,2.59,2.59,2.59,2.59,10,0
IZS,60,20250409,140000,2.54,2.58,2.54,2.58,106,0
IZS,60,20250410,100000,2.62,2.65,2.62,2.63,3954,0
IZS,60,20250410,110000,2.63,2.64,2.61,2.61,4600,0
IZS,60,20250410,120000,2.62,2.63,2.62,2.63,14,0
IZS,60,20250410,130000,2.62,2.62,2.62,2.62,246,0
IZS,60,20250410,140000,2.62,2.62,2.62,2.62,500,0
IZS,60,20250410,150000,2.62,2.63,2.62,2.63,504,0
IZS,60,20250410,160000,2.62,2.62,2.62,2.62,150,0
IZS,60,20250411,100000,2.62,2.63,2.59,2.63,2253,0
IZS,60,20250411,110000,2.63,2.63,2.63,2.63,4,0
IZS,60,20250411,120000,2.62,2.62,2.62,2.62,22,0
IZS,60,20250411,130000,2.61,2.62,2.61,2.62,190,0
IZS,60,20250414,100000,2.64,2.64,2.59,2.59,287,0
IZS,60,20250414,110000,2.59,2.66,2.58,2.66,3088,0
IZS,60,20250414,120000,2.66,2.66,2.66,2.66,1032,0
IZS,60,20250414,130000,2.66,2.66,2.66,2.66,968,0
IZS,60,20250414,150000,2.66,2.68,2.66,2.68,832,0
IZS,60,20250414,160000,2.68,2.68,2.68,2.68,350,0
IZS,60,20250415,100000,2.68,2.68,2.68,2.68,50,0
IZS,60,20250415,110000,2.68,2.69,2.65,2.69,474,0
IZS,60,20250415,120000,2.69,2.69,2.69,2.69,682,0
IZS,60,20250415,130000,2.71,2.72,2.69,2.69,2972,0
IZS,60,20250415,140000,2.69,2.69,2.69,2.69,5718,0
IZS,60,20250415,150000,2.71,2.71,2.66,2.66,110,0
IZS,60,20250415,160000,2.66,2.66,2.66,2.66,652,0
IZS,60,20250415,170000,2.72,2.72,2.72,2.72,3000,0
IZS,60,20250416,100000,2.72,2.72,2.72,2.72,4,0
IZS,60,20250416,120000,2.7,2.7,2.7,2.7,400,0
IZS,60,20250416,150000,2.67,2.67,2.67,2.67,8,0
IZS,60,20250416,160000,2.67,2.67,2.67,2.67,25,0
IZS,60,20250416,170000,2.7,2.7,2.7,2.7,10,0
IZS,60,20250417,100000,2.69,2.69,2.69,2.69,15,0
IZS,60,20250417,110000,2.69,2.69,2.69,2.69,30,0
IZS,60,20250417,120000,2.68,2.69,2.68,2.69,1348,0
IZS,60,20250417,130000,2.67,2.67,2.67,2.67,612,0
IZS,60,20250417,150000,2.67,2.69,2.65,2.69,3143,0
IZS,60,20250417,160000,2.69,2.69,2.69,2.69,10,0
IZS,60,20250417,170000,2.69,2.69,2.69,2.69,4500,0
IZS,60,20250422,100000,2.69,2.71,2.69,2.71,4658,0
IZS,60,20250422,110000,2.71,2.71,2.71,2.71,218,0
IZS,60,20250422,130000,2.71,2.71,2.7,2.7,1522,0
IZS,60,20250422,140000,2.7,2.7,2.64,2.64,3034,0
IZS,60,20250422,150000,2.69,2.7,2.69,2.7,1500,0
IZS,60,20250422,160000,2.7,2.7,2.7,2.7,30,0
IZS,60,20250423,100000,2.65,2.65,2.64,2.64,7155,0
IZS,60,20250423,110000,2.64,2.65,2.64,2.65,4454,0
IZS,60,20250423,120000,2.65,2.65,2.64,2.64,1476,0
IZS,60,20250423,130000,2.67,2.68,2.67,2.68,25,0
IZS,60,20250423,140000,2.66,2.7,2.66,2.7,1979,0
IZS,60,20250423,150000,2.69,2.69,2.69,2.69,5,0
IZS,60,20250423,160000,2.66,2.66,2.65,2.65,1405,0
IZS,60,20250424,100000,2.69,2.69,2.68,2.69,260,0
IZS,60,20250424,110000,2.69,2.69,2.69,2.69,255,0
IZS,60,20250424,130000,2.68,2.68,2.68,2.68,100,0
IZS,60,20250424,150000,2.69,2.69,2.67,2.67,1273,0
IZS,60,20250424,160000,2.69,2.69,2.69,2.69,221,0
IZS,60,20250425,100000,2.68,2.68,2.68,2.68,5,0
IZS,60,20250425,110000,2.7,2.7,2.68,2.68,205,0
IZS,60,20250425,120000,2.68,2.68,2.68,2.68,190,0
IZS,60,20250425,130000,2.68,2.68,2.68,2.68,1400,0
IZS,60,20250425,140000,2.68,2.7,2.67,2.67,620,0
IZS,60,20250425,150000,2.7,2.7,2.7,2.7,35,0
IZS,60,20250425,160000,2.7,2.75,2.7,2.75,4762,0
IZS,60,20250425,170000,2.75,2.75,2.7,2.75,773,0
IZS,60,20250428,100000,2.77,2.8,2.77,2.8,6622,0
IZS,60,20250428,110000,2.78,2.85,2.78,2.8,22508,0
IZS,60,20250428,120000,2.8,2.8,2.8,2.8,2128,0
IZS,60,20250428,130000,2.82,2.84,2.8,2.8,10634,0
IZS,60,20250428,140000,2.8,2.82,2.79,2.82,6462,0
IZS,60,20250428,150000,2.79,2.79,2.78,2.78,1500,0
IZS,60,20250428,160000,2.78,2.78,2.75,2.75,14261,0
IZS,60,20250428,170000,2.75,2.77,2.75,2.77,225,0
IZS,60,20250429,100000,2.77,2.77,2.77,2.77,2484,0
IZS,60,20250429,110000,2.77,2.77,2.75,2.76,370,0
IZS,60,20250429,120000,2.79,2.79,2.79,2.79,14,0
IZS,60,20250429,130000,2.76,2.76,2.76,2.76,8,0
IZS,60,20250429,140000,2.78,2.78,2.76,2.76,62,0
IZS,60,20250429,170000,2.78,2.78,2.75,2.78,769,0
IZS,60,20250430,100000,2.78,2.78,2.78,2.78,18,0
IZS,60,20250430,120000,2.76,2.76,2.76,2.76,722,0
IZS,60,20250430,130000,2.76,2.76,2.74,2.74,2000,0
IZS,60,20250430,140000,2.74,2.74,2.72,2.72,2000,0
IZS,60,20250430,170000,2.77,2.77,2.77,2.77,14,0
IZS,60,20250502,100000,2.77,2.77,2.77,2.77,236,0
IZS,60,20250502,110000,2.78,2.78,2.77,2.77,332,0
IZS,60,20250502,120000,2.78,2.8,2.77,2.8,9489,0
IZS,60,20250502,130000,2.79,2.79,2.79,2.79,4000,0
IZS,60,20250502,140000,2.81,2.82,2.81,2.82,1750,0
IZS,60,20250502,160000,2.82,2.82,2.82,2.82,2133,0
IZS,60,20250502,170000,2.82,2.82,2.82,2.82,14,0
IZS,60,20250505,100000,2.84,2.84,2.73,2.81,15467,0
IZS,60,20250505,110000,2.78,2.78,2.75,2.75,90,0
IZS,60,20250505,130000,2.8,2.8,2.8,2.8,5,0
IZS,60,20250505,140000,2.8,2.8,2.8,2.8,8,0
IZS,60,20250505,150000,2.8,2.8,2.79,2.79,1145,0
IZS,60,20250505,160000,2.81,2.81,2.81,2.81,4,0
IZS,60,20250506,100000,2.8,2.8,2.77,2.77,2785,0
IZS,60,20250506,110000,2.78,2.78,2.77,2.77,1289,0
IZS,60,20250506,150000,2.78,2.78,2.75,2.75,650,0
IZS,60,20250506,160000,2.78,2.78,2.78,2.78,7,0
IZS,60,20250506,170000,2.78,2.78,2.78,2.78,1200,0
