<TICKER>,<PER>,<DATE>,<TIME>,<OPEN>,<HIGH>,<LOW>,<CLOSE>,<VOL>,<OPENINT>
KGN,60,20240411,100000,55.6,56.6,54.8,54.9,466,0
KGN,60,20240411,110000,54.9,56.2,54.8,55.4,321,0
KGN,60,20240411,120000,56.1,56.2,55.5,55.5,691,0
KGN,60,20240411,130000,56.2,57,55.5,55.8,1000,0
KGN,60,20240411,140000,56.7,56.8,56.7,56.8,109,0
KGN,60,20240411,150000,56.9,57,56.9,56.9,90,0
KGN,60,20240411,160000,56,56,55.5,55.5,300,0
KGN,60,20240411,170000,55.4,55.5,55.1,55.5,279,0
KGN,60,20240412,100000,56.9,56.9,54.9,56.9,478,0
KGN,60,20240412,110000,55.4,55.7,55.4,55.7,30,0
KGN,60,20240412,120000,55.4,55.4,54.9,54.9,150,0
KGN,60,20240412,130000,55,55.3,55,55.3,36,0
KGN,60,20240412,140000,55.1,55.3,54.8,55,337,0
KGN,60,20240412,150000,55,55.1,54.8,55.1,276,0
KGN,60,20240412,160000,54.8,54.8,54.2,54.8,541,0
KGN,60,20240412,170000,54.6,54.6,53.4,53.4,762,0
KGN,60,20240415,100000,53.5,54.5,53.5,53.6,2915,0
KGN,60,20240415,110000,53.7,54,53.7,54,413,0
KGN,60,20240415,120000,54.2,54.2,54.2,54.2,42,0
KGN,60,20240415,130000,54,54,53.9,53.9,500,0
KGN,60,20240415,140000,54,54,53.6,53.6,177,0
KGN,60,20240415,150000,53.6,53.6,53.5,53.5,145,0
KGN,60,20240415,160000,53.7,53.7,53,53.3,2804,0
KGN,60,20240415,170000,53.4,53.5,52.6,53.5,693,0
KGN,60,20240416,100000,52.5,52.7,51.2,52.7,1257,0
KGN,60,20240416,110000,52.7,53.1,51.6,53.1,766,0
KGN,60,20240416,130000,53,53,53,53,30,0
KGN,60,20240416,140000,53,53,53,53,10,0
KGN,60,20240416,150000,53,53,52.9,52.9,90,0
KGN,60,20240416,160000,52.9,53.3,52,52.8,1672,0
KGN,60,20240416,170000,52,52.8,51.7,52.2,319,0
KGN,60,20240417,100000,51.7,53.3,51.7,51.7,258,0
KGN,60,20240417,110000,52.1,52.5,52.1,52.5,111,0
KGN,60,20240417,120000,52.5,53,52.5,53,113,0
KGN,60,20240417,130000,53,53,52.8,52.8,107,0
KGN,60,20240417,140000,53,53.3,52.8,52.8,167,0
KGN,60,20240417,150000,52.9,53.4,52.9,53.3,275,0
KGN,60,20240417,160000,52.7,53.4,52.7,53.4,55,0
KGN,60,20240417,170000,52.7,52.7,52.2,52.2,597,0
KGN,60,20240418,100000,53,53.3,52.3,53.3,547,0
KGN,60,20240418,110000,53.3,53.4,53.3,53.4,94,0
KGN,60,20240418,120000,52.7,53.2,52.7,53.2,28,0
KGN,60,20240418,130000,53,53,52.9,52.9,347,0
KGN,60,20240418,140000,52.9,52.9,52.1,52.5,537,0
KGN,60,20240418,150000,52.5,52.7,52.2,52.2,86,0
KGN,60,20240418,160000,52.7,52.8,52,52,200,0
KGN,60,20240418,170000,51.8,51.8,51.7,51.7,538,0
KGN,60,20240419,100000,52.3,53,50,51,3067,0
KGN,60,20240419,110000,51,51.5,50.6,51.5,420,0
KGN,60,20240419,120000,51.2,52.1,51.2,52,35,0
KGN,60,20240419,130000,51.2,51.2,51.2,51.2,58,0
KGN,60,20240419,140000,51.8,51.9,51.3,51.3,81,0
KGN,60,20240419,150000,51.3,51.3,51.2,51.2,155,0
KGN,60,20240419,160000,51.5,51.6,51.5,51.6,46,0
KGN,60,20240419,170000,51.2,51.3,50.8,51.3,215,0
KGN,60,20240422,100000,51.6,52,51.2,51.2,2792,0
KGN,60,20240422,110000,51.2,51.8,51.2,51.3,245,0
KGN,60,20240422,120000,51.8,51.8,51.8,51.8,3,0
KGN,60,20240422,130000,51.8,51.8,51.5,51.8,94,0
KGN,60,20240422,140000,52,52,52,52,111,0
KGN,60,20240422,160000,52.1,52.2,52.1,52.2,81,0
KGN,60,20240422,170000,52.2,52.7,52.2,52.7,187,0
KGN,60,20240423,100000,53.2,53.2,51.7,51.7,1109,0
KGN,60,20240423,110000,52.2,52.2,51.2,51.9,565,0
KGN,60,20240423,130000,51.7,51.7,51.7,51.7,2,0
KGN,60,20240423,140000,51.7,51.8,51.7,51.8,45,0
KGN,60,20240423,150000,51.4,51.7,51.2,51.7,272,0
KGN,60,20240423,160000,51.7,51.7,51.3,51.5,100,0
KGN,60,20240423,170000,51.7,51.7,51.3,51.6,136,0
KGN,60,20240424,100000,52.2,52.2,50.8,51.3,627,0
KGN,60,20240424,110000,51.1,51.1,50.8,51,409,0
KGN,60,20240424,120000,50.8,51.6,50.8,51.6,702,0
KGN,60,20240424,130000,51.6,51.9,51.6,51.9,53,0
KGN,60,20240424,150000,51.5,51.5,51,51,904,0
KGN,60,20240424,160000,51.4,51.4,51,51,13,0
KGN,60,20240424,170000,51.4,51.6,51.4,51.6,51,0
KGN,60,20240425,100000,50.7,51,50.3,51,1288,0
KGN,60,20240425,110000,50.7,51.4,50.7,51.4,12,0
KGN,60,20240425,130000,51.2,51.2,50.7,50.8,58,0
KGN,60,20240425,140000,50.7,51.1,50.7,50.8,113,0
KGN,60,20240425,150000,51.1,51.1,49.7,50.5,3613,0
KGN,60,20240425,160000,50.5,50.5,49.8,49.8,610,0
KGN,60,20240425,170000,49.8,50,48.4,48.5,12196,0
KGN,60,20240426,100000,48.9,50,48.9,49.45,1652,0
KGN,60,20240426,110000,49.4,49.85,49,49.25,1022,0
KGN,60,20240426,120000,49.9,50.3,48.3,48.9,1572,0
KGN,60,20240426,130000,48.9,49.3,48.45,48.8,740,0
KGN,60,20240426,140000,48.7,49,48.35,49,576,0
KGN,60,20240426,150000,48.35,48.45,48.35,48.35,250,0
KGN,60,20240426,160000,48.5,50.4,48.5,48.8,2753,0
KGN,60,20240426,170000,48.75,49.75,48.4,49.3,88,0
KGN,60,20240429,100000,49,51.4,49,50,713,0
KGN,60,20240429,110000,49.3,50.9,49.3,50.9,394,0
KGN,60,20240429,120000,50.6,50.9,49.7,50.7,991,0
KGN,60,20240429,130000,50.7,50.7,50.7,50.7,605,0
KGN,60,20240429,150000,50.4,50.4,50.2,50.2,122,0
KGN,60,20240429,160000,49.85,50.2,49.85,50.2,81,0
KGN,60,20240429,170000,49.9,50.1,49.8,49.8,586,0
KGN,60,20240430,100000,49.9,50.5,49.7,49.7,374,0
KGN,60,20240430,110000,50,50,49.5,49.5,106,0
KGN,60,20240430,120000,49.2,49.2,48.8,49,212,0
KGN,60,20240430,130000,49.5,49.5,49.5,49.5,80,0
KGN,60,20240430,150000,50,50.3,49.75,49.75,187,0
KGN,60,20240430,160000,49.75,49.75,49.7,49.7,102,0
KGN,60,20240430,170000,49.7,49.7,49.5,49.7,246,0
KGN,60,20240502,100000,49,50.5,49,50.5,736,0
KGN,60,20240502,110000,50.7,50.7,50,50,450,0
KGN,60,20240502,120000,50,50.5,50,50,1160,0
KGN,60,20240502,130000,50.6,50.7,49.3,50.2,313,0
KGN,60,20240502,140000,50.2,50.3,50.2,50.3,5,0
KGN,60,20240502,150000,50.4,50.4,50,50,63,0
KGN,60,20240502,160000,50,50.5,50,50.5,109,0
KGN,60,20240502,170000,50.5,50.5,50,50,21,0
KGN,60,20240506,100000,50.1,50.7,50.1,50.7,278,0
KGN,60,20240506,110000,50.7,54,50.7,52.7,1453,0
KGN,60,20240506,120000,53,53.5,52.5,52.5,254,0
KGN,60,20240506,130000,52.6,53.8,52.5,53.6,532,0
KGN,60,20240506,140000,53.3,53.5,53.3,53.3,403,0
KGN,60,20240506,150000,53.4,53.5,53.2,53.5,263,0
KGN,60,20240506,160000,53.8,54.5,53.7,53.9,1033,0
KGN,60,20240506,170000,54.2,54.5,54.1,54.1,544,0
KGN,60,20240507,100000,52,52.4,49.3,50.4,27301,0
KGN,60,20240507,110000,50.7,52.4,50,51.9,7405,0
KGN,60,20240507,120000,51.9,52.5,51.5,52.4,2359,0
KGN,60,20240507,130000,52.5,54.4,52,54.4,2755,0
KGN,60,20240507,140000,54.4,55,52.1,53.3,3123,0
KGN,60,20240507,150000,53.3,54.1,52.6,53.5,1115,0
KGN,60,20240507,160000,52.7,53.3,52.2,52.6,1409,0
KGN,60,20240507,170000,52.2,52.7,52.2,52.4,1138,0
KGN,60,20240508,100000,53.6,53.6,52.2,52.2,1752,0
KGN,60,20240508,110000,52.8,52.8,52.3,52.3,562,0
KGN,60,20240508,120000,52.6,52.8,52.5,52.5,458,0
KGN,60,20240508,130000,52.8,53,52.5,52.5,424,0
KGN,60,20240508,140000,52.9,53.1,52.5,53,747,0
KGN,60,20240508,150000,52.9,52.9,52.4,52.4,240,0
KGN,60,20240508,160000,52.9,52.9,52.5,52.5,258,0
KGN,60,20240508,170000,52.8,53,52.8,53,405,0
KGN,60,20240509,100000,53,53,52.1,52.2,842,0
KGN,60,20240509,110000,52.2,52.2,51.3,51.5,1255,0
KGN,60,20240509,120000,51.5,51.9,51.5,51.9,145,0
KGN,60,20240509,130000,51.8,51.9,51.6,51.6,149,0
KGN,60,20240509,140000,51.9,51.9,51.9,51.9,229,0
KGN,60,20240509,150000,51.9,52.2,51.7,52.2,253,0
KGN,60,20240509,160000,52.2,52.5,52.2,52.5,258,0
KGN,60,20240509,170000,52.4,52.4,52.4,52.4,5,0
KGN,60,20240510,100000,52.5,52.5,50.5,50.8,1472,0
KGN,60,20240510,110000,51.4,51.4,50.8,50.8,622,0
KGN,60,20240510,120000,50.8,51,50.6,51,817,0
KGN,60,20240510,130000,50.9,51,50.1,50.7,1344,0
KGN,60,20240510,140000,50.9,50.9,50.2,50.2,1394,0
KGN,60,20240510,150000,50.4,50.4,49.8,49.8,2043,0
KGN,60,20240510,160000,50.3,50.8,50.3,50.5,216,0
KGN,60,20240510,170000,50.3,50.6,49.9,50,1343,0
KGN,60,20240513,100000,50,51.4,49.8,50.6,1120,0
KGN,60,20240513,110000,50.8,50.8,50.6,50.6,445,0
KGN,60,20240513,120000,50.4,50.7,50.4,50.7,79,0
KGN,60,20240513,130000,50.7,50.7,50.6,50.6,362,0
KGN,60,20240513,140000,50.4,50.5,50.2,50.5,241,0
KGN,60,20240513,150000,50.5,50.7,50.5,50.7,621,0
KGN,60,20240513,160000,50.4,50.5,50.1,50.1,212,0
KGN,60,20240513,170000,50.4,50.4,50,50,475,0
KGN,60,20240514,100000,50.4,50.4,48,48.75,4314,0
KGN,60,20240514,110000,48.75,49.5,48.3,49.4,859,0
KGN,60,20240514,120000,49,49.3,49,49,523,0
KGN,60,20240514,130000,49,49.25,48.8,49.25,411,0
KGN,60,20240514,140000,49.2,49.25,49.05,49.15,120,0
KGN,60,20240514,150000,49.05,49.05,48.35,48.9,2027,0
KGN,60,20240514,160000,48.9,49.8,48.9,49.4,1241,0
KGN,60,20240514,170000,49.4,50.3,49.4,50,937,0
KGN,60,20240515,100000,49.7,49.7,49,49,1043,0
KGN,60,20240515,110000,49.5,49.5,49,49.5,425,0
KGN,60,20240515,120000,49.3,49.3,49,49.1,821,0
KGN,60,20240515,130000,49.05,49.4,49.05,49.4,103,0
KGN,60,20240515,140000,49.4,49.5,48.8,48.85,1957,0
KGN,60,20240515,150000,48.85,49.5,48.6,49.4,1561,0
KGN,60,20240515,160000,49,49.4,48.7,49,457,0
KGN,60,20240515,170000,49.25,49.25,49,49.2,212,0
KGN,60,20240516,100000,49,49.2,49,49,107,0
KGN,60,20240516,110000,49.2,49.4,48.8,49.4,373,0
KGN,60,20240516,120000,49.25,50,49.25,49.6,1251,0
KGN,60,20240516,130000,50,50,49.4,49.4,853,0
KGN,60,20240516,140000,50.2,50.2,49.5,50.2,160,0
KGN,60,20240516,150000,50.2,50.2,49.9,50.2,634,0
KGN,60,20240516,160000,50.2,50.4,50,50.4,406,0
KGN,60,20240516,170000,50.4,50.5,49.9,50.5,655,0
KGN,60,20240517,100000,50.1,50.6,50.1,50.2,480,0
KGN,60,20240517,110000,50.1,50.2,50,50.2,816,0
KGN,60,20240517,120000,50,50.2,49.7,50.2,849,0
KGN,60,20240517,130000,50.2,50.2,50.2,50.2,314,0
KGN,60,20240517,140000,50.2,50.2,49.5,49.9,1641,0
KGN,60,20240517,150000,49.5,49.9,49.5,49.9,24,0
KGN,60,20240517,160000,49.9,50.2,49.7,50.1,459,0
KGN,60,20240517,170000,50,50.5,50,50.5,1250,0
KGN,60,20240520,100000,50.5,50.5,49.5,50.5,1835,0
KGN,60,20240520,110000,50.6,51.9,50.6,51.8,967,0
KGN,60,20240520,120000,51.2,52.5,51.1,52.5,3410,0
KGN,60,20240520,130000,52.5,52.6,52,52.4,887,0
KGN,60,20240520,140000,52.5,54,52.5,53.7,4866,0
KGN,60,20240520,150000,53.7,54.1,53.1,53.9,1109,0
KGN,60,20240520,160000,53.9,54.1,53.9,53.9,2672,0
KGN,60,20240520,170000,54.1,54.1,53.9,53.9,6153,0
KGN,60,20240521,100000,53.8,56.7,53.6,56.2,7779,0
KGN,60,20240521,110000,56.2,56.9,55.5,56,2866,0
KGN,60,20240521,120000,56.2,56.9,56.2,56.4,1819,0
KGN,60,20240521,130000,56.4,56.6,55.6,56.3,1624,0
KGN,60,20240521,140000,56.3,56.3,55.8,56.2,844,0
KGN,60,20240521,150000,56.2,56.2,56.2,56.2,572,0
KGN,60,20240521,160000,56.2,56.2,54.6,54.7,3844,0
KGN,60,20240521,170000,54.9,55.4,54.5,54.5,630,0
KGN,60,20240522,100000,54.6,56.3,53.2,54,3880,0
KGN,60,20240522,110000,54.8,55,54,54.7,290,0
KGN,60,20240522,120000,54.1,54.6,54.1,54.6,45,0
KGN,60,20240522,130000,54.6,54.9,53.1,53.1,3939,0
KGN,60,20240522,140000,53.6,53.6,53.2,53.6,72,0
KGN,60,20240522,150000,53.3,53.6,53.2,53.2,248,0
KGN,60,20240522,160000,53.4,53.7,53.4,53.7,385,0
KGN,60,20240522,170000,53.7,53.7,52.1,52.3,3457,0
KGN,60,20240523,100000,52.3,53.8,52,52.2,2635,0
KGN,60,20240523,110000,52.4,52.9,51.8,52.2,1655,0
KGN,60,20240523,120000,52,52.7,51.8,52.1,1228,0
KGN,60,20240523,130000,51.9,52,51.9,52,512,0
KGN,60,20240523,140000,51.9,52.3,51.8,52.3,282,0
KGN,60,20240523,150000,52.3,52.4,52,52.2,745,0
KGN,60,20240523,160000,52.3,52.4,51.6,51.8,1418,0
KGN,60,20240523,170000,51.8,52,51.6,51.9,420,0
KGN,60,20240524,100000,51.9,51.9,50.3,50.6,1185,0
KGN,60,20240524,110000,50.5,51.1,50.5,51.1,390,0
KGN,60,20240524,120000,50.8,51,50.5,50.5,429,0
KGN,60,20240524,130000,50.9,51.1,50.4,51.1,1687,0
KGN,60,20240524,140000,51.1,51.9,51,51.8,2663,0
KGN,60,20240524,150000,51.8,52.3,51.6,52,1854,0
KGN,60,20240524,160000,51.9,51.9,51.2,51.2,1333,0
KGN,60,20240524,170000,51.2,51.5,50.7,51.2,1915,0
KGN,60,20240527,100000,52.4,52.4,51.1,52.4,983,0
KGN,60,20240527,110000,52.3,52.4,52,52,419,0
KGN,60,20240527,120000,51.9,52,51.5,52,60,0
KGN,60,20240527,130000,52,52.1,52,52,272,0
KGN,60,20240527,140000,52,52,52,52,210,0
KGN,60,20240527,150000,52,52,51.2,51.3,128,0
KGN,60,20240527,160000,51.2,51.2,51.1,51.1,430,0
KGN,60,20240527,170000,51.8,51.8,51.8,51.8,6,0
KGN,60,20240528,100000,51.8,51.9,51.2,51.7,791,0
KGN,60,20240528,110000,51.3,51.3,50.7,51.1,723,0
KGN,60,20240528,120000,50.8,51.1,50.2,50.2,1379,0
KGN,60,20240528,130000,50.3,50.3,50.2,50.2,65,0
KGN,60,20240528,140000,50.3,50.7,50,50,1274,0
KGN,60,20240528,150000,50.1,50.4,50,50.4,443,0
KGN,60,20240528,160000,50.4,50.4,50,50,228,0
KGN,60,20240528,170000,50,50.2,49.5,49.7,2503,0
KGN,60,20240529,100000,49.6,49.9,49.6,49.9,632,0
KGN,60,20240529,110000,49.9,50,49.5,49.95,371,0
KGN,60,20240529,120000,49.9,49.9,49.25,49.4,1360,0
KGN,60,20240529,130000,49.5,49.8,49.5,49.5,508,0
KGN,60,20240529,140000,49.5,50.6,49.5,50.5,4044,0
KGN,60,20240529,160000,50.4,50.5,49.5,49.7,1568,0
KGN,60,20240529,170000,49.4,49.7,49.3,49.4,253,0
KGN,60,20240531,100000,49.3,50,49.2,50,963,0
KGN,60,20240531,110000,50.2,52.3,50.2,51.1,1587,0
KGN,60,20240531,120000,51.9,51.9,51,51,909,0
KGN,60,20240531,130000,50.7,50.7,50.7,50.7,20,0
KGN,60,20240531,140000,50.7,51.3,50.7,51.3,270,0
KGN,60,20240531,150000,51.1,51.4,50.8,50.8,282,0
KGN,60,20240531,160000,50.7,50.7,50.5,50.5,178,0
KGN,60,20240531,170000,50.6,51.3,50.4,51.3,531,0
KGN,60,20240603,100000,51.3,51.4,50.4,51.4,630,0
KGN,60,20240603,110000,51.4,51.6,50.9,51,641,0
KGN,60,20240603,120000,50.9,51,49.7,50,3857,0
KGN,60,20240603,130000,50,50.5,49.8,50,1445,0
KGN,60,20240603,140000,50.2,50.2,50,50.2,230,0
KGN,60,20240603,150000,50.2,50.2,50.2,50.2,292,0
KGN,60,20240603,160000,50.2,50.2,50,50,360,0
KGN,60,20240603,170000,49.85,50.2,49.8,50.2,2297,0
KGN,60,20240604,100000,50.2,50.2,49.8,49.8,626,0
KGN,60,20240604,110000,50,50,49.8,49.9,115,0
KGN,60,20240604,120000,49.8,50.5,49.8,50.5,1160,0
KGN,60,20240604,130000,50.2,50.2,49.85,49.85,351,0
KGN,60,20240604,140000,50,50,50,50,480,0
KGN,60,20240604,150000,50,50,49.85,49.85,104,0
KGN,60,20240604,160000,50,50,50,50,254,0
KGN,60,20240604,170000,50,50,49.9,49.9,516,0
KGN,60,20240605,100000,49.7,49.7,49.7,49.7,1310,0
KGN,60,20240605,110000,50,50,49.9,49.9,779,0
KGN,60,20240605,120000,49.9,49.95,49.8,49.8,222,0
KGN,60,20240605,130000,50,50,50,50,702,0
KGN,60,20240605,140000,49.9,49.9,49.9,49.9,119,0
KGN,60,20240605,150000,49.9,50,49.9,50,7,0
KGN,60,20240605,160000,50,50,49.9,49.9,180,0
KGN,60,20240605,170000,49.9,50,49.9,50,770,0
KGN,60,20240606,100000,50,50,49.65,49.65,1107,0
KGN,60,20240606,110000,50,50,49.5,49.85,707,0
KGN,60,20240606,120000,49.8,49.8,49.5,49.5,49,0
KGN,60,20240606,130000,49.7,49.85,49.55,49.55,71,0
KGN,60,20240606,140000,49.8,49.8,49.6,49.6,471,0
KGN,60,20240606,150000,49.75,49.75,49.75,49.75,30,0
KGN,60,20240606,160000,49.6,49.75,49.5,49.5,556,0
KGN,60,20240606,170000,49.6,49.6,49.6,49.6,204,0
KGN,60,20240607,100000,49.6,49.6,49.3,49.4,826,0
KGN,60,20240607,110000,49.25,49.5,49,49,725,0
KGN,60,20240607,120000,49,49.35,48.8,49.3,904,0
KGN,60,20240607,130000,48.9,49,48.85,48.9,199,0
KGN,60,20240607,140000,48.9,49,48.85,48.85,149,0
KGN,60,20240607,150000,48.8,49,48.65,48.9,1403,0
KGN,60,20240607,160000,48.7,49,48.6,48.6,1678,0
KGN,60,20240607,170000,48.55,48.55,46.2,47,14117,0
KGN,60,20240610,100000,46.8,47.5,46.5,46.5,1572,0
KGN,60,20240610,110000,46.4,46.7,45.5,45.6,9238,0
KGN,60,20240610,120000,45.95,45.95,45.4,45.4,3957,0
KGN,60,20240610,130000,45.4,45.7,45.35,45.65,2625,0
KGN,60,20240610,140000,45.45,45.65,45.3,45.65,1344,0
KGN,60,20240610,150000,45.65,45.65,45.35,45.5,1151,0
KGN,60,20240610,160000,45.5,45.65,45.5,45.65,1394,0
KGN,60,20240610,170000,45.65,45.65,45.5,45.65,1399,0
KGN,60,20240611,100000,45.95,45.95,45.5,45.6,740,0
KGN,60,20240611,110000,45.6,45.9,45.5,45.5,1596,0
KGN,60,20240611,120000,45.65,45.65,45.2,45.25,586,0
KGN,60,20240611,130000,45.25,45.45,45.15,45.25,292,0
KGN,60,20240611,140000,45.5,45.5,45.2,45.2,73,0
KGN,60,20240611,150000,45.15,45.75,44.6,45.2,4349,0
KGN,60,20240611,160000,45.2,45.9,45.1,45.1,844,0
KGN,60,20240611,170000,45.1,45.25,44.95,45.2,711,0
KGN,60,20240612,100000,45.05,45.2,44.85,45,381,0
KGN,60,20240612,110000,45,45.25,45,45.25,1026,0
KGN,60,20240612,120000,45.1,45.4,45.1,45.4,349,0
KGN,60,20240612,130000,45.4,45.4,45.4,45.4,179,0
KGN,60,20240612,140000,45.65,45.7,45.65,45.7,160,0
KGN,60,20240612,150000,45.8,45.85,45.8,45.85,228,0
KGN,60,20240612,160000,45.7,45.9,45.5,45.9,457,0
KGN,60,20240612,170000,45.9,45.9,45.35,45.35,1073,0
KGN,60,20240613,100000,44.25,45,43.5,43.65,17386,0
KGN,60,20240613,110000,43.75,44.95,43.7,44.85,2235,0
KGN,60,20240613,120000,44.85,44.85,44.5,44.5,112,0
KGN,60,20240613,130000,44.75,44.85,44.45,44.8,353,0
KGN,60,20240613,140000,44.8,44.9,44.75,44.9,260,0
KGN,60,20240613,150000,44.9,45.9,44.9,45.9,1684,0
KGN,60,20240613,160000,45.9,45.9,45.1,45.1,263,0
KGN,60,20240613,170000,45.75,45.9,45.25,45.6,755,0
KGN,60,20240614,100000,45.1,45.5,44.6,45.5,992,0
KGN,60,20240614,110000,45.15,46.3,45.15,45.5,1249,0
KGN,60,20240614,120000,45.5,45.5,45.4,45.5,550,0
KGN,60,20240614,130000,45.55,46.5,45.25,46.1,2852,0
KGN,60,20240614,140000,46.3,46.3,46,46,583,0
KGN,60,20240614,150000,46,46.1,45.9,46.1,389,0
KGN,60,20240614,170000,46.3,47.45,46.3,46.8,1503,0
KGN,60,20240617,100000,46.05,47,46.05,46.6,282,0
KGN,60,20240617,110000,47.25,47.75,46.1,47.7,593,0
KGN,60,20240617,120000,47.6,47.9,47.5,47.5,540,0
KGN,60,20240617,130000,47.75,47.75,47,47,244,0
KGN,60,20240617,140000,47.5,47.55,47,47.55,280,0
KGN,60,20240617,150000,47.55,47.75,47,47,1571,0
KGN,60,20240617,160000,46.9,47,46.5,46.9,2412,0
KGN,60,20240617,170000,46.9,47,46.5,46.5,1865,0
KGN,60,20240618,100000,46.5,47.25,46.5,47.25,190,0
KGN,60,20240618,110000,47,47.2,46.05,46.1,495,0
KGN,60,20240618,120000,46.6,48,46.6,47.5,2381,0
KGN,60,20240618,130000,47.5,48,47.15,47.15,813,0
KGN,60,20240618,140000,47.15,47.5,47.15,47.3,524,0
KGN,60,20240618,150000,47.3,47.3,47,47,122,0
KGN,60,20240618,160000,47,47,46.75,46.75,79,0
KGN,60,20240618,170000,46.8,46.85,46.05,46.85,1605,0
KGN,60,20240619,100000,46.85,47.55,46.4,47.55,480,0
KGN,60,20240619,110000,47.45,47.5,47.45,47.45,110,0
KGN,60,20240619,120000,47,47.2,46.8,47.2,400,0
KGN,60,20240619,140000,47.2,47.2,46.55,46.6,221,0
KGN,60,20240619,150000,46.95,47,46.5,46.9,408,0
KGN,60,20240619,160000,46.55,46.6,46.5,46.5,115,0
KGN,60,20240619,170000,46.9,47.65,46.9,47.3,1399,0
KGN,60,20240620,100000,47.7,47.7,46,46.7,3114,0
KGN,60,20240620,110000,46.7,47.2,46.7,46.8,346,0
KGN,60,20240620,120000,46.8,46.8,46.4,46.4,1020,0
KGN,60,20240620,130000,46.65,46.8,46.65,46.8,179,0
KGN,60,20240620,140000,46.75,46.8,46.75,46.8,26,0
KGN,60,20240620,150000,46.4,46.4,46.4,46.4,50,0
KGN,60,20240620,160000,46.3,46.3,45.9,46,1176,0
KGN,60,20240620,170000,45.95,46,45.8,46,987,0
KGN,60,20240621,100000,46.7,46.7,45.8,46.5,205,0
KGN,60,20240621,110000,46.45,46.45,46.45,46.45,1,0
KGN,60,20240621,120000,46,47.65,46,46.75,1578,0
KGN,60,20240621,140000,46.7,46.7,46.7,46.7,8,0
KGN,60,20240621,150000,46.7,46.7,46.2,46.2,224,0
KGN,60,20240621,160000,46.6,47.15,46.2,46.2,452,0
KGN,60,20240621,170000,46.25,48.4,46.25,48.4,1296,0
KGN,60,20240624,100000,48,48,47,48,1935,0
KGN,60,20240624,110000,48,48.7,48,48.5,86,0
KGN,60,20240624,120000,48.5,48.65,48,48,1152,0
KGN,60,20240624,130000,48.1,48.1,48.1,48.1,21,0
KGN,60,20240624,140000,48,48,47.65,47.65,668,0
KGN,60,20240624,150000,47.65,47.65,47.55,47.55,110,0
KGN,60,20240624,160000,47.7,47.7,47.5,47.5,126,0
KGN,60,20240624,170000,47.8,48.4,47.5,47.5,359,0
KGN,60,20240625,100000,47.5,48.65,47,47,1228,0
KGN,60,20240625,120000,47.9,48.3,47.25,47.55,280,0
KGN,60,20240625,130000,47.55,47.55,46.35,47,2148,0
KGN,60,20240625,140000,46.5,46.9,46.5,46.6,818,0
KGN,60,20240625,150000,46.65,46.8,46.6,46.75,670,0
KGN,60,20240625,160000,46.8,46.8,46.5,46.5,716,0
KGN,60,20240625,170000,46.5,46.8,46.35,46.7,1556,0
KGN,60,20240626,100000,46.3,46.45,46.2,46.45,170,0
KGN,60,20240626,110000,46.85,46.85,45.9,45.9,2547,0
KGN,60,20240626,120000,46,46.4,46,46.4,182,0
KGN,60,20240626,130000,46.3,46.3,46.3,46.3,508,0
KGN,60,20240626,140000,46.3,46.3,46.2,46.2,395,0
KGN,60,20240626,150000,46.2,46.25,45.9,46.25,882,0
KGN,60,20240626,160000,46.2,46.3,46.2,46.25,225,0
KGN,60,20240626,170000,46.2,46.3,45.9,46.3,95,0
KGN,60,20240627,100000,46.2,46.2,45.9,45.95,1490,0
KGN,60,20240627,110000,46,46,46,46,200,0
KGN,60,20240627,120000,46.2,46.2,46,46.2,716,0
KGN,60,20240627,130000,46,46.95,46,46.95,5331,0
KGN,60,20240627,140000,46.95,47,46.5,46.9,776,0
KGN,60,20240627,150000,46.85,46.85,46.4,46.5,131,0
KGN,60,20240627,160000,46.85,47.7,46.85,47.55,3416,0
KGN,60,20240627,170000,47.5,48,47.5,47.95,2942,0
KGN,60,20240628,100000,48.2,48.3,47.95,48.1,981,0
KGN,60,20240628,110000,48.1,48.1,47.95,47.95,778,0
KGN,60,20240628,120000,47.95,48.25,47.95,48.25,302,0
KGN,60,20240628,130000,48,48,47.5,47.5,102,0
KGN,60,20240628,150000,47.7,47.75,47.55,47.65,398,0
KGN,60,20240628,160000,47.9,48,47.9,47.9,321,0
KGN,60,20240628,170000,47.55,47.55,47.55,47.55,140,0
KGN,60,20240701,100000,47.6,47.95,46,47,2432,0
KGN,60,20240701,110000,46.75,47.3,46.7,46.7,144,0
KGN,60,20240701,120000,46.75,46.75,46.75,46.75,30,0
KGN,60,20240701,130000,47,47.25,46.95,47.25,100,0
KGN,60,20240701,140000,47.25,47.25,47.25,47.25,50,0
KGN,60,20240701,150000,47.25,47.3,47,47.25,406,0
KGN,60,20240701,160000,47.25,47.25,47.25,47.25,117,0
KGN,60,20240701,170000,46.9,47.2,46.7,47.2,935,0
KGN,60,20240702,100000,47.2,47.3,46.5,46.7,774,0
KGN,60,20240702,110000,46.5,46.75,46.5,46.6,169,0
KGN,60,20240702,120000,46.55,46.55,46.5,46.5,1525,0
KGN,60,20240702,130000,46.5,46.5,46.2,46.2,483,0
KGN,60,20240702,140000,46.45,46.5,46.3,46.3,232,0
KGN,60,20240702,150000,46.5,46.6,46.5,46.6,140,0
KGN,60,20240702,160000,46.7,46.7,46.5,46.5,136,0
KGN,60,20240702,170000,46.5,46.8,46.5,46.8,202,0
KGN,60,20240703,100000,46.85,48,46.35,47.7,647,0
KGN,60,20240703,110000,47.7,47.8,47.7,47.8,195,0
KGN,60,20240703,120000,47.75,47.75,47.5,47.5,154,0
KGN,60,20240703,130000,47.4,47.4,46.75,46.8,1877,0
KGN,60,20240703,140000,46.95,47,46.95,47,524,0
KGN,60,20240703,150000,47.4,47.5,47,47,557,0
KGN,60,20240703,160000,47.45,47.75,47.45,47.75,560,0
KGN,60,20240703,170000,47.1,47.5,46.9,46.95,2085,0
KGN,60,20240704,100000,46.95,47.7,46.95,47.2,573,0
KGN,60,20240704,110000,47.6,47.8,47.6,47.8,593,0
KGN,60,20240704,120000,47.9,49,47.9,49,3006,0
KGN,60,20240704,130000,49,49,48.5,48.8,862,0
KGN,60,20240704,140000,48.8,48.9,48.3,48.3,98,0
KGN,60,20240704,150000,48.4,48.75,48.35,48.75,481,0
KGN,60,20240704,160000,48.55,48.55,48.4,48.4,356,0
KGN,60,20240704,170000,48.4,48.45,48.1,48.45,1318,0
KGN,60,20240705,100000,48.45,48.8,48.45,48.45,978,0
KGN,60,20240705,110000,48.8,50.7,48.8,50.6,7010,0
KGN,60,20240705,120000,49.8,50.5,49.7,50.1,362,0
KGN,60,20240705,130000,50.1,50.3,49.7,49.7,1890,0
KGN,60,20240705,140000,49.8,50,49.7,50,73,0
KGN,60,20240705,150000,50,50,49.6,50,1699,0
KGN,60,20240705,160000,50,50.4,49.95,49.95,3446,0
KGN,60,20240705,170000,49.95,50.2,49.95,50,998,0
KGN,60,20240708,100000,50.3,51.8,50.3,51.6,3637,0
KGN,60,20240708,110000,51.3,52,51.3,51.7,1246,0
KGN,60,20240708,120000,51.7,51.7,50.9,51,1430,0
KGN,60,20240708,130000,51,51,50.4,51,842,0
KGN,60,20240708,140000,50.7,50.7,50.7,50.7,150,0
KGN,60,20240708,150000,50.6,50.6,50.2,50.2,915,0
KGN,60,20240708,160000,50.4,50.5,50.2,50.5,539,0
KGN,60,20240708,170000,50.2,50.5,49.8,50,2070,0
KGN,60,20240709,100000,50.5,50.8,49.85,50.6,262,0
KGN,60,20240709,110000,50.5,50.5,49.9,49.9,145,0
KGN,60,20240709,120000,50,50.5,49.9,49.9,625,0
KGN,60,20240709,130000,49.9,49.9,49.6,49.9,382,0
KGN,60,20240709,140000,49.9,49.9,49.65,49.9,171,0
KGN,60,20240709,150000,49.9,49.9,49.9,49.9,17,0
KGN,60,20240709,160000,49.9,49.9,49.65,49.65,486,0
KGN,60,20240709,170000,49.7,50.6,49.5,49.5,1552,0
KGN,60,20240710,100000,49.6,50,49.35,50,2748,0
KGN,60,20240710,110000,50,50,49.5,50,498,0
KGN,60,20240710,120000,49.95,49.95,49.5,49.5,292,0
KGN,60,20240710,130000,49.4,49.4,49,49,2974,0
KGN,60,20240710,140000,48.85,49,48.6,49,144,0
KGN,60,20240710,150000,48.9,49,48.8,48.95,194,0
KGN,60,20240710,160000,48.75,48.9,48.75,48.9,751,0
KGN,60,20240710,170000,48.8,49,48.75,49,2186,0
KGN,60,20240711,100000,49.35,49.85,48.5,49.8,773,0
KGN,60,20240711,110000,49.5,49.7,49.5,49.7,230,0
KGN,60,20240711,120000,49.45,49.5,49.45,49.5,282,0
KGN,60,20240711,130000,49.1,49.45,49.1,49.45,176,0
KGN,60,20240711,150000,49.45,49.45,48.5,48.55,778,0
KGN,60,20240711,160000,49,49.2,49,49.2,244,0
KGN,60,20240711,170000,49.1,49.1,48.7,48.8,610,0
KGN,60,20240712,100000,49,49.75,49,49.75,178,0
KGN,60,20240712,110000,49.1,49.1,49.1,49.1,1,0
KGN,60,20240712,120000,49.35,49.55,49.35,49.55,20,0
KGN,60,20240712,130000,49.45,49.45,49.1,49.1,153,0
KGN,60,20240712,140000,49.4,50,49.15,49.15,1131,0
KGN,60,20240712,150000,49.15,49.2,49.15,49.2,469,0
KGN,60,20240712,160000,49.65,49.65,49.65,49.65,42,0
KGN,60,20240712,170000,49.65,49.8,49.4,49.4,397,0
KGN,60,20240715,100000,49.4,49.9,49.4,49.7,474,0
KGN,60,20240715,110000,49.5,49.9,49.5,49.9,387,0
KGN,60,20240715,120000,49.9,50.5,49.8,50.1,880,0
KGN,60,20240715,130000,49.9,50.4,49.2,49.2,1125,0
KGN,60,20240715,140000,49.6,50.7,49.55,49.6,2344,0
KGN,60,20240715,150000,50.6,50.7,49.3,50,1813,0
KGN,60,20240715,160000,50,50,49.5,49.6,131,0
KGN,60,20240715,170000,49.75,50,49.75,50,27,0
KGN,60,20240716,100000,50.1,50.1,49.3,49.9,315,0
KGN,60,20240716,110000,49.35,49.7,48.55,48.6,3176,0
KGN,60,20240716,120000,48.55,49.05,48.45,48.45,946,0
KGN,60,20240716,130000,48.5,48.85,48.45,48.5,598,0
KGN,60,20240716,140000,48.5,48.95,48,48,1507,0
KGN,60,20240716,150000,48.05,48.05,48,48,879,0
KGN,60,20240716,160000,48,48.45,48,48.45,572,0
KGN,60,20240716,170000,48.2,48.5,48.1,48.5,555,0
KGN,60,20240717,100000,48.5,48.5,47.85,48.1,361,0
KGN,60,20240717,110000,48.1,48.1,47.85,47.85,492,0
KGN,60,20240717,120000,47.8,47.8,47.6,47.7,189,0
KGN,60,20240717,130000,47.8,48,47.8,48,275,0
KGN,60,20240717,140000,47.7,47.9,47.7,47.9,71,0
KGN,60,20240717,150000,47.6,47.6,47.3,47.3,261,0
KGN,60,20240717,160000,47.55,47.6,47.55,47.6,100,0
KGN,60,20240717,170000,47.5,48,47.1,48,1803,0
KGN,60,20240718,100000,47.9,48.1,47.15,48.1,233,0
KGN,60,20240718,110000,48.35,48.95,48.35,48.95,252,0
KGN,60,20240718,120000,48,48.1,48,48.1,202,0
KGN,60,20240718,130000,48.65,48.65,48.65,48.65,3,0
KGN,60,20240718,140000,48.65,48.65,48.25,48.3,326,0
KGN,60,20240718,150000,48.7,48.7,48.7,48.7,30,0
KGN,60,20240718,160000,48.75,48.75,48.7,48.7,144,0
KGN,60,20240718,170000,48.7,48.7,47.3,48,2232,0
KGN,60,20240719,100000,48.1,48.5,48,48.5,830,0
KGN,60,20240719,110000,48,48.5,48,48.5,130,0
KGN,60,20240719,120000,48.5,48.5,48.1,48.1,181,0
KGN,60,20240719,140000,48.65,48.65,48.65,48.65,56,0
KGN,60,20240719,160000,48.6,48.95,48.6,48.95,325,0
KGN,60,20240719,170000,48.95,48.95,48.9,48.95,177,0
KGN,60,20240722,100000,48.95,49,48.3,49,536,0
KGN,60,20240722,110000,49,49,48.65,48.65,141,0
KGN,60,20240722,120000,48.65,48.65,48.3,48.3,427,0
KGN,60,20240722,130000,48.3,48.3,48.25,48.25,148,0
KGN,60,20240722,140000,48.25,48.25,47.8,47.8,731,0
KGN,60,20240722,150000,47.8,47.8,47.8,47.8,179,0
KGN,60,20240722,160000,47.8,48,47.4,48,842,0
KGN,60,20240722,170000,48,48.3,48,48.3,83,0
KGN,60,20240723,100000,48.7,48.7,47,47.5,3204,0
KGN,60,20240723,110000,47.2,47.2,47,47,681,0
KGN,60,20240723,120000,47,47,46.6,47,1050,0
KGN,60,20240723,130000,47,47.3,47,47.3,127,0
KGN,60,20240723,140000,47.35,47.9,47.35,47.9,181,0
KGN,60,20240723,150000,47.9,48,47.9,48,251,0
KGN,60,20240723,170000,47.9,47.9,47.9,47.9,74,0
KGN,60,20240724,100000,47.9,47.9,47.4,47.45,130,0
KGN,60,20240724,110000,47.45,47.5,47.3,47.5,277,0
KGN,60,20240724,120000,47.5,47.5,47.5,47.5,70,0
KGN,60,20240724,130000,47.85,48,47.85,48,424,0
KGN,60,20240724,140000,47.95,47.95,47.6,47.6,86,0
KGN,60,20240724,150000,47.6,47.6,47.6,47.6,59,0
KGN,60,20240724,160000,47.65,47.95,47.6,47.95,489,0
KGN,60,20240724,170000,47.9,47.9,47.9,47.9,207,0
KGN,60,20240725,100000,47.6,47.6,46.8,47.3,902,0
KGN,60,20240725,110000,47.3,48,46.9,48,885,0
KGN,60,20240725,130000,47.6,47.6,47.5,47.5,276,0
KGN,60,20240725,140000,47.5,47.5,46.9,46.9,509,0
KGN,60,20240725,150000,47,47,46.9,46.9,71,0
KGN,60,20240725,160000,47.4,47.5,47,47,217,0
KGN,60,20240725,170000,47,47.8,46.8,47.8,455,0
KGN,60,20240726,100000,47.9,49.5,47.3,48.75,1289,0
KGN,60,20240726,110000,48.7,48.75,48.1,48.1,281,0
KGN,60,20240726,120000,48.9,48.9,48.9,48.9,5,0
KGN,60,20240726,130000,48.85,48.85,48.85,48.85,17,0
KGN,60,20240726,150000,48.4,48.5,48.4,48.5,26,0
KGN,60,20240726,160000,48.4,48.4,48.3,48.3,400,0
KGN,60,20240726,170000,48.25,48.6,47.9,48.6,1329,0
KGN,60,20240729,100000,48.05,48.5,47.55,48.5,351,0
KGN,60,20240729,110000,48.5,48.5,48.35,48.35,84,0
KGN,60,20240729,120000,48.35,48.5,48.35,48.5,933,0
KGN,60,20240729,130000,48.1,48.1,48,48,98,0
KGN,60,20240729,140000,48,48,47.8,48,400,0
KGN,60,20240729,150000,48,48,47.65,47.65,119,0
KGN,60,20240729,160000,48,48.3,48,48.3,160,0
KGN,60,20240729,170000,48,48,48,48,107,0
KGN,60,20240730,100000,47.7,48.55,47.55,47.55,112,0
KGN,60,20240730,110000,47.75,47.75,47.75,47.75,2,0
KGN,60,20240730,120000,47.75,48.95,47.6,47.6,1467,0
KGN,60,20240730,130000,47.6,48,47.5,48,703,0
KGN,60,20240730,140000,48.3,48.3,48.3,48.3,235,0
KGN,60,20240730,150000,48.3,48.4,48.3,48.4,275,0
KGN,60,20240730,160000,48.3,48.4,48,48.4,235,0
KGN,60,20240730,170000,48,48,48,48,105,0
KGN,60,20240731,100000,48,48,47.3,47.4,391,0
KGN,60,20240731,120000,48,48,47.5,47.5,85,0
KGN,60,20240731,130000,48,48,48,48,32,0
KGN,60,20240731,140000,48.15,48.15,48.15,48.15,25,0
KGN,60,20240731,160000,48.3,48.4,48.3,48.4,1500,0
KGN,60,20240731,170000,48,48,48,48,1600,0
KGN,60,20240801,100000,48.3,48.3,47.85,47.85,80,0
KGN,60,20240801,110000,47.85,48.2,47.65,48.2,177,0
KGN,60,20240801,120000,48,48.2,48,48.2,413,0
KGN,60,20240801,130000,47.7,48.2,47.7,48.15,156,0
KGN,60,20240801,140000,48.2,48.3,48.15,48.15,137,0
KGN,60,20240801,150000,48.2,48.2,48.2,48.2,7,0
KGN,60,20240801,160000,48.2,48.2,48.2,48.2,1,0
KGN,60,20240801,170000,48.2,48.2,47.65,47.65,327,0
KGN,60,20240802,100000,48,48,47.5,47.5,559,0
KGN,60,20240802,110000,47.5,48,47.5,48,51,0
KGN,60,20240802,130000,47.65,47.9,47.55,47.9,271,0
KGN,60,20240802,140000,48,48,47.6,47.6,70,0
KGN,60,20240802,150000,48.15,48.3,48.15,48.3,144,0
KGN,60,20240802,170000,47.75,48.1,47.7,48.1,168,0
KGN,60,20240805,100000,46.9,46.9,44.7,46,9626,0
KGN,60,20240805,110000,46,46.5,45.15,45.35,1058,0
KGN,60,20240805,120000,45.35,45.95,44.7,44.95,2909,0
KGN,60,20240805,130000,45,45,44.7,44.7,476,0
KGN,60,20240805,140000,45,45,44.25,44.25,3034,0
KGN,60,20240805,150000,44.1,44.8,42.4,44.6,1248,0
KGN,60,20240805,160000,44.6,44.9,44.2,44.8,1705,0
KGN,60,20240805,170000,44.9,45.8,44.1,45,452,0
KGN,60,20240806,100000,45.6,46.9,45.5,46.4,1547,0
KGN,60,20240806,110000,46.35,46.35,45.55,45.55,238,0
KGN,60,20240806,120000,45.6,45.6,44.6,44.6,1549,0
KGN,60,20240806,130000,44.8,44.8,44.7,44.7,14,0
KGN,60,20240806,140000,45.85,45.85,45.85,45.85,120,0
KGN,60,20240806,150000,45.75,45.75,45.6,45.75,79,0
KGN,60,20240806,170000,45.55,45.55,45.55,45.55,121,0
KGN,60,20240807,100000,48.3,48.8,48,48.2,2991,0
KGN,60,20240807,110000,48.9,48.9,48.3,48.85,231,0
KGN,60,20240807,120000,48.9,48.95,48.9,48.95,103,0
KGN,60,20240807,130000,48.85,48.95,48.7,48.7,267,0
KGN,60,20240807,140000,48.7,49.4,48.7,49.4,6569,0
KGN,60,20240807,150000,49.4,49.7,49.4,49.7,1530,0
KGN,60,20240807,160000,49.7,51,49,51,1856,0
KGN,60,20240807,170000,50,51,50,51,975,0
KGN,60,20240808,100000,51,51.2,50,50.2,573,0
KGN,60,20240808,110000,50.2,50.2,49.35,49.5,1242,0
KGN,60,20240808,120000,49.45,49.6,49.3,49.3,342,0
KGN,60,20240808,130000,49.3,49.3,49,49.2,546,0
KGN,60,20240808,140000,49.2,49.85,49.2,49.85,104,0
KGN,60,20240808,150000,49.05,49.65,49.05,49.65,187,0
KGN,60,20240808,160000,49,49.95,49,49.95,533,0
KGN,60,20240808,170000,49.9,50.4,49.9,50,1871,0
KGN,60,20240809,100000,50.2,50.7,50,50.2,528,0
KGN,60,20240809,110000,50.6,51.3,50.1,51.3,833,0
KGN,60,20240809,120000,51.4,51.8,51.3,51.3,523,0
KGN,60,20240809,130000,51.1,51.1,50.6,50.6,120,0
KGN,60,20240809,140000,50.6,50.9,50.6,50.7,126,0
KGN,60,20240809,150000,50.9,50.9,50.7,50.8,305,0
KGN,60,20240809,160000,50.8,50.8,50.7,50.7,82,0
KGN,60,20240809,170000,50.6,50.8,50.6,50.8,288,0
KGN,60,20240812,100000,51.6,51.6,50.5,50.5,213,0
KGN,60,20240812,110000,50.5,50.5,49.4,49.4,1052,0
KGN,60,20240812,120000,49.5,50.1,49.2,49.95,1106,0
KGN,60,20240812,130000,50,50.9,50,50.9,216,0
KGN,60,20240812,140000,50.1,50.1,50,50,165,0
KGN,60,20240812,150000,50.4,50.4,49.9,50.2,517,0
KGN,60,20240812,160000,50.4,50.4,50.2,50.2,222,0
KGN,60,20240812,170000,50.4,50.6,50.2,50.6,623,0
KGN,60,20240813,100000,50.6,50.6,49.9,49.9,711,0
KGN,60,20240813,110000,49.9,49.9,49.55,49.65,731,0
KGN,60,20240813,120000,49.8,49.8,49.8,49.8,100,0
KGN,60,20240813,130000,50.2,50.2,50.2,50.2,8,0
KGN,60,20240813,140000,50.3,50.3,50.3,50.3,40,0
KGN,60,20240813,150000,50.1,50.1,49.55,50,668,0
KGN,60,20240813,160000,50.1,50.1,49.6,49.6,422,0
KGN,60,20240813,170000,49.9,49.9,49.4,49.4,831,0
KGN,60,20240814,100000,49.8,49.8,49.45,49.45,37,0
KGN,60,20240814,110000,49.4,49.4,49.4,49.4,97,0
KGN,60,20240814,140000,49.45,49.45,49.4,49.4,170,0
KGN,60,20240814,150000,49.4,49.4,49.4,49.4,25,0
KGN,60,20240814,160000,49.4,49.4,49.4,49.4,70,0
KGN,60,20240814,170000,49.4,50,49.4,50,30,0
KGN,60,20240816,100000,50.4,50.7,49.8,50.7,588,0
KGN,60,20240816,110000,50.8,50.8,49.95,49.95,164,0
KGN,60,20240816,130000,50.3,50.4,47,49.5,8450,0
KGN,60,20240816,140000,49.3,49.45,48.8,49.25,255,0
KGN,60,20240816,150000,48.9,49.2,48.9,49.2,160,0
KGN,60,20240816,160000,49.25,49.4,48,48.85,3324,0
KGN,60,20240816,170000,48.85,49.35,48.5,49,592,0
KGN,60,20240819,100000,49.25,49.25,49,49,365,0
KGN,60,20240819,110000,48.6,49.4,48.55,49.4,1027,0
KGN,60,20240819,120000,48.65,48.65,48.6,48.6,50,0
KGN,60,20240819,130000,49.15,49.2,48.65,48.65,203,0
KGN,60,20240819,140000,48.65,48.65,48.65,48.65,90,0
KGN,60,20240819,150000,48.65,49.15,48.5,49.15,452,0
KGN,60,20240819,160000,48.55,48.55,48.55,48.55,30,0
KGN,60,20240819,170000,48.6,48.8,48.6,48.8,211,0
KGN,60,20240820,100000,48.5,50.9,48.5,49.2,1791,0
KGN,60,20240820,110000,49.15,49.2,48.8,49.2,855,0
KGN,60,20240820,120000,49.1,49.1,49.1,49.1,3,0
KGN,60,20240820,130000,49.1,49.2,49.1,49.2,209,0
KGN,60,20240820,140000,49.2,49.6,48.9,49.6,83,0
KGN,60,20240820,150000,49.4,49.4,49.4,49.4,3,0
KGN,60,20240820,160000,48.9,48.9,48.7,48.7,611,0
KGN,60,20240820,170000,48.8,50.8,48.8,50.6,1115,0
KGN,60,20240821,100000,50.5,50.5,49.15,49.95,384,0
KGN,60,20240821,110000,49.25,49.25,49.25,49.25,37,0
KGN,60,20240821,120000,49.3,49.8,49.3,49.7,167,0
KGN,60,20240821,130000,49.25,49.25,49,49.1,1305,0
KGN,60,20240821,140000,49,49.05,48.7,49.05,2599,0
KGN,60,20240821,150000,49.05,49.15,49.05,49.15,181,0
KGN,60,20240821,160000,49.05,49.05,48.85,48.85,112,0
KGN,60,20240821,170000,48.85,49.3,48.8,49.3,343,0
KGN,60,20240822,100000,49,50.2,49,50.2,1253,0
KGN,60,20240822,110000,49.9,50.3,49.9,50.2,952,0
KGN,60,20240822,120000,50.2,50.3,50.2,50.3,106,0
KGN,60,20240822,130000,50.1,50.3,50.1,50.3,867,0
KGN,60,20240822,140000,50.2,50.2,49.95,49.95,627,0
KGN,60,20240822,150000,50,50,50,50,130,0
KGN,60,20240822,160000,50,50,50,50,31,0
KGN,60,20240822,170000,50,50,49.7,49.8,1522,0
KGN,60,20240823,100000,50,50,49.9,50,200,0
KGN,60,20240823,110000,49.8,49.8,49.5,49.5,279,0
KGN,60,20240823,120000,49.45,49.8,49.45,49.65,940,0
KGN,60,20240823,130000,49.95,50.2,49.7,50.2,305,0
KGN,60,20240823,140000,50.3,50.3,49.8,49.95,324,0
KGN,60,20240823,150000,49.75,49.75,49.75,49.75,90,0
KGN,60,20240823,160000,49.95,49.95,49.95,49.95,112,0
KGN,60,20240823,170000,50.1,50.3,50.1,50.3,160,0
KGN,60,20240826,100000,50.2,50.6,50.1,50.1,308,0
KGN,60,20240826,110000,50.4,50.5,50.2,50.2,166,0
KGN,60,20240826,120000,50.2,50.2,50.2,50.2,42,0
KGN,60,20240826,130000,50.1,50.1,50,50,259,0
KGN,60,20240826,150000,50.1,50.1,50.1,50.1,40,0
KGN,60,20240826,160000,50.1,50.2,50.1,50.2,295,0
KGN,60,20240826,170000,49.95,49.95,48.8,49.85,2044,0
KGN,60,20240827,100000,49.4,50.3,49.4,50.3,317,0
KGN,60,20240827,110000,49.9,49.9,49.9,49.9,20,0
KGN,60,20240827,130000,49.45,50.1,49.45,50.1,211,0
KGN,60,20240827,140000,49.25,49.25,49.2,49.2,100,0
KGN,60,20240827,150000,49.25,49.25,49.25,49.25,24,0
KGN,60,20240827,170000,49.3,49.7,49.25,49.7,308,0
KGN,60,20240828,100000,49.65,49.65,48.6,48.6,461,0
KGN,60,20240828,110000,49.45,49.45,48.75,48.75,34,0
KGN,60,20240828,120000,48.75,48.75,48.1,48.4,1769,0
KGN,60,20240828,130000,48.85,49.5,48.8,49.5,571,0
KGN,60,20240828,140000,49.5,49.5,49.5,49.5,152,0
KGN,60,20240828,150000,48.75,48.75,48.7,48.7,108,0
KGN,60,20240828,170000,48.7,49.7,48,49,6602,0
KGN,60,20240829,100000,49,49,48.3,48.8,242,0
KGN,60,20240829,110000,48.95,49.5,48.5,48.7,541,0
KGN,60,20240829,130000,48.8,49.4,48.8,49.4,32,0
KGN,60,20240829,140000,49.4,50,49.4,49.9,2108,0
KGN,60,20240829,150000,49.9,50,49.85,50,343,0
KGN,60,20240829,160000,50,50.3,49.9,50.1,364,0
KGN,60,20240829,170000,50,50.1,49,49,863,0
KGN,60,20240830,100000,49.05,49.05,49,49,70,0
KGN,60,20240830,110000,49.5,49.5,49.5,49.5,4,0
KGN,60,20240830,120000,49.85,50.2,49.85,49.9,612,0
KGN,60,20240830,130000,49.9,49.9,49.7,49.7,135,0
KGN,60,20240830,150000,49.7,49.95,49.65,49.95,558,0
KGN,60,20240830,160000,50.1,50.1,50.1,50.1,2,0
KGN,60,20240830,170000,50,50.2,50,50.2,124,0
KGN,60,20240902,100000,50.3,50.8,50.1,50.8,437,0
KGN,60,20240902,110000,50.8,50.8,50,50,471,0
KGN,60,20240902,130000,50.7,50.7,50.1,50.1,131,0
KGN,60,20240902,140000,50.6,52.6,50.6,52.6,5566,0
KGN,60,20240902,150000,52.6,52.7,51.9,52.5,1294,0
KGN,60,20240902,160000,52.5,52.6,51.7,52.2,723,0
KGN,60,20240902,170000,52.2,52.6,52,52.5,2385,0
KGN,60,20240903,100000,52.6,54.8,52.6,54.4,24584,0
KGN,60,20240903,110000,54.2,54.6,53.9,53.9,3549,0
KGN,60,20240903,120000,53.9,54,53.9,53.9,172,0
KGN,60,20240903,130000,53.9,54.5,53.7,54.5,914,0
KGN,60,20240903,140000,54.2,54.3,53.7,54.3,71,0
KGN,60,20240903,150000,54.2,55.8,54.2,54.3,3553,0
KGN,60,20240903,160000,54.3,54.5,54.3,54.5,589,0
KGN,60,20240903,170000,54.5,54.5,52.4,52.9,3969,0
KGN,60,20240904,100000,52.8,53.3,51.2,51.9,2326,0
KGN,60,20240904,110000,52.4,52.5,52.4,52.5,21,0
KGN,60,20240904,120000,52.3,53.3,52.3,53.3,241,0
KGN,60,20240904,130000,53.4,53.5,52.9,53.5,456,0
KGN,60,20240904,140000,53.5,53.5,52.9,52.9,1986,0
KGN,60,20240904,150000,52.9,52.9,52.7,52.7,204,0
KGN,60,20240904,160000,53.1,53.4,52.8,53,939,0
KGN,60,20240904,170000,53,53.4,53,53.4,331,0
KGN,60,20240905,100000,53.2,54,53,53,92,0
KGN,60,20240905,110000,53.9,54.3,53.7,54.3,1941,0
KGN,60,20240905,120000,54.3,54.7,53.5,54,925,0
KGN,60,20240905,130000,54.1,54.6,54,54,116,0
KGN,60,20240905,140000,54,54.1,54,54,2035,0
KGN,60,20240905,150000,54,54.4,54,54,104,0
KGN,60,20240905,160000,53.8,54.1,52.8,52.8,483,0
KGN,60,20240905,170000,52.8,53.5,52.8,52.8,72,0
KGN,60,20240906,100000,52.8,52.8,51,52.8,715,0
KGN,60,20240906,110000,52.3,52.3,52.3,52.3,100,0
KGN,60,20240906,120000,52.4,52.4,51.8,51.8,156,0
KGN,60,20240906,130000,52,52,52,52,69,0
KGN,60,20240906,140000,52.1,52.1,51.8,51.8,372,0
KGN,60,20240906,150000,52.2,52.5,52.2,52.5,184,0
KGN,60,20240906,170000,52.5,52.5,52.5,52.5,134,0
KGN,60,20240909,100000,52.5,52.5,51.5,51.9,689,0
KGN,60,20240909,110000,51.7,51.7,51.7,51.7,8,0
KGN,60,20240909,120000,51.7,51.8,51.7,51.7,140,0
KGN,60,20240909,130000,51.7,52.5,51.3,52.5,175,0
KGN,60,20240909,160000,51.4,51.4,51.2,51.3,100,0
KGN,60,20240909,170000,52.2,52.4,52,52.4,133,0
KGN,60,20240910,100000,51.8,53.2,51.3,51.4,1232,0
KGN,60,20240910,110000,51.9,51.9,51.5,51.9,164,0
KGN,60,20240910,120000,51.6,51.6,51.5,51.5,160,0
KGN,60,20240910,130000,51.5,51.9,51.5,51.9,149,0
KGN,60,20240910,140000,51.6,51.9,51.5,51.6,788,0
KGN,60,20240910,160000,51.6,51.6,51.6,51.6,61,0
KGN,60,20240910,170000,52,52,51.5,51.9,454,0
KGN,60,20240911,100000,51.5,51.9,50,51,2182,0
KGN,60,20240911,110000,51,51,51,51,321,0
KGN,60,20240911,120000,51,51.3,51,51,454,0
KGN,60,20240911,130000,51.4,52.1,51.4,52.1,1273,0
KGN,60,20240911,150000,51.3,51.5,51.3,51.5,181,0
KGN,60,20240911,160000,51.5,52,51.2,51.2,297,0
KGN,60,20240911,170000,51.5,51.9,51.5,51.9,290,0
KGN,60,20240912,100000,52,53,52,52.2,615,0
KGN,60,20240912,110000,52.9,53.8,52.9,53.7,545,0
KGN,60,20240912,120000,53.7,54.7,53.7,54,833,0
KGN,60,20240912,130000,53.8,53.8,53.5,53.5,149,0
KGN,60,20240912,140000,53.4,53.4,52.7,52.7,116,0
KGN,60,20240912,150000,52.7,54,52.7,54,33,0
KGN,60,20240912,160000,53.3,53.3,53.3,53.3,7,0
KGN,60,20240912,170000,52.9,53.7,52.9,53.7,58,0
KGN,60,20240913,100000,53.7,54.5,53.7,53.8,302,0
KGN,60,20240913,110000,53.7,54,53.2,53.9,555,0
KGN,60,20240913,120000,53.9,54,52.2,53,1362,0
KGN,60,20240913,140000,53,53.1,53,53,303,0
KGN,60,20240913,150000,52.9,53,52.9,53,24,0
KGN,60,20240913,160000,52.9,52.9,52.9,52.9,19,0
KGN,60,20240913,170000,53.2,54.4,53.2,54.4,1708,0
KGN,60,20240916,100000,53.1,54,50.8,53.6,5447,0
KGN,60,20240916,110000,53.5,53.5,53.3,53.3,235,0
KGN,60,20240916,120000,53.3,53.3,52.6,52.9,282,0
KGN,60,20240916,130000,52.9,52.9,51.6,52.4,728,0
KGN,60,20240916,140000,52.3,52.7,52.2,52.5,771,0
KGN,60,20240916,150000,52.5,52.5,51.7,51.8,794,0
KGN,60,20240916,160000,52.1,52.1,51.6,52,529,0
KGN,60,20240916,170000,52,52,51.3,51.7,921,0
KGN,60,20240917,100000,51.7,52.6,51,52.5,1894,0
KGN,60,20240917,110000,52,52,51.1,51.1,1896,0
KGN,60,20240917,120000,51.1,51.4,50.5,51.4,1597,0
KGN,60,20240917,130000,51.2,51.4,51.2,51.4,310,0
KGN,60,20240917,140000,51,51.2,50.7,51.2,1372,0
KGN,60,20240917,150000,50.8,51,50.6,50.8,672,0
KGN,60,20240917,160000,50.8,50.8,50.6,50.6,125,0
KGN,60,20240917,170000,51,51.1,50.9,50.9,225,0
KGN,60,20240918,100000,51.1,51.6,51.1,51.4,291,0
KGN,60,20240918,110000,51.3,51.3,51.3,51.3,46,0
KGN,60,20240918,120000,51.4,51.9,51.4,51.4,479,0
KGN,60,20240918,130000,51.6,51.6,51.6,51.6,321,0
KGN,60,20240918,140000,51.6,51.6,51.4,51.4,230,0
KGN,60,20240918,150000,51.8,51.8,51.8,51.8,53,0
KGN,60,20240918,160000,51.7,52.9,51.7,52.9,1033,0
KGN,60,20240918,170000,52.8,52.9,52.1,52.1,707,0
KGN,60,20240919,100000,52.7,53.7,52.7,53,2347,0
KGN,60,20240919,110000,53,53,52.5,52.5,337,0
KGN,60,20240919,130000,53,53.2,53,53.2,300,0
KGN,60,20240919,140000,52.9,53.4,52.9,52.9,789,0
KGN,60,20240919,150000,53.2,53.5,53.2,53.5,1037,0
KGN,60,20240919,160000,53.5,53.7,52.9,52.9,1366,0
KGN,60,20240919,170000,52.9,52.9,52.6,52.8,669,0
KGN,60,20240920,100000,53,53.5,53,53.5,63,0
KGN,60,20240920,110000,53.3,53.6,53.1,53.2,164,0
KGN,60,20240920,120000,53.2,53.2,53.2,53.2,1,0
KGN,60,20240920,130000,53,53,53,53,540,0
KGN,60,20240920,140000,53,53,53,53,40,0
KGN,60,20240920,150000,53.1,53.5,53,53.5,277,0
KGN,60,20240920,160000,53.5,53.5,53,53,244,0
KGN,60,20240920,170000,52.8,52.8,52.1,52.1,1366,0
KGN,60,20240923,100000,52.3,53.3,52.3,52.3,495,0
KGN,60,20240923,110000,52.3,52.8,52.3,52.4,355,0
KGN,60,20240923,120000,52.8,53.5,52.2,53.5,1314,0
KGN,60,20240923,130000,53.5,53.5,52.3,52.3,298,0
KGN,60,20240923,140000,53,53,53,53,220,0
KGN,60,20240923,150000,52.6,53.3,52.6,53.3,44,0
KGN,60,20240923,160000,53.3,53.3,53.3,53.3,385,0
KGN,60,20240923,170000,53,53.5,53,53.5,736,0
KGN,60,20240924,100000,53.5,53.7,53.5,53.6,60,0
KGN,60,20240924,110000,53.2,54.2,53.2,54.2,582,0
KGN,60,20240924,120000,54.3,54.9,53.7,54.8,4632,0
KGN,60,20240924,130000,54.6,54.9,53.8,53.8,1061,0
KGN,60,20240924,140000,53.8,53.8,53.8,53.8,15,0
KGN,60,20240924,150000,54,54,53.8,53.8,155,0
KGN,60,20240924,160000,54.2,54.5,53.7,53.7,115,0
KGN,60,20240924,170000,54.4,54.4,53.5,54.3,2003,0
KGN,60,20240925,100000,54.3,55.4,53.7,55.4,3189,0
KGN,60,20240925,110000,55.4,56.7,55.4,56.6,2801,0
KGN,60,20240925,120000,56.7,57.8,56.5,56.5,1574,0
KGN,60,20240925,130000,56.5,57,56.5,56.5,2118,0
KGN,60,20240925,140000,56.5,57.2,56.5,56.8,3287,0
KGN,60,20240925,150000,57,57.5,56.6,57.5,1168,0
KGN,60,20240925,160000,57.2,57.5,57.2,57.2,46,0
KGN,60,20240925,170000,57.4,58.5,57.3,58.3,4283,0
KGN,60,20240926,100000,58.3,59.3,57.2,57.2,2281,0
KGN,60,20240926,110000,57.8,57.8,56.6,57,643,0
KGN,60,20240926,120000,57.7,57.7,57.1,57.1,45,0
KGN,60,20240926,140000,57.3,57.3,57.1,57.1,311,0
KGN,60,20240926,150000,57.1,57.5,57.1,57.5,92,0
KGN,60,20240926,160000,57.1,57.1,56.8,56.8,215,0
KGN,60,20240926,170000,56.8,56.8,56.5,56.5,190,0
KGN,60,20240927,100000,56,57.1,55.5,55.8,693,0
KGN,60,20240927,110000,56.4,57,56,56,253,0
KGN,60,20240927,120000,56,57.7,56,57.7,1299,0
KGN,60,20240927,130000,56.4,57.5,56.4,56.5,127,0
KGN,60,20240927,140000,57.4,57.5,57.4,57.5,154,0
KGN,60,20240927,150000,57,57.7,57,57.7,109,0
KGN,60,20240927,160000,57.7,57.8,57.3,57.3,175,0
KGN,60,20240927,170000,57.8,57.8,57.7,57.7,92,0
KGN,60,20240930,100000,58.4,58.8,57.7,57.7,542,0
KGN,60,20240930,110000,57.2,57.2,57.2,57.2,20,0
KGN,60,20240930,120000,57.3,57.3,57.2,57.2,297,0
KGN,60,20240930,130000,57.3,57.5,57.3,57.5,115,0
KGN,60,20240930,140000,57.6,57.7,57.3,57.7,135,0
KGN,60,20240930,160000,57.3,57.8,57.3,57.8,140,0
KGN,60,20240930,170000,57.8,57.9,57.1,57.8,669,0
KGN,60,20241001,100000,58.4,58.4,58.4,58.4,18,0
KGN,60,20241001,110000,58,58.3,57.6,58.3,1230,0
KGN,60,20241001,120000,58.2,58.2,58.2,58.2,1,0
KGN,60,20241001,130000,57.7,57.9,57.5,57.9,190,0
KGN,60,20241001,140000,57.8,58,57.6,57.6,123,0
KGN,60,20241001,160000,58,58,57.6,57.6,118,0
KGN,60,20241001,170000,57.6,57.6,57,57.5,514,0
KGN,60,20241002,100000,57.8,57.8,56.9,57.5,217,0
KGN,60,20241002,110000,57,57,56.9,56.9,50,0
KGN,60,20241002,120000,56.9,56.9,56.9,56.9,40,0
KGN,60,20241002,130000,56.9,56.9,56.9,56.9,65,0
KGN,60,20241002,140000,56.9,56.9,56.9,56.9,11,0
KGN,60,20241002,150000,56.8,56.9,56.5,56.9,568,0
KGN,60,20241002,160000,56.5,56.5,56.1,56.1,89,0
KGN,60,20241002,170000,56.3,56.4,55.7,56.2,630,0
KGN,60,20241003,100000,56.1,56.2,55.5,55.8,1062,0
KGN,60,20241003,110000,55.5,56.2,55.5,55.8,277,0
KGN,60,20241003,120000,56,56.1,56,56,361,0
KGN,60,20241003,130000,55.8,56,55.8,56,480,0
KGN,60,20241003,140000,55.8,56,55.8,56,810,0
KGN,60,20241003,150000,56,56,55.9,55.9,437,0
KGN,60,20241003,170000,55.8,56,55.8,55.8,330,0
KGN,60,20241004,100000,56.2,57,55.8,56.8,712,0
KGN,60,20241004,110000,56.8,56.8,56.1,56.7,100,0
KGN,60,20241004,120000,56.8,57,56.8,57,148,0
KGN,60,20241004,130000,56.9,56.9,56.6,56.7,913,0
KGN,60,20241004,140000,56.7,56.8,56.2,56.8,316,0
KGN,60,20241004,150000,56.2,56.2,56.2,56.2,10,0
KGN,60,20241004,160000,56.2,56.2,56.2,56.2,1,0
KGN,60,20241004,170000,56.5,56.8,54.5,56,4652,0
KGN,60,20241007,100000,56,56.6,56,56.1,302,0
KGN,60,20241007,110000,56.5,56.5,56.5,56.5,5,0
KGN,60,20241007,120000,56.2,56.5,56,56.5,434,0
KGN,60,20241007,130000,56.1,56.1,54.6,54.6,630,0
KGN,60,20241007,140000,54.9,55,54.9,55,1000,0
KGN,60,20241007,150000,55.7,55.7,55.7,55.7,3,0
KGN,60,20241007,160000,55,58.7,53.9,57.1,6227,0
KGN,60,20241007,170000,56.5,56.5,55.1,55.1,1447,0
KGN,60,20241008,100000,55,55.2,54.8,55,174,0
KGN,60,20241008,110000,55.1,55.8,55.1,55.8,26,0
KGN,60,20241008,120000,55.1,55.8,54.9,54.9,933,0
KGN,60,20241008,130000,54.9,55,54.9,55,188,0
KGN,60,20241008,150000,55.1,55.1,55,55,1075,0
KGN,60,20241008,160000,55,55,54,54,3429,0
KGN,60,20241008,170000,54.5,55,54.2,54.9,322,0
KGN,60,20241009,100000,55,55.9,55,55.9,810,0
KGN,60,20241009,110000,56,57,56,56,775,0
KGN,60,20241009,120000,56.3,57.1,56.3,57.1,751,0
KGN,60,20241009,130000,57.1,57.1,56.4,56.4,960,0
KGN,60,20241009,140000,56.4,57.1,56.4,57.1,238,0
KGN,60,20241009,150000,57.1,57.3,57,57.3,1195,0
KGN,60,20241009,160000,57.3,57.3,57,57,340,0
KGN,60,20241009,170000,57.3,57.5,57,57,773,0
KGN,60,20241010,100000,58,58.4,57.4,57.7,2212,0
KGN,60,20241010,110000,58,58.5,58,58.5,818,0
KGN,60,20241010,120000,58.5,59,58.5,59,990,0
KGN,60,20241010,130000,59,59,58.8,58.9,1722,0
KGN,60,20241010,140000,58.9,58.9,58.1,58.8,285,0
KGN,60,20241010,150000,58.8,58.9,57.9,58,541,0
KGN,60,20241010,160000,58,58,58,58,118,0
KGN,60,20241010,170000,58.5,58.7,58,58,292,0
KGN,60,20241011,100000,58.6,58.7,57.6,58,386,0
KGN,60,20241011,110000,58,58,58,58,8,0
KGN,60,20241011,120000,58.5,58.7,58.2,58.2,43,0
KGN,60,20241011,130000,58.5,58.7,58.5,58.7,274,0
KGN,60,20241011,140000,58.7,59,58.7,58.9,556,0
KGN,60,20241011,150000,58.8,58.8,58.8,58.8,190,0
KGN,60,20241011,160000,58.7,58.8,58.7,58.8,222,0
KGN,60,20241011,170000,58.7,58.9,57.9,58.8,228,0
KGN,60,20241014,100000,58.3,58.3,58.2,58.2,110,0
KGN,60,20241014,110000,58.8,58.8,58.3,58.3,48,0
KGN,60,20241014,120000,58.3,58.8,58,58,1133,0
KGN,60,20241014,130000,58,60,58,59.9,3009,0
KGN,60,20241014,140000,59.9,60,59.2,59.3,1608,0
KGN,60,20241014,150000,59.4,59.4,59.3,59.3,522,0
KGN,60,20241014,170000,59.4,59.8,59.4,59.8,345,0
KGN,60,20241015,100000,60.2,61.3,59.8,61.3,3491,0
KGN,60,20241015,110000,61.3,61.8,61.3,61.8,2228,0
KGN,60,20241015,120000,61.8,62,61.4,61.4,1849,0
KGN,60,20241015,130000,61.5,63,61.4,62.8,2203,0
KGN,60,20241015,140000,62.9,63.4,62.9,63.2,2123,0
KGN,60,20241015,150000,63.1,63.3,63,63,2310,0
KGN,60,20241015,160000,63,63.5,63,63,1211,0
KGN,60,20241015,170000,63.4,63.5,63,63.3,1228,0
KGN,60,20241016,100000,63.5,63.5,63.4,63.5,360,0
KGN,60,20241016,110000,63.2,63.5,62,62.2,460,0
KGN,60,20241016,120000,62.4,63.5,62.4,63,358,0
KGN,60,20241016,130000,63,64,62,63.8,980,0
KGN,60,20241016,140000,63.8,63.8,62.4,62.4,117,0
KGN,60,20241016,150000,62.6,63,62.1,62.1,389,0
KGN,60,20241016,160000,62.1,62.1,61.8,62,775,0
KGN,60,20241016,170000,62.5,62.8,62,62.1,142,0
KGN,60,20241017,100000,62.1,62.5,60.9,61,1206,0
KGN,60,20241017,110000,61.4,61.4,61.4,61.4,46,0
KGN,60,20241017,120000,61.2,61.4,61.2,61.4,65,0
KGN,60,20241017,130000,61.4,61.4,61.4,61.4,70,0
KGN,60,20241017,140000,61.2,61.2,61.1,61.1,433,0
KGN,60,20241017,150000,61,61.2,61,61.2,405,0
KGN,60,20241017,160000,61,61.2,60.7,60.7,508,0
KGN,60,20241017,170000,60.7,61.8,60.4,60.4,922,0
KGN,60,20241018,100000,60.1,61.4,60.1,61.4,599,0
KGN,60,20241018,110000,61.7,62,61.7,62,416,0
KGN,60,20241018,150000,61.2,61.2,61.2,61.2,10,0
KGN,60,20241018,160000,61.8,61.8,61.4,61.4,40,0
KGN,60,20241018,170000,61.2,61.7,60.9,61.6,118,0
KGN,60,20241021,100000,61.7,62.9,61.6,62.6,447,0
KGN,60,20241021,110000,62.2,62.2,61.8,62.2,184,0
KGN,60,20241021,120000,62.4,62.4,61.8,61.8,165,0
KGN,60,20241021,130000,62.3,62.5,62.3,62.5,164,0
KGN,60,20241021,140000,62.5,62.5,62.5,62.5,5,0
KGN,60,20241021,160000,62.4,62.5,62.4,62.5,140,0
KGN,60,20241021,170000,62.3,62.3,60.8,60.8,859,0
KGN,60,20241022,100000,60.4,60.5,60,60.4,321,0
KGN,60,20241022,110000,61,61,61,61,241,0
KGN,60,20241022,120000,61,61,61,61,5,0
KGN,60,20241022,130000,61,61.2,60.2,61.2,356,0
KGN,60,20241022,150000,61.8,61.9,61.3,61.3,301,0
KGN,60,20241022,160000,61.3,61.3,59.6,59.6,1466,0
KGN,60,20241022,170000,60.6,61.6,60.4,61.6,801,0
KGN,60,20241023,100000,61.5,62.3,60.8,62,717,0
KGN,60,20241023,110000,61,61.5,60.6,61.5,755,0
KGN,60,20241023,120000,61.5,61.5,61.5,61.5,18,0
KGN,60,20241023,130000,60.6,61.8,60.4,60.4,178,0
KGN,60,20241023,140000,61.2,61.2,60.1,60.1,190,0
KGN,60,20241023,150000,60.2,61.1,59.6,60.8,960,0
KGN,60,20241023,160000,60.8,61.7,60.8,61.7,636,0
KGN,60,20241023,170000,60.1,62,60.1,62,1031,0
KGN,60,20241024,100000,62.1,62.2,61.7,62,124,0
KGN,60,20241024,110000,61.8,61.8,60.4,61.6,548,0
KGN,60,20241024,120000,60.6,61,60.6,61,68,0
KGN,60,20241024,140000,61,61,61,61,1,0
KGN,60,20241024,160000,61.5,61.5,60.7,60.7,31,0
KGN,60,20241024,170000,60.7,61.4,60.5,61.4,556,0
KGN,60,20241025,100000,61.7,61.7,60.4,60.4,701,0
KGN,60,20241025,110000,60.9,60.9,60.6,60.6,675,0
KGN,60,20241025,130000,60.7,60.7,60.6,60.6,513,0
KGN,60,20241025,140000,60.7,61.2,60.7,61.2,139,0
KGN,60,20241025,150000,60.7,60.7,60.7,60.7,186,0
KGN,60,20241025,160000,60.9,60.9,60.9,60.9,86,0
KGN,60,20241025,170000,60.6,60.7,59.8,60.6,2385,0
KGN,60,20241028,100000,60.7,60.7,60.3,60.3,107,0
KGN,60,20241028,110000,60.3,60.5,60,60.1,223,0
KGN,60,20241028,120000,60.5,61,60.5,60.6,578,0
KGN,60,20241028,130000,60.9,61.3,60.9,61,1585,0
KGN,60,20241028,140000,61,61,60.7,60.7,113,0
KGN,60,20241028,160000,60.1,60.6,60,60.6,157,0
KGN,60,20241028,170000,60.6,60.7,60.6,60.7,151,0
KGN,60,20241029,100000,60.7,60.7,60.1,60.1,692,0
KGN,60,20241029,120000,60.2,60.7,60.1,60.4,1403,0
KGN,60,20241029,130000,60.5,60.5,60.2,60.2,61,0
KGN,60,20241029,140000,60.6,60.7,60.6,60.7,212,0
KGN,60,20241029,150000,60.6,60.6,60.6,60.6,104,0
KGN,60,20241029,160000,60.6,60.6,60.4,60.4,111,0
KGN,60,20241029,170000,60.4,60.6,60,60,328,0
KGN,60,20241030,100000,60,60.7,59.8,59.8,540,0
KGN,60,20241030,110000,59.9,59.9,59.8,59.8,281,0
KGN,60,20241030,120000,59.9,60.7,59.8,59.8,344,0
KGN,60,20241030,130000,59.7,59.8,59.7,59.7,10,0
KGN,60,20241030,140000,60,60,60,60,46,0
KGN,60,20241030,150000,59.8,60,59.1,60,961,0
KGN,60,20241030,160000,59.1,60,59,60,954,0
KGN,60,20241030,170000,59.2,59.7,59.2,59.7,64,0
KGN,60,20241031,100000,59.7,59.7,58.1,59.7,664,0
KGN,60,20241031,110000,59.5,60,58,60,2132,0
KGN,60,20241031,120000,58.7,59.4,58.6,59.4,511,0
KGN,60,20241031,130000,59,59.4,59,59.4,150,0
KGN,60,20241031,140000,59.4,59.8,59.4,59.8,700,0
KGN,60,20241031,150000,59.4,59.4,59.4,59.4,70,0
KGN,60,20241031,160000,59,59.6,58.9,59.6,130,0
KGN,60,20241031,170000,59.4,59.6,58.8,59.6,537,0
KGN,60,20241104,100000,59.9,60,58.9,59.6,1310,0
KGN,60,20241104,110000,59.6,59.6,59.6,59.6,8,0
KGN,60,20241104,120000,59.6,59.6,58.9,58.9,84,0
KGN,60,20241104,130000,58.8,58.8,58.8,58.8,288,0
KGN,60,20241104,140000,58.9,59.4,58.9,59.4,61,0
KGN,60,20241104,150000,59,59,58.5,58.5,500,0
KGN,60,20241104,160000,59,59.4,59,59.4,25,0
KGN,60,20241104,170000,59,59.2,58.4,58.4,385,0
KGN,60,20241105,100000,59.5,59.5,59,59,680,0
KGN,60,20241105,120000,59,59.3,59,59.3,170,0
KGN,60,20241105,130000,59.4,59.5,59.4,59.4,274,0
KGN,60,20241105,140000,59.3,59.3,59.3,59.3,8,0
KGN,60,20241105,170000,59.2,59.2,58.8,58.8,52,0
KGN,60,20241106,100000,59,60,58.8,60,602,0
KGN,60,20241106,110000,60,60,59.9,60,1084,0
KGN,60,20241106,120000,60,60.8,59.8,60.3,2799,0
KGN,60,20241106,130000,60.4,60.4,59.8,59.8,418,0
KGN,60,20241106,140000,60,60,59.8,59.8,2,0
KGN,60,20241106,150000,59.8,59.8,59.6,59.6,145,0
KGN,60,20241106,160000,59.8,59.8,59.6,59.6,112,0
KGN,60,20241106,170000,59.6,59.6,59.6,59.6,235,0
KGN,60,20241107,100000,59.6,59.6,59.2,59.2,834,0
KGN,60,20241107,110000,59.2,59.9,59.2,59.9,162,0
KGN,60,20241107,120000,60,60,59.9,59.9,80,0
KGN,60,20241107,130000,59.9,60,59.6,60,288,0
KGN,60,20241107,140000,59.8,59.8,59.8,59.8,39,0
KGN,60,20241107,150000,59.5,59.6,59.2,59.2,535,0
KGN,60,20241107,160000,59.4,59.8,59.4,59.8,197,0
KGN,60,20241107,170000,59.8,59.8,59.6,59.8,252,0
KGN,60,20241108,100000,60,60,59.4,59.4,173,0
KGN,60,20241108,110000,59.4,60,59.3,60,115,0
KGN,60,20241108,120000,59.5,59.5,59,59.5,989,0
KGN,60,20241108,130000,59,59.5,59,59.5,208,0
KGN,60,20241108,140000,59.2,62,58.8,61.9,2445,0
KGN,60,20241108,150000,61.9,61.9,61,61,295,0
KGN,60,20241108,160000,61.2,61.2,61,61,315,0
KGN,60,20241108,170000,61.1,61.6,61.1,61.6,627,0
KGN,60,20241112,100000,62.2,62.6,61.8,62.6,810,0
KGN,60,20241112,110000,62.3,63.1,62.3,63.1,1894,0
KGN,60,20241112,120000,63,63.1,60.5,62.9,889,0
KGN,60,20241112,130000,62,63.1,61.3,63,700,0
KGN,60,20241112,140000,62.6,63,62.6,63,326,0
KGN,60,20241112,150000,62.2,62.3,62,62.3,558,0
KGN,60,20241112,160000,61.9,62.1,61.9,62.1,11,0
KGN,60,20241112,170000,62.1,62.1,61.8,62,125,0
KGN,60,20241113,100000,62.5,62.5,62.5,62.5,9,0
KGN,60,20241113,110000,61.5,62.4,60.8,62,438,0
KGN,60,20241113,120000,62,62,61,61,135,0
KGN,60,20241113,130000,61,61,60.6,61,381,0
KGN,60,20241113,140000,61,61,60.4,60.4,367,0
KGN,60,20241113,160000,60.6,60.6,60.5,60.5,117,0
KGN,60,20241113,170000,60.5,60.9,60.5,60.9,59,0
KGN,60,20241114,100000,60.5,61.8,60.1,60.3,779,0
KGN,60,20241114,110000,60.3,60.3,60.3,60.3,45,0
KGN,60,20241114,120000,60.3,61,59.9,61,392,0
KGN,60,20241114,130000,60.9,60.9,60.9,60.9,71,0
KGN,60,20241114,140000,60.2,61,60.1,60.1,377,0
KGN,60,20241114,150000,60.2,60.2,60.2,60.2,25,0
KGN,60,20241114,160000,60.2,60.2,59.9,59.9,217,0
KGN,60,20241114,170000,60,60.9,60,60.9,376,0
KGN,60,20241115,100000,60.5,60.5,59.9,60.5,99,0
KGN,60,20241115,110000,60.5,60.9,60.2,60.6,504,0
KGN,60,20241115,120000,60.2,60.7,60.1,60.7,140,0
KGN,60,20241115,130000,60.1,60.2,60,60,193,0
KGN,60,20241115,140000,60,60,59.9,60,256,0
KGN,60,20241115,150000,60,60,59.1,59.1,471,0
KGN,60,20241115,160000,59.7,59.9,59.5,59.8,207,0
KGN,60,20241115,170000,59.8,59.8,59.8,59.8,5,0
KGN,60,20241118,100000,59.8,59.9,59.2,59.2,378,0
KGN,60,20241118,110000,59.2,59.2,59.1,59.1,63,0
KGN,60,20241118,120000,59.1,59.1,58.7,58.7,664,0
KGN,60,20241118,130000,58.8,59.3,58.8,59,160,0
KGN,60,20241118,140000,58.7,58.9,58.5,58.5,285,0
KGN,60,20241118,150000,58.8,58.8,58.1,58.1,880,0
KGN,60,20241118,160000,58.8,58.8,58.8,58.8,38,0
KGN,60,20241118,170000,58.7,58.9,58,58,4141,0
KGN,60,20241119,100000,58,58,56.2,56.4,1795,0
KGN,60,20241119,110000,56.5,56.9,52.4,53,10450,0
KGN,60,20241119,120000,53.1,55.6,52.8,55.6,5020,0
KGN,60,20241119,130000,55.6,55.6,54.5,54.9,1528,0
KGN,60,20241119,140000,54.9,55.1,54.6,55,1016,0
KGN,60,20241119,150000,55.1,55.4,54,54.3,2766,0
KGN,60,20241119,160000,54.3,54.8,54,54.8,1356,0
KGN,60,20241119,170000,54.8,55.9,54.4,55.9,524,0
KGN,60,20241120,100000,56.2,59,56.2,57.3,1320,0
KGN,60,20241120,110000,57.3,57.8,56.5,56.5,169,0
KGN,60,20241120,120000,57.8,57.8,57.7,57.7,21,0
KGN,60,20241120,130000,56.6,56.6,56.6,56.6,16,0
KGN,60,20241120,140000,57.6,57.6,57.6,57.6,5,0
KGN,60,20241120,150000,57.6,57.7,57.6,57.7,91,0
KGN,60,20241120,160000,57.4,57.4,57.2,57.2,85,0
KGN,60,20241120,170000,57.2,57.2,56.2,56.4,533,0
KGN,60,20241121,100000,56.9,57.1,56.7,57.1,187,0
KGN,60,20241121,110000,57,57.1,57,57.1,191,0
KGN,60,20241121,120000,57.3,57.6,57.1,57.6,92,0
KGN,60,20241121,130000,57.6,58.4,57.6,58,219,0
KGN,60,20241121,140000,58,58,58,58,40,0
KGN,60,20241121,150000,57.9,57.9,57.9,57.9,10,0
KGN,60,20241121,160000,57.9,57.9,57.1,57.1,394,0
KGN,60,20241121,170000,57.9,58,57.9,58,13,0
KGN,60,20241122,100000,58.2,58.2,58.2,58.2,23,0
KGN,60,20241122,110000,58.1,58.2,57.5,57.5,990,0
KGN,60,20241122,120000,57.9,58.1,57.9,58.1,317,0
KGN,60,20241122,130000,57.4,57.4,53.6,54,5302,0
KGN,60,20241122,140000,54.1,54.6,52.4,53.2,13598,0
KGN,60,20241122,150000,53.2,53.7,52.5,53.5,13308,0
KGN,60,20241122,160000,53.5,55,52.4,53,8981,0
KGN,60,20241122,170000,53,53.3,51.6,53,11697,0
KGN,60,20241125,100000,52.8,53.4,52.2,53,5908,0
KGN,60,20241125,110000,52.5,52.9,51.6,52.2,1844,0
KGN,60,20241125,120000,52.2,52.3,51.8,51.9,1367,0
KGN,60,20241125,130000,52,52,51.8,51.8,1223,0
KGN,60,20241125,140000,51.8,51.8,49.3,50,9363,0
KGN,60,20241125,150000,50.3,50.7,50.2,50.7,2069,0
KGN,60,20241125,160000,50.7,51.6,50.5,51.6,1473,0
KGN,60,20241125,170000,51.8,51.8,50.9,51.3,888,0
KGN,60,20241126,100000,50.8,51.4,50.8,51.2,307,0
KGN,60,20241126,110000,51.4,51.9,51.4,51.8,785,0
KGN,60,20241126,120000,51.9,52,51.7,51.7,129,0
KGN,60,20241126,130000,51.9,52.3,51.9,52.3,895,0
KGN,60,20241126,140000,52.2,52.2,52,52,1100,0
KGN,60,20241126,150000,51.7,51.7,50.5,50.7,865,0
KGN,60,20241126,160000,51,51.4,50.7,51.4,287,0
KGN,60,20241126,170000,51.4,51.5,51.4,51.4,279,0
KGN,60,20241127,100000,51.4,51.4,50.5,50.5,535,0
KGN,60,20241127,110000,50.6,50.6,50.6,50.6,14,0
KGN,60,20241127,120000,50.7,51,50.3,50.5,1311,0
KGN,60,20241127,130000,50.5,50.5,49.8,50.2,1212,0
KGN,60,20241127,140000,50.2,51.7,50.1,50.1,574,0
KGN,60,20241127,150000,51.1,51.5,51,51,533,0
KGN,60,20241127,160000,50.9,51.4,50.5,51.4,317,0
KGN,60,20241127,170000,51,51,50.8,51,192,0
KGN,60,20241128,100000,51,51,49.9,50.6,980,0
KGN,60,20241128,110000,50.4,50.4,49.6,49.95,670,0
KGN,60,20241128,120000,49.95,50.4,49.95,50.4,195,0
KGN,60,20241128,130000,50,50.4,50,50.4,102,0
KGN,60,20241128,140000,49.9,50,49.9,50,29,0
KGN,60,20241128,150000,50,50,49.9,49.9,115,0
KGN,60,20241128,160000,50,50.6,49.8,50.1,381,0
KGN,60,20241128,170000,50,50,49.65,49.85,3109,0
KGN,60,20241129,100000,49.95,49.95,49.6,49.6,128,0
KGN,60,20241129,110000,49.75,49.8,49.65,49.65,160,0
KGN,60,20241129,120000,49.65,50.4,49.55,50.3,1589,0
KGN,60,20241129,130000,50.3,50.9,50.3,50.7,742,0
KGN,60,20241129,140000,50.7,50.7,50.3,50.3,615,0
KGN,60,20241129,160000,50.4,50.4,49.75,49.75,778,0
KGN,60,20241129,170000,50,50.7,50,50.7,587,0
KGN,60,20241202,100000,50.5,53,50.5,51.8,3364,0
KGN,60,20241202,110000,51.2,52.9,51.1,52,1554,0
KGN,60,20241202,120000,52,52.8,52,52.7,95,0
KGN,60,20241202,130000,52.7,53,52.7,52.9,362,0
KGN,60,20241202,140000,52.6,52.6,51,51,1436,0
KGN,60,20241202,150000,51.6,51.9,51.2,51.9,444,0
KGN,60,20241202,160000,51.9,52.8,51.2,52.8,407,0
KGN,60,20241202,170000,52.1,52.5,52.1,52.5,210,0
KGN,60,20241203,100000,52.9,52.9,51.2,51.8,433,0
KGN,60,20241203,110000,51.2,52.7,51.2,52.7,511,0
KGN,60,20241203,120000,51.9,52.8,51.9,52.8,100,0
KGN,60,20241203,130000,51.7,52.7,51.6,51.8,228,0
KGN,60,20241203,140000,52.5,52.5,51.8,52.5,21,0
KGN,60,20241203,150000,52,52,51.8,51.8,37,0
KGN,60,20241203,160000,51.8,51.8,51.8,51.8,42,0
KGN,60,20241203,170000,51.8,51.8,51.8,51.8,15,0
KGN,60,20241204,100000,51.5,51.6,51.5,51.5,454,0
KGN,60,20241204,110000,51.5,51.9,51,51,600,0
KGN,60,20241204,120000,51.1,51.1,51.1,51.1,232,0
KGN,60,20241204,130000,51.1,51.1,51.1,51.1,262,0
KGN,60,20241204,140000,51.1,52.5,51.1,52.5,662,0
KGN,60,20241204,150000,52.3,52.5,52.3,52.5,400,0
KGN,60,20241204,160000,52.1,52.1,52.1,52.1,80,0
KGN,60,20241204,170000,51.9,52.2,51.8,52.2,62,0
KGN,60,20241205,100000,52.2,52.2,52,52,192,0
KGN,60,20241205,110000,52.1,52.1,51.7,51.7,595,0
KGN,60,20241205,120000,51.6,52.2,51.6,52.2,78,0
KGN,60,20241205,130000,52.2,52.2,52.2,52.2,20,0
KGN,60,20241205,140000,52,53.4,52,53.4,2944,0
KGN,60,20241205,150000,53.4,53.7,53.4,53.4,504,0
KGN,60,20241205,160000,53,53.4,52.9,53.4,48,0
KGN,60,20241205,170000,52.9,53.5,52.8,52.8,277,0
KGN,60,20241206,100000,53.4,53.9,53.3,53.8,350,0
KGN,60,20241206,110000,53.3,53.3,53.3,53.3,36,0
KGN,60,20241206,120000,53.4,53.9,53.4,53.9,802,0
KGN,60,20241206,130000,53.8,54.4,53.8,53.9,1016,0
KGN,60,20241206,140000,53.8,54,53.3,53.3,1060,0
KGN,60,20241206,150000,53.4,54.4,53.4,54.4,384,0
KGN,60,20241206,160000,53.7,54.3,53.7,54,376,0
KGN,60,20241206,170000,53.7,54.2,53.5,54.2,701,0
KGN,60,20241209,100000,54.1,54.4,54.1,54.4,139,0
KGN,60,20241209,110000,53.9,53.9,53.8,53.8,101,0
KGN,60,20241209,120000,53.8,53.8,53.8,53.8,2,0
KGN,60,20241209,130000,53.8,53.8,53.8,53.8,25,0
KGN,60,20241209,140000,54.3,54.3,54.3,54.3,10,0
KGN,60,20241209,150000,54,54,54,54,5,0
KGN,60,20241209,160000,54,54,53.6,53.6,184,0
KGN,60,20241209,170000,53.5,54,53,54,878,0
KGN,60,20241210,100000,53.8,53.8,53.1,53.1,484,0
KGN,60,20241210,110000,53.7,53.9,53.7,53.7,141,0
KGN,60,20241210,120000,53.7,54.1,52.9,53.2,649,0
KGN,60,20241210,130000,53.1,54,53.1,53.3,139,0
KGN,60,20241210,140000,53.2,53.2,53.2,53.2,83,0
KGN,60,20241210,150000,53,53,53,53,94,0
KGN,60,20241210,160000,52.9,52.9,52.5,52.7,703,0
KGN,60,20241210,170000,52.7,53.3,52.6,53.3,271,0
KGN,60,20241211,100000,53.2,53.2,52.7,53,189,0
KGN,60,20241211,110000,52.7,52.7,52.5,52.5,284,0
KGN,60,20241211,120000,52.4,52.4,52.4,52.4,10,0
KGN,60,20241211,130000,52.4,52.5,51.9,52,586,0
KGN,60,20241211,140000,52,52,52,52,155,0
KGN,60,20241211,150000,52.3,52.3,51.3,51.4,2535,0
KGN,60,20241211,160000,51.5,52.2,51.4,52.2,155,0
KGN,60,20241211,170000,52,52,51.7,51.9,927,0
KGN,60,20241212,100000,51.6,52.1,51.5,52.1,617,0
KGN,60,20241212,110000,52.1,52.1,52.1,52.1,1,0
KGN,60,20241212,120000,51.6,51.6,51.1,51.3,735,0
KGN,60,20241212,130000,51.1,51.6,51.1,51.6,205,0
KGN,60,20241212,160000,51.1,51.3,51,51,21,0
KGN,60,20241212,170000,51,51.2,50.7,50.7,497,0
KGN,60,20241213,100000,50.7,51.2,50.7,50.7,100,0
KGN,60,20241213,110000,50.9,51,50.5,51,555,0
KGN,60,20241213,130000,50.4,50.8,50.1,50.8,120,0
KGN,60,20241213,140000,50.3,50.9,50.3,50.9,72,0
KGN,60,20241213,150000,50.9,51.1,50.9,51.1,395,0
KGN,60,20241213,160000,50.5,50.5,50.5,50.5,43,0
KGN,60,20241213,170000,51,51,50.9,50.9,50,0
KGN,60,20241216,100000,50.5,50.9,50.5,50.9,57,0
KGN,60,20241216,110000,50.8,51.8,50.8,51.3,636,0
KGN,60,20241216,120000,51.8,51.8,51,51.7,93,0
KGN,60,20241216,130000,51.8,51.8,51.8,51.8,26,0
KGN,60,20241216,170000,51.6,51.7,51,51.5,346,0
KGN,60,20241217,100000,51.6,51.6,49,50,3578,0
KGN,60,20241217,110000,49.95,50.3,49.95,50.1,318,0
KGN,60,20241217,120000,50.6,50.9,50.6,50.7,297,0
KGN,60,20241217,130000,50.9,50.9,50.9,50.9,1,0
KGN,60,20241217,140000,50.2,50.2,50.1,50.1,410,0
KGN,60,20241217,150000,50.1,50.6,49.9,50,1196,0
KGN,60,20241217,160000,50,50,49.85,50,229,0
KGN,60,20241217,170000,49.65,49.8,49.45,49.8,980,0
KGN,60,20241218,100000,49,50,49,49.3,553,0
KGN,60,20241218,110000,49.35,49.95,49,49.95,504,0
KGN,60,20241218,120000,49.7,49.7,48.7,48.7,395,0
KGN,60,20241218,130000,48.7,49.2,48.65,49.2,539,0
KGN,60,20241218,140000,49.2,49.45,49.05,49.45,472,0
KGN,60,20241218,150000,49.2,49.2,49.1,49.1,183,0
KGN,60,20241218,160000,49.1,49.1,49,49,1879,0
KGN,60,20241218,170000,48.95,49.35,48.5,49.3,3421,0
KGN,60,20241219,100000,49,49,48.6,48.6,66,0
KGN,60,20241219,110000,48.6,48.8,48.6,48.8,147,0
KGN,60,20241219,120000,48.55,48.55,48.3,48.35,223,0
KGN,60,20241219,130000,48.35,48.35,47.6,48,1372,0
KGN,60,20241219,140000,48,48.35,47.8,48.35,1074,0
KGN,60,20241219,150000,48.35,48.35,47.6,47.6,853,0
KGN,60,20241219,160000,47.6,47.95,47.6,47.95,422,0
KGN,60,20241219,170000,47.95,48.5,47.65,47.65,951,0
KGN,60,20241220,100000,48.4,48.4,48,48,127,0
KGN,60,20241220,110000,47.7,48.75,47.5,48.75,1696,0
KGN,60,20241220,120000,48.05,48.5,47.8,48.5,838,0
KGN,60,20241220,130000,48.05,48.8,48.05,48.4,156,0
KGN,60,20241220,140000,48.4,48.5,48.4,48.5,190,0
KGN,60,20241220,150000,48.5,48.5,48,48.5,197,0
KGN,60,20241220,160000,48.8,48.8,48.8,48.8,2,0
KGN,60,20241220,170000,48.05,48.5,47.55,48.45,525,0
KGN,60,20241223,100000,47.5,49.3,47.5,48,2641,0
KGN,60,20241223,110000,48.55,48.6,48.55,48.6,100,0
KGN,60,20241223,120000,48.5,48.5,48,48,70,0
KGN,60,20241223,130000,48.35,48.35,47.9,48,362,0
KGN,60,20241223,140000,48,48.55,47.5,48.55,1122,0
KGN,60,20241223,150000,48.5,49.2,47.6,47.6,1223,0
KGN,60,20241223,160000,49.15,49.2,48.3,49.1,532,0
KGN,60,20241223,170000,48.6,49.2,48.45,49.1,1334,0
KGN,60,20241227,100000,48.5,49,48.45,48.5,278,0
KGN,60,20241227,110000,48.6,48.6,48.6,48.6,100,0
KGN,60,20241227,120000,48.6,48.6,48.6,48.6,60,0
KGN,60,20241227,130000,48.65,49.1,48.6,49.1,392,0
KGN,60,20241227,140000,49,49.1,48.5,48.5,573,0
KGN,60,20241227,150000,48.5,48.5,48.2,48.2,456,0
KGN,60,20241227,160000,48.8,48.9,48.8,48.9,97,0
KGN,60,20241227,170000,48.35,48.85,48.35,48.8,172,0
KGN,60,20241230,100000,48.8,49.6,48.5,49.55,1080,0
KGN,60,20241230,110000,49.2,50,49.2,50,1141,0
KGN,60,20241230,120000,49.6,50.4,49.6,50.4,420,0
KGN,60,20241230,130000,50.3,50.4,49.65,49.65,491,0
KGN,60,20241230,140000,50.2,50.2,50.2,50.2,4,0
KGN,60,20241230,150000,50.1,50.2,49.7,50.2,188,0
KGN,60,20241230,160000,49.9,50.1,49.8,50.1,402,0
KGN,60,20241230,170000,49.9,50.1,49.65,50.1,1101,0
KGN,60,20250102,100000,50.4,50.9,49,50.4,1344,0
KGN,60,20250102,110000,50.9,51.6,50.9,51.6,535,0
KGN,60,20250102,120000,51.6,51.8,51,51.8,366,0
KGN,60,20250102,130000,51.7,52,51.3,52,458,0
KGN,60,20250102,140000,51.8,52.8,51.8,52.8,935,0
KGN,60,20250102,150000,52.8,53.8,52.1,52.6,1204,0
KGN,60,20250102,160000,52.7,52.7,52.3,52.3,167,0
KGN,60,20250102,170000,52.3,53.4,52.3,53.3,1452,0
KGN,60,20250103,100000,53,53,51.3,52.5,821,0
KGN,60,20250103,110000,52.3,52.6,51.8,52.6,230,0
KGN,60,20250103,120000,52.6,53,52.6,53,521,0
KGN,60,20250103,130000,53.1,53.3,52.6,52.6,418,0
KGN,60,20250103,150000,52.6,52.6,52.5,52.5,101,0
KGN,60,20250103,160000,52.5,52.5,52.5,52.5,70,0
KGN,60,20250103,170000,52.6,52.6,51.8,52.4,600,0
KGN,60,20250107,100000,52.4,52.9,52,52.4,965,0
KGN,60,20250107,110000,52.6,52.9,52.3,52.7,291,0
KGN,60,20250107,120000,52.7,53.2,52.7,53,375,0
KGN,60,20250107,130000,52.8,52.8,52.6,52.6,142,0
KGN,60,20250107,140000,52.3,52.3,52.3,52.3,50,0
KGN,60,20250107,150000,52.6,52.6,52.3,52.3,363,0
KGN,60,20250107,160000,52.4,52.4,52.1,52.1,1190,0
KGN,60,20250107,170000,52.1,52.1,51.8,51.8,1833,0
KGN,60,20250108,100000,51.3,51.3,50.9,51,1730,0
KGN,60,20250108,110000,50.9,51.4,50.6,50.9,1906,0
KGN,60,20250108,120000,50.9,51,50.8,50.9,438,0
KGN,60,20250108,130000,50.9,51,50.7,51,647,0
KGN,60,20250108,140000,50.8,51,50.7,51,400,0
KGN,60,20250108,150000,50.8,50.8,50.8,50.8,550,0
KGN,60,20250108,160000,50.8,51,50.8,51,144,0
KGN,60,20250108,170000,50.7,50.7,50.4,50.5,1264,0
KGN,60,20250109,100000,50.4,50.4,49.9,49.9,522,0
KGN,60,20250109,110000,49.9,50,49.9,50,185,0
KGN,60,20250109,120000,50.1,50.3,50.1,50.3,234,0
KGN,60,20250109,130000,50.1,50.1,49.15,49.75,4534,0
KGN,60,20250109,140000,49.35,49.35,49.35,49.35,30,0
KGN,60,20250109,150000,49.35,49.8,49.3,49.3,472,0
KGN,60,20250109,160000,49.7,50.4,49.65,50.4,117,0
KGN,60,20250109,170000,50.3,50.3,49.5,50.3,237,0
KGN,60,20250110,100000,50.1,50.1,49.6,50.1,319,0
KGN,60,20250110,110000,50,50.1,50,50,102,0
KGN,60,20250110,120000,49.55,49.55,49.5,49.5,75,0
KGN,60,20250110,130000,49.4,49.95,49.3,49.55,555,0
KGN,60,20250110,140000,49.55,49.8,49.55,49.75,189,0
KGN,60,20250110,150000,49.55,49.55,49.25,49.25,275,0
KGN,60,20250110,160000,49.25,50.3,49.25,50.2,1767,0
KGN,60,20250110,170000,49.45,49.95,49.35,49.95,764,0
KGN,60,20250113,100000,49.95,50.4,49.55,50.4,527,0
KGN,60,20250113,110000,50,50.4,49.9,50.4,119,0
KGN,60,20250113,120000,50.4,50.5,50.4,50.5,166,0
KGN,60,20250113,130000,50.5,50.5,49.2,49.2,790,0
KGN,60,20250113,140000,49.9,49.9,49.9,49.9,27,0
KGN,60,20250113,150000,49.6,49.95,49.6,49.95,21,0
KGN,60,20250113,170000,49.95,49.95,49.95,49.95,86,0
KGN,60,20250114,100000,49.95,49.95,49.4,49.95,347,0
KGN,60,20250114,110000,49.5,49.9,49.5,49.9,7,0
KGN,60,20250114,120000,49.55,49.55,49.55,49.55,70,0
KGN,60,20250114,130000,49.55,49.55,49.5,49.5,399,0
KGN,60,20250114,150000,49.4,49.5,49.4,49.5,221,0
KGN,60,20250114,160000,49.3,49.3,49,49,483,0
KGN,60,20250114,170000,49.6,49.8,49.6,49.75,79,0
KGN,60,20250115,100000,49.5,49.75,49.5,49.5,267,0
KGN,60,20250115,110000,49.75,49.75,49.25,49.25,105,0
KGN,60,20250115,120000,49.3,49.3,49.3,49.3,44,0
KGN,60,20250115,130000,49.7,49.7,49.35,49.35,298,0
KGN,60,20250115,140000,49.35,49.7,49.35,49.7,156,0
KGN,60,20250115,150000,49.7,50,49.7,50,673,0
KGN,60,20250115,170000,49.65,50.2,49.6,50.2,392,0
KGN,60,20250116,100000,50.2,51,50.2,50.3,191,0
KGN,60,20250116,110000,50.7,50.7,49.85,49.85,136,0
KGN,60,20250116,120000,50,50,49.8,49.8,300,0
KGN,60,20250116,140000,50,50.3,49.9,49.9,100,0
KGN,60,20250116,150000,49.9,49.9,49.9,49.9,790,0
KGN,60,20250116,160000,50.2,50.5,50.2,50.3,80,0
KGN,60,20250116,170000,50.3,50.8,50.3,50.8,250,0
KGN,60,20250117,100000,50.9,50.9,49.75,49.75,525,0
KGN,60,20250117,110000,49.6,49.7,49.6,49.7,89,0
KGN,60,20250117,120000,50.5,50.5,50,50,142,0
KGN,60,20250117,130000,50.5,50.5,49.9,50,501,0
KGN,60,20250117,140000,50.5,50.6,49.8,49.8,54,0
KGN,60,20250117,150000,49.8,50.5,49.8,50.5,400,0
KGN,60,20250117,170000,50.4,50.8,50,50,2147,0
KGN,60,20250120,100000,50,50,49.2,50,901,0
KGN,60,20250120,110000,49.9,49.95,49.9,49.95,142,0
KGN,60,20250120,120000,49.9,50,49.3,50,574,0
KGN,60,20250120,130000,49.5,49.5,49.4,49.4,44,0
KGN,60,20250120,140000,49.4,49.7,49.35,49.7,72,0
KGN,60,20250120,150000,49.7,49.7,49.7,49.7,52,0
KGN,60,20250120,160000,49.95,49.95,49.4,49.4,61,0
KGN,60,20250120,170000,49.95,50.2,49.95,50,875,0
KGN,60,20250121,100000,50,50,49.65,49.65,85,0
KGN,60,20250121,110000,50,50,49.6,50,243,0
KGN,60,20250121,120000,50,50.6,50,50.6,100,0
KGN,60,20250121,130000,50.2,50.2,50.2,50.2,200,0
KGN,60,20250121,160000,49.6,50.2,49.6,50.2,5,0
KGN,60,20250121,170000,50.2,50.2,50.2,50.2,3,0
KGN,60,20250122,100000,50,50,49.8,49.8,53,0
KGN,60,20250122,110000,50,50,49.6,49.6,36,0
KGN,60,20250122,120000,49.6,49.6,49.4,49.4,569,0
KGN,60,20250122,130000,49.4,49.4,49.4,49.4,22,0
KGN,60,20250122,140000,49.35,49.35,49.35,49.35,157,0
KGN,60,20250122,160000,49.7,50.2,49.7,50.2,120,0
KGN,60,20250122,170000,49.95,49.95,49.45,49.9,2219,0
KGN,60,20250123,100000,49.9,49.9,49.9,49.9,3,0
KGN,60,20250123,110000,49.9,50.2,49.6,49.6,289,0
KGN,60,20250123,120000,49.95,49.95,49.95,49.95,60,0
KGN,60,20250123,130000,49.55,49.7,49.55,49.7,150,0
KGN,60,20250123,140000,49.7,49.7,49.7,49.7,5,0
KGN,60,20250123,150000,49.55,49.55,49.5,49.5,80,0
KGN,60,20250123,160000,49.5,49.7,49.5,49.7,72,0
KGN,60,20250123,170000,49.7,49.7,49.7,49.7,3,0
KGN,60,20250124,100000,49.7,49.7,49.2,49.25,297,0
KGN,60,20250124,110000,49.7,49.7,49.7,49.7,2,0
KGN,60,20250124,120000,49.6,52.8,49.6,51.3,4136,0
KGN,60,20250124,130000,51.9,52.6,51.3,51.5,2550,0
KGN,60,20250124,140000,51.9,52,51.6,52,433,0
KGN,60,20250124,150000,52,52.5,51.7,51.7,884,0
KGN,60,20250124,160000,52.5,52.5,52.1,52.3,72,0
KGN,60,20250124,170000,52.3,52.8,52,52.8,1453,0
KGN,60,20250127,100000,52.4,52.5,51.7,51.7,1217,0
KGN,60,20250127,110000,52,52,52,52,420,0
KGN,60,20250127,120000,51.8,52.2,51.8,52.2,331,0
KGN,60,20250127,130000,51.8,51.8,51.7,51.7,66,0
KGN,60,20250127,140000,51.8,51.8,51.8,51.8,200,0
KGN,60,20250127,150000,51.6,51.9,51.6,51.9,52,0
KGN,60,20250127,160000,51.9,52.4,51.9,52.4,798,0
KGN,60,20250127,170000,52.3,52.6,52.3,52.6,567,0
KGN,60,20250128,100000,52.7,53.6,52.7,53.5,465,0
KGN,60,20250128,110000,53.4,53.4,53.4,53.4,4,0
KGN,60,20250128,120000,53.4,53.6,53.4,53.6,144,0
KGN,60,20250128,130000,53.2,53.5,53.1,53.5,143,0
KGN,60,20250128,140000,53.2,53.5,53.2,53.5,167,0
KGN,60,20250128,150000,53.5,53.5,53.5,53.5,300,0
KGN,60,20250128,160000,53.5,53.5,53.5,53.5,192,0
KGN,60,20250128,170000,53.4,53.4,53,53.3,295,0
KGN,60,20250129,100000,53.3,53.6,52.9,52.9,247,0
KGN,60,20250129,110000,53,53,52.9,52.9,94,0
KGN,60,20250129,120000,52.8,52.9,52.8,52.9,174,0
KGN,60,20250129,130000,52.5,52.9,52.5,52.9,60,0
KGN,60,20250129,140000,52.5,52.5,52.2,52.2,239,0
KGN,60,20250129,150000,52.3,52.3,52.3,52.3,12,0
KGN,60,20250129,160000,52.5,52.9,52.5,52.6,93,0
KGN,60,20250129,170000,52.9,52.9,52.7,52.7,216,0
KGN,60,20250130,100000,52.8,53.5,52.8,52.8,238,0
KGN,60,20250130,110000,52.8,53,52.8,53,65,0
KGN,60,20250130,120000,52.9,53.3,52.9,53.1,836,0
KGN,60,20250130,130000,53.3,53.3,53.3,53.3,100,0
KGN,60,20250130,140000,53,53.4,53,53.4,799,0
KGN,60,20250130,150000,53.4,53.5,53.4,53.5,346,0
KGN,60,20250130,160000,53.5,53.9,53.2,53.2,1744,0
KGN,60,20250130,170000,53.5,53.9,53.1,53.1,281,0
KGN,60,20250131,100000,53.3,53.3,52.2,52.3,405,0
KGN,60,20250131,110000,52.2,52.2,52,52,25,0
KGN,60,20250131,120000,52.7,52.7,52.4,52.4,264,0
KGN,60,20250131,130000,52.6,52.9,52.6,52.9,91,0
KGN,60,20250131,140000,52.9,52.9,52.5,52.5,120,0
KGN,60,20250131,150000,52.5,52.5,51,51,1338,0
KGN,60,20250131,160000,51.5,51.9,51,51.9,318,0
KGN,60,20250131,170000,51.3,53.1,51.3,52.6,717,0
KGN,60,20250203,100000,51.1,52.6,50.2,51.6,1048,0
KGN,60,20250203,110000,51.7,51.9,51.3,51.3,256,0
KGN,60,20250203,120000,51.4,51.4,50.7,50.9,188,0
KGN,60,20250203,140000,50.7,50.7,50.7,50.7,232,0
KGN,60,20250203,150000,50.7,51.2,50.7,50.7,70,0
KGN,60,20250203,160000,51.2,51.2,51.2,51.2,6,0
KGN,60,20250203,170000,51.2,51.3,51.2,51.3,101,0
KGN,60,20250204,100000,51.8,51.8,50.4,51.2,898,0
KGN,60,20250204,110000,51,51.2,51,51.2,65,0
KGN,60,20250204,120000,51.2,51.2,50.6,50.6,83,0
KGN,60,20250204,140000,51.2,51.2,51.2,51.2,12,0
KGN,60,20250204,150000,51.3,51.3,50.7,50.7,75,0
KGN,60,20250204,160000,50.7,50.7,50.6,50.6,544,0
KGN,60,20250204,170000,50.5,51.2,50.5,50.5,224,0
KGN,60,20250205,100000,51.2,51.2,50.7,51.2,38,0
KGN,60,20250205,110000,51,51.4,51,51.4,276,0
KGN,60,20250205,120000,51.4,51.9,51,51.9,195,0
KGN,60,20250205,130000,51.8,51.8,51,51,889,0
KGN,60,20250205,140000,51.6,51.7,51.4,51.4,303,0
KGN,60,20250205,150000,51.4,51.6,51.2,51.2,49,0
KGN,60,20250205,160000,51.6,51.8,51.2,51.2,229,0
KGN,60,20250205,170000,51.2,51.8,50.9,51.7,539,0
KGN,60,20250206,100000,51.5,51.7,51.4,51.7,365,0
KGN,60,20250206,110000,51.7,51.7,51.3,51.3,108,0
KGN,60,20250206,120000,51.4,52.5,50.8,52,1152,0
KGN,60,20250206,130000,52,52.5,51,51.8,840,0
KGN,60,20250206,140000,51.2,51.4,51,51.4,448,0
KGN,60,20250206,150000,51.4,51.4,51.1,51.1,146,0
KGN,60,20250206,160000,51.2,51.2,51,51.1,954,0
KGN,60,20250206,170000,51.5,51.5,50.5,51.3,1101,0
KGN,60,20250207,100000,51.3,51.4,50.9,51.3,500,0
KGN,60,20250207,110000,51.3,51.3,51.3,51.3,597,0
KGN,60,20250207,120000,50.9,51.3,50.9,51.3,199,0
KGN,60,20250207,130000,51.2,51.3,51,51.3,571,0
KGN,60,20250207,140000,51.4,51.4,51.4,51.4,91,0
KGN,60,20250207,150000,51,51,50.9,50.9,4006,0
KGN,60,20250207,160000,51.4,51.4,51.4,51.4,38,0
KGN,60,20250207,170000,50.9,51.4,50.9,51.2,913,0
KGN,60,20250210,100000,51.2,51.2,50.8,51.1,776,0
KGN,60,20250210,110000,51,51.1,50.6,51.1,471,0
KGN,60,20250210,120000,51,51,50.6,51,1214,0
KGN,60,20250210,130000,51,51.1,50.7,50.7,312,0
KGN,60,20250210,140000,51,51,50.7,50.7,916,0
KGN,60,20250210,150000,50.7,50.7,50.7,50.7,30,0
KGN,60,20250210,160000,50.8,50.8,50.7,50.7,410,0
KGN,60,20250210,170000,50.6,50.8,50,50,10835,0
KGN,60,20250211,100000,49.5,50.3,49.5,50,3479,0
KGN,60,20250211,110000,50,50.6,49.5,50.6,2263,0
KGN,60,20250211,120000,50.6,50.7,50.6,50.7,50,0
KGN,60,20250211,130000,50.2,50.6,50.1,50.5,889,0
KGN,60,20250211,140000,50.5,50.7,50.5,50.7,501,0
KGN,60,20250211,150000,50.6,50.6,50.6,50.6,100,0
KGN,60,20250211,160000,50.6,50.6,50.6,50.6,70,0
KGN,60,20250211,170000,50.2,50.6,49.9,50.3,843,0
KGN,60,20250212,100000,50.4,51.3,50.4,50.9,431,0
KGN,60,20250212,110000,50.9,50.9,50.7,50.7,1076,0
KGN,60,20250212,120000,50.7,50.7,49.95,50,8128,0
KGN,60,20250212,130000,50,50,49.5,49.8,3450,0
KGN,60,20250212,140000,49.8,49.9,49.7,49.7,307,0
KGN,60,20250212,150000,49.7,49.8,49.65,49.65,204,0
KGN,60,20250212,160000,49.65,49.85,49.45,49.45,5461,0
KGN,60,20250212,170000,49.45,49.75,49.3,49.3,1089,0
KGN,60,20250213,100000,49.75,49.8,49.15,49.2,1153,0
KGN,60,20250213,110000,49.3,50,49.15,50,878,0
KGN,60,20250213,120000,50,50.2,49.4,49.4,657,0
KGN,60,20250213,130000,49.9,50.2,49.3,49.8,327,0
KGN,60,20250213,140000,49.85,50.2,49.85,50.2,19,0
KGN,60,20250213,150000,50,50,49.5,49.6,688,0
KGN,60,20250213,160000,49.55,49.7,49.5,49.7,601,0
KGN,60,20250213,170000,49.95,49.95,49.95,49.95,118,0
KGN,60,20250214,100000,50.6,50.6,49.4,49.4,392,0
KGN,60,20250214,110000,50.1,50.1,49.5,49.5,263,0
KGN,60,20250214,120000,50.1,50.2,50.1,50.2,94,0
KGN,60,20250214,130000,50.1,50.2,50.1,50.2,13,0
KGN,60,20250214,140000,50.2,50.2,50.2,50.2,15,0
KGN,60,20250214,150000,49.8,49.8,48.55,49.4,9368,0
KGN,60,20250214,160000,49,49.4,48.85,49.2,2282,0
KGN,60,20250214,170000,49.25,49.25,48.9,48.9,1166,0
KGN,60,20250217,100000,49.5,49.5,48.3,48.9,1412,0
KGN,60,20250217,110000,49,49,48.65,48.65,1094,0
KGN,60,20250217,120000,49,49.45,48.7,49,161,0
KGN,60,20250217,130000,49.45,49.5,49.05,49.05,43,0
KGN,60,20250217,140000,49.1,49.5,49.1,49.5,65,0
KGN,60,20250217,150000,49.5,49.8,49.5,49.8,46,0
KGN,60,20250217,160000,49.8,49.85,49.8,49.85,23,0
KGN,60,20250217,170000,49.8,49.9,49.5,49.5,159,0
KGN,60,20250218,100000,49.5,49.5,49.3,49.3,138,0
KGN,60,20250218,110000,49.8,50.8,49.8,50.8,1831,0
KGN,60,20250218,120000,50.7,51,50.5,50.5,795,0
KGN,60,20250218,130000,50.7,50.7,50.7,50.7,29,0
KGN,60,20250218,140000,50.6,50.6,50.5,50.6,353,0
KGN,60,20250218,150000,50.4,50.8,50,50.1,313,0
KGN,60,20250218,160000,50.2,50.5,50.2,50.5,45,0
KGN,60,20250218,170000,50.5,50.8,50,50,836,0
KGN,60,20250219,100000,51,52.4,50.8,51.9,5821,0
KGN,60,20250219,110000,52.1,52.5,51.9,52.5,2164,0
KGN,60,20250219,120000,52.1,52.1,50.2,51.2,1714,0
KGN,60,20250219,130000,51.5,52.3,51.3,52.3,1846,0
KGN,60,20250219,140000,52.1,52.2,52,52,1378,0
KGN,60,20250219,150000,51.6,51.9,51.6,51.6,426,0
KGN,60,20250219,160000,51.6,52.2,51.5,51.6,254,0
KGN,60,20250219,170000,51.7,52.3,51.2,51.2,1692,0
KGN,60,20250220,100000,52,52.2,51.8,52.2,329,0
KGN,60,20250220,110000,51.8,52,51.3,51.3,251,0
KGN,60,20250220,120000,51.4,51.4,51.4,51.4,32,0
KGN,60,20250220,130000,51.3,51.8,50.7,50.7,1745,0
KGN,60,20250220,140000,50.7,51.1,50.1,51.1,3087,0
KGN,60,20250220,150000,50.9,50.9,50.5,50.5,803,0
KGN,60,20250220,160000,50.5,50.5,50.1,50.1,489,0
KGN,60,20250220,170000,50,50.2,50,50.2,298,0
KGN,60,20250221,100000,51,51.2,50.1,51,1341,0
KGN,60,20250221,110000,50.3,50.3,50,50.3,247,0
KGN,60,20250221,120000,50.3,50.5,50.1,50.5,575,0
KGN,60,20250221,130000,50.5,50.5,50,50,679,0
KGN,60,20250221,150000,50.3,50.9,50,50,601,0
KGN,60,20250221,160000,50.5,50.5,50.5,50.5,250,0
KGN,60,20250221,170000,50.5,50.5,50.1,50.1,137,0
KGN,60,20250224,100000,50.1,50.2,50.1,50.2,211,0
KGN,60,20250224,110000,50.9,50.9,50.4,50.6,25,0
KGN,60,20250224,120000,50.8,50.8,50.8,50.8,3,0
KGN,60,20250224,130000,50.9,51,50.4,50.4,290,0
KGN,60,20250224,140000,50.4,50.8,50.2,50.8,172,0
KGN,60,20250224,160000,50.5,50.5,49.5,49.55,1577,0
KGN,60,20250224,170000,49.95,50.4,49.95,50.4,214,0
KGN,60,20250225,100000,49.7,50.4,49.7,50.4,185,0
KGN,60,20250225,110000,50.1,50.1,50.1,50.1,39,0
KGN,60,20250225,120000,50,50,49.55,49.55,10014,0
KGN,60,20250225,130000,49.55,49.6,49,49.6,2969,0
KGN,60,20250225,140000,50.3,50.3,50.3,50.3,10,0
KGN,60,20250225,150000,50.3,50.3,49,49,2274,0
KGN,60,20250225,160000,49.5,49.85,49.5,49.85,70,0
KGN,60,20250225,170000,49.5,49.5,49.1,49.5,373,0
KGN,60,20250226,100000,49.25,50.1,49.25,50,427,0
KGN,60,20250226,110000,49.5,49.7,49.5,49.5,496,0
KGN,60,20250226,120000,49.65,49.65,49.45,49.65,1517,0
KGN,60,20250226,130000,49.65,49.65,49.55,49.55,765,0
KGN,60,20250226,140000,49.55,49.65,49.55,49.55,634,0
KGN,60,20250226,150000,49.65,49.7,49.65,49.7,1812,0
KGN,60,20250226,160000,49.95,49.95,49.8,49.8,305,0
KGN,60,20250226,170000,49.8,50,49.65,49.8,566,0
KGN,60,20250227,100000,50.1,50.1,49.45,49.45,1858,0
KGN,60,20250227,110000,49.45,50.4,49,49.1,4930,0
KGN,60,20250227,120000,49.2,49.7,49,49.7,940,0
KGN,60,20250227,130000,49.6,49.95,49,49.4,1237,0
KGN,60,20250227,140000,49.4,49.7,49,49,794,0
KGN,60,20250227,150000,49.25,49.25,49.15,49.25,157,0
KGN,60,20250227,160000,49.15,49.15,49.1,49.15,235,0
KGN,60,20250227,170000,49.25,49.5,49,49,2145,0
KGN,60,20250228,100000,49.4,49.4,48.4,48.4,1460,0
KGN,60,20250228,110000,48.95,48.95,48.8,48.8,438,0
KGN,60,20250228,120000,48.75,48.95,48.75,48.95,100,0
KGN,60,20250228,130000,48.95,49,48.95,49,350,0
KGN,60,20250228,150000,48.8,48.95,48.8,48.95,56,0
KGN,60,20250228,160000,49,49,49,49,715,0
KGN,60,20250228,170000,48.85,49.15,48.85,49.15,196,0
KGN,60,20250303,100000,48.5,48.55,48.1,48.55,551,0
KGN,60,20250303,110000,48.55,48.55,48.3,48.3,475,0
KGN,60,20250303,120000,48.3,48.3,48.3,48.3,16,0
KGN,60,20250303,130000,48.8,48.8,48.5,48.5,94,0
KGN,60,20250303,140000,48.7,48.8,48.5,48.5,333,0
KGN,60,20250303,160000,48.5,49,48.5,49,104,0
KGN,60,20250303,170000,48.5,49.4,48.5,49.4,52,0
KGN,60,20250304,100000,49.35,49.35,48.5,48.55,142,0
KGN,60,20250304,110000,48.55,48.55,48.5,48.5,282,0
KGN,60,20250304,120000,48.5,48.9,48.5,48.9,299,0
KGN,60,20250304,130000,48.8,48.8,48.8,48.8,1,0
KGN,60,20250304,140000,48.4,48.4,48,48,1100,0
KGN,60,20250304,150000,48.75,48.75,48,48.75,511,0
KGN,60,20250304,160000,48.1,48.55,47.6,48.55,1489,0
KGN,60,20250304,170000,48.35,48.35,47.8,48,403,0
KGN,60,20250305,100000,48.6,49,47.85,48.05,331,0
KGN,60,20250305,110000,48.95,49.4,48.95,49.4,1522,0
KGN,60,20250305,120000,49.4,49.65,49.2,49.6,113,0
KGN,60,20250305,130000,49.4,49.65,49.15,49.3,616,0
KGN,60,20250305,140000,49.6,49.6,49.6,49.6,2,0
KGN,60,20250305,150000,49.25,49.25,49.15,49.15,50,0
KGN,60,20250305,160000,49.6,49.6,49.6,49.6,1,0
KGN,60,20250305,170000,49.15,49.15,49.1,49.1,154,0
KGN,60,20250306,100000,49.4,49.4,48.2,49.3,516,0
KGN,60,20250306,110000,48.6,48.6,48.6,48.6,25,0
KGN,60,20250306,120000,48.6,49.25,48.6,49.25,80,0
KGN,60,20250306,130000,49.2,49.25,49.2,49.2,588,0
KGN,60,20250306,150000,48.65,48.65,48.65,48.65,1,0
KGN,60,20250306,160000,49.3,49.3,49.3,49.3,20,0
KGN,60,20250306,170000,49.5,49.5,49.5,49.5,7,0
KGN,60,20250307,100000,49.5,49.5,48.75,48.75,573,0
KGN,60,20250307,110000,49,49,49,49,200,0
KGN,60,20250307,120000,49.2,49.4,49.2,49.4,50,0
KGN,60,20250307,130000,49.3,49.4,49.1,49.1,111,0
KGN,60,20250307,140000,49.1,49.1,49.1,49.1,54,0
KGN,60,20250307,150000,49.1,49.1,49.1,49.1,11,0
KGN,60,20250307,160000,49.1,49.1,49.1,49.1,5,0
KGN,60,20250307,170000,49.25,49.25,49.25,49.25,29,0
KGN,60,20250310,100000,49.6,49.6,49,49,176,0
KGN,60,20250310,110000,49,49.55,49,49.55,260,0
KGN,60,20250310,120000,49.35,49.4,49.35,49.4,200,0
KGN,60,20250310,150000,49.35,49.5,49.35,49.5,151,0
KGN,60,20250310,170000,48.7,48.7,48.5,48.5,246,0
KGN,60,20250311,100000,48.4,49.3,48,48.5,529,0
KGN,60,20250311,120000,49,49.15,48.6,49.15,150,0
KGN,60,20250311,150000,49,49,48.15,48.15,1380,0
KGN,60,20250311,160000,48.15,48.15,48.15,48.15,100,0
KGN,60,20250311,170000,48.1,48.15,48.1,48.1,137,0
KGN,60,20250312,100000,48.95,48.95,47.8,48.5,794,0
KGN,60,20250312,110000,47.85,48.35,47.85,48.35,7,0
KGN,60,20250312,120000,47.85,48.2,47.6,48,895,0
KGN,60,20250312,130000,48,48,47.9,47.9,490,0
KGN,60,20250312,140000,47.9,47.9,47.85,47.9,194,0
KGN,60,20250312,150000,47.9,47.9,47.6,47.6,560,0
KGN,60,20250312,160000,47.9,48.15,47.9,47.95,5030,0
KGN,60,20250312,170000,48.1,48.15,47.9,47.9,80,0
KGN,60,20250313,100000,48.3,48.3,47.5,47.5,855,0
KGN,60,20250313,110000,47.55,48,47.55,48,3523,0
KGN,60,20250313,120000,48,48.8,47.6,48.7,1468,0
KGN,60,20250313,130000,48.3,48.3,48.3,48.3,500,0
KGN,60,20250313,140000,48.65,48.65,48.65,48.65,42,0
KGN,60,20250313,150000,48.7,48.7,48.7,48.7,81,0
KGN,60,20250313,160000,48.75,49,48.75,49,389,0
KGN,60,20250313,170000,48.7,48.7,48.7,48.7,1,0
KGN,60,20250314,100000,48.6,48.6,48.2,48.6,289,0
KGN,60,20250314,110000,48.6,48.75,48.3,48.7,262,0
KGN,60,20250314,120000,48.7,50.4,48.5,50.4,4402,0
KGN,60,20250314,130000,50.5,50.5,49.6,49.6,160,0
KGN,60,20250314,140000,49.9,49.9,49.4,49.4,145,0
KGN,60,20250314,160000,49.4,49.6,49.2,49.5,982,0
KGN,60,20250314,170000,49.5,50.6,49.5,50,1326,0
KGN,60,20250317,100000,50.2,50.8,49.05,49.4,521,0
KGN,60,20250317,110000,49.6,49.6,49.55,49.55,141,0
KGN,60,20250317,120000,49.5,49.7,49.35,49.7,136,0
KGN,60,20250317,150000,49.7,49.7,49.7,49.7,20,0
KGN,60,20250317,170000,49.5,49.75,49.5,49.75,104,0
KGN,60,20250318,100000,49.05,49.8,49.05,49.75,1176,0
KGN,60,20250318,110000,49.75,49.8,49.35,49.35,103,0
KGN,60,20250318,130000,49.35,49.35,48.5,49,3159,0
KGN,60,20250318,140000,48.8,48.85,48.8,48.8,223,0
KGN,60,20250318,160000,49,49,49,49,2,0
KGN,60,20250318,170000,49.2,49.35,48.9,49.35,241,0
KGN,60,20250319,100000,49.5,49.75,48.85,48.85,197,0
KGN,60,20250319,110000,49.6,49.65,49.2,49.2,144,0
KGN,60,20250319,140000,49.6,49.65,49.6,49.65,126,0
KGN,60,20250319,160000,49.65,49.65,49,49,249,0
KGN,60,20250319,170000,49.65,49.65,49.6,49.6,42,0
KGN,60,20250320,100000,49.75,49.75,48.85,48.85,321,0
KGN,60,20250320,110000,49.6,49.65,49.6,49.65,10,0
KGN,60,20250320,120000,49,49.05,48.9,48.9,408,0
KGN,60,20250320,130000,48.9,48.9,48.9,48.9,333,0
KGN,60,20250320,140000,48.9,48.9,48.9,48.9,37,0
KGN,60,20250320,160000,48.85,48.9,48.85,48.9,54,0
KGN,60,20250320,170000,48.85,48.9,48.6,48.7,99,0
KGN,60,20250321,100000,49,49.4,49,49.4,27,0
KGN,60,20250321,110000,49.3,49.3,49.3,49.3,2,0
KGN,60,20250321,120000,48.7,49.3,48.7,48.7,104,0
KGN,60,20250321,130000,48.7,48.7,48.7,48.7,208,0
KGN,60,20250321,160000,49,49,48.7,48.7,124,0
KGN,60,20250321,170000,48.7,49,48.6,49,240,0
KGN,60,20250324,100000,48.9,49,48.5,49,179,0
KGN,60,20250324,110000,49,49.5,48.5,48.5,228,0
KGN,60,20250324,130000,49,49.4,49,49.4,121,0
KGN,60,20250324,150000,48.7,48.7,48.7,48.7,22,0
KGN,60,20250324,160000,48.7,49,48.6,49,227,0
KGN,60,20250324,170000,48.6,49,48.5,49,13,0
KGN,60,20250325,100000,49.1,49.5,48.1,48.55,953,0
KGN,60,20250325,110000,48.7,49.2,48.7,48.7,193,0
KGN,60,20250325,120000,48.7,49.55,48.6,49.45,219,0
KGN,60,20250325,130000,49.4,49.5,49.4,49.45,473,0
KGN,60,20250325,140000,49.45,49.6,49.45,49.6,316,0
KGN,60,20250325,150000,49.45,49.75,49.45,49.75,586,0
KGN,60,20250325,160000,49.6,49.6,49.5,49.6,68,0
KGN,60,20250325,170000,49.5,49.6,49.5,49.6,437,0
KGN,60,20250326,100000,49.6,49.65,49.6,49.65,50,0
KGN,60,20250326,110000,49.65,49.65,49.65,49.65,24,0
KGN,60,20250326,130000,49.1,49.45,49.1,49.45,51,0
KGN,60,20250326,140000,49.45,49.6,49.45,49.6,30,0
KGN,60,20250326,150000,49.6,49.6,49.6,49.6,470,0
KGN,60,20250326,160000,49.05,49.05,49,49,140,0
KGN,60,20250326,170000,49,49,48.75,49,516,0
KGN,60,20250327,100000,49,50.3,49,50.3,1128,0
KGN,60,20250327,110000,49.45,49.45,49.35,49.35,55,0
KGN,60,20250327,120000,49.2,49.35,49.2,49.25,88,0
KGN,60,20250327,130000,49.4,49.4,49.4,49.4,40,0
KGN,60,20250327,140000,49.2,49.2,49.2,49.2,10,0
KGN,60,20250327,150000,49.2,50,49.1,50,883,0
KGN,60,20250327,160000,49.35,49.55,49.3,49.55,48,0
KGN,60,20250327,170000,49.3,49.3,48.9,48.9,604,0
KGN,60,20250328,100000,48.9,48.9,48.9,48.9,62,0
KGN,60,20250328,110000,48.9,49.6,48.6,49.5,556,0
KGN,60,20250328,120000,49.2,49.4,49.05,49.05,55,0
KGN,60,20250328,130000,49.4,49.5,49.4,49.5,59,0
KGN,60,20250328,140000,49.5,49.5,49.45,49.45,139,0
KGN,60,20250328,150000,49,49.6,49,49.6,152,0
KGN,60,20250328,160000,49.5,49.8,49.4,49.4,927,0
KGN,60,20250328,170000,49.8,50,49.6,50,1310,0
KGN,60,20250331,100000,50,50,49.25,49.25,1358,0
KGN,60,20250331,120000,49.5,49.6,49.5,49.5,243,0
KGN,60,20250331,130000,49.3,49.5,48.85,49.5,494,0
KGN,60,20250331,140000,49.5,49.55,49,49.5,225,0
KGN,60,20250331,150000,49.5,49.5,49.3,49.5,157,0
KGN,60,20250331,160000,49.5,49.5,49.45,49.5,70,0
KGN,60,20250331,170000,49.5,49.5,49.5,49.5,250,0
KGN,60,20250401,100000,49.9,49.9,49.2,49.75,20,0
KGN,60,20250401,110000,49.5,49.5,49.3,49.5,642,0
KGN,60,20250401,120000,49.5,49.75,49.5,49.75,250,0
KGN,60,20250401,130000,49.5,49.5,49.4,49.5,840,0
KGN,60,20250401,140000,49.4,49.8,49.4,49.8,776,0
KGN,60,20250401,150000,49.6,49.8,49.6,49.7,167,0
KGN,60,20250401,160000,49.8,51,49.8,50.8,1357,0
KGN,60,20250401,170000,50.8,51.9,50.4,50.9,2548,0
KGN,60,20250402,100000,50.9,50.9,50.7,50.7,487,0
KGN,60,20250402,110000,50.4,50.4,49.5,50.1,537,0
KGN,60,20250402,120000,50.1,50.2,50.1,50.2,73,0
KGN,60,20250402,130000,49.8,50.6,49.8,50.6,353,0
KGN,60,20250402,140000,50.7,50.7,50.4,50.4,157,0
KGN,60,20250402,150000,50.6,50.6,50.4,50.4,99,0
KGN,60,20250402,160000,50.5,50.5,50.2,50.2,359,0
KGN,60,20250402,170000,50.2,50.2,50,50,302,0
KGN,60,20250403,100000,50,50.5,49.8,50,166,0
KGN,60,20250403,110000,50.4,50.4,50.4,50.4,1,0
KGN,60,20250403,120000,50,50,49.6,49.8,580,0
KGN,60,20250403,130000,50.2,50.3,50.2,50.3,59,0
KGN,60,20250403,150000,49.7,50.3,49.3,50.3,1166,0
KGN,60,20250403,160000,49.8,49.9,49.4,49.9,301,0
KGN,60,20250403,170000,49.4,49.7,49.1,49.35,207,0
KGN,60,20250404,100000,49.35,49.5,48.75,49,629,0
KGN,60,20250404,110000,49,49,49,49,714,0
KGN,60,20250404,130000,48.5,48.5,47.6,47.8,617,0
KGN,60,20250404,140000,47.85,47.85,46.5,47,964,0
KGN,60,20250404,150000,48.05,48.05,47.5,48.05,123,0
KGN,60,20250404,160000,48.05,48.05,47.65,47.65,785,0
KGN,60,20250404,170000,48.05,48.05,47.5,47.5,457,0
KGN,60,20250407,100000,46,46.6,42.2,46.2,6133,0
KGN,60,20250407,110000,45.8,46.4,45.3,45.8,2215,0
KGN,60,20250407,120000,45.8,47.15,45.8,47,204,0
KGN,60,20250407,130000,47,47.15,45.95,46.25,70,0
KGN,60,20250407,140000,47.05,47.05,46.8,46.8,40,0
KGN,60,20250407,170000,46.7,46.8,46.5,46.5,820,0
KGN,60,20250408,100000,46.8,47.95,46.8,46.95,1536,0
KGN,60,20250408,110000,46.95,46.95,46.8,46.8,573,0
KGN,60,20250408,120000,47.15,47.45,47.15,47.45,389,0
KGN,60,20250408,130000,47.5,47.85,47.5,47.85,1089,0
KGN,60,20250408,140000,47.85,47.9,47.8,47.9,112,0
KGN,60,20250408,150000,47.9,48,47.9,47.9,123,0
KGN,60,20250408,160000,48,49.1,48,49,9674,0
KGN,60,20250408,170000,48.6,48.6,48.6,48.6,100,0
KGN,60,20250409,100000,48.5,48.5,47.8,48.2,108,0
KGN,60,20250409,110000,47.5,47.5,47.45,47.5,55,0
KGN,60,20250409,120000,47.5,47.9,47.45,47.9,144,0
KGN,60,20250409,130000,47.45,47.45,47.4,47.4,80,0
KGN,60,20250409,140000,47.4,47.75,47.4,47.4,128,0
KGN,60,20250409,150000,47.75,47.85,47.25,47.85,149,0
KGN,60,20250409,160000,47.15,47.8,47,47.8,1108,0
KGN,60,20250409,170000,46.6,47.5,46.2,47.5,4018,0
KGN,60,20250410,100000,49,49.4,48.1,48.1,1098,0
KGN,60,20250410,110000,48.1,48.4,48.1,48.4,125,0
KGN,60,20250410,120000,48.2,48.85,48.1,48.85,215,0
KGN,60,20250410,130000,48.5,48.5,48.1,48.1,770,0
KGN,60,20250410,140000,48.25,48.25,47.7,47.7,502,0
KGN,60,20250410,150000,47.7,48.85,47.6,48.85,257,0
KGN,60,20250410,160000,48.85,48.85,48.75,48.75,303,0
KGN,60,20250410,170000,47.9,48.3,47.9,47.9,74,0
KGN,60,20250411,100000,48,48.7,48,48.7,26,0
KGN,60,20250411,110000,48.7,48.7,47.7,47.7,486,0
KGN,60,20250411,120000,48.6,48.6,48.5,48.5,45,0
KGN,60,20250411,130000,48,48.4,48,48.4,126,0
KGN,60,20250411,150000,48.25,48.45,48.25,48.45,4,0
KGN,60,20250411,160000,48.25,48.4,48,48.4,74,0
KGN,60,20250411,170000,48.4,48.4,48.4,48.4,370,0
KGN,60,20250414,100000,48.4,48.4,48,48,1131,0
KGN,60,20250414,110000,48,48,47.85,48,270,0
KGN,60,20250414,120000,47.85,47.85,47.85,47.85,616,0
KGN,60,20250414,130000,47.85,47.85,47.85,47.85,123,0
KGN,60,20250414,140000,47.85,47.85,47.75,47.85,437,0
KGN,60,20250414,150000,47.85,47.85,47.6,47.6,588,0
KGN,60,20250414,160000,47.6,47.85,47.6,47.6,165,0
KGN,60,20250414,170000,48.05,48.05,48.05,48.05,1,0
KGN,60,20250415,100000,48.3,48.3,44.1,46.8,4882,0
KGN,60,20250415,110000,46.8,47.25,46.45,47.25,1354,0
KGN,60,20250415,120000,47.2,47.2,46.6,46.6,1772,0
KGN,60,20250415,130000,46.6,47.2,46.6,47.2,904,0
KGN,60,20250415,140000,47.15,47.15,46.5,46.5,326,0
KGN,60,20250415,150000,46.45,46.7,46.45,46.7,248,0
KGN,60,20250415,160000,46.5,46.7,46.2,46.7,348,0
KGN,60,20250415,170000,46.5,47,46.5,47,1024,0
KGN,60,20250416,100000,46.2,47.7,45,46.8,673,0
KGN,60,20250416,110000,46.7,46.7,46.7,46.7,59,0
KGN,60,20250416,120000,46.7,46.7,46.5,46.5,184,0
KGN,60,20250416,150000,46.7,47.8,46.7,47.8,977,0
KGN,60,20250416,160000,47.75,47.75,47.05,47.75,126,0
KGN,60,20250416,170000,47.7,47.7,47.5,47.5,211,0
KGN,60,20250417,100000,47.65,47.7,47.1,47.7,1642,0
KGN,60,20250417,110000,47.7,47.7,47.25,47.25,46,0
KGN,60,20250417,130000,47.5,47.6,47.25,47.55,220,0
KGN,60,20250417,140000,47.55,47.7,47.55,47.7,375,0
KGN,60,20250417,150000,47.7,47.7,47.5,47.7,683,0
KGN,60,20250417,160000,47.8,48.5,47.8,48.3,2443,0
KGN,60,20250417,170000,48.25,48.3,48.1,48.1,420,0
KGN,60,20250422,100000,48.3,49.9,48.3,49.5,1776,0
KGN,60,20250422,110000,49.5,49.7,49.2,49.2,470,0
KGN,60,20250422,120000,49.2,49.5,48.95,49.5,1194,0
KGN,60,20250422,130000,49.4,49.6,49,49.6,854,0
KGN,60,20250422,140000,49.05,49.6,49.05,49.6,111,0
KGN,60,20250422,150000,49.6,50.4,49.5,49.9,3796,0
KGN,60,20250422,160000,50.3,50.4,50,50,310,0
KGN,60,20250422,170000,50,50.5,49.9,50.5,1414,0
KGN,60,20250423,100000,50.5,51,50,50.7,2000,0
KGN,60,20250423,110000,50.7,51,50.5,50.5,531,0
KGN,60,20250423,120000,51,51,51,51,340,0
KGN,60,20250423,130000,50.9,50.9,50.5,50.5,335,0
KGN,60,20250423,140000,50.5,50.7,50.2,50.2,604,0
KGN,60,20250423,150000,50.7,50.7,50.7,50.7,47,0
KGN,60,20250423,160000,50.9,50.9,50.8,50.8,419,0
KGN,60,20250423,170000,50.4,50.4,50,50,330,0
KGN,60,20250424,100000,50,50.9,49.7,50.4,858,0
KGN,60,20250424,110000,50.4,50.5,50,50,33,0
KGN,60,20250424,120000,50.5,50.5,50.4,50.5,261,0
KGN,60,20250424,130000,50.5,51,50.5,50.9,922,0
KGN,60,20250424,140000,50.9,51,50.4,50.7,422,0
KGN,60,20250424,150000,50.8,51,50.8,51,159,0
KGN,60,20250424,160000,51,51,51,51,164,0
KGN,60,20250424,170000,51,51,50.9,51,121,0
KGN,60,20250425,100000,50.6,53.4,50.6,53.1,2332,0
KGN,60,20250425,110000,52.8,53,52,52,465,0
KGN,60,20250425,120000,52.3,52.8,51.8,52.8,1527,0
KGN,60,20250425,130000,53,53.3,52.4,52.4,3643,0
KGN,60,20250425,140000,52.9,52.9,52.3,52.8,136,0
KGN,60,20250425,150000,52.9,53,52,52.7,759,0
KGN,60,20250425,160000,52.7,52.9,52.6,52.9,569,0
KGN,60,20250425,170000,52.7,52.7,52,52,849,0
KGN,60,20250428,100000,53,53.3,52.1,53.3,1412,0
KGN,60,20250428,110000,53.3,53.5,53,53.4,1187,0
KGN,60,20250428,120000,53.2,53.3,53,53.3,411,0
KGN,60,20250428,130000,53.2,53.2,52.7,52.8,157,0
KGN,60,20250428,140000,53.2,53.2,53.2,53.2,103,0
KGN,60,20250428,150000,53.2,53.2,52.9,52.9,98,0
KGN,60,20250428,160000,53.2,53.2,52.9,52.9,313,0
KGN,60,20250428,170000,52.9,53.5,52.9,53.5,2299,0
KGN,60,20250429,100000,53.9,53.9,53.1,53.7,1368,0
KGN,60,20250429,110000,53.5,53.8,53.2,53.8,251,0
KGN,60,20250429,120000,53.9,53.9,53,53,589,0
KGN,60,20250429,130000,53.3,53.3,53.3,53.3,28,0
KGN,60,20250429,140000,53.3,53.3,53,53,176,0
KGN,60,20250429,150000,52.9,53,52.7,53,50,0
KGN,60,20250429,160000,52.8,52.8,52.5,52.5,1043,0
KGN,60,20250429,170000,52.5,53.3,52.5,53,340,0
KGN,60,20250430,100000,53.8,53.8,53.4,53.5,351,0
KGN,60,20250430,110000,53.8,53.8,53,53,524,0
KGN,60,20250430,120000,53,53,52.5,52.5,307,0
KGN,60,20250430,130000,52.3,52.5,52.1,52.1,181,0
KGN,60,20250430,140000,52.1,52.1,52,52,64,0
KGN,60,20250430,150000,52.5,52.5,52,52.5,549,0
KGN,60,20250430,160000,52.5,52.5,52.2,52.4,147,0
KGN,60,20250430,170000,52.4,52.4,52,52,99,0
KGN,60,20250502,100000,53,54.4,53,54.4,1927,0
KGN,60,20250502,110000,54.5,55.5,54.4,55.2,6302,0
KGN,60,20250502,120000,55.2,55.8,55.2,55.6,1198,0
KGN,60,20250502,130000,55.5,55.9,55.5,55.5,591,0
KGN,60,20250502,140000,55.5,55.8,55.2,55.2,1041,0
KGN,60,20250502,150000,55.2,55.2,55,55.2,481,0
KGN,60,20250502,160000,55.2,55.3,55.2,55.3,279,0
KGN,60,20250502,170000,55.2,55.3,55.2,55.3,380,0
KGN,60,20250505,100000,55.4,56.7,55.4,56.5,1741,0
KGN,60,20250505,110000,56.5,56.7,56,56,191,0
KGN,60,20250505,120000,56.4,56.4,56.1,56.1,1867,0
KGN,60,20250505,130000,56.1,56.2,56,56.2,178,0
KGN,60,20250505,140000,56.2,56.7,56,56.7,1766,0
KGN,60,20250505,150000,56.6,56.6,56.6,56.6,189,0
KGN,60,20250505,160000,56.5,56.6,55.2,55.2,1026,0
KGN,60,20250505,170000,56,56.3,56,56.3,203,0
KGN,60,20250506,100000,55,55.9,54.9,54.9,1957,0
KGN,60,20250506,110000,54.9,55.5,54.8,55,1366,0
KGN,60,20250506,120000,54.9,55.3,54.8,55.3,59,0
KGN,60,20250506,130000,55,55,55,55,4,0
KGN,60,20250506,140000,55.3,55.9,55,55.2,567,0
KGN,60,20250506,150000,55,55.8,55,55.8,2142,0
KGN,60,20250506,160000,55.1,55.1,55.1,55.1,10,0
KGN,60,20250506,170000,55.8,55.8,55.1,55.4,373,0
