<TICKER>,<PER>,<DATE>,<TIME>,<OPEN>,<HIGH>,<LOW>,<CLOSE>,<VOL>,<OPENINT>
KRK,60,20240411,100000,507.711,507.711,507.711,507.711,7.362459547099999,0
KRK,60,20240411,110000,503.908,503.908,503.908,503.908,12.621359223599999,0
KRK,60,20240411,120000,505.809,505.809,505.809,505.809,3.1553398058999997,0
KRK,60,20240411,130000,505.809,505.809,505.809,505.809,9.4660194177,0
KRK,60,20240411,140000,505.809,505.809,505.809,505.809,13.6731391589,0
KRK,60,20240411,150000,507.711,507.711,505.809,505.809,94.660194177,0
KRK,60,20240411,170000,505.809,505.809,505.809,505.809,5.2588996765,0
KRK,60,20240412,100000,507.711,509.612,507.711,509.612,6.3106796117999995,0
KRK,60,20240412,120000,507.711,507.711,507.711,507.711,4.2071197412,0
KRK,60,20240412,130000,507.711,507.711,507.711,507.711,2.1035598706,0
KRK,60,20240412,140000,505.809,505.809,496.302,496.302,39.967637541399995,0
KRK,60,20240412,150000,498.203,498.203,498.203,498.203,2.1035598706,0
KRK,60,20240412,160000,507.711,507.711,496.302,498.203,23.1391585766,0
KRK,60,20240415,100000,498.203,498.203,498.203,498.203,1.0517799353,0
KRK,60,20240415,120000,498.203,498.203,498.203,498.203,45.226537217899995,0
KRK,60,20240415,150000,507.711,507.711,507.711,507.711,52.588996765,0
KRK,60,20240416,100000,507.711,507.711,507.711,507.711,3.1553398058999997,0
KRK,60,20240416,130000,509.612,509.612,498.203,498.203,56.7961165062,0
KRK,60,20240416,150000,502.006,502.006,500.105,500.105,4.2071197412,0
KRK,60,20240416,160000,503.908,509.612,503.908,509.612,7.362459547099999,0
KRK,60,20240416,170000,509.612,509.612,509.612,509.612,12.621359223599999,0
KRK,60,20240418,100000,522.923,522.923,522.923,522.923,3.1553398058999997,0
KRK,60,20240418,110000,522.923,522.923,522.923,522.923,2.1035598706,0
KRK,60,20240418,120000,517.218,517.218,515.317,515.317,5.2588996765,0
KRK,60,20240418,150000,515.317,515.317,515.317,515.317,3.1553398058999997,0
KRK,60,20240418,170000,522.923,522.923,522.923,522.923,4.2071197412,0
KRK,60,20240419,100000,522.923,522.923,498.203,498.203,7.362459547099999,0
KRK,60,20240419,170000,526.726,540.037,526.726,540.037,10.517799353,0
KRK,60,20240422,100000,532.431,536.234,517.218,517.218,59.9514563121,0
KRK,60,20240422,110000,519.12,519.12,519.12,519.12,10.517799353,0
KRK,60,20240422,120000,517.218,517.218,517.218,517.218,30.5016181237,0
KRK,60,20240422,130000,515.317,517.218,515.317,517.218,58.899676376799995,0
KRK,60,20240422,140000,517.218,517.218,517.218,517.218,3.1553398058999997,0
KRK,60,20240422,150000,515.317,515.317,515.317,515.317,5.2588996765,0
KRK,60,20240422,160000,511.514,511.514,511.514,511.514,1.0517799353,0
KRK,60,20240423,100000,511.514,522.923,511.514,511.514,26.2944983825,0
KRK,60,20240423,120000,521.022,521.022,521.022,521.022,4.2071197412,0
KRK,60,20240423,130000,515.317,519.12,515.317,515.317,11.5695792883,0
KRK,60,20240423,140000,515.317,515.317,515.317,515.317,21.035598706,0
KRK,60,20240423,160000,515.317,519.12,515.317,519.12,10.517799353,0
KRK,60,20240424,140000,521.022,521.022,521.022,521.022,34.708737864899994,0
KRK,60,20240424,160000,519.12,519.12,519.12,519.12,12.621359223599999,0
KRK,60,20240425,110000,519.12,519.12,519.12,519.12,3.1553398058999997,0
KRK,60,20240425,120000,522.923,522.923,522.923,522.923,1.0517799353,0
KRK,60,20240425,130000,519.12,519.12,519.12,519.12,2.1035598706,0
KRK,60,20240425,150000,521.022,521.022,519.12,519.12,5.2588996765,0
KRK,60,20240426,120000,522.923,522.923,522.923,522.923,21.035598706,0
KRK,60,20240426,140000,517.218,517.218,515.317,515.317,326.051779943,0
KRK,60,20240426,160000,513.415,513.415,509.612,509.612,21.035598706,0
KRK,60,20240426,170000,511.514,511.514,511.514,511.514,4.2071197412,0
KRK,60,20240429,100000,522.923,522.923,522.923,522.923,8.4142394824,0
KRK,60,20240429,140000,521.022,521.022,515.317,515.317,5.2588996765,0
KRK,60,20240429,150000,515.317,515.317,515.317,515.317,18.9320388354,0
KRK,60,20240429,170000,522.923,522.923,522.923,522.923,2.1035598706,0
KRK,60,20240430,100000,522.923,522.923,522.923,522.923,2.1035598706,0
KRK,60,20240430,120000,522.923,522.923,522.923,522.923,3.1553398058999997,0
KRK,60,20240430,130000,522.923,522.923,513.415,513.415,11.569579288299998,0
KRK,60,20240430,140000,522.923,522.923,522.923,522.923,2.1035598706,0
KRK,60,20240430,160000,522.923,522.923,513.415,513.415,31.553398058999996,0
KRK,60,20240502,110000,522.923,522.923,522.923,522.923,13.6731391589,0
KRK,60,20240502,120000,522.923,522.923,522.923,522.923,3.1553398058999997,0
KRK,60,20240506,100000,522.923,522.923,517.218,517.218,28.3980582531,0
KRK,60,20240506,110000,521.022,521.022,521.022,521.022,3.1553398058999997,0
KRK,60,20240506,120000,521.022,521.022,521.022,521.022,3.1553398058999997,0
KRK,60,20240506,140000,521.022,521.022,521.022,521.022,5.2588996765,0
KRK,60,20240506,150000,517.218,522.923,513.415,522.923,18.9320388354,0
KRK,60,20240506,170000,522.923,522.923,522.923,522.923,19.983818770699997,0
KRK,60,20240507,100000,528.628,528.628,524.825,524.825,36.8122977355,0
KRK,60,20240507,110000,521.022,521.022,521.022,521.022,3.1553398058999997,0
KRK,60,20240507,120000,522.923,522.923,521.022,521.022,10.517799353,0
KRK,60,20240507,140000,521.022,521.022,521.022,521.022,2.1035598706,0
KRK,60,20240507,150000,519.12,519.12,519.12,519.12,19.9838187707,0
KRK,60,20240507,160000,521.022,521.022,521.022,521.022,1.0517799353,0
KRK,60,20240508,100000,528.628,528.628,521.022,521.022,3.1553398058999997,0
KRK,60,20240508,110000,522.923,522.923,517.218,517.218,134.6278317184,0
KRK,60,20240508,120000,517.218,517.218,517.218,517.218,4.2071197412,0
KRK,60,20240508,140000,517.218,517.218,517.218,517.218,16.8284789648,0
KRK,60,20240508,150000,517.218,517.218,517.218,517.218,11.569579288299998,0
KRK,60,20240508,160000,517.218,519.12,517.218,519.12,7.3624595471,0
KRK,60,20240508,170000,515.317,515.317,515.317,515.317,9.4660194177,0
KRK,60,20240509,100000,515.317,515.317,507.711,507.711,12.6213592236,0
KRK,60,20240509,110000,509.612,513.415,507.711,513.415,15.7766990295,0
KRK,60,20240509,120000,509.612,509.612,509.612,509.612,1.0517799353,0
KRK,60,20240509,130000,515.317,515.317,515.317,515.317,6.3106796118,0
KRK,60,20240509,140000,513.415,513.415,513.415,513.415,3.1553398058999997,0
KRK,60,20240509,150000,513.415,513.415,513.415,513.415,2.1035598706,0
KRK,60,20240510,110000,511.514,515.317,509.612,515.317,242.96116505429998,0
KRK,60,20240510,130000,517.218,517.218,509.612,509.612,4.2071197412,0
KRK,60,20240510,140000,517.218,517.218,513.415,513.415,11.5695792883,0
KRK,60,20240510,150000,519.12,519.12,519.12,519.12,3.1553398058999997,0
KRK,60,20240510,160000,517.218,517.218,517.218,517.218,1.0517799353,0
KRK,60,20240513,100000,519.12,519.12,519.12,519.12,5.2588996765,0
KRK,60,20240513,110000,519.12,519.12,519.12,519.12,2.1035598706,0
KRK,60,20240513,120000,517.218,517.218,517.218,517.218,1.0517799353,0
KRK,60,20240513,130000,517.218,517.218,517.218,517.218,4.2071197412,0
KRK,60,20240513,150000,513.415,517.218,507.711,513.415,108.3333333359,0
KRK,60,20240513,160000,513.415,513.415,513.415,513.415,1.0517799353,0
KRK,60,20240514,100000,513.415,513.415,507.711,513.415,11.5695792883,0
KRK,60,20240514,150000,507.711,507.711,507.711,507.711,12.6213592236,0
KRK,60,20240515,130000,507.711,507.711,507.711,507.711,1.0517799353,0
KRK,60,20240515,140000,511.514,513.415,511.514,513.415,52.588996765,0
KRK,60,20240515,160000,513.415,513.415,513.415,513.415,5.2588996765,0
KRK,60,20240516,100000,513.415,513.415,513.415,513.415,8.4142394824,0
KRK,60,20240516,110000,513.415,513.415,507.711,507.711,14.7249190942,0
KRK,60,20240516,120000,507.711,515.317,507.711,515.317,13.6731391589,0
KRK,60,20240516,130000,517.218,519.12,517.218,519.12,5.2588996765,0
KRK,60,20240516,160000,517.218,517.218,517.218,517.218,2.1035598706,0
KRK,60,20240516,170000,517.218,517.218,517.218,517.218,5.2588996765,0
KRK,60,20240517,100000,517.218,517.218,517.218,517.218,2.1035598706,0
KRK,60,20240517,110000,517.218,517.218,517.218,517.218,2.1035598706,0
KRK,60,20240517,130000,519.12,519.12,519.12,519.12,42.071197412,0
KRK,60,20240517,150000,515.317,515.317,515.317,515.317,2.1035598706,0
KRK,60,20240517,170000,517.218,517.218,517.218,517.218,26.2944983825,0
KRK,60,20240520,100000,517.218,517.218,515.317,515.317,5.2588996765,0
KRK,60,20240520,110000,515.317,515.317,515.317,515.317,26.2944983825,0
KRK,60,20240520,120000,517.218,517.218,517.218,517.218,6.3106796118,0
KRK,60,20240520,130000,517.218,517.218,517.218,517.218,3.1553398058999997,0
KRK,60,20240520,140000,517.218,517.218,517.218,517.218,10.517799353,0
KRK,60,20240520,150000,517.218,517.218,517.218,517.218,10.517799353,0
KRK,60,20240520,160000,515.317,515.317,513.415,513.415,18.9320388354,0
KRK,60,20240520,170000,517.218,517.218,517.218,517.218,1.0517799353,0
KRK,60,20240521,120000,519.12,519.12,517.218,519.12,7.3624595471,0
KRK,60,20240521,130000,515.317,517.218,515.317,517.218,3.1553398059,0
KRK,60,20240521,140000,511.514,511.514,511.514,511.514,2.1035598706,0
KRK,60,20240521,150000,515.317,517.218,515.317,517.218,6.3106796117999995,0
KRK,60,20240521,160000,519.12,519.12,519.12,519.12,3.1553398058999997,0
KRK,60,20240522,110000,515.317,515.317,515.317,515.317,4.2071197412,0
KRK,60,20240522,120000,515.317,515.317,515.317,515.317,9.4660194177,0
KRK,60,20240522,130000,517.218,517.218,517.218,517.218,10.517799353,0
KRK,60,20240522,150000,517.218,517.218,517.218,517.218,5.2588996765,0
KRK,60,20240522,160000,517.218,517.218,515.317,515.317,27.3462783178,0
KRK,60,20240523,100000,521.022,526.726,507.711,521.022,59.9514563121,0
KRK,60,20240523,130000,519.12,519.12,519.12,519.12,1.0517799353,0
KRK,60,20240523,140000,519.12,519.12,519.12,519.12,3.1553398058999997,0
KRK,60,20240523,150000,519.12,519.12,519.12,519.12,1.0517799353,0
KRK,60,20240523,160000,509.612,517.218,509.612,517.218,4.2071197412,0
KRK,60,20240524,100000,513.415,521.022,513.415,521.022,16.8284789648,0
KRK,60,20240524,110000,521.022,522.923,521.022,522.923,44.1747572826,0
KRK,60,20240524,130000,522.923,522.923,522.923,522.923,3.1553398058999997,0
KRK,60,20240524,140000,515.317,515.317,515.317,515.317,2.1035598706,0
KRK,60,20240524,150000,513.415,513.415,513.415,513.415,4.2071197412,0
KRK,60,20240527,120000,513.415,513.415,513.415,513.415,10.517799353,0
KRK,60,20240528,100000,513.415,513.415,513.415,513.415,13.6731391589,0
KRK,60,20240528,110000,513.415,513.415,513.415,513.415,10.517799353,0
KRK,60,20240528,140000,513.415,517.218,513.415,517.218,34.708737864899994,0
KRK,60,20240529,100000,517.218,517.218,517.218,517.218,8.4142394824,0
KRK,60,20240529,110000,519.12,521.022,519.12,521.022,12.6213592236,0
KRK,60,20240529,120000,521.022,521.022,521.022,521.022,1.0517799353,0
KRK,60,20240529,130000,521.022,521.022,521.022,521.022,3.1553398058999997,0
KRK,60,20240529,140000,521.022,521.022,521.022,521.022,6.3106796118,0
KRK,60,20240529,150000,522.923,522.923,519.12,519.12,4.2071197412,0
KRK,60,20240531,100000,524.825,524.825,524.825,524.825,5.2588996765,0
KRK,60,20240531,110000,526.726,526.726,526.726,526.726,2.1035598706,0
KRK,60,20240531,120000,521.022,521.022,521.022,521.022,8.4142394824,0
KRK,60,20240531,150000,521.022,521.022,521.022,521.022,55.744336570899996,0
KRK,60,20240603,100000,528.628,532.431,528.628,530.529,51.5372168297,0
KRK,60,20240603,130000,530.529,532.431,530.529,532.431,41.0194174767,0
KRK,60,20240603,140000,532.431,532.431,532.431,532.431,1.0517799353,0
KRK,60,20240603,160000,536.234,538.135,536.234,538.135,28.3980582531,0
KRK,60,20240604,100000,543.84,543.84,536.234,538.135,39.9676375414,0
KRK,60,20240604,130000,530.529,536.234,528.628,536.234,7.3624595471,0
KRK,60,20240604,140000,538.135,540.037,538.135,540.037,6.3106796118,0
KRK,60,20240604,150000,538.135,538.135,538.135,538.135,22.0873786413,0
KRK,60,20240605,100000,532.431,532.431,532.431,532.431,1.0517799353,0
KRK,60,20240605,110000,532.431,532.431,532.431,532.431,1.0517799353,0
KRK,60,20240605,140000,532.431,532.431,532.431,532.431,5.2588996765,0
KRK,60,20240605,150000,530.529,530.529,530.529,530.529,1.0517799353,0
KRK,60,20240605,160000,532.431,532.431,532.431,532.431,22.0873786413,0
KRK,60,20240606,100000,528.628,540.037,521.022,538.135,41.0194174767,0
KRK,60,20240606,110000,538.135,541.938,538.135,541.938,31.553398059,0
KRK,60,20240606,120000,541.938,541.938,540.037,540.037,47.3300970885,0
KRK,60,20240606,150000,545.742,545.742,545.742,545.742,1.0517799353,0
KRK,60,20240606,160000,545.742,549.545,538.135,549.545,12.621359223599999,0
KRK,60,20240606,170000,547.643,549.545,547.643,549.545,4.2071197412,0
KRK,60,20240607,100000,549.545,549.545,540.037,540.037,4.2071197412,0
KRK,60,20240607,110000,553.348,560.954,549.545,549.545,22.0873786413,0
KRK,60,20240607,130000,559.052,559.052,559.052,559.052,1.0517799353,0
KRK,60,20240607,150000,559.052,559.052,559.052,559.052,4.2071197412,0
KRK,60,20240607,160000,549.545,549.545,549.545,549.545,1.0517799353,0
KRK,60,20240607,170000,560.954,560.954,560.954,560.954,1.0517799353,0
KRK,60,20240610,100000,560.954,560.954,536.234,551.446,19.9838187707,0
KRK,60,20240610,110000,559.052,560.954,559.052,560.954,7.362459547099999,0
KRK,60,20240610,140000,551.446,551.446,551.446,551.446,2.1035598706,0
KRK,60,20240610,150000,551.446,562.855,549.545,562.855,63.10679611799999,0
KRK,60,20240610,160000,557.151,557.151,557.151,557.151,1.0517799353,0
KRK,60,20240610,170000,566.658,568.56,566.658,568.56,3.1553398058999997,0
KRK,60,20240611,100000,560.954,568.56,560.954,568.56,2.1035598706,0
KRK,60,20240611,110000,560.954,566.658,560.954,566.658,6.3106796118,0
KRK,60,20240611,120000,555.249,555.249,553.348,553.348,8.4142394824,0
KRK,60,20240611,140000,562.855,562.855,562.855,562.855,473.30097088499997,0
KRK,60,20240611,160000,564.757,564.757,564.757,564.757,1.0517799353,0
KRK,60,20240612,120000,560.954,562.855,560.954,562.855,5.2588996765,0
KRK,60,20240612,130000,562.855,562.855,562.855,562.855,8.4142394824,0
KRK,60,20240612,160000,562.855,568.56,562.855,568.56,9.4660194177,0
KRK,60,20240613,100000,570.462,574.265,570.462,574.265,4.2071197412,0
KRK,60,20240613,110000,562.855,562.855,562.855,562.855,2.1035598706,0
KRK,60,20240613,120000,562.855,562.855,560.954,560.954,5.2588996765,0
KRK,60,20240613,150000,562.855,562.855,562.855,562.855,1.0517799353,0
KRK,60,20240613,170000,562.855,562.855,562.855,562.855,1.0517799353,0
KRK,60,20240614,100000,555.249,566.658,555.249,566.658,45.2265372179,0
KRK,60,20240614,120000,566.658,574.265,566.658,574.265,18.9320388354,0
KRK,60,20240614,130000,574.265,574.265,570.462,570.462,2.1035598706,0
KRK,60,20240614,160000,574.265,578.068,574.265,578.068,6.3106796117999995,0
KRK,60,20240614,170000,570.462,570.462,570.462,570.462,10.517799353,0
KRK,60,20240617,100000,570.462,570.462,570.462,570.462,17.8802589001,0
KRK,60,20240617,110000,578.068,579.969,578.068,579.969,2.1035598706,0
KRK,60,20240617,120000,579.969,579.969,579.969,579.969,2.1035598706,0
KRK,60,20240617,140000,579.969,579.969,579.969,579.969,5.2588996765,0
KRK,60,20240617,160000,574.265,574.265,574.265,574.265,9.4660194177,0
KRK,60,20240618,100000,579.969,581.871,579.969,581.871,234.54692557189998,0
KRK,60,20240618,110000,579.969,583.772,579.969,583.772,8.4142394824,0
KRK,60,20240618,120000,589.477,589.477,585.674,585.674,6.3106796118,0
KRK,60,20240618,130000,589.477,589.477,589.477,589.477,2.1035598706,0
KRK,60,20240618,150000,581.871,589.477,581.871,589.477,23.1391585766,0
KRK,60,20240618,160000,589.477,589.477,583.772,583.772,35.7605178002,0
KRK,60,20240618,170000,591.378,591.378,589.477,589.477,38.9158576061,0
KRK,60,20240619,100000,589.477,589.477,589.477,589.477,3.1553398058999997,0
KRK,60,20240619,110000,591.378,591.378,591.378,591.378,1.0517799353,0
KRK,60,20240619,120000,589.477,589.477,589.477,589.477,6.3106796117999995,0
KRK,60,20240619,140000,578.068,581.871,574.265,581.871,34.708737864899994,0
KRK,60,20240619,160000,579.969,579.969,579.969,579.969,3.1553398058999997,0
KRK,60,20240620,100000,579.969,579.969,579.969,579.969,3.1553398058999997,0
KRK,60,20240620,110000,570.462,572.363,570.462,572.363,70.4692556651,0
KRK,60,20240620,120000,574.265,574.265,574.265,574.265,12.621359223599999,0
KRK,60,20240620,130000,574.265,574.265,574.265,574.265,1.0517799353,0
KRK,60,20240620,140000,574.265,574.265,574.265,574.265,5.2588996765,0
KRK,60,20240620,150000,574.265,574.265,574.265,574.265,2.1035598706,0
KRK,60,20240620,160000,572.363,572.363,572.363,572.363,4.2071197412,0
KRK,60,20240621,100000,568.56,568.56,568.56,568.56,1.0517799353,0
KRK,60,20240621,110000,570.462,570.462,566.658,566.658,16.8284789648,0
KRK,60,20240621,120000,562.855,562.855,560.954,560.954,10.517799353,0
KRK,60,20240621,130000,559.052,559.052,559.052,559.052,33.6569579296,0
KRK,60,20240621,140000,557.151,559.052,557.151,559.052,25.2427184472,0
KRK,60,20240621,150000,557.151,559.052,557.151,557.151,53.6407767003,0
KRK,60,20240621,160000,551.446,553.348,551.446,553.348,56.7961165062,0
KRK,60,20240621,170000,553.348,555.249,551.446,555.249,12.621359223599999,0
KRK,60,20240624,100000,551.446,568.56,551.446,568.56,24.1909385119,0
KRK,60,20240624,120000,564.757,564.757,559.052,559.052,13.6731391589,0
KRK,60,20240624,130000,559.052,559.052,559.052,559.052,1.0517799353,0
KRK,60,20240624,140000,559.052,559.052,559.052,559.052,10.517799353,0
KRK,60,20240624,150000,564.757,564.757,564.757,564.757,7.3624595471,0
KRK,60,20240624,160000,559.052,559.052,559.052,559.052,11.569579288299998,0
KRK,60,20240624,170000,559.052,564.757,559.052,564.757,3.1553398059,0
KRK,60,20240625,100000,568.56,568.56,559.052,559.052,90.4530744358,0
KRK,60,20240625,110000,557.151,559.052,557.151,559.052,15.776699029499998,0
KRK,60,20240625,130000,559.052,559.052,559.052,559.052,23.1391585766,0
KRK,60,20240625,140000,551.446,559.052,551.446,559.052,7.3624595471,0
KRK,60,20240626,130000,562.855,562.855,562.855,562.855,57.8478964415,0
KRK,60,20240626,140000,570.462,570.462,570.462,570.462,1.0517799353,0
KRK,60,20240626,150000,562.855,562.855,559.052,559.052,10.517799353,0
KRK,60,20240627,110000,574.265,574.265,560.954,560.954,11.5695792883,0
KRK,60,20240627,140000,568.56,568.56,568.56,568.56,21.035598706,0
KRK,60,20240627,160000,566.658,566.658,566.658,566.658,7.362459547099999,0
KRK,60,20240628,100000,568.56,568.56,568.56,568.56,2.1035598706,0
KRK,60,20240628,110000,568.56,568.56,568.56,568.56,2.1035598706,0
KRK,60,20240628,120000,574.265,574.265,572.363,572.363,33.6569579296,0
KRK,60,20240628,140000,572.363,572.363,572.363,572.363,1.0517799353,0
KRK,60,20240628,160000,568.56,572.363,568.56,572.363,64.1585760533,0
KRK,60,20240628,170000,572.363,572.363,570.462,570.462,6.3106796117999995,0
KRK,60,20240701,100000,570.462,570.462,570.462,570.462,2.1035598706,0
KRK,60,20240701,110000,570.462,570.462,570.462,570.462,31.553398059,0
KRK,60,20240701,130000,570.462,570.462,570.462,570.462,2.1035598706,0
KRK,60,20240701,140000,574.265,574.265,574.265,574.265,8.4142394824,0
KRK,60,20240701,160000,574.265,574.265,568.56,568.56,99.9190938535,0
KRK,60,20240701,170000,570.462,578.068,570.462,578.068,33.6569579296,0
KRK,60,20240702,100000,576.166,581.871,576.166,581.871,14.724919094199999,0
KRK,60,20240702,110000,579.969,579.969,578.068,578.068,3.1553398058999997,0
KRK,60,20240702,120000,578.068,581.871,578.068,581.871,21.035598706,0
KRK,60,20240702,130000,581.871,581.871,576.166,581.871,13.6731391589,0
KRK,60,20240702,140000,581.871,581.871,576.166,576.166,11.5695792883,0
KRK,60,20240702,150000,579.969,581.871,579.969,579.969,9.4660194177,0
KRK,60,20240702,160000,578.068,578.068,578.068,578.068,105.17799353,0
KRK,60,20240703,100000,579.969,579.969,578.068,578.068,37.8640776708,0
KRK,60,20240703,120000,578.068,578.068,578.068,578.068,2.1035598706,0
KRK,60,20240703,130000,576.166,576.166,576.166,576.166,8.4142394824,0
KRK,60,20240703,150000,578.068,578.068,576.166,576.166,14.7249190942,0
KRK,60,20240703,170000,574.265,574.265,572.363,572.363,3.1553398059,0
KRK,60,20240704,100000,570.462,570.462,570.462,570.462,3.1553398058999997,0
KRK,60,20240704,110000,572.363,574.265,570.462,570.462,118.8511326889,0
KRK,60,20240704,130000,576.166,576.166,564.757,576.166,476.4563106909,0
KRK,60,20240704,150000,576.166,576.166,576.166,576.166,9.4660194177,0
KRK,60,20240704,170000,574.265,574.265,574.265,574.265,1.0517799353,0
KRK,60,20240705,100000,576.166,576.166,576.166,576.166,3.1553398058999997,0
KRK,60,20240705,110000,574.265,576.166,574.265,576.166,3.1553398059,0
KRK,60,20240705,120000,572.363,572.363,572.363,572.363,4.2071197412,0
KRK,60,20240705,150000,579.969,579.969,579.969,579.969,4.2071197412,0
KRK,60,20240705,160000,579.969,579.969,572.363,572.363,13.6731391589,0
KRK,60,20240705,170000,581.871,581.871,581.871,581.871,2.1035598706,0
KRK,60,20240708,100000,589.477,589.477,581.871,581.871,50.4854368944,0
KRK,60,20240708,130000,578.068,581.871,578.068,581.871,29.4498381884,0
KRK,60,20240708,140000,579.969,579.969,578.068,578.068,12.6213592236,0
KRK,60,20240708,150000,578.068,578.068,578.068,578.068,4.2071197412,0
KRK,60,20240708,160000,579.969,579.969,579.969,579.969,3.1553398058999997,0
KRK,60,20240709,100000,581.871,589.477,579.969,579.969,11.5695792883,0
KRK,60,20240709,110000,579.969,579.969,579.969,579.969,10.517799353,0
KRK,60,20240709,120000,581.871,581.871,576.166,576.166,6.3106796117999995,0
KRK,60,20240709,130000,576.166,576.166,576.166,576.166,107.2815534006,0
KRK,60,20240709,140000,576.166,576.166,576.166,576.166,4.2071197412,0
KRK,60,20240709,150000,578.068,578.068,578.068,578.068,2.1035598706,0
KRK,60,20240710,100000,578.068,578.068,578.068,578.068,10.517799353,0
KRK,60,20240710,120000,578.068,578.068,578.068,578.068,11.5695792883,0
KRK,60,20240710,130000,578.068,578.068,578.068,578.068,2.1035598706,0
KRK,60,20240710,140000,578.068,578.068,578.068,578.068,1.0517799353,0
KRK,60,20240710,170000,579.969,579.969,579.969,579.969,3.1553398058999997,0
KRK,60,20240711,100000,587.575,587.575,579.969,579.969,12.6213592236,0
KRK,60,20240711,120000,579.969,579.969,579.969,579.969,2.1035598706,0
KRK,60,20240711,140000,579.969,579.969,579.969,579.969,7.362459547099999,0
KRK,60,20240711,150000,581.871,587.575,581.871,587.575,12.6213592236,0
KRK,60,20240711,160000,583.772,583.772,583.772,583.772,15.776699029499998,0
KRK,60,20240711,170000,587.575,587.575,587.575,587.575,10.517799353,0
KRK,60,20240712,100000,587.575,589.477,579.969,585.674,6.3106796118,0
KRK,60,20240712,110000,587.575,587.575,587.575,587.575,158.8187702303,0
KRK,60,20240712,130000,587.575,587.575,587.575,587.575,2.1035598706,0
KRK,60,20240712,160000,587.575,589.477,587.575,589.477,39.967637541399995,0
KRK,60,20240712,170000,589.477,589.477,587.575,587.575,43.122977347299994,0
KRK,60,20240715,100000,589.477,593.28,587.575,587.575,18.9320388354,0
KRK,60,20240715,110000,587.575,587.575,585.674,585.674,6.3106796118,0
KRK,60,20240715,120000,587.575,587.575,587.575,587.575,1.0517799353,0
KRK,60,20240715,130000,591.378,591.378,591.378,591.378,9.4660194177,0
KRK,60,20240715,140000,591.378,591.378,591.378,591.378,35.7605178002,0
KRK,60,20240715,150000,593.28,593.28,593.28,593.28,2.1035598706,0
KRK,60,20240715,160000,595.182,595.182,595.182,595.182,4.2071197412,0
KRK,60,20240715,170000,597.083,597.083,597.083,597.083,7.362459547099999,0
KRK,60,20240716,100000,597.083,597.083,595.182,595.182,41.0194174767,0
KRK,60,20240716,110000,600.886,600.886,600.886,600.886,2.1035598706,0
KRK,60,20240716,120000,600.886,600.886,595.182,600.886,15.776699029499998,0
KRK,60,20240716,130000,600.886,602.788,600.886,602.788,3.1553398059,0
KRK,60,20240716,140000,602.788,602.788,602.788,602.788,9.4660194177,0
KRK,60,20240716,150000,602.788,602.788,600.886,602.788,14.7249190942,0
KRK,60,20240716,160000,602.788,604.689,602.788,604.689,24.1909385119,0
KRK,60,20240716,170000,614.197,614.197,604.689,604.689,7.362459547099999,0
KRK,60,20240717,100000,608.492,616.098,608.492,616.098,9.4660194177,0
KRK,60,20240717,110000,608.492,616.098,604.689,616.098,59.9514563121,0
KRK,60,20240717,120000,616.098,616.098,616.098,616.098,26.2944983825,0
KRK,60,20240717,140000,614.197,614.197,614.197,614.197,1.0517799353,0
KRK,60,20240717,150000,604.689,614.197,604.689,614.197,15.7766990295,0
KRK,60,20240717,160000,614.197,614.197,604.689,614.197,6.3106796118,0
KRK,60,20240718,100000,600.886,627.508,600.886,627.508,16.8284789648,0
KRK,60,20240718,110000,618,618,616.098,618,14.7249190942,0
KRK,60,20240718,120000,616.098,616.098,616.098,616.098,1.0517799353,0
KRK,60,20240718,140000,616.098,616.098,616.098,616.098,5.2588996765,0
KRK,60,20240718,150000,616.098,616.098,616.098,616.098,201.9417475776,0
KRK,60,20240718,160000,616.098,616.098,612.295,612.295,3.1553398059,0
KRK,60,20240718,170000,610.394,614.197,610.394,614.197,9.4660194177,0
KRK,60,20240719,100000,614.197,614.197,614.197,614.197,28.398058253099997,0
KRK,60,20240719,110000,614.197,614.197,614.197,614.197,16.8284789648,0
KRK,60,20240719,120000,612.295,612.295,612.295,612.295,3.1553398058999997,0
KRK,60,20240719,130000,614.197,614.197,614.197,614.197,6.3106796117999995,0
KRK,60,20240719,140000,610.394,610.394,610.394,610.394,6.3106796117999995,0
KRK,60,20240719,160000,608.492,608.492,608.492,608.492,91.5048543711,0
KRK,60,20240719,170000,618,618,618,618,3.1553398058999997,0
KRK,60,20240722,100000,617.999,619.901,610.393,619.901,119.90275,0
KRK,60,20240722,110000,610.393,610.393,608.492,608.492,13.67307,0
KRK,60,20240722,120000,610.393,610.393,606.59,606.59,30.50147,0
KRK,60,20240722,140000,617.999,617.999,617.999,617.999,8.4142,0
KRK,60,20240722,150000,617.999,617.999,617.999,617.999,1.05177,0
KRK,60,20240722,160000,617.999,617.999,617.999,617.999,1.05177,0
KRK,60,20240722,170000,614.196,617.999,606.59,617.999,17.88015,0
KRK,60,20240723,100000,620,624,584,624,189,0
KRK,60,20240723,110000,620,620,620,620,37,0
KRK,60,20240723,120000,620,620,620,620,10,0
KRK,60,20240723,130000,618,618,606,606,9,0
KRK,60,20240723,140000,618,618,618,618,6,0
KRK,60,20240723,150000,616,616,616,616,4,0
KRK,60,20240723,160000,620,620,620,620,4,0
KRK,60,20240723,170000,620,620,620,620,5,0
KRK,60,20240724,100000,620,620,616,616,5,0
KRK,60,20240724,110000,608,618,608,618,61,0
KRK,60,20240724,120000,618,618,618,618,1,0
KRK,60,20240724,140000,616,616,616,616,3,0
KRK,60,20240724,150000,610,610,608,608,32,0
KRK,60,20240724,160000,604,604,564,594,97,0
KRK,60,20240724,170000,600,600,600,600,5,0
KRK,60,20240725,100000,600,600,570,592,13,0
KRK,60,20240725,110000,590,590,588,588,15,0
KRK,60,20240725,120000,588,588,588,588,5,0
KRK,60,20240725,130000,586,586,582,582,31,0
KRK,60,20240725,140000,582,582,582,582,1,0
KRK,60,20240725,150000,590,590,582,582,3,0
KRK,60,20240725,160000,586,586,582,582,17,0
KRK,60,20240725,170000,582,582,582,582,10,0
KRK,60,20240726,100000,582,586,576,576,28,0
KRK,60,20240726,110000,580,580,580,580,12,0
KRK,60,20240726,120000,590,592,588,588,29,0
KRK,60,20240726,130000,588,588,588,588,12,0
KRK,60,20240726,140000,580,584,580,584,2,0
KRK,60,20240726,150000,586,586,584,584,8,0
KRK,60,20240726,160000,582,582,580,580,35,0
KRK,60,20240726,170000,580,580,570,570,16,0
KRK,60,20240729,100000,582,598,582,598,52,0
KRK,60,20240729,110000,598,598,598,598,1,0
KRK,60,20240729,120000,598,598,598,598,35,0
KRK,60,20240729,130000,592,592,588,588,3,0
KRK,60,20240729,140000,590,590,590,590,3,0
KRK,60,20240729,150000,592,600,592,600,15,0
KRK,60,20240729,160000,600,602,600,600,12,0
KRK,60,20240729,170000,602,602,602,602,1,0
KRK,60,20240730,100000,604,604,604,604,3,0
KRK,60,20240730,110000,606,606,606,606,5,0
KRK,60,20240730,120000,606,606,606,606,17,0
KRK,60,20240730,130000,606,606,606,606,50,0
KRK,60,20240730,160000,606,608,602,602,57,0
KRK,60,20240731,100000,602,602,602,602,7,0
KRK,60,20240731,160000,606,606,606,606,180,0
KRK,60,20240801,100000,602,602,602,602,1,0
KRK,60,20240801,110000,608,608,604,604,35,0
KRK,60,20240801,140000,602,602,600,600,12,0
KRK,60,20240801,150000,602,602,602,602,5,0
KRK,60,20240801,160000,592,592,590,590,2,0
KRK,60,20240801,170000,604,604,604,604,9,0
KRK,60,20240802,100000,592,592,580,590,14,0
KRK,60,20240802,110000,590,590,586,590,33,0
KRK,60,20240802,140000,590,590,590,590,2,0
KRK,60,20240802,150000,590,590,590,590,4,0
KRK,60,20240802,170000,580,580,580,580,8,0
KRK,60,20240805,100000,570,576,562,564,39,0
KRK,60,20240805,110000,566,570,560,560,18,0
KRK,60,20240805,120000,566,576,564,564,45,0
KRK,60,20240805,130000,576,578,562,562,39,0
KRK,60,20240805,140000,566,578,564,566,27,0
KRK,60,20240805,150000,566,566,566,566,2,0
KRK,60,20240805,160000,570,570,566,566,3,0
KRK,60,20240805,170000,570,570,570,570,7,0
KRK,60,20240806,100000,566,574,566,574,38,0
KRK,60,20240806,110000,580,590,580,590,9,0
KRK,60,20240806,120000,584,584,584,584,9,0
KRK,60,20240806,130000,582,584,580,584,4,0
KRK,60,20240806,150000,584,588,584,588,41,0
KRK,60,20240806,170000,586,586,586,586,23,0
KRK,60,20240807,150000,590,596,590,596,15,0
KRK,60,20240807,160000,596,596,596,596,12,0
KRK,60,20240808,100000,586,586,586,586,1,0
KRK,60,20240808,110000,586,586,586,586,2,0
KRK,60,20240808,130000,586,586,586,586,4,0
KRK,60,20240808,150000,596,596,596,596,1,0
KRK,60,20240808,160000,596,596,596,596,1,0
KRK,60,20240809,100000,596,598,596,596,5,0
KRK,60,20240809,110000,596,596,596,596,6,0
KRK,60,20240809,120000,594,598,586,598,8,0
KRK,60,20240809,150000,598,598,598,598,1,0
KRK,60,20240809,160000,596,596,596,596,4,0
KRK,60,20240812,100000,598,598,590,594,21,0
KRK,60,20240812,110000,590,590,590,590,2,0
KRK,60,20240812,120000,590,590,580,580,8,0
KRK,60,20240812,140000,590,590,590,590,4,0
KRK,60,20240812,150000,592,592,592,592,7,0
KRK,60,20240813,100000,600,600,582,600,14,0
KRK,60,20240813,110000,590,590,590,590,1,0
KRK,60,20240813,130000,580,586,576,582,18,0
KRK,60,20240813,140000,574,574,574,574,1,0
KRK,60,20240813,160000,580,580,580,580,2,0
KRK,60,20240814,100000,594,594,574,578,427,0
KRK,60,20240814,110000,582,582,582,582,1,0
KRK,60,20240814,120000,582,582,582,582,1,0
KRK,60,20240814,140000,582,582,582,582,2,0
KRK,60,20240814,150000,582,584,580,580,12,0
KRK,60,20240816,110000,580,586,580,586,4,0
KRK,60,20240816,150000,576,576,576,576,2,0
KRK,60,20240816,170000,586,586,586,586,1,0
KRK,60,20240819,100000,586,590,586,590,21,0
KRK,60,20240819,110000,586,586,586,586,2,0
KRK,60,20240819,120000,586,586,586,586,1,0
KRK,60,20240819,140000,586,586,586,586,2,0
KRK,60,20240819,160000,580,580,580,580,1,0
KRK,60,20240820,100000,580,580,580,580,3,0
KRK,60,20240820,110000,574,574,574,574,3,0
KRK,60,20240820,160000,582,582,582,582,4,0
KRK,60,20240821,100000,572,572,572,572,3,0
KRK,60,20240821,110000,572,582,572,582,11,0
KRK,60,20240821,130000,580,586,580,586,49,0
KRK,60,20240821,140000,586,586,586,586,3,0
KRK,60,20240821,170000,590,590,590,590,1,0
KRK,60,20240822,100000,590,590,572,572,6,0
KRK,60,20240822,110000,586,586,586,586,1,0
KRK,60,20240822,120000,588,588,588,588,2,0
KRK,60,20240822,160000,576,576,576,576,1,0
KRK,60,20240822,170000,588,588,588,588,1,0
KRK,60,20240823,110000,590,590,572,572,41,0
KRK,60,20240823,140000,586,586,586,586,1,0
KRK,60,20240823,160000,586,586,586,586,1,0
KRK,60,20240826,100000,584,584,584,584,1,0
KRK,60,20240826,110000,590,590,590,590,1,0
KRK,60,20240826,120000,590,590,590,590,3,0
KRK,60,20240826,130000,590,590,590,590,4,0
KRK,60,20240826,170000,586,586,586,586,1,0
KRK,60,20240827,100000,586,600,586,600,24,0
KRK,60,20240827,110000,594,594,594,594,22,0
KRK,60,20240827,140000,592,592,592,592,3,0
KRK,60,20240827,160000,590,590,584,590,8,0
KRK,60,20240827,170000,590,590,590,590,8,0
KRK,60,20240828,100000,590,590,572,572,16,0
KRK,60,20240828,130000,580,592,580,592,31,0
KRK,60,20240828,150000,592,592,592,592,5,0
KRK,60,20240829,130000,580,580,580,580,3,0
KRK,60,20240829,170000,580,580,580,580,1,0
KRK,60,20240830,100000,576,576,576,576,4,0
KRK,60,20240830,110000,580,580,580,580,3,0
KRK,60,20240830,120000,594,594,594,594,1,0
KRK,60,20240830,140000,594,594,594,594,1,0
KRK,60,20240830,150000,584,584,584,584,1,0
KRK,60,20240830,160000,582,584,582,584,39,0
KRK,60,20240902,100000,584,584,584,584,13,0
KRK,60,20240902,110000,584,584,584,584,5,0
KRK,60,20240902,120000,586,586,586,586,200,0
KRK,60,20240902,130000,586,586,586,586,26,0
KRK,60,20240902,170000,580,580,580,580,5,0
KRK,60,20240904,100000,580,586,580,580,27,0
KRK,60,20240904,120000,578,578,578,578,57,0
KRK,60,20240904,130000,578,578,578,578,3,0
KRK,60,20240904,140000,578,578,578,578,12,0
KRK,60,20240905,120000,574,574,574,574,2,0
KRK,60,20240905,130000,574,574,574,574,1,0
KRK,60,20240905,160000,574,574,574,574,4,0
KRK,60,20240906,100000,576,576,574,574,4,0
KRK,60,20240906,120000,580,580,580,580,7,0
KRK,60,20240906,140000,582,582,580,582,16,0
KRK,60,20240906,150000,584,594,584,594,2,0
KRK,60,20240906,160000,588,588,588,588,18,0
KRK,60,20240909,110000,586,586,586,586,2,0
KRK,60,20240909,120000,590,590,590,590,1,0
KRK,60,20240909,130000,592,592,592,592,1,0
KRK,60,20240909,140000,592,592,592,592,35,0
KRK,60,20240909,150000,592,592,592,592,2,0
KRK,60,20240909,170000,590,590,590,590,3,0
KRK,60,20240910,100000,592,592,592,592,53,0
KRK,60,20240910,110000,590,590,580,580,14,0
KRK,60,20240910,120000,594,594,594,594,3,0
KRK,60,20240910,130000,594,594,594,594,5,0
KRK,60,20240910,160000,594,594,594,594,3,0
KRK,60,20240910,170000,590,592,590,592,3,0
KRK,60,20240911,100000,600,600,594,594,4,0
KRK,60,20240911,140000,590,590,580,580,10,0
KRK,60,20240912,110000,584,584,584,584,4,0
KRK,60,20240912,120000,598,598,598,598,2,0
KRK,60,20240912,130000,598,598,598,598,4,0
KRK,60,20240913,150000,586,594,582,594,160,0
KRK,60,20240916,120000,594,594,594,594,1,0
KRK,60,20240917,100000,596,596,596,596,4,0
KRK,60,20240917,110000,598,598,598,598,2,0
KRK,60,20240917,120000,598,600,580,580,11,0
KRK,60,20240917,140000,594,594,594,594,5,0
KRK,60,20240917,160000,584,584,582,582,4,0
KRK,60,20240918,100000,584,584,584,584,1,0
KRK,60,20240918,120000,584,584,576,576,22,0
KRK,60,20240918,140000,578,578,578,578,3,0
KRK,60,20240919,100000,580,580,580,580,20,0
KRK,60,20240919,110000,580,580,580,580,1,0
KRK,60,20240919,130000,592,592,592,592,2,0
KRK,60,20240919,160000,590,590,582,582,2,0
KRK,60,20240919,170000,578,578,578,578,51,0
KRK,60,20240920,110000,576,576,576,576,2,0
KRK,60,20240920,150000,578,578,578,578,65,0
KRK,60,20240920,160000,582,582,582,582,20,0
KRK,60,20240923,100000,582,582,582,582,15,0
KRK,60,20240923,110000,580,580,580,580,6,0
KRK,60,20240923,150000,576,582,576,582,39,0
KRK,60,20240924,120000,590,590,590,590,4,0
KRK,60,20240924,160000,586,586,586,586,1,0
KRK,60,20240924,170000,586,586,586,586,1,0
KRK,60,20240925,100000,580,580,576,576,3,0
KRK,60,20240925,110000,576,576,574,574,2,0
KRK,60,20240925,120000,586,586,576,576,12,0
KRK,60,20240925,140000,586,588,586,588,5,0
KRK,60,20240925,150000,588,588,588,588,2,0
KRK,60,20240925,160000,590,590,586,586,23,0
KRK,60,20240926,120000,586,586,586,586,2,0
KRK,60,20240926,130000,586,586,586,586,1,0
KRK,60,20240926,140000,592,592,592,592,3,0
KRK,60,20240927,100000,590,590,590,590,6,0
KRK,60,20240927,110000,590,590,590,590,10,0
KRK,60,20240927,120000,586,586,586,586,5,0
KRK,60,20240927,140000,588,588,588,588,2,0
KRK,60,20240927,150000,588,588,588,588,12,0
KRK,60,20240930,100000,586,586,586,586,6,0
KRK,60,20240930,130000,586,586,586,586,5,0
KRK,60,20240930,140000,578,578,578,578,4,0
KRK,60,20240930,160000,584,584,584,584,2,0
KRK,60,20240930,170000,576,576,576,576,2,0
KRK,60,20241001,130000,582,584,582,584,2,0
KRK,60,20241001,140000,586,586,586,586,1,0
KRK,60,20241001,160000,582,582,582,582,1,0
KRK,60,20241001,170000,578,578,578,578,10,0
KRK,60,20241002,100000,578,578,578,578,4,0
KRK,60,20241002,130000,578,578,578,578,5,0
KRK,60,20241002,140000,576,576,576,576,8,0
KRK,60,20241002,150000,576,576,574,574,11,0
KRK,60,20241002,160000,574,574,572,572,16,0
KRK,60,20241002,170000,574,574,574,574,3,0
KRK,60,20241003,100000,578,578,578,578,1,0
KRK,60,20241003,110000,580,580,580,580,1,0
KRK,60,20241003,130000,582,582,582,582,1,0
KRK,60,20241003,170000,582,582,582,582,3,0
KRK,60,20241004,100000,590,590,574,574,3,0
KRK,60,20241004,110000,584,584,584,584,1,0
KRK,60,20241004,130000,584,584,584,584,2,0
KRK,60,20241004,160000,576,576,576,576,23,0
KRK,60,20241007,100000,572,576,570,576,41,0
KRK,60,20241007,120000,584,584,584,584,1,0
KRK,60,20241007,130000,576,576,576,576,5,0
KRK,60,20241007,150000,578,578,578,578,6,0
KRK,60,20241007,170000,578,584,578,584,44,0
KRK,60,20241008,100000,584,586,584,586,18,0
KRK,60,20241008,110000,586,586,586,586,4,0
KRK,60,20241008,170000,586,586,586,586,5,0
KRK,60,20241009,100000,586,586,586,586,5,0
KRK,60,20241009,110000,582,582,582,582,2,0
KRK,60,20241009,120000,582,582,582,582,25,0
KRK,60,20241009,130000,582,590,582,590,13,0
KRK,60,20241009,160000,592,592,592,592,8,0
KRK,60,20241009,170000,596,596,596,596,2,0
KRK,60,20241010,100000,594,594,594,594,3,0
KRK,60,20241010,120000,596,596,582,582,24,0
KRK,60,20241010,150000,590,590,590,590,2,0
KRK,60,20241011,110000,584,590,582,590,9,0
KRK,60,20241011,130000,590,590,590,590,485,0
KRK,60,20241011,140000,590,590,590,590,1,0
KRK,60,20241011,160000,586,586,586,586,18,0
KRK,60,20241011,170000,586,586,586,586,2,0
KRK,60,20241014,100000,586,586,582,582,3,0
KRK,60,20241014,130000,586,586,586,586,8,0
KRK,60,20241014,140000,586,586,586,586,2,0
KRK,60,20241014,160000,586,586,586,586,5,0
KRK,60,20241015,120000,588,588,580,580,53,0
KRK,60,20241015,140000,594,594,594,594,5,0
KRK,60,20241015,170000,586,586,586,586,3,0
KRK,60,20241016,110000,586,586,586,586,1,0
KRK,60,20241016,160000,586,586,584,584,7,0
KRK,60,20241016,170000,584,584,584,584,40,0
KRK,60,20241017,150000,592,592,592,592,1,0
KRK,60,20241017,160000,592,592,592,592,1,0
KRK,60,20241018,100000,592,592,586,586,15,0
KRK,60,20241018,120000,584,584,584,584,3,0
KRK,60,20241018,160000,586,586,586,586,2,0
KRK,60,20241021,100000,586,586,586,586,1,0
KRK,60,20241021,120000,584,584,584,584,2,0
KRK,60,20241021,130000,584,584,584,584,11,0
KRK,60,20241021,170000,594,594,594,594,51,0
KRK,60,20241022,110000,596,596,596,596,6,0
KRK,60,20241023,100000,594,594,594,594,4,0
KRK,60,20241023,110000,596,596,596,596,2,0
KRK,60,20241023,130000,592,592,586,586,6,0
KRK,60,20241023,170000,586,586,586,586,2,0
KRK,60,20241024,100000,586,596,586,596,12,0
KRK,60,20241024,150000,594,596,592,596,8,0
KRK,60,20241025,120000,596,596,596,596,8,0
KRK,60,20241025,130000,592,592,592,592,5,0
KRK,60,20241025,170000,594,594,594,594,1,0
KRK,60,20241028,100000,596,596,596,596,9,0
KRK,60,20241028,130000,592,592,592,592,10,0
KRK,60,20241028,140000,584,584,584,584,10,0
KRK,60,20241028,170000,596,598,596,598,15,0
KRK,60,20241029,110000,598,598,598,598,1,0
KRK,60,20241029,120000,598,598,598,598,15,0
KRK,60,20241029,160000,598,598,598,598,15,0
KRK,60,20241031,100000,600,600,600,600,1,0
KRK,60,20241031,170000,586,586,586,586,1,0
KRK,60,20241104,100000,600,600,600,600,4,0
KRK,60,20241104,110000,598,598,586,586,5,0
KRK,60,20241104,120000,588,588,588,588,2,0
KRK,60,20241104,170000,596,596,596,596,2,0
KRK,60,20241105,140000,590,590,586,586,5,0
KRK,60,20241105,150000,596,596,596,596,1,0
KRK,60,20241106,110000,596,596,596,596,14,0
KRK,60,20241106,120000,596,596,596,596,1,0
KRK,60,20241106,130000,600,600,596,596,54,0
KRK,60,20241106,140000,600,600,600,600,26,0
KRK,60,20241106,150000,596,596,596,596,19,0
KRK,60,20241106,170000,600,600,600,600,8,0
KRK,60,20241107,100000,604,604,604,604,2,0
KRK,60,20241107,110000,598,598,598,598,1,0
KRK,60,20241107,120000,592,592,590,590,5,0
KRK,60,20241108,100000,594,594,590,590,9,0
KRK,60,20241108,110000,594,594,590,590,3,0
KRK,60,20241108,130000,594,594,594,594,3,0
KRK,60,20241112,100000,596,620,596,600,342,0
KRK,60,20241112,110000,604,604,604,604,10,0
KRK,60,20241112,120000,602,602,602,602,5,0
KRK,60,20241112,130000,598,600,598,600,4,0
KRK,60,20241112,140000,596,596,596,596,1,0
KRK,60,20241112,160000,596,596,596,596,13,0
KRK,60,20241113,100000,602,602,602,602,22,0
KRK,60,20241113,110000,598,598,598,598,4,0
KRK,60,20241113,120000,598,598,598,598,1,0
KRK,60,20241113,130000,598,598,598,598,1,0
KRK,60,20241113,150000,602,602,602,602,3,0
KRK,60,20241113,160000,602,602,602,602,7,0
KRK,60,20241113,170000,610,610,610,610,1,0
KRK,60,20241114,100000,610,610,586,610,22,0
KRK,60,20241114,110000,606,606,606,606,2,0
KRK,60,20241114,120000,594,594,594,594,1,0
KRK,60,20241114,130000,596,596,596,596,4,0
KRK,60,20241114,140000,596,596,594,594,10,0
KRK,60,20241114,150000,598,608,598,608,20,0
KRK,60,20241114,170000,606,606,606,606,5,0
KRK,60,20241115,100000,606,606,606,606,64,0
KRK,60,20241115,130000,602,606,602,606,17,0
KRK,60,20241115,150000,604,604,604,604,1,0
KRK,60,20241118,100000,602,610,596,610,20,0
KRK,60,20241118,120000,604,604,596,596,9,0
KRK,60,20241118,140000,600,600,600,600,5,0
KRK,60,20241118,150000,600,600,600,600,1,0
KRK,60,20241118,170000,610,610,610,610,2,0
KRK,60,20241119,100000,610,610,600,610,15,0
KRK,60,20241119,110000,600,600,600,600,11,0
KRK,60,20241119,120000,594,594,594,594,1,0
KRK,60,20241119,130000,594,594,594,594,8,0
KRK,60,20241119,170000,604,604,604,604,1,0
KRK,60,20241120,100000,596,596,596,596,4,0
KRK,60,20241120,120000,596,596,596,596,12,0
KRK,60,20241120,160000,596,596,596,596,18,0
KRK,60,20241120,170000,604,604,604,604,2,0
KRK,60,20241121,100000,604,604,604,604,1,0
KRK,60,20241121,140000,602,602,602,602,1,0
KRK,60,20241122,100000,604,604,604,604,8,0
KRK,60,20241122,110000,602,602,602,602,2,0
KRK,60,20241122,150000,604,604,604,604,2,0
KRK,60,20241122,160000,608,608,608,608,1,0
KRK,60,20241125,100000,610,620,610,620,15,0
KRK,60,20241125,140000,610,610,610,610,7,0
KRK,60,20241125,150000,608,608,608,608,3,0
KRK,60,20241125,160000,604,604,604,604,7,0
KRK,60,20241125,170000,604,604,602,602,5,0
KRK,60,20241126,100000,606,606,604,604,2,0
KRK,60,20241126,120000,608,608,608,608,1,0
KRK,60,20241126,130000,606,606,606,606,2,0
KRK,60,20241126,150000,606,606,606,606,1,0
KRK,60,20241126,160000,604,604,604,604,7,0
KRK,60,20241127,100000,606,606,604,604,5,0
KRK,60,20241127,110000,606,606,606,606,2,0
KRK,60,20241127,120000,606,606,600,604,11,0
KRK,60,20241127,160000,598,598,598,598,23,0
KRK,60,20241128,100000,588,598,588,588,25,0
KRK,60,20241128,110000,588,598,588,598,2,0
KRK,60,20241128,130000,598,598,598,598,5,0
KRK,60,20241129,100000,604,604,604,604,1,0
KRK,60,20241129,150000,600,600,598,598,9,0
KRK,60,20241202,100000,598,598,598,598,2,0
KRK,60,20241202,110000,598,598,598,598,6,0
KRK,60,20241202,120000,598,598,598,598,2,0
KRK,60,20241202,130000,598,598,598,598,3,0
KRK,60,20241202,140000,598,600,598,600,4,0
KRK,60,20241202,150000,600,600,600,600,2,0
KRK,60,20241202,170000,600,600,600,600,2,0
KRK,60,20241203,100000,600,604,600,604,9,0
KRK,60,20241203,110000,600,600,600,600,6,0
KRK,60,20241203,130000,600,600,600,600,1,0
KRK,60,20241203,140000,604,604,604,604,1,0
KRK,60,20241203,150000,592,602,590,602,6,0
KRK,60,20241204,100000,596,602,590,590,6,0
KRK,60,20241204,110000,600,600,600,600,6,0
KRK,60,20241204,130000,598,598,598,598,1,0
KRK,60,20241204,150000,596,598,596,598,32,0
KRK,60,20241204,170000,596,610,596,610,6,0
KRK,60,20241205,100000,618,618,598,598,21,0
KRK,60,20241205,110000,596,596,596,596,2,0
KRK,60,20241205,120000,596,598,596,598,4,0
KRK,60,20241205,130000,596,596,596,596,3,0
KRK,60,20241205,140000,594,594,594,594,1,0
KRK,60,20241205,160000,594,594,594,594,4,0
KRK,60,20241205,170000,594,594,592,592,4,0
KRK,60,20241206,100000,596,596,596,596,2,0
KRK,60,20241206,110000,596,596,592,592,29,0
KRK,60,20241206,120000,590,590,590,590,9,0
KRK,60,20241206,130000,592,592,592,592,2,0
KRK,60,20241206,150000,594,594,594,594,25,0
KRK,60,20241206,160000,590,590,590,590,48,0
KRK,60,20241206,170000,590,590,590,590,2,0
KRK,60,20241209,100000,594,594,594,594,3,0
KRK,60,20241209,110000,592,592,592,592,7,0
KRK,60,20241209,130000,592,592,592,592,3,0
KRK,60,20241209,140000,592,592,592,592,10,0
KRK,60,20241209,160000,590,590,590,590,70,0
KRK,60,20241210,100000,590,590,590,590,16,0
KRK,60,20241210,120000,590,590,588,588,34,0
KRK,60,20241210,130000,584,588,584,588,13,0
KRK,60,20241210,170000,590,590,590,590,9,0
KRK,60,20241211,100000,590,590,584,584,15,0
KRK,60,20241211,130000,590,590,590,590,6,0
KRK,60,20241211,150000,590,590,590,590,12,0
KRK,60,20241211,170000,592,592,592,592,2,0
KRK,60,20241212,100000,592,596,592,596,35,0
KRK,60,20241212,110000,586,586,584,584,17,0
KRK,60,20241212,140000,584,584,584,584,1,0
KRK,60,20241212,160000,604,604,604,604,1,0
KRK,60,20241213,100000,610,610,600,600,11,0
KRK,60,20241213,110000,600,600,594,594,19,0
KRK,60,20241213,120000,602,602,602,602,1,0
KRK,60,20241216,100000,602,602,596,596,20,0
KRK,60,20241216,120000,596,596,596,596,8,0
KRK,60,20241216,140000,596,596,586,586,18,0
KRK,60,20241216,150000,586,586,586,586,1,0
KRK,60,20241216,160000,586,586,586,586,1,0
KRK,60,20241216,170000,596,598,596,598,13,0
KRK,60,20241217,100000,598,598,598,598,10,0
KRK,60,20241217,110000,596,596,586,586,27,0
KRK,60,20241217,120000,596,596,596,596,1,0
KRK,60,20241217,130000,586,586,584,584,45,0
KRK,60,20241217,160000,590,590,590,590,38,0
KRK,60,20241217,170000,592,592,590,590,17,0
KRK,60,20241218,100000,590,590,590,590,20,0
KRK,60,20241218,110000,590,590,590,590,2,0
KRK,60,20241218,130000,590,590,586,586,3,0
KRK,60,20241218,150000,586,586,586,586,25,0
KRK,60,20241218,170000,590,590,590,590,3,0
KRK,60,20241219,100000,580,580,580,580,9,0
KRK,60,20241219,120000,590,590,580,580,14,0
KRK,60,20241219,130000,582,582,580,580,10,0
KRK,60,20241219,170000,582,582,582,582,2,0
KRK,60,20241220,100000,590,590,580,580,5,0
KRK,60,20241220,110000,586,586,586,586,4,0
KRK,60,20241220,130000,582,582,582,582,8,0
KRK,60,20241220,150000,582,582,582,582,1,0
KRK,60,20241220,160000,596,596,596,596,10,0
KRK,60,20241223,100000,598,598,596,596,110,0
KRK,60,20241223,120000,596,596,590,590,2,0
KRK,60,20241223,130000,590,596,590,596,25,0
KRK,60,20241223,140000,592,592,592,592,7,0
KRK,60,20241223,150000,590,590,590,590,2,0
KRK,60,20241227,100000,580,580,574,574,26,0
KRK,60,20241227,110000,590,590,588,588,17,0
KRK,60,20241227,140000,588,590,588,590,4,0
KRK,60,20241227,160000,590,590,590,590,8,0
KRK,60,20241227,170000,586,586,584,584,3,0
KRK,60,20241230,100000,588,590,588,590,5,0
KRK,60,20241230,110000,590,590,590,590,20,0
KRK,60,20241230,130000,590,590,590,590,8,0
KRK,60,20241230,140000,588,590,588,588,18,0
KRK,60,20241230,150000,590,590,590,590,3,0
KRK,60,20241230,160000,590,590,590,590,1,0
KRK,60,20250102,100000,590,602,590,602,5,0
KRK,60,20250102,110000,592,592,592,592,3,0
KRK,60,20250102,130000,594,594,594,594,2,0
KRK,60,20250102,140000,592,594,592,594,10,0
KRK,60,20250102,150000,594,594,594,594,2,0
KRK,60,20250102,170000,594,594,594,594,4,0
KRK,60,20250103,100000,598,610,590,590,43,0
KRK,60,20250103,110000,590,590,590,590,2,0
KRK,60,20250103,120000,586,590,586,590,14,0
KRK,60,20250103,130000,590,590,588,588,24,0
KRK,60,20250103,140000,590,590,590,590,1,0
KRK,60,20250103,150000,590,590,590,590,5,0
KRK,60,20250103,160000,588,590,586,590,8,0
KRK,60,20250103,170000,590,594,590,594,10,0
KRK,60,20250107,100000,596,610,594,594,27,0
KRK,60,20250107,110000,596,598,596,598,3,0
KRK,60,20250107,120000,598,600,598,600,17,0
KRK,60,20250107,130000,600,600,600,600,23,0
KRK,60,20250107,140000,598,598,598,598,1,0
KRK,60,20250107,160000,594,594,594,594,1,0
KRK,60,20250107,170000,596,596,596,596,2,0
KRK,60,20250108,100000,594,594,594,594,1,0
KRK,60,20250108,110000,594,594,594,594,83,0
KRK,60,20250108,130000,594,594,594,594,3,0
KRK,60,20250108,140000,594,604,594,604,21,0
KRK,60,20250108,160000,602,602,600,600,15,0
KRK,60,20250109,100000,590,590,590,590,63,0
KRK,60,20250109,120000,600,600,594,600,6,0
KRK,60,20250109,140000,592,592,592,592,4,0
KRK,60,20250109,150000,592,592,590,590,8,0
KRK,60,20250110,100000,600,600,600,600,22,0
KRK,60,20250110,120000,600,600,600,600,11,0
KRK,60,20250110,140000,600,600,600,600,1,0
KRK,60,20250110,160000,594,594,592,592,6,0
KRK,60,20250113,100000,602,602,602,602,1,0
KRK,60,20250113,110000,602,602,592,592,4,0
KRK,60,20250113,120000,600,600,600,600,1,0
KRK,60,20250113,160000,596,596,596,596,2,0
KRK,60,20250114,100000,596,600,596,600,3,0
KRK,60,20250114,110000,600,616,600,616,50,0
KRK,60,20250114,120000,620,620,616,616,83,0
KRK,60,20250114,140000,620,620,620,620,6,0
KRK,60,20250114,150000,616,616,616,616,4,0
KRK,60,20250114,160000,612,612,612,612,2,0
KRK,60,20250114,170000,608,608,608,608,2,0
KRK,60,20250115,100000,612,612,612,612,1,0
KRK,60,20250115,110000,612,616,612,616,21,0
KRK,60,20250115,120000,618,618,618,618,9,0
KRK,60,20250115,130000,616,616,610,610,67,0
KRK,60,20250115,150000,620,620,620,620,1,0
KRK,60,20250115,160000,614,614,614,614,1,0
KRK,60,20250116,100000,620,624,620,624,502,0
KRK,60,20250116,110000,622,628,622,628,13,0
KRK,60,20250116,120000,630,630,630,630,18,0
KRK,60,20250116,130000,630,630,630,630,5,0
KRK,60,20250116,150000,630,630,630,630,4,0
KRK,60,20250117,100000,636,638,634,634,16,0
KRK,60,20250117,110000,636,636,630,630,4,0
KRK,60,20250117,120000,634,636,634,636,4,0
KRK,60,20250117,140000,636,636,636,636,6,0
KRK,60,20250117,150000,636,638,636,638,6,0
KRK,60,20250117,160000,636,638,636,638,27,0
KRK,60,20250117,170000,630,638,626,638,11,0
KRK,60,20250120,100000,638,638,638,638,2,0
KRK,60,20250120,120000,638,640,638,640,11,0
KRK,60,20250120,130000,640,640,640,640,7,0
KRK,60,20250120,140000,638,638,638,638,3,0
KRK,60,20250120,150000,640,640,640,640,1,0
KRK,60,20250120,160000,648,648,648,648,1,0
KRK,60,20250120,170000,650,650,650,650,5,0
KRK,60,20250121,100000,650,654,650,650,53,0
KRK,60,20250121,110000,664,666,660,660,9,0
KRK,60,20250121,120000,654,660,654,660,9,0
KRK,60,20250121,130000,660,660,656,660,3,0
KRK,60,20250121,160000,668,668,668,668,3,0
KRK,60,20250121,170000,672,674,672,674,3,0
KRK,60,20250122,100000,674,680,674,674,21,0
KRK,60,20250122,110000,674,676,670,676,7,0
KRK,60,20250122,140000,672,672,664,664,3,0
KRK,60,20250122,150000,662,662,662,662,16,0
KRK,60,20250122,160000,660,660,660,660,100,0
KRK,60,20250123,100000,664,664,664,664,1,0
KRK,60,20250123,110000,664,664,662,662,4,0
KRK,60,20250123,120000,660,660,660,660,3,0
KRK,60,20250123,140000,650,650,650,650,4,0
KRK,60,20250124,100000,656,656,656,656,3,0
KRK,60,20250124,120000,662,662,660,662,11,0
KRK,60,20250124,130000,662,662,662,662,1,0
KRK,60,20250124,150000,660,660,656,656,2,0
KRK,60,20250127,100000,670,680,670,670,21,0
KRK,60,20250127,110000,660,662,660,662,9,0
KRK,60,20250127,130000,662,662,662,662,1,0
KRK,60,20250127,150000,662,662,656,656,8,0
KRK,60,20250127,160000,662,662,662,662,5,0
KRK,60,20250127,170000,660,660,660,660,4,0
KRK,60,20250128,100000,660,660,660,660,6,0
KRK,60,20250128,120000,654,654,654,654,1,0
KRK,60,20250128,130000,660,660,660,660,2,0
KRK,60,20250128,150000,660,660,660,660,2,0
KRK,60,20250128,160000,654,654,654,654,2,0
KRK,60,20250128,170000,660,660,660,660,2,0
KRK,60,20250129,100000,660,660,654,656,23,0
KRK,60,20250129,130000,658,658,658,658,4,0
KRK,60,20250129,140000,660,664,660,664,21,0
KRK,60,20250130,100000,674,674,674,674,6,0
KRK,60,20250130,110000,676,676,676,676,2,0
KRK,60,20250130,120000,678,678,678,678,14,0
KRK,60,20250130,130000,678,678,678,678,3,0
KRK,60,20250130,160000,678,678,678,678,1,0
KRK,60,20250131,100000,678,678,678,678,1,0
KRK,60,20250131,110000,678,678,668,672,120,0
KRK,60,20250131,120000,678,678,672,678,12,0
KRK,60,20250131,130000,676,678,676,678,32,0
KRK,60,20250131,140000,680,688,680,688,20,0
KRK,60,20250131,160000,684,684,680,680,10,0
KRK,60,20250203,100000,680,688,668,688,45,0
KRK,60,20250203,110000,688,688,688,688,5,0
KRK,60,20250203,120000,682,682,670,670,10,0
KRK,60,20250203,160000,678,678,678,678,7,0
KRK,60,20250203,170000,678,678,678,678,1,0
KRK,60,20250204,100000,670,690,662,670,12,0
KRK,60,20250204,110000,678,678,678,678,15,0
KRK,60,20250204,120000,678,678,678,678,34,0
KRK,60,20250204,150000,690,696,690,696,2,0
KRK,60,20250204,160000,696,696,696,696,1,0
KRK,60,20250204,170000,686,696,686,696,4,0
KRK,60,20250205,100000,690,692,686,692,124,0
KRK,60,20250205,110000,696,700,696,700,50,0
KRK,60,20250205,120000,696,696,696,696,5,0
KRK,60,20250205,130000,696,700,696,700,23,0
KRK,60,20250205,140000,692,692,692,692,3,0
KRK,60,20250205,150000,698,698,692,692,7,0
KRK,60,20250205,160000,694,694,694,694,1,0
KRK,60,20250206,100000,698,700,698,700,16,0
KRK,60,20250206,110000,700,700,700,700,2,0
KRK,60,20250206,140000,700,700,700,700,4,0
KRK,60,20250206,160000,698,698,698,698,3,0
KRK,60,20250206,170000,694,700,694,700,7,0
KRK,60,20250207,100000,704,714,704,704,23,0
KRK,60,20250207,110000,696,696,696,696,10,0
KRK,60,20250207,130000,688,688,688,688,14,0
KRK,60,20250207,140000,690,690,686,686,3,0
KRK,60,20250207,160000,686,696,686,694,4,0
KRK,60,20250207,170000,684,684,684,684,2,0
KRK,60,20250210,100000,682,682,682,682,56,0
KRK,60,20250210,120000,688,694,682,694,10,0
KRK,60,20250210,130000,694,694,694,694,1,0
KRK,60,20250210,140000,694,694,694,694,7,0
KRK,60,20250210,150000,684,684,682,682,86,0
KRK,60,20250210,160000,694,694,694,694,10,0
KRK,60,20250211,100000,700,700,694,694,34,0
KRK,60,20250211,110000,688,690,688,690,5,0
KRK,60,20250211,120000,680,680,678,680,22,0
KRK,60,20250211,130000,680,680,678,678,14,0
KRK,60,20250211,140000,680,680,678,678,48,0
KRK,60,20250211,150000,680,680,678,678,104,0
KRK,60,20250211,160000,690,690,690,690,3,0
KRK,60,20250211,170000,690,690,690,690,4,0
KRK,60,20250212,100000,690,690,690,690,17,0
KRK,60,20250212,110000,688,688,688,688,4,0
KRK,60,20250212,120000,688,688,678,678,12,0
KRK,60,20250212,140000,680,680,680,680,34,0
KRK,60,20250212,160000,690,690,690,690,2,0
KRK,60,20250212,170000,690,696,690,696,2,0
KRK,60,20250213,110000,688,688,688,688,214,0
KRK,60,20250213,120000,686,686,686,686,26,0
KRK,60,20250213,130000,686,686,686,686,271,0
KRK,60,20250214,110000,688,688,688,688,10,0
KRK,60,20250214,130000,688,688,688,688,3,0
KRK,60,20250214,150000,688,688,688,688,17,0
KRK,60,20250214,160000,688,688,688,688,1,0
KRK,60,20250214,170000,690,690,690,690,2,0
KRK,60,20250217,100000,690,690,688,688,8,0
KRK,60,20250217,110000,678,678,678,678,4,0
KRK,60,20250217,130000,678,678,676,676,10,0
KRK,60,20250217,140000,676,676,676,676,2,0
KRK,60,20250217,160000,684,684,684,684,21,0
KRK,60,20250218,100000,684,684,684,684,2,0
KRK,60,20250218,110000,684,684,684,684,2,0
KRK,60,20250218,130000,684,684,684,684,13,0
KRK,60,20250218,140000,686,686,682,682,40,0
KRK,60,20250218,150000,676,688,676,688,16,0
KRK,60,20250218,160000,688,688,688,688,6,0
KRK,60,20250218,170000,676,676,676,676,1,0
KRK,60,20250219,100000,686,686,684,684,6,0
KRK,60,20250219,110000,686,686,684,684,5,0
KRK,60,20250219,130000,684,684,684,684,1,0
KRK,60,20250219,140000,690,690,690,690,19,0
KRK,60,20250219,150000,690,690,688,688,2,0
KRK,60,20250219,160000,688,688,688,688,2,0
KRK,60,20250219,170000,684,686,660,664,49,0
KRK,60,20250220,100000,676,688,662,688,48,0
KRK,60,20250220,110000,688,688,688,688,6,0
KRK,60,20250220,120000,686,686,686,686,2,0
KRK,60,20250220,140000,684,684,680,680,10,0
KRK,60,20250220,150000,674,674,674,674,5,0
KRK,60,20250220,160000,676,676,676,676,11,0
KRK,60,20250220,170000,686,686,686,686,1,0
KRK,60,20250221,120000,684,684,684,684,18,0
KRK,60,20250221,130000,684,684,676,676,8,0
KRK,60,20250221,150000,684,684,684,684,15,0
KRK,60,20250221,160000,684,684,684,684,1,0
KRK,60,20250224,100000,684,684,684,684,2,0
KRK,60,20250224,120000,684,684,684,684,2,0
KRK,60,20250224,130000,684,684,684,684,1,0
KRK,60,20250224,140000,686,686,686,686,11,0
KRK,60,20250224,160000,684,684,684,684,3,0
KRK,60,20250225,100000,688,688,676,676,6,0
KRK,60,20250225,110000,678,682,678,682,10,0
KRK,60,20250225,120000,678,678,678,678,1,0
KRK,60,20250225,130000,682,682,682,682,1,0
KRK,60,20250225,150000,678,682,678,682,5,0
KRK,60,20250225,160000,680,680,680,680,5,0
KRK,60,20250225,170000,680,680,680,680,10,0
KRK,60,20250226,100000,682,682,682,682,8,0
KRK,60,20250226,120000,684,684,684,684,50,0
KRK,60,20250226,130000,688,690,688,690,147,0
KRK,60,20250226,150000,688,690,688,690,59,0
KRK,60,20250226,160000,690,700,690,700,93,0
KRK,60,20250227,100000,700,700,690,700,5,0
KRK,60,20250227,110000,690,690,690,690,12,0
KRK,60,20250227,120000,700,700,700,700,6,0
KRK,60,20250227,150000,700,700,700,700,35,0
KRK,60,20250228,100000,710,710,690,690,8,0
KRK,60,20250228,130000,700,700,700,700,1,0
KRK,60,20250228,140000,700,704,700,704,6,0
KRK,60,20250228,150000,704,704,704,704,1,0
KRK,60,20250228,160000,700,700,700,700,1,0
KRK,60,20250303,100000,706,706,706,706,7,0
KRK,60,20250303,110000,698,698,698,698,9,0
KRK,60,20250303,130000,704,704,698,704,5,0
KRK,60,20250303,140000,704,704,704,704,1,0
KRK,60,20250303,150000,704,704,704,704,20,0
KRK,60,20250304,100000,710,710,710,710,30,0
KRK,60,20250304,110000,706,706,694,694,13,0
KRK,60,20250304,130000,704,704,704,704,4,0
KRK,60,20250304,140000,692,704,692,704,30,0
KRK,60,20250304,160000,690,690,690,690,18,0
KRK,60,20250305,100000,692,692,692,692,14,0
KRK,60,20250306,120000,694,708,694,708,15,0
KRK,60,20250306,130000,702,702,698,698,45,0
KRK,60,20250306,140000,698,698,698,698,25,0
KRK,60,20250306,150000,700,700,700,700,6,0
KRK,60,20250307,100000,708,708,708,708,106,0
KRK,60,20250307,110000,708,708,708,708,2,0
KRK,60,20250307,120000,700,700,700,700,4,0
KRK,60,20250307,160000,700,700,700,700,5,0
KRK,60,20250310,100000,708,708,708,708,10,0
KRK,60,20250310,110000,700,700,700,700,3,0
KRK,60,20250311,100000,708,708,708,708,7,0
KRK,60,20250311,120000,708,708,708,708,5,0
KRK,60,20250312,100000,712,712,712,712,2,0
KRK,60,20250312,110000,710,710,696,696,40,0
KRK,60,20250312,120000,696,696,696,696,6,0
KRK,60,20250312,140000,706,706,706,706,1,0
KRK,60,20250312,170000,706,706,700,700,16,0
KRK,60,20250313,100000,696,710,690,710,15,0
KRK,60,20250313,150000,712,712,712,712,27,0
KRK,60,20250314,170000,696,700,696,698,11,0
KRK,60,20250317,100000,712,712,700,700,17,0
KRK,60,20250317,120000,700,700,700,700,1,0
KRK,60,20250317,160000,704,714,704,714,35,0
KRK,60,20250317,170000,690,690,690,690,2,0
KRK,60,20250318,100000,726,726,720,724,22,0
KRK,60,20250318,110000,716,716,704,712,46,0
KRK,60,20250318,160000,712,712,706,706,10,0
KRK,60,20250319,100000,748,748,726,726,12,0
KRK,60,20250319,110000,714,714,714,714,16,0
KRK,60,20250319,160000,720,720,720,720,1,0
KRK,60,20250319,170000,720,720,720,720,10,0
KRK,60,20250320,110000,716,718,704,704,40,0
KRK,60,20250320,150000,706,706,706,706,12,0
KRK,60,20250320,160000,704,704,704,704,1,0
KRK,60,20250321,130000,718,718,718,718,3,0
KRK,60,20250321,170000,710,710,710,710,3,0
KRK,60,20250324,100000,716,716,716,716,1,0
KRK,60,20250324,120000,710,710,710,710,2,0
KRK,60,20250324,130000,710,710,710,710,1,0
KRK,60,20250324,140000,710,710,710,710,2,0
KRK,60,20250324,150000,710,710,710,710,1,0
KRK,60,20250324,160000,710,710,710,710,1,0
KRK,60,20250325,100000,710,710,710,710,1,0
KRK,60,20250325,130000,704,704,702,702,11,0
KRK,60,20250325,160000,710,710,704,704,13,0
KRK,60,20250325,170000,716,718,716,718,4,0
KRK,60,20250326,100000,718,718,718,718,3,0
KRK,60,20250326,110000,710,710,710,710,1,0
KRK,60,20250326,150000,706,706,706,706,64,0
KRK,60,20250326,170000,710,710,706,706,3,0
KRK,60,20250327,100000,720,720,720,720,1,0
KRK,60,20250327,120000,708,708,708,708,6,0
KRK,60,20250327,140000,720,720,720,720,1,0
KRK,60,20250328,100000,720,720,720,720,2,0
KRK,60,20250328,170000,712,712,710,710,6,0
KRK,60,20250331,100000,710,710,710,710,2,0
KRK,60,20250331,120000,714,714,714,714,2,0
KRK,60,20250331,150000,720,720,720,720,4,0
KRK,60,20250331,160000,714,714,714,714,10,0
KRK,60,20250331,170000,714,714,714,714,10,0
KRK,60,20250401,100000,720,720,710,720,15,0
KRK,60,20250401,140000,716,720,716,720,2,0
KRK,60,20250401,150000,720,720,720,720,1,0
KRK,60,20250401,160000,720,720,720,720,141,0
KRK,60,20250402,100000,750,750,750,750,2,0
KRK,60,20250402,110000,728,728,728,728,37,0
KRK,60,20250402,120000,728,728,728,728,7,0
KRK,60,20250402,140000,726,726,726,726,10,0
KRK,60,20250402,150000,720,720,720,720,50,0
KRK,60,20250402,160000,720,720,714,714,14,0
KRK,60,20250403,100000,720,720,714,714,15,0
KRK,60,20250403,130000,706,718,706,718,8,0
KRK,60,20250403,140000,718,718,706,706,4,0
KRK,60,20250403,150000,708,720,708,720,28,0
KRK,60,20250403,160000,710,710,710,710,3,0
KRK,60,20250403,170000,710,710,704,704,3,0
KRK,60,20250404,100000,718,718,704,704,9,0
KRK,60,20250404,110000,710,710,710,710,1,0
KRK,60,20250404,130000,722,722,720,720,4,0
KRK,60,20250404,140000,714,714,714,714,3,0
KRK,60,20250404,150000,702,702,702,702,72,0
KRK,60,20250407,100000,702,702,648,650,138,0
KRK,60,20250407,110000,652,662,652,654,69,0
KRK,60,20250407,120000,660,664,660,664,79,0
KRK,60,20250407,130000,672,674,670,670,13,0
KRK,60,20250407,140000,668,686,664,686,10,0
KRK,60,20250407,150000,684,684,684,684,1,0
KRK,60,20250407,170000,690,720,690,720,18,0
KRK,60,20250408,100000,718,718,698,698,180,0
KRK,60,20250408,110000,700,700,700,700,1,0
KRK,60,20250408,120000,712,712,712,712,3,0
KRK,60,20250408,130000,696,700,694,694,24,0
KRK,60,20250408,150000,704,708,704,708,146,0
KRK,60,20250408,160000,706,740,702,740,20,0
KRK,60,20250409,100000,690,710,690,700,43,0
KRK,60,20250409,110000,712,712,712,712,2,0
KRK,60,20250409,120000,712,712,712,712,2,0
KRK,60,20250409,130000,712,712,712,712,1,0
KRK,60,20250409,150000,696,696,696,696,2,0
KRK,60,20250409,160000,694,694,694,694,12,0
KRK,60,20250410,100000,716,742,716,718,43,0
KRK,60,20250410,110000,728,750,728,750,50,0
KRK,60,20250410,120000,726,726,726,726,4,0
KRK,60,20250410,130000,726,726,726,726,3,0
KRK,60,20250410,140000,726,726,726,726,9,0
KRK,60,20250410,160000,720,720,720,720,3,0
KRK,60,20250410,170000,726,726,726,726,6,0
KRK,60,20250411,100000,726,746,726,746,6,0
KRK,60,20250411,110000,726,726,724,724,14,0
KRK,60,20250411,130000,746,748,746,748,17,0
KRK,60,20250411,160000,750,750,750,750,3,0
KRK,60,20250414,100000,766,776,766,776,23,0
KRK,60,20250414,110000,776,776,764,764,19,0
KRK,60,20250414,120000,758,758,750,750,13,0
KRK,60,20250414,130000,740,740,740,740,56,0
KRK,60,20250414,150000,726,726,724,724,118,0
KRK,60,20250414,170000,726,726,726,726,2,0
KRK,60,20250415,100000,740,740,740,740,9,0
KRK,60,20250415,110000,740,740,740,740,1,0
KRK,60,20250415,120000,740,748,740,748,21,0
KRK,60,20250415,130000,750,750,750,750,3,0
KRK,60,20250415,140000,750,768,750,768,14,0
KRK,60,20250415,150000,748,748,728,728,8,0
KRK,60,20250416,100000,730,730,730,730,5,0
KRK,60,20250416,140000,732,732,732,732,4,0
KRK,60,20250416,160000,732,732,732,732,6,0
KRK,60,20250417,100000,732,732,732,732,10,0
KRK,60,20250417,110000,732,732,732,732,2,0
KRK,60,20250417,130000,736,736,734,734,15,0
KRK,60,20250417,150000,734,734,734,734,1,0
KRK,60,20250417,160000,744,744,744,744,1,0
KRK,60,20250417,170000,738,744,738,744,5,0
KRK,60,20250422,100000,746,746,746,746,5,0
KRK,60,20250422,110000,748,748,748,748,3,0
KRK,60,20250422,120000,748,748,746,746,14,0
KRK,60,20250422,130000,750,750,750,750,19,0
KRK,60,20250422,140000,746,746,746,746,10,0
KRK,60,20250422,150000,746,750,746,750,110,0
KRK,60,20250422,160000,748,748,748,748,1,0
KRK,60,20250423,100000,754,754,754,754,1,0
KRK,60,20250423,110000,752,752,752,752,52,0
KRK,60,20250423,130000,748,748,748,748,2,0
KRK,60,20250423,140000,748,748,748,748,1,0
KRK,60,20250423,150000,744,744,740,740,4,0
KRK,60,20250424,100000,750,750,750,750,2,0
KRK,60,20250424,130000,744,750,744,750,3,0
KRK,60,20250424,140000,750,750,744,744,2,0
KRK,60,20250424,160000,748,748,748,748,1,0
KRK,60,20250424,170000,748,756,748,756,7,0
KRK,60,20250425,100000,754,754,746,746,3,0
KRK,60,20250425,110000,750,750,750,750,6,0
KRK,60,20250425,120000,748,748,746,746,60,0
KRK,60,20250425,140000,748,748,748,748,10,0
KRK,60,20250425,160000,748,748,746,746,81,0
KRK,60,20250425,170000,748,748,748,748,2,0
KRK,60,20250428,100000,734,734,734,734,3,0
KRK,60,20250428,110000,748,748,748,748,1,0
KRK,60,20250428,120000,748,750,748,750,3,0
KRK,60,20250428,130000,752,752,752,752,2,0
KRK,60,20250428,150000,752,752,752,752,3,0
KRK,60,20250428,160000,742,742,742,742,1,0
KRK,60,20250429,110000,750,750,750,750,6,0
KRK,60,20250429,120000,746,746,746,746,4,0
KRK,60,20250429,150000,742,742,742,742,1,0
KRK,60,20250430,100000,774,774,774,774,3,0
KRK,60,20250430,110000,752,752,750,750,27,0
KRK,60,20250430,130000,748,748,748,748,2,0
KRK,60,20250430,140000,748,748,748,748,2,0
KRK,60,20250430,160000,746,746,746,746,1,0
KRK,60,20250502,100000,750,750,750,750,1,0
KRK,60,20250502,110000,746,746,746,746,6,0
KRK,60,20250502,120000,744,744,736,736,22,0
KRK,60,20250502,170000,746,750,746,750,2,0
KRK,60,20250505,100000,750,752,750,752,11,0
KRK,60,20250505,110000,752,752,752,752,1,0
KRK,60,20250505,130000,752,752,752,752,6,0
KRK,60,20250505,150000,752,752,752,752,6,0
KRK,60,20250505,160000,752,752,744,744,3,0
KRK,60,20250505,170000,744,748,744,748,7,0
KRK,60,20250506,100000,750,750,742,750,7,0
KRK,60,20250506,120000,742,742,742,742,7,0
KRK,60,20250506,140000,748,748,748,748,1,0
