<TICKER>,<PER>,<DATE>,<TIME>,<OPEN>,<HIGH>,<LOW>,<CLOSE>,<VOL>,<OPENINT>
LBT,60,20240411,100000,1.9,1.9,1.83,1.84,10010,0
LBT,60,20240411,120000,1.86,1.87,1.86,1.87,12531,0
LBT,60,20240411,170000,1.82,1.82,1.82,1.82,63,0
LBT,60,20240412,100000,1.9,1.9,1.9,1.9,10,0
LBT,60,20240412,130000,1.82,1.82,1.81,1.81,8530,0
LBT,60,20240412,140000,1.86,1.87,1.86,1.87,525,0
LBT,60,20240412,150000,1.78,1.78,1.78,1.78,40,0
LBT,60,20240415,100000,1.86,1.86,1.86,1.86,20,0
LBT,60,20240415,110000,1.78,1.79,1.78,1.79,363,0
LBT,60,20240415,150000,1.85,1.9,1.85,1.9,26434,0
LBT,60,20240415,170000,1.89,1.89,1.89,1.89,2000,0
LBT,60,20240416,100000,1.9,1.9,1.9,1.9,10,0
LBT,60,20240416,160000,1.9,1.9,1.9,1.9,20,0
LBT,60,20240417,100000,1.9,1.9,1.9,1.9,10,0
LBT,60,20240417,170000,1.9,1.91,1.9,1.91,3061,0
LBT,60,20240418,100000,1.92,1.92,1.92,1.92,10,0
LBT,60,20240418,140000,1.82,1.82,1.81,1.81,220,0
LBT,60,20240419,100000,1.85,1.85,1.81,1.81,1260,0
LBT,60,20240419,110000,1.81,1.85,1.81,1.85,6613,0
LBT,60,20240419,170000,1.85,1.86,1.77,1.86,305,0
LBT,60,20240422,100000,1.85,1.85,1.76,1.76,8760,0
LBT,60,20240422,110000,1.76,1.76,1.76,1.76,6235,0
LBT,60,20240422,170000,1.78,1.78,1.75,1.75,5745,0
LBT,60,20240423,100000,1.8,1.8,1.75,1.75,5010,0
LBT,60,20240423,130000,1.76,1.76,1.75,1.75,1255,0
LBT,60,20240423,170000,1.79,1.79,1.79,1.79,1,0
LBT,60,20240424,100000,1.79,1.79,1.79,1.79,50,0
LBT,60,20240424,110000,1.75,1.79,1.75,1.79,3200,0
LBT,60,20240424,150000,1.72,1.75,1.68,1.68,12550,0
LBT,60,20240424,170000,1.69,1.69,1.69,1.69,7450,0
LBT,60,20240425,100000,1.74,1.74,1.65,1.65,14710,0
LBT,60,20240425,110000,1.65,1.69,1.65,1.69,5391,0
LBT,60,20240425,130000,1.65,1.65,1.57,1.57,14101,0
LBT,60,20240425,140000,1.59,1.65,1.59,1.6,23680,0
LBT,60,20240425,150000,1.57,1.57,1.57,1.57,2500,0
LBT,60,20240425,160000,1.63,1.64,1.63,1.64,15000,0
LBT,60,20240426,100000,1.62,1.62,1.48,1.5,46072,0
LBT,60,20240426,110000,1.5,1.5,1.46,1.46,23055,0
LBT,60,20240426,120000,1.46,1.49,1.46,1.46,1750,0
LBT,60,20240426,130000,1.45,1.45,1.4,1.45,10006,0
LBT,60,20240426,140000,1.45,1.45,1.44,1.44,3105,0
LBT,60,20240426,160000,1.43,1.45,1.41,1.45,11053,0
LBT,60,20240426,170000,1.41,1.41,1.39,1.4,10795,0
LBT,60,20240429,100000,1.35,1.36,1.35,1.36,9618,0
LBT,60,20240429,110000,1.4,1.4,1.4,1.4,10,0
LBT,60,20240429,120000,1.4,1.4,1.35,1.35,4138,0
LBT,60,20240429,130000,1.35,1.38,1.34,1.38,2218,0
LBT,60,20240429,140000,1.34,1.34,1.33,1.33,11444,0
LBT,60,20240429,150000,1.33,1.36,1.33,1.36,1931,0
LBT,60,20240430,100000,1.36,1.36,1.36,1.36,10,0
LBT,60,20240430,110000,1.36,1.37,1.33,1.37,11363,0
LBT,60,20240430,120000,1.4,1.4,1.34,1.34,1201,0
LBT,60,20240430,130000,1.34,1.34,1.34,1.34,3125,0
LBT,60,20240430,150000,1.33,1.33,1.33,1.33,1100,0
LBT,60,20240430,160000,1.34,1.34,1.33,1.33,12392,0
LBT,60,20240430,170000,1.34,1.34,1.34,1.34,10,0
LBT,60,20240502,100000,1.34,1.34,1.34,1.34,2,0
LBT,60,20240502,140000,1.32,1.32,1.32,1.32,296,0
LBT,60,20240506,100000,1.32,1.35,1.32,1.35,362,0
LBT,60,20240506,110000,1.35,1.35,1.35,1.35,170,0
LBT,60,20240506,120000,1.35,1.35,1.35,1.35,2900,0
LBT,60,20240506,130000,1.32,1.32,1.32,1.32,435,0
LBT,60,20240506,140000,1.32,1.32,1.32,1.32,50,0
LBT,60,20240506,150000,1.32,1.32,1.3,1.3,52900,0
LBT,60,20240506,170000,1.33,1.33,1.3,1.3,90,0
LBT,60,20240507,100000,1.34,1.34,1.34,1.34,10,0
LBT,60,20240507,110000,1.31,1.31,1.3,1.3,2424,0
LBT,60,20240507,120000,1.3,1.3,1.3,1.3,4862,0
LBT,60,20240507,170000,1.3,1.3,1.3,1.3,219,0
LBT,60,20240508,100000,1.3,1.3,1.3,1.3,9800,0
LBT,60,20240508,110000,1.3,1.3,1.3,1.3,150,0
LBT,60,20240508,120000,1.3,1.3,1.29,1.29,1578,0
LBT,60,20240508,130000,1.3,1.3,1.3,1.3,157,0
LBT,60,20240508,140000,1.3,1.3,1.3,1.3,3077,0
LBT,60,20240508,150000,1.3,1.3,1.3,1.3,50,0
LBT,60,20240509,100000,1.3,1.3,1.28,1.29,4860,0
LBT,60,20240509,110000,1.29,1.29,1.28,1.29,3108,0
LBT,60,20240509,120000,1.27,1.35,1.26,1.35,26247,0
LBT,60,20240509,140000,1.35,1.35,1.35,1.35,5100,0
LBT,60,20240509,150000,1.31,1.31,1.3,1.3,1131,0
LBT,60,20240509,170000,1.31,1.31,1.31,1.31,1800,0
LBT,60,20240510,100000,1.35,1.35,1.35,1.35,2040,0
LBT,60,20240510,110000,1.31,1.35,1.31,1.35,2234,0
LBT,60,20240510,120000,1.31,1.31,1.31,1.31,18847,0
LBT,60,20240510,130000,1.35,1.35,1.35,1.35,145,0
LBT,60,20240510,140000,1.34,1.34,1.34,1.34,1634,0
LBT,60,20240510,150000,1.34,1.34,1.34,1.34,7167,0
LBT,60,20240510,160000,1.34,1.34,1.3,1.3,13999,0
LBT,60,20240510,170000,1.31,1.31,1.31,1.31,843,0
LBT,60,20240513,100000,1.39,1.39,1.31,1.31,2710,0
LBT,60,20240513,110000,1.34,1.34,1.33,1.33,3021,0
LBT,60,20240513,120000,1.34,1.34,1.34,1.34,75,0
LBT,60,20240513,150000,1.34,1.34,1.31,1.31,1511,0
LBT,60,20240513,160000,1.34,1.35,1.32,1.35,3334,0
LBT,60,20240514,100000,1.37,1.37,1.35,1.35,231,0
LBT,60,20240514,120000,1.34,1.36,1.34,1.36,2801,0
LBT,60,20240514,130000,1.35,1.35,1.34,1.34,2500,0
LBT,60,20240514,160000,1.35,1.35,1.35,1.35,4300,0
LBT,60,20240515,100000,1.29,1.37,1.29,1.35,19779,0
LBT,60,20240515,110000,1.35,1.35,1.35,1.35,8387,0
LBT,60,20240515,120000,1.35,1.35,1.35,1.35,3799,0
LBT,60,20240515,150000,1.32,1.32,1.32,1.32,13,0
LBT,60,20240517,100000,1.35,1.37,1.35,1.37,1043,0
LBT,60,20240517,110000,1.37,1.37,1.37,1.37,200,0
LBT,60,20240517,120000,1.35,1.35,1.35,1.35,276,0
LBT,60,20240517,140000,1.37,1.38,1.37,1.38,208,0
LBT,60,20240517,170000,1.37,1.38,1.37,1.38,7085,0
LBT,60,20240520,100000,1.38,1.38,1.33,1.33,146,0
LBT,60,20240520,110000,1.39,1.39,1.36,1.36,365,0
LBT,60,20240520,140000,1.39,1.39,1.36,1.36,26,0
LBT,60,20240520,170000,1.36,1.36,1.33,1.33,4000,0
LBT,60,20240521,100000,1.4,1.4,1.4,1.4,50,0
LBT,60,20240521,110000,1.39,1.4,1.39,1.4,139,0
LBT,60,20240521,120000,1.39,1.4,1.39,1.4,3000,0
LBT,60,20240521,140000,1.4,1.41,1.4,1.41,6000,0
LBT,60,20240521,150000,1.4,1.41,1.4,1.41,10000,0
LBT,60,20240521,170000,1.42,1.42,1.37,1.37,170,0
LBT,60,20240522,100000,1.42,1.45,1.42,1.45,610,0
LBT,60,20240522,110000,1.45,1.45,1.45,1.45,1500,0
LBT,60,20240522,120000,1.42,1.42,1.42,1.42,730,0
LBT,60,20240522,140000,1.42,1.42,1.42,1.42,468,0
LBT,60,20240522,160000,1.41,1.45,1.41,1.45,107,0
LBT,60,20240522,170000,1.41,1.44,1.41,1.44,50,0
LBT,60,20240523,100000,1.44,1.48,1.44,1.48,17333,0
LBT,60,20240523,110000,1.48,1.48,1.47,1.47,687,0
LBT,60,20240523,160000,1.47,1.47,1.47,1.47,47,0
LBT,60,20240524,100000,1.47,1.47,1.47,1.47,37,0
LBT,60,20240524,120000,1.43,1.43,1.43,1.43,110,0
LBT,60,20240524,170000,1.47,1.47,1.47,1.47,8,0
LBT,60,20240527,100000,1.47,1.5,1.46,1.5,20010,0
LBT,60,20240527,120000,1.49,1.49,1.44,1.44,135,0
LBT,60,20240527,170000,1.44,1.44,1.42,1.42,1435,0
LBT,60,20240528,100000,1.42,1.45,1.42,1.45,782,0
LBT,60,20240528,130000,1.45,1.45,1.45,1.45,3,0
LBT,60,20240528,140000,1.41,1.48,1.41,1.48,2894,0
LBT,60,20240528,150000,1.44,1.44,1.44,1.44,49,0
LBT,60,20240528,170000,1.49,1.49,1.49,1.49,145,0
LBT,60,20240529,100000,1.44,1.44,1.44,1.44,7500,0
LBT,60,20240529,120000,1.49,1.5,1.49,1.5,8902,0
LBT,60,20240529,170000,1.5,1.5,1.45,1.45,4308,0
LBT,60,20240531,100000,1.5,1.54,1.45,1.45,8067,0
LBT,60,20240531,110000,1.53,1.54,1.53,1.54,6791,0
LBT,60,20240531,160000,1.5,1.5,1.5,1.5,15,0
LBT,60,20240531,170000,1.54,1.54,1.54,1.54,1511,0
LBT,60,20240603,100000,1.54,1.54,1.54,1.54,7661,0
LBT,60,20240603,110000,1.55,1.55,1.51,1.51,1115,0
LBT,60,20240603,130000,1.51,1.55,1.51,1.55,2511,0
LBT,60,20240603,170000,1.55,1.55,1.55,1.55,1000,0
LBT,60,20240604,100000,1.55,1.55,1.5,1.5,227,0
LBT,60,20240604,110000,1.5,1.5,1.5,1.5,26270,0
LBT,60,20240604,120000,1.47,1.47,1.46,1.46,145,0
LBT,60,20240604,130000,1.48,1.53,1.48,1.53,426,0
LBT,60,20240605,100000,1.53,1.53,1.53,1.53,25,0
LBT,60,20240605,170000,1.46,1.46,1.46,1.46,765,0
LBT,60,20240606,100000,1.5,1.5,1.46,1.46,17,0
LBT,60,20240606,120000,1.46,1.46,1.46,1.46,70,0
LBT,60,20240606,140000,1.49,1.53,1.49,1.53,1241,0
LBT,60,20240606,150000,1.46,1.46,1.45,1.45,2469,0
LBT,60,20240606,160000,1.47,1.47,1.47,1.47,5000,0
LBT,60,20240606,170000,1.44,1.44,1.44,1.44,1500,0
LBT,60,20240607,100000,1.53,1.53,1.53,1.53,10,0
LBT,60,20240607,120000,1.45,1.45,1.4,1.4,123142,0
LBT,60,20240607,140000,1.44,1.44,1.44,1.44,2714,0
LBT,60,20240607,160000,1.44,1.44,1.44,1.44,1250,0
LBT,60,20240610,100000,1.51,1.51,1.51,1.51,10,0
LBT,60,20240610,110000,1.49,1.51,1.49,1.51,11411,0
LBT,60,20240610,140000,1.5,1.5,1.5,1.5,7,0
LBT,60,20240610,170000,1.5,1.5,1.5,1.5,1,0
LBT,60,20240611,100000,1.5,1.5,1.5,1.5,10,0
LBT,60,20240611,130000,1.45,1.45,1.45,1.45,8,0
LBT,60,20240612,100000,1.5,1.5,1.5,1.5,10,0
LBT,60,20240612,110000,1.5,1.5,1.5,1.5,331,0
LBT,60,20240612,160000,1.44,1.44,1.44,1.44,97,0
LBT,60,20240612,170000,1.47,1.48,1.47,1.48,2583,0
LBT,60,20240613,100000,1.5,1.5,1.46,1.46,11,0
LBT,60,20240613,170000,1.49,1.49,1.49,1.49,500,0
LBT,60,20240614,100000,1.49,1.49,1.46,1.46,94,0
LBT,60,20240614,140000,1.5,1.5,1.5,1.5,8,0
LBT,60,20240614,150000,1.46,1.46,1.46,1.46,200,0
LBT,60,20240617,100000,1.5,1.5,1.5,1.5,2760,0
LBT,60,20240617,120000,1.5,1.5,1.5,1.5,1723,0
LBT,60,20240618,100000,1.5,1.5,1.46,1.46,66,0
LBT,60,20240618,140000,1.5,1.5,1.5,1.5,250,0
LBT,60,20240618,170000,1.5,1.5,1.5,1.5,6048,0
LBT,60,20240619,100000,1.53,1.54,1.53,1.54,7433,0
LBT,60,20240619,120000,1.49,1.49,1.47,1.47,20000,0
LBT,60,20240619,130000,1.49,1.49,1.49,1.49,20,0
LBT,60,20240620,100000,1.51,1.51,1.47,1.47,30,0
LBT,60,20240620,110000,1.47,1.47,1.47,1.47,102,0
LBT,60,20240620,120000,1.47,1.47,1.47,1.47,1098,0
LBT,60,20240620,140000,1.47,1.47,1.47,1.47,54,0
LBT,60,20240621,100000,1.48,1.48,1.48,1.48,10,0
LBT,60,20240621,130000,1.48,1.48,1.48,1.48,112,0
LBT,60,20240624,100000,1.58,1.58,1.57,1.58,23007,0
LBT,60,20240624,120000,1.49,1.49,1.49,1.49,2300,0
LBT,60,20240624,140000,1.58,1.58,1.58,1.58,11,0
LBT,60,20240625,100000,1.59,1.59,1.58,1.58,224,0
LBT,60,20240625,110000,1.54,1.54,1.54,1.54,99,0
LBT,60,20240625,140000,1.53,1.53,1.53,1.53,32,0
LBT,60,20240627,100000,1.54,1.54,1.54,1.54,20,0
LBT,60,20240627,110000,1.54,1.55,1.54,1.55,15019,0
LBT,60,20240627,150000,1.54,1.54,1.54,1.54,325,0
LBT,60,20240627,170000,1.53,1.53,1.53,1.53,1675,0
LBT,60,20240701,100000,1.55,1.59,1.55,1.58,135,0
LBT,60,20240701,110000,1.52,1.52,1.51,1.51,865,0
LBT,60,20240701,170000,1.51,1.51,1.51,1.51,500,0
LBT,60,20240702,100000,1.57,1.57,1.51,1.51,80,0
LBT,60,20240702,150000,1.55,1.57,1.55,1.57,5436,0
LBT,60,20240702,170000,1.57,1.59,1.57,1.59,13885,0
LBT,60,20240704,100000,1.6,1.6,1.6,1.6,12,0
LBT,60,20240704,170000,1.58,1.58,1.58,1.58,40,0
LBT,60,20240705,100000,1.58,1.58,1.58,1.58,10,0
LBT,60,20240705,120000,1.54,1.54,1.46,1.46,42443,0
LBT,60,20240705,130000,1.5,1.5,1.49,1.49,40000,0
LBT,60,20240705,170000,1.54,1.54,1.54,1.54,1,0
LBT,60,20240708,100000,1.54,1.54,1.54,1.54,50,0
LBT,60,20240708,130000,1.5,1.5,1.5,1.5,11557,0
LBT,60,20240708,140000,1.5,1.5,1.5,1.5,18504,0
LBT,60,20240710,100000,1.54,1.54,1.49,1.54,68,0
LBT,60,20240710,170000,1.54,1.54,1.54,1.54,30,0
LBT,60,20240711,100000,1.54,1.54,1.54,1.54,59,0
LBT,60,20240711,130000,1.54,1.54,1.48,1.48,323,0
LBT,60,20240711,140000,1.53,1.53,1.53,1.53,7,0
LBT,60,20240711,150000,1.48,1.48,1.48,1.48,7,0
LBT,60,20240712,100000,1.53,1.53,1.49,1.49,650,0
LBT,60,20240712,130000,1.49,1.49,1.48,1.48,7758,0
LBT,60,20240712,140000,1.48,1.48,1.48,1.48,12242,0
LBT,60,20240716,100000,1.51,1.51,1.47,1.51,162,0
LBT,60,20240716,160000,1.51,1.51,1.51,1.51,40,0
LBT,60,20240718,100000,1.51,1.51,1.51,1.51,1045,0
LBT,60,20240718,110000,1.51,1.51,1.51,1.51,1124,0
LBT,60,20240718,140000,1.46,1.46,1.46,1.46,78,0
LBT,60,20240718,170000,1.51,1.51,1.51,1.51,10,0
LBT,60,20240719,100000,1.51,1.51,1.51,1.51,2546,0
LBT,60,20240719,110000,1.51,1.51,1.51,1.51,118,0
LBT,60,20240719,160000,1.52,1.52,1.51,1.51,75,0
LBT,60,20240722,100000,1.53,1.53,1.53,1.53,10,0
LBT,60,20240722,110000,1.51,1.53,1.51,1.53,23,0
LBT,60,20240722,120000,1.51,1.51,1.51,1.51,2000,0
LBT,60,20240723,100000,1.53,1.53,1.53,1.53,20,0
LBT,60,20240723,160000,1.53,1.53,1.53,1.53,30,0
LBT,60,20240724,100000,1.53,1.53,1.53,1.53,10,0
LBT,60,20240724,110000,1.51,1.51,1.51,1.51,109,0
LBT,60,20240724,160000,1.53,1.53,1.53,1.53,20,0
LBT,60,20240725,100000,1.53,1.53,1.53,1.53,10,0
LBT,60,20240725,130000,1.47,1.47,1.46,1.46,617,0
LBT,60,20240725,150000,1.52,1.52,1.52,1.52,100,0
LBT,60,20240725,160000,1.52,1.52,1.52,1.52,10,0
LBT,60,20240726,100000,1.53,1.53,1.46,1.46,20,0
LBT,60,20240726,120000,1.53,1.53,1.53,1.53,400,0
LBT,60,20240726,150000,1.46,1.46,1.46,1.46,9000,0
LBT,60,20240730,100000,1.53,1.53,1.53,1.53,31,0
LBT,60,20240730,160000,1.53,1.53,1.53,1.53,30,0
LBT,60,20240801,100000,1.53,1.53,1.53,1.53,120,0
LBT,60,20240801,130000,1.53,1.53,1.53,1.53,1500,0
LBT,60,20240802,100000,1.53,1.53,1.53,1.53,10,0
LBT,60,20240802,110000,1.53,1.53,1.53,1.53,7,0
LBT,60,20240802,150000,1.46,1.46,1.46,1.46,105,0
LBT,60,20240805,100000,1.45,1.45,1.45,1.45,7100,0
LBT,60,20240805,110000,1.5,1.5,1.5,1.5,7,0
LBT,60,20240805,120000,1.39,1.48,1.39,1.42,3942,0
LBT,60,20240805,160000,1.4,1.4,1.4,1.4,1411,0
LBT,60,20240805,170000,1.4,1.4,1.4,1.4,1408,0
LBT,60,20240806,100000,1.52,1.52,1.52,1.52,2,0
LBT,60,20240806,110000,1.44,1.44,1.44,1.44,19,0
LBT,60,20240808,100000,1.44,1.44,1.44,1.44,4,0
LBT,60,20240808,140000,1.49,1.49,1.49,1.49,14,0
LBT,60,20240808,150000,1.49,1.49,1.49,1.49,674,0
LBT,60,20240809,100000,1.49,1.49,1.49,1.49,2,0
LBT,60,20240809,160000,1.47,1.47,1.47,1.47,666,0
LBT,60,20240813,100000,1.49,1.49,1.49,1.49,7,0
LBT,60,20240813,130000,1.44,1.44,1.44,1.44,153,0
LBT,60,20240813,140000,1.44,1.44,1.44,1.44,565,0
LBT,60,20240814,100000,1.44,1.44,1.44,1.44,2,0
LBT,60,20240814,120000,1.48,1.49,1.48,1.49,150,0
LBT,60,20240819,100000,1.49,1.52,1.49,1.52,22,0
LBT,60,20240819,160000,1.5,1.5,1.5,1.5,40,0
LBT,60,20240820,100000,1.51,1.51,1.45,1.45,522,0
LBT,60,20240820,110000,1.45,1.45,1.44,1.44,1240,0
LBT,60,20240820,120000,1.44,1.45,1.42,1.43,7145,0
LBT,60,20240820,130000,1.45,1.45,1.45,1.45,9000,0
LBT,60,20240820,140000,1.45,1.45,1.45,1.45,1000,0
LBT,60,20240820,150000,1.45,1.45,1.45,1.45,3614,0
LBT,60,20240820,170000,1.45,1.45,1.45,1.45,200,0
LBT,60,20240821,100000,1.5,1.5,1.45,1.5,162,0
LBT,60,20240821,130000,1.5,1.5,1.5,1.5,2647,0
LBT,60,20240822,100000,1.51,1.51,1.51,1.51,123,0
LBT,60,20240822,120000,1.47,1.47,1.47,1.47,6723,0
LBT,60,20240823,100000,1.51,1.51,1.45,1.45,610,0
LBT,60,20240823,110000,1.46,1.46,1.46,1.46,8000,0
LBT,60,20240823,120000,1.46,1.46,1.45,1.45,3568,0
LBT,60,20240823,140000,1.5,1.5,1.5,1.5,3,0
LBT,60,20240827,100000,1.5,1.5,1.49,1.5,2063,0
LBT,60,20240827,120000,1.5,1.5,1.49,1.49,12512,0
LBT,60,20240827,130000,1.51,1.52,1.51,1.52,7413,0
LBT,60,20240827,140000,1.52,1.54,1.52,1.54,47616,0
LBT,60,20240828,100000,1.57,1.57,1.57,1.57,25,0
LBT,60,20240828,160000,1.52,1.52,1.49,1.49,6638,0
LBT,60,20240828,170000,1.56,1.56,1.56,1.56,25,0
LBT,60,20240829,100000,1.55,1.55,1.55,1.55,10,0
LBT,60,20240829,120000,1.55,1.55,1.55,1.55,23,0
LBT,60,20240829,150000,1.55,1.56,1.55,1.56,13410,0
LBT,60,20240829,160000,1.57,1.57,1.57,1.57,11102,0
LBT,60,20240829,170000,1.57,1.57,1.57,1.57,2010,0
LBT,60,20240830,100000,1.57,1.57,1.57,1.57,79,0
LBT,60,20240830,130000,1.57,1.57,1.57,1.57,2580,0
LBT,60,20240830,140000,1.57,1.57,1.57,1.57,3000,0
LBT,60,20240902,100000,1.64,1.64,1.64,1.64,22,0
LBT,60,20240902,120000,1.51,1.51,1.51,1.51,500,0
LBT,60,20240902,150000,1.55,1.57,1.55,1.57,2000,0
LBT,60,20240902,160000,1.57,1.57,1.57,1.57,114,0
LBT,60,20240902,170000,1.57,1.57,1.57,1.57,226,0
LBT,60,20240903,100000,1.57,1.57,1.57,1.57,10,0
LBT,60,20240903,140000,1.52,1.53,1.49,1.49,9000,0
LBT,60,20240903,150000,1.56,1.57,1.56,1.57,111,0
LBT,60,20240903,170000,1.57,1.57,1.57,1.57,113,0
LBT,60,20240905,100000,1.57,1.57,1.5,1.5,4515,0
LBT,60,20240905,120000,1.5,1.5,1.5,1.5,609,0
LBT,60,20240905,140000,1.53,1.53,1.53,1.53,104,0
LBT,60,20240905,170000,1.53,1.57,1.53,1.57,302,0
LBT,60,20240906,100000,1.57,1.57,1.5,1.5,5010,0
LBT,60,20240906,120000,1.5,1.5,1.5,1.5,5000,0
LBT,60,20240910,100000,1.56,1.56,1.5,1.5,124,0
LBT,60,20240910,110000,1.5,1.5,1.5,1.5,2165,0
LBT,60,20240910,160000,1.55,1.55,1.55,1.55,20,0
LBT,60,20240911,100000,1.55,1.55,1.49,1.49,3050,0
LBT,60,20240911,170000,1.55,1.55,1.55,1.55,5,0
LBT,60,20240916,100000,1.55,1.55,1.51,1.51,70,0
LBT,60,20240916,110000,1.51,1.53,1.51,1.53,1000,0
LBT,60,20240916,150000,1.5,1.5,1.5,1.5,140,0
LBT,60,20240917,100000,1.55,1.55,1.5,1.5,25,0
LBT,60,20240917,170000,1.55,1.55,1.55,1.55,30,0
LBT,60,20240918,100000,1.55,1.55,1.55,1.55,10,0
LBT,60,20240918,140000,1.55,1.58,1.55,1.58,11323,0
LBT,60,20240918,160000,1.58,1.64,1.56,1.61,31034,0
LBT,60,20240918,170000,1.62,1.63,1.55,1.63,9479,0
LBT,60,20240919,100000,1.63,1.63,1.63,1.63,166,0
LBT,60,20240919,120000,1.63,1.67,1.62,1.62,72375,0
LBT,60,20240919,130000,1.67,1.67,1.67,1.67,1008,0
LBT,60,20240919,140000,1.67,1.67,1.67,1.67,120,0
LBT,60,20240919,150000,1.63,1.63,1.62,1.62,469,0
LBT,60,20240919,170000,1.66,1.66,1.66,1.66,111,0
LBT,60,20240920,100000,1.66,1.66,1.66,1.66,10,0
LBT,60,20240920,130000,1.59,1.59,1.59,1.59,350,0
LBT,60,20240920,170000,1.6,1.6,1.6,1.6,4222,0
LBT,60,20240923,100000,1.61,1.61,1.61,1.61,1247,0
LBT,60,20240923,130000,1.61,1.61,1.61,1.61,1000,0
LBT,60,20240923,150000,1.59,1.59,1.59,1.59,1335,0
LBT,60,20240923,160000,1.58,1.58,1.58,1.58,1665,0
LBT,60,20240924,100000,1.61,1.61,1.57,1.57,2010,0
LBT,60,20240924,150000,1.57,1.57,1.57,1.57,300,0
LBT,60,20240925,100000,1.6,1.6,1.6,1.6,52,0
LBT,60,20240925,110000,1.6,1.6,1.6,1.6,30,0
LBT,60,20240926,100000,1.6,1.6,1.6,1.6,10,0
LBT,60,20240926,110000,1.58,1.58,1.58,1.58,20,0
LBT,60,20240926,140000,1.58,1.65,1.57,1.65,5122,0
LBT,60,20240926,150000,1.59,1.59,1.59,1.59,105,0
LBT,60,20240926,160000,1.59,1.65,1.57,1.57,282,0
LBT,60,20240926,170000,1.67,1.67,1.6,1.6,18,0
LBT,60,20240927,100000,1.67,1.67,1.67,1.67,10,0
LBT,60,20240927,110000,1.64,1.64,1.64,1.64,100,0
LBT,60,20240927,140000,1.64,1.71,1.64,1.71,93664,0
LBT,60,20240927,150000,1.71,1.72,1.71,1.71,7350,0
LBT,60,20240927,160000,1.68,1.68,1.68,1.68,2874,0
LBT,60,20240930,100000,1.68,1.68,1.68,1.68,899,0
LBT,60,20240930,110000,1.63,1.63,1.62,1.62,3126,0
LBT,60,20240930,130000,1.63,1.63,1.63,1.63,158,0
LBT,60,20240930,150000,1.63,1.63,1.62,1.62,12034,0
LBT,60,20240930,170000,1.65,1.65,1.65,1.65,5,0
LBT,60,20241001,100000,1.66,1.66,1.66,1.66,10,0
LBT,60,20241001,110000,1.66,1.66,1.66,1.66,1400,0
LBT,60,20241001,130000,1.66,1.66,1.66,1.66,4300,0
LBT,60,20241002,100000,1.66,1.66,1.66,1.66,10,0
LBT,60,20241002,120000,1.66,1.66,1.66,1.66,292,0
LBT,60,20241002,130000,1.66,1.66,1.66,1.66,30,0
LBT,60,20241002,170000,1.65,1.65,1.65,1.65,10,0
LBT,60,20241003,100000,1.66,1.66,1.66,1.66,10,0
LBT,60,20241003,150000,1.64,1.64,1.64,1.64,7,0
LBT,60,20241004,100000,1.64,1.64,1.64,1.64,357,0
LBT,60,20241004,120000,1.64,1.64,1.64,1.64,1000,0
LBT,60,20241004,150000,1.64,1.64,1.64,1.64,300,0
LBT,60,20241007,100000,1.64,1.64,1.57,1.57,1010,0
LBT,60,20241007,150000,1.58,1.58,1.58,1.58,99,0
LBT,60,20241008,100000,1.62,1.62,1.62,1.62,10,0
LBT,60,20241008,110000,1.59,1.64,1.57,1.64,2276,0
LBT,60,20241008,130000,1.63,1.64,1.6,1.64,21850,0
LBT,60,20241008,140000,1.64,1.64,1.64,1.64,2787,0
LBT,60,20241008,160000,1.64,1.64,1.61,1.61,1200,0
LBT,60,20241008,170000,1.61,1.61,1.58,1.58,20834,0
LBT,60,20241009,100000,1.64,1.64,1.59,1.59,60,0
LBT,60,20241009,120000,1.59,1.59,1.57,1.57,1556,0
LBT,60,20241009,150000,1.63,1.63,1.63,1.63,550,0
LBT,60,20241009,170000,1.63,1.63,1.63,1.63,100,0
LBT,60,20241010,100000,1.63,1.63,1.63,1.63,120,0
LBT,60,20241010,120000,1.63,1.63,1.63,1.63,80,0
LBT,60,20241011,100000,1.63,1.63,1.63,1.63,10,0
LBT,60,20241011,130000,1.58,1.58,1.57,1.57,3500,0
LBT,60,20241011,140000,1.58,1.58,1.57,1.58,2055,0
LBT,60,20241011,150000,1.57,1.57,1.57,1.57,945,0
LBT,60,20241014,100000,1.62,1.62,1.57,1.57,2005,0
LBT,60,20241014,110000,1.57,1.57,1.57,1.57,2952,0
LBT,60,20241014,150000,1.57,1.57,1.57,1.57,200,0
LBT,60,20241015,100000,1.61,1.61,1.61,1.61,10,0
LBT,60,20241015,120000,1.57,1.57,1.57,1.57,10,0
LBT,60,20241015,150000,1.57,1.57,1.57,1.57,116,0
LBT,60,20241015,160000,1.61,1.63,1.61,1.63,1003,0
LBT,60,20241015,170000,1.65,1.65,1.65,1.65,224,0
LBT,60,20241016,100000,1.65,1.65,1.65,1.65,25,0
LBT,60,20241016,130000,1.65,1.65,1.65,1.65,1464,0
LBT,60,20241016,160000,1.65,1.65,1.59,1.59,2602,0
LBT,60,20241017,100000,1.66,1.66,1.66,1.66,10,0
LBT,60,20241017,130000,1.59,1.59,1.57,1.57,1100,0
LBT,60,20241018,100000,1.65,1.65,1.65,1.65,10,0
LBT,60,20241018,110000,1.65,1.65,1.65,1.65,41,0
LBT,60,20241018,140000,1.62,1.62,1.6,1.6,1100,0
LBT,60,20241021,100000,1.64,1.64,1.57,1.64,4111,0
LBT,60,20241021,120000,1.65,1.65,1.65,1.65,300,0
LBT,60,20241021,160000,1.61,1.61,1.61,1.61,30,0
LBT,60,20241021,170000,1.65,1.65,1.65,1.65,111,0
LBT,60,20241023,100000,1.65,1.65,1.65,1.65,60,0
LBT,60,20241023,140000,1.65,1.65,1.65,1.65,200,0
LBT,60,20241029,100000,1.65,1.65,1.65,1.65,2150,0
LBT,60,20241029,170000,1.64,1.65,1.64,1.65,400,0
LBT,60,20241030,100000,1.65,1.65,1.57,1.57,2010,0
LBT,60,20241030,120000,1.57,1.57,1.57,1.57,14,0
LBT,60,20241030,160000,1.6,1.64,1.6,1.64,3000,0
LBT,60,20241030,170000,1.64,1.64,1.64,1.64,3732,0
LBT,60,20241031,100000,1.64,1.64,1.64,1.64,272,0
LBT,60,20241031,150000,1.62,1.62,1.62,1.62,500,0
LBT,60,20241031,170000,1.65,1.65,1.57,1.57,2200,0
LBT,60,20241104,100000,1.65,1.65,1.57,1.57,6218,0
LBT,60,20241104,130000,1.57,1.57,1.57,1.57,115,0
LBT,60,20241104,150000,1.57,1.57,1.57,1.57,1775,0
LBT,60,20241104,170000,1.57,1.6,1.57,1.6,5500,0
LBT,60,20241105,100000,1.64,1.64,1.64,1.64,30,0
LBT,60,20241105,110000,1.63,1.63,1.63,1.63,7,0
LBT,60,20241105,120000,1.57,1.57,1.57,1.57,4028,0
LBT,60,20241105,130000,1.57,1.57,1.57,1.57,972,0
LBT,60,20241106,100000,1.62,1.64,1.62,1.64,4766,0
LBT,60,20241106,110000,1.62,1.62,1.62,1.62,100,0
LBT,60,20241106,120000,1.64,1.64,1.64,1.64,1389,0
LBT,60,20241106,130000,1.62,1.62,1.62,1.62,1000,0
LBT,60,20241106,170000,1.61,1.61,1.59,1.59,33,0
LBT,60,20241107,100000,1.62,1.62,1.62,1.62,50,0
LBT,60,20241107,110000,1.62,1.62,1.62,1.62,120,0
LBT,60,20241108,100000,1.62,1.62,1.62,1.62,50,0
LBT,60,20241108,140000,1.62,1.62,1.62,1.62,2001,0
LBT,60,20241114,100000,1.62,1.65,1.62,1.65,19545,0
LBT,60,20241114,130000,1.64,1.65,1.64,1.65,20580,0
LBT,60,20241115,100000,1.64,1.64,1.64,1.64,50,0
LBT,60,20241115,120000,1.59,1.59,1.59,1.59,1100,0
LBT,60,20241115,170000,1.59,1.63,1.59,1.63,4300,0
LBT,60,20241118,100000,1.58,1.58,1.58,1.58,250,0
LBT,60,20241118,130000,1.59,1.59,1.58,1.58,3000,0
LBT,60,20241118,150000,1.58,1.58,1.58,1.58,7,0
LBT,60,20241119,100000,1.63,1.63,1.57,1.57,2262,0
LBT,60,20241119,120000,1.58,1.58,1.58,1.58,2908,0
LBT,60,20241120,100000,1.62,1.62,1.62,1.62,50,0
LBT,60,20241120,150000,1.62,1.62,1.62,1.62,2005,0
LBT,60,20241120,160000,1.62,1.62,1.62,1.62,4000,0
LBT,60,20241120,170000,1.62,1.62,1.62,1.62,4374,0
LBT,60,20241122,100000,1.63,1.7,1.63,1.66,17969,0
LBT,60,20241122,110000,1.66,1.66,1.65,1.65,1151,0
LBT,60,20241122,150000,1.62,1.62,1.62,1.62,85,0
LBT,60,20241125,100000,1.65,1.65,1.65,1.65,10,0
LBT,60,20241125,170000,1.65,1.65,1.65,1.65,50,0
LBT,60,20241126,100000,1.65,1.65,1.65,1.65,50,0
LBT,60,20241126,110000,1.65,1.65,1.65,1.65,16,0
LBT,60,20241126,160000,1.64,1.64,1.64,1.64,16,0
LBT,60,20241126,170000,1.64,1.64,1.6,1.6,116,0
LBT,60,20241127,100000,1.64,1.64,1.64,1.64,41,0
LBT,60,20241127,120000,1.6,1.6,1.6,1.6,80,0
LBT,60,20241127,130000,1.6,1.6,1.6,1.6,250,0
LBT,60,20241127,140000,1.6,1.6,1.6,1.6,62,0
LBT,60,20241127,150000,1.63,1.63,1.63,1.63,2097,0
LBT,60,20241128,100000,1.64,1.64,1.63,1.63,5040,0
LBT,60,20241128,110000,1.64,1.64,1.63,1.63,1062,0
LBT,60,20241128,130000,1.62,1.62,1.62,1.62,1774,0
LBT,60,20241128,140000,1.62,1.64,1.62,1.64,2546,0
LBT,60,20241128,170000,1.6,1.6,1.6,1.6,4295,0
LBT,60,20241202,100000,1.65,1.65,1.6,1.64,188,0
LBT,60,20241202,110000,1.64,1.64,1.64,1.64,32,0
LBT,60,20241202,120000,1.64,1.64,1.64,1.64,1,0
LBT,60,20241203,100000,1.64,1.64,1.64,1.64,10,0
LBT,60,20241203,170000,1.64,1.64,1.64,1.64,40,0
LBT,60,20241205,100000,1.64,1.65,1.64,1.65,1600,0
LBT,60,20241205,130000,1.61,1.61,1.6,1.6,1198,0
LBT,60,20241205,140000,1.6,1.64,1.59,1.64,2010,0
LBT,60,20241205,150000,1.55,1.55,1.54,1.54,3350,0
LBT,60,20241205,160000,1.64,1.64,1.64,1.64,14,0
LBT,60,20241205,170000,1.64,1.64,1.64,1.64,19,0
LBT,60,20241206,100000,1.64,1.64,1.6,1.6,47,0
LBT,60,20241206,120000,1.64,1.64,1.64,1.64,7,0
LBT,60,20241206,140000,1.64,1.65,1.64,1.65,6031,0
LBT,60,20241206,150000,1.65,1.65,1.65,1.65,27504,0
LBT,60,20241206,160000,1.64,1.64,1.63,1.63,16339,0
LBT,60,20241206,170000,1.64,1.64,1.64,1.64,7,0
LBT,60,20241210,100000,1.64,1.64,1.56,1.56,20251,0
LBT,60,20241210,110000,1.55,1.56,1.55,1.56,99,0
LBT,60,20241211,100000,1.63,1.63,1.63,1.63,7410,0
LBT,60,20241211,110000,1.56,1.56,1.55,1.55,650,0
LBT,60,20241211,170000,1.62,1.63,1.62,1.63,250,0
LBT,60,20241212,100000,1.56,1.57,1.56,1.56,205,0
LBT,60,20241212,120000,1.6,1.6,1.6,1.6,3500,0
LBT,60,20241216,100000,1.61,1.61,1.6,1.6,310,0
LBT,60,20241216,120000,1.56,1.56,1.56,1.56,2261,0
LBT,60,20241217,100000,1.6,1.6,1.57,1.57,1887,0
LBT,60,20241217,110000,1.6,1.61,1.6,1.61,1078,0
LBT,60,20241217,120000,1.6,1.6,1.6,1.6,6000,0
LBT,60,20241219,100000,1.62,1.62,1.61,1.61,60,0
LBT,60,20241219,160000,1.58,1.58,1.58,1.58,1141,0
LBT,60,20241219,170000,1.58,1.58,1.58,1.58,1836,0
LBT,60,20241220,100000,1.6,1.6,1.6,1.6,10,0
LBT,60,20241220,140000,1.58,1.6,1.58,1.6,11990,0
LBT,60,20241220,160000,1.59,1.59,1.59,1.59,1434,0
LBT,60,20241220,170000,1.59,1.59,1.59,1.59,7,0
LBT,60,20241223,100000,1.62,1.62,1.56,1.56,787,0
LBT,60,20241223,110000,1.56,1.56,1.56,1.56,239,0
LBT,60,20241223,130000,1.56,1.56,1.56,1.56,3000,0
LBT,60,20241223,160000,1.56,1.56,1.56,1.56,1795,0
LBT,60,20241223,170000,1.55,1.63,1.55,1.63,6000,0
LBT,60,20241227,100000,1.63,1.63,1.63,1.63,190,0
LBT,60,20241227,160000,1.56,1.56,1.55,1.55,2420,0
LBT,60,20241227,170000,1.55,1.55,1.55,1.55,3263,0
LBT,60,20250102,100000,1.63,1.63,1.63,1.63,2861,0
LBT,60,20250102,130000,1.63,1.63,1.63,1.63,419,0
LBT,60,20250102,150000,1.62,1.62,1.62,1.62,600,0
LBT,60,20250103,100000,1.63,1.63,1.63,1.63,16,0
LBT,60,20250103,110000,1.63,1.63,1.63,1.63,5000,0
LBT,60,20250103,160000,1.63,1.63,1.63,1.63,50,0
LBT,60,20250107,100000,1.63,1.7,1.63,1.7,24792,0
LBT,60,20250107,110000,1.63,1.63,1.63,1.63,20,0
LBT,60,20250107,150000,1.68,1.72,1.68,1.72,6409,0
LBT,60,20250107,160000,1.68,1.68,1.68,1.68,10,0
LBT,60,20250107,170000,1.64,1.64,1.63,1.63,1000,0
LBT,60,20250108,100000,1.66,1.66,1.63,1.63,30,0
LBT,60,20250108,120000,1.62,1.67,1.62,1.67,9630,0
LBT,60,20250108,150000,1.68,1.68,1.68,1.68,1000,0
LBT,60,20250109,100000,1.68,1.68,1.68,1.68,10,0
LBT,60,20250109,120000,1.67,1.67,1.67,1.67,7,0
LBT,60,20250109,140000,1.67,1.67,1.67,1.67,193,0
LBT,60,20250109,160000,1.7,1.71,1.7,1.71,930,0
LBT,60,20250109,170000,1.71,1.71,1.71,1.71,6497,0
LBT,60,20250110,100000,1.72,1.72,1.67,1.67,15355,0
LBT,60,20250110,110000,1.71,1.73,1.7,1.7,8911,0
LBT,60,20250110,120000,1.71,1.71,1.7,1.7,506,0
LBT,60,20250110,160000,1.7,1.7,1.7,1.7,60,0
LBT,60,20250110,170000,1.7,1.7,1.7,1.7,7,0
LBT,60,20250113,100000,1.75,1.75,1.75,1.75,605,0
LBT,60,20250113,110000,1.75,1.75,1.75,1.75,1607,0
LBT,60,20250113,160000,1.7,1.7,1.7,1.7,6791,0
LBT,60,20250113,170000,1.7,1.74,1.7,1.74,11057,0
LBT,60,20250114,100000,1.74,1.74,1.74,1.74,10,0
LBT,60,20250114,170000,1.74,1.74,1.74,1.74,816,0
LBT,60,20250116,100000,1.75,1.75,1.75,1.75,16652,0
LBT,60,20250116,120000,1.7,1.7,1.69,1.69,2139,0
LBT,60,20250116,150000,1.69,1.69,1.69,1.69,7000,0
LBT,60,20250116,160000,1.75,1.75,1.75,1.75,200,0
LBT,60,20250116,170000,1.69,1.69,1.69,1.69,954,0
LBT,60,20250117,100000,1.69,1.69,1.69,1.69,10,0
LBT,60,20250117,120000,1.66,1.66,1.59,1.59,7046,0
LBT,60,20250120,100000,1.71,1.71,1.71,1.71,10,0
LBT,60,20250120,110000,1.71,1.74,1.71,1.74,6583,0
LBT,60,20250120,120000,1.75,1.75,1.75,1.75,293,0
LBT,60,20250120,130000,1.74,1.74,1.74,1.74,2600,0
LBT,60,20250120,140000,1.76,1.76,1.74,1.74,9817,0
LBT,60,20250120,160000,1.74,1.74,1.74,1.74,5000,0
LBT,60,20250120,170000,1.71,1.71,1.59,1.59,29990,0
LBT,60,20250121,100000,1.54,1.63,1.54,1.63,9155,0
LBT,60,20250121,120000,1.63,1.63,1.63,1.63,1000,0
LBT,60,20250121,130000,1.65,1.65,1.65,1.65,1000,0
LBT,60,20250122,100000,1.68,1.68,1.65,1.65,6075,0
LBT,60,20250122,110000,1.66,1.66,1.66,1.66,2000,0
LBT,60,20250122,150000,1.66,1.66,1.65,1.65,314,0
LBT,60,20250122,170000,1.65,1.65,1.65,1.65,30,0
LBT,60,20250123,100000,1.69,1.69,1.69,1.69,2,0
LBT,60,20250123,120000,1.61,1.61,1.61,1.61,2100,0
LBT,60,20250124,100000,1.68,1.68,1.68,1.68,10,0
LBT,60,20250124,110000,1.68,1.68,1.63,1.63,2036,0
LBT,60,20250124,150000,1.64,1.64,1.64,1.64,460,0
LBT,60,20250124,170000,1.63,1.63,1.6,1.6,3000,0
LBT,60,20250127,100000,1.69,1.69,1.62,1.62,30,0
LBT,60,20250127,110000,1.66,1.66,1.66,1.66,14,0
LBT,60,20250127,120000,1.66,1.67,1.66,1.67,1000,0
LBT,60,20250127,160000,1.65,1.65,1.65,1.65,2480,0
LBT,60,20250128,100000,1.67,1.67,1.63,1.63,530,0
LBT,60,20250128,170000,1.66,1.66,1.66,1.66,30,0
LBT,60,20250129,100000,1.65,1.66,1.65,1.66,4921,0
LBT,60,20250129,130000,1.66,1.7,1.66,1.7,35955,0
LBT,60,20250129,160000,1.65,1.65,1.65,1.65,217,0
LBT,60,20250129,170000,1.65,1.65,1.65,1.65,2000,0
LBT,60,20250131,100000,1.69,1.69,1.69,1.69,60,0
LBT,60,20250131,110000,1.69,1.7,1.69,1.7,1372,0
LBT,60,20250131,120000,1.7,1.7,1.7,1.7,8,0
LBT,60,20250131,170000,1.67,1.67,1.67,1.67,57,0
LBT,60,20250204,100000,1.67,1.74,1.67,1.7,1199,0
LBT,60,20250204,120000,1.67,1.7,1.67,1.7,302,0
LBT,60,20250205,100000,1.73,1.73,1.67,1.67,1938,0
LBT,60,20250205,110000,1.67,1.67,1.67,1.67,74,0
LBT,60,20250205,120000,1.7,1.7,1.7,1.7,3926,0
LBT,60,20250206,100000,1.72,1.73,1.7,1.7,2070,0
LBT,60,20250206,120000,1.67,1.67,1.67,1.67,500,0
LBT,60,20250206,160000,1.68,1.69,1.68,1.69,5000,0
LBT,60,20250207,100000,1.7,1.7,1.7,1.7,510,0
LBT,60,20250207,110000,1.67,1.67,1.67,1.67,2500,0
LBT,60,20250207,120000,1.66,1.66,1.6,1.64,15200,0
LBT,60,20250207,130000,1.65,1.65,1.6,1.6,50,0
LBT,60,20250207,160000,1.63,1.63,1.63,1.63,1742,0
LBT,60,20250210,100000,1.63,1.63,1.63,1.63,2,0
LBT,60,20250210,110000,1.64,1.64,1.63,1.63,1000,0
LBT,60,20250210,150000,1.64,1.67,1.63,1.67,1600,0
LBT,60,20250210,160000,1.67,1.67,1.67,1.67,2125,0
LBT,60,20250211,100000,1.68,1.69,1.68,1.69,114,0
LBT,60,20250211,130000,1.64,1.64,1.64,1.64,674,0
LBT,60,20250212,100000,1.7,1.7,1.68,1.68,242,0
LBT,60,20250212,110000,1.63,1.63,1.63,1.63,1100,0
LBT,60,20250212,150000,1.67,1.68,1.67,1.68,1000,0
LBT,60,20250212,160000,1.67,1.67,1.67,1.67,393,0
LBT,60,20250213,100000,1.67,1.67,1.67,1.67,2,0
LBT,60,20250213,110000,1.67,1.67,1.59,1.59,32426,0
LBT,60,20250213,120000,1.68,1.68,1.68,1.68,380,0
LBT,60,20250213,130000,1.66,1.67,1.66,1.67,5000,0
LBT,60,20250213,150000,1.65,1.68,1.65,1.68,1310,0
LBT,60,20250214,100000,1.68,1.68,1.6,1.6,2505,0
LBT,60,20250214,160000,1.69,1.69,1.69,1.69,3636,0
LBT,60,20250214,170000,1.69,1.69,1.69,1.69,117,0
LBT,60,20250217,100000,1.7,1.7,1.7,1.7,70,0
LBT,60,20250217,160000,1.63,1.63,1.63,1.63,117,0
LBT,60,20250218,100000,1.69,1.69,1.69,1.69,160,0
LBT,60,20250218,120000,1.63,1.63,1.63,1.63,586,0
LBT,60,20250218,130000,1.63,1.63,1.63,1.63,285,0
LBT,60,20250219,100000,1.67,1.67,1.63,1.63,1129,0
LBT,60,20250219,170000,1.68,1.68,1.68,1.68,10,0
LBT,60,20250221,100000,1.68,1.68,1.62,1.62,620,0
LBT,60,20250221,130000,1.62,1.62,1.55,1.55,22381,0
LBT,60,20250224,100000,1.65,1.65,1.6,1.65,30444,0
LBT,60,20250224,110000,1.65,1.65,1.65,1.65,36,0
LBT,60,20250224,130000,1.61,1.67,1.6,1.67,5924,0
LBT,60,20250224,170000,1.62,1.62,1.62,1.62,2000,0
LBT,60,20250225,100000,1.66,1.66,1.61,1.61,476,0
LBT,60,20250225,110000,1.63,1.67,1.63,1.67,4195,0
LBT,60,20250225,120000,1.61,1.61,1.61,1.61,14,0
LBT,60,20250225,140000,1.66,1.67,1.66,1.67,2111,0
LBT,60,20250226,100000,1.67,1.67,1.67,1.67,2000,0
LBT,60,20250226,120000,1.62,1.62,1.62,1.62,1370,0
LBT,60,20250226,130000,1.62,1.62,1.62,1.62,530,0
LBT,60,20250226,160000,1.67,1.67,1.67,1.67,200,0
LBT,60,20250226,170000,1.67,1.67,1.67,1.67,4211,0
LBT,60,20250227,100000,1.66,1.7,1.66,1.7,5965,0
LBT,60,20250227,110000,1.69,1.69,1.69,1.69,1000,0
LBT,60,20250227,130000,1.69,1.69,1.69,1.69,40,0
LBT,60,20250227,150000,1.69,1.69,1.69,1.69,30,0
LBT,60,20250227,160000,1.66,1.66,1.66,1.66,1780,0
LBT,60,20250303,100000,1.7,1.7,1.7,1.7,100,0
LBT,60,20250303,140000,1.63,1.63,1.62,1.62,1865,0
LBT,60,20250304,100000,1.7,1.7,1.63,1.63,310,0
LBT,60,20250304,130000,1.64,1.69,1.6,1.6,4352,0
LBT,60,20250304,140000,1.67,1.67,1.67,1.67,25,0
LBT,60,20250304,150000,1.66,1.66,1.61,1.61,1000,0
LBT,60,20250306,100000,1.7,1.7,1.66,1.7,300,0
LBT,60,20250306,110000,1.69,1.69,1.69,1.69,8,0
LBT,60,20250306,150000,1.62,1.62,1.62,1.62,750,0
LBT,60,20250310,100000,1.67,1.67,1.65,1.67,1097,0
LBT,60,20250310,120000,1.64,1.65,1.64,1.64,2872,0
LBT,60,20250310,130000,1.64,1.69,1.61,1.69,4939,0
LBT,60,20250311,100000,1.69,1.69,1.69,1.69,10,0
LBT,60,20250311,110000,1.68,1.69,1.68,1.69,5950,0
LBT,60,20250311,120000,1.69,1.69,1.69,1.69,1550,0
LBT,60,20250311,170000,1.68,1.68,1.68,1.68,10,0
LBT,60,20250312,100000,1.68,1.68,1.68,1.68,10,0
LBT,60,20250312,110000,1.68,1.69,1.68,1.69,7500,0
LBT,60,20250312,120000,1.69,1.69,1.69,1.69,10500,0
LBT,60,20250312,160000,1.69,1.69,1.69,1.69,6,0
LBT,60,20250313,100000,1.69,1.69,1.69,1.69,50,0
LBT,60,20250313,110000,1.69,1.69,1.69,1.69,10,0
LBT,60,20250314,100000,1.69,1.69,1.69,1.69,50,0
LBT,60,20250314,110000,1.7,1.7,1.7,1.7,416,0
LBT,60,20250314,120000,1.65,1.65,1.6,1.6,31500,0
LBT,60,20250314,130000,1.68,1.68,1.68,1.68,5931,0
LBT,60,20250314,170000,1.68,1.72,1.68,1.72,6863,0
LBT,60,20250317,100000,2,2.2,1.91,2.04,408767,0
LBT,60,20250317,110000,2.06,2.06,1.97,2,82996,0
LBT,60,20250317,120000,1.98,2.02,1.98,2.02,41293,0
LBT,60,20250317,130000,2.02,2.04,2,2.04,60158,0
LBT,60,20250317,140000,2.04,2.04,1.98,2.02,9806,0
LBT,60,20250317,150000,2.02,2.04,2,2.04,50059,0
LBT,60,20250317,160000,2,2.06,2,2.04,20349,0
LBT,60,20250317,170000,2.02,2.06,1.98,2.02,79454,0
LBT,60,20250318,100000,2.04,2.04,1.91,1.97,80813,0
LBT,60,20250318,110000,1.97,2.02,1.93,2.02,41294,0
LBT,60,20250318,120000,2,2,1.98,2,7810,0
LBT,60,20250318,130000,1.98,1.99,1.92,1.92,12710,0
LBT,60,20250318,140000,1.94,1.94,1.92,1.92,8714,0
LBT,60,20250318,150000,1.94,1.94,1.94,1.94,1844,0
LBT,60,20250318,160000,1.94,1.94,1.93,1.94,13150,0
LBT,60,20250318,170000,1.94,1.95,1.93,1.94,12270,0
LBT,60,20250319,100000,1.92,1.94,1.85,1.94,25806,0
LBT,60,20250319,110000,1.93,1.95,1.9,1.95,5650,0
LBT,60,20250319,120000,1.91,1.91,1.83,1.84,34907,0
LBT,60,20250319,130000,1.83,1.84,1.77,1.82,48054,0
LBT,60,20250319,140000,1.82,1.84,1.78,1.83,12573,0
LBT,60,20250319,150000,1.83,1.86,1.83,1.83,3356,0
LBT,60,20250319,160000,1.82,1.83,1.82,1.83,968,0
LBT,60,20250319,170000,1.82,1.82,1.81,1.81,2000,0
LBT,60,20250320,100000,1.85,1.86,1.82,1.82,5761,0
LBT,60,20250320,110000,1.84,1.85,1.81,1.85,6943,0
LBT,60,20250320,120000,1.82,1.82,1.82,1.82,31,0
LBT,60,20250320,130000,1.86,1.86,1.86,1.86,961,0
LBT,60,20250320,140000,1.86,1.86,1.86,1.86,2000,0
LBT,60,20250320,150000,1.87,2.02,1.87,1.93,85378,0
LBT,60,20250320,160000,1.93,1.96,1.87,1.94,22013,0
LBT,60,20250320,170000,1.95,1.96,1.95,1.96,2200,0
LBT,60,20250321,100000,1.95,1.95,1.88,1.88,5012,0
LBT,60,20250321,110000,1.9,1.97,1.88,1.97,14583,0
LBT,60,20250321,120000,1.98,1.98,1.91,1.92,9614,0
LBT,60,20250321,130000,1.9,1.9,1.9,1.9,5302,0
LBT,60,20250321,140000,1.9,1.92,1.88,1.92,1494,0
LBT,60,20250321,150000,1.92,1.92,1.92,1.92,50,0
LBT,60,20250321,170000,1.92,1.93,1.92,1.93,6386,0
LBT,60,20250324,100000,1.96,1.96,1.81,1.82,25855,0
LBT,60,20250324,110000,1.82,1.83,1.77,1.8,20727,0
LBT,60,20250324,120000,1.85,1.85,1.81,1.85,2706,0
LBT,60,20250324,140000,1.85,1.85,1.85,1.85,1100,0
LBT,60,20250324,150000,1.85,1.85,1.85,1.85,4000,0
LBT,60,20250324,160000,1.86,1.87,1.85,1.87,11100,0
LBT,60,20250324,170000,1.85,1.85,1.85,1.85,53,0
LBT,60,20250325,100000,1.85,1.85,1.81,1.81,4181,0
LBT,60,20250325,110000,1.81,1.81,1.77,1.77,14123,0
LBT,60,20250325,120000,1.82,1.82,1.77,1.77,2078,0
LBT,60,20250325,130000,1.81,1.81,1.81,1.81,50,0
LBT,60,20250325,140000,1.81,1.81,1.81,1.81,460,0
LBT,60,20250325,160000,1.78,1.78,1.78,1.78,489,0
LBT,60,20250326,100000,1.81,1.81,1.77,1.77,3506,0
LBT,60,20250326,110000,1.77,1.77,1.77,1.77,607,0
LBT,60,20250326,120000,1.77,1.77,1.77,1.77,50,0
LBT,60,20250326,130000,1.78,1.8,1.78,1.8,1900,0
LBT,60,20250326,140000,1.78,1.78,1.77,1.77,518,0
LBT,60,20250326,150000,1.77,1.77,1.76,1.76,10382,0
LBT,60,20250326,160000,1.72,1.73,1.71,1.73,250,0
LBT,60,20250327,100000,1.73,1.74,1.68,1.68,2762,0
LBT,60,20250327,110000,1.72,1.72,1.68,1.68,2153,0
LBT,60,20250327,120000,1.69,1.69,1.65,1.66,1214,0
LBT,60,20250327,130000,1.66,1.71,1.66,1.71,2649,0
LBT,60,20250327,150000,1.72,1.72,1.67,1.67,444,0
LBT,60,20250327,170000,1.69,1.69,1.65,1.65,2600,0
LBT,60,20250328,100000,1.73,1.73,1.7,1.7,160,0
LBT,60,20250328,110000,1.61,1.64,1.6,1.64,7236,0
LBT,60,20250328,120000,1.68,1.69,1.68,1.69,8631,0
LBT,60,20250328,130000,1.69,1.7,1.69,1.7,4973,0
LBT,60,20250328,140000,1.7,1.7,1.7,1.7,1500,0
LBT,60,20250328,160000,1.73,1.73,1.73,1.73,450,0
LBT,60,20250328,170000,1.7,1.7,1.7,1.7,610,0
LBT,60,20250331,100000,1.71,1.71,1.64,1.68,29421,0
LBT,60,20250331,110000,1.68,1.69,1.63,1.68,7430,0
LBT,60,20250331,120000,1.68,1.68,1.68,1.68,354,0
LBT,60,20250331,130000,1.62,1.62,1.62,1.62,1319,0
LBT,60,20250331,140000,1.62,1.62,1.58,1.62,2432,0
LBT,60,20250331,150000,1.58,1.62,1.54,1.62,19635,0
LBT,60,20250331,160000,1.58,1.58,1.58,1.58,451,0
LBT,60,20250331,170000,1.56,1.62,1.56,1.62,3337,0
LBT,60,20250401,100000,1.52,1.635,1.52,1.615,2053,0
LBT,60,20250401,110000,1.615,1.63,1.58,1.58,1943,0
LBT,60,20250401,120000,1.63,1.63,1.63,1.63,850,0
LBT,60,20250401,140000,1.6,1.6,1.6,1.6,1868,0
LBT,60,20250401,150000,1.61,1.61,1.61,1.61,4000,0
LBT,60,20250401,160000,1.61,1.63,1.58,1.61,6103,0
LBT,60,20250401,170000,1.61,1.61,1.61,1.61,1702,0
LBT,60,20250402,100000,1.635,1.635,1.635,1.635,10,0
LBT,60,20250402,110000,1.61,1.635,1.61,1.625,3317,0
LBT,60,20250402,130000,1.61,1.61,1.61,1.61,629,0
LBT,60,20250402,170000,1.61,1.61,1.61,1.61,2009,0
LBT,60,20250403,100000,1.635,1.635,1.61,1.61,3011,0
LBT,60,20250403,130000,1.58,1.58,1.55,1.55,6471,0
LBT,60,20250403,140000,1.6,1.6,1.55,1.55,2000,0
LBT,60,20250403,170000,1.59,1.6,1.59,1.6,5897,0
LBT,60,20250404,100000,1.6,1.6,1.52,1.56,1010,0
LBT,60,20250404,110000,1.52,1.52,1.52,1.52,2198,0
LBT,60,20250404,120000,1.52,1.52,1.52,1.52,3550,0
LBT,60,20250404,140000,1.52,1.52,1.515,1.515,3611,0
LBT,60,20250404,150000,1.52,1.55,1.52,1.55,5842,0
LBT,60,20250404,170000,1.51,1.51,1.505,1.505,5897,0
LBT,60,20250407,100000,1.52,1.52,1.47,1.5,12240,0
LBT,60,20250407,110000,1.38,1.4,1.37,1.4,9506,0
LBT,60,20250407,130000,1.43,1.49,1.42,1.49,5026,0
LBT,60,20250407,140000,1.495,1.51,1.495,1.51,5249,0
LBT,60,20250407,150000,1.5,1.5,1.5,1.5,4187,0
LBT,60,20250407,170000,1.51,1.51,1.51,1.51,561,0
LBT,60,20250408,100000,1.55,1.55,1.55,1.55,625,0
LBT,60,20250408,110000,1.55,1.6,1.55,1.6,2686,0
LBT,60,20250409,100000,1.59,1.59,1.59,1.59,10,0
LBT,60,20250409,150000,1.54,1.54,1.54,1.54,92,0
LBT,60,20250410,100000,1.6,1.6,1.6,1.6,10,0
LBT,60,20250410,110000,1.52,1.59,1.52,1.59,2500,0
LBT,60,20250410,170000,1.59,1.59,1.59,1.59,200,0
LBT,60,20250411,100000,1.59,1.59,1.59,1.59,43,0
LBT,60,20250411,170000,1.58,1.58,1.58,1.58,50,0
LBT,60,20250414,100000,1.58,1.58,1.58,1.58,10,0
LBT,60,20250414,120000,1.58,1.58,1.565,1.565,850,0
LBT,60,20250414,170000,1.58,1.58,1.58,1.58,50,0
LBT,60,20250415,100000,1.58,1.58,1.58,1.58,10,0
LBT,60,20250415,140000,1.58,1.58,1.58,1.58,2999,0
LBT,60,20250415,150000,1.58,1.58,1.58,1.58,1,0
LBT,60,20250415,160000,1.56,1.56,1.56,1.56,77,0
LBT,60,20250416,100000,1.64,1.64,1.64,1.64,3,0
LBT,60,20250416,110000,1.59,1.59,1.59,1.59,2553,0
LBT,60,20250416,140000,1.56,1.63,1.56,1.63,2210,0
LBT,60,20250416,150000,1.59,1.59,1.59,1.59,50,0
LBT,60,20250416,160000,1.59,1.59,1.59,1.59,951,0
LBT,60,20250417,100000,1.64,1.64,1.64,1.64,2,0
LBT,60,20250417,130000,1.63,1.63,1.55,1.55,8866,0
LBT,60,20250417,160000,1.585,1.585,1.55,1.55,1440,0
LBT,60,20250417,170000,1.53,1.53,1.5,1.5,14911,0
LBT,60,20250422,100000,1.5,1.5,1.49,1.49,1447,0
LBT,60,20250422,110000,1.5,1.5,1.45,1.45,7302,0
LBT,60,20250422,130000,1.53,1.53,1.46,1.46,3334,0
LBT,60,20250422,160000,1.47,1.47,1.47,1.47,100,0
LBT,60,20250422,170000,1.47,1.47,1.47,1.47,1659,0
LBT,60,20250423,100000,1.54,1.55,1.54,1.55,6600,0
LBT,60,20250423,140000,1.55,1.55,1.55,1.55,50,0
LBT,60,20250423,150000,1.55,1.55,1.55,1.55,864,0
LBT,60,20250423,170000,1.55,1.55,1.55,1.55,4377,0
LBT,60,20250424,100000,1.55,1.55,1.55,1.55,10,0
LBT,60,20250424,110000,1.585,1.585,1.505,1.505,2100,0
LBT,60,20250424,130000,1.505,1.505,1.49,1.49,4712,0
LBT,60,20250424,150000,1.55,1.58,1.55,1.58,2000,0
LBT,60,20250424,160000,1.58,1.63,1.58,1.63,21127,0
LBT,60,20250425,100000,1.62,1.63,1.62,1.63,513,0
LBT,60,20250425,110000,1.63,1.63,1.63,1.63,2224,0
LBT,60,20250425,120000,1.63,1.63,1.63,1.63,35,0
LBT,60,20250425,160000,1.6,1.6,1.6,1.6,211,0
LBT,60,20250425,170000,1.6,1.625,1.6,1.625,3000,0
LBT,60,20250428,100000,1.625,1.625,1.625,1.625,10,0
LBT,60,20250428,120000,1.57,1.57,1.56,1.56,8910,0
LBT,60,20250428,140000,1.61,1.61,1.61,1.61,390,0
LBT,60,20250428,170000,1.62,1.62,1.62,1.62,1000,0
LBT,60,20250429,100000,1.62,1.62,1.57,1.57,70,0
LBT,60,20250429,120000,1.6,1.62,1.6,1.62,1000,0
LBT,60,20250430,100000,1.62,1.62,1.62,1.62,10,0
LBT,60,20250430,140000,1.6,1.62,1.6,1.62,1100,0
LBT,60,20250430,150000,1.57,1.57,1.57,1.57,1100,0
LBT,60,20250502,100000,1.62,1.62,1.62,1.62,10,0
LBT,60,20250502,150000,1.58,1.58,1.555,1.555,10827,0
LBT,60,20250505,100000,1.545,1.545,1.545,1.545,1000,0
LBT,60,20250505,110000,1.585,1.59,1.585,1.59,1025,0
LBT,60,20250505,120000,1.585,1.585,1.585,1.585,1000,0
LBT,60,20250505,130000,1.59,1.59,1.59,1.59,63,0
LBT,60,20250506,100000,1.59,1.59,1.59,1.59,60,0
LBT,60,20250506,120000,1.585,1.585,1.585,1.585,112,0
LBT,60,20250506,130000,1.58,1.58,1.5,1.5,13240,0
LBT,60,20250506,140000,1.5,1.5,1.485,1.485,25846,0
LBT,60,20250506,150000,1.485,1.54,1.455,1.54,31027,0
LBT,60,20250506,160000,1.55,1.55,1.55,1.55,100,0
LBT,60,20250506,170000,1.52,1.55,1.475,1.55,1392,0
