<TICKER>,<PER>,<DATE>,<TIME>,<OPEN>,<HIGH>,<LOW>,<CLOSE>,<VOL>,<OPENINT>
LEN,60,20240411,100000,3.60626,3.60626,3.60626,3.60626,1288.926553622,0
LEN,60,20240411,130000,3.60626,3.60626,3.60626,3.60626,528.24858755,0
LEN,60,20240411,140000,3.58733,3.58733,3.5684,3.5684,141.57062146340002,0
LEN,60,20240412,100000,3.59679,3.59679,3.59679,3.59679,11.6214689261,0
LEN,60,20240412,110000,3.59679,3.59679,3.59679,3.59679,105.64971751,0
LEN,60,20240412,120000,3.55893,3.55893,3.54947,3.54947,347.5875706079,0
LEN,60,20240412,130000,3.59679,3.59679,3.52107,3.52107,1976.7062146121,0
LEN,60,20240412,140000,3.54947,3.54947,3.54947,3.54947,1766.4632767672,0
LEN,60,20240412,150000,3.54947,3.54947,3.5116,3.5116,1810.8361581214,0
LEN,60,20240412,160000,3.5116,3.5116,3.5116,3.5116,1303.7175140734,0
LEN,60,20240415,100000,3.54947,3.54947,3.42642,3.45481,3233.9378529811,0
LEN,60,20240415,120000,3.50214,3.50214,3.50214,3.50214,7.3954802257,0
LEN,60,20240415,130000,3.50214,3.50214,3.45481,3.50214,3969.2598868507,0
LEN,60,20240415,160000,3.50214,3.50214,3.50214,3.50214,269.4067796505,0
LEN,60,20240415,170000,3.5116,3.5116,3.5116,3.5116,12.677966101200001,0
LEN,60,20240416,100000,3.5116,3.5116,3.45481,3.45481,920.2090395121,0
LEN,60,20240416,170000,3.45481,3.45481,3.45481,3.45481,1512.9039547432,0
LEN,60,20240417,100000,3.49267,3.50214,3.49267,3.50214,1054.3841807498,0
LEN,60,20240417,110000,3.49267,3.49267,3.49267,3.49267,46.4858757044,0
LEN,60,20240417,130000,3.49267,3.49267,3.49267,3.49267,116.214689261,0
LEN,60,20240417,160000,3.45481,3.45481,3.45481,3.45481,6740.451977138,0
LEN,60,20240417,170000,3.45481,3.45481,3.19925,3.33176,17628.711863719,0
LEN,60,20240418,100000,3.37909,3.40749,3.36963,3.36963,3006.7909603346,0
LEN,60,20240418,110000,3.39802,3.39802,3.39802,3.39802,10.564971751000002,0
LEN,60,20240418,120000,3.3507,3.36963,3.34123,3.34123,1126.2259886566,0
LEN,60,20240418,130000,3.38856,3.40749,3.38856,3.39802,1077.627118602,0
LEN,60,20240418,140000,3.40749,3.43588,3.40749,3.40749,1372.3898304549,0
LEN,60,20240418,160000,3.40749,3.40749,3.40749,3.40749,213.41242937020002,0
LEN,60,20240418,170000,3.40749,3.40749,3.40749,3.40749,138.4011299381,0
LEN,60,20240419,100000,3.42642,3.42642,3.42642,3.42642,825.1242937531,0
LEN,60,20240419,110000,3.42642,3.42642,3.42642,3.42642,10.564971751000002,0
LEN,60,20240419,120000,3.42642,3.48321,3.42642,3.48321,1022.6892654968,0
LEN,60,20240419,140000,3.48321,3.48321,3.47374,3.47374,78.1807909574,0
LEN,60,20240419,150000,3.47374,3.47374,3.47374,3.47374,15.8474576265,0
LEN,60,20240419,160000,3.47374,3.47374,3.39802,3.39802,318.00564970510004,0
LEN,60,20240419,170000,3.47374,3.48321,3.47374,3.48321,697.288135566,0
LEN,60,20240422,100000,3.47374,3.54,3.47374,3.54,2626.4519772986,0
LEN,60,20240422,140000,3.54,3.54,3.54,3.54,316.94915253000005,0
LEN,60,20240422,160000,3.50214,3.50214,3.50214,3.50214,1056.4971751,0
LEN,60,20240423,100000,3.54,3.54,3.54,3.54,105.64971751,0
LEN,60,20240423,110000,3.5116,3.5116,3.50214,3.50214,31.694915253,0
LEN,60,20240423,120000,3.54,3.54,3.54,3.54,337.0225988569,0
LEN,60,20240423,150000,3.54,3.54,3.50214,3.50214,895.9096044848001,0
LEN,60,20240423,160000,3.44535,3.44535,3.42642,3.42642,1056.4971751,0
LEN,60,20240423,170000,3.42642,3.42642,3.42642,3.42642,1056.4971751,0
LEN,60,20240424,100000,3.54,3.54,3.54,3.54,775.4689265234,0
LEN,60,20240424,110000,3.54,3.54947,3.54,3.54947,1759.0677965415002,0
LEN,60,20240424,120000,3.54,3.54947,3.54,3.54,6774.2598867412,0
LEN,60,20240424,130000,3.54,3.54,3.54,3.54,2276.7514123405,0
LEN,60,20240424,150000,3.54,3.54,3.54,3.54,63.389830506,0
LEN,60,20240424,160000,3.50214,3.50214,3.50214,3.50214,1059.6666666253,0
LEN,60,20240425,100000,3.50214,3.50214,3.50214,3.50214,10.564971751000002,0
LEN,60,20240425,110000,3.50214,3.50214,3.50214,3.50214,11621.4689261,0
LEN,60,20240426,100000,3.50214,3.50214,3.50214,3.50214,2.1129943502,0
LEN,60,20240426,140000,3.50214,3.50214,3.50214,3.50214,775.4689265234,0
LEN,60,20240426,160000,3.50214,3.50214,3.50214,3.50214,13.734463276300001,0
LEN,60,20240426,170000,3.50214,3.50214,3.50214,3.50214,602.203389807,0
LEN,60,20240429,100000,3.50214,3.50214,3.45481,3.45481,939.2259886639,0
LEN,60,20240429,110000,3.45481,3.45481,3.45481,3.45481,3002.5649716342,0
LEN,60,20240429,160000,3.50214,3.50214,3.50214,3.50214,3887.909604368,0
LEN,60,20240429,170000,3.50214,3.50214,3.50214,3.50214,1993.6101694137,0
LEN,60,20240430,100000,3.54947,3.54947,3.54947,3.54947,2.1129943502,0
LEN,60,20240430,110000,3.50214,3.50214,3.50214,3.50214,314.8361581798,0
LEN,60,20240430,140000,3.54,3.54947,3.54,3.54947,528.24858755,0
LEN,60,20240430,160000,3.50214,3.50214,3.50214,3.50214,1067.062146851,0
LEN,60,20240430,170000,3.50214,3.50214,3.38856,3.38856,5692.4067794388,0
LEN,60,20240502,100000,3.50214,3.50214,3.36016,3.41695,1166.3728813104,0
LEN,60,20240502,120000,3.41695,3.41695,3.41695,3.41695,3027.9209038366002,0
LEN,60,20240502,130000,3.37909,3.37909,3.37909,3.37909,1.0564971751,0
LEN,60,20240502,150000,3.37909,3.37909,3.31283,3.31283,14532.118643501,0
LEN,60,20240502,160000,3.36963,3.36963,3.36963,3.36963,1010.0112993956001,0
LEN,60,20240502,170000,3.37909,3.37909,3.34123,3.34123,4641.1920902143,0
LEN,60,20240506,100000,3.36016,3.38856,3.36016,3.38856,1694.6214688604,0
LEN,60,20240506,110000,3.38856,3.38856,3.38856,3.38856,184.88700564250001,0
LEN,60,20240506,120000,3.38856,3.39802,3.38856,3.39802,782.8644067491,0
LEN,60,20240506,130000,3.39802,3.47374,3.39802,3.47374,2389.7966100762,0
LEN,60,20240506,160000,3.45481,3.45481,3.45481,3.45481,1219.1977400654,0
LEN,60,20240506,170000,3.46428,3.48321,3.40749,3.40749,726.8700564688,0
LEN,60,20240507,100000,3.54947,3.54947,3.42642,3.42642,2277.8079095156,0
LEN,60,20240507,110000,3.41695,3.42642,3.41695,3.42642,489.1581920713,0
LEN,60,20240507,120000,3.40749,3.50214,3.40749,3.50214,2218.64406771,0
LEN,60,20240507,130000,3.45481,3.45481,3.45481,3.45481,3.1694915253000002,0
LEN,60,20240507,140000,3.44535,3.54,3.43588,3.54,543.0395480014,0
LEN,60,20240507,150000,3.50214,3.50214,3.42642,3.50214,2551.4406778665,0
LEN,60,20240507,160000,3.47374,3.52107,3.47374,3.52107,200.734463269,0
LEN,60,20240507,170000,3.52107,3.52107,3.38856,3.40749,2443.6779660063003,0
LEN,60,20240508,100000,3.54947,3.57786,3.44535,3.46428,7303.5649714663,0
LEN,60,20240508,110000,3.50214,3.50214,3.50214,3.50214,15.8474576265,0
LEN,60,20240508,130000,3.54,3.54947,3.46428,3.46428,227.14689264650002,0
LEN,60,20240508,150000,3.54,3.54947,3.54,3.54947,6.3389830506000004,0
LEN,60,20240508,170000,3.54,3.57786,3.54,3.57786,2645.4689264504,0
LEN,60,20240509,100000,3.57786,3.57786,3.57786,3.57786,1157.9209039096002,0
LEN,60,20240509,120000,3.5684,3.5684,3.5684,3.5684,47.5423728795,0
LEN,60,20240509,150000,3.48321,3.48321,3.48321,3.48321,68.67231638150001,0
LEN,60,20240509,170000,3.50214,3.50214,3.50214,3.50214,274.68926552600004,0
LEN,60,20240510,100000,3.55893,3.55893,3.50214,3.50214,672.9887005387,0
LEN,60,20240510,110000,3.54,3.54,3.54,3.54,739.5480225700001,0
LEN,60,20240510,120000,3.50214,3.50214,3.49267,3.49267,741.6610169202,0
LEN,60,20240510,130000,3.50214,3.54,3.50214,3.54,844.1412429049,0
LEN,60,20240510,160000,3.55893,3.55893,3.55893,3.55893,55.994350280300004,0
LEN,60,20240510,170000,3.55893,3.55893,3.55893,3.55893,987.8248587185001,0
LEN,60,20240513,100000,3.55893,3.55893,3.52107,3.52107,501.83615817250006,0
LEN,60,20240513,120000,3.52107,3.57786,3.52107,3.57786,544.0960451765001,0
LEN,60,20240513,130000,3.52107,3.52107,3.52107,3.52107,132.0621468875,0
LEN,60,20240513,140000,3.52107,3.52107,3.52107,3.52107,8.4519774008,0
LEN,60,20240513,150000,3.57786,3.57786,3.57786,3.57786,31.694915253,0
LEN,60,20240514,100000,3.50214,3.50214,3.50214,3.50214,792.3728813250001,0
LEN,60,20240514,110000,3.5116,3.5116,3.5116,3.5116,21.129943502000003,0
LEN,60,20240514,130000,3.57786,3.57786,3.57786,3.57786,52.824858755,0
LEN,60,20240514,140000,3.57786,3.57786,3.57786,3.57786,3463.1977399778,0
LEN,60,20240514,160000,3.53053,3.54947,3.53053,3.54947,3180.0564970510004,0
LEN,60,20240514,170000,3.57786,3.57786,3.57786,3.57786,211.29943502,0
LEN,60,20240515,100000,3.57786,3.57786,3.5116,3.57786,9771.5423724999,0
LEN,60,20240515,110000,3.54947,3.54947,3.54947,3.54947,31.694915253,0
LEN,60,20240515,120000,3.5116,3.5116,3.47374,3.47374,958.2429378157001,0
LEN,60,20240515,130000,3.52107,3.52107,3.50214,3.50214,111.9887005606,0
LEN,60,20240515,150000,3.50214,3.50214,3.50214,3.50214,267.29378530030004,0
LEN,60,20240515,160000,3.50214,3.50214,3.50214,3.50214,1100.8700564542,0
LEN,60,20240515,170000,3.52107,3.52107,3.52107,3.52107,36.977401128500006,0
LEN,60,20240516,100000,3.54,3.54,3.54,3.54,10.564971751000002,0
LEN,60,20240516,120000,3.49267,3.49267,3.49267,3.49267,105.64971751,0
LEN,60,20240516,130000,3.50214,3.54,3.50214,3.54,1426.2711863850002,0
LEN,60,20240516,150000,3.49267,3.49267,3.49267,3.49267,105.64971751,0
LEN,60,20240516,160000,3.54,3.54,3.54,3.54,258.8418078995,0
LEN,60,20240517,100000,3.48321,3.54,3.47374,3.54,831.4632768037,0
LEN,60,20240517,110000,3.54,3.54,3.54,3.54,8.4519774008,0
LEN,60,20240517,130000,3.48321,3.48321,3.48321,3.48321,249.33333332360002,0
LEN,60,20240517,140000,3.49267,3.53053,3.49267,3.53053,21.129943502000003,0
LEN,60,20240517,150000,3.53053,3.53053,3.49267,3.49267,771.242937823,0
LEN,60,20240517,160000,3.48321,3.49267,3.47374,3.49267,2403.5310733525002,0
LEN,60,20240517,170000,3.49267,3.49267,3.49267,3.49267,42.259887004,0
LEN,60,20240520,100000,3.45481,3.50214,3.45481,3.45481,1328.0169491007,0
LEN,60,20240520,110000,3.46428,3.50214,3.45481,3.46428,2032.7005648924,0
LEN,60,20240520,130000,3.49267,3.49267,3.49267,3.49267,6.3389830506000004,0
LEN,60,20240520,140000,3.49267,3.49267,3.49267,3.49267,28.5254237277,0
LEN,60,20240520,150000,3.49267,3.49267,3.49267,3.49267,4.2259887004,0
LEN,60,20240520,160000,3.49267,3.50214,3.47374,3.50214,857.8757061812,0
LEN,60,20240521,100000,3.50214,3.5116,3.50214,3.50214,1024.802259847,0
LEN,60,20240521,130000,3.50214,3.50214,3.50214,3.50214,316.94915253000005,0
LEN,60,20240521,140000,3.50214,3.50214,3.50214,3.50214,25.355932202400002,0
LEN,60,20240521,160000,3.5116,3.5116,3.5116,3.5116,12.677966101200001,0
LEN,60,20240521,170000,3.50214,3.50214,3.50214,3.50214,644.463276811,0
LEN,60,20240522,100000,3.50214,3.50214,3.50214,3.50214,52.824858755,0
LEN,60,20240522,110000,3.50214,3.50214,3.50214,3.50214,57.0508474554,0
LEN,60,20240522,130000,3.50214,3.50214,3.49267,3.49267,1951.3502824097,0
LEN,60,20240522,140000,3.49267,3.50214,3.49267,3.50214,7462.0395477313,0
LEN,60,20240522,160000,3.50214,3.50214,3.50214,3.50214,2117.2203389004003,0
LEN,60,20240522,170000,3.50214,3.50214,3.50214,3.50214,6585.1468923983,0
LEN,60,20240523,100000,3.50214,3.5116,3.49267,3.5116,369.774011285,0
LEN,60,20240523,110000,3.5116,3.5116,3.5116,3.5116,58.1073446305,0
LEN,60,20240523,120000,3.50214,3.50214,3.50214,3.50214,1056.4971751,0
LEN,60,20240523,130000,3.50214,3.5116,3.50214,3.5116,4734.1638416231,0
LEN,60,20240523,140000,3.50214,3.50214,3.50214,3.50214,10294.508474174401,0
LEN,60,20240523,150000,3.50214,3.50214,3.50214,3.50214,3.1694915253000002,0
LEN,60,20240523,160000,3.50214,3.50214,3.50214,3.50214,3169.4915253000004,0
LEN,60,20240523,170000,3.50214,3.50214,3.50214,3.50214,31.694915253,0
LEN,60,20240524,100000,3.50214,3.5116,3.50214,3.5116,369.77401128500003,0
LEN,60,20240524,110000,3.49267,3.49267,3.45481,3.45481,717.3615818929001,0
LEN,60,20240524,120000,3.5116,3.5116,3.5116,3.5116,30.638418077900003,0
LEN,60,20240524,130000,3.5116,3.5116,3.5116,3.5116,1162.1468926100001,0
LEN,60,20240524,140000,3.50214,3.50214,3.50214,3.50214,9.508474575900001,0
LEN,60,20240524,160000,3.45481,3.49267,3.45481,3.49267,3296.271186312,0
LEN,60,20240527,100000,3.49267,3.49267,3.46428,3.49267,827.2372881033,0
LEN,60,20240527,110000,3.48321,3.48321,3.42642,3.42642,3449.4632767015,0
LEN,60,20240527,120000,3.48321,3.48321,3.48321,3.48321,232.429378522,0
LEN,60,20240527,150000,3.48321,3.48321,3.48321,3.48321,287.3672316272,0
LEN,60,20240527,160000,3.48321,3.48321,3.48321,3.48321,524.0225988496,0
LEN,60,20240527,170000,3.48321,3.48321,3.48321,3.48321,31.694915253,0
LEN,60,20240528,100000,3.48321,3.48321,3.46428,3.48321,251.4463276738,0
LEN,60,20240528,120000,3.48321,3.48321,3.48321,3.48321,15.8474576265,0
LEN,60,20240528,150000,3.48321,3.48321,3.48321,3.48321,1259.3446327192,0
LEN,60,20240528,170000,3.46428,3.46428,3.40749,3.40749,2800.7740111901,0
LEN,60,20240529,100000,3.40749,3.40749,3.40749,3.40749,5.282485875500001,0
LEN,60,20240529,110000,3.45481,3.47374,3.45481,3.47374,82.4067796578,0
LEN,60,20240529,130000,3.46428,3.46428,3.46428,3.46428,8.4519774008,0
LEN,60,20240529,140000,3.40749,3.46428,3.40749,3.40749,1231.8757061666,0
LEN,60,20240529,160000,3.41695,3.41695,3.40749,3.40749,750.1129943210001,0
LEN,60,20240529,170000,3.43588,3.43588,3.43588,3.43588,5.282485875500001,0
LEN,60,20240531,100000,3.48321,3.48321,3.44535,3.44535,1071.2881355514,0
LEN,60,20240531,120000,3.48321,3.48321,3.48321,3.48321,10.564971751000002,0
LEN,60,20240531,130000,3.48321,3.48321,3.48321,3.48321,474.3672316199,0
LEN,60,20240531,150000,3.48321,3.48321,3.48321,3.48321,24.2994350273,0
LEN,60,20240531,170000,3.48321,3.49267,3.48321,3.49267,739.5480225700001,0
LEN,60,20240603,100000,3.49267,3.49267,3.40749,3.40749,3460.0282484525,0
LEN,60,20240603,120000,3.45481,3.45481,3.45481,3.45481,45.4293785293,0
LEN,60,20240603,130000,3.41695,3.41695,3.40749,3.40749,237.71186439750002,0
LEN,60,20240603,140000,3.45481,3.45481,3.45481,3.45481,60.2203389807,0
LEN,60,20240603,150000,3.45481,3.45481,3.43588,3.44535,760.677966072,0
LEN,60,20240603,170000,3.44535,3.48321,3.44535,3.48321,105.64971751,0
LEN,60,20240604,100000,3.49267,3.49267,3.48321,3.48321,1042.7627118237,0
LEN,60,20240604,110000,3.48321,3.48321,3.43588,3.48321,322.2316384055,0
LEN,60,20240604,130000,3.48321,3.48321,3.48321,3.48321,3.1694915253000002,0
LEN,60,20240604,140000,3.48321,3.48321,3.45481,3.45481,1108.2655366799,0
LEN,60,20240604,150000,3.48321,3.48321,3.48321,3.48321,573.6779660793,0
LEN,60,20240604,160000,3.48321,3.48321,3.48321,3.48321,316.94915253000005,0
LEN,60,20240604,170000,3.48321,3.49267,3.48321,3.49267,6620.0112991766,0
LEN,60,20240605,100000,3.49267,3.49267,3.49267,3.49267,3.1694915253000002,0
LEN,60,20240605,110000,3.47374,3.47374,3.47374,3.47374,1468.531073389,0
LEN,60,20240605,120000,3.47374,3.47374,3.47374,3.47374,58.1073446305,0
LEN,60,20240605,130000,3.47374,3.49267,3.41695,3.41695,1201.2372880887,0
LEN,60,20240605,140000,3.49267,3.49267,3.49267,3.49267,211.29943502,0
LEN,60,20240605,150000,3.42642,3.42642,3.42642,3.42642,13.734463276300001,0
LEN,60,20240605,160000,3.43588,3.47374,3.43588,3.47374,31.694915253,0
LEN,60,20240605,170000,3.47374,3.47374,3.47374,3.47374,105.64971751,0
LEN,60,20240606,100000,3.48321,3.49267,3.42642,3.49267,2154.1977400289,0
LEN,60,20240606,110000,3.49267,3.49267,3.48321,3.48321,393.0169491372,0
LEN,60,20240606,120000,3.48321,3.48321,3.48321,3.48321,391.9604519621,0
LEN,60,20240606,130000,3.47374,3.48321,3.41695,3.48321,331.7401129814,0
LEN,60,20240606,140000,3.44535,3.47374,3.41695,3.47374,686.723163815,0
LEN,60,20240606,150000,3.48321,3.48321,3.48321,3.48321,551.4915254022,0
LEN,60,20240606,170000,3.44535,3.47374,3.42642,3.47374,551.4915254022,0
LEN,60,20240607,100000,3.47374,3.47374,3.47374,3.47374,17.9604519767,0
LEN,60,20240607,110000,3.44535,3.44535,3.43588,3.43588,528.24858755,0
LEN,60,20240607,120000,3.47374,3.47374,3.47374,3.47374,487.0451977211,0
LEN,60,20240607,140000,3.45481,3.48321,3.45481,3.48321,773.3559321732,0
LEN,60,20240607,160000,3.49267,3.49267,3.49267,3.49267,11.6214689261,0
LEN,60,20240607,170000,3.49267,3.49267,3.49267,3.49267,1405.1412428830001,0
LEN,60,20240610,100000,3.49267,3.49267,3.49267,3.49267,1679.830508409,0
LEN,60,20240610,110000,3.49267,3.49267,3.49267,3.49267,856.8192090061,0
LEN,60,20240610,130000,3.49267,3.49267,3.49267,3.49267,58.1073446305,0
LEN,60,20240610,140000,3.48321,3.48321,3.48321,3.48321,832.5197739788,0
LEN,60,20240610,150000,3.48321,3.48321,3.48321,3.48321,633.8983050600001,0
LEN,60,20240610,160000,3.47374,3.47374,3.47374,3.47374,2231.3220338112,0
LEN,60,20240611,100000,3.49267,3.49267,3.47374,3.47374,802.937853076,0
LEN,60,20240611,110000,3.49267,3.49267,3.49267,3.49267,105.64971751,0
LEN,60,20240611,120000,3.49267,3.49267,3.47374,3.47374,162.70056496540002,0
LEN,60,20240611,140000,3.47374,3.47374,3.47374,3.47374,1.0564971751,0
LEN,60,20240611,150000,3.49267,3.49267,3.47374,3.47374,850.4802259555,0
LEN,60,20240611,160000,3.49267,3.49267,3.47374,3.49267,1629.1186440042,0
LEN,60,20240611,170000,3.47374,3.47374,3.47374,3.47374,422.59887004,0
LEN,60,20240612,100000,3.49267,3.49267,3.49267,3.49267,1005.7853106952,0
LEN,60,20240612,120000,3.49267,3.49267,3.49267,3.49267,587.4124293556,0
LEN,60,20240612,130000,3.48321,3.49267,3.47374,3.47374,763.8474575973,0
LEN,60,20240612,140000,3.47374,3.49267,3.42642,3.49267,3223.3728812301,0
LEN,60,20240612,150000,3.48321,3.48321,3.48321,3.48321,676.1581920640001,0
LEN,60,20240612,160000,3.48321,3.48321,3.48321,3.48321,380.338983036,0
LEN,60,20240612,170000,3.49267,3.49267,3.49267,3.49267,316.94915253000005,0
LEN,60,20240613,100000,3.49267,3.49267,3.47374,3.47374,643.4067796359001,0
LEN,60,20240613,110000,3.47374,3.47374,3.47374,3.47374,1283.6440677465,0
LEN,60,20240613,120000,3.48321,3.49267,3.48321,3.49267,58.1073446305,0
LEN,60,20240613,140000,3.49267,3.49267,3.49267,3.49267,10.564971751000002,0
LEN,60,20240613,150000,3.49267,3.49267,3.49267,3.49267,264.124293775,0
LEN,60,20240613,160000,3.49267,3.49267,3.44535,3.44535,755.3954801965,0
LEN,60,20240614,100000,3.49267,3.49267,3.47374,3.47374,4851.4350280592,0
LEN,60,20240614,110000,3.49267,3.49267,3.45481,3.45481,3435.7288134252,0
LEN,60,20240614,140000,3.47374,3.49267,3.47374,3.47374,3862.5536721656,0
LEN,60,20240617,100000,3.48321,3.48321,3.47374,3.48321,352.8700564834,0
LEN,60,20240617,110000,3.47374,3.47374,3.47374,3.47374,656.0847457371001,0
LEN,60,20240617,130000,3.47374,3.47374,3.47374,3.47374,34.8644067783,0
LEN,60,20240617,140000,3.47374,3.47374,3.47374,3.47374,3169.4915253,0
LEN,60,20240617,150000,3.47374,3.47374,3.47374,3.47374,316.94915253000005,0
LEN,60,20240617,170000,3.47374,3.47374,3.41695,3.41695,1927.0508473824002,0
LEN,60,20240618,100000,3.44535,3.44535,3.42642,3.42642,765.9604519475,0
LEN,60,20240618,110000,3.42642,3.42642,3.42642,3.42642,346.53107343280004,0
LEN,60,20240618,120000,3.43588,3.43588,3.41695,3.41695,1486.4915253657,0
LEN,60,20240618,130000,3.41695,3.43588,3.41695,3.43588,2271.468926465,0
LEN,60,20240618,140000,3.43588,3.43588,3.43588,3.43588,3.1694915253000002,0
LEN,60,20240618,170000,3.41695,3.41695,3.41695,3.41695,119.3841807863,0
LEN,60,20240619,100000,3.43588,3.43588,3.41695,3.42642,101.4237288096,0
LEN,60,20240619,110000,3.43588,3.43588,3.43588,3.43588,8.4519774008,0
LEN,60,20240619,120000,3.44535,3.48321,3.44535,3.48321,316.94915253000005,0
LEN,60,20240619,130000,3.45481,3.45481,3.45481,3.45481,2641.2429377500002,0
LEN,60,20240619,140000,3.43588,3.43588,3.43588,3.43588,422.59887004,0
LEN,60,20240619,150000,3.45481,3.45481,3.45481,3.45481,15.8474576265,0
LEN,60,20240619,170000,3.43588,3.43588,3.43588,3.43588,31.694915253,0
LEN,60,20240620,100000,3.48321,3.48321,3.42642,3.42642,636.0112994102,0
LEN,60,20240620,110000,3.42642,3.42642,3.42642,3.42642,105.64971751,0
LEN,60,20240620,120000,3.45481,3.45481,3.45481,3.45481,20.0734463269,0
LEN,60,20240620,130000,3.45481,3.45481,3.45481,3.45481,7.3954802257,0
LEN,60,20240620,140000,3.45481,3.45481,3.45481,3.45481,3.1694915253000002,0
LEN,60,20240620,150000,3.45481,3.45481,3.45481,3.45481,78.1807909574,0
LEN,60,20240620,160000,3.44535,3.45481,3.44535,3.45481,113.04519773570001,0
LEN,60,20240620,170000,3.45481,3.45481,3.45481,3.45481,30.6384180779,0
LEN,60,20240621,100000,3.45481,3.45481,3.45481,3.45481,3.1694915253000002,0
LEN,60,20240621,120000,3.44535,3.44535,3.42642,3.42642,866.327683582,0
LEN,60,20240621,130000,3.41695,3.42642,3.41695,3.42642,623.3333333090001,0
LEN,60,20240621,150000,3.42642,3.42642,3.42642,3.42642,1911.2033897559002,0
LEN,60,20240621,160000,3.41695,3.41695,3.41695,3.41695,1479.0960451400001,0
LEN,60,20240624,100000,3.49267,3.49267,3.49267,3.49267,1310.056497124,0
LEN,60,20240624,150000,3.44535,3.49267,3.44535,3.49267,113.0451977357,0
LEN,60,20240624,160000,3.49267,3.49267,3.49267,3.49267,158.47457626500002,0
LEN,60,20240624,170000,3.49267,3.49267,3.49267,3.49267,327.514124281,0
LEN,60,20240625,100000,3.41695,3.48321,3.41695,3.48321,1013.1807909209001,0
LEN,60,20240625,110000,3.48321,3.48321,3.48321,3.48321,633.8983050600001,0
LEN,60,20240625,130000,3.41695,3.41695,3.41695,3.41695,41.2033898289,0
LEN,60,20240625,140000,3.48321,3.48321,3.48321,3.48321,6.3389830506000004,0
LEN,60,20240625,150000,3.48321,3.48321,3.48321,3.48321,58.1073446305,0
LEN,60,20240625,160000,3.44535,3.44535,3.44535,3.44535,4.2259887004,0
LEN,60,20240625,170000,3.42642,3.42642,3.42642,3.42642,3.1694915253000002,0
LEN,60,20240626,100000,3.45481,3.45481,3.41695,3.42642,1819.2881355222,0
LEN,60,20240626,110000,3.42642,3.42642,3.42642,3.42642,137.34463276300002,0
LEN,60,20240626,120000,3.42642,3.42642,3.42642,3.42642,105.64971751,0
LEN,60,20240626,130000,3.46428,3.47374,3.46428,3.47374,1690.39548016,0
LEN,60,20240626,150000,3.47374,3.47374,3.47374,3.47374,285.254237277,0
LEN,60,20240627,100000,3.48321,3.48321,3.48321,3.48321,2.1129943502,0
LEN,60,20240627,130000,3.48321,3.48321,3.48321,3.48321,21.129943502000003,0
LEN,60,20240627,150000,3.48321,3.48321,3.48321,3.48321,6.3389830506000004,0
LEN,60,20240628,100000,3.48321,3.48321,3.45481,3.48321,104.5932203349,0
LEN,60,20240628,110000,3.48321,3.49267,3.45481,3.49267,1134.6779660574,0
LEN,60,20240628,130000,3.49267,3.49267,3.49267,3.49267,24.299435027300003,0
LEN,60,20240628,140000,3.49267,3.49267,3.45481,3.49267,1080.7966101273,0
LEN,60,20240628,150000,3.49267,3.49267,3.49267,3.49267,843.0847457298,0
LEN,60,20240628,160000,3.49267,3.50214,3.49267,3.50214,347.5875706079,0
LEN,60,20240628,170000,3.48321,3.48321,3.48321,3.48321,1.0564971751,0
LEN,60,20240701,100000,3.50214,3.50214,3.47374,3.49267,2634.9039546994,0
LEN,60,20240701,110000,3.49267,3.50214,3.47374,3.47374,385.6214689115,0
LEN,60,20240701,120000,3.50214,3.50214,3.50214,3.50214,97.19774010920001,0
LEN,60,20240701,140000,3.50214,3.50214,3.49267,3.49267,996.2768361193,0
LEN,60,20240701,150000,3.47374,3.48321,3.47374,3.48321,1112.4915253803,0
LEN,60,20240701,160000,3.47374,3.50214,3.47374,3.50214,2020.0225987912,0
LEN,60,20240701,170000,3.50214,3.50214,3.50214,3.50214,422.59887004,0
LEN,60,20240702,100000,3.50214,3.52107,3.50214,3.52107,5991.3954799921,0
LEN,60,20240702,110000,3.52107,3.52107,3.52107,3.52107,105.64971751,0
LEN,60,20240702,120000,3.50214,3.50214,3.49267,3.49267,369.77401128500003,0
LEN,60,20240702,150000,3.50214,3.52107,3.49267,3.52107,5034.2090393515,0
LEN,60,20240702,170000,3.48321,3.48321,3.44535,3.44535,5842.429378303001,0
LEN,60,20240703,100000,3.43588,3.54,3.43588,3.48321,8145.593220021,0
LEN,60,20240703,110000,3.50214,3.50214,3.50214,3.50214,4.2259887004,0
LEN,60,20240703,120000,3.52107,3.52107,3.50214,3.50214,22.186440677100002,0
LEN,60,20240703,130000,3.50214,3.50214,3.48321,3.48321,2800.7740111901,0
LEN,60,20240703,140000,3.5116,3.53053,3.5116,3.53053,306.384180779,0
LEN,60,20240703,150000,3.52107,3.54947,3.5116,3.52107,1654.4745762066,0
LEN,60,20240703,160000,3.52107,3.52107,3.52107,3.52107,1143.1299434582002,0
LEN,60,20240703,170000,3.52107,3.54,3.52107,3.54,7718.7683612806,0
LEN,60,20240704,100000,3.61,3.64,3.6,3.62,3645,0
LEN,60,20240704,110000,3.61,3.61,3.59,3.6,186,0
LEN,60,20240704,120000,3.6,3.6,3.59,3.6,852,0
LEN,60,20240704,130000,3.59,3.59,3.56,3.58,1760,0
LEN,60,20240704,140000,3.58,3.59,3.55,3.59,979,0
LEN,60,20240704,150000,3.55,3.59,3.54,3.59,555,0
LEN,60,20240704,160000,3.59,3.59,3.59,3.59,131,0
LEN,60,20240705,100000,3.59,3.59,3.56,3.56,3513,0
LEN,60,20240705,130000,3.58,3.58,3.58,3.58,9,0
LEN,60,20240705,140000,3.56,3.58,3.56,3.58,1271,0
LEN,60,20240705,160000,3.58,3.58,3.58,3.58,6,0
LEN,60,20240708,100000,3.6,3.62,3.41,3.41,7669,0
LEN,60,20240708,110000,3.54,3.54,3.54,3.54,28,0
LEN,60,20240708,120000,3.54,3.54,3.54,3.54,44,0
LEN,60,20240708,130000,3.54,3.54,3.43,3.44,1658,0
LEN,60,20240708,140000,3.52,3.52,3.43,3.43,325,0
LEN,60,20240708,150000,3.46,3.46,3.46,3.46,400,0
LEN,60,20240708,160000,3.49,3.49,3.49,3.49,1052,0
LEN,60,20240708,170000,3.49,3.49,3.49,3.49,25,0
LEN,60,20240709,100000,3.51,3.51,3.51,3.51,1100,0
LEN,60,20240709,120000,3.53,3.53,3.53,3.53,43,0
LEN,60,20240709,130000,3.58,3.58,3.57,3.58,300,0
LEN,60,20240709,140000,3.58,3.59,3.58,3.59,1020,0
LEN,60,20240709,160000,3.57,3.67,3.56,3.62,12612,0
LEN,60,20240709,170000,3.65,3.65,3.54,3.55,1897,0
LEN,60,20240710,100000,3.62,3.62,3.62,3.62,1119,0
LEN,60,20240710,110000,3.56,3.56,3.56,3.56,8,0
LEN,60,20240710,130000,3.62,3.62,3.59,3.59,80,0
LEN,60,20240710,140000,3.6,3.6,3.6,3.6,5,0
LEN,60,20240710,160000,3.59,3.6,3.59,3.6,1065,0
LEN,60,20240710,170000,3.57,3.57,3.57,3.57,613,0
LEN,60,20240711,100000,3.57,3.57,3.57,3.57,765,0
LEN,60,20240711,110000,3.57,3.57,3.57,3.57,913,0
LEN,60,20240711,120000,3.57,3.6,3.56,3.6,956,0
LEN,60,20240711,150000,3.6,3.6,3.6,3.6,1000,0
LEN,60,20240711,160000,3.54,3.6,3.54,3.6,606,0
LEN,60,20240711,170000,3.54,3.54,3.54,3.54,25,0
LEN,60,20240712,100000,3.59,3.59,3.59,3.59,768,0
LEN,60,20240712,110000,3.59,3.59,3.59,3.59,28,0
LEN,60,20240712,120000,3.59,3.59,3.59,3.59,40,0
LEN,60,20240715,100000,3.6,3.6,3.52,3.52,1722,0
LEN,60,20240715,110000,3.6,3.6,3.6,3.6,417,0
LEN,60,20240715,120000,3.56,3.56,3.56,3.56,415,0
LEN,60,20240715,130000,3.56,3.56,3.56,3.56,57,0
LEN,60,20240715,150000,3.56,3.56,3.56,3.56,4,0
LEN,60,20240715,160000,3.54,3.54,3.52,3.52,1712,0
LEN,60,20240716,100000,3.59,3.59,3.59,3.59,1013,0
LEN,60,20240716,110000,3.52,3.59,3.5,3.5,747,0
LEN,60,20240716,120000,3.5,3.5,3.5,3.5,64,0
LEN,60,20240716,130000,3.51,3.51,3.51,3.51,3,0
LEN,60,20240716,170000,3.52,3.52,3.52,3.52,6,0
LEN,60,20240717,100000,3.6,3.6,3.59,3.59,1048,0
LEN,60,20240717,110000,3.59,3.59,3.59,3.59,395,0
LEN,60,20240717,120000,3.59,3.59,3.5,3.5,1585,0
LEN,60,20240717,140000,3.57,3.57,3.57,3.57,100,0
LEN,60,20240717,150000,3.51,3.51,3.51,3.51,175,0
LEN,60,20240717,170000,3.54,3.57,3.54,3.57,500,0
LEN,60,20240718,100000,3.6,3.6,3.6,3.6,1034,0
LEN,60,20240718,120000,3.6,3.6,3.6,3.6,101,0
LEN,60,20240718,160000,3.53,3.53,3.53,3.53,59,0
LEN,60,20240719,100000,3.68,3.68,3.68,3.68,760,0
LEN,60,20240719,110000,3.66,3.66,3.66,3.66,4,0
LEN,60,20240719,120000,3.57,3.57,3.56,3.56,255,0
LEN,60,20240719,130000,3.65,3.66,3.65,3.66,162,0
LEN,60,20240719,140000,3.66,3.66,3.66,3.66,415,0
LEN,60,20240719,150000,3.66,3.67,3.66,3.67,220,0
LEN,60,20240719,160000,3.66,3.66,3.66,3.66,59,0
LEN,60,20240719,170000,3.66,3.66,3.66,3.66,33,0
LEN,60,20240722,100000,3.66,3.66,3.66,3.66,1062,0
LEN,60,20240722,110000,3.59,3.59,3.59,3.59,200,0
LEN,60,20240722,120000,3.59,3.59,3.57,3.57,1712,0
LEN,60,20240722,130000,3.55,3.55,3.55,3.55,6,0
LEN,60,20240722,150000,3.56,3.56,3.54,3.54,1383,0
LEN,60,20240723,100000,3.62,3.62,3.54,3.55,1130,0
LEN,60,20240723,110000,3.55,3.61,3.55,3.55,254,0
LEN,60,20240723,160000,3.59,3.59,3.56,3.56,93,0
LEN,60,20240724,100000,3.6,3.6,3.6,3.6,1017,0
LEN,60,20240724,110000,3.6,3.6,3.6,3.6,250,0
LEN,60,20240724,140000,3.62,3.62,3.62,3.62,4,0
LEN,60,20240725,100000,3.63,3.63,3.55,3.55,1680,0
LEN,60,20240725,120000,3.58,3.58,3.54,3.54,1357,0
LEN,60,20240725,130000,3.54,3.54,3.54,3.54,663,0
LEN,60,20240725,140000,3.54,3.54,3.54,3.54,28,0
LEN,60,20240725,160000,3.54,3.54,3.54,3.54,100,0
LEN,60,20240725,170000,3.54,3.55,3.54,3.55,20,0
LEN,60,20240726,100000,3.6,3.6,3.57,3.57,654,0
LEN,60,20240726,140000,3.54,3.54,3.54,3.54,300,0
LEN,60,20240729,100000,3.63,3.63,3.63,3.63,579,0
LEN,60,20240729,140000,3.54,3.54,3.54,3.54,3,0
LEN,60,20240730,100000,3.62,3.62,3.62,3.62,2,0
LEN,60,20240730,110000,3.55,3.55,3.54,3.54,789,0
LEN,60,20240730,120000,3.54,3.54,3.54,3.54,299,0
LEN,60,20240730,130000,3.54,3.54,3.54,3.54,143,0
LEN,60,20240730,170000,3.54,3.54,3.54,3.54,3,0
LEN,60,20240731,100000,3.57,3.6,3.57,3.59,1364,0
LEN,60,20240731,130000,3.57,3.57,3.57,3.57,26,0
LEN,60,20240731,140000,3.55,3.57,3.55,3.57,740,0
LEN,60,20240731,150000,3.55,3.55,3.55,3.55,12,0
LEN,60,20240731,160000,3.57,3.6,3.56,3.6,7112,0
LEN,60,20240801,100000,3.6,3.6,3.55,3.55,1272,0
LEN,60,20240801,110000,3.6,3.6,3.6,3.6,35,0
LEN,60,20240801,170000,3.6,3.6,3.6,3.6,100,0
LEN,60,20240802,100000,3.6,3.6,3.6,3.6,905,0
LEN,60,20240802,110000,3.6,3.6,3.6,3.6,81,0
LEN,60,20240802,120000,3.6,3.6,3.6,3.6,80,0
LEN,60,20240805,100000,3.6,3.6,3.55,3.55,3238,0
LEN,60,20240805,110000,3.55,3.55,3.55,3.55,40,0
LEN,60,20240805,130000,3.53,3.53,3.53,3.53,533,0
LEN,60,20240805,140000,3.55,3.55,3.55,3.55,33,0
LEN,60,20240805,150000,3.54,3.54,3.51,3.51,3145,0
LEN,60,20240805,160000,3.54,3.54,3.5,3.54,1557,0
LEN,60,20240805,170000,3.54,3.54,3.54,3.54,138,0
LEN,60,20240806,100000,3.57,3.6,3.5,3.54,2113,0
LEN,60,20240806,120000,3.54,3.54,3.54,3.54,2439,0
LEN,60,20240806,130000,3.51,3.53,3.5,3.53,2962,0
LEN,60,20240806,160000,3.53,3.53,3.53,3.53,3,0
LEN,60,20240807,100000,3.5,3.5,3.25,3.35,12104,0
LEN,60,20240807,110000,3.37,3.38,3.31,3.36,1206,0
LEN,60,20240807,120000,3.32,3.36,3.27,3.36,4026,0
LEN,60,20240807,130000,3.31,3.36,3.31,3.36,311,0
LEN,60,20240807,140000,3.33,3.35,3.28,3.35,7446,0
LEN,60,20240807,150000,3.35,3.36,3.28,3.35,4546,0
LEN,60,20240807,160000,3.32,3.32,3.32,3.32,146,0
LEN,60,20240807,170000,3.32,3.32,3.23,3.26,4914,0
LEN,60,20240808,100000,3.25,3.26,3.2,3.26,9592,0
LEN,60,20240808,110000,3.25,3.25,3.25,3.25,863,0
LEN,60,20240808,120000,3.22,3.22,3.11,3.21,14838,0
LEN,60,20240808,130000,3.21,3.21,3.14,3.14,2338,0
LEN,60,20240808,140000,3.13,3.2,3.1,3.2,3844,0
LEN,60,20240808,150000,3.19,3.2,3.19,3.2,750,0
LEN,60,20240808,160000,3.2,3.2,3.15,3.15,153,0
LEN,60,20240808,170000,3.18,3.18,3.13,3.13,287,0
LEN,60,20240809,100000,3.13,3.2,3.13,3.2,2420,0
LEN,60,20240809,110000,3.16,3.2,3.16,3.2,5702,0
LEN,60,20240809,120000,3.19,3.19,3.19,3.19,500,0
LEN,60,20240809,130000,3.19,3.2,3.19,3.2,3086,0
LEN,60,20240809,140000,3.2,3.2,3.2,3.2,103,0
LEN,60,20240809,150000,3.2,3.2,3.2,3.2,320,0
LEN,60,20240809,160000,3.2,3.2,3.16,3.19,1524,0
LEN,60,20240809,170000,3.19,3.19,3.19,3.19,15,0
LEN,60,20240812,100000,3.12,3.19,3.12,3.19,2135,0
LEN,60,20240812,110000,3.17,3.17,3.17,3.17,331,0
LEN,60,20240812,120000,3.17,3.17,3.15,3.15,362,0
LEN,60,20240812,130000,3.16,3.17,3.15,3.17,3468,0
LEN,60,20240812,140000,3.17,3.18,3.17,3.18,444,0
LEN,60,20240812,150000,3.18,3.19,3.18,3.19,1776,0
LEN,60,20240812,160000,3.19,3.19,3.17,3.18,3141,0
LEN,60,20240812,170000,3.18,3.19,3.18,3.19,3413,0
LEN,60,20240813,100000,3.2,3.2,3.2,3.2,2525,0
LEN,60,20240813,110000,3.19,3.19,3.19,3.19,474,0
LEN,60,20240813,120000,3.19,3.2,3.19,3.2,1039,0
LEN,60,20240813,130000,3.2,3.2,3.18,3.18,2261,0
LEN,60,20240813,140000,3.18,3.18,3.18,3.18,157,0
LEN,60,20240813,150000,3.19,3.19,3.19,3.19,326,0
LEN,60,20240813,160000,3.18,3.18,3.18,3.18,984,0
LEN,60,20240813,170000,3.19,3.19,3.19,3.19,59,0
LEN,60,20240814,100000,3.19,3.19,3.19,3.19,80,0
LEN,60,20240814,110000,3.19,3.19,3.19,3.19,12,0
LEN,60,20240814,120000,3.19,3.19,3.19,3.19,213,0
LEN,60,20240814,130000,3.19,3.19,3.19,3.19,5,0
LEN,60,20240814,140000,3.19,3.19,3.19,3.19,170,0
LEN,60,20240814,160000,3.18,3.18,3.18,3.18,5,0
LEN,60,20240814,170000,3.18,3.18,3.14,3.18,3010,0
LEN,60,20240816,100000,3.18,3.18,3.18,3.18,37,0
LEN,60,20240816,110000,3.18,3.18,3.18,3.18,9,0
LEN,60,20240816,120000,3.18,3.19,3.18,3.19,2057,0
LEN,60,20240816,130000,3.19,3.19,3.19,3.19,5,0
LEN,60,20240816,150000,3.19,3.19,3.19,3.19,8,0
LEN,60,20240816,160000,3.19,3.21,3.19,3.2,4283,0
LEN,60,20240816,170000,3.15,3.15,3.15,3.15,600,0
LEN,60,20240819,100000,3.21,3.22,3.21,3.21,1967,0
LEN,60,20240819,110000,3.22,3.22,3.22,3.22,600,0
LEN,60,20240819,120000,3.22,3.22,3.22,3.22,261,0
LEN,60,20240819,130000,3.22,3.22,3.22,3.22,519,0
LEN,60,20240819,140000,3.22,3.22,3.22,3.22,16,0
LEN,60,20240819,150000,3.23,3.23,3.23,3.23,20,0
LEN,60,20240819,160000,3.23,3.23,3.18,3.18,1755,0
LEN,60,20240820,100000,3.22,3.22,3.22,3.22,135,0
LEN,60,20240820,120000,3.16,3.21,3.16,3.21,1025,0
LEN,60,20240820,140000,3.15,3.19,3.15,3.19,1710,0
LEN,60,20240820,150000,3.19,3.19,3.19,3.19,206,0
LEN,60,20240820,170000,3.19,3.21,3.19,3.21,1525,0
LEN,60,20240821,100000,3.22,3.22,3.16,3.16,14,0
LEN,60,20240821,110000,3.22,3.22,3.22,3.22,5,0
LEN,60,20240821,120000,3.22,3.22,3.16,3.16,11,0
LEN,60,20240821,130000,3.22,3.22,3.16,3.16,552,0
LEN,60,20240821,140000,3.22,3.22,3.22,3.22,1025,0
LEN,60,20240821,150000,3.22,3.22,3.22,3.22,5,0
LEN,60,20240821,160000,3.22,3.22,3.22,3.22,472,0
LEN,60,20240821,170000,3.21,3.21,3.21,3.21,4,0
LEN,60,20240822,100000,3.21,3.21,3.15,3.15,1581,0
LEN,60,20240822,110000,3.2,3.2,3.2,3.2,479,0
LEN,60,20240822,120000,3.2,3.2,3.2,3.2,517,0
LEN,60,20240822,140000,3.2,3.2,3.2,3.2,15,0
LEN,60,20240822,160000,3.2,3.2,3.2,3.2,219,0
LEN,60,20240822,170000,3.21,3.21,3.17,3.17,816,0
LEN,60,20240823,100000,3.17,3.17,3.15,3.16,514,0
LEN,60,20240823,110000,3.16,3.16,3.16,3.16,407,0
LEN,60,20240823,120000,3.16,3.16,3.16,3.16,150,0
LEN,60,20240823,140000,3.16,3.16,3.16,3.16,274,0
LEN,60,20240823,150000,3.16,3.16,3.16,3.16,4,0
LEN,60,20240823,160000,3.16,3.16,3.15,3.15,1025,0
LEN,60,20240823,170000,3.16,3.16,3.16,3.16,70,0
LEN,60,20240826,100000,3.17,3.17,3.15,3.15,130,0
LEN,60,20240826,110000,3.15,3.15,3.12,3.12,7000,0
LEN,60,20240826,120000,3.13,3.17,3.12,3.17,484,0
LEN,60,20240826,130000,3.14,3.14,3.14,3.14,1500,0
LEN,60,20240826,170000,3.13,3.13,3.13,3.13,1000,0
LEN,60,20240827,100000,3.13,3.15,3.13,3.15,844,0
LEN,60,20240827,120000,3.15,3.15,3.15,3.15,217,0
LEN,60,20240827,130000,3.15,3.17,3.12,3.17,2436,0
LEN,60,20240827,150000,3.17,3.18,3.17,3.18,1450,0
LEN,60,20240827,160000,3.18,3.18,3.18,3.18,125,0
LEN,60,20240827,170000,3.18,3.18,3.18,3.18,78,0
LEN,60,20240828,100000,3.18,3.18,3.18,3.18,51,0
LEN,60,20240828,120000,3.18,3.18,3.18,3.18,261,0
LEN,60,20240828,130000,3.19,3.19,3.19,3.19,585,0
LEN,60,20240828,140000,3.18,3.18,3.16,3.16,99,0
LEN,60,20240828,150000,3.18,3.18,3.18,3.18,24,0
LEN,60,20240828,160000,3.18,3.18,3.18,3.18,4,0
LEN,60,20240828,170000,3.17,3.17,3.17,3.17,15,0
LEN,60,20240829,100000,3.18,3.2,3.18,3.2,804,0
LEN,60,20240829,140000,3.2,3.2,3.2,3.2,153,0
LEN,60,20240829,150000,3.2,3.23,3.2,3.23,3176,0
LEN,60,20240829,170000,3.21,3.21,3.21,3.21,139,0
LEN,60,20240830,100000,3.21,3.22,3.15,3.22,3076,0
LEN,60,20240830,110000,3.22,3.24,3.13,3.23,3847,0
LEN,60,20240830,120000,3.23,3.23,3.23,3.23,50,0
LEN,60,20240830,140000,3.22,3.22,3.22,3.22,10,0
LEN,60,20240830,150000,3.23,3.24,3.23,3.24,405,0
LEN,60,20240830,170000,3.24,3.24,3.22,3.22,1503,0
LEN,60,20240902,100000,3.22,3.22,3.18,3.18,735,0
LEN,60,20240902,110000,3.16,3.22,3.16,3.22,251,0
LEN,60,20240902,130000,3.22,3.23,3.22,3.23,25,0
LEN,60,20240902,140000,3.23,3.23,3.23,3.23,100,0
LEN,60,20240902,150000,3.23,3.23,3.23,3.23,112,0
LEN,60,20240902,160000,3.24,3.24,3.24,3.24,1384,0
LEN,60,20240902,170000,3.24,3.24,3.24,3.24,316,0
LEN,60,20240903,100000,3.24,3.24,3.24,3.24,126,0
LEN,60,20240903,110000,3.24,3.24,3.24,3.24,250,0
LEN,60,20240903,120000,3.18,3.18,3.18,3.18,7,0
LEN,60,20240903,160000,3.23,3.23,3.23,3.23,15,0
LEN,60,20240903,170000,3.2,3.2,3.2,3.2,16,0
LEN,60,20240904,100000,3.25,3.25,3.25,3.25,1381,0
LEN,60,20240904,120000,3.25,3.25,3.25,3.25,361,0
LEN,60,20240904,130000,3.2,3.2,3.18,3.18,420,0
LEN,60,20240904,140000,3.18,3.19,3.18,3.19,1211,0
LEN,60,20240904,160000,3.18,3.18,3.18,3.18,1118,0
LEN,60,20240904,170000,3.18,3.18,3.18,3.18,987,0
LEN,60,20240905,100000,3.24,3.24,3.24,3.24,25,0
LEN,60,20240905,110000,3.24,3.24,3.24,3.24,5,0
LEN,60,20240905,120000,3.24,3.24,3.24,3.24,4,0
LEN,60,20240905,130000,3.19,3.19,3.19,3.19,90,0
LEN,60,20240905,140000,3.24,3.24,3.24,3.24,71,0
LEN,60,20240905,160000,3.24,3.24,3.24,3.24,16,0
LEN,60,20240906,100000,3.24,3.24,3.24,3.24,484,0
LEN,60,20240906,110000,3.29,3.29,3.24,3.24,55,0
LEN,60,20240906,120000,3.24,3.24,3.24,3.24,114,0
LEN,60,20240906,140000,3.24,3.24,3.24,3.24,15,0
LEN,60,20240909,100000,3.24,3.24,3.24,3.24,627,0
LEN,60,20240909,150000,3.24,3.24,3.24,3.24,4,0
LEN,60,20240909,170000,3.27,3.3,3.27,3.3,630,0
LEN,60,20240910,100000,3.4,3.4,3.33,3.33,1681,0
LEN,60,20240910,110000,3.3,3.3,3.28,3.28,51,0
LEN,60,20240910,130000,3.28,3.28,3.28,3.28,30,0
LEN,60,20240910,170000,3.3,3.3,3.3,3.3,454,0
LEN,60,20240911,100000,3.38,3.38,3.38,3.38,545,0
LEN,60,20240911,110000,3.3,3.3,3.29,3.29,437,0
LEN,60,20240911,120000,3.29,3.29,3.28,3.28,88,0
LEN,60,20240911,130000,3.28,3.28,3.28,3.28,378,0
LEN,60,20240911,140000,3.28,3.28,3.28,3.28,31,0
LEN,60,20240911,150000,3.2,3.2,3.2,3.2,525,0
LEN,60,20240911,160000,3.28,3.28,3.28,3.28,230,0
LEN,60,20240912,100000,3.42,3.42,3.2,3.2,1166,0
LEN,60,20240912,120000,3.3,3.3,3.29,3.29,405,0
LEN,60,20240912,170000,3.3,3.4,3.3,3.4,120,0
LEN,60,20240913,100000,3.4,3.4,3.4,3.4,26,0
LEN,60,20240913,130000,3.29,3.29,3.29,3.29,319,0
LEN,60,20240913,150000,3.37,3.37,3.37,3.37,450,0
LEN,60,20240913,160000,3.29,3.29,3.28,3.28,200,0
LEN,60,20240916,100000,3.28,3.28,3.28,3.28,2,0
LEN,60,20240916,160000,3.28,3.28,3.24,3.24,3769,0
LEN,60,20240917,100000,3.34,3.34,3.34,3.34,2,0
LEN,60,20240917,120000,3.28,3.28,3.28,3.28,614,0
LEN,60,20240917,150000,3.26,3.26,3.25,3.25,500,0
LEN,60,20240917,160000,3.25,3.25,3.25,3.25,257,0
LEN,60,20240917,170000,3.25,3.25,3.25,3.25,7,0
LEN,60,20240918,100000,3.38,3.38,3.38,3.38,800,0
LEN,60,20240918,120000,3.38,3.38,3.38,3.38,590,0
LEN,60,20240918,140000,3.37,3.37,3.37,3.37,20,0
LEN,60,20240918,160000,3.3,3.3,3.3,3.3,31,0
LEN,60,20240919,100000,3.3,3.3,3.29,3.3,99,0
LEN,60,20240919,110000,3.34,3.35,3.34,3.35,523,0
LEN,60,20240919,130000,3.29,3.29,3.28,3.28,200,0
LEN,60,20240919,150000,3.32,3.32,3.32,3.32,100,0
LEN,60,20240919,160000,3.28,3.28,3.28,3.28,1570,0
LEN,60,20240920,100000,3.33,3.33,3.27,3.27,281,0
LEN,60,20240920,130000,3.25,3.31,3.25,3.31,206,0
LEN,60,20240920,140000,3.31,3.31,3.31,3.31,270,0
LEN,60,20240920,150000,3.25,3.26,3.25,3.25,1640,0
LEN,60,20240923,100000,3.3,3.3,3.3,3.3,49,0
LEN,60,20240923,110000,3.31,3.32,3.26,3.26,1142,0
LEN,60,20240923,130000,3.31,3.31,3.31,3.31,31,0
LEN,60,20240923,140000,3.31,3.31,3.31,3.31,50,0
LEN,60,20240923,150000,3.31,3.31,3.31,3.31,302,0
LEN,60,20240924,100000,3.2,3.2,3.2,3.2,1000,0
LEN,60,20240924,110000,3.23,3.23,3.22,3.23,195,0
LEN,60,20240924,120000,3.23,3.23,3.23,3.23,2889,0
LEN,60,20240925,100000,3.25,3.25,3.2,3.2,1303,0
LEN,60,20240925,110000,3.22,3.22,3.22,3.22,8,0
LEN,60,20240925,120000,3.22,3.22,3.21,3.21,344,0
LEN,60,20240925,130000,3.21,3.21,3.18,3.2,2075,0
LEN,60,20240925,140000,3.2,3.2,3.19,3.19,1000,0
LEN,60,20240925,150000,3.22,3.22,3.22,3.22,82,0
LEN,60,20240925,170000,3.22,3.22,3.22,3.22,400,0
LEN,60,20240926,100000,3.2,3.2,3.2,3.2,115,0
LEN,60,20240926,110000,3.19,3.19,3.18,3.19,1406,0
LEN,60,20240926,140000,3.2,3.2,3.2,3.2,23,0
LEN,60,20240926,150000,3.2,3.2,3.2,3.2,10,0
LEN,60,20240926,160000,3.2,3.2,3.2,3.2,452,0
LEN,60,20240926,170000,3.22,3.22,3.22,3.22,10,0
LEN,60,20240927,100000,3.25,3.25,3.25,3.25,38,0
LEN,60,20240927,110000,3.25,3.27,3.25,3.27,1012,0
LEN,60,20240927,130000,3.27,3.27,3.22,3.22,143,0
LEN,60,20240927,170000,3.27,3.27,3.27,3.27,397,0
LEN,60,20240930,100000,3.29,3.29,3.29,3.29,59,0
LEN,60,20240930,110000,3.29,3.29,3.27,3.29,818,0
LEN,60,20240930,120000,3.23,3.23,3.21,3.21,432,0
LEN,60,20240930,130000,3.27,3.27,3.27,3.27,100,0
LEN,60,20240930,160000,3.27,3.27,3.27,3.27,398,0
LEN,60,20241001,100000,3.27,3.27,3.27,3.27,209,0
LEN,60,20241001,130000,3.27,3.29,3.27,3.29,1529,0
LEN,60,20241001,140000,3.3,3.3,3.3,3.3,11,0
LEN,60,20241002,100000,3.21,3.26,3.21,3.26,10,0
LEN,60,20241002,110000,3.24,3.24,3.2,3.2,3086,0
LEN,60,20241002,120000,3.2,3.2,3.2,3.2,300,0
LEN,60,20241002,130000,3.21,3.21,3.19,3.19,1016,0
LEN,60,20241002,150000,3.18,3.18,3.18,3.18,873,0
LEN,60,20241002,160000,3.18,3.18,3.18,3.18,4,0
LEN,60,20241003,100000,3.07,3.16,3.07,3.13,7747,0
LEN,60,20241003,110000,3.11,3.13,3.11,3.11,16,0
LEN,60,20241003,120000,3.11,3.13,3.11,3.13,16,0
LEN,60,20241003,130000,3.13,3.13,2.83,3.05,25423,0
LEN,60,20241003,140000,3.05,3.08,3.05,3.08,8968,0
LEN,60,20241003,150000,3.08,3.13,3.08,3.13,5308,0
LEN,60,20241003,160000,3.01,3.15,3,3.15,1252,0
LEN,60,20241003,170000,3.15,3.16,3.15,3.16,870,0
LEN,60,20241004,100000,3.16,3.16,3.16,3.16,125,0
LEN,60,20241004,120000,3.16,3.16,3.14,3.16,173,0
LEN,60,20241004,140000,3.15,3.15,3.15,3.15,40,0
LEN,60,20241004,150000,3.15,3.16,3.15,3.16,420,0
LEN,60,20241004,160000,3.14,3.14,3.07,3.07,1494,0
LEN,60,20241004,170000,3.07,3.07,3.07,3.07,359,0
LEN,60,20241007,100000,3.07,3.1,3.01,3.1,1505,0
LEN,60,20241007,110000,3.06,3.1,3.06,3.1,394,0
LEN,60,20241007,130000,3.1,3.1,3.1,3.1,400,0
LEN,60,20241007,150000,3.06,3.06,3.06,3.06,99,0
LEN,60,20241007,160000,3.06,3.09,3.05,3.09,796,0
LEN,60,20241007,170000,3.09,3.13,3.09,3.13,1719,0
LEN,60,20241008,100000,3.18,3.18,3.18,3.18,3000,0
LEN,60,20241008,110000,3.12,3.12,3.12,3.12,5,0
LEN,60,20241008,120000,3.17,3.17,3.17,3.17,4,0
LEN,60,20241008,130000,3.17,3.17,3.17,3.17,560,0
LEN,60,20241008,140000,3.15,3.15,3.15,3.15,886,0
LEN,60,20241008,150000,3.13,3.15,3.13,3.15,402,0
LEN,60,20241008,160000,3.16,3.16,3.16,3.16,4,0
LEN,60,20241008,170000,3.15,3.15,3.13,3.13,519,0
LEN,60,20241009,100000,3.13,3.13,3.13,3.13,277,0
LEN,60,20241009,110000,3.13,3.13,3.13,3.13,516,0
LEN,60,20241009,120000,3.13,3.13,3.13,3.13,160,0
LEN,60,20241009,130000,3.11,3.11,3.05,3.1,4116,0
LEN,60,20241009,140000,3.1,3.13,3.1,3.13,2126,0
LEN,60,20241009,150000,3.11,3.11,3.11,3.11,350,0
LEN,60,20241009,160000,3.12,3.12,3.12,3.12,30,0
LEN,60,20241009,170000,3.12,3.12,3.12,3.12,66,0
LEN,60,20241010,100000,3.15,3.16,3.12,3.16,706,0
LEN,60,20241010,110000,3.15,3.15,3.15,3.15,535,0
LEN,60,20241010,120000,3.15,3.15,3.15,3.15,1000,0
LEN,60,20241010,140000,3.14,3.14,3.14,3.14,5,0
LEN,60,20241010,150000,3.14,3.14,3.14,3.14,495,0
LEN,60,20241010,170000,3.14,3.14,3.12,3.12,1500,0
LEN,60,20241011,100000,3.15,3.15,3.12,3.12,202,0
LEN,60,20241011,110000,3.12,3.12,3.1,3.1,613,0
LEN,60,20241011,130000,3.09,3.09,3.06,3.06,386,0
LEN,60,20241011,150000,3.13,3.13,3.13,3.13,61,0
LEN,60,20241011,170000,3.06,3.06,3.06,3.06,1000,0
LEN,60,20241014,100000,3.04,3.12,3.04,3.11,1105,0
LEN,60,20241014,150000,3.1,3.1,3.1,3.1,12,0
LEN,60,20241014,160000,3.1,3.11,3.1,3.11,457,0
LEN,60,20241014,170000,3.11,3.12,3.1,3.12,1866,0
LEN,60,20241015,100000,3.14,3.14,3.13,3.13,747,0
LEN,60,20241015,110000,3.13,3.13,3.13,3.13,600,0
LEN,60,20241015,120000,3.14,3.14,3.14,3.14,500,0
LEN,60,20241015,130000,3.14,3.14,3.14,3.14,67,0
LEN,60,20241015,160000,3.13,3.13,3.1,3.1,85,0
LEN,60,20241015,170000,3.14,3.14,3.08,3.08,54,0
LEN,60,20241016,100000,3.05,3.11,3.05,3.06,1014,0
LEN,60,20241016,110000,3.06,3.06,3.05,3.05,800,0
LEN,60,20241016,130000,3.06,3.06,3.06,3.06,4,0
LEN,60,20241016,140000,3.06,3.06,3.05,3.05,663,0
LEN,60,20241016,150000,3.06,3.06,3.06,3.06,1973,0
LEN,60,20241016,160000,3.06,3.06,3.06,3.06,1968,0
LEN,60,20241016,170000,3.06,3.06,3.05,3.05,662,0
LEN,60,20241017,100000,3.06,3.06,3.02,3.06,3642,0
LEN,60,20241017,110000,3.06,3.06,3.06,3.06,237,0
LEN,60,20241017,140000,3.06,3.06,3.06,3.06,326,0
LEN,60,20241017,150000,3.06,3.06,3.06,3.06,1503,0
LEN,60,20241017,160000,3.06,3.06,3.06,3.06,400,0
LEN,60,20241017,170000,3.06,3.06,3.06,3.06,3770,0
LEN,60,20241018,100000,3.06,3.06,3.06,3.06,447,0
LEN,60,20241018,110000,3.06,3.06,3.06,3.06,900,0
LEN,60,20241018,120000,3.06,3.06,3.06,3.06,528,0
LEN,60,20241018,170000,3.07,3.07,3.07,3.07,200,0
LEN,60,20241021,100000,3.08,3.08,3.07,3.07,504,0
LEN,60,20241021,130000,3.1,3.1,3.1,3.1,1135,0
LEN,60,20241021,140000,3.07,3.07,3.07,3.07,119,0
LEN,60,20241021,160000,3.08,3.08,3.08,3.08,10,0
LEN,60,20241022,100000,3.08,3.11,3.08,3.11,3275,0
LEN,60,20241022,120000,3.1,3.1,3.1,3.1,5,0
LEN,60,20241022,130000,3.1,3.1,3.1,3.1,15,0
LEN,60,20241022,160000,3.1,3.1,3.1,3.1,1300,0
LEN,60,20241022,170000,3.1,3.1,3.07,3.07,750,0
LEN,60,20241023,100000,3.1,3.11,3.1,3.1,610,0
LEN,60,20241023,110000,3.1,3.1,3.1,3.1,17,0
LEN,60,20241023,120000,3.1,3.1,3.1,3.1,10,0
LEN,60,20241023,130000,3.07,3.07,3.07,3.07,312,0
LEN,60,20241023,140000,3.06,3.06,3.06,3.06,250,0
LEN,60,20241023,160000,3.06,3.06,3.05,3.05,320,0
LEN,60,20241023,170000,3.07,3.07,3.05,3.05,305,0
LEN,60,20241024,100000,3.07,3.07,3.07,3.07,8,0
LEN,60,20241024,110000,3.04,3.07,3.04,3.07,43,0
LEN,60,20241024,120000,3.07,3.07,3.07,3.07,5,0
LEN,60,20241024,130000,3.07,3.07,3.07,3.07,11,0
LEN,60,20241024,140000,3.04,3.06,2.99,2.99,20255,0
LEN,60,20241024,150000,2.97,2.97,2.92,2.94,13844,0
LEN,60,20241024,160000,2.98,2.98,2.98,2.98,20,0
LEN,60,20241024,170000,2.98,2.98,2.98,2.98,405,0
LEN,60,20241025,100000,2.98,2.98,2.98,2.98,748,0
LEN,60,20241025,110000,3.04,3.04,3.04,3.04,60,0
LEN,60,20241025,130000,3.04,3.04,3.04,3.04,5,0
LEN,60,20241025,170000,3,3,2.98,2.98,700,0
LEN,60,20241028,100000,2.92,2.98,2.92,2.98,1708,0
LEN,60,20241028,120000,2.99,2.99,2.99,2.99,640,0
LEN,60,20241028,140000,3,3.03,3,3.03,1150,0
LEN,60,20241028,150000,3.04,3.04,3.04,3.04,17,0
LEN,60,20241028,160000,3.03,3.03,3.03,3.03,1185,0
LEN,60,20241029,100000,3.03,3.03,3.03,3.03,2,0
LEN,60,20241029,110000,3.03,3.03,3.03,3.03,5,0
LEN,60,20241029,130000,3.01,3.01,3.01,3.01,165,0
LEN,60,20241029,140000,3,3,3,3,430,0
LEN,60,20241029,150000,3,3.01,3,3.01,118,0
LEN,60,20241029,160000,3.01,3.01,3,3,2488,0
LEN,60,20241029,170000,3.01,3.01,3.01,3.01,333,0
LEN,60,20241030,100000,3,3.02,3,3.02,918,0
LEN,60,20241030,120000,3,3,3,3,110,0
LEN,60,20241030,130000,3.02,3.02,3,3,5941,0
LEN,60,20241030,160000,3.02,3.02,3.02,3.02,574,0
LEN,60,20241030,170000,3.03,3.03,3.03,3.03,5,0
LEN,60,20241031,100000,3.03,3.03,3.02,3.02,136,0
LEN,60,20241031,110000,3.01,3.02,2.98,3.02,2004,0
LEN,60,20241031,120000,3.01,3.02,3,3.02,1504,0
LEN,60,20241031,130000,3.02,3.02,3.02,3.02,12,0
LEN,60,20241031,150000,3.02,3.02,3.02,3.02,753,0
LEN,60,20241031,160000,3.03,3.03,3.03,3.03,100,0
LEN,60,20241031,170000,3.03,3.03,3.03,3.03,38,0
LEN,60,20241104,100000,3.03,3.03,2.99,2.99,2340,0
LEN,60,20241104,110000,3.01,3.03,3.01,3.03,274,0
LEN,60,20241104,120000,3.03,3.03,3.03,3.03,4,0
LEN,60,20241104,130000,3.03,3.03,3.03,3.03,175,0
LEN,60,20241104,150000,3,3,2.98,2.98,843,0
LEN,60,20241104,170000,2.99,3,2.99,3,834,0
LEN,60,20241105,100000,2.99,3,2.98,3,624,0
LEN,60,20241105,110000,3,3,3,3,412,0
LEN,60,20241105,150000,3,3,3,3,500,0
LEN,60,20241106,100000,3,3,2.98,2.98,627,0
LEN,60,20241106,110000,3,3.03,2.98,2.98,1324,0
LEN,60,20241106,120000,3,3,2.98,2.98,159,0
LEN,60,20241106,130000,3,3,3,3,33,0
LEN,60,20241106,140000,3,3,3,3,95,0
LEN,60,20241106,150000,3,3,3,3,10,0
LEN,60,20241107,100000,3,3,3,3,40,0
LEN,60,20241107,110000,3,3,3,3,10,0
LEN,60,20241107,120000,3,3,3,3,38,0
LEN,60,20241107,140000,3,3,3,3,18,0
LEN,60,20241107,160000,3,3,2.99,2.99,205,0
LEN,60,20241107,170000,3,3,2.95,2.95,2076,0
LEN,60,20241108,100000,2.95,3.03,2.95,3.03,6,0
LEN,60,20241108,110000,2.95,3,2.95,3,785,0
LEN,60,20241108,120000,3,3,3,3,401,0
LEN,60,20241108,130000,3.02,3.02,3.02,3.02,4,0
LEN,60,20241108,150000,3.02,3.02,3.02,3.02,5,0
LEN,60,20241108,160000,3.02,3.02,3,3,660,0
LEN,60,20241108,170000,3.02,3.03,3,3,171,0
LEN,60,20241112,100000,3.02,3.02,3,3.02,680,0
LEN,60,20241112,110000,3.02,3.05,3.01,3.04,12809,0
LEN,60,20241112,120000,3.01,3.01,3.01,3.01,1000,0
LEN,60,20241112,130000,3.05,3.05,3.05,3.05,320,0
LEN,60,20241112,140000,3.07,3.07,3.07,3.07,1406,0
LEN,60,20241112,160000,3.06,3.07,3.06,3.07,1991,0
LEN,60,20241112,170000,3.09,3.09,3.09,3.09,2358,0
LEN,60,20241113,100000,3.09,3.09,3.03,3.09,1860,0
LEN,60,20241113,110000,3.07,3.07,3.07,3.07,762,0
LEN,60,20241113,120000,3.04,3.04,3.03,3.03,317,0
LEN,60,20241113,150000,3.05,3.09,3.05,3.09,10,0
LEN,60,20241113,160000,3.09,3.09,3.09,3.09,17,0
LEN,60,20241114,100000,3.1,3.1,3.1,3.1,615,0
LEN,60,20241114,130000,3.03,3.09,3.03,3.03,112,0
LEN,60,20241114,140000,3.09,3.09,3.09,3.09,107,0
LEN,60,20241114,150000,3.03,3.03,3.03,3.03,280,0
LEN,60,20241114,160000,3.09,3.09,3.09,3.09,12,0
LEN,60,20241114,170000,3.09,3.09,3.09,3.09,1894,0
LEN,60,20241115,100000,3.09,3.09,3.09,3.09,400,0
LEN,60,20241115,110000,3.1,3.1,3.1,3.1,197,0
LEN,60,20241115,120000,3.1,3.12,3.1,3.12,11193,0
LEN,60,20241115,130000,3.12,3.16,3.09,3.12,5426,0
LEN,60,20241115,140000,3.17,3.18,3.13,3.13,1806,0
LEN,60,20241115,150000,3.19,3.2,3.14,3.14,642,0
LEN,60,20241115,160000,3.2,3.2,3.2,3.2,20,0
LEN,60,20241115,170000,3.17,3.17,3.17,3.17,2303,0
LEN,60,20241118,100000,3.19,3.24,3.18,3.18,961,0
LEN,60,20241118,110000,3.24,3.24,3.2,3.24,5103,0
LEN,60,20241118,120000,3.25,3.26,3.24,3.24,1817,0
LEN,60,20241118,130000,3.24,3.3,3.24,3.24,10330,0
LEN,60,20241118,140000,3.25,3.25,3.25,3.25,60,0
LEN,60,20241118,150000,3.28,3.29,3.26,3.29,2660,0
LEN,60,20241118,160000,3.29,3.29,3.29,3.29,152,0
LEN,60,20241118,170000,3.29,3.29,3.29,3.29,5,0
LEN,60,20241119,100000,3.31,3.31,3.31,3.31,685,0
LEN,60,20241119,110000,3.26,3.26,3.24,3.24,1929,0
LEN,60,20241119,120000,3.22,3.22,3.21,3.21,78,0
LEN,60,20241119,130000,3.21,3.25,3.21,3.25,991,0
LEN,60,20241119,170000,3.21,3.21,3.21,3.21,1000,0
LEN,60,20241120,100000,3.25,3.25,3.25,3.25,2,0
LEN,60,20241120,110000,3.2,3.2,3.1,3.1,2508,0
LEN,60,20241120,120000,3.16,3.16,3.08,3.08,321,0
LEN,60,20241120,130000,3.06,3.14,3.06,3.14,720,0
LEN,60,20241120,140000,3.09,3.09,3.09,3.09,41,0
LEN,60,20241120,150000,3.09,3.1,3.09,3.1,727,0
LEN,60,20241120,160000,3.1,3.1,3.05,3.05,262,0
LEN,60,20241120,170000,3.09,3.1,3.09,3.1,1479,0
LEN,60,20241121,100000,3.1,3.1,3.05,3.05,1718,0
LEN,60,20241121,110000,3.09,3.12,3.09,3.12,15,0
LEN,60,20241121,160000,3.13,3.13,3.13,3.13,27,0
LEN,60,20241122,100000,3.14,3.15,3.08,3.15,2062,0
LEN,60,20241122,110000,3.09,3.11,3.07,3.11,1731,0
LEN,60,20241122,120000,3.11,3.11,3.11,3.11,649,0
LEN,60,20241122,130000,3.14,3.14,3.11,3.13,358,0
LEN,60,20241122,140000,3.13,3.15,3.11,3.15,872,0
LEN,60,20241122,150000,3.11,3.11,3.11,3.11,15,0
LEN,60,20241122,170000,3.06,3.06,3.05,3.05,190,0
LEN,60,20241125,100000,3.07,3.07,3.07,3.07,2,0
LEN,60,20241125,110000,3.06,3.06,3.06,3.06,12,0
LEN,60,20241125,120000,3.06,3.06,3.06,3.06,228,0
LEN,60,20241125,130000,3.07,3.07,3.07,3.07,869,0
LEN,60,20241125,140000,3.07,3.07,3.07,3.07,163,0
LEN,60,20241125,150000,3.06,3.07,3.05,3.07,222,0
LEN,60,20241125,160000,3.05,3.05,3.04,3.04,690,0
LEN,60,20241125,170000,3.04,3.04,3.03,3.03,1003,0
LEN,60,20241126,100000,3.03,3.05,3.03,3.05,186,0
LEN,60,20241126,120000,3.03,3.03,3.03,3.03,4,0
LEN,60,20241126,130000,3.02,3.02,2.98,2.98,2600,0
LEN,60,20241126,140000,3.02,3.02,3.02,3.02,500,0
LEN,60,20241126,150000,3.02,3.02,3,3,332,0
LEN,60,20241126,160000,3,3,3,3,1348,0
LEN,60,20241126,170000,3,3,3,3,410,0
LEN,60,20241127,100000,3.02,3.02,3,3,37,0
LEN,60,20241127,110000,3,3,3,3,10,0
LEN,60,20241127,120000,3,3.02,3,3.02,37,0
LEN,60,20241128,100000,3.05,3.05,3.05,3.05,2,0
LEN,60,20241128,110000,3.05,3.05,3.05,3.05,400,0
LEN,60,20241128,120000,3.05,3.05,3.05,3.05,700,0
LEN,60,20241128,130000,3.03,3.03,3,3,813,0
LEN,60,20241128,140000,3,3,3,3,700,0
LEN,60,20241128,160000,3.03,3.07,3.01,3.01,1690,0
LEN,60,20241128,170000,3.01,3.01,3,3,871,0
LEN,60,20241129,100000,3.03,3.03,3.03,3.03,2,0
LEN,60,20241129,110000,3.03,3.04,3.03,3.04,31,0
LEN,60,20241129,120000,3.02,3.03,3.02,3.03,288,0
LEN,60,20241129,130000,3.04,3.04,3.02,3.04,2404,0
LEN,60,20241129,140000,3.02,3.02,3.02,3.02,300,0
LEN,60,20241129,150000,3.04,3.07,3.04,3.07,58,0
LEN,60,20241129,160000,3.07,3.07,3.07,3.07,14,0
LEN,60,20241202,100000,3.07,3.07,3.07,3.07,50,0
LEN,60,20241202,110000,3.07,3.09,3.07,3.09,30,0
LEN,60,20241202,130000,3.09,3.09,3.06,3.09,277,0
LEN,60,20241202,140000,3.09,3.09,3.09,3.09,36,0
LEN,60,20241202,150000,3.09,3.09,3.09,3.09,4,0
LEN,60,20241203,100000,3.09,3.09,3.09,3.09,11,0
LEN,60,20241203,120000,3.09,3.09,3.09,3.09,325,0
LEN,60,20241203,160000,3.07,3.07,3.07,3.07,400,0
LEN,60,20241203,170000,3.09,3.09,3.09,3.09,7,0
LEN,60,20241204,100000,3.09,3.09,3.09,3.09,1660,0
LEN,60,20241204,110000,3.06,3.06,3.04,3.04,868,0
LEN,60,20241204,120000,3.03,3.04,3.02,3.02,2143,0
LEN,60,20241204,130000,3.04,3.04,3.04,3.04,1527,0
LEN,60,20241204,160000,3.04,3.04,3.02,3.04,765,0
LEN,60,20241204,170000,3.03,3.03,3,3,2000,0
LEN,60,20241205,100000,3.03,3.04,3.03,3.04,24,0
LEN,60,20241205,130000,2.98,3.04,2.98,3.04,27,0
LEN,60,20241205,140000,3.03,3.04,3.03,3.04,850,0
LEN,60,20241206,100000,3.04,3.04,2.97,2.97,2495,0
LEN,60,20241206,110000,3,3.03,3,3.02,54,0
LEN,60,20241206,130000,3.02,3.02,3,3.02,142,0
LEN,60,20241206,140000,3.02,3.02,3.02,3.02,2030,0
LEN,60,20241206,150000,3.02,3.02,2.95,2.95,4318,0
LEN,60,20241206,160000,2.97,3.02,2.97,3.02,199,0
LEN,60,20241206,170000,3.02,3.02,2.96,2.96,604,0
LEN,60,20241209,100000,2.97,2.98,2.96,2.96,507,0
LEN,60,20241209,110000,2.96,2.96,2.92,2.92,13012,0
LEN,60,20241209,120000,2.92,2.95,2.92,2.95,1525,0
LEN,60,20241209,130000,2.95,2.95,2.93,2.93,1910,0
LEN,60,20241209,140000,2.93,2.93,2.93,2.93,120,0
LEN,60,20241209,160000,2.95,2.96,2.95,2.96,165,0
LEN,60,20241209,170000,2.97,2.97,2.97,2.97,785,0
LEN,60,20241210,100000,2.98,2.98,2.93,2.93,600,0
LEN,60,20241210,120000,2.95,2.98,2.95,2.98,250,0
LEN,60,20241210,130000,2.98,2.98,2.98,2.98,4,0
LEN,60,20241210,140000,2.98,2.98,2.98,2.98,100,0
LEN,60,20241210,150000,2.98,2.98,2.98,2.98,610,0
LEN,60,20241210,160000,2.98,2.98,2.98,2.98,2350,0
LEN,60,20241210,170000,2.98,2.98,2.96,2.96,401,0
LEN,60,20241211,100000,2.98,3.02,2.98,3.02,202,0
LEN,60,20241211,120000,3,3,2.96,2.96,377,0
LEN,60,20241211,130000,3,3,3,3,315,0
LEN,60,20241211,140000,3,3,3,3,386,0
LEN,60,20241211,150000,3,3,3,3,20,0
LEN,60,20241211,160000,3,3,2.96,2.96,670,0
LEN,60,20241211,170000,3,3,3,3,30,0
LEN,60,20241212,100000,3,3,3,3,105,0
LEN,60,20241212,110000,3,3,3,3,17,0
LEN,60,20241212,120000,3,3,2.97,2.97,477,0
LEN,60,20241212,130000,2.98,2.98,2.97,2.97,198,0
LEN,60,20241212,140000,2.96,2.96,2.96,2.96,500,0
LEN,60,20241212,160000,2.97,2.97,2.97,2.97,324,0
LEN,60,20241212,170000,2.97,3,2.97,3,1303,0
LEN,60,20241213,100000,3,3,3,3,46,0
LEN,60,20241213,110000,2.96,2.96,2.95,2.95,185,0
LEN,60,20241213,120000,2.95,2.95,2.95,2.95,320,0
LEN,60,20241213,130000,2.96,2.96,2.96,2.96,10,0
LEN,60,20241213,140000,2.96,2.96,2.96,2.96,58,0
LEN,60,20241213,150000,2.95,2.95,2.95,2.95,117,0
LEN,60,20241213,160000,2.95,2.96,2.95,2.96,3363,0
LEN,60,20241213,170000,2.96,2.96,2.96,2.96,5,0
LEN,60,20241216,100000,2.94,2.94,2.94,2.94,85,0
LEN,60,20241216,110000,2.93,2.94,2.92,2.94,3724,0
LEN,60,20241216,120000,2.94,2.95,2.92,2.92,2149,0
LEN,60,20241216,130000,2.92,2.92,2.92,2.92,205,0
LEN,60,20241216,140000,2.91,2.91,2.9,2.9,9000,0
LEN,60,20241216,150000,2.9,2.9,2.9,2.9,956,0
LEN,60,20241216,160000,2.9,2.92,2.89,2.9,3515,0
LEN,60,20241216,170000,2.89,2.9,2.88,2.9,1780,0
LEN,60,20241217,100000,2.9,2.9,2.9,2.9,967,0
LEN,60,20241217,110000,2.9,2.91,2.9,2.91,1014,0
LEN,60,20241217,120000,2.91,2.91,2.88,2.88,3528,0
LEN,60,20241217,140000,2.9,2.91,2.82,2.82,5047,0
LEN,60,20241217,150000,2.81,2.82,2.8,2.82,287,0
LEN,60,20241217,160000,2.82,2.82,2.8,2.8,927,0
LEN,60,20241217,170000,2.8,2.83,2.8,2.83,572,0
LEN,60,20241218,100000,2.81,2.87,2.81,2.84,3827,0
LEN,60,20241218,110000,2.84,2.84,2.81,2.81,1322,0
LEN,60,20241218,120000,2.81,2.84,2.81,2.84,490,0
LEN,60,20241218,130000,2.85,2.86,2.81,2.86,1097,0
LEN,60,20241218,140000,2.85,2.85,2.85,2.85,5,0
LEN,60,20241218,150000,2.85,2.85,2.85,2.85,40,0
LEN,60,20241218,160000,2.85,2.85,2.85,2.85,194,0
LEN,60,20241219,100000,2.85,2.85,2.84,2.84,1739,0
LEN,60,20241219,110000,2.82,2.82,2.8,2.8,434,0
LEN,60,20241219,120000,2.8,2.8,2.8,2.8,3564,0
LEN,60,20241219,130000,2.8,2.8,2.78,2.78,768,0
LEN,60,20241219,140000,2.78,2.78,2.77,2.77,1629,0
LEN,60,20241219,150000,2.75,2.75,2.74,2.74,27,0
LEN,60,20241219,160000,2.75,2.79,2.74,2.79,3848,0
LEN,60,20241219,170000,2.83,2.84,2.83,2.83,3896,0
LEN,60,20241220,100000,2.83,2.83,2.83,2.83,2,0
LEN,60,20241220,110000,2.8,2.83,2.75,2.83,2000,0
LEN,60,20241220,120000,2.8,2.83,2.8,2.83,1638,0
LEN,60,20241220,130000,2.83,2.83,2.83,2.83,200,0
LEN,60,20241220,140000,2.83,2.83,2.79,2.83,993,0
LEN,60,20241220,160000,2.83,2.83,2.83,2.83,400,0
LEN,60,20241220,170000,2.8,2.83,2.78,2.83,579,0
LEN,60,20241223,100000,2.79,2.79,2.79,2.79,1852,0
LEN,60,20241223,110000,2.79,2.79,2.7,2.7,10705,0
LEN,60,20241223,120000,2.75,2.76,2.71,2.72,4320,0
LEN,60,20241223,130000,2.72,2.76,2.72,2.76,769,0
LEN,60,20241223,140000,2.76,2.76,2.72,2.72,8259,0
LEN,60,20241223,150000,2.72,2.72,2.7,2.71,9163,0
LEN,60,20241223,160000,2.71,2.72,2.71,2.72,40575,0
LEN,60,20241223,170000,2.76,2.76,2.75,2.75,1973,0
LEN,60,20241227,100000,2.73,2.79,2.73,2.79,5535,0
LEN,60,20241227,110000,2.8,2.81,2.78,2.81,3818,0
LEN,60,20241227,120000,2.78,2.78,2.78,2.78,821,0
LEN,60,20241227,130000,2.81,2.88,2.81,2.88,1185,0
LEN,60,20241227,140000,2.88,2.88,2.83,2.83,255,0
LEN,60,20241227,150000,2.87,2.88,2.87,2.88,140,0
LEN,60,20241227,160000,2.88,2.88,2.88,2.88,27,0
LEN,60,20241227,170000,2.83,2.83,2.8,2.8,3359,0
LEN,60,20241230,100000,2.8,2.88,2.8,2.88,3810,0
LEN,60,20241230,110000,2.88,2.89,2.8,2.89,1330,0
LEN,60,20241230,120000,2.84,2.84,2.71,2.71,10486,0
LEN,60,20241230,130000,2.73,2.77,2.73,2.77,15,0
LEN,60,20241230,140000,2.77,2.77,2.77,2.77,534,0
LEN,60,20241230,150000,2.77,2.77,2.75,2.77,295,0
LEN,60,20241230,160000,2.75,2.77,2.75,2.77,600,0
LEN,60,20241230,170000,2.77,2.77,2.77,2.77,9,0
LEN,60,20250102,100000,2.77,2.79,2.75,2.75,4976,0
LEN,60,20250102,110000,2.79,2.81,2.75,2.81,1413,0
LEN,60,20250102,120000,2.8,2.81,2.8,2.81,275,0
LEN,60,20250102,130000,2.81,2.81,2.81,2.81,1000,0
LEN,60,20250102,140000,2.76,2.82,2.75,2.82,1484,0
LEN,60,20250102,150000,2.82,2.88,2.82,2.87,340,0
LEN,60,20250102,160000,2.86,2.86,2.86,2.86,10,0
LEN,60,20250102,170000,2.79,2.79,2.79,2.79,240,0
LEN,60,20250103,100000,2.79,2.86,2.79,2.86,1047,0
LEN,60,20250103,110000,2.86,3.05,2.86,3.05,3036,0
LEN,60,20250103,120000,2.97,2.97,2.87,2.9,109,0
LEN,60,20250103,130000,2.97,3.06,2.97,3,5388,0
LEN,60,20250103,140000,3,3,3,3,1380,0
LEN,60,20250103,160000,2.99,3,2.9,2.9,1850,0
LEN,60,20250103,170000,2.95,2.95,2.95,2.95,971,0
LEN,60,20250107,100000,2.95,2.95,2.95,2.95,1343,0
LEN,60,20250107,110000,2.92,2.92,2.9,2.9,275,0
LEN,60,20250107,120000,2.92,2.93,2.92,2.93,20,0
LEN,60,20250107,130000,2.92,2.92,2.92,2.92,164,0
LEN,60,20250107,160000,2.94,2.94,2.94,2.94,341,0
LEN,60,20250107,170000,2.94,2.94,2.94,2.94,34,0
LEN,60,20250108,100000,2.93,2.94,2.9,2.94,384,0
LEN,60,20250108,110000,2.93,2.94,2.9,2.94,56,0
LEN,60,20250108,160000,2.94,2.94,2.94,2.94,442,0
LEN,60,20250109,100000,2.94,2.94,2.94,2.94,202,0
LEN,60,20250109,110000,2.91,2.91,2.9,2.9,93,0
LEN,60,20250109,120000,2.93,2.93,2.87,2.87,2442,0
LEN,60,20250109,150000,2.88,2.88,2.88,2.88,915,0
LEN,60,20250109,160000,2.89,2.89,2.89,2.89,5,0
LEN,60,20250109,170000,2.89,2.9,2.89,2.9,1921,0
LEN,60,20250110,100000,2.88,2.94,2.88,2.94,353,0
LEN,60,20250110,110000,2.88,2.94,2.88,2.94,5506,0
LEN,60,20250110,120000,2.94,2.94,2.94,2.94,380,0
LEN,60,20250110,130000,2.94,2.96,2.94,2.96,2615,0
LEN,60,20250110,140000,2.94,2.94,2.94,2.94,1000,0
LEN,60,20250110,150000,2.96,2.96,2.96,2.96,1524,0
LEN,60,20250110,160000,2.94,2.94,2.94,2.94,700,0
LEN,60,20250110,170000,2.96,2.96,2.96,2.96,1177,0
LEN,60,20250113,100000,2.96,2.96,2.93,2.96,490,0
LEN,60,20250113,110000,2.93,2.93,2.93,2.93,341,0
LEN,60,20250113,120000,2.93,2.93,2.93,2.93,4,0
LEN,60,20250113,130000,2.93,2.93,2.93,2.93,700,0
LEN,60,20250113,140000,2.96,2.96,2.96,2.96,800,0
LEN,60,20250113,150000,2.95,2.96,2.95,2.96,550,0
LEN,60,20250113,170000,2.96,2.96,2.96,2.96,10,0
LEN,60,20250114,100000,3,3,3,3,15,0
LEN,60,20250114,110000,2.94,2.94,2.94,2.94,2542,0
LEN,60,20250114,130000,2.97,2.97,2.96,2.96,485,0
LEN,60,20250114,160000,3.04,3.05,3.04,3.05,664,0
LEN,60,20250114,170000,2.96,2.96,2.93,2.94,539,0
LEN,60,20250115,100000,2.94,2.94,2.94,2.94,2422,0
LEN,60,20250115,120000,3,3,2.96,3,166,0
LEN,60,20250115,130000,2.95,2.95,2.95,2.95,104,0
LEN,60,20250115,140000,2.95,2.95,2.94,2.94,696,0
LEN,60,20250115,150000,2.99,2.99,2.99,2.99,5,0
LEN,60,20250115,170000,2.94,2.94,2.93,2.93,421,0
LEN,60,20250116,100000,2.97,2.97,2.97,2.97,172,0
LEN,60,20250116,130000,2.94,2.94,2.94,2.94,215,0
LEN,60,20250116,150000,2.94,2.94,2.94,2.94,1425,0
LEN,60,20250116,170000,2.97,2.97,2.97,2.97,100,0
LEN,60,20250117,100000,2.97,2.97,2.95,2.95,452,0
LEN,60,20250117,120000,2.95,2.95,2.93,2.93,971,0
LEN,60,20250117,140000,2.97,2.97,2.97,2.97,6,0
LEN,60,20250117,160000,2.97,2.98,2.97,2.98,429,0
LEN,60,20250117,170000,2.98,2.99,2.98,2.99,82,0
LEN,60,20250120,100000,2.99,2.99,2.99,2.99,115,0
LEN,60,20250120,110000,2.94,2.99,2.89,2.94,1970,0
LEN,60,20250120,120000,2.94,2.95,2.94,2.95,592,0
LEN,60,20250120,130000,2.93,2.95,2.9,2.9,544,0
LEN,60,20250120,140000,2.97,2.97,2.97,2.97,20,0
LEN,60,20250120,160000,2.97,2.97,2.97,2.97,535,0
LEN,60,20250121,100000,3,3,2.9,3,1006,0
LEN,60,20250121,120000,2.99,2.99,2.99,2.99,21,0
LEN,60,20250121,140000,2.98,2.98,2.98,2.98,39,0
LEN,60,20250121,170000,2.97,2.97,2.97,2.97,5,0
LEN,60,20250122,100000,2.97,2.98,2.97,2.98,810,0
LEN,60,20250122,110000,2.98,2.98,2.98,2.98,107,0
LEN,60,20250122,140000,2.98,2.98,2.92,2.98,330,0
LEN,60,20250122,170000,2.95,2.95,2.95,2.95,50,0
LEN,60,20250123,100000,2.98,2.98,2.98,2.98,2,0
LEN,60,20250123,110000,2.98,2.99,2.95,2.99,1476,0
LEN,60,20250123,120000,2.95,2.95,2.95,2.95,700,0
LEN,60,20250123,130000,2.95,2.95,2.93,2.93,875,0
LEN,60,20250123,150000,2.93,2.98,2.93,2.98,719,0
LEN,60,20250123,170000,2.98,2.98,2.98,2.98,5,0
LEN,60,20250124,100000,2.98,2.98,2.93,2.93,202,0
LEN,60,20250124,110000,2.93,2.98,2.93,2.98,2200,0
LEN,60,20250124,140000,2.97,2.97,2.97,2.97,550,0
LEN,60,20250124,160000,2.97,2.97,2.93,2.93,555,0
LEN,60,20250124,170000,2.97,3,2.97,3,16667,0
LEN,60,20250127,120000,2.99,3,2.99,3,604,0
LEN,60,20250127,130000,3,3,3,3,35,0
LEN,60,20250127,140000,2.94,2.94,2.94,2.94,884,0
LEN,60,20250128,100000,2.94,2.99,2.94,2.97,1164,0
LEN,60,20250128,110000,2.97,3,2.97,3,3209,0
LEN,60,20250128,120000,2.98,2.98,2.97,2.98,1958,0
LEN,60,20250129,100000,2.99,2.99,2.98,2.98,2400,0
LEN,60,20250129,110000,3,3,3,3,10,0
LEN,60,20250129,120000,3,3,3,3,25,0
LEN,60,20250129,130000,2.98,2.98,2.97,2.97,600,0
LEN,60,20250129,140000,2.98,2.98,2.98,2.98,400,0
LEN,60,20250129,150000,2.99,2.99,2.99,2.99,50,0
LEN,60,20250129,170000,2.98,2.98,2.98,2.98,500,0
LEN,60,20250130,100000,2.99,2.99,2.99,2.99,197,0
LEN,60,20250130,110000,2.99,2.99,2.99,2.99,253,0
LEN,60,20250130,120000,3,3,3,3,526,0
LEN,60,20250130,130000,3,3,2.99,2.99,452,0
LEN,60,20250130,150000,2.98,2.99,2.98,2.99,34,0
LEN,60,20250130,160000,2.98,2.98,2.98,2.98,55,0
LEN,60,20250130,170000,2.98,2.98,2.98,2.98,877,0
LEN,60,20250131,100000,3,3,3,3,32,0
LEN,60,20250131,120000,3,3,3,3,1398,0
LEN,60,20250131,130000,3,3,2.99,3,1153,0
LEN,60,20250131,140000,3,3,2.96,3,6010,0
LEN,60,20250131,170000,2.99,2.99,2.98,2.98,510,0
LEN,60,20250203,100000,2.95,2.95,2.92,2.92,3230,0
LEN,60,20250203,110000,2.92,2.95,2.91,2.91,860,0
LEN,60,20250203,120000,2.91,2.95,2.91,2.95,815,0
LEN,60,20250203,140000,2.95,2.95,2.95,2.95,4,0
LEN,60,20250203,150000,2.93,2.93,2.92,2.92,544,0
LEN,60,20250203,160000,2.95,2.95,2.95,2.95,44,0
LEN,60,20250203,170000,2.94,2.94,2.94,2.94,592,0
LEN,60,20250204,100000,2.93,2.98,2.93,2.98,1050,0
LEN,60,20250204,110000,2.98,3.02,2.98,3.02,1595,0
LEN,60,20250204,120000,3.01,3.01,3,3,2608,0
LEN,60,20250204,130000,3,3.02,3,3.02,401,0
LEN,60,20250204,140000,3.02,3.02,3.02,3.02,1210,0
LEN,60,20250204,150000,3.05,3.05,3.05,3.05,1101,0
LEN,60,20250204,170000,3.06,3.06,3.05,3.05,150,0
LEN,60,20250205,100000,3.06,3.06,3.06,3.06,332,0
LEN,60,20250205,110000,3.06,3.06,3.05,3.06,95,0
LEN,60,20250205,120000,3.03,3.06,3.03,3.06,3005,0
LEN,60,20250205,150000,3.03,3.06,3.03,3.03,418,0
LEN,60,20250205,170000,3.06,3.06,3.03,3.03,2589,0
LEN,60,20250206,100000,3.06,3.06,3,3.04,2602,0
LEN,60,20250206,110000,3.04,3.05,3.04,3.05,404,0
LEN,60,20250206,120000,3.05,3.06,3.05,3.06,1262,0
LEN,60,20250206,130000,3.05,3.06,3,3.06,870,0
LEN,60,20250206,150000,3.06,3.06,3.06,3.06,5,0
LEN,60,20250207,100000,3.01,3.08,3,3.08,1280,0
LEN,60,20250207,110000,3.08,3.08,3.07,3.08,1020,0
LEN,60,20250207,120000,3.07,3.07,3,3,487,0
LEN,60,20250207,130000,3.06,3.06,3.06,3.06,217,0
LEN,60,20250207,150000,3.06,3.06,3.06,3.06,640,0
LEN,60,20250207,160000,3.07,3.07,3.01,3.06,749,0
LEN,60,20250210,100000,3.07,3.07,3.05,3.05,1730,0
LEN,60,20250210,110000,3.02,3.06,3.01,3.06,205,0
LEN,60,20250210,160000,3.06,3.06,3.06,3.06,5,0
LEN,60,20250211,100000,3.02,3.02,3.02,3.02,4464,0
LEN,60,20250211,160000,3.06,3.07,3.06,3.07,700,0
LEN,60,20250211,170000,3.07,3.1,3.07,3.1,2000,0
LEN,60,20250212,100000,3.1,3.1,3.1,3.1,20,0
LEN,60,20250212,110000,3.06,3.06,3.06,3.06,400,0
LEN,60,20250212,120000,3.09,3.09,3.09,3.09,846,0
LEN,60,20250212,130000,3.06,3.09,3.06,3.09,504,0
LEN,60,20250212,150000,3.07,3.07,3.06,3.06,2065,0
LEN,60,20250212,170000,3.06,3.06,3.06,3.06,3,0
LEN,60,20250213,100000,3.06,3.06,3.03,3.03,2110,0
LEN,60,20250213,110000,3.04,3.09,3.04,3.09,2600,0
LEN,60,20250213,130000,3.09,3.09,3.09,3.09,2335,0
LEN,60,20250213,140000,3.09,3.1,3.09,3.1,1006,0
LEN,60,20250213,160000,3.1,3.1,3.1,3.1,33,0
LEN,60,20250214,100000,3.1,3.1,3.1,3.1,1378,0
LEN,60,20250214,120000,3.11,3.11,3.11,3.11,270,0
LEN,60,20250214,130000,3.11,3.12,3.11,3.12,150,0
LEN,60,20250214,140000,3.12,3.13,3.12,3.12,264,0
LEN,60,20250214,150000,3.13,3.13,3.13,3.13,1084,0
LEN,60,20250217,100000,3.14,3.15,3.11,3.11,10183,0
LEN,60,20250217,120000,3.14,3.2,3.14,3.14,6624,0
LEN,60,20250217,150000,3.14,3.17,3.14,3.17,300,0
LEN,60,20250218,100000,3.18,3.2,3.18,3.2,631,0
LEN,60,20250218,110000,3.13,3.13,3.1,3.1,3461,0
LEN,60,20250218,130000,3.08,3.08,3.08,3.08,500,0
LEN,60,20250218,140000,3.1,3.1,3.1,3.1,2000,0
LEN,60,20250218,150000,3.11,3.13,3.11,3.13,63,0
LEN,60,20250218,160000,3.13,3.13,3.13,3.13,85,0
LEN,60,20250218,170000,3.1,3.1,3.1,3.1,600,0
LEN,60,20250219,100000,3.14,3.18,3.11,3.11,1906,0
LEN,60,20250219,110000,3.11,3.11,3.11,3.11,258,0
LEN,60,20250219,120000,3.1,3.1,3.1,3.1,842,0
LEN,60,20250219,150000,3.1,3.1,3.08,3.08,1080,0
LEN,60,20250219,170000,3.14,3.14,3.08,3.08,294,0
LEN,60,20250220,100000,3.11,3.11,3.07,3.07,1217,0
LEN,60,20250220,120000,3.07,3.07,3.07,3.07,154,0
LEN,60,20250220,130000,3.06,3.06,3.06,3.06,5,0
LEN,60,20250220,150000,3.07,3.07,3.07,3.07,27,0
LEN,60,20250220,160000,3.06,3.06,3.06,3.06,7,0
LEN,60,20250220,170000,3.07,3.07,3.06,3.06,50,0
LEN,60,20250221,100000,3.09,3.09,3.06,3.06,742,0
LEN,60,20250221,110000,3.06,3.06,3.06,3.06,550,0
LEN,60,20250221,120000,3.08,3.09,3.08,3.09,425,0
LEN,60,20250221,130000,3.09,3.1,3.09,3.1,1188,0
LEN,60,20250221,140000,3.07,3.07,3.07,3.07,425,0
LEN,60,20250221,150000,3.08,3.08,3.07,3.07,428,0
LEN,60,20250221,160000,3.06,3.06,3.02,3.02,902,0
LEN,60,20250221,170000,3.04,3.04,3.04,3.04,500,0
LEN,60,20250224,100000,3.09,3.09,3.04,3.04,813,0
LEN,60,20250224,130000,3.09,3.09,3.09,3.09,200,0
LEN,60,20250224,140000,3.09,3.09,3.09,3.09,319,0
LEN,60,20250224,160000,3.09,3.09,3.09,3.09,300,0
LEN,60,20250225,100000,3.09,3.09,3.09,3.09,2,0
LEN,60,20250225,150000,3.09,3.09,3.05,3.05,25,0
LEN,60,20250225,170000,3.09,3.1,3.09,3.1,862,0
LEN,60,20250226,100000,3.1,3.1,3.08,3.08,534,0
LEN,60,20250226,110000,3.1,3.13,3.1,3.13,1609,0
LEN,60,20250226,120000,3.1,3.1,3.1,3.1,11,0
LEN,60,20250226,130000,3.1,3.1,3.1,3.1,10,0
LEN,60,20250226,160000,3.1,3.1,3.1,3.1,407,0
LEN,60,20250226,170000,3.1,3.1,3.1,3.1,100,0
LEN,60,20250227,100000,3.12,3.12,3.1,3.1,322,0
LEN,60,20250227,130000,3.11,3.13,3.1,3.1,2108,0
LEN,60,20250227,160000,3.12,3.12,3.12,3.12,11,0
LEN,60,20250227,170000,3.06,3.06,3.06,3.06,10,0
LEN,60,20250228,100000,3.12,3.12,3.12,3.12,1002,0
LEN,60,20250228,120000,3.1,3.1,3.1,3.1,797,0
LEN,60,20250228,130000,3.1,3.12,3.06,3.06,2267,0
LEN,60,20250228,150000,3.06,3.06,3.06,3.06,1,0
LEN,60,20250228,170000,3.05,3.05,3.05,3.05,135,0
LEN,60,20250303,100000,3.12,3.12,3.12,3.12,2,0
LEN,60,20250303,110000,3.11,3.11,3.06,3.11,849,0
LEN,60,20250303,120000,3.11,3.11,3.11,3.11,505,0
LEN,60,20250303,150000,3.11,3.11,3.11,3.11,99,0
LEN,60,20250303,160000,3.11,3.11,3.11,3.11,320,0
LEN,60,20250304,100000,3.08,3.12,3.06,3.12,487,0
LEN,60,20250304,110000,3.12,3.12,3.12,3.12,10,0
LEN,60,20250304,120000,3.08,3.08,3.06,3.06,60,0
LEN,60,20250304,130000,3.06,3.06,3.06,3.06,150,0
LEN,60,20250304,140000,3.1,3.12,3.1,3.12,47,0
LEN,60,20250304,150000,3.12,3.13,3.1,3.1,821,0
LEN,60,20250304,160000,3.12,3.14,3.12,3.14,750,0
LEN,60,20250304,170000,3.14,3.14,3.14,3.14,9,0
LEN,60,20250305,100000,3.14,3.15,3.14,3.14,2550,0
LEN,60,20250305,110000,3.08,3.08,3.08,3.08,666,0
LEN,60,20250307,100000,3.1,3.1,3.1,3.1,248,0
LEN,60,20250307,110000,3.1,3.1,3.07,3.1,831,0
LEN,60,20250307,120000,3.07,3.07,3.06,3.06,609,0
LEN,60,20250307,130000,3.06,3.1,3.06,3.1,476,0
LEN,60,20250307,150000,3.1,3.1,3.05,3.05,151,0
LEN,60,20250307,160000,3.05,3.05,3.05,3.05,1815,0
LEN,60,20250310,100000,3.05,3.1,3.05,3.1,192,0
LEN,60,20250310,110000,3.1,3.1,3.03,3.03,293,0
LEN,60,20250310,120000,3.02,3.05,3.02,3.05,256,0
LEN,60,20250310,150000,3.05,3.05,3.05,3.05,4,0
LEN,60,20250310,160000,3.09,3.09,3.09,3.09,5,0
LEN,60,20250310,170000,3.05,3.05,3.02,3.02,570,0
LEN,60,20250311,100000,3.01,3.09,3.01,3.09,1120,0
LEN,60,20250311,130000,3.07,3.07,3.07,3.07,529,0
LEN,60,20250311,160000,3.07,3.07,3.04,3.04,118,0
LEN,60,20250311,170000,3.02,3.02,3.02,3.02,100,0
LEN,60,20250312,100000,3.04,3.04,3.03,3.03,505,0
LEN,60,20250312,110000,3.03,3.03,3.03,3.03,128,0
LEN,60,20250312,130000,3.07,3.07,3.01,3.04,1675,0
LEN,60,20250312,140000,3.04,3.04,3.04,3.04,300,0
LEN,60,20250312,150000,3.04,3.08,3.04,3.08,328,0
LEN,60,20250313,100000,3.02,3.02,3.01,3.01,936,0
LEN,60,20250313,110000,3.03,3.08,3,3.08,5908,0
LEN,60,20250313,130000,3.03,3.04,3,3.04,346,0
LEN,60,20250313,170000,3.01,3.09,3.01,3.09,511,0
LEN,60,20250314,100000,3.09,3.09,3.02,3.02,828,0
LEN,60,20250314,110000,3.04,3.09,3.03,3.03,3628,0
LEN,60,20250314,120000,3.02,3.03,3,3.02,13701,0
LEN,60,20250314,130000,3.03,3.04,3,3.04,5541,0
LEN,60,20250314,140000,3.04,3.07,3.04,3.07,50,0
LEN,60,20250314,150000,3.04,3.04,3,3,2200,0
LEN,60,20250314,170000,3.04,3.04,3.02,3.02,831,0
LEN,60,20250317,100000,3,3.02,3,3,21206,0
LEN,60,20250317,110000,3.02,3.06,3,3.01,870,0
LEN,60,20250317,120000,3.02,3.02,3.02,3.02,800,0
LEN,60,20250317,130000,3.05,3.05,3.05,3.05,10,0
LEN,60,20250317,140000,3.05,3.05,3.05,3.05,700,0
LEN,60,20250317,170000,3.04,3.04,3.04,3.04,341,0
LEN,60,20250318,100000,3.05,3.05,3.03,3.05,1391,0
LEN,60,20250318,110000,3.05,3.05,3.05,3.05,170,0
LEN,60,20250318,130000,3.05,3.05,3.05,3.05,672,0
LEN,60,20250318,160000,3.05,3.05,3.02,3.02,1000,0
LEN,60,20250319,100000,3.09,3.09,3.09,3.09,16,0
LEN,60,20250319,120000,3.02,3.02,3.01,3.01,403,0
LEN,60,20250319,130000,3.01,3.01,3.01,3.01,142,0
LEN,60,20250319,160000,3.03,3.03,3.03,3.03,510,0
LEN,60,20250319,170000,3.03,3.03,3.03,3.03,590,0
LEN,60,20250320,100000,3.08,3.08,3.02,3.02,6,0
LEN,60,20250320,110000,3.04,3.04,3,3,1715,0
LEN,60,20250320,140000,3.02,3.05,3.02,3.05,230,0
LEN,60,20250320,160000,3.02,3.02,3,3,4000,0
LEN,60,20250321,100000,3.01,3.05,3.01,3.05,12,0
LEN,60,20250321,110000,3.05,3.05,3.05,3.05,1,0
LEN,60,20250321,120000,3.05,3.05,3.05,3.05,10,0
LEN,60,20250321,140000,3.01,3.01,3,3,459,0
LEN,60,20250321,160000,3.01,3.01,3,3,74,0
LEN,60,20250324,100000,3.03,3.05,3.03,3.05,17,0
LEN,60,20250324,120000,3.01,3.01,3,3,1713,0
LEN,60,20250324,140000,3,3,3,3,7759,0
LEN,60,20250324,170000,3,3,2.98,2.98,1363,0
LEN,60,20250325,100000,3.03,3.05,3.03,3.05,58,0
LEN,60,20250325,110000,3.03,3.05,2.97,2.97,1538,0
LEN,60,20250325,140000,2.99,3,2.99,3,1419,0
LEN,60,20250325,160000,3.05,3.05,3.05,3.05,125,0
LEN,60,20250325,170000,2.99,2.99,2.99,2.99,199,0
LEN,60,20250326,100000,3.05,3.05,3,3,782,0
LEN,60,20250326,120000,2.99,2.99,2.99,2.99,951,0
LEN,60,20250326,130000,3,3,3,3,33,0
LEN,60,20250326,140000,2.99,2.99,2.99,2.99,1000,0
LEN,60,20250326,150000,2.99,3,2.99,3,711,0
LEN,60,20250326,160000,2.99,2.99,2.99,2.99,51,0
LEN,60,20250326,170000,2.99,3,2.98,2.99,9109,0
LEN,60,20250327,100000,2.99,2.99,2.99,2.99,150,0
LEN,60,20250327,110000,2.99,2.99,2.99,2.99,1500,0
LEN,60,20250327,120000,2.99,2.99,2.99,2.99,10,0
LEN,60,20250327,140000,2.98,2.98,2.98,2.98,500,0
LEN,60,20250327,150000,2.99,2.99,2.99,2.99,700,0
LEN,60,20250327,160000,2.99,3.03,2.99,3.03,1500,0
LEN,60,20250328,100000,3.03,3.03,3.03,3.03,102,0
LEN,60,20250328,110000,2.98,2.98,2.98,2.98,5160,0
LEN,60,20250328,130000,2.99,2.99,2.99,2.99,707,0
LEN,60,20250328,150000,2.99,3.03,2.99,3.03,387,0
LEN,60,20250331,100000,3.02,3.02,3.02,3.02,2,0
LEN,60,20250331,120000,3,3,3,3,50,0
LEN,60,20250331,150000,3,3,3,3,33,0
LEN,60,20250401,100000,3.01,3.01,3,3,332,0
LEN,60,20250401,110000,3,3,2.99,2.99,1554,0
LEN,60,20250401,130000,3,3,3,3,1000,0
LEN,60,20250401,140000,3,3,3,3,100,0
LEN,60,20250401,150000,3,3.01,3,3.01,804,0
LEN,60,20250402,100000,3.01,3.01,3.01,3.01,8,0
LEN,60,20250402,120000,3.01,3.02,2.98,3.02,7039,0
LEN,60,20250402,140000,2.99,3.02,2.97,3.02,2328,0
LEN,60,20250402,160000,3.02,3.02,3.02,3.02,571,0
LEN,60,20250403,100000,3.02,3.02,2.97,2.97,922,0
LEN,60,20250403,110000,2.98,2.98,2.98,2.98,1078,0
LEN,60,20250403,120000,2.98,2.98,2.96,2.96,1500,0
LEN,60,20250403,130000,3.02,3.03,2.95,2.95,2015,0
LEN,60,20250403,140000,2.99,3.01,2.99,3.01,27,0
LEN,60,20250403,150000,2.94,2.95,2.91,2.95,311,0
LEN,60,20250404,100000,3.01,3.01,2.98,2.98,7,0
LEN,60,20250404,110000,2.98,2.98,2.97,2.97,924,0
LEN,60,20250404,130000,2.92,2.94,2.81,2.94,13772,0
LEN,60,20250404,140000,2.94,2.94,2.94,2.94,40,0
LEN,60,20250404,150000,2.94,2.94,2.94,2.94,49,0
LEN,60,20250404,160000,2.85,2.91,2.85,2.91,604,0
LEN,60,20250407,100000,2.85,2.98,2.85,2.9,1008,0
LEN,60,20250407,110000,2.85,2.9,2.85,2.9,248,0
LEN,60,20250407,120000,2.9,2.97,2.9,2.97,348,0
LEN,60,20250407,130000,2.95,2.95,2.95,2.95,22,0
LEN,60,20250407,140000,2.95,2.95,2.95,2.95,640,0
LEN,60,20250407,150000,2.85,2.85,2.85,2.85,527,0
LEN,60,20250407,160000,2.93,2.93,2.93,2.93,17,0
LEN,60,20250408,100000,2.93,2.93,2.92,2.92,4170,0
LEN,60,20250408,120000,2.92,2.92,2.92,2.92,5,0
LEN,60,20250408,140000,2.87,2.88,2.87,2.88,277,0
LEN,60,20250408,150000,2.91,2.91,2.91,2.91,485,0
LEN,60,20250409,100000,2.87,2.88,2.87,2.88,1666,0
LEN,60,20250409,130000,2.91,2.91,2.91,2.91,344,0
LEN,60,20250409,150000,2.91,2.91,2.91,2.91,9,0
LEN,60,20250409,160000,2.88,2.88,2.88,2.88,252,0
LEN,60,20250410,100000,2.91,2.92,2.91,2.92,3725,0
LEN,60,20250410,130000,2.92,2.92,2.92,2.92,274,0
LEN,60,20250410,140000,2.92,2.92,2.92,2.92,10,0
LEN,60,20250410,160000,2.92,2.92,2.92,2.92,520,0
LEN,60,20250410,170000,2.92,2.92,2.92,2.92,4,0
LEN,60,20250411,100000,2.92,2.92,2.92,2.92,7,0
LEN,60,20250411,110000,2.92,2.92,2.92,2.92,448,0
LEN,60,20250411,130000,2.94,2.95,2.94,2.94,1028,0
LEN,60,20250411,160000,2.95,2.95,2.95,2.95,10,0
LEN,60,20250411,170000,2.96,2.96,2.96,2.96,242,0
LEN,60,20250414,100000,2.94,2.94,2.93,2.93,370,0
LEN,60,20250414,110000,2.93,2.93,2.9,2.9,500,0
LEN,60,20250414,120000,2.96,2.96,2.96,2.96,1271,0
LEN,60,20250415,100000,2.94,2.94,2.94,2.94,4,0
LEN,60,20250415,110000,2.95,2.95,2.95,2.95,4,0
LEN,60,20250415,120000,2.91,2.94,2.91,2.94,1123,0
LEN,60,20250415,140000,2.91,2.91,2.89,2.89,2749,0
LEN,60,20250415,150000,2.93,2.96,2.93,2.96,2000,0
LEN,60,20250416,100000,2.98,2.98,2.98,2.98,2,0
LEN,60,20250416,120000,2.96,2.96,2.91,2.91,554,0
LEN,60,20250416,150000,2.95,2.95,2.95,2.95,100,0
LEN,60,20250417,100000,2.92,2.92,2.9,2.9,2836,0
LEN,60,20250417,120000,2.9,2.9,2.9,2.9,50,0
LEN,60,20250417,150000,2.93,2.97,2.93,2.97,69,0
LEN,60,20250417,160000,2.97,2.97,2.9,2.96,2300,0
LEN,60,20250422,100000,2.97,2.97,2.93,2.93,348,0
LEN,60,20250422,130000,2.97,2.97,2.97,2.97,4,0
LEN,60,20250422,140000,2.93,2.93,2.93,2.93,50,0
LEN,60,20250423,100000,2.96,2.96,2.96,2.96,2,0
LEN,60,20250423,140000,2.95,2.95,2.95,2.95,5,0
LEN,60,20250423,160000,2.94,2.94,2.93,2.93,100,0
LEN,60,20250424,100000,2.95,2.97,2.95,2.97,1798,0
LEN,60,20250424,110000,2.97,2.97,2.97,2.97,180,0
LEN,60,20250424,120000,2.97,2.97,2.97,2.97,236,0
LEN,60,20250424,130000,2.97,2.98,2.97,2.98,1040,0
LEN,60,20250424,150000,2.95,2.95,2.95,2.95,1000,0
LEN,60,20250425,100000,2.98,2.98,2.98,2.98,1002,0
LEN,60,20250425,110000,2.96,2.96,2.95,2.95,1354,0
LEN,60,20250425,120000,2.95,2.95,2.95,2.95,346,0
LEN,60,20250425,130000,2.95,2.95,2.94,2.94,369,0
LEN,60,20250425,140000,2.96,2.96,2.96,2.96,340,0
LEN,60,20250425,150000,2.94,2.94,2.93,2.93,1234,0
LEN,60,20250428,100000,2.95,2.95,2.95,2.95,2,0
LEN,60,20250428,110000,2.93,2.95,2.93,2.95,231,0
LEN,60,20250428,130000,2.93,2.94,2.93,2.94,2471,0
LEN,60,20250428,150000,2.94,2.94,2.94,2.94,50,0
LEN,60,20250428,170000,2.94,2.95,2.94,2.95,6400,0
LEN,60,20250429,100000,2.95,2.95,2.95,2.95,325,0
LEN,60,20250429,110000,2.95,2.95,2.95,2.95,84,0
LEN,60,20250429,120000,2.95,2.95,2.95,2.95,784,0
LEN,60,20250429,130000,2.92,2.92,2.9,2.9,432,0
LEN,60,20250429,140000,2.9,2.95,2.9,2.95,442,0
LEN,60,20250429,150000,2.95,2.95,2.95,2.95,250,0
LEN,60,20250429,170000,2.95,2.95,2.95,2.95,32,0
LEN,60,20250430,100000,2.9,2.94,2.9,2.91,1819,0
LEN,60,20250430,110000,2.92,2.92,2.92,2.92,678,0
LEN,60,20250430,120000,2.94,2.95,2.94,2.95,300,0
LEN,60,20250430,130000,2.95,2.95,2.88,2.89,3822,0
LEN,60,20250430,140000,2.9,2.9,2.9,2.9,1564,0
LEN,60,20250430,150000,2.9,2.9,2.9,2.9,11,0
LEN,60,20250502,100000,2.9,2.9,2.9,2.9,2,0
LEN,60,20250502,110000,2.9,2.9,2.9,2.9,133,0
LEN,60,20250502,120000,2.89,2.89,2.89,2.89,443,0
LEN,60,20250502,130000,2.9,2.9,2.9,2.9,1005,0
LEN,60,20250502,140000,2.9,2.9,2.9,2.9,990,0
LEN,60,20250502,170000,2.9,2.9,2.9,2.9,595,0
LEN,60,20250505,100000,2.9,2.9,2.89,2.89,1444,0
LEN,60,20250505,110000,2.89,2.9,2.89,2.9,462,0
LEN,60,20250505,120000,2.9,2.9,2.86,2.86,4010,0
LEN,60,20250505,130000,2.88,2.9,2.88,2.9,1108,0
LEN,60,20250505,150000,2.89,2.89,2.89,2.89,45,0
LEN,60,20250505,160000,2.89,2.89,2.89,2.89,302,0
LEN,60,20250505,170000,2.89,2.89,2.89,2.89,957,0
LEN,60,20250506,100000,2.9,2.9,2.87,2.9,33,0
LEN,60,20250506,120000,2.9,2.9,2.9,2.9,668,0
LEN,60,20250506,140000,2.87,2.87,2.87,2.87,20,0
LEN,60,20250506,160000,2.9,2.9,2.87,2.87,4120,0
LEN,60,20250506,170000,2.9,2.9,2.9,2.9,460,0
