<TICKER>,<PER>,<DATE>,<TIME>,<OPEN>,<HIGH>,<LOW>,<CLOSE>,<VOL>,<OPENINT>
MDI,60,20240411,100000,1.575,1.575,1.575,1.575,1,0
MDI,60,20240411,150000,1.54,1.54,1.525,1.525,1722,0
MDI,60,20240412,100000,1.57,1.57,1.57,1.57,2,0
MDI,60,20240412,110000,1.53,1.53,1.53,1.53,1,0
MDI,60,20240412,130000,1.53,1.53,1.53,1.53,77,0
MDI,60,20240412,140000,1.53,1.53,1.525,1.525,122,0
MDI,60,20240415,100000,1.525,1.525,1.52,1.52,2100,0
MDI,60,20240415,120000,1.52,1.52,1.52,1.52,1,0
MDI,60,20240415,160000,1.525,1.525,1.525,1.525,53,0
MDI,60,20240415,170000,1.525,1.525,1.525,1.525,89,0
MDI,60,20240416,100000,1.52,1.52,1.52,1.52,1,0
MDI,60,20240416,120000,1.525,1.525,1.525,1.525,1,0
MDI,60,20240416,130000,1.525,1.525,1.52,1.52,150,0
MDI,60,20240416,150000,1.52,1.55,1.505,1.55,5036,0
MDI,60,20240416,170000,1.55,1.55,1.55,1.55,65,0
MDI,60,20240417,100000,1.555,1.555,1.555,1.555,800,0
MDI,60,20240417,110000,1.56,1.565,1.5,1.5,1550,0
MDI,60,20240417,120000,1.5,1.5,1.49,1.495,5001,0
MDI,60,20240417,130000,1.54,1.54,1.54,1.54,1,0
MDI,60,20240418,100000,1.535,1.535,1.535,1.535,2,0
MDI,60,20240418,140000,1.5,1.5,1.5,1.5,1,0
MDI,60,20240418,150000,1.5,1.5,1.5,1.5,1,0
MDI,60,20240418,170000,1.5,1.5,1.49,1.49,97,0
MDI,60,20240419,100000,1.49,1.49,1.48,1.48,671,0
MDI,60,20240419,130000,1.49,1.49,1.49,1.49,330,0
MDI,60,20240419,140000,1.49,1.49,1.49,1.49,1,0
MDI,60,20240419,160000,1.49,1.49,1.49,1.49,1,0
MDI,60,20240422,100000,1.49,1.515,1.415,1.515,4163,0
MDI,60,20240422,130000,1.515,1.515,1.515,1.515,69,0
MDI,60,20240422,160000,1.5,1.5,1.5,1.5,1,0
MDI,60,20240422,170000,1.46,1.46,1.46,1.46,1,0
MDI,60,20240423,100000,1.51,1.51,1.46,1.51,653,0
MDI,60,20240423,110000,1.46,1.46,1.46,1.46,1,0
MDI,60,20240423,120000,1.5,1.5,1.5,1.5,3,0
MDI,60,20240423,130000,1.51,1.51,1.51,1.51,20,0
MDI,60,20240423,150000,1.47,1.47,1.47,1.47,6,0
MDI,60,20240423,170000,1.47,1.47,1.47,1.47,1,0
MDI,60,20240424,100000,1.47,1.475,1.47,1.47,802,0
MDI,60,20240424,130000,1.47,1.47,1.47,1.47,1,0
MDI,60,20240424,140000,1.505,1.505,1.505,1.505,200,0
MDI,60,20240425,100000,1.415,1.49,1.415,1.465,3439,0
MDI,60,20240425,120000,1.455,1.455,1.455,1.455,492,0
MDI,60,20240425,130000,1.46,1.46,1.46,1.46,10,0
MDI,60,20240425,150000,1.435,1.555,1.435,1.495,5984,0
MDI,60,20240425,160000,1.51,1.555,1.465,1.555,1158,0
MDI,60,20240425,170000,1.45,1.555,1.415,1.555,7378,0
MDI,60,20240426,100000,1.51,1.555,1.45,1.54,2087,0
MDI,60,20240426,110000,1.48,1.48,1.48,1.48,5,0
MDI,60,20240426,120000,1.48,1.48,1.48,1.48,1,0
MDI,60,20240426,160000,1.52,1.52,1.52,1.52,3,0
MDI,60,20240429,100000,1.52,1.52,1.52,1.52,3,0
MDI,60,20240429,140000,1.49,1.49,1.49,1.49,1,0
MDI,60,20240429,150000,1.49,1.49,1.49,1.49,1,0
MDI,60,20240429,170000,1.49,1.49,1.49,1.49,71,0
MDI,60,20240430,100000,1.52,1.52,1.52,1.52,2,0
MDI,60,20240430,120000,1.45,1.45,1.45,1.45,99,0
MDI,60,20240430,150000,1.51,1.51,1.51,1.51,14,0
MDI,60,20240430,170000,1.51,1.51,1.51,1.51,200,0
MDI,60,20240502,100000,1.52,1.52,1.52,1.52,2,0
MDI,60,20240502,130000,1.52,1.53,1.52,1.53,65,0
MDI,60,20240502,140000,1.53,1.54,1.53,1.54,71,0
MDI,60,20240502,150000,1.48,1.48,1.48,1.48,1,0
MDI,60,20240502,170000,1.54,1.54,1.54,1.54,35,0
MDI,60,20240506,100000,1.55,1.55,1.55,1.55,2,0
MDI,60,20240506,110000,1.55,1.55,1.55,1.55,310,0
MDI,60,20240506,120000,1.555,1.555,1.55,1.55,16,0
MDI,60,20240506,130000,1.55,1.55,1.55,1.55,79,0
MDI,60,20240506,140000,1.515,1.515,1.515,1.515,2,0
MDI,60,20240506,150000,1.555,1.585,1.515,1.53,3334,0
MDI,60,20240506,170000,1.53,1.53,1.525,1.525,2158,0
MDI,60,20240507,100000,1.565,1.6,1.565,1.6,583,0
MDI,60,20240507,110000,1.615,1.615,1.615,1.615,83,0
MDI,60,20240507,150000,1.555,1.555,1.555,1.555,600,0
MDI,60,20240507,160000,1.54,1.54,1.535,1.535,1243,0
MDI,60,20240507,170000,1.55,1.555,1.54,1.555,247,0
MDI,60,20240508,100000,1.56,1.56,1.56,1.56,12,0
MDI,60,20240508,110000,1.56,1.56,1.56,1.56,1365,0
MDI,60,20240508,130000,1.54,1.58,1.54,1.58,410,0
MDI,60,20240508,150000,1.58,1.58,1.58,1.58,500,0
MDI,60,20240508,160000,1.54,1.54,1.54,1.54,13,0
MDI,60,20240509,100000,1.58,1.62,1.58,1.62,835,0
MDI,60,20240509,120000,1.61,1.61,1.61,1.61,1307,0
MDI,60,20240509,140000,1.585,1.585,1.585,1.585,1,0
MDI,60,20240510,100000,1.615,1.615,1.615,1.615,2,0
MDI,60,20240510,120000,1.605,1.605,1.605,1.605,1694,0
MDI,60,20240510,140000,1.61,1.61,1.56,1.56,3759,0
MDI,60,20240510,150000,1.605,1.605,1.605,1.605,10,0
MDI,60,20240510,160000,1.55,1.55,1.55,1.55,1,0
MDI,60,20240513,100000,1.415,1.555,1.415,1.55,9697,0
MDI,60,20240513,110000,1.51,1.51,1.51,1.51,317,0
MDI,60,20240513,120000,1.525,1.525,1.525,1.525,50,0
MDI,60,20240513,130000,1.53,1.555,1.51,1.51,190,0
MDI,60,20240513,140000,1.51,1.51,1.51,1.51,500,0
MDI,60,20240513,150000,1.54,1.54,1.54,1.54,102,0
MDI,60,20240513,160000,1.545,1.545,1.545,1.545,750,0
MDI,60,20240514,100000,1.545,1.545,1.545,1.545,130,0
MDI,60,20240514,110000,1.515,1.515,1.515,1.515,1,0
MDI,60,20240514,140000,1.515,1.515,1.515,1.515,501,0
MDI,60,20240514,150000,1.54,1.545,1.54,1.545,494,0
MDI,60,20240514,170000,1.545,1.545,1.545,1.545,10,0
MDI,60,20240515,100000,1.57,1.57,1.525,1.525,9,0
MDI,60,20240515,120000,1.525,1.525,1.505,1.505,199,0
MDI,60,20240515,130000,1.545,1.545,1.545,1.545,10,0
MDI,60,20240515,140000,1.545,1.585,1.52,1.58,585,0
MDI,60,20240516,100000,1.58,1.58,1.58,1.58,403,0
MDI,60,20240516,120000,1.535,1.545,1.495,1.545,3033,0
MDI,60,20240516,130000,1.51,1.51,1.51,1.51,1,0
MDI,60,20240516,140000,1.515,1.515,1.495,1.495,3866,0
MDI,60,20240516,150000,1.495,1.535,1.495,1.535,92,0
MDI,60,20240516,170000,1.535,1.535,1.5,1.5,742,0
MDI,60,20240517,100000,1.5,1.5,1.485,1.485,2767,0
MDI,60,20240517,110000,1.485,1.53,1.485,1.51,1506,0
MDI,60,20240517,120000,1.495,1.495,1.495,1.495,38,0
MDI,60,20240517,140000,1.49,1.51,1.485,1.51,521,0
MDI,60,20240517,170000,1.505,1.505,1.505,1.505,28,0
MDI,60,20240520,100000,1.485,1.485,1.485,1.485,3,0
MDI,60,20240520,110000,1.485,1.49,1.485,1.49,2057,0
MDI,60,20240520,120000,1.51,1.51,1.51,1.51,6,0
MDI,60,20240520,130000,1.51,1.565,1.51,1.565,3100,0
MDI,60,20240520,150000,1.505,1.505,1.505,1.505,640,0
MDI,60,20240520,160000,1.52,1.52,1.52,1.52,389,0
MDI,60,20240520,170000,1.495,1.495,1.47,1.47,1300,0
MDI,60,20240521,100000,1.515,1.515,1.515,1.515,2,0
MDI,60,20240521,110000,1.485,1.485,1.48,1.48,8222,0
MDI,60,20240521,170000,1.48,1.48,1.48,1.48,770,0
MDI,60,20240522,100000,1.48,1.48,1.46,1.46,1162,0
MDI,60,20240522,110000,1.505,1.505,1.505,1.505,1000,0
MDI,60,20240522,130000,1.465,1.465,1.46,1.46,740,0
MDI,60,20240522,140000,1.46,1.46,1.46,1.46,1,0
MDI,60,20240522,160000,1.49,1.49,1.49,1.49,1756,0
MDI,60,20240522,170000,1.465,1.465,1.465,1.465,1146,0
MDI,60,20240523,100000,1.46,1.52,1.46,1.52,142012,0
MDI,60,20240523,110000,1.52,1.545,1.52,1.54,1602,0
MDI,60,20240523,120000,1.53,1.57,1.485,1.485,4130,0
MDI,60,20240523,130000,1.485,1.485,1.485,1.485,32,0
MDI,60,20240523,140000,1.485,1.485,1.485,1.485,1,0
MDI,60,20240523,170000,1.49,1.49,1.47,1.47,5192,0
MDI,60,20240527,100000,1.5,1.5,1.47,1.47,204,0
MDI,60,20240527,110000,1.48,1.48,1.48,1.48,885,0
MDI,60,20240527,120000,1.48,1.48,1.48,1.48,1,0
MDI,60,20240527,140000,1.5,1.5,1.49,1.49,2276,0
MDI,60,20240527,170000,1.48,1.48,1.48,1.48,10,0
MDI,60,20240528,100000,1.48,1.48,1.45,1.48,2522,0
MDI,60,20240528,110000,1.48,1.48,1.48,1.48,22,0
MDI,60,20240528,120000,1.48,1.48,1.48,1.48,1,0
MDI,60,20240528,130000,1.455,1.455,1.455,1.455,1,0
MDI,60,20240528,160000,1.455,1.455,1.455,1.455,1,0
MDI,60,20240529,100000,1.49,1.49,1.45,1.45,902,0
MDI,60,20240529,130000,1.49,1.5,1.49,1.5,1328,0
MDI,60,20240529,150000,1.455,1.455,1.455,1.455,2,0
MDI,60,20240529,160000,1.5,1.5,1.5,1.5,10,0
MDI,60,20240531,100000,1.455,1.5,1.45,1.5,1372,0
MDI,60,20240531,120000,1.47,1.47,1.47,1.47,1,0
MDI,60,20240603,100000,1.47,1.47,1.47,1.47,202,0
MDI,60,20240603,110000,1.47,1.47,1.47,1.47,101,0
MDI,60,20240603,140000,1.47,1.47,1.47,1.47,169,0
MDI,60,20240603,150000,1.47,1.49,1.47,1.49,23,0
MDI,60,20240604,100000,1.505,1.505,1.475,1.48,463,0
MDI,60,20240604,120000,1.505,1.565,1.48,1.48,6429,0
MDI,60,20240604,140000,1.505,1.505,1.46,1.46,4255,0
MDI,60,20240604,150000,1.47,1.47,1.47,1.47,22,0
MDI,60,20240604,160000,1.47,1.47,1.47,1.47,2449,0
MDI,60,20240604,170000,1.515,1.515,1.515,1.515,10,0
MDI,60,20240605,100000,1.5,1.5,1.5,1.5,1,0
MDI,60,20240605,110000,1.54,1.54,1.51,1.51,11,0
MDI,60,20240605,120000,1.51,1.51,1.51,1.51,99,0
MDI,60,20240605,130000,1.51,1.51,1.5,1.5,851,0
MDI,60,20240605,140000,1.5,1.5,1.5,1.5,1,0
MDI,60,20240605,170000,1.51,1.51,1.51,1.51,10,0
MDI,60,20240606,100000,1.5,1.5,1.44,1.44,2202,0
MDI,60,20240606,120000,1.49,1.5,1.49,1.5,200,0
MDI,60,20240606,130000,1.46,1.46,1.46,1.46,1,0
MDI,60,20240606,140000,1.5,1.5,1.5,1.5,28,0
MDI,60,20240606,150000,1.46,1.46,1.46,1.46,1,0
MDI,60,20240606,160000,1.46,1.46,1.46,1.46,530,0
MDI,60,20240606,170000,1.5,1.5,1.5,1.5,20,0
MDI,60,20240607,100000,1.455,1.5,1.455,1.495,727,0
MDI,60,20240607,110000,1.495,1.495,1.455,1.455,865,0
MDI,60,20240607,130000,1.46,1.46,1.44,1.44,272,0
MDI,60,20240607,140000,1.44,1.44,1.44,1.44,2208,0
MDI,60,20240607,160000,1.46,1.46,1.46,1.46,2,0
MDI,60,20240610,100000,1.45,1.45,1.45,1.45,1,0
MDI,60,20240610,120000,1.495,1.495,1.495,1.495,10,0
MDI,60,20240610,130000,1.46,1.46,1.46,1.46,1,0
MDI,60,20240610,140000,1.46,1.495,1.46,1.495,101,0
MDI,60,20240610,150000,1.46,1.46,1.46,1.46,1,0
MDI,60,20240611,100000,1.425,1.46,1.425,1.46,410,0
MDI,60,20240611,120000,1.43,1.445,1.43,1.43,30,0
MDI,60,20240611,130000,1.45,1.45,1.45,1.45,14,0
MDI,60,20240611,140000,1.44,1.45,1.44,1.45,29,0
MDI,60,20240611,150000,1.44,1.44,1.44,1.44,3,0
MDI,60,20240611,160000,1.44,1.44,1.44,1.44,333,0
MDI,60,20240611,170000,1.45,1.45,1.45,1.45,300,0
MDI,60,20240612,100000,1.46,1.46,1.46,1.46,16,0
MDI,60,20240612,120000,1.44,1.44,1.44,1.44,740,0
MDI,60,20240613,100000,1.46,1.46,1.46,1.46,3,0
MDI,60,20240613,110000,1.46,1.46,1.46,1.46,135,0
MDI,60,20240613,130000,1.425,1.425,1.425,1.425,700,0
MDI,60,20240613,140000,1.425,1.425,1.425,1.425,230,0
MDI,60,20240613,170000,1.46,1.46,1.425,1.425,67,0
MDI,60,20240614,100000,1.46,1.46,1.46,1.46,107,0
MDI,60,20240614,110000,1.46,1.46,1.44,1.44,203,0
MDI,60,20240614,130000,1.44,1.44,1.4,1.4,14024,0
MDI,60,20240614,170000,1.405,1.46,1.405,1.46,21,0
MDI,60,20240617,100000,1.46,1.46,1.43,1.43,1164,0
MDI,60,20240617,130000,1.41,1.41,1.41,1.41,2,0
MDI,60,20240617,140000,1.41,1.41,1.41,1.41,304,0
MDI,60,20240617,160000,1.41,1.445,1.41,1.445,1017,0
MDI,60,20240618,100000,1.46,1.46,1.46,1.46,2,0
MDI,60,20240618,120000,1.455,1.455,1.455,1.455,10,0
MDI,60,20240618,130000,1.415,1.415,1.415,1.415,1,0
MDI,60,20240618,160000,1.455,1.46,1.455,1.46,2060,0
MDI,60,20240619,100000,1.46,1.46,1.42,1.42,360,0
MDI,60,20240619,120000,1.42,1.42,1.42,1.42,1,0
MDI,60,20240619,130000,1.46,1.51,1.46,1.51,1396,0
MDI,60,20240619,140000,1.465,1.51,1.425,1.51,808,0
MDI,60,20240620,100000,1.445,1.445,1.445,1.445,1,0
MDI,60,20240620,120000,1.45,1.45,1.45,1.45,1,0
MDI,60,20240620,130000,1.48,1.48,1.48,1.48,400,0
MDI,60,20240621,100000,1.51,1.51,1.51,1.51,2,0
MDI,60,20240621,170000,1.51,1.51,1.46,1.51,40,0
MDI,60,20240624,100000,1.51,1.51,1.46,1.46,203,0
MDI,60,20240624,170000,1.46,1.55,1.435,1.55,5838,0
MDI,60,20240625,100000,1.54,1.54,1.445,1.445,3195,0
MDI,60,20240625,110000,1.54,1.54,1.465,1.465,558,0
MDI,60,20240625,130000,1.465,1.465,1.465,1.465,1,0
MDI,60,20240625,150000,1.465,1.54,1.465,1.54,11,0
MDI,60,20240625,170000,1.53,1.53,1.53,1.53,170,0
MDI,60,20240626,100000,1.47,1.53,1.47,1.5,3133,0
MDI,60,20240626,110000,1.48,1.495,1.44,1.495,254,0
MDI,60,20240626,140000,1.495,1.495,1.495,1.495,30,0
MDI,60,20240627,100000,1.495,1.495,1.495,1.495,3,0
MDI,60,20240627,170000,1.495,1.495,1.495,1.495,200,0
MDI,60,20240628,100000,1.5,1.5,1.5,1.5,2,0
MDI,60,20240628,110000,1.48,1.48,1.475,1.475,40,0
MDI,60,20240628,130000,1.495,1.525,1.48,1.48,190,0
MDI,60,20240628,150000,1.48,1.48,1.48,1.48,31,0
MDI,60,20240628,170000,1.52,1.525,1.52,1.525,170,0
MDI,60,20240701,100000,1.525,1.525,1.44,1.52,2692,0
MDI,60,20240701,170000,1.51,1.51,1.51,1.51,1,0
MDI,60,20240702,100000,1.52,1.52,1.51,1.51,12,0
MDI,60,20240702,110000,1.465,1.465,1.465,1.465,1,0
MDI,60,20240702,120000,1.47,1.47,1.47,1.47,1,0
MDI,60,20240702,130000,1.47,1.52,1.445,1.52,4659,0
MDI,60,20240702,140000,1.52,1.52,1.52,1.52,80,0
MDI,60,20240702,150000,1.475,1.505,1.45,1.505,2883,0
MDI,60,20240702,160000,1.505,1.505,1.505,1.505,2,0
MDI,60,20240702,170000,1.505,1.505,1.45,1.505,38,0
MDI,60,20240703,100000,1.455,1.495,1.455,1.495,9,0
MDI,60,20240703,110000,1.455,1.5,1.455,1.5,11,0
MDI,60,20240703,140000,1.46,1.48,1.46,1.48,186,0
MDI,60,20240703,150000,1.48,1.535,1.48,1.535,919,0
MDI,60,20240704,100000,1.54,1.54,1.48,1.48,8,0
MDI,60,20240704,120000,1.48,1.51,1.48,1.51,120,0
MDI,60,20240704,130000,1.48,1.48,1.44,1.44,1720,0
MDI,60,20240704,140000,1.5,1.5,1.455,1.455,4,0
MDI,60,20240704,160000,1.495,1.52,1.495,1.52,1175,0
MDI,60,20240705,100000,1.52,1.52,1.48,1.48,3,0
MDI,60,20240705,150000,1.48,1.48,1.44,1.45,1500,0
MDI,60,20240705,160000,1.505,1.505,1.505,1.505,3,0
MDI,60,20240708,100000,1.5,1.5,1.5,1.5,96,0
MDI,60,20240708,120000,1.45,1.45,1.45,1.45,400,0
MDI,60,20240708,130000,1.5,1.5,1.5,1.5,96,0
MDI,60,20240708,150000,1.46,1.46,1.46,1.46,71,0
MDI,60,20240709,100000,1.49,1.5,1.455,1.49,2200,0
MDI,60,20240709,110000,1.49,1.495,1.46,1.495,2316,0
MDI,60,20240709,120000,1.495,1.53,1.495,1.495,4133,0
MDI,60,20240709,130000,1.525,1.525,1.495,1.495,3069,0
MDI,60,20240709,140000,1.48,1.48,1.47,1.47,100,0
MDI,60,20240709,150000,1.465,1.465,1.465,1.465,339,0
MDI,60,20240709,170000,1.495,1.495,1.495,1.495,10,0
MDI,60,20240710,100000,1.46,1.495,1.46,1.495,8,0
MDI,60,20240710,110000,1.495,1.5,1.495,1.5,1323,0
MDI,60,20240710,160000,1.49,1.49,1.49,1.49,50,0
MDI,60,20240710,170000,1.475,1.515,1.475,1.51,3216,0
MDI,60,20240711,100000,1.51,1.51,1.51,1.51,2,0
MDI,60,20240711,110000,1.48,1.48,1.46,1.46,1000,0
MDI,60,20240711,120000,1.505,1.505,1.505,1.505,67,0
MDI,60,20240711,130000,1.505,1.505,1.505,1.505,78,0
MDI,60,20240711,140000,1.485,1.485,1.46,1.46,289,0
MDI,60,20240711,160000,1.46,1.46,1.46,1.46,1,0
MDI,60,20240711,170000,1.5,1.5,1.5,1.5,100,0
MDI,60,20240712,100000,1.5,1.5,1.5,1.5,750,0
MDI,60,20240712,110000,1.5,1.5,1.5,1.5,30,0
MDI,60,20240712,130000,1.465,1.47,1.465,1.47,2,0
MDI,60,20240712,170000,1.5,1.5,1.5,1.5,180,0
MDI,60,20240715,100000,1.5,1.5,1.5,1.5,52,0
MDI,60,20240715,110000,1.505,1.51,1.505,1.51,532,0
MDI,60,20240715,120000,1.5,1.5,1.5,1.5,1,0
MDI,60,20240715,130000,1.51,1.51,1.5,1.5,101,0
MDI,60,20240715,140000,1.51,1.51,1.51,1.51,100,0
MDI,60,20240715,160000,1.5,1.5,1.485,1.485,955,0
MDI,60,20240715,170000,1.485,1.55,1.485,1.55,2868,0
MDI,60,20240716,100000,1.55,1.55,1.495,1.495,1946,0
MDI,60,20240716,110000,1.54,1.54,1.54,1.54,7,0
MDI,60,20240716,120000,1.495,1.495,1.495,1.495,7,0
MDI,60,20240716,130000,1.495,1.495,1.47,1.47,800,0
MDI,60,20240716,150000,1.515,1.515,1.515,1.515,7,0
MDI,60,20240716,160000,1.48,1.48,1.47,1.47,67,0
MDI,60,20240716,170000,1.47,1.47,1.47,1.47,4,0
MDI,60,20240717,100000,1.51,1.51,1.47,1.47,74,0
MDI,60,20240717,110000,1.51,1.51,1.51,1.51,7,0
MDI,60,20240717,140000,1.5,1.51,1.5,1.51,2077,0
MDI,60,20240717,150000,1.51,1.51,1.51,1.51,121,0
MDI,60,20240718,100000,1.51,1.51,1.48,1.48,9,0
MDI,60,20240718,130000,1.505,1.51,1.505,1.51,146,0
MDI,60,20240718,170000,1.51,1.51,1.51,1.51,7,0
MDI,60,20240719,100000,1.51,1.51,1.51,1.51,2,0
MDI,60,20240719,120000,1.48,1.48,1.48,1.48,1,0
MDI,60,20240719,150000,1.48,1.48,1.47,1.47,112,0
MDI,60,20240722,100000,1.465,1.465,1.465,1.465,1,0
MDI,60,20240722,130000,1.465,1.465,1.465,1.465,2,0
MDI,60,20240723,100000,1.505,1.505,1.505,1.505,2,0
MDI,60,20240723,110000,1.5,1.5,1.5,1.5,213,0
MDI,60,20240723,120000,1.5,1.5,1.5,1.5,1,0
MDI,60,20240723,140000,1.5,1.5,1.5,1.5,181,0
MDI,60,20240723,150000,1.465,1.465,1.465,1.465,2,0
MDI,60,20240723,170000,1.505,1.51,1.505,1.51,107,0
MDI,60,20240724,100000,1.51,1.51,1.51,1.51,500,0
MDI,60,20240724,120000,1.48,1.48,1.48,1.48,7,0
MDI,60,20240724,160000,1.51,1.51,1.51,1.51,7,0
MDI,60,20240725,100000,1.51,1.51,1.5,1.5,502,0
MDI,60,20240725,110000,1.5,1.5,1.5,1.5,200,0
MDI,60,20240725,120000,1.5,1.5,1.5,1.5,300,0
MDI,60,20240726,100000,1.51,1.51,1.51,1.51,2,0
MDI,60,20240726,130000,1.5,1.51,1.5,1.51,982,0
MDI,60,20240726,140000,1.48,1.48,1.475,1.475,17,0
MDI,60,20240726,150000,1.475,1.475,1.45,1.45,993,0
MDI,60,20240726,170000,1.485,1.485,1.485,1.485,80,0
MDI,60,20240729,100000,1.485,1.485,1.46,1.46,3,0
MDI,60,20240729,110000,1.465,1.465,1.465,1.465,1,0
MDI,60,20240729,130000,1.465,1.465,1.465,1.465,78,0
MDI,60,20240729,140000,1.465,1.465,1.465,1.465,1,0
MDI,60,20240729,160000,1.465,1.465,1.45,1.45,3000,0
MDI,60,20240729,170000,1.485,1.49,1.465,1.465,17,0
MDI,60,20240730,100000,1.49,1.49,1.45,1.45,102,0
MDI,60,20240730,150000,1.49,1.49,1.49,1.49,100,0
MDI,60,20240731,100000,1.49,1.49,1.49,1.49,2,0
MDI,60,20240731,170000,1.48,1.48,1.46,1.46,115,0
MDI,60,20240801,100000,1.485,1.485,1.485,1.485,2,0
MDI,60,20240801,110000,1.46,1.46,1.46,1.46,2,0
MDI,60,20240801,150000,1.48,1.48,1.48,1.48,1,0
MDI,60,20240801,170000,1.48,1.48,1.48,1.48,7,0
MDI,60,20240802,100000,1.49,1.495,1.48,1.48,544,0
MDI,60,20240802,120000,1.47,1.47,1.47,1.47,100,0
MDI,60,20240802,130000,1.47,1.47,1.465,1.465,57,0
MDI,60,20240802,140000,1.47,1.47,1.47,1.47,100,0
MDI,60,20240802,150000,1.47,1.47,1.47,1.47,50,0
MDI,60,20240802,170000,1.47,1.47,1.47,1.47,50,0
MDI,60,20240805,100000,1.465,1.465,1.45,1.45,952,0
MDI,60,20240805,110000,1.45,1.45,1.42,1.42,1758,0
MDI,60,20240805,120000,1.42,1.42,1.405,1.405,6515,0
MDI,60,20240805,130000,1.41,1.41,1.41,1.41,6,0
MDI,60,20240805,140000,1.41,1.41,1.41,1.41,82,0
MDI,60,20240805,150000,1.405,1.405,1.405,1.405,12,0
MDI,60,20240805,170000,1.425,1.425,1.4,1.4,3000,0
MDI,60,20240806,100000,1.43,1.485,1.4,1.44,2546,0
MDI,60,20240806,110000,1.4,1.4,1.4,1.4,1,0
MDI,60,20240806,160000,1.4,1.4,1.4,1.4,1,0
MDI,60,20240807,100000,1.455,1.455,1.45,1.45,3,0
MDI,60,20240807,120000,1.41,1.41,1.41,1.41,1,0
MDI,60,20240808,100000,1.39,1.395,1.39,1.395,283,0
MDI,60,20240808,130000,1.45,1.47,1.45,1.47,138,0
MDI,60,20240808,140000,1.41,1.41,1.41,1.41,12,0
MDI,60,20240808,160000,1.46,1.465,1.46,1.465,100,0
MDI,60,20240808,170000,1.465,1.495,1.465,1.495,325,0
MDI,60,20240809,100000,1.5,1.5,1.49,1.49,20,0
MDI,60,20240809,120000,1.49,1.49,1.47,1.48,32,0
MDI,60,20240809,150000,1.495,1.495,1.49,1.49,22,0
MDI,60,20240809,170000,1.49,1.49,1.49,1.49,15,0
MDI,60,20240812,100000,1.49,1.49,1.49,1.49,3,0
MDI,60,20240812,110000,1.495,1.495,1.495,1.495,10,0
MDI,60,20240812,120000,1.495,1.495,1.495,1.495,40,0
MDI,60,20240812,130000,1.495,1.495,1.48,1.495,325,0
MDI,60,20240812,140000,1.48,1.48,1.47,1.47,19,0
MDI,60,20240812,160000,1.48,1.48,1.48,1.48,20,0
MDI,60,20240812,170000,1.48,1.48,1.48,1.48,60,0
MDI,60,20240813,100000,1.48,1.48,1.48,1.48,2,0
MDI,60,20240813,110000,1.48,1.48,1.48,1.48,20,0
MDI,60,20240813,130000,1.475,1.475,1.475,1.475,1,0
MDI,60,20240813,140000,1.475,1.475,1.47,1.47,25,0
MDI,60,20240813,150000,1.475,1.475,1.475,1.475,100,0
MDI,60,20240813,170000,1.475,1.475,1.475,1.475,20,0
MDI,60,20240814,100000,1.475,1.475,1.475,1.475,2,0
MDI,60,20240814,110000,1.47,1.47,1.47,1.47,5,0
MDI,60,20240814,120000,1.475,1.475,1.475,1.475,50,0
MDI,60,20240814,130000,1.475,1.475,1.475,1.475,50,0
MDI,60,20240814,140000,1.475,1.475,1.475,1.475,100,0
MDI,60,20240814,160000,1.465,1.465,1.465,1.465,6,0
MDI,60,20240814,170000,1.475,1.475,1.475,1.475,50,0
MDI,60,20240816,100000,1.47,1.53,1.47,1.52,3763,0
MDI,60,20240816,110000,1.52,1.735,1.52,1.645,19377,0
MDI,60,20240816,120000,1.63,1.63,1.54,1.54,5528,0
MDI,60,20240816,130000,1.605,1.605,1.605,1.605,2,0
MDI,60,20240816,140000,1.54,1.54,1.54,1.54,1,0
MDI,60,20240816,150000,1.55,1.555,1.505,1.55,2026,0
MDI,60,20240816,160000,1.51,1.55,1.51,1.55,16,0
MDI,60,20240816,170000,1.545,1.55,1.545,1.55,34,0
MDI,60,20240819,100000,1.55,1.57,1.5,1.57,2217,0
MDI,60,20240819,120000,1.505,1.505,1.505,1.505,5,0
MDI,60,20240819,140000,1.55,1.55,1.55,1.55,10,0
MDI,60,20240820,100000,1.55,1.55,1.55,1.55,2,0
MDI,60,20240820,110000,1.515,1.515,1.515,1.515,872,0
MDI,60,20240820,120000,1.535,1.535,1.535,1.535,1000,0
MDI,60,20240820,130000,1.51,1.51,1.51,1.51,1,0
MDI,60,20240820,140000,1.51,1.55,1.51,1.55,1659,0
MDI,60,20240820,150000,1.55,1.55,1.55,1.55,10,0
MDI,60,20240820,160000,1.55,1.55,1.55,1.55,10,0
MDI,60,20240820,170000,1.51,1.54,1.51,1.54,200,0
MDI,60,20240821,100000,1.55,1.565,1.51,1.565,1135,0
MDI,60,20240821,130000,1.555,1.56,1.555,1.56,635,0
MDI,60,20240821,170000,1.55,1.56,1.55,1.56,127,0
MDI,60,20240822,100000,1.565,1.565,1.565,1.565,473,0
MDI,60,20240822,140000,1.525,1.525,1.525,1.525,607,0
MDI,60,20240822,160000,1.525,1.525,1.525,1.525,60,0
MDI,60,20240823,100000,1.525,1.565,1.525,1.565,50,0
MDI,60,20240823,120000,1.56,1.56,1.56,1.56,20,0
MDI,60,20240823,130000,1.52,1.52,1.52,1.52,1,0
MDI,60,20240823,140000,1.52,1.52,1.52,1.52,1,0
MDI,60,20240823,150000,1.52,1.52,1.52,1.52,2,0
MDI,60,20240823,160000,1.56,1.56,1.56,1.56,20,0
MDI,60,20240823,170000,1.56,1.565,1.52,1.525,1410,0
MDI,60,20240826,100000,1.525,1.525,1.525,1.525,69,0
MDI,60,20240826,110000,1.525,1.565,1.52,1.52,2037,0
MDI,60,20240826,120000,1.52,1.52,1.52,1.52,1,0
MDI,60,20240826,130000,1.52,1.58,1.52,1.58,7305,0
MDI,60,20240826,140000,1.58,1.66,1.58,1.635,3689,0
MDI,60,20240826,150000,1.615,1.615,1.57,1.6,2068,0
MDI,60,20240826,160000,1.59,1.59,1.59,1.59,100,0
MDI,60,20240826,170000,1.57,1.595,1.57,1.595,22,0
MDI,60,20240827,100000,1.565,1.595,1.55,1.55,104,0
MDI,60,20240827,110000,1.585,1.585,1.585,1.585,7,0
MDI,60,20240827,150000,1.545,1.545,1.54,1.54,400,0
MDI,60,20240827,160000,1.54,1.54,1.54,1.54,63,0
MDI,60,20240827,170000,1.565,1.565,1.565,1.565,10,0
MDI,60,20240828,100000,1.565,1.565,1.565,1.565,1,0
MDI,60,20240828,120000,1.565,1.59,1.565,1.59,70,0
MDI,60,20240828,130000,1.555,1.555,1.55,1.55,113,0
MDI,60,20240828,140000,1.545,1.55,1.545,1.55,102,0
MDI,60,20240828,150000,1.545,1.545,1.51,1.51,356,0
MDI,60,20240828,170000,1.51,1.51,1.45,1.45,2997,0
MDI,60,20240829,100000,1.545,1.585,1.515,1.585,1610,0
MDI,60,20240829,110000,1.58,1.58,1.58,1.58,188,0
MDI,60,20240829,120000,1.58,1.58,1.58,1.58,150,0
MDI,60,20240829,130000,1.58,1.65,1.555,1.6,6873,0
MDI,60,20240829,140000,1.6,1.6,1.58,1.58,1566,0
MDI,60,20240829,150000,1.58,1.6,1.58,1.6,4674,0
MDI,60,20240829,160000,1.61,1.64,1.605,1.64,402,0
MDI,60,20240829,170000,1.635,1.635,1.635,1.635,1500,0
MDI,60,20240830,100000,1.65,1.815,1.61,1.7,148949,0
MDI,60,20240830,110000,1.695,1.7,1.525,1.59,66794,0
MDI,60,20240830,120000,1.59,1.59,1.55,1.55,2787,0
MDI,60,20240830,130000,1.585,1.6,1.585,1.59,1463,0
MDI,60,20240830,140000,1.575,1.595,1.57,1.595,1170,0
MDI,60,20240830,150000,1.57,1.595,1.55,1.595,1031,0
MDI,60,20240830,160000,1.555,1.59,1.55,1.59,2777,0
MDI,60,20240830,170000,1.595,1.595,1.535,1.535,5191,0
MDI,60,20240902,100000,1.575,1.575,1.535,1.535,5933,0
MDI,60,20240902,110000,1.535,1.575,1.53,1.545,3007,0
MDI,60,20240902,120000,1.57,1.59,1.57,1.59,400,0
MDI,60,20240902,130000,1.57,1.585,1.53,1.585,4348,0
MDI,60,20240902,140000,1.54,1.575,1.54,1.575,129,0
MDI,60,20240902,150000,1.575,1.575,1.575,1.575,100,0
MDI,60,20240902,160000,1.575,1.575,1.55,1.575,832,0
MDI,60,20240902,170000,1.575,1.575,1.575,1.575,220,0
MDI,60,20240903,100000,1.57,1.57,1.5,1.5,6468,0
MDI,60,20240903,110000,1.5,1.5,1.46,1.46,14258,0
MDI,60,20240903,120000,1.48,1.53,1.48,1.53,232,0
MDI,60,20240903,130000,1.53,1.53,1.53,1.53,66,0
MDI,60,20240903,150000,1.53,1.54,1.5,1.54,7267,0
MDI,60,20240903,160000,1.54,1.54,1.54,1.54,645,0
MDI,60,20240903,170000,1.535,1.535,1.535,1.535,20,0
MDI,60,20240904,100000,1.51,1.545,1.48,1.5,1994,0
MDI,60,20240904,110000,1.5,1.5,1.5,1.5,50,0
MDI,60,20240904,120000,1.51,1.51,1.49,1.51,21,0
MDI,60,20240904,130000,1.51,1.51,1.51,1.51,100,0
MDI,60,20240904,140000,1.51,1.51,1.51,1.51,50,0
MDI,60,20240904,150000,1.49,1.525,1.475,1.525,269,0
MDI,60,20240904,160000,1.525,1.525,1.485,1.485,1300,0
MDI,60,20240904,170000,1.52,1.525,1.52,1.525,100,0
MDI,60,20240905,100000,1.53,1.53,1.53,1.53,2,0
MDI,60,20240905,110000,1.485,1.485,1.47,1.47,300,0
MDI,60,20240905,120000,1.47,1.48,1.47,1.47,512,0
MDI,60,20240905,130000,1.48,1.48,1.47,1.47,1501,0
MDI,60,20240905,140000,1.47,1.49,1.465,1.49,3012,0
MDI,60,20240905,160000,1.52,1.525,1.465,1.465,221,0
MDI,60,20240905,170000,1.52,1.53,1.51,1.53,81,0
MDI,60,20240906,100000,1.52,1.53,1.5,1.53,240,0
MDI,60,20240906,110000,1.53,1.53,1.475,1.525,148,0
MDI,60,20240906,120000,1.48,1.485,1.48,1.485,11,0
MDI,60,20240906,130000,1.53,1.53,1.49,1.53,101,0
MDI,60,20240906,140000,1.53,1.53,1.53,1.53,150,0
MDI,60,20240906,150000,1.52,1.52,1.47,1.52,1485,0
MDI,60,20240906,160000,1.52,1.52,1.52,1.52,200,0
MDI,60,20240906,170000,1.515,1.52,1.47,1.52,422,0
MDI,60,20240909,100000,1.48,1.53,1.48,1.525,732,0
MDI,60,20240909,110000,1.525,1.525,1.51,1.51,100,0
MDI,60,20240909,130000,1.525,1.53,1.5,1.53,713,0
MDI,60,20240909,140000,1.52,1.52,1.52,1.52,16,0
MDI,60,20240909,150000,1.52,1.52,1.52,1.52,170,0
MDI,60,20240909,160000,1.52,1.54,1.52,1.54,75,0
MDI,60,20240909,170000,1.535,1.54,1.515,1.54,117,0
MDI,60,20240910,100000,1.545,1.545,1.535,1.535,95,0
MDI,60,20240910,130000,1.515,1.515,1.51,1.51,293,0
MDI,60,20240910,140000,1.51,1.51,1.505,1.505,501,0
MDI,60,20240910,150000,1.505,1.505,1.505,1.505,2049,0
MDI,60,20240911,100000,1.52,1.52,1.505,1.51,710,0
MDI,60,20240911,110000,1.525,1.525,1.525,1.525,20,0
MDI,60,20240911,120000,1.525,1.525,1.505,1.505,71,0
MDI,60,20240911,140000,1.525,1.53,1.525,1.53,781,0
MDI,60,20240911,160000,1.51,1.535,1.48,1.535,1250,0
MDI,60,20240911,170000,1.535,1.535,1.535,1.535,30,0
MDI,60,20240912,100000,1.535,1.535,1.535,1.535,27,0
MDI,60,20240912,110000,1.535,1.535,1.51,1.51,67,0
MDI,60,20240912,130000,1.515,1.535,1.515,1.535,2374,0
MDI,60,20240912,140000,1.515,1.515,1.515,1.515,20,0
MDI,60,20240912,150000,1.545,1.545,1.545,1.545,190,0
MDI,60,20240912,160000,1.515,1.545,1.5,1.545,1810,0
MDI,60,20240912,170000,1.545,1.545,1.545,1.545,20,0
MDI,60,20240913,100000,1.54,1.54,1.54,1.54,13,0
MDI,60,20240913,130000,1.525,1.525,1.525,1.525,10,0
MDI,60,20240913,140000,1.525,1.525,1.525,1.525,10,0
MDI,60,20240913,160000,1.525,1.525,1.525,1.525,10,0
MDI,60,20240916,100000,1.535,1.535,1.535,1.535,2,0
MDI,60,20240916,160000,1.525,1.525,1.525,1.525,7,0
MDI,60,20240916,170000,1.525,1.525,1.5,1.525,37,0
MDI,60,20240917,100000,1.51,1.51,1.5,1.5,63,0
MDI,60,20240917,110000,1.495,1.51,1.48,1.51,656,0
MDI,60,20240917,150000,1.51,1.51,1.51,1.51,7,0
MDI,60,20240917,160000,1.51,1.51,1.51,1.51,38,0
MDI,60,20240917,170000,1.51,1.51,1.51,1.51,10,0
MDI,60,20240918,100000,1.515,1.515,1.465,1.465,797,0
MDI,60,20240918,110000,1.47,1.47,1.47,1.47,1,0
MDI,60,20240918,130000,1.505,1.505,1.505,1.505,500,0
MDI,60,20240918,140000,1.51,1.515,1.51,1.515,100,0
MDI,60,20240918,170000,1.48,1.48,1.48,1.48,10,0
MDI,60,20240919,100000,1.475,1.515,1.475,1.515,232,0
MDI,60,20240919,120000,1.51,1.56,1.51,1.555,32449,0
MDI,60,20240919,130000,1.545,1.58,1.54,1.54,1756,0
MDI,60,20240919,140000,1.53,1.555,1.48,1.49,2203,0
MDI,60,20240919,160000,1.51,1.51,1.51,1.51,1,0
MDI,60,20240919,170000,1.505,1.505,1.47,1.505,5655,0
MDI,60,20240920,100000,1.505,1.54,1.5,1.5,697,0
MDI,60,20240920,120000,1.535,1.535,1.495,1.495,11,0
MDI,60,20240920,140000,1.495,1.495,1.495,1.495,112,0
MDI,60,20240920,160000,1.495,1.495,1.495,1.495,29,0
MDI,60,20240923,100000,1.5,1.5,1.5,1.5,657,0
MDI,60,20240923,110000,1.5,1.5,1.5,1.5,300,0
MDI,60,20240923,140000,1.505,1.505,1.48,1.48,200,0
MDI,60,20240923,160000,1.48,1.485,1.47,1.48,1742,0
MDI,60,20240924,100000,1.48,1.48,1.48,1.48,2,0
MDI,60,20240924,110000,1.48,1.48,1.48,1.48,100,0
MDI,60,20240924,120000,1.455,1.455,1.455,1.455,1,0
MDI,60,20240924,140000,1.455,1.455,1.455,1.455,1,0
MDI,60,20240924,160000,1.48,1.48,1.48,1.48,200,0
MDI,60,20240924,170000,1.455,1.475,1.43,1.475,3034,0
MDI,60,20240925,100000,1.475,1.475,1.46,1.46,30,0
MDI,60,20240925,110000,1.45,1.45,1.45,1.45,2,0
MDI,60,20240925,120000,1.475,1.49,1.475,1.49,15,0
MDI,60,20240925,130000,1.46,1.46,1.46,1.46,1123,0
MDI,60,20240925,140000,1.46,1.46,1.46,1.46,100,0
MDI,60,20240925,150000,1.46,1.46,1.455,1.46,804,0
MDI,60,20240925,160000,1.485,1.485,1.485,1.485,10,0
MDI,60,20240925,170000,1.47,1.485,1.45,1.485,205,0
MDI,60,20240926,100000,1.48,1.485,1.48,1.485,110,0
MDI,60,20240926,110000,1.44,1.44,1.44,1.44,100,0
MDI,60,20240926,120000,1.48,1.485,1.48,1.485,200,0
MDI,60,20240926,150000,1.46,1.46,1.46,1.46,698,0
MDI,60,20240926,170000,1.46,1.48,1.43,1.48,505,0
MDI,60,20240927,100000,1.48,1.48,1.43,1.46,859,0
MDI,60,20240927,130000,1.47,1.5,1.47,1.5,800,0
MDI,60,20240927,150000,1.465,1.465,1.43,1.43,1001,0
MDI,60,20240927,160000,1.495,1.5,1.495,1.5,90,0
MDI,60,20240930,100000,1.5,1.5,1.5,1.5,81,0
MDI,60,20240930,120000,1.48,1.48,1.48,1.48,7,0
MDI,60,20240930,130000,1.48,1.48,1.48,1.48,3,0
MDI,60,20240930,150000,1.465,1.465,1.465,1.465,2,0
MDI,60,20240930,160000,1.465,1.465,1.465,1.465,2,0
MDI,60,20241001,100000,1.465,1.465,1.465,1.465,397,0
MDI,60,20241001,110000,1.455,1.455,1.455,1.455,654,0
MDI,60,20241002,100000,1.49,1.49,1.49,1.49,2,0
MDI,60,20241002,120000,1.49,1.49,1.49,1.49,9,0
MDI,60,20241002,130000,1.49,1.49,1.49,1.49,10,0
MDI,60,20241003,100000,1.45,1.45,1.45,1.45,53,0
MDI,60,20241003,110000,1.45,1.45,1.45,1.45,1,0
MDI,60,20241003,130000,1.455,1.455,1.455,1.455,9,0
MDI,60,20241003,140000,1.455,1.455,1.43,1.43,3800,0
MDI,60,20241003,150000,1.425,1.425,1.425,1.425,57,0
MDI,60,20241003,160000,1.475,1.475,1.475,1.475,100,0
MDI,60,20241003,170000,1.425,1.425,1.425,1.425,90,0
MDI,60,20241004,100000,1.425,1.425,1.425,1.425,1,0
MDI,60,20241004,110000,1.425,1.425,1.385,1.39,37938,0
MDI,60,20241004,120000,1.425,1.425,1.425,1.425,20,0
MDI,60,20241004,130000,1.465,1.49,1.435,1.435,6775,0
MDI,60,20241004,140000,1.4,1.4,1.39,1.395,471,0
MDI,60,20241004,150000,1.395,1.395,1.38,1.38,1871,0
MDI,60,20241004,160000,1.395,1.395,1.39,1.39,2810,0
MDI,60,20241004,170000,1.395,1.415,1.395,1.415,10,0
MDI,60,20241007,100000,1.415,1.475,1.4,1.4,581,0
MDI,60,20241007,110000,1.44,1.44,1.44,1.44,2,0
MDI,60,20241007,130000,1.415,1.415,1.4,1.4,474,0
MDI,60,20241007,140000,1.4,1.4,1.4,1.4,1,0
MDI,60,20241007,170000,1.44,1.44,1.44,1.44,2,0
MDI,60,20241008,100000,1.44,1.44,1.44,1.44,2,0
MDI,60,20241008,120000,1.4,1.42,1.4,1.405,115,0
MDI,60,20241008,130000,1.405,1.405,1.405,1.405,1,0
MDI,60,20241008,140000,1.415,1.415,1.415,1.415,100,0
MDI,60,20241008,150000,1.415,1.415,1.395,1.395,1792,0
MDI,60,20241009,100000,1.415,1.415,1.395,1.395,10,0
MDI,60,20241009,120000,1.415,1.43,1.415,1.43,433,0
MDI,60,20241009,160000,1.42,1.42,1.42,1.42,500,0
MDI,60,20241010,100000,1.43,1.43,1.43,1.43,2,0
MDI,60,20241010,110000,1.41,1.41,1.405,1.405,300,0
MDI,60,20241010,130000,1.425,1.455,1.425,1.455,5500,0
MDI,60,20241010,160000,1.425,1.455,1.425,1.455,4180,0
MDI,60,20241010,170000,1.465,1.465,1.465,1.465,1,0
MDI,60,20241011,100000,1.44,1.5,1.44,1.5,2551,0
MDI,60,20241011,120000,1.445,1.445,1.445,1.445,92,0
MDI,60,20241011,150000,1.45,1.45,1.45,1.45,1100,0
MDI,60,20241011,170000,1.44,1.46,1.44,1.46,225,0
MDI,60,20241014,100000,1.46,1.49,1.46,1.49,74,0
MDI,60,20241014,110000,1.49,1.49,1.49,1.49,2,0
MDI,60,20241014,120000,1.49,1.49,1.49,1.49,216,0
MDI,60,20241015,100000,1.485,1.485,1.485,1.485,20,0
MDI,60,20241015,120000,1.485,1.485,1.485,1.485,887,0
MDI,60,20241015,140000,1.46,1.46,1.415,1.42,11761,0
MDI,60,20241015,150000,1.425,1.46,1.425,1.45,2800,0
MDI,60,20241015,170000,1.42,1.46,1.39,1.455,12519,0
MDI,60,20241016,100000,1.455,1.46,1.395,1.46,2722,0
MDI,60,20241016,120000,1.44,1.44,1.44,1.44,10,0
MDI,60,20241016,130000,1.435,1.435,1.42,1.42,4641,0
MDI,60,20241016,150000,1.45,1.455,1.45,1.455,200,0
MDI,60,20241016,170000,1.425,1.455,1.395,1.45,5516,0
MDI,60,20241017,100000,1.455,1.455,1.44,1.44,9,0
MDI,60,20241017,110000,1.395,1.395,1.39,1.39,3001,0
MDI,60,20241017,120000,1.39,1.435,1.39,1.435,5,0
MDI,60,20241017,130000,1.39,1.435,1.39,1.435,11,0
MDI,60,20241017,140000,1.435,1.435,1.405,1.405,501,0
MDI,60,20241017,160000,1.45,1.45,1.45,1.45,1204,0
MDI,60,20241017,170000,1.45,1.45,1.45,1.45,20,0
MDI,60,20241018,100000,1.445,1.46,1.445,1.46,20,0
MDI,60,20241018,120000,1.45,1.47,1.43,1.43,23,0
MDI,60,20241018,130000,1.43,1.43,1.43,1.43,1,0
MDI,60,20241018,140000,1.43,1.43,1.43,1.43,1,0
MDI,60,20241018,160000,1.44,1.44,1.44,1.44,1,0
MDI,60,20241018,170000,1.45,1.46,1.39,1.45,119,0
MDI,60,20241021,100000,1.46,1.46,1.45,1.45,488,0
MDI,60,20241021,120000,1.47,1.47,1.47,1.47,3,0
MDI,60,20241021,130000,1.425,1.425,1.39,1.39,692,0
MDI,60,20241021,140000,1.45,1.45,1.45,1.45,3,0
MDI,60,20241021,150000,1.41,1.45,1.39,1.45,103,0
MDI,60,20241021,170000,1.45,1.45,1.45,1.45,300,0
MDI,60,20241022,100000,1.47,1.47,1.47,1.47,5,0
MDI,60,20241022,130000,1.405,1.465,1.39,1.395,2858,0
MDI,60,20241022,170000,1.425,1.46,1.395,1.46,1235,0
MDI,60,20241023,100000,1.46,1.465,1.46,1.465,850,0
MDI,60,20241023,110000,1.4,1.4,1.4,1.4,1,0
MDI,60,20241023,120000,1.43,1.43,1.43,1.43,10,0
MDI,60,20241023,130000,1.42,1.43,1.41,1.43,131,0
MDI,60,20241023,160000,1.42,1.425,1.405,1.425,42,0
MDI,60,20241023,170000,1.425,1.43,1.42,1.43,111,0
MDI,60,20241024,100000,1.42,1.455,1.42,1.455,11,0
MDI,60,20241024,110000,1.45,1.45,1.425,1.425,30,0
MDI,60,20241024,140000,1.44,1.455,1.39,1.39,316,0
MDI,60,20241024,150000,1.455,1.455,1.455,1.455,10,0
MDI,60,20241024,170000,1.42,1.42,1.42,1.42,1,0
MDI,60,20241025,100000,1.46,1.46,1.46,1.46,6,0
MDI,60,20241025,120000,1.43,1.43,1.42,1.42,12,0
MDI,60,20241025,130000,1.43,1.43,1.43,1.43,10,0
MDI,60,20241025,140000,1.43,1.43,1.43,1.43,10,0
MDI,60,20241025,160000,1.42,1.43,1.42,1.43,368,0
MDI,60,20241025,170000,1.43,1.43,1.43,1.43,100,0
MDI,60,20241028,100000,1.405,1.405,1.405,1.405,3,0
MDI,60,20241028,130000,1.405,1.405,1.405,1.405,1,0
MDI,60,20241028,150000,1.45,1.45,1.45,1.45,3,0
MDI,60,20241028,170000,1.445,1.445,1.445,1.445,10,0
MDI,60,20241029,100000,1.41,1.41,1.41,1.41,2,0
MDI,60,20241029,110000,1.43,1.43,1.43,1.43,1,0
MDI,60,20241029,130000,1.43,1.43,1.415,1.415,252,0
MDI,60,20241030,100000,1.41,1.41,1.41,1.41,1,0
MDI,60,20241030,110000,1.42,1.42,1.42,1.42,1,0
MDI,60,20241030,120000,1.42,1.42,1.42,1.42,1,0
MDI,60,20241030,130000,1.42,1.42,1.4,1.4,181,0
MDI,60,20241030,140000,1.4,1.4,1.395,1.395,11,0
MDI,60,20241030,150000,1.395,1.395,1.395,1.395,1,0
MDI,60,20241030,160000,1.4,1.4,1.4,1.4,200,0
MDI,60,20241030,170000,1.4,1.43,1.4,1.43,142,0
MDI,60,20241031,100000,1.43,1.43,1.43,1.43,50,0
MDI,60,20241031,120000,1.43,1.44,1.43,1.44,273,0
MDI,60,20241104,100000,1.44,1.44,1.44,1.44,2,0
MDI,60,20241104,110000,1.42,1.42,1.42,1.42,2,0
MDI,60,20241104,120000,1.42,1.42,1.42,1.42,1,0
MDI,60,20241104,140000,1.42,1.42,1.42,1.42,1,0
MDI,60,20241104,150000,1.42,1.435,1.42,1.435,1501,0
MDI,60,20241105,100000,1.425,1.43,1.42,1.43,17,0
MDI,60,20241105,110000,1.405,1.405,1.39,1.39,1501,0
MDI,60,20241105,120000,1.395,1.395,1.395,1.395,12,0
MDI,60,20241105,140000,1.405,1.405,1.405,1.405,1,0
MDI,60,20241105,170000,1.425,1.425,1.425,1.425,10,0
MDI,60,20241106,100000,1.43,1.43,1.43,1.43,133,0
MDI,60,20241106,130000,1.43,1.43,1.43,1.43,211,0
MDI,60,20241106,140000,1.435,1.435,1.435,1.435,100,0
MDI,60,20241106,150000,1.43,1.43,1.43,1.43,353,0
MDI,60,20241107,100000,1.44,1.44,1.44,1.44,2,0
MDI,60,20241107,120000,1.41,1.41,1.41,1.41,1,0
MDI,60,20241107,130000,1.41,1.41,1.41,1.41,2,0
MDI,60,20241107,160000,1.41,1.41,1.395,1.395,171,0
MDI,60,20241107,170000,1.4,1.435,1.4,1.435,101,0
MDI,60,20241108,100000,1.44,1.44,1.435,1.44,202,0
MDI,60,20241108,130000,1.42,1.44,1.42,1.44,2422,0
MDI,60,20241108,140000,1.44,1.44,1.44,1.44,701,0
MDI,60,20241108,150000,1.435,1.435,1.42,1.42,2000,0
MDI,60,20241108,160000,1.41,1.41,1.41,1.41,10,0
MDI,60,20241112,100000,1.42,1.42,1.405,1.405,532,0
MDI,60,20241112,110000,1.4,1.4,1.4,1.4,1,0
MDI,60,20241112,130000,1.4,1.4,1.4,1.4,2021,0
MDI,60,20241112,150000,1.415,1.43,1.415,1.425,503,0
MDI,60,20241112,160000,1.395,1.42,1.395,1.42,1002,0
MDI,60,20241112,170000,1.42,1.43,1.42,1.43,710,0
MDI,60,20241113,100000,1.43,1.43,1.43,1.43,150,0
MDI,60,20241113,110000,1.405,1.405,1.395,1.395,72,0
MDI,60,20241113,120000,1.425,1.45,1.425,1.45,1000,0
MDI,60,20241113,140000,1.41,1.41,1.395,1.4,1600,0
MDI,60,20241113,160000,1.395,1.395,1.395,1.395,1000,0
MDI,60,20241113,170000,1.44,1.44,1.4,1.44,22,0
MDI,60,20241114,100000,1.415,1.415,1.405,1.405,73,0
MDI,60,20241114,120000,1.405,1.405,1.4,1.4,1006,0
MDI,60,20241114,130000,1.4,1.4,1.39,1.39,2569,0
MDI,60,20241114,140000,1.395,1.395,1.39,1.39,325,0
MDI,60,20241114,160000,1.42,1.42,1.42,1.42,10,0
MDI,60,20241114,170000,1.42,1.42,1.42,1.42,100,0
MDI,60,20241115,100000,1.41,1.41,1.41,1.41,10,0
MDI,60,20241115,110000,1.4,1.4,1.4,1.4,430,0
MDI,60,20241115,120000,1.395,1.44,1.385,1.39,6511,0
MDI,60,20241115,130000,1.435,1.435,1.395,1.395,16,0
MDI,60,20241115,140000,1.42,1.42,1.42,1.42,1110,0
MDI,60,20241118,100000,1.44,1.44,1.44,1.44,2,0
MDI,60,20241118,110000,1.405,1.405,1.385,1.385,117,0
MDI,60,20241118,140000,1.39,1.4,1.39,1.4,101,0
MDI,60,20241119,100000,1.39,1.44,1.39,1.39,3179,0
MDI,60,20241119,110000,1.39,1.39,1.39,1.39,600,0
MDI,60,20241119,120000,1.385,1.425,1.385,1.425,10,0
MDI,60,20241119,130000,1.425,1.44,1.395,1.395,301,0
MDI,60,20241119,140000,1.395,1.395,1.395,1.395,65,0
MDI,60,20241119,150000,1.385,1.385,1.385,1.385,1,0
MDI,60,20241120,100000,1.385,1.44,1.37,1.37,4274,0
MDI,60,20241120,110000,1.43,1.44,1.43,1.44,700,0
MDI,60,20241120,120000,1.405,1.405,1.395,1.395,64,0
MDI,60,20241120,130000,1.41,1.41,1.41,1.41,1,0
MDI,60,20241120,160000,1.41,1.41,1.41,1.41,9,0
MDI,60,20241120,170000,1.41,1.41,1.4,1.4,87,0
MDI,60,20241121,100000,1.43,1.43,1.43,1.43,2,0
MDI,60,20241121,110000,1.395,1.395,1.395,1.395,1,0
MDI,60,20241121,120000,1.395,1.395,1.395,1.395,2,0
MDI,60,20241121,140000,1.42,1.42,1.42,1.42,500,0
MDI,60,20241121,160000,1.4,1.42,1.4,1.42,11,0
MDI,60,20241122,100000,1.42,1.45,1.42,1.45,3502,0
MDI,60,20241122,110000,1.445,1.445,1.445,1.445,647,0
MDI,60,20241122,130000,1.41,1.41,1.4,1.4,78,0
MDI,60,20241122,140000,1.44,1.44,1.41,1.41,251,0
MDI,60,20241122,170000,1.4,1.43,1.4,1.43,12,0
MDI,60,20241125,100000,1.43,1.43,1.43,1.43,900,0
MDI,60,20241125,120000,1.43,1.43,1.415,1.415,487,0
MDI,60,20241125,130000,1.415,1.415,1.415,1.415,1,0
MDI,60,20241125,140000,1.42,1.42,1.42,1.42,212,0
MDI,60,20241125,150000,1.42,1.42,1.42,1.42,954,0
MDI,60,20241125,160000,1.42,1.42,1.42,1.42,46,0
MDI,60,20241125,170000,1.42,1.42,1.42,1.42,100,0
MDI,60,20241126,100000,1.44,1.44,1.4,1.4,235,0
MDI,60,20241126,120000,1.44,1.44,1.44,1.44,2010,0
MDI,60,20241126,140000,1.42,1.42,1.42,1.42,1,0
MDI,60,20241126,150000,1.42,1.42,1.42,1.42,1,0
MDI,60,20241126,160000,1.42,1.42,1.42,1.42,8,0
MDI,60,20241126,170000,1.415,1.415,1.415,1.415,70,0
MDI,60,20241127,100000,1.42,1.42,1.39,1.39,3360,0
MDI,60,20241127,110000,1.42,1.42,1.42,1.42,10,0
MDI,60,20241128,100000,1.38,1.435,1.38,1.435,5959,0
MDI,60,20241128,110000,1.385,1.435,1.385,1.435,2300,0
MDI,60,20241128,130000,1.39,1.39,1.385,1.385,4001,0
MDI,60,20241128,150000,1.425,1.435,1.425,1.435,3908,0
MDI,60,20241128,170000,1.43,1.43,1.385,1.385,449,0
MDI,60,20241129,100000,1.385,1.4,1.385,1.4,1531,0
MDI,60,20241129,110000,1.39,1.39,1.39,1.39,1,0
MDI,60,20241129,120000,1.39,1.39,1.38,1.38,8634,0
MDI,60,20241129,140000,1.39,1.39,1.39,1.39,10,0
MDI,60,20241129,150000,1.39,1.39,1.385,1.385,1021,0
MDI,60,20241129,160000,1.39,1.39,1.39,1.39,20,0
MDI,60,20241129,170000,1.385,1.385,1.385,1.385,188,0
MDI,60,20241202,100000,1.415,1.415,1.385,1.385,3213,0
MDI,60,20241202,120000,1.41,1.41,1.4,1.4,51,0
MDI,60,20241202,150000,1.41,1.41,1.4,1.4,27,0
MDI,60,20241203,100000,1.41,1.41,1.41,1.41,2,0
MDI,60,20241203,110000,1.41,1.485,1.39,1.48,21954,0
MDI,60,20241203,120000,1.44,1.47,1.405,1.42,2669,0
MDI,60,20241203,130000,1.415,1.415,1.4,1.4,78,0
MDI,60,20241203,140000,1.405,1.45,1.395,1.45,7166,0
MDI,60,20241203,160000,1.405,1.415,1.4,1.415,101,0
MDI,60,20241203,170000,1.4,1.4,1.4,1.4,50,0
MDI,60,20241204,100000,1.435,1.435,1.39,1.39,82,0
MDI,60,20241204,110000,1.4,1.42,1.385,1.42,1011,0
MDI,60,20241204,120000,1.39,1.39,1.385,1.385,6025,0
MDI,60,20241204,130000,1.385,1.385,1.385,1.385,1,0
MDI,60,20241204,150000,1.385,1.43,1.37,1.395,26262,0
MDI,60,20241204,160000,1.395,1.395,1.38,1.395,152,0
MDI,60,20241204,170000,1.385,1.4,1.385,1.395,31,0
MDI,60,20241205,100000,1.385,1.435,1.385,1.435,13,0
MDI,60,20241205,110000,1.385,1.385,1.385,1.385,11,0
MDI,60,20241205,170000,1.385,1.385,1.385,1.385,1,0
MDI,60,20241206,100000,1.43,1.43,1.43,1.43,3,0
MDI,60,20241206,110000,1.41,1.43,1.41,1.41,2211,0
MDI,60,20241206,120000,1.41,1.41,1.41,1.41,1,0
MDI,60,20241206,130000,1.41,1.41,1.37,1.37,855,0
MDI,60,20241206,140000,1.415,1.415,1.415,1.415,100,0
MDI,60,20241206,150000,1.37,1.37,1.37,1.37,400,0
MDI,60,20241206,160000,1.375,1.375,1.37,1.37,2360,0
MDI,60,20241206,170000,1.38,1.415,1.37,1.415,310,0
MDI,60,20241209,100000,1.37,1.425,1.37,1.42,2152,0
MDI,60,20241209,130000,1.38,1.42,1.375,1.375,3046,0
MDI,60,20241209,140000,1.425,1.425,1.38,1.38,31,0
MDI,60,20241209,160000,1.4,1.4,1.4,1.4,100,0
MDI,60,20241209,170000,1.38,1.4,1.38,1.4,1199,0
MDI,60,20241210,100000,1.42,1.42,1.375,1.375,3,0
MDI,60,20241210,110000,1.41,1.43,1.41,1.425,8400,0
MDI,60,20241210,120000,1.38,1.38,1.38,1.38,201,0
MDI,60,20241210,130000,1.38,1.38,1.38,1.38,2,0
MDI,60,20241210,140000,1.38,1.38,1.38,1.38,1,0
MDI,60,20241210,160000,1.38,1.38,1.375,1.375,4417,0
MDI,60,20241210,170000,1.405,1.415,1.405,1.415,35,0
MDI,60,20241211,100000,1.415,1.42,1.4,1.42,9112,0
MDI,60,20241211,120000,1.41,1.425,1.41,1.41,249,0
MDI,60,20241211,130000,1.425,1.425,1.425,1.425,10,0
MDI,60,20241211,140000,1.42,1.42,1.39,1.39,335,0
MDI,60,20241211,170000,1.425,1.425,1.425,1.425,122,0
MDI,60,20241212,100000,1.42,1.42,1.39,1.39,21,0
MDI,60,20241212,130000,1.39,1.395,1.375,1.375,901,0
MDI,60,20241212,140000,1.395,1.395,1.395,1.395,100,0
MDI,60,20241212,150000,1.375,1.375,1.375,1.375,1961,0
MDI,60,20241212,160000,1.395,1.42,1.395,1.42,3600,0
MDI,60,20241212,170000,1.41,1.41,1.4,1.4,103,0
MDI,60,20241213,100000,1.42,1.42,1.4,1.4,262,0
MDI,60,20241213,120000,1.415,1.415,1.415,1.415,10,0
MDI,60,20241213,130000,1.4,1.4,1.4,1.4,1,0
MDI,60,20241213,140000,1.4,1.4,1.4,1.4,350,0
MDI,60,20241213,150000,1.38,1.38,1.285,1.285,40210,0
MDI,60,20241213,160000,1.28,1.3,1.28,1.3,162089,0
MDI,60,20241213,170000,1.3,1.3,1.29,1.3,30099,0
MDI,60,20241216,100000,1.3,1.4,1.3,1.32,41925,0
MDI,60,20241216,120000,1.37,1.385,1.32,1.32,2457,0
MDI,60,20241216,130000,1.375,1.385,1.34,1.34,622,0
MDI,60,20241216,140000,1.34,1.385,1.3,1.38,5439,0
MDI,60,20241216,160000,1.31,1.32,1.305,1.305,112,0
MDI,60,20241216,170000,1.305,1.38,1.305,1.32,555,0
MDI,60,20241217,100000,1.32,1.33,1.31,1.32,112,0
MDI,60,20241217,110000,1.32,1.32,1.3,1.3,200,0
MDI,60,20241217,120000,1.3,1.35,1.3,1.35,3956,0
MDI,60,20241217,130000,1.35,1.35,1.35,1.35,26,0
MDI,60,20241217,160000,1.31,1.31,1.28,1.28,22,0
MDI,60,20241217,170000,1.31,1.31,1.31,1.31,75,0
MDI,60,20241218,100000,1.31,1.31,1.31,1.31,20,0
MDI,60,20241218,110000,1.31,1.31,1.31,1.31,857,0
MDI,60,20241218,120000,1.3,1.37,1.28,1.37,50502,0
MDI,60,20241218,130000,1.3,1.3,1.3,1.3,1,0
MDI,60,20241218,150000,1.3,1.3,1.3,1.3,948,0
MDI,60,20241218,170000,1.3,1.31,1.3,1.31,615,0
MDI,60,20241219,100000,1.35,1.37,1.29,1.32,2073,0
MDI,60,20241219,120000,1.355,1.36,1.3,1.3,1028,0
MDI,60,20241219,130000,1.31,1.31,1.31,1.31,100,0
MDI,60,20241219,140000,1.31,1.36,1.31,1.36,9539,0
MDI,60,20241219,150000,1.335,1.335,1.335,1.335,1,0
MDI,60,20241219,160000,1.335,1.335,1.335,1.335,9,0
MDI,60,20241219,170000,1.34,1.34,1.28,1.28,210,0
MDI,60,20241220,100000,1.28,1.3,1.28,1.28,2200,0
MDI,60,20241220,110000,1.28,1.28,1.205,1.205,3067,0
MDI,60,20241220,120000,1.245,1.3,1.22,1.3,5846,0
MDI,60,20241220,130000,1.28,1.28,1.225,1.225,1864,0
MDI,60,20241220,140000,1.23,1.235,1.23,1.235,2,0
MDI,60,20241220,170000,1.235,1.235,1.23,1.23,2936,0
MDI,60,20241223,100000,1.225,1.23,1.225,1.23,840,0
MDI,60,20241223,110000,1.23,1.23,1.225,1.225,1311,0
MDI,60,20241223,120000,1.21,1.225,1.205,1.225,2100,0
MDI,60,20241223,130000,1.205,1.225,1.2,1.225,2730,0
MDI,60,20241223,140000,1.22,1.225,1.2,1.225,401,0
MDI,60,20241223,150000,1.225,1.225,1.2,1.2,1352,0
MDI,60,20241223,160000,1.22,1.225,1.2,1.225,4458,0
MDI,60,20241223,170000,1.22,1.22,1.22,1.22,2010,0
MDI,60,20241227,100000,1.22,1.25,1.13,1.13,8738,0
MDI,60,20241227,110000,1.155,1.155,1.155,1.155,30,0
MDI,60,20241227,120000,1.155,1.16,1.155,1.16,886,0
MDI,60,20241227,130000,1.15,1.16,1.15,1.15,12,0
MDI,60,20241227,140000,1.16,1.16,1.16,1.16,1921,0
MDI,60,20241227,150000,1.16,1.16,1.16,1.16,1998,0
MDI,60,20241227,160000,1.16,1.25,1.155,1.2,1119,0
MDI,60,20241227,170000,1.2,1.25,1.2,1.25,420,0
MDI,60,20241230,100000,1.22,1.25,1.2,1.25,895,0
MDI,60,20241230,110000,1.25,1.25,1.25,1.25,100,0
MDI,60,20241230,120000,1.245,1.25,1.245,1.25,317,0
MDI,60,20241230,130000,1.25,1.25,1.25,1.25,500,0
MDI,60,20241230,140000,1.23,1.23,1.2,1.2,216,0
MDI,60,20241230,170000,1.25,1.25,1.2,1.25,2678,0
MDI,60,20250102,100000,1.245,1.26,1.245,1.26,3,0
MDI,60,20250102,110000,1.26,1.26,1.26,1.26,50,0
MDI,60,20250102,120000,1.26,1.26,1.205,1.21,71,0
MDI,60,20250102,130000,1.21,1.21,1.21,1.21,31,0
MDI,60,20250102,160000,1.26,1.3,1.21,1.21,10142,0
MDI,60,20250102,170000,1.335,1.36,1.305,1.305,135,0
MDI,60,20250103,100000,1.22,1.33,1.22,1.32,872,0
MDI,60,20250103,120000,1.32,1.32,1.31,1.315,1685,0
MDI,60,20250103,130000,1.32,1.33,1.32,1.33,100,0
MDI,60,20250103,140000,1.34,1.34,1.34,1.34,2952,0
MDI,60,20250103,150000,1.34,1.34,1.34,1.34,12,0
MDI,60,20250103,170000,1.34,1.34,1.34,1.34,63,0
MDI,60,20250107,100000,1.34,1.43,1.34,1.355,11848,0
MDI,60,20250107,110000,1.415,1.435,1.385,1.435,466,0
MDI,60,20250107,120000,1.385,1.385,1.375,1.375,30,0
MDI,60,20250107,130000,1.42,1.46,1.39,1.39,5908,0
MDI,60,20250107,140000,1.46,1.47,1.46,1.47,219,0
MDI,60,20250107,150000,1.48,1.48,1.465,1.475,3779,0
MDI,60,20250107,160000,1.475,1.48,1.475,1.48,30,0
MDI,60,20250107,170000,1.475,1.475,1.475,1.475,338,0
MDI,60,20250108,100000,1.465,1.49,1.35,1.49,3749,0
MDI,60,20250108,110000,1.43,1.48,1.365,1.445,13398,0
MDI,60,20250108,120000,1.38,1.4,1.37,1.4,1011,0
MDI,60,20250108,130000,1.395,1.48,1.395,1.48,1911,0
MDI,60,20250108,140000,1.435,1.435,1.435,1.435,10,0
MDI,60,20250109,100000,1.48,1.48,1.4,1.4,13,0
MDI,60,20250109,110000,1.44,1.44,1.44,1.44,1000,0
MDI,60,20250109,140000,1.435,1.435,1.435,1.435,3,0
MDI,60,20250109,150000,1.43,1.44,1.43,1.44,153,0
MDI,60,20250109,160000,1.42,1.425,1.42,1.425,1180,0
MDI,60,20250109,170000,1.425,1.425,1.42,1.42,810,0
MDI,60,20250110,100000,1.41,1.48,1.4,1.43,1005,0
MDI,60,20250110,110000,1.41,1.41,1.33,1.4,5270,0
MDI,60,20250110,120000,1.34,1.4,1.33,1.395,10554,0
MDI,60,20250110,140000,1.39,1.39,1.39,1.39,1008,0
MDI,60,20250110,150000,1.385,1.385,1.385,1.385,200,0
MDI,60,20250110,160000,1.38,1.38,1.275,1.275,5359,0
MDI,60,20250110,170000,1.33,1.375,1.33,1.375,2139,0
MDI,60,20250113,100000,1.395,1.395,1.3,1.39,2860,0
MDI,60,20250113,130000,1.31,1.31,1.31,1.31,2,0
MDI,60,20250113,140000,1.31,1.31,1.31,1.31,1,0
MDI,60,20250113,170000,1.39,1.39,1.39,1.39,7164,0
MDI,60,20250114,100000,1.365,1.395,1.365,1.395,999,0
MDI,60,20250114,110000,1.365,1.365,1.365,1.365,2,0
MDI,60,20250114,160000,1.39,1.39,1.39,1.39,10,0
MDI,60,20250114,170000,1.37,1.37,1.37,1.37,10,0
MDI,60,20250115,100000,1.4,1.4,1.31,1.31,876,0
MDI,60,20250115,110000,1.345,1.35,1.345,1.35,25,0
MDI,60,20250115,120000,1.35,1.35,1.35,1.35,499,0
MDI,60,20250115,130000,1.345,1.345,1.305,1.305,150,0
MDI,60,20250115,140000,1.305,1.305,1.305,1.305,1,0
MDI,60,20250115,160000,1.355,1.37,1.325,1.325,162,0
MDI,60,20250115,170000,1.33,1.37,1.33,1.37,11,0
MDI,60,20250116,100000,1.38,1.38,1.315,1.315,142,0
MDI,60,20250116,120000,1.36,1.36,1.36,1.36,8,0
MDI,60,20250116,130000,1.36,1.36,1.36,1.36,2000,0
MDI,60,20250116,150000,1.315,1.315,1.315,1.315,3,0
MDI,60,20250116,160000,1.325,1.33,1.325,1.33,5565,0
MDI,60,20250116,170000,1.34,1.34,1.32,1.32,120,0
MDI,60,20250117,100000,1.365,1.365,1.31,1.35,412,0
MDI,60,20250117,110000,1.35,1.35,1.35,1.35,666,0
MDI,60,20250117,130000,1.32,1.32,1.32,1.32,14,0
MDI,60,20250117,140000,1.34,1.34,1.32,1.32,166,0
MDI,60,20250117,150000,1.32,1.32,1.32,1.32,9,0
MDI,60,20250117,170000,1.315,1.32,1.315,1.32,752,0
MDI,60,20250120,100000,1.32,1.39,1.32,1.39,3948,0
MDI,60,20250120,110000,1.335,1.335,1.315,1.315,1061,0
MDI,60,20250120,140000,1.32,1.365,1.32,1.365,609,0
MDI,60,20250120,150000,1.315,1.315,1.315,1.315,1,0
MDI,60,20250120,160000,1.36,1.36,1.36,1.36,10,0
MDI,60,20250120,170000,1.36,1.36,1.36,1.36,20,0
MDI,60,20250121,100000,1.32,1.355,1.32,1.355,22,0
MDI,60,20250121,140000,1.33,1.33,1.33,1.33,1,0
MDI,60,20250121,150000,1.355,1.355,1.315,1.315,214,0
MDI,60,20250121,160000,1.355,1.355,1.355,1.355,10,0
MDI,60,20250121,170000,1.3,1.355,1.295,1.355,822,0
MDI,60,20250122,100000,1.345,1.365,1.305,1.305,50,0
MDI,60,20250122,110000,1.305,1.305,1.305,1.305,1007,0
MDI,60,20250122,120000,1.345,1.35,1.345,1.35,50,0
MDI,60,20250122,130000,1.31,1.31,1.31,1.31,1,0
MDI,60,20250122,140000,1.345,1.345,1.345,1.345,1484,0
MDI,60,20250122,160000,1.34,1.34,1.34,1.34,10,0
MDI,60,20250123,100000,1.365,1.365,1.33,1.33,12,0
MDI,60,20250123,150000,1.335,1.335,1.29,1.295,1001,0
MDI,60,20250124,100000,1.3,1.3,1.3,1.3,10,0
MDI,60,20250124,130000,1.305,1.305,1.305,1.305,1,0
MDI,60,20250124,140000,1.32,1.32,1.32,1.32,1,0
MDI,60,20250124,150000,1.34,1.34,1.33,1.34,130,0
MDI,60,20250124,160000,1.33,1.33,1.305,1.305,58,0
MDI,60,20250124,170000,1.335,1.335,1.335,1.335,20,0
MDI,60,20250127,100000,1.34,1.34,1.29,1.29,54,0
MDI,60,20250127,110000,1.335,1.335,1.335,1.335,8,0
MDI,60,20250127,140000,1.295,1.295,1.295,1.295,1,0
MDI,60,20250127,150000,1.295,1.335,1.295,1.335,107,0
MDI,60,20250127,170000,1.295,1.295,1.295,1.295,23,0
MDI,60,20250128,100000,1.29,1.3,1.285,1.3,3989,0
MDI,60,20250128,110000,1.3,1.3,1.3,1.3,200,0
MDI,60,20250128,120000,1.29,1.3,1.25,1.25,8405,0
MDI,60,20250128,130000,1.295,1.33,1.295,1.33,1020,0
MDI,60,20250128,170000,1.33,1.33,1.33,1.33,10,0
MDI,60,20250129,100000,1.33,1.33,1.33,1.33,10,0
MDI,60,20250129,110000,1.285,1.285,1.285,1.285,1,0
MDI,60,20250129,120000,1.285,1.285,1.285,1.285,1,0
MDI,60,20250129,140000,1.3,1.3,1.3,1.3,450,0
MDI,60,20250129,150000,1.3,1.3,1.25,1.26,4314,0
MDI,60,20250129,160000,1.315,1.32,1.315,1.32,300,0
MDI,60,20250129,170000,1.32,1.32,1.32,1.32,10,0
MDI,60,20250130,100000,1.28,1.315,1.275,1.315,3961,0
MDI,60,20250130,110000,1.285,1.295,1.285,1.295,1028,0
MDI,60,20250130,120000,1.295,1.295,1.28,1.295,313,0
MDI,60,20250130,130000,1.295,1.295,1.295,1.295,20,0
MDI,60,20250130,140000,1.295,1.295,1.29,1.295,152,0
MDI,60,20250130,170000,1.295,1.295,1.285,1.29,238,0
MDI,60,20250131,100000,1.3,1.3,1.26,1.27,1203,0
MDI,60,20250131,110000,1.295,1.3,1.28,1.3,120,0
MDI,60,20250131,140000,1.3,1.3,1.3,1.3,100,0
MDI,60,20250203,100000,1.27,1.3,1.27,1.3,40,0
MDI,60,20250203,110000,1.3,1.3,1.3,1.3,200,0
MDI,60,20250203,120000,1.27,1.27,1.27,1.27,41,0
MDI,60,20250204,100000,1.3,1.3,1.3,1.3,2,0
MDI,60,20250204,110000,1.27,1.3,1.245,1.3,973,0
MDI,60,20250204,120000,1.3,1.32,1.3,1.32,730,0
MDI,60,20250205,100000,1.28,1.28,1.28,1.28,2,0
MDI,60,20250205,160000,1.31,1.31,1.31,1.31,15,0
MDI,60,20250206,100000,1.28,1.315,1.26,1.315,496,0
MDI,60,20250206,110000,1.315,1.36,1.315,1.36,28,0
MDI,60,20250206,160000,1.32,1.32,1.32,1.32,17,0
MDI,60,20250207,100000,1.32,1.34,1.29,1.29,82,0
MDI,60,20250207,110000,1.29,1.345,1.29,1.335,177,0
MDI,60,20250207,120000,1.335,1.335,1.335,1.335,8,0
MDI,60,20250207,170000,1.32,1.32,1.32,1.32,10,0
MDI,60,20250210,100000,1.315,1.33,1.26,1.295,582,0
MDI,60,20250210,120000,1.29,1.295,1.29,1.295,200,0
MDI,60,20250210,130000,1.295,1.325,1.26,1.295,4596,0
MDI,60,20250210,140000,1.265,1.265,1.255,1.255,218,0
MDI,60,20250210,150000,1.265,1.27,1.255,1.255,1600,0
MDI,60,20250210,160000,1.27,1.325,1.27,1.325,3678,0
MDI,60,20250211,100000,1.28,1.305,1.28,1.28,34,0
MDI,60,20250211,110000,1.295,1.305,1.295,1.305,2350,0
MDI,60,20250211,120000,1.3,1.3,1.3,1.3,323,0
MDI,60,20250211,130000,1.26,1.3,1.26,1.3,1101,0
MDI,60,20250211,140000,1.3,1.3,1.3,1.3,550,0
MDI,60,20250211,150000,1.26,1.26,1.26,1.26,114,0
MDI,60,20250211,160000,1.295,1.305,1.295,1.305,300,0
MDI,60,20250211,170000,1.27,1.27,1.27,1.27,1,0
MDI,60,20250212,100000,1.285,1.285,1.255,1.255,8426,0
MDI,60,20250212,110000,1.285,1.3,1.26,1.26,3996,0
MDI,60,20250212,120000,1.26,1.26,1.255,1.255,97,0
MDI,60,20250212,130000,1.275,1.275,1.275,1.275,110,0
MDI,60,20250212,140000,1.255,1.255,1.25,1.25,3144,0
MDI,60,20250212,150000,1.255,1.27,1.255,1.27,333,0
MDI,60,20250212,160000,1.255,1.27,1.255,1.27,1008,0
MDI,60,20250212,170000,1.265,1.27,1.265,1.27,110,0
MDI,60,20250213,100000,1.295,1.3,1.295,1.295,178,0
MDI,60,20250213,120000,1.27,1.27,1.27,1.27,1,0
MDI,60,20250213,130000,1.27,1.27,1.25,1.25,92,0
MDI,60,20250213,140000,1.29,1.315,1.29,1.315,1800,0
MDI,60,20250213,160000,1.315,1.315,1.315,1.315,2000,0
MDI,60,20250213,170000,1.31,1.31,1.31,1.31,1,0
MDI,60,20250214,100000,1.315,1.315,1.255,1.3,1978,0
MDI,60,20250214,110000,1.26,1.26,1.26,1.26,1,0
MDI,60,20250214,130000,1.3,1.3,1.3,1.3,10,0
MDI,60,20250214,150000,1.29,1.29,1.29,1.29,100,0
MDI,60,20250214,170000,1.29,1.3,1.29,1.3,1200,0
MDI,60,20250217,100000,1.3,1.3,1.3,1.3,7,0
MDI,60,20250217,120000,1.275,1.275,1.245,1.245,1701,0
MDI,60,20250217,130000,1.265,1.265,1.265,1.265,1,0
MDI,60,20250217,140000,1.295,1.31,1.295,1.31,600,0
MDI,60,20250217,160000,1.27,1.27,1.27,1.27,1,0
MDI,60,20250217,170000,1.27,1.27,1.27,1.27,3081,0
MDI,60,20250218,100000,1.27,1.27,1.255,1.255,12,0
MDI,60,20250218,110000,1.26,1.26,1.26,1.26,2,0
MDI,60,20250218,120000,1.305,1.31,1.265,1.265,419,0
MDI,60,20250218,140000,1.265,1.265,1.265,1.265,20,0
MDI,60,20250218,150000,1.265,1.265,1.26,1.26,40,0
MDI,60,20250218,160000,1.265,1.31,1.265,1.31,460,0
MDI,60,20250218,170000,1.31,1.31,1.275,1.31,151,0
MDI,60,20250219,100000,1.31,1.31,1.275,1.275,33,0
MDI,60,20250219,130000,1.31,1.335,1.28,1.28,927,0
MDI,60,20250219,140000,1.335,1.335,1.335,1.335,10,0
MDI,60,20250219,170000,1.33,1.33,1.33,1.33,10,0
MDI,60,20250220,100000,1.31,1.33,1.28,1.33,173,0
MDI,60,20250220,110000,1.33,1.33,1.33,1.33,9,0
MDI,60,20250220,120000,1.3,1.33,1.255,1.33,6707,0
MDI,60,20250220,130000,1.3,1.3,1.3,1.3,40,0
MDI,60,20250220,140000,1.295,1.295,1.295,1.295,1200,0
MDI,60,20250220,150000,1.295,1.295,1.295,1.295,300,0
MDI,60,20250220,170000,1.295,1.33,1.25,1.325,7192,0
MDI,60,20250221,100000,1.28,1.33,1.275,1.33,41,0
MDI,60,20250221,130000,1.31,1.31,1.28,1.28,1000,0
MDI,60,20250221,140000,1.32,1.32,1.32,1.32,100,0
MDI,60,20250221,150000,1.32,1.32,1.32,1.32,10,0
MDI,60,20250221,160000,1.31,1.31,1.3,1.3,30,0
MDI,60,20250221,170000,1.315,1.315,1.295,1.305,40,0
MDI,60,20250224,100000,1.305,1.305,1.28,1.285,6147,0
MDI,60,20250224,110000,1.32,1.355,1.32,1.355,5060,0
MDI,60,20250224,120000,1.355,1.355,1.285,1.295,5928,0
MDI,60,20250224,130000,1.295,1.36,1.295,1.295,1238,0
MDI,60,20250224,160000,1.355,1.355,1.355,1.355,10,0
MDI,60,20250224,170000,1.35,1.35,1.29,1.35,4448,0
MDI,60,20250225,100000,1.355,1.355,1.3,1.3,118,0
MDI,60,20250225,110000,1.305,1.305,1.305,1.305,1,0
MDI,60,20250225,120000,1.345,1.35,1.345,1.35,12,0
MDI,60,20250225,130000,1.305,1.305,1.26,1.305,3062,0
MDI,60,20250225,140000,1.31,1.35,1.27,1.35,744,0
MDI,60,20250225,150000,1.31,1.31,1.265,1.265,200,0
MDI,60,20250225,160000,1.35,1.355,1.32,1.355,60,0
MDI,60,20250225,170000,1.34,1.34,1.265,1.34,2260,0
MDI,60,20250226,100000,1.34,1.34,1.33,1.33,152,0
MDI,60,20250226,110000,1.34,1.35,1.29,1.29,2220,0
MDI,60,20250226,130000,1.345,1.36,1.345,1.36,4282,0
MDI,60,20250226,140000,1.31,1.36,1.28,1.36,1140,0
MDI,60,20250226,150000,1.35,1.35,1.35,1.35,200,0
MDI,60,20250226,160000,1.35,1.35,1.35,1.35,200,0
MDI,60,20250226,170000,1.35,1.35,1.32,1.35,30,0
MDI,60,20250227,100000,1.33,1.33,1.305,1.31,32,0
MDI,60,20250227,110000,1.35,1.35,1.33,1.33,40,0
MDI,60,20250227,120000,1.33,1.33,1.33,1.33,30,0
MDI,60,20250227,130000,1.325,1.325,1.32,1.32,60,0
MDI,60,20250227,140000,1.325,1.33,1.325,1.33,1000,0
MDI,60,20250227,150000,1.33,1.33,1.33,1.33,190,0
MDI,60,20250228,100000,1.305,1.305,1.305,1.305,4170,0
MDI,60,20250228,130000,1.305,1.305,1.305,1.305,1,0
MDI,60,20250303,100000,1.345,1.345,1.345,1.345,2,0
MDI,60,20250303,140000,1.305,1.305,1.305,1.305,1,0
MDI,60,20250303,150000,1.34,1.355,1.34,1.355,700,0
MDI,60,20250303,160000,1.31,1.31,1.28,1.28,3187,0
MDI,60,20250303,170000,1.34,1.34,1.3,1.3,21,0
MDI,60,20250304,100000,1.345,1.345,1.28,1.28,13,0
MDI,60,20250304,120000,1.31,1.34,1.31,1.34,1100,0
MDI,60,20250305,100000,1.35,1.35,1.35,1.35,835,0
MDI,60,20250305,110000,1.33,1.33,1.33,1.33,100,0
MDI,60,20250305,120000,1.33,1.33,1.33,1.33,10,0
MDI,60,20250305,140000,1.32,1.32,1.32,1.32,8,0
MDI,60,20250305,160000,1.305,1.305,1.305,1.305,1,0
MDI,60,20250305,170000,1.32,1.32,1.32,1.32,10,0
MDI,60,20250306,100000,1.31,1.31,1.31,1.31,10,0
MDI,60,20250306,110000,1.33,1.33,1.33,1.33,10,0
MDI,60,20250306,130000,1.33,1.345,1.305,1.345,28,0
MDI,60,20250306,160000,1.345,1.345,1.31,1.31,50,0
MDI,60,20250306,170000,1.345,1.345,1.345,1.345,30,0
MDI,60,20250307,100000,1.305,1.34,1.26,1.3,304,0
MDI,60,20250307,150000,1.3,1.335,1.27,1.275,1165,0
MDI,60,20250307,160000,1.33,1.33,1.33,1.33,10,0
MDI,60,20250307,170000,1.31,1.34,1.3,1.34,62,0
MDI,60,20250310,100000,1.32,1.34,1.32,1.32,46,0
MDI,60,20250310,110000,1.32,1.32,1.31,1.31,711,0
MDI,60,20250310,120000,1.315,1.315,1.315,1.315,1,0
MDI,60,20250310,130000,1.315,1.32,1.31,1.32,21,0
MDI,60,20250310,140000,1.31,1.31,1.24,1.24,7425,0
MDI,60,20250310,150000,1.24,1.24,1.24,1.24,1000,0
MDI,60,20250310,170000,1.295,1.31,1.295,1.31,110,0
MDI,60,20250311,100000,1.31,1.31,1.31,1.31,52,0
MDI,60,20250311,120000,1.29,1.29,1.255,1.255,1000,0
MDI,60,20250311,140000,1.26,1.26,1.26,1.26,2,0
MDI,60,20250311,160000,1.305,1.305,1.305,1.305,1,0
MDI,60,20250312,100000,1.305,1.305,1.28,1.28,13,0
MDI,60,20250312,120000,1.3,1.305,1.3,1.305,12,0
MDI,60,20250312,140000,1.305,1.305,1.305,1.305,83,0
MDI,60,20250312,150000,1.285,1.32,1.285,1.32,3101,0
MDI,60,20250313,100000,1.305,1.305,1.305,1.305,9,0
MDI,60,20250313,110000,1.29,1.29,1.29,1.29,1,0
MDI,60,20250313,120000,1.305,1.32,1.305,1.32,8,0
MDI,60,20250313,130000,1.29,1.29,1.29,1.29,49,0
MDI,60,20250313,140000,1.28,1.28,1.28,1.28,96,0
MDI,60,20250313,150000,1.28,1.28,1.28,1.28,1011,0
MDI,60,20250314,100000,1.31,1.31,1.31,1.31,2,0
MDI,60,20250314,140000,1.29,1.31,1.27,1.31,421,0
MDI,60,20250317,100000,1.31,1.31,1.25,1.3,5340,0
MDI,60,20250317,110000,1.26,1.315,1.26,1.31,7258,0
MDI,60,20250317,130000,1.315,1.315,1.315,1.315,653,0
MDI,60,20250317,160000,1.29,1.29,1.26,1.26,345,0
MDI,60,20250317,170000,1.31,1.31,1.3,1.31,55,0
MDI,60,20250318,100000,1.285,1.315,1.285,1.315,553,0
MDI,60,20250318,140000,1.315,1.315,1.29,1.29,25,0
MDI,60,20250318,150000,1.315,1.32,1.315,1.32,500,0
MDI,60,20250318,160000,1.29,1.29,1.28,1.28,122,0
MDI,60,20250318,170000,1.315,1.32,1.315,1.32,95,0
MDI,60,20250319,100000,1.32,1.32,1.3,1.32,4519,0
MDI,60,20250319,130000,1.32,1.32,1.31,1.31,647,0
MDI,60,20250319,140000,1.32,1.32,1.31,1.31,451,0
MDI,60,20250319,160000,1.32,1.32,1.32,1.32,50,0
MDI,60,20250320,100000,1.32,1.32,1.295,1.295,63,0
MDI,60,20250320,110000,1.295,1.295,1.295,1.295,8,0
MDI,60,20250320,120000,1.295,1.35,1.295,1.35,4680,0
MDI,60,20250320,140000,1.34,1.34,1.34,1.34,820,0
MDI,60,20250320,150000,1.325,1.325,1.325,1.325,1,0
MDI,60,20250320,170000,1.34,1.34,1.34,1.34,10,0
MDI,60,20250321,100000,1.33,1.33,1.33,1.33,10,0
MDI,60,20250321,110000,1.33,1.34,1.33,1.34,1510,0
MDI,60,20250321,120000,1.34,1.34,1.34,1.34,400,0
MDI,60,20250321,130000,1.33,1.33,1.32,1.32,211,0
MDI,60,20250321,140000,1.31,1.31,1.31,1.31,100,0
MDI,60,20250321,150000,1.31,1.31,1.31,1.31,150,0
MDI,60,20250321,160000,1.31,1.31,1.3,1.3,60,0
MDI,60,20250321,170000,1.31,1.32,1.31,1.32,2370,0
MDI,60,20250324,100000,1.34,1.34,1.305,1.34,175,0
MDI,60,20250324,110000,1.33,1.355,1.32,1.34,1242,0
MDI,60,20250324,120000,1.34,1.34,1.34,1.34,247,0
MDI,60,20250324,130000,1.35,1.35,1.35,1.35,120,0
MDI,60,20250324,140000,1.35,1.35,1.34,1.34,110,0
MDI,60,20250324,150000,1.35,1.35,1.34,1.34,410,0
MDI,60,20250324,160000,1.35,1.35,1.35,1.35,20,0
MDI,60,20250324,170000,1.345,1.35,1.3,1.35,4041,0
MDI,60,20250325,100000,1.35,1.35,1.335,1.335,12,0
MDI,60,20250325,120000,1.335,1.335,1.335,1.335,2,0
MDI,60,20250325,130000,1.35,1.35,1.35,1.35,10,0
MDI,60,20250325,150000,1.35,1.355,1.295,1.355,180,0
MDI,60,20250326,100000,1.34,1.34,1.325,1.325,20,0
MDI,60,20250326,110000,1.345,1.365,1.345,1.365,5000,0
MDI,60,20250326,120000,1.345,1.37,1.345,1.37,320,0
MDI,60,20250326,130000,1.355,1.355,1.33,1.33,30,0
MDI,60,20250326,140000,1.31,1.31,1.31,1.31,1,0
MDI,60,20250326,160000,1.36,1.36,1.36,1.36,9,0
MDI,60,20250326,170000,1.365,1.365,1.365,1.365,10,0
MDI,60,20250327,100000,1.37,1.37,1.37,1.37,2,0
MDI,60,20250327,110000,1.345,1.345,1.34,1.34,11,0
MDI,60,20250327,140000,1.34,1.34,1.34,1.34,1,0
MDI,60,20250327,150000,1.37,1.37,1.37,1.37,10,0
MDI,60,20250327,160000,1.34,1.34,1.305,1.305,802,0
MDI,60,20250327,170000,1.33,1.33,1.33,1.33,10,0
MDI,60,20250331,100000,1.365,1.365,1.3,1.3,12,0
MDI,60,20250331,130000,1.295,1.295,1.295,1.295,1,0
MDI,60,20250331,140000,1.3,1.345,1.3,1.345,1850,0
MDI,60,20250401,100000,1.3,1.3,1.3,1.3,3,0
MDI,60,20250401,110000,1.3,1.3,1.3,1.3,3,0
MDI,60,20250401,160000,1.3,1.3,1.3,1.3,1,0
MDI,60,20250401,170000,1.345,1.365,1.345,1.365,400,0
MDI,60,20250402,100000,1.36,1.36,1.36,1.36,2,0
MDI,60,20250402,150000,1.36,1.385,1.36,1.385,8000,0
MDI,60,20250402,170000,1.38,1.38,1.31,1.31,251,0
MDI,60,20250403,100000,1.31,1.31,1.3,1.3,162,0
MDI,60,20250403,120000,1.3,1.3,1.285,1.285,1500,0
MDI,60,20250403,140000,1.28,1.28,1.27,1.27,153,0
MDI,60,20250403,150000,1.27,1.27,1.27,1.27,1,0
MDI,60,20250403,160000,1.32,1.32,1.27,1.27,1010,0
MDI,60,20250403,170000,1.27,1.27,1.27,1.27,200,0
MDI,60,20250404,100000,1.35,1.35,1.35,1.35,2,0
MDI,60,20250404,120000,1.35,1.35,1.35,1.35,8,0
MDI,60,20250404,140000,1.275,1.275,1.275,1.275,1,0
MDI,60,20250404,150000,1.265,1.265,1.265,1.265,13,0
MDI,60,20250407,100000,1.26,1.26,1.26,1.26,346,0
MDI,60,20250407,110000,1.265,1.265,1.26,1.26,493,0
MDI,60,20250407,120000,1.26,1.32,1.22,1.32,7485,0
MDI,60,20250407,130000,1.32,1.325,1.32,1.325,407,0
MDI,60,20250407,140000,1.32,1.32,1.275,1.275,4501,0
MDI,60,20250407,170000,1.33,1.33,1.33,1.33,962,0
MDI,60,20250408,100000,1.33,1.33,1.33,1.33,2,0
MDI,60,20250408,110000,1.275,1.275,1.25,1.25,229,0
MDI,60,20250408,120000,1.325,1.325,1.325,1.325,8,0
MDI,60,20250408,130000,1.245,1.245,1.245,1.245,1,0
MDI,60,20250408,140000,1.295,1.295,1.295,1.295,50,0
MDI,60,20250409,100000,1.285,1.285,1.285,1.285,110,0
MDI,60,20250409,110000,1.285,1.285,1.285,1.285,250,0
MDI,60,20250409,120000,1.245,1.245,1.245,1.245,1,0
MDI,60,20250409,130000,1.285,1.285,1.285,1.285,100,0
MDI,60,20250409,140000,1.285,1.285,1.285,1.285,100,0
MDI,60,20250410,100000,1.285,1.33,1.245,1.245,11760,0
MDI,60,20250410,110000,1.245,1.245,1.245,1.245,8,0
MDI,60,20250410,120000,1.255,1.255,1.255,1.255,1,0
MDI,60,20250410,130000,1.325,1.325,1.325,1.325,51,0
MDI,60,20250410,140000,1.33,1.33,1.33,1.33,649,0
MDI,60,20250410,160000,1.33,1.33,1.33,1.33,1117,0
MDI,60,20250415,100000,1.295,1.36,1.265,1.265,1880,0
MDI,60,20250415,110000,1.3,1.3,1.3,1.3,500,0
MDI,60,20250415,140000,1.27,1.335,1.27,1.335,2100,0
MDI,60,20250415,150000,1.27,1.27,1.27,1.27,50,0
MDI,60,20250415,160000,1.325,1.325,1.325,1.325,50,0
MDI,60,20250416,100000,1.305,1.31,1.305,1.305,12,0
MDI,60,20250416,110000,1.305,1.305,1.305,1.305,23,0
MDI,60,20250416,120000,1.305,1.305,1.305,1.305,20,0
MDI,60,20250416,130000,1.305,1.305,1.305,1.305,1,0
MDI,60,20250422,100000,1.31,1.31,1.3,1.3,111,0
MDI,60,20250422,120000,1.29,1.29,1.275,1.275,65,0
MDI,60,20250422,130000,1.29,1.29,1.275,1.29,201,0
MDI,60,20250422,140000,1.28,1.28,1.28,1.28,50,0
MDI,60,20250422,150000,1.275,1.325,1.275,1.275,1592,0
MDI,60,20250423,100000,1.335,1.335,1.335,1.335,224,0
MDI,60,20250423,120000,1.29,1.29,1.29,1.29,1,0
MDI,60,20250423,140000,1.3,1.375,1.29,1.375,3565,0
MDI,60,20250424,100000,1.37,1.37,1.3,1.3,81,0
MDI,60,20250424,130000,1.36,1.37,1.36,1.37,850,0
MDI,60,20250424,140000,1.37,1.37,1.37,1.37,600,0
MDI,60,20250425,100000,1.37,1.37,1.33,1.335,13,0
MDI,60,20250425,130000,1.33,1.33,1.33,1.33,1,0
MDI,60,20250425,140000,1.33,1.33,1.33,1.33,1,0
MDI,60,20250425,160000,1.35,1.37,1.35,1.37,2440,0
MDI,60,20250428,100000,1.37,1.37,1.33,1.33,6,0
MDI,60,20250428,140000,1.33,1.33,1.33,1.33,1,0
MDI,60,20250429,100000,1.32,1.32,1.32,1.32,2,0
MDI,60,20250429,110000,1.31,1.31,1.31,1.31,1,0
MDI,60,20250429,130000,1.31,1.31,1.31,1.31,797,0
MDI,60,20250429,140000,1.31,1.31,1.31,1.31,2,0
MDI,60,20250429,150000,1.31,1.31,1.31,1.31,1,0
MDI,60,20250429,160000,1.31,1.31,1.31,1.31,1,0
MDI,60,20250430,100000,1.33,1.34,1.295,1.295,3,0
MDI,60,20250430,130000,1.31,1.34,1.31,1.34,100,0
MDI,60,20250502,100000,1.35,1.35,1.315,1.315,56,0
MDI,60,20250502,130000,1.37,1.37,1.29,1.295,237,0
MDI,60,20250502,140000,1.28,1.28,1.275,1.275,73,0
MDI,60,20250502,170000,1.32,1.32,1.32,1.32,10,0
MDI,60,20250505,100000,1.31,1.32,1.31,1.32,2,0
MDI,60,20250505,150000,1.3,1.3,1.3,1.3,100,0
MDI,60,20250505,160000,1.3,1.3,1.3,1.3,100,0
MDI,60,20250505,170000,1.28,1.28,1.28,1.28,1,0
MDI,60,20250506,100000,1.28,1.3,1.28,1.3,428,0
MDI,60,20250506,110000,1.3,1.3,1.3,1.3,110,0
MDI,60,20250506,120000,1.275,1.275,1.275,1.275,9,0
MDI,60,20250506,160000,1.3,1.3,1.3,1.3,100,0
