<TICKER>,<PER>,<DATE>,<TIME>,<OPEN>,<HIGH>,<LOW>,<CLOSE>,<VOL>,<OPENINT>
MGT,60,20240411,100000,87.1642,87.1642,87.1642,87.1642,2.1384928716,0
MGT,60,20240411,130000,85.2937,85.2937,85.2937,85.2937,42.769857432,0
MGT,60,20240412,100000,86.9771,86.9771,86.9771,86.9771,1.0692464358,0
MGT,60,20240412,130000,86.7901,86.7901,86.7901,86.7901,2.1384928716,0
MGT,60,20240412,140000,86.7901,86.7901,86.7901,86.7901,37.423625253,0
MGT,60,20240412,160000,85.4808,85.4808,85.2937,85.2937,85.539714864,0
MGT,60,20240412,170000,85.1067,85.1067,85.1067,85.1067,16.038696537,0
MGT,60,20240415,100000,86.603,86.603,86.0419,86.0419,144.348268833,0
MGT,60,20240415,120000,86.0419,86.603,86.0419,86.603,13.9002036654,0
MGT,60,20240415,130000,86.603,86.603,86.603,86.603,42.769857432,0
MGT,60,20240415,140000,86.603,86.603,86.603,86.603,1.0692464358,0
MGT,60,20240415,170000,86.603,86.603,86.603,86.603,26.731160895,0
MGT,60,20240416,100000,86.9771,88.2865,86.603,88.2865,421.2830957052,0
MGT,60,20240416,110000,87.1642,88.0994,86.9771,88.0994,56.6700610974,0
MGT,60,20240416,120000,86.9771,86.9771,86.9771,86.9771,179.6334012144,0
MGT,60,20240416,130000,87.1642,87.9124,86.9771,86.9771,151.8329938836,0
MGT,60,20240416,140000,86.416,86.416,85.2937,85.2937,3.2077393074,0
MGT,60,20240416,150000,86.9771,86.9771,86.9771,86.9771,1.0692464358,0
MGT,60,20240417,100000,86.7901,86.7901,86.7901,86.7901,1.0692464358,0
MGT,60,20240417,140000,86.7901,86.7901,86.7901,86.7901,5.346232179,0
MGT,60,20240417,170000,86.7901,86.7901,86.7901,86.7901,8.5539714864,0
MGT,60,20240418,100000,86.7901,86.7901,86.7901,86.7901,1.0692464358,0
MGT,60,20240418,130000,86.229,86.229,86.229,86.229,1.0692464358,0
MGT,60,20240418,170000,86.416,86.416,86.0419,86.0419,7.4847250506,0
MGT,60,20240419,100000,86.0419,86.0419,86.0419,86.0419,1.0692464358,0
MGT,60,20240419,110000,85.6678,85.6678,85.6678,85.6678,2.1384928716,0
MGT,60,20240422,100000,86.7901,86.7901,86.7901,86.7901,1.0692464358,0
MGT,60,20240422,110000,85.6678,85.6678,85.6678,85.6678,8.5539714864,0
MGT,60,20240422,120000,85.6678,85.6678,85.6678,85.6678,41.7006109962,0
MGT,60,20240422,130000,84.5455,84.5455,84.5455,84.5455,64.154786148,0
MGT,60,20240422,150000,86.603,86.7901,86.603,86.7901,28.8696537666,0
MGT,60,20240423,100000,86.603,86.603,86.603,86.603,3.2077393074,0
MGT,60,20240423,140000,86.0419,86.0419,86.0419,86.0419,5.346232179,0
MGT,60,20240423,170000,86.0419,86.603,86.0419,86.603,368.890020351,0
MGT,60,20240424,100000,86.7901,86.7901,86.7901,86.7901,1.0692464358,0
MGT,60,20240424,130000,86.0419,86.0419,84.7326,84.7326,52.3930753542,0
MGT,60,20240424,140000,85.1067,85.1067,85.1067,85.1067,1.0692464358,0
MGT,60,20240424,160000,86.229,86.603,86.229,86.603,5.346232179,0
MGT,60,20240425,100000,86.603,86.603,82.8621,83.7973,259.8268838994,0
MGT,60,20240425,110000,83.7973,83.9844,83.7973,83.9844,188.1873727008,0
MGT,60,20240425,160000,83.9844,83.9844,83.9844,83.9844,13.9002036654,0
MGT,60,20240426,100000,83.9844,83.9844,83.9844,83.9844,1.0692464358,0
MGT,60,20240426,140000,83.9844,83.9844,83.2362,83.2362,58.808553969,0
MGT,60,20240426,170000,83.7973,83.9844,83.7973,83.9844,2.1384928716,0
MGT,60,20240429,100000,82.8621,83.7973,82.8621,83.7973,43.8391038678,0
MGT,60,20240429,120000,83.7973,83.7973,83.7973,83.7973,5.346232179,0
MGT,60,20240429,170000,83.6103,83.6103,83.6103,83.6103,11.7617107938,0
MGT,60,20240430,100000,83.0491,83.6103,83.0491,83.6103,25.6619144592,0
MGT,60,20240430,120000,83.6103,83.6103,83.0491,83.0491,6.4154786148,0
MGT,60,20240430,130000,83.0491,83.0491,83.0491,83.0491,2.1384928716,0
MGT,60,20240430,140000,82.8621,82.8621,82.301,82.301,73.7780040702,0
MGT,60,20240430,160000,82.675,82.675,82.1139,82.301,109.0631364516,0
MGT,60,20240502,100000,82.301,82.301,82.301,82.301,25.6619144592,0
MGT,60,20240502,110000,82.301,82.301,82.301,82.301,351.78207737820003,0
MGT,60,20240502,170000,82.301,82.301,82.301,82.301,33.1466395098,0
MGT,60,20240506,100000,82.301,86.0419,82.301,83.2362,48.116089611,0
MGT,60,20240506,120000,83.2362,83.2362,83.2362,83.2362,1.0692464358,0
MGT,60,20240506,130000,83.2362,83.2362,83.0491,83.0491,20.3156822802,0
MGT,60,20240506,160000,84.1714,84.1714,83.6103,83.6103,17.1079429728,0
MGT,60,20240507,100000,83.4232,83.6103,83.4232,83.6103,17.1079429728,0
MGT,60,20240507,110000,83.4232,83.4232,82.675,82.675,22.4541751518,0
MGT,60,20240507,130000,83.4232,83.4232,83.4232,83.4232,10.692464358,0
MGT,60,20240507,140000,83.6103,85.8549,83.6103,83.9844,106.92464358,0
MGT,60,20240510,100000,85.1067,86.0419,83.6103,83.6103,60.9470468406,0
MGT,60,20240510,110000,85.1067,86.9771,85.1067,86.9771,389.2057026312,0
MGT,60,20240510,120000,86.9771,86.9771,86.9771,86.9771,163.5947046774,0
MGT,60,20240510,130000,86.9771,86.9771,86.9771,86.9771,59.8778004048,0
MGT,60,20240510,140000,87.1642,87.1642,87.1642,87.1642,18.1771894086,0
MGT,60,20240510,150000,86.9771,86.9771,86.9771,86.9771,58.808553969,0
MGT,60,20240510,160000,86.9771,86.9771,86.9771,86.9771,53.46232179,0
MGT,60,20240510,170000,87.1642,87.1642,87.1642,87.1642,1.0692464358,0
MGT,60,20240513,100000,87.1642,87.1642,86.0419,86.0419,21.384928716,0
MGT,60,20240513,110000,87.1642,87.3512,87.1642,87.3512,10.692464358,0
MGT,60,20240513,150000,85.8549,87.3512,83.2362,86.416,272.657841129,0
MGT,60,20240513,160000,86.603,87.3512,86.603,87.3512,119.7556008096,0
MGT,60,20240513,170000,87.3512,87.9124,87.3512,87.9124,21.384928716,0
MGT,60,20240514,100000,87.9124,87.9124,87.9124,87.9124,1.0692464358,0
MGT,60,20240514,110000,85.6678,87.9124,85.2937,87.9124,12.8309572296,0
MGT,60,20240514,130000,86.603,87.9124,86.603,87.9124,49.1853360468,0
MGT,60,20240514,150000,88.2865,88.4735,88.2865,88.4735,112.270875759,0
MGT,60,20240514,160000,88.4735,88.8476,87.9124,87.9124,125.1018329886,0
MGT,60,20240516,100000,88.6606,88.6606,88.6606,88.6606,33.1466395098,0
MGT,60,20240516,110000,88.2865,88.4735,88.2865,88.4735,76.9857433776,0
MGT,60,20240516,130000,88.4735,88.4735,88.4735,88.4735,6.4154786148,0
MGT,60,20240516,150000,88.4735,88.6606,88.4735,88.6606,21.384928716,0
MGT,60,20240516,170000,88.4735,88.6606,88.4735,88.6606,31.0081466382,0
MGT,60,20240517,100000,88.4735,88.4735,87.1642,88.4735,5.346232179,0
MGT,60,20240517,110000,88.4735,88.4735,88.4735,88.4735,5.346232179,0
MGT,60,20240517,120000,88.4735,88.4735,88.4735,88.4735,14.9694501012,0
MGT,60,20240517,130000,88.4735,88.4735,88.4735,88.4735,62.0162932764,0
MGT,60,20240517,170000,88.4735,88.4735,88.4735,88.4735,79.1242362492,0
MGT,60,20240520,100000,88.4735,88.4735,87.5383,88.4735,388.1364561954,0
MGT,60,20240520,110000,88.6606,88.6606,88.6606,88.6606,1.0692464358,0
MGT,60,20240520,120000,88.4735,88.6606,88.4735,88.6606,50.2545824826,0
MGT,60,20240520,130000,88.6606,88.6606,88.6606,88.6606,54.5315682258,0
MGT,60,20240520,140000,88.6606,88.6606,88.6606,88.6606,45.9775967394,0
MGT,60,20240520,160000,88.6606,88.6606,88.4735,88.4735,42.769857432,0
MGT,60,20240520,170000,88.6606,88.6606,88.4735,88.6606,55.6008146616,0
MGT,60,20240521,100000,88.8476,88.8476,88.8476,88.8476,2.1384928716,0
MGT,60,20240521,120000,88.8476,88.8476,88.8476,88.8476,7.4847250506,0
MGT,60,20240521,150000,88.4735,88.4735,88.4735,88.4735,13.9002036654,0
MGT,60,20240521,160000,87.5383,87.5383,87.5383,87.5383,7.4847250506,0
MGT,60,20240521,170000,87.5383,88.4735,87.5383,88.4735,35.2851323814,0
MGT,60,20240522,100000,88.8476,88.8476,88.8476,88.8476,2.1384928716,0
MGT,60,20240522,120000,87.3512,87.3512,87.3512,87.3512,2.1384928716,0
MGT,60,20240522,170000,88.8476,88.8476,88.8476,88.8476,12.8309572296,0
MGT,60,20240523,100000,87.1642,88.2865,84.3585,86.7901,102.6476578368,0
MGT,60,20240523,110000,87.5383,87.5383,87.1642,87.1642,17.1079429728,0
MGT,60,20240523,150000,86.603,86.603,85.6678,85.6678,2.1384928716,0
MGT,60,20240523,160000,86.416,86.416,86.229,86.229,2.1384928716,0
MGT,60,20240524,100000,86.9771,86.9771,86.9771,86.9771,26.731160895,0
MGT,60,20240524,110000,86.9771,86.9771,86.9771,86.9771,1.0692464358,0
MGT,60,20240524,120000,86.9771,86.9771,86.9771,86.9771,21.384928716,0
MGT,60,20240524,160000,86.9771,86.9771,86.9771,86.9771,12.8309572296,0
MGT,60,20240527,100000,87.5383,87.5383,87.5383,87.5383,7.4847250506,0
MGT,60,20240527,130000,87.5383,87.5383,87.5383,87.5383,1.0692464358,0
MGT,60,20240527,150000,87.5383,88.2865,87.5383,88.2865,13.9002036654,0
MGT,60,20240528,100000,88.2865,88.2865,88.2865,88.2865,11.7617107938,0
MGT,60,20240528,170000,87.1642,87.1642,86.9771,86.9771,21.384928716,0
MGT,60,20240529,100000,88.2865,88.2865,88.2865,88.2865,1.0692464358,0
MGT,60,20240529,110000,87.1642,87.1642,86.9771,86.9771,21.384928716,0
MGT,60,20240529,120000,86.9771,86.9771,86.9771,86.9771,8.5539714864,0
MGT,60,20240529,130000,86.9771,86.9771,86.416,86.416,16.038696537,0
MGT,60,20240529,170000,87.9124,87.9124,87.9124,87.9124,4.2769857432,0
MGT,60,20240531,100000,87.9124,88.8476,87.9124,88.8476,222.4032586464,0
MGT,60,20240531,110000,88.8476,88.8476,88.8476,88.8476,21.384928716,0
MGT,60,20240531,120000,88.8476,90.9051,88.8476,90.9051,203.156822802,0
MGT,60,20240531,130000,91.4663,92.5886,89.0347,92.5886,204.2260692378,0
MGT,60,20240531,150000,90.7181,90.7181,90.7181,90.7181,1.0692464358,0
MGT,60,20240531,170000,90.7181,90.7181,90.7181,90.7181,159.3177189342,0
MGT,60,20240603,100000,92.4015,92.4015,87.1642,92.4015,65.2240325838,0
MGT,60,20240603,120000,91.0922,91.2792,91.0922,91.2792,985.8452138076,0
MGT,60,20240603,130000,92.4015,92.4015,92.4015,92.4015,10.692464358,0
MGT,60,20240603,140000,92.4015,92.4015,92.4015,92.4015,1.0692464358,0
MGT,60,20240603,170000,92.4015,92.5886,91.6533,92.5886,48.116089611,0
MGT,60,20240604,100000,93.3368,94.459,91.2792,91.8404,288.696537666,0
MGT,60,20240604,110000,92.5886,93.5238,92.5886,93.5238,21.384928716,0
MGT,60,20240604,120000,91.8404,91.8404,91.8404,91.8404,42.769857432,0
MGT,60,20240604,130000,91.8404,91.8404,89.9699,89.9699,27.8004073308,0
MGT,60,20240605,100000,92.9627,92.9627,92.9627,92.9627,1.0692464358,0
MGT,60,20240605,110000,93.1497,93.1497,93.1497,93.1497,19.2464358444,0
MGT,60,20240605,120000,90.7181,90.7181,90.7181,90.7181,97.3014256578,0
MGT,60,20240605,170000,90.9051,92.2145,90.9051,92.2145,100.5091649652,0
MGT,60,20240606,100000,92.9627,92.9627,90.344,90.344,2.1384928716,0
MGT,60,20240606,110000,93.1497,93.1497,93.1497,93.1497,21.384928716,0
MGT,60,20240606,120000,92.5886,92.5886,92.5886,92.5886,11.7617107938,0
MGT,60,20240606,130000,92.5886,92.5886,92.5886,92.5886,1.0692464358,0
MGT,60,20240606,160000,90.7181,90.7181,90.7181,90.7181,64.154786148,0
MGT,60,20240606,170000,92.2145,92.4015,92.2145,92.4015,6.4154786148,0
MGT,60,20240607,100000,92.0274,92.4015,92.0274,92.4015,10.692464358,0
MGT,60,20240607,120000,92.2145,92.4015,92.2145,92.4015,2.1384928716,0
MGT,60,20240607,150000,91.0922,91.0922,91.0922,91.0922,7.4847250506,0
MGT,60,20240607,170000,92.4015,92.4015,92.4015,92.4015,1.0692464358,0
MGT,60,20240610,100000,92.4015,93.1497,92.4015,92.5886,121.8940936812,0
MGT,60,20240610,110000,92.2145,92.2145,92.2145,92.2145,14.9694501012,0
MGT,60,20240610,140000,92.9627,92.9627,92.9627,92.9627,1.0692464358,0
MGT,60,20240610,150000,93.1497,93.1497,93.1497,93.1497,1.0692464358,0
MGT,60,20240611,100000,93.1497,93.1497,93.1497,93.1497,1.0692464358,0
MGT,60,20240611,110000,93.3368,93.3368,93.3368,93.3368,3.2077393074,0
MGT,60,20240611,140000,92.9627,93.5238,92.9627,93.5238,80.193482685,0
MGT,60,20240611,160000,93.5238,93.5238,93.5238,93.5238,29.9389002024,0
MGT,60,20240611,170000,94.459,94.459,94.459,94.459,25.6619144592,0
MGT,60,20240612,100000,95.3943,95.3943,94.9267,95.3943,107.9938900158,0
MGT,60,20240612,110000,95.3943,95.3943,94.9267,94.9267,52.3930753542,0
MGT,60,20240612,120000,95.3943,95.3943,95.3943,95.3943,2.1384928716,0
MGT,60,20240612,130000,94.9267,94.9267,94.9267,94.9267,3.2077393074,0
MGT,60,20240612,140000,94.9267,95.3943,94.9267,95.3943,23.5234215876,0
MGT,60,20240612,150000,95.3943,96.7971,95.3943,96.7971,319.7046843042,0
MGT,60,20240612,160000,96.7971,96.7971,93.9914,93.9914,12.8309572296,0
MGT,60,20240612,170000,96.3295,96.3295,96.3295,96.3295,53.46232179,0
MGT,60,20240613,100000,96.3295,96.7971,96.3295,96.3295,48.116089611,0
MGT,60,20240613,110000,96.3295,96.3295,96.3295,96.3295,2.1384928716,0
MGT,60,20240613,120000,95.3943,95.3943,95.3943,95.3943,35.2851323814,0
MGT,60,20240613,130000,95.8619,95.8619,95.3943,95.8619,11.7617107938,0
MGT,60,20240613,140000,95.8619,95.8619,95.3943,95.3943,2.1384928716,0
MGT,60,20240613,150000,95.3943,95.3943,95.3943,95.3943,33.1466395098,0
MGT,60,20240613,160000,95.3943,95.3943,95.3943,95.3943,5.346232179,0
MGT,60,20240613,170000,95.3943,95.3943,95.3943,95.3943,32.077393074,0
MGT,60,20240614,100000,95.8619,95.8619,95.8619,95.8619,1.0692464358,0
MGT,60,20240614,110000,95.8619,95.8619,95.8619,95.8619,3.2077393074,0
MGT,60,20240614,120000,95.3943,95.8619,95.3943,95.8619,9.6232179222,0
MGT,60,20240614,130000,95.3943,95.3943,94.9267,94.9267,58.808553969,0
MGT,60,20240614,140000,94.9267,94.9267,94.9267,94.9267,3.2077393074,0
MGT,60,20240614,150000,95.3943,95.3943,95.3943,95.3943,2.1384928716,0
MGT,60,20240614,160000,94.9267,94.9267,94.9267,94.9267,5.346232179,0
MGT,60,20240614,170000,95.3943,95.3943,95.3943,95.3943,1.0692464358,0
MGT,60,20240617,100000,93.5238,93.5238,93.5238,93.5238,222.4032586464,0
MGT,60,20240617,110000,93.9914,93.9914,93.9914,93.9914,8.5539714864,0
MGT,60,20240617,120000,93.5238,93.9914,93.5238,93.9914,128.309572296,0
MGT,60,20240617,140000,94.459,94.459,93.5238,93.9914,71.6395111986,0
MGT,60,20240617,150000,94.459,94.459,94.459,94.459,64.154786148,0
MGT,60,20240617,160000,94.459,94.459,94.459,94.459,98.3706720936,0
MGT,60,20240617,170000,94.459,94.9267,94.459,94.9267,167.8716904206,0
MGT,60,20240618,100000,95.3943,95.3943,94.9267,94.9267,26.731160895,0
MGT,60,20240618,110000,94.9267,94.9267,94.9267,94.9267,16.038696537,0
MGT,60,20240618,120000,95.3943,95.3943,95.3943,95.3943,17.1079429728,0
MGT,60,20240618,130000,95.3943,97.7324,95.3943,97.7324,152.9022403194,0
MGT,60,20240618,140000,97.7324,97.7324,97.7324,97.7324,86.6089612998,0
MGT,60,20240618,150000,98.2,98.6676,98.2,98.6676,197.810590623,0
MGT,60,20240618,160000,99.1352,100.07,99.1352,99.6029,101.578411401,0
MGT,60,20240618,170000,99.6029,99.6029,96.7971,96.7971,90.885947043,0
MGT,60,20240619,100000,97.2648,100.07,90.7181,91.6533,796.588594671,0
MGT,60,20240619,110000,93.3368,95.8619,93.3368,95.8619,406.313645604,0
MGT,60,20240619,120000,93.5238,93.9914,92.5886,92.5886,894.9592667646,0
MGT,60,20240619,130000,93.3368,93.5238,92.5886,93.5238,94.0936863504,0
MGT,60,20240619,140000,92.7756,93.5238,92.7756,93.5238,84.4704684282,0
MGT,60,20240619,150000,92.7756,93.9914,92.7756,93.9914,27.8004073308,0
MGT,60,20240619,160000,94.9267,99.1352,94.9267,99.1352,333.6048879696,0
MGT,60,20240619,170000,98.6676,98.6676,97.7324,98.2,120.8248472454,0
MGT,60,20240620,100000,105,105,98.2,99.4,360,0
MGT,60,20240620,110000,99,99,99,99,13,0
MGT,60,20240620,130000,99,99,99,99,27,0
MGT,60,20240620,140000,99.6,99.6,99.4,99.4,55,0
MGT,60,20240620,150000,99.4,99.4,99.4,99.4,1,0
MGT,60,20240620,160000,99.4,99.6,99.4,99.6,15,0
MGT,60,20240620,170000,99.8,99.8,99.8,99.8,1,0
MGT,60,20240621,100000,98.4,98.4,97,97,53,0
MGT,60,20240621,110000,97.2,97.8,97,97,112,0
MGT,60,20240621,120000,97,97,97,97,13,0
MGT,60,20240621,130000,96,97,95.2,95.2,15,0
MGT,60,20240621,140000,95.8,95.8,95.6,95.6,10,0
MGT,60,20240621,160000,96,97,96,97,401,0
MGT,60,20240621,170000,96.8,97,96.8,97,508,0
MGT,60,20240624,100000,96,96,96,96,4,0
MGT,60,20240624,110000,96,96,95.8,95.8,112,0
MGT,60,20240624,150000,95.8,95.8,95.2,95.2,73,0
MGT,60,20240624,160000,95.4,95.4,95.2,95.2,10,0
MGT,60,20240625,100000,95.2,95.2,95.2,95.2,46,0
MGT,60,20240625,130000,95.2,95.2,95.2,95.2,10,0
MGT,60,20240625,160000,95,95,93.2,95,69,0
MGT,60,20240625,170000,94.8,95,94.8,95,4,0
MGT,60,20240626,100000,97.6,97.6,96.8,96.8,13,0
MGT,60,20240626,110000,94.8,94.8,94.2,94.2,16,0
MGT,60,20240626,120000,96.8,97.2,96.8,97.2,17,0
MGT,60,20240626,140000,97,97.2,97,97,10,0
MGT,60,20240626,150000,97,97.2,97,97.2,3,0
MGT,60,20240626,160000,97,97.2,97,97.2,4,0
MGT,60,20240626,170000,97,97,97,97,1,0
MGT,60,20240627,100000,97,97,97,97,1,0
MGT,60,20240627,150000,95.6,95.6,95.6,95.6,1,0
MGT,60,20240628,100000,95.6,95.6,95.6,95.6,1,0
MGT,60,20240628,120000,95.6,95.6,95.6,95.6,3,0
MGT,60,20240628,130000,95.6,95.6,95.6,95.6,1,0
MGT,60,20240628,140000,95.6,95.6,95.6,95.6,91,0
MGT,60,20240628,170000,95.6,95.6,95.6,95.6,4,0
MGT,60,20240701,100000,95.2,97,94,97,116,0
MGT,60,20240701,110000,95.4,97.2,94.2,97,18,0
MGT,60,20240701,170000,97,97,97,97,19,0
MGT,60,20240702,100000,97.2,97.2,97.2,97.2,1,0
MGT,60,20240702,120000,97,97,95,96.8,41,0
MGT,60,20240703,100000,96.6,97.2,96.6,97.2,31,0
MGT,60,20240703,110000,95.4,95.4,95,95,101,0
MGT,60,20240703,120000,94.8,95,94,94,113,0
MGT,60,20240703,130000,94,94,93,93,171,0
MGT,60,20240703,140000,93.6,93.8,93.6,93.8,80,0
MGT,60,20240703,150000,93.8,94.4,93.8,94.4,39,0
MGT,60,20240703,170000,94.6,94.6,94.6,94.6,11,0
MGT,60,20240704,100000,94.6,94.6,93.6,93.6,3,0
MGT,60,20240704,110000,93.4,93.4,91.8,91.8,156,0
MGT,60,20240704,120000,93,93,93,93,1,0
MGT,60,20240704,140000,92.8,93,90.8,90.8,318,0
MGT,60,20240704,160000,91.8,94,91.8,94,32,0
MGT,60,20240704,170000,92.6,92.6,92.4,92.4,2,0
MGT,60,20240705,100000,93.4,93.4,93.4,93.4,1,0
MGT,60,20240705,110000,92.2,92.2,91,91.6,97,0
MGT,60,20240705,130000,92,92,92,92,5,0
MGT,60,20240705,170000,93,93.6,93,93.4,91,0
MGT,60,20240708,100000,93.4,93.4,90.8,90.8,124,0
MGT,60,20240708,110000,90.8,90.8,90.8,90.8,119,0
MGT,60,20240708,120000,91.4,91.4,91.4,91.4,8,0
MGT,60,20240708,130000,90,90,90,90,223,0
MGT,60,20240708,140000,90.6,90.6,90.6,90.6,64,0
MGT,60,20240708,150000,91,91,91,91,14,0
MGT,60,20240708,160000,91,91,90.8,90.8,23,0
MGT,60,20240708,170000,91,91,90.6,90.6,17,0
MGT,60,20240709,100000,91.2,91.8,91.2,91.8,5,0
MGT,60,20240709,110000,91.4,91.6,91.4,91.6,24,0
MGT,60,20240709,160000,91.4,91.4,91.4,91.4,2,0
MGT,60,20240710,100000,92,92,92,92,3,0
MGT,60,20240710,160000,90.8,90.8,90.4,90.4,54,0
MGT,60,20240710,170000,90.4,91.6,90.4,91.6,23,0
MGT,60,20240711,100000,91.8,91.8,91.8,91.8,2,0
MGT,60,20240711,160000,91.2,91.6,91.2,91.6,30,0
MGT,60,20240711,170000,91.6,91.6,91.6,91.6,1,0
MGT,60,20240712,100000,91.4,91.4,91.4,91.4,1,0
MGT,60,20240712,110000,91.2,91.2,91.2,91.2,6,0
MGT,60,20240712,150000,91.2,91.2,91.2,91.2,20,0
MGT,60,20240712,160000,91,91,90.8,90.8,5,0
MGT,60,20240712,170000,91.2,92.2,91.2,92.2,49,0
MGT,60,20240715,100000,92.8,92.8,92.8,92.8,1,0
MGT,60,20240715,130000,91,91,91,91,1,0
MGT,60,20240715,150000,90.8,90.8,90.4,90.4,9,0
MGT,60,20240716,100000,91,91,91,91,1,0
MGT,60,20240716,110000,91,91.8,91,91.8,20,0
MGT,60,20240716,170000,91.2,91.2,91.2,91.2,2,0
MGT,60,20240717,100000,91.2,91.2,91.2,91.2,1,0
MGT,60,20240717,110000,91.2,91.2,91.2,91.2,22,0
MGT,60,20240717,140000,90.6,90.6,90.6,90.6,1,0
MGT,60,20240717,160000,90.4,90.4,90.4,90.4,2,0
MGT,60,20240718,100000,91,91,91,91,1,0
MGT,60,20240718,110000,90.6,90.6,89.8,89.8,171,0
MGT,60,20240718,120000,89.6,89.6,89.2,89.6,70,0
MGT,60,20240718,130000,89.6,90,89.6,90,26,0
MGT,60,20240718,140000,89.6,89.6,89.4,89.4,62,0
MGT,60,20240718,150000,89.4,89.4,89,89,126,0
MGT,60,20240718,160000,89,89,85,88,250,0
MGT,60,20240718,170000,87.8,88.6,87.6,88.6,152,0
MGT,60,20240719,100000,88.8,90.2,88.8,90.2,5,0
MGT,60,20240719,110000,88.8,88.8,88.8,88.8,24,0
MGT,60,20240719,130000,89,89,88.8,88.8,14,0
MGT,60,20240719,160000,89.8,89.8,89.8,89.8,1,0
MGT,60,20240719,170000,89.6,91.8,89.6,91.8,139,0
MGT,60,20240722,100000,88.2,90,88.2,90,23,0
MGT,60,20240722,150000,89.6,89.6,89.4,89.4,33,0
MGT,60,20240722,170000,89.4,89.4,89.4,89.4,2,0
MGT,60,20240723,100000,90,90,90,90,1,0
MGT,60,20240723,110000,89.4,90.2,86.8,86.8,304,0
MGT,60,20240723,130000,87.6,87.6,87.4,87.4,56,0
MGT,60,20240723,150000,87.4,87.4,87.4,87.4,2,0
MGT,60,20240723,160000,87.2,87.6,87.2,87.6,6,0
MGT,60,20240723,170000,87.6,90,87.6,90,60,0
MGT,60,20240724,100000,88.4,88.4,86.8,87.8,83,0
MGT,60,20240724,120000,87.6,88.2,87.6,88.2,21,0
MGT,60,20240724,130000,88.2,88.2,88.2,88.2,15,0
MGT,60,20240724,150000,88.2,89,88.2,89,21,0
MGT,60,20240725,100000,88.8,88.8,88.8,88.8,1,0
MGT,60,20240725,160000,88.6,88.8,88.6,88.8,4,0
MGT,60,20240725,170000,89.8,90,89.8,90,28,0
MGT,60,20240726,100000,90,90.2,90,90.2,3,0
MGT,60,20240726,110000,90,94.2,90,94.2,83,0
MGT,60,20240726,120000,91,91,90,90,20,0
MGT,60,20240726,150000,92.4,92.4,92.4,92.4,2,0
MGT,60,20240726,160000,90.2,90.2,90,90,15,0
MGT,60,20240726,170000,91.4,91.4,91.4,91.4,1,0
MGT,60,20240729,100000,91.6,94.2,91.6,94.2,13,0
MGT,60,20240729,120000,92.4,92.4,92.4,92.4,1,0
MGT,60,20240729,150000,92.4,92.4,89.8,89.8,63,0
MGT,60,20240729,170000,89.8,89.8,89.8,89.8,22,0
MGT,60,20240730,100000,92.2,92.2,89.8,89.8,7,0
MGT,60,20240730,110000,89.6,89.6,89,89,9,0
MGT,60,20240731,100000,90.6,93.6,90.6,93.6,8,0
MGT,60,20240731,110000,93.4,93.6,93.4,93.6,21,0
MGT,60,20240731,140000,92,92,92,92,25,0
MGT,60,20240731,160000,92.2,92.4,92.2,92.4,7,0
MGT,60,20240801,100000,94.2,94.2,94.2,94.2,1,0
MGT,60,20240801,110000,93.8,93.8,93.8,93.8,1,0
MGT,60,20240801,120000,93,93.8,93,93.8,70,0
MGT,60,20240801,130000,93.4,94,93.4,94,10,0
MGT,60,20240802,100000,93,93.6,93,93.6,4,0
MGT,60,20240802,110000,91.4,91.4,89.2,89.2,9,0
MGT,60,20240802,130000,89.8,89.8,89.2,89.2,9,0
MGT,60,20240805,100000,86.4,92.6,86.2,92.6,624,0
MGT,60,20240805,110000,92.2,92.2,88.2,88.2,102,0
MGT,60,20240805,130000,88.4,88.4,88,88,23,0
MGT,60,20240805,140000,87.8,87.8,87.2,87.2,51,0
MGT,60,20240805,160000,87,88.8,86.2,88.8,275,0
MGT,60,20240805,170000,88,88,88,88,24,0
MGT,60,20240806,100000,88,88,86.6,86.6,4,0
MGT,60,20240806,110000,86.8,86.8,86.6,86.6,3,0
MGT,60,20240806,120000,86.8,86.8,86.2,86.2,400,0
MGT,60,20240806,130000,87.2,87.4,87.2,87.4,38,0
MGT,60,20240807,100000,86.4,86.4,86.4,86.4,49,0
MGT,60,20240807,110000,87,87,87,87,1,0
MGT,60,20240807,150000,87,87,86.8,87,15,0
MGT,60,20240807,160000,87,87,87,87,3,0
MGT,60,20240808,100000,87,87,87,87,5,0
MGT,60,20240808,110000,87.4,93,87.4,92.8,160,0
MGT,60,20240808,130000,91,91,91,91,3,0
MGT,60,20240808,160000,90.6,91,90.6,91,21,0
MGT,60,20240808,170000,90.6,90.6,90.6,90.6,1,0
MGT,60,20240809,100000,91,91,91,91,1,0
MGT,60,20240809,110000,90.4,90.6,90.4,90.6,2,0
MGT,60,20240812,100000,90.4,90.4,90.4,90.4,6,0
MGT,60,20240812,130000,90.6,90.8,90.6,90.8,10,0
MGT,60,20240813,100000,90.8,90.8,90.8,90.8,1,0
MGT,60,20240813,130000,89.4,89.4,89.4,89.4,1,0
MGT,60,20240813,170000,89.2,89.2,89.2,89.2,1,0
MGT,60,20240814,100000,88.6,88.6,88.6,88.6,1,0
MGT,60,20240814,110000,89.2,89.2,89.2,89.2,2,0
MGT,60,20240814,120000,89.2,89.2,89.2,89.2,3,0
MGT,60,20240816,100000,89.2,89.2,89.2,89.2,2,0
MGT,60,20240816,130000,89.2,89.4,89.2,89.4,13,0
MGT,60,20240816,140000,90.6,90.6,90.4,90.4,28,0
MGT,60,20240816,170000,90.2,90.2,90.2,90.2,3,0
MGT,60,20240819,100000,89,89,86.8,89,63,0
MGT,60,20240819,120000,88.2,88.2,88.2,88.2,50,0
MGT,60,20240819,130000,87.2,87.2,87,87,50,0
MGT,60,20240819,150000,88.4,88.4,88.4,88.4,1,0
MGT,60,20240819,170000,88.4,88.4,88.4,88.4,3,0
MGT,60,20240820,100000,88,88,87.4,88,28,0
MGT,60,20240820,120000,87.4,87.4,87.4,87.4,7,0
MGT,60,20240820,130000,87.4,87.4,87,87,56,0
MGT,60,20240820,140000,86.8,86.8,86.4,86.4,32,0
MGT,60,20240820,150000,86.4,87,86.2,87,48,0
MGT,60,20240820,160000,87,87,87,87,4,0
MGT,60,20240821,100000,87.2,87.2,86.2,86.2,24,0
MGT,60,20240821,110000,86.2,86.2,86,86,48,0
MGT,60,20240821,120000,86.2,86.2,86.2,86.2,76,0
MGT,60,20240821,140000,86.2,86.2,86,86,11,0
MGT,60,20240821,170000,86,86,86,86,1,0
MGT,60,20240822,100000,85.8,86,85.4,85.4,83,0
MGT,60,20240822,110000,86.8,86.8,86.8,86.8,2,0
MGT,60,20240822,120000,85.8,85.8,85.6,85.6,5,0
MGT,60,20240822,130000,85.8,85.8,85.6,85.6,8,0
MGT,60,20240822,140000,85.4,85.4,85.2,85.2,23,0
MGT,60,20240822,150000,85.2,85.2,85.2,85.2,44,0
MGT,60,20240822,160000,85.4,85.4,85.4,85.4,1,0
MGT,60,20240823,100000,86,86,86,86,2,0
MGT,60,20240823,130000,86,86.2,86,86.2,10,0
MGT,60,20240823,170000,86.2,86.2,85.8,85.8,2,0
MGT,60,20240826,100000,85.8,85.8,85.8,85.8,2,0
MGT,60,20240826,110000,85.8,85.8,84,85,201,0
MGT,60,20240826,130000,85,85,85,85,1,0
MGT,60,20240826,140000,84.6,84.6,84.2,84.2,27,0
MGT,60,20240827,100000,84.8,84.8,84.8,84.8,1,0
MGT,60,20240827,120000,84.6,84.6,84.2,84.2,19,0
MGT,60,20240827,150000,85.2,85.2,85.2,85.2,6,0
MGT,60,20240828,100000,85.4,85.4,85.4,85.4,1,0
MGT,60,20240828,130000,85.8,85.8,85.8,85.8,10,0
MGT,60,20240828,140000,85.8,86.2,85.8,86.2,34,0
MGT,60,20240828,170000,86,86.2,86,86.2,11,0
MGT,60,20240830,100000,86.2,86.2,86,86,2,0
MGT,60,20240830,110000,86,86,86,86,1,0
MGT,60,20240830,150000,86,86,86,86,1,0
MGT,60,20240830,160000,86.2,86.2,86.2,86.2,3,0
MGT,60,20240830,170000,86,86.2,86,86.2,2,0
MGT,60,20240902,100000,86,86.8,86,86.8,31,0
MGT,60,20240902,110000,86.6,86.6,86.6,86.6,1,0
MGT,60,20240903,100000,85.2,85.2,85.2,85.2,100,0
MGT,60,20240903,110000,85.8,85.8,85.8,85.8,2,0
MGT,60,20240903,170000,85.8,86,85.8,86,10,0
MGT,60,20240904,100000,85.8,85.8,85.8,85.8,26,0
MGT,60,20240904,150000,85.8,85.8,85.8,85.8,15,0
MGT,60,20240904,170000,85.8,86.8,85.8,86.8,8,0
MGT,60,20240905,100000,86.8,86.8,86.8,86.8,25,0
MGT,60,20240905,110000,86.8,86.8,86.8,86.8,20,0
MGT,60,20240905,120000,86.8,86.8,86.8,86.8,12,0
MGT,60,20240906,100000,86.6,86.6,86.6,86.6,1,0
MGT,60,20240906,160000,86.6,86.6,86.6,86.6,5,0
MGT,60,20240909,100000,86.6,86.6,86.2,86.2,7,0
MGT,60,20240909,120000,86.2,86.2,86.2,86.2,49,0
MGT,60,20240909,130000,86,86,85.8,85.8,8,0
MGT,60,20240909,170000,85.8,85.8,85.8,85.8,48,0
MGT,60,20240910,100000,86.4,86.6,86.4,86.6,4,0
MGT,60,20240910,130000,86,86,86,86,1,0
MGT,60,20240910,140000,85.4,85.6,85.4,85.4,3,0
MGT,60,20240910,160000,86.4,86.4,86.4,86.4,1,0
MGT,60,20240910,170000,85.4,85.4,84.8,84.8,45,0
MGT,60,20240911,100000,83.4,83.4,82.2,82.2,101,0
MGT,60,20240911,110000,83,83,83,83,1,0
MGT,60,20240911,120000,83,83.2,83,83.2,2,0
MGT,60,20240911,130000,83.2,83.2,83.2,83.2,17,0
MGT,60,20240911,160000,83.2,83.2,83.2,83.2,8,0
MGT,60,20240912,100000,83.2,83.2,83.2,83.2,1,0
MGT,60,20240912,110000,83,83,83,83,1,0
MGT,60,20240912,150000,83,83.2,83,83.2,6,0
MGT,60,20240913,100000,83,83,83,83,30,0
MGT,60,20240913,120000,82.4,82.4,81.8,81.8,289,0
MGT,60,20240913,140000,81.6,81.6,81.6,81.6,8,0
MGT,60,20240913,150000,81.4,82.2,81.2,82.2,23,0
MGT,60,20240913,170000,82.6,82.6,82.6,82.6,1,0
MGT,60,20240916,100000,82.8,82.8,82.8,82.8,24,0
MGT,60,20240916,110000,81.8,82.6,80.8,80.8,70,0
MGT,60,20240916,120000,82.4,82.4,82.4,82.4,1,0
MGT,60,20240916,140000,80.8,80.8,76.8,80,238,0
MGT,60,20240916,170000,79.6,80,79.6,80,40,0
MGT,60,20240917,100000,79.8,80.8,79.8,80.8,72,0
MGT,60,20240917,110000,80.8,80.8,80.8,80.8,18,0
MGT,60,20240917,120000,80,80,80,80,18,0
MGT,60,20240917,140000,80.2,80.2,80.2,80.2,1464,0
MGT,60,20240917,150000,80,80,80,80,1,0
MGT,60,20240917,170000,80.4,80.4,80.4,80.4,2,0
MGT,60,20240918,100000,80,81,79.8,79.8,452,0
MGT,60,20240918,110000,81,81,79.8,79.8,63,0
MGT,60,20240918,160000,80,80,79.8,79.8,65,0
MGT,60,20240918,170000,79.6,79.6,79.6,79.6,1,0
MGT,60,20240919,100000,80.8,81.4,80.8,81.4,5,0
MGT,60,20240919,150000,80.2,80.2,80.2,80.2,51,0
MGT,60,20240919,170000,80,80,80,80,3,0
MGT,60,20240920,100000,81,81,81,81,21,0
MGT,60,20240920,110000,80.6,80.8,80.6,80.8,24,0
MGT,60,20240920,120000,80,80,80,80,10,0
MGT,60,20240920,140000,81,81,81,81,1,0
MGT,60,20240920,150000,79.6,79.6,79.6,79.6,1,0
MGT,60,20240920,160000,79.6,79.6,79.6,79.6,23,0
MGT,60,20240920,170000,80.6,81.4,80.6,81.4,48,0
MGT,60,20240923,100000,81.6,81.6,81.6,81.6,1,0
MGT,60,20240923,110000,81.4,81.4,81.4,81.4,15,0
MGT,60,20240923,150000,79.6,79.6,79.6,79.6,53,0
MGT,60,20240923,160000,81.4,81.4,81.4,81.4,1,0
MGT,60,20240924,100000,80,80,80,80,315,0
MGT,60,20240924,110000,80,80,79.6,79.6,97,0
MGT,60,20240924,120000,80,80,78.8,78.8,14,0
MGT,60,20240924,130000,79,80.6,79,80.6,2,0
MGT,60,20240924,170000,80.8,81,80.6,81,46,0
MGT,60,20240925,100000,79.6,79.6,79.6,79.6,1,0
MGT,60,20240925,110000,80.8,80.8,80.8,80.8,1,0
MGT,60,20240925,120000,80,80,79.6,79.6,202,0
MGT,60,20240925,130000,81,81,81,81,3,0
MGT,60,20240925,140000,79.8,79.8,79.6,79.6,611,0
MGT,60,20240925,150000,79.8,79.8,79.6,79.6,26,0
MGT,60,20240925,160000,79.6,79.6,79.6,79.6,10,0
MGT,60,20240926,100000,80.4,80.6,80.4,80.6,11,0
MGT,60,20240926,110000,81,81,79.6,79.6,207,0
MGT,60,20240926,130000,79.6,79.6,79.6,79.6,101,0
MGT,60,20240926,150000,79.4,79.4,79.4,79.4,12,0
MGT,60,20240926,160000,79.6,79.6,79,79,45,0
MGT,60,20240927,100000,80.4,80.4,79.6,79.6,2,0
MGT,60,20240927,110000,79.6,79.6,79.6,79.6,2,0
MGT,60,20240927,120000,79,79,79,79,1,0
MGT,60,20240927,130000,78.8,78.8,78,78,151,0
MGT,60,20240927,140000,78.8,78.8,78,78.2,167,0
MGT,60,20240927,160000,79.6,79.6,79.6,79.6,1,0
MGT,60,20240927,170000,79.8,79.8,79.8,79.8,20,0
MGT,60,20240930,100000,79.6,79.6,79,79,66,0
MGT,60,20240930,110000,79.6,79.6,79,79,36,0
MGT,60,20240930,130000,79.4,79.8,79.4,79.8,8,0
MGT,60,20240930,150000,79.8,79.8,79.8,79.8,20,0
MGT,60,20241001,100000,79,79,75,76.8,943,0
MGT,60,20241001,110000,76,79.4,73,77,162,0
MGT,60,20241001,120000,76.6,78,76.6,76.6,516,0
MGT,60,20241001,130000,76.6,77,75.8,77,33,0
MGT,60,20241001,140000,76.8,76.8,75.8,75.8,23,0
MGT,60,20241001,170000,76.4,76.4,75,75.6,41,0
MGT,60,20241002,100000,76.4,76.4,76,76,17,0
MGT,60,20241002,110000,76.8,77.6,75.4,75.4,273,0
MGT,60,20241002,130000,75.8,75.8,75.8,75.8,2,0
MGT,60,20241002,140000,77,77.8,77,77.8,6,0
MGT,60,20241002,150000,77.4,77.4,77.2,77.2,2,0
MGT,60,20241002,160000,77.2,77.2,77.2,77.2,40,0
MGT,60,20241002,170000,77.2,77.2,77.2,77.2,50,0
MGT,60,20241003,100000,77.2,77.2,77.2,77.2,1,0
MGT,60,20241003,170000,76.8,76.8,76.8,76.8,1,0
MGT,60,20241004,100000,76.2,76.2,76.2,76.2,1,0
MGT,60,20241004,110000,77,77.2,77,77.2,10,0
MGT,60,20241004,130000,76.2,77.2,75.6,77.2,112,0
MGT,60,20241007,100000,76.4,77,76.4,77,7,0
MGT,60,20241007,110000,76.8,77,76.8,77,3,0
MGT,60,20241007,130000,76.2,76.2,76,76,10,0
MGT,60,20241007,150000,76,76,76,76,3,0
MGT,60,20241007,160000,76.8,76.8,76.8,76.8,21,0
MGT,60,20241007,170000,76.8,77,76.8,77,30,0
MGT,60,20241008,100000,76.8,76.8,76.8,76.8,1,0
MGT,60,20241008,130000,77,77,77,77,1,0
MGT,60,20241008,170000,77,77,77,77,24,0
MGT,60,20241009,100000,77,77,77,77,72,0
MGT,60,20241009,110000,77,77,77,77,9,0
MGT,60,20241009,120000,77,77,77,77,49,0
MGT,60,20241009,130000,77,77,77,77,7,0
MGT,60,20241009,150000,77,77.8,77,77.8,70,0
MGT,60,20241009,160000,77.6,77.6,77.6,77.6,1,0
MGT,60,20241009,170000,77.8,77.8,77.8,77.8,5,0
MGT,60,20241010,100000,79,79,79,79,1,0
MGT,60,20241010,110000,78.6,78.6,78.6,78.6,1,0
MGT,60,20241010,120000,77.2,77.2,76.6,76.6,62,0
MGT,60,20241010,150000,76.6,76.6,76.4,76.4,2,0
MGT,60,20241011,100000,78,78,77.2,77.2,11,0
MGT,60,20241011,160000,77.2,77.2,77.2,77.2,5,0
MGT,60,20241011,170000,77.8,77.8,77.8,77.8,3,0
MGT,60,20241014,100000,78.2,78.2,76.8,76.8,7,0
MGT,60,20241014,160000,78.2,78.2,77.4,77.4,19,0
MGT,60,20241015,100000,78,78.2,78,78.2,2,0
MGT,60,20241015,120000,77.2,77.2,76,76,100,0
MGT,60,20241015,130000,77,77,77,77,15,0
MGT,60,20241015,160000,78,78,78,78,11,0
MGT,60,20241016,100000,77.8,77.8,77.8,77.8,1,0
MGT,60,20241016,130000,77.8,77.8,77.8,77.8,1,0
MGT,60,20241016,170000,78,78.4,78,78.4,35,0
MGT,60,20241017,100000,77.8,77.8,77.8,77.8,88,0
MGT,60,20241017,110000,77.8,77.8,77.8,77.8,25,0
MGT,60,20241017,120000,77.6,77.6,77.6,77.6,20,0
MGT,60,20241017,130000,77.6,77.6,77.6,77.6,5,0
MGT,60,20241017,140000,77.6,77.6,76.2,76.2,75,0
MGT,60,20241017,170000,76.8,76.8,76.4,76.4,64,0
MGT,60,20241018,100000,77,77,77,77,1,0
MGT,60,20241018,110000,77,77.8,77,77.8,16,0
MGT,60,20241018,150000,77,77,77,77,1,0
MGT,60,20241021,100000,77.4,77.4,77.4,77.4,1,0
MGT,60,20241021,110000,77.4,77.6,77.4,77.6,2,0
MGT,60,20241021,160000,76.8,76.8,76.2,76.2,11,0
MGT,60,20241022,100000,77.4,77.4,77.4,77.4,1,0
MGT,60,20241022,170000,77.2,77.2,77.2,77.2,508,0
MGT,60,20241023,100000,77.4,77.4,76.4,76.4,83,0
MGT,60,20241023,110000,76.6,76.6,76.6,76.6,13,0
MGT,60,20241023,120000,76.6,76.6,76.6,76.6,47,0
MGT,60,20241023,140000,76.6,76.6,76.6,76.6,1,0
MGT,60,20241024,100000,76.4,76.4,75.2,75.2,82,0
MGT,60,20241024,110000,75.6,76,75.4,76,120,0
MGT,60,20241024,150000,75.6,75.6,75.2,75.2,10,0
MGT,60,20241024,170000,76,76,76,76,23,0
MGT,60,20241025,100000,75.8,75.8,75.8,75.8,1,0
MGT,60,20241025,110000,75.6,75.6,75.4,75.4,58,0
MGT,60,20241025,170000,76,76,76,76,10,0
MGT,60,20241028,100000,76,76,76,76,10,0
MGT,60,20241028,110000,75.6,75.6,73.4,73.4,191,0
MGT,60,20241028,120000,75,75,75,75,10,0
MGT,60,20241028,130000,75.2,75.2,75.2,75.2,22,0
MGT,60,20241028,140000,74.6,74.6,73.6,73.6,10,0
MGT,60,20241028,150000,75.4,75.6,75.4,75.6,2,0
MGT,60,20241028,170000,75,75.2,75,75.2,11,0
MGT,60,20241029,100000,75.2,75.2,74.6,74.6,2,0
MGT,60,20241029,170000,75.2,75.8,75.2,75.8,24,0
MGT,60,20241104,100000,75.8,76,75.6,75.6,18,0
MGT,60,20241104,130000,76,76,76,76,60,0
MGT,60,20241104,150000,75.6,75.6,75.6,75.6,21,0
MGT,60,20241104,160000,75,75,74,74,41,0
MGT,60,20241104,170000,75.8,75.8,75.8,75.8,3,0
MGT,60,20241105,100000,73,73,72.8,72.8,220,0
MGT,60,20241105,130000,73.4,73.4,73.2,73.2,2,0
MGT,60,20241105,160000,73.6,73.6,73.6,73.6,6,0
MGT,60,20241105,170000,73.6,73.6,73.6,73.6,1,0
MGT,60,20241106,100000,73.4,73.6,73,73.6,53,0
MGT,60,20241106,120000,73.6,73.6,73.6,73.6,14,0
MGT,60,20241106,130000,73.6,73.6,73.6,73.6,1,0
MGT,60,20241107,100000,73.6,73.6,73.6,73.6,1,0
MGT,60,20241107,110000,73.6,73.6,73.6,73.6,10,0
MGT,60,20241107,140000,73.4,73.4,72.6,72.6,14,0
MGT,60,20241107,150000,73.4,73.6,73.4,73.6,3,0
MGT,60,20241107,160000,73,73,73,73,1,0
MGT,60,20241107,170000,73.6,73.6,73.6,73.6,4,0
MGT,60,20241108,100000,73.6,74,73.6,74,42,0
MGT,60,20241108,110000,73.8,75.6,73,73,301,0
MGT,60,20241108,170000,75.2,75.8,75.2,75.8,39,0
MGT,60,20241112,100000,75.6,75.6,75.6,75.6,2,0
MGT,60,20241112,140000,75.6,75.6,75.6,75.6,3,0
MGT,60,20241112,170000,75.6,75.6,75.6,75.6,3,0
MGT,60,20241113,100000,75.6,75.6,75.6,75.6,2,0
MGT,60,20241113,110000,75,75,74,74,80,0
MGT,60,20241113,130000,73.8,74.6,73.8,74.6,122,0
MGT,60,20241113,170000,73.8,73.8,73.8,73.8,1,0
MGT,60,20241114,110000,74.2,74.8,74.2,74.8,67,0
MGT,60,20241114,120000,74,74,73.6,73.6,27,0
MGT,60,20241114,170000,75,75,75,75,4,0
MGT,60,20241115,100000,75.2,75.2,75.2,75.2,1,0
MGT,60,20241115,130000,74.8,74.8,74.8,74.8,12,0
MGT,60,20241115,170000,74.8,74.8,74.8,74.8,14,0
MGT,60,20241118,100000,74.8,74.8,74,74,19,0
MGT,60,20241118,120000,75,75.2,75,75.2,25,0
MGT,60,20241118,130000,74.2,74.2,74.2,74.2,40,0
MGT,60,20241118,150000,74.2,79.8,74,79.6,796,0
MGT,60,20241118,160000,77,78.8,76.2,78.8,309,0
MGT,60,20241118,170000,77.4,78.2,77,77,402,0
MGT,60,20241119,100000,77.8,77.8,76.2,76.2,32,0
MGT,60,20241119,120000,78,78.4,78,78.4,169,0
MGT,60,20241119,130000,78.2,78.2,74,78,99,0
MGT,60,20241119,140000,74.6,78,74.6,78,2,0
MGT,60,20241119,150000,78.4,79.6,78.4,79.6,56,0
MGT,60,20241119,160000,78.2,78.2,78.2,78.2,30,0
MGT,60,20241119,170000,79.2,79.2,78.6,78.6,43,0
MGT,60,20241120,100000,75.8,75.8,75.4,75.4,2,0
MGT,60,20241120,120000,78.8,79,78.8,79,9,0
MGT,60,20241120,150000,79.2,79.2,79.2,79.2,4,0
MGT,60,20241120,170000,77.8,77.8,77.8,77.8,1,0
MGT,60,20241121,100000,79,79,77.4,77.4,38,0
MGT,60,20241121,110000,76.8,76.8,76.8,76.8,28,0
MGT,60,20241121,120000,76.6,76.6,76,76,76,0
MGT,60,20241121,160000,77.8,78,77.8,78,5,0
MGT,60,20241122,100000,77.6,77.6,77.6,77.6,1,0
MGT,60,20241122,150000,76.4,76.4,75.2,75.2,48,0
MGT,60,20241122,170000,76.8,76.8,76.8,76.8,5,0
MGT,60,20241126,100000,76.8,76.8,76.4,76.6,12,0
MGT,60,20241126,110000,75.8,75.8,75.8,75.8,8,0
MGT,60,20241126,130000,76,76,76,76,24,0
MGT,60,20241126,160000,76,76,76,76,20,0
MGT,60,20241127,100000,75.8,75.8,75.8,75.8,46,0
MGT,60,20241127,130000,75.6,75.6,75.6,75.6,26,0
MGT,60,20241128,100000,76.4,76.4,76,76,15,0
MGT,60,20241128,110000,76,76,76,76,11,0
MGT,60,20241129,100000,77,77,77,77,1,0
MGT,60,20241129,110000,76,79.8,72,79.8,381,0
MGT,60,20241129,120000,79.2,79.2,79.2,79.2,25,0
MGT,60,20241129,140000,76.2,76.2,76.2,76.2,7,0
MGT,60,20241129,170000,78,78,78,78,1,0
MGT,60,20241202,100000,77.6,77.6,77.6,77.6,1,0
MGT,60,20241202,110000,73.4,73.4,73,73,27,0
MGT,60,20241202,120000,73,73,73,73,142,0
MGT,60,20241202,130000,75.8,75.8,75.6,75.6,15,0
MGT,60,20241202,150000,74.4,74.4,74.4,74.4,3,0
MGT,60,20241203,100000,74.2,74.4,74.2,74.4,2,0
MGT,60,20241203,110000,74.4,74.6,74.4,74.6,3,0
MGT,60,20241203,150000,74.4,74.4,74.4,74.4,1,0
MGT,60,20241203,160000,75.8,75.8,73.8,73.8,2,0
MGT,60,20241203,170000,73.6,73.6,73.4,73.4,9,0
MGT,60,20241204,110000,74.6,74.6,74.6,74.6,15,0
MGT,60,20241204,120000,74.6,74.8,74.6,74.8,108,0
MGT,60,20241205,100000,76,77.6,74.8,77.6,103,0
MGT,60,20241205,150000,76.8,76.8,76.8,76.8,54,0
MGT,60,20241206,100000,76.2,76.2,76.2,76.2,10,0
MGT,60,20241206,110000,77.4,77.6,77.4,77.6,65,0
MGT,60,20241206,120000,77.4,78.6,75.4,78.6,38,0
MGT,60,20241206,130000,78.6,78.8,78.6,78.8,4,0
MGT,60,20241206,170000,78.8,78.8,75.6,75.6,51,0
MGT,60,20241209,100000,78.8,79,78.8,79,28,0
MGT,60,20241209,120000,76.2,78.8,75.6,78.8,26,0
MGT,60,20241209,170000,78,78,78,78,5,0
MGT,60,20241210,100000,76.8,76.8,76.8,76.8,1,0
MGT,60,20241210,160000,77.6,77.6,77.6,77.6,1,0
MGT,60,20241210,170000,76.8,76.8,74.6,74.6,151,0
MGT,60,20241211,100000,75.8,75.8,73.6,73.6,50,0
MGT,60,20241211,110000,73.6,73.6,73.4,73.6,71,0
MGT,60,20241211,160000,73.8,73.8,73.6,73.6,20,0
MGT,60,20241211,170000,73.8,73.8,73.8,73.8,3,0
MGT,60,20241212,100000,73.6,73.6,73,73,72,0
MGT,60,20241212,110000,72.8,72.8,72.8,72.8,26,0
MGT,60,20241212,150000,73.4,73.4,73.4,73.4,4,0
MGT,60,20241212,160000,73.4,73.4,73.4,73.4,1,0
MGT,60,20241213,100000,73.6,73.6,72,72,84,0
MGT,60,20241213,110000,71.8,71.8,71.6,71.6,15,0
MGT,60,20241213,120000,72.6,72.6,72.6,72.6,2,0
MGT,60,20241213,130000,71.6,71.6,71.4,71.4,30,0
MGT,60,20241213,160000,72.4,72.6,72.4,72.6,2,0
MGT,60,20241216,100000,72,72,72,72,6,0
MGT,60,20241216,150000,71.8,71.8,69.2,70,178,0
MGT,60,20241216,160000,70.4,70.4,70.4,70.4,12,0
MGT,60,20241216,170000,70.6,70.6,70.6,70.6,1,0
MGT,60,20241217,100000,70.6,70.8,70.6,70.8,10,0
MGT,60,20241217,110000,71.6,71.8,71,71,93,0
MGT,60,20241217,150000,71,71.6,69.2,69.2,174,0
MGT,60,20241217,170000,70.4,70.4,70.4,70.4,5,0
MGT,60,20241218,100000,70.2,70.4,70.2,70.4,43,0
MGT,60,20241218,120000,70,70,70,70,32,0
MGT,60,20241218,130000,70.4,70.4,69.6,69.6,4,0
MGT,60,20241218,150000,69.6,72.2,69.6,72,1842,0
MGT,60,20241218,160000,72,72,70.4,70.4,226,0
MGT,60,20241219,100000,73,73,73,73,1,0
MGT,60,20241219,130000,70.2,70.2,70.2,70.2,1,0
MGT,60,20241219,160000,68.2,68.2,68.2,68.2,34,0
MGT,60,20241219,170000,67.4,67.8,66.2,66.4,189,0
MGT,60,20241220,100000,67.8,71,67.8,71,33,0
MGT,60,20241220,110000,70.6,70.6,68,68,2,0
MGT,60,20241220,130000,69.2,69.2,68.4,68.4,2,0
MGT,60,20241220,140000,68.2,68.2,63,63.6,291,0
MGT,60,20241220,160000,64,64,61.2,62,236,0
MGT,60,20241220,170000,64.6,64.6,61.2,61.2,900,0
MGT,60,20241223,100000,60.4,65,60.4,62,59,0
MGT,60,20241223,110000,61.6,61.8,60.6,60.8,162,0
MGT,60,20241223,120000,61,61,60.4,61,87,0
MGT,60,20241223,130000,61,61.6,60.6,61.6,140,0
MGT,60,20241223,140000,61.4,61.6,61.4,61.6,66,0
MGT,60,20241223,150000,61.4,61.6,60.8,61.6,29,0
MGT,60,20241223,170000,60.8,61.2,60.6,61.2,261,0
MGT,60,20241227,100000,61.8,63.4,61.2,61.2,12,0
MGT,60,20241227,110000,61.2,61.2,61.2,61.2,30,0
MGT,60,20241227,120000,61.2,61.6,59.4,61.4,164,0
MGT,60,20241227,130000,61.4,61.6,60,60,52,0
MGT,60,20241227,140000,61,61,61,61,17,0
MGT,60,20241227,170000,60.6,60.6,60.6,60.6,15,0
MGT,60,20241230,100000,60.4,60.6,59.2,59.2,74,0
MGT,60,20241230,110000,60,60,60,60,18,0
MGT,60,20241230,130000,60.4,60.4,60.4,60.4,4,0
MGT,60,20241230,140000,60,60.6,60,60.6,73,0
MGT,60,20241230,150000,60,60,60,60,30,0
MGT,60,20241230,160000,60,60.6,60,60.6,22,0
MGT,60,20241230,170000,59.8,59.8,59,59,36,0
MGT,60,20250102,100000,60,61,60,61,44,0
MGT,60,20250102,110000,58.6,61,58.6,61,4,0
MGT,60,20250102,120000,61,61,59.8,59.8,23,0
MGT,60,20250102,130000,60,61,60,61,4,0
MGT,60,20250102,140000,60.2,61.6,60.2,61.6,73,0
MGT,60,20250102,150000,61.4,61.8,61.4,61.8,32,0
MGT,60,20250102,160000,61.4,64,61.4,63.8,64,0
MGT,60,20250102,170000,62.8,63.8,62.8,63.8,25,0
MGT,60,20250103,100000,61.8,65,61.8,62.6,62,0
MGT,60,20250103,110000,62.6,62.6,60.6,60.6,174,0
MGT,60,20250103,120000,61,61.4,61,61.4,19,0
MGT,60,20250103,130000,61.4,61.6,61.2,61.2,56,0
MGT,60,20250103,140000,61.6,62,61,61,196,0
MGT,60,20250103,150000,60.8,61,60.4,61,377,0
MGT,60,20250103,160000,61,61,61,61,860,0
MGT,60,20250103,170000,61.6,61.8,61,61,28,0
MGT,60,20250107,100000,65,65.6,64.6,64.6,129,0
MGT,60,20250107,110000,64,64,61.6,61.6,12,0
MGT,60,20250107,150000,63,63.4,62.2,62.2,17,0
MGT,60,20250107,160000,63.2,63.4,63.2,63.4,79,0
MGT,60,20250107,170000,63.4,63.4,63.4,63.4,40,0
MGT,60,20250108,100000,63.2,63.2,61.6,61.6,38,0
MGT,60,20250108,110000,62.8,62.8,62.8,62.8,2,0
MGT,60,20250108,120000,62.8,62.8,62.8,62.8,18,0
MGT,60,20250108,130000,63,63.6,61.6,61.6,57,0
MGT,60,20250108,140000,63.2,63.2,63.2,63.2,2,0
MGT,60,20250108,160000,63.2,63.4,62,62,150,0
MGT,60,20250109,100000,62.6,63.4,62.6,63.4,2,0
MGT,60,20250109,110000,62.8,62.8,62,62,190,0
MGT,60,20250109,130000,62.8,62.8,62.8,62.8,52,0
MGT,60,20250109,140000,62.8,62.8,62.8,62.8,24,0
MGT,60,20250109,160000,62.2,62.6,62,62.6,120,0
MGT,60,20250109,170000,62.6,63.4,61.6,63.4,62,0
MGT,60,20250110,100000,63.2,63.8,62,63.8,153,0
MGT,60,20250110,110000,62.4,62.4,62.4,62.4,1,0
MGT,60,20250110,120000,62.2,62.2,62.2,62.2,1,0
MGT,60,20250110,130000,62.6,62.8,62.6,62.8,2,0
MGT,60,20250110,140000,62.8,63,62.8,63,174,0
MGT,60,20250110,160000,62.6,62.6,62.6,62.6,5,0
MGT,60,20250110,170000,62,62.2,62,62,61,0
MGT,60,20250114,100000,64,64,61.8,62.4,106,0
MGT,60,20250114,110000,62.4,62.4,62.4,62.4,72,0
MGT,60,20250114,120000,62.4,62.4,62.4,62.4,10,0
MGT,60,20250114,140000,62.4,62.4,62.4,62.4,1,0
MGT,60,20250114,150000,61.8,62,61,62,305,0
MGT,60,20250114,160000,62,62,60.6,60.6,32,0
MGT,60,20250114,170000,60.6,61.6,60.4,61.6,86,0
MGT,60,20250115,100000,62.2,62.2,62.2,62.2,1,0
MGT,60,20250115,120000,61.8,62,61.8,62,114,0
MGT,60,20250115,130000,60.8,62,60.6,62,26,0
MGT,60,20250115,140000,61,61,61,61,10,0
MGT,60,20250115,150000,61,61,59.4,60.2,543,0
MGT,60,20250115,160000,60.4,60.4,60.4,60.4,24,0
MGT,60,20250115,170000,60.4,60.4,60,60,28,0
MGT,60,20250116,100000,64,64,64,64,1,0
MGT,60,20250116,110000,62.2,62.2,62.2,62.2,1,0
MGT,60,20250116,160000,61.6,62.2,61.6,62.2,18,0
MGT,60,20250116,170000,60.6,62.4,60.2,62.4,8,0
MGT,60,20250117,100000,62.6,62.6,62.4,62.4,37,0
MGT,60,20250117,110000,62.4,62.4,62.4,62.4,2,0
MGT,60,20250117,170000,62.2,62.2,61,61,67,0
MGT,60,20250120,100000,62.6,62.6,59.8,59.8,232,0
MGT,60,20250120,110000,60.2,61.4,57.8,57.8,1006,0
MGT,60,20250120,120000,61.2,61.2,58,58.2,107,0
MGT,60,20250120,130000,59.8,59.8,59.8,59.8,2,0
MGT,60,20250120,140000,59.8,59.8,59.8,59.8,44,0
MGT,60,20250120,150000,59.8,59.8,59.8,59.8,10,0
MGT,60,20250120,160000,59.2,59.6,59,59.6,28,0
MGT,60,20250120,170000,59.6,59.6,59.6,59.6,2,0
MGT,60,20250121,100000,59.6,61,59.6,61,33,0
MGT,60,20250121,110000,59.8,59.8,59.2,59.8,17,0
MGT,60,20250121,120000,59.6,59.6,58.8,59,140,0
MGT,60,20250121,130000,59,59,58,58.6,666,0
MGT,60,20250121,140000,58.2,58.4,58,58,280,0
MGT,60,20250121,160000,58.2,58.2,58.2,58.2,2,0
MGT,60,20250121,170000,58.8,58.8,58.8,58.8,14,0
MGT,60,20250122,100000,58.4,58.8,58.4,58.8,139,0
MGT,60,20250122,110000,58.8,59,58.8,59,62,0
MGT,60,20250122,120000,58.8,59,58.8,59,19,0
MGT,60,20250122,130000,59.8,59.8,59,59,48,0
MGT,60,20250122,140000,59.6,59.6,59.6,59.6,1,0
MGT,60,20250123,100000,59.8,61,59.6,60.8,95,0
MGT,60,20250123,110000,60,60,60,60,70,0
MGT,60,20250123,120000,59.4,59.4,59.2,59.2,45,0
MGT,60,20250123,140000,59.8,59.8,59.8,59.8,1,0
MGT,60,20250124,100000,60.4,60.4,60.4,60.4,1,0
MGT,60,20250124,110000,60.2,60.2,60.2,60.2,2,0
MGT,60,20250124,120000,60.2,60.4,60.2,60.4,30,0
MGT,60,20250124,130000,60.2,61.6,60.2,61.4,103,0
MGT,60,20250124,140000,61.2,61.4,59.8,59.8,20,0
MGT,60,20250124,150000,61.4,61.4,61.4,61.4,1,0
MGT,60,20250124,160000,59.8,59.8,59.8,59.8,75,0
MGT,60,20250127,100000,60,60,59.8,59.8,61,0
MGT,60,20250127,110000,60.8,61,60.8,61,6,0
MGT,60,20250127,120000,60.8,61.2,60.8,61.2,4,0
MGT,60,20250127,130000,61,61,60.8,60.8,58,0
MGT,60,20250127,140000,61,61,61,61,2,0
MGT,60,20250127,150000,61.2,61.2,61.2,61.2,24,0
MGT,60,20250128,100000,61,61.2,61,61.2,10,0
MGT,60,20250128,110000,60.4,61,60.4,61,3,0
MGT,60,20250128,120000,61.2,61.2,61,61,58,0
MGT,60,20250128,140000,61.6,62,61.6,62,46,0
MGT,60,20250128,150000,62.4,63,62.4,63,105,0
MGT,60,20250128,170000,62,62.8,62,62.8,34,0
MGT,60,20250129,100000,62.8,64,62.8,62.8,55,0
MGT,60,20250129,110000,63.4,63.4,63.4,63.4,11,0
MGT,60,20250129,120000,63.4,63.4,63.4,63.4,19,0
MGT,60,20250129,150000,63.8,63.8,62,63.6,135,0
MGT,60,20250129,170000,63.4,63.8,63.4,63.8,160,0
MGT,60,20250130,100000,64,64,64,64,1,0
MGT,60,20250130,110000,64,64,64,64,2,0
MGT,60,20250130,130000,62.6,62.6,62.6,62.6,12,0
MGT,60,20250130,150000,63.6,63.8,63,63,56,0
MGT,60,20250130,170000,63.8,63.8,63.8,63.8,18,0
MGT,60,20250131,100000,64,64,64,64,7,0
MGT,60,20250131,110000,64,64,64,64,13,0
MGT,60,20250131,120000,63.2,63.2,63.2,63.2,30,0
MGT,60,20250131,130000,63.8,63.8,63.8,63.8,1,0
MGT,60,20250131,140000,63.8,63.8,62.6,62.6,49,0
MGT,60,20250131,160000,62.6,62.6,62.6,62.6,77,0
MGT,60,20250203,100000,64,64,62.6,62.6,3,0
MGT,60,20250203,110000,63,63.2,63,63.2,50,0
MGT,60,20250203,120000,63.2,63.2,63.2,63.2,20,0
MGT,60,20250203,140000,62.6,62.6,62.6,62.6,11,0
MGT,60,20250203,160000,63,63,62.2,62.2,17,0
MGT,60,20250203,170000,62,62.6,62,62.6,6,0
MGT,60,20250204,100000,62.6,62.8,62.6,62.8,2,0
MGT,60,20250204,110000,63.8,63.8,63.8,63.8,25,0
MGT,60,20250204,120000,63.8,63.8,63,63.8,361,0
MGT,60,20250204,140000,63.2,63.2,63.2,63.2,10,0
MGT,60,20250204,150000,63.2,63.4,62.6,63.4,274,0
MGT,60,20250204,160000,63.4,65.8,63.4,65.8,642,0
MGT,60,20250204,170000,64.2,67,63.6,66.6,124,0
MGT,60,20250205,100000,67,72.4,66.8,69,178,0
MGT,60,20250205,110000,67,68.8,66.2,66.2,131,0
MGT,60,20250205,120000,67,70,67,67.4,13,0
MGT,60,20250205,140000,67.4,70.4,67.4,69.2,97,0
MGT,60,20250205,160000,68.8,68.8,68.8,68.8,5,0
MGT,60,20250205,170000,69,69,69,69,8,0
MGT,60,20250206,100000,69,69,69,69,28,0
MGT,60,20250206,110000,69.2,70.4,69.2,69.2,152,0
MGT,60,20250206,120000,69.6,70,69.6,70,14,0
MGT,60,20250206,140000,69.2,69.2,69.2,69.2,9,0
MGT,60,20250206,170000,69.6,69.6,69.6,69.6,1,0
MGT,60,20250207,100000,69.4,69.4,69.4,69.4,10,0
MGT,60,20250207,110000,69.2,69.4,69.2,69.4,5,0
MGT,60,20250207,120000,69.2,69.4,69.2,69.4,240,0
MGT,60,20250207,130000,68,69.6,68,69.6,55,0
MGT,60,20250207,140000,69.6,71.2,69.4,71.2,90,0
MGT,60,20250207,170000,71.2,71.2,71.2,71.2,60,0
MGT,60,20250210,100000,71.2,71.2,71.2,71.2,5,0
MGT,60,20250210,120000,71.2,71.2,71.2,71.2,1,0
MGT,60,20250210,140000,68.6,68.6,68.6,68.6,1,0
MGT,60,20250210,160000,68.6,68.6,68.6,68.6,14,0
MGT,60,20250211,100000,70.8,70.8,70.6,70.8,22,0
MGT,60,20250211,120000,70.8,70.8,70.8,70.8,2,0
MGT,60,20250211,150000,70.8,70.8,70.8,70.8,10,0
MGT,60,20250211,170000,70.8,70.8,70.8,70.8,53,0
MGT,60,20250212,100000,70.6,70.6,70.6,70.6,8,0
MGT,60,20250212,110000,71.2,71.2,68.6,68.6,101,0
MGT,60,20250212,170000,68.8,68.8,68.8,68.8,20,0
MGT,60,20250213,100000,68.8,68.8,68.8,68.8,85,0
MGT,60,20250213,110000,69,71,69,71,6,0
MGT,60,20250213,120000,71,71,71,71,100,0
MGT,60,20250213,130000,71.2,72,71.2,72,96,0
MGT,60,20250213,150000,72,72,70,70,32,0
MGT,60,20250213,170000,71.2,71.8,71.2,71.8,35,0
MGT,60,20250214,100000,72.4,72.4,72.4,72.4,1,0
MGT,60,20250214,110000,71.2,71.2,71.2,71.2,60,0
MGT,60,20250214,120000,71,71.2,71,71.2,68,0
MGT,60,20250214,130000,72.4,73,72.4,73,33,0
MGT,60,20250214,150000,73,73,71.4,71.4,233,0
MGT,60,20250214,170000,71.4,72.6,71,72.6,154,0
MGT,60,20250217,100000,70.4,70.4,70,70,13,0
MGT,60,20250217,120000,72.4,72.6,72.4,72.6,35,0
MGT,60,20250217,130000,72.4,72.6,72.4,72.6,56,0
MGT,60,20250217,140000,72.6,74,72.6,74,46,0
MGT,60,20250217,150000,71.4,71.4,71.4,71.4,49,0
MGT,60,20250217,160000,71.4,71.4,71.4,71.4,35,0
MGT,60,20250217,170000,72.6,72.6,72.6,72.6,1,0
MGT,60,20250218,100000,73.6,73.6,72,72,11,0
MGT,60,20250218,110000,72,72,72,72,40,0
MGT,60,20250218,120000,72,72.2,72,72.2,39,0
MGT,60,20250218,160000,71.8,71.8,71.8,71.8,35,0
MGT,60,20250219,100000,71.2,73.6,71.2,73.6,3,0
MGT,60,20250219,110000,71.2,74.2,71,73.6,43,0
MGT,60,20250219,120000,73.6,73.6,73.6,73.6,2,0
MGT,60,20250219,130000,73.6,73.6,73.6,73.6,17,0
MGT,60,20250219,140000,73.4,73.6,73.4,73.6,8,0
MGT,60,20250219,170000,73.6,73.6,73.6,73.6,19,0
MGT,60,20250220,100000,73.6,73.6,71.6,71.6,97,0
MGT,60,20250220,120000,73.4,73.4,73.4,73.4,10,0
MGT,60,20250220,150000,73.4,73.4,73.4,73.4,3,0
MGT,60,20250220,170000,73.4,73.6,72,73.6,73,0
MGT,60,20250221,100000,73.6,73.6,71.8,71.8,65,0
MGT,60,20250221,120000,72,72,71.8,71.8,15,0
MGT,60,20250221,170000,72.6,72.6,72.6,72.6,4,0
MGT,60,20250224,100000,72.6,72.6,72.6,72.6,3,0
MGT,60,20250224,110000,72,72,72,72,1,0
MGT,60,20250224,120000,72.6,72.6,72,72,3,0
MGT,60,20250224,130000,72,72,72,72,34,0
MGT,60,20250224,150000,71.8,71.8,71.8,71.8,30,0
MGT,60,20250225,100000,73.2,73.2,71.8,71.8,12,0
MGT,60,20250225,120000,71.8,71.8,71.8,71.8,5,0
MGT,60,20250225,130000,73.2,73.2,73.2,73.2,25,0
MGT,60,20250226,100000,72.2,72.8,72.2,72.8,3,0
MGT,60,20250226,130000,72.2,72.2,72.2,72.2,5,0
MGT,60,20250226,160000,72.2,72.2,72.2,72.2,55,0
MGT,60,20250227,100000,71.8,71.8,71.8,71.8,2,0
MGT,60,20250227,150000,72,72,71.4,71.4,6,0
MGT,60,20250227,170000,71.4,71.4,71.4,71.4,1,0
MGT,60,20250228,100000,71.2,72,70.8,70.8,13,0
MGT,60,20250228,120000,72.2,72.6,72.2,72.6,2,0
MGT,60,20250303,100000,72.4,72.4,70,70,81,0
MGT,60,20250303,110000,70,70,69.8,69.8,11,0
MGT,60,20250303,120000,69.8,69.8,69.8,69.8,16,0
MGT,60,20250303,140000,70.2,70.2,70.2,70.2,21,0
MGT,60,20250304,100000,70.8,70.8,70.8,70.8,1,0
MGT,60,20250304,120000,70.6,70.6,70.6,70.6,4,0
MGT,60,20250304,130000,70,70,69.6,69.6,33,0
MGT,60,20250304,140000,69.6,70.2,68.8,70.2,107,0
MGT,60,20250306,100000,70.4,70.8,70.4,70.6,3,0
MGT,60,20250306,110000,70,70,70,70,1,0
MGT,60,20250306,120000,70,70,69.4,69.4,5,0
MGT,60,20250306,130000,69.6,69.6,69.6,69.6,5,0
MGT,60,20250307,100000,69.8,69.8,69.8,69.8,2,0
MGT,60,20250307,110000,69.8,69.8,69.8,69.8,1,0
MGT,60,20250307,130000,69.8,69.8,69.8,69.8,52,0
MGT,60,20250307,150000,69.8,69.8,69.4,69.4,4,0
MGT,60,20250307,160000,69.8,69.8,69.8,69.8,2,0
MGT,60,20250310,100000,71,71,71,71,2,0
MGT,60,20250310,110000,71,71,71,71,43,0
MGT,60,20250310,130000,70.8,70.8,70.8,70.8,14,0
MGT,60,20250310,140000,70.8,70.8,70.8,70.8,2,0
MGT,60,20250310,150000,70.6,70.6,70.6,70.6,1,0
MGT,60,20250310,170000,70.6,70.6,70.6,70.6,1,0
MGT,60,20250311,100000,70.6,71.4,69.8,69.8,57,0
MGT,60,20250311,110000,70,70,69.8,69.8,2,0
MGT,60,20250311,120000,71.4,71.4,71.4,71.4,1,0
MGT,60,20250312,100000,70.8,71,70.8,71,3,0
MGT,60,20250312,110000,70.8,70.8,70.8,70.8,2,0
MGT,60,20250312,150000,70.4,70.4,70.2,70.2,2,0
MGT,60,20250312,160000,70,70,70,70,8,0
MGT,60,20250312,170000,71,71,71,71,35,0
MGT,60,20250313,100000,70.8,70.8,70.8,70.8,1,0
MGT,60,20250313,110000,70,70.8,69.8,69.8,82,0
MGT,60,20250313,120000,70,70,69.8,69.8,21,0
MGT,60,20250313,130000,69.8,69.8,69.8,69.8,29,0
MGT,60,20250313,160000,70.2,70.4,70.2,70.4,51,0
MGT,60,20250314,100000,70.6,70.6,70.6,70.6,2,0
MGT,60,20250314,130000,70.4,70.6,70.4,70.6,20,0
MGT,60,20250314,170000,70.4,70.4,70.4,70.4,6,0
MGT,60,20250317,100000,69.2,69.2,69.2,69.2,86,0
MGT,60,20250317,120000,70,70,70,70,25,0
MGT,60,20250317,170000,69.6,69.6,69.2,69.2,39,0
MGT,60,20250318,100000,70,70.6,69.8,70.2,16,0
MGT,60,20250318,110000,70.2,70.2,70.2,70.2,85,0
MGT,60,20250318,130000,70,70,70,70,24,0
MGT,60,20250318,150000,70,70,70,70,7,0
MGT,60,20250319,100000,70,70,70,70,6,0
MGT,60,20250319,120000,69.8,70,69.8,70,6,0
MGT,60,20250319,150000,70,70,70,70,3,0
MGT,60,20250319,170000,70,70,70,70,3,0
MGT,60,20250320,100000,69.6,69.6,69.6,69.6,1,0
MGT,60,20250320,120000,69.4,69.4,69.2,69.2,26,0
MGT,60,20250320,140000,69.2,69.8,69.2,69.8,53,0
MGT,60,20250321,100000,70.6,70.6,69.2,69.2,35,0
MGT,60,20250321,110000,69.2,70,68.2,68.2,49,0
MGT,60,20250324,100000,69.6,69.6,68.2,68.2,43,0
MGT,60,20250324,170000,69,69,68.2,68.2,150,0
MGT,60,20250325,140000,69.2,69.4,69.2,69.4,3,0
MGT,60,20250325,150000,69.4,69.6,69.4,69.6,51,0
MGT,60,20250325,160000,69.2,69.6,69.2,69.6,4,0
MGT,60,20250325,170000,69.6,69.6,69.6,69.6,5,0
MGT,60,20250326,100000,69.8,70.2,69.6,70.2,184,0
MGT,60,20250326,110000,69.8,70,69.6,70,27,0
MGT,60,20250326,120000,69.6,69.6,69.6,69.6,16,0
MGT,60,20250326,130000,70,70,70,70,1,0
MGT,60,20250326,140000,69.6,69.6,69.6,69.6,67,0
MGT,60,20250327,100000,70,70,70,70,1,0
MGT,60,20250327,110000,70,70,70,70,1,0
MGT,60,20250327,160000,69.6,69.6,69.6,69.6,53,0
MGT,60,20250327,170000,70.2,70.2,70.2,70.2,2,0
MGT,60,20250328,100000,70.2,70.2,70.2,70.2,1,0
MGT,60,20250328,110000,69.6,69.6,69.6,69.6,122,0
MGT,60,20250328,140000,69.6,69.6,69.6,69.6,138,0
MGT,60,20250328,170000,69.4,70,69.4,70,5,0
MGT,60,20250331,100000,69.2,69.2,69.2,69.2,1,0
MGT,60,20250331,140000,69,69,68.6,68.6,2,0
MGT,60,20250331,150000,68.6,68.6,68.4,68.4,4,0
MGT,60,20250402,100000,68.6,68.6,68.2,68.6,4,0
MGT,60,20250402,140000,68.4,68.4,68.4,68.4,3,0
MGT,60,20250402,160000,68.4,68.4,68.4,68.4,10,0
MGT,60,20250403,100000,67.2,68.2,67,67,12,0
MGT,60,20250403,150000,66.8,66.8,66.8,66.8,68,0
MGT,60,20250404,100000,68,68,68,68,2,0
MGT,60,20250404,110000,66.4,66.4,65.8,65.8,46,0
MGT,60,20250404,120000,66,67.6,65,67.6,151,0
MGT,60,20250404,130000,64.4,64.4,64,64,68,0
MGT,60,20250404,140000,66.2,68,64,64,271,0
MGT,60,20250404,160000,64.6,64.6,64.6,64.6,84,0
MGT,60,20250404,170000,64.4,64.4,64.2,64.2,15,0
MGT,60,20250407,100000,64.4,64.4,62,63.6,107,0
MGT,60,20250407,120000,62.6,63.4,60.4,63.4,102,0
MGT,60,20250407,130000,63.6,63.8,63.6,63.6,13,0
MGT,60,20250407,140000,63.4,63.4,61.8,61.8,3,0
MGT,60,20250407,170000,63,63.8,63,63.8,20,0
MGT,60,20250408,100000,63.8,63.8,63.8,63.8,75,0
MGT,60,20250408,120000,63,63,63,63,1,0
MGT,60,20250408,130000,63.4,63.8,63.4,63.8,6,0
MGT,60,20250409,100000,63.2,63.8,63.2,63.8,86,0
MGT,60,20250409,110000,64,64,64,64,40,0
MGT,60,20250409,120000,62,67,60.6,67,278,0
MGT,60,20250409,140000,65.6,66,65.6,66,61,0
MGT,60,20250409,150000,65.8,65.8,65.8,65.8,1,0
MGT,60,20250410,130000,63.4,63.4,62,62,53,0
MGT,60,20250410,140000,62.2,62.2,62,62,50,0
MGT,60,20250411,100000,62.6,63.6,62.6,63.6,2,0
MGT,60,20250411,110000,63.6,63.6,63.6,63.6,17,0
MGT,60,20250411,130000,62.6,63.4,62,63.4,270,0
MGT,60,20250411,150000,63.6,65.2,63.6,65.2,54,0
MGT,60,20250411,160000,62.4,65.2,62.4,65.2,93,0
MGT,60,20250411,170000,63.8,63.8,63.8,63.8,30,0
MGT,60,20250414,100000,66.6,66.6,64,64,182,0
MGT,60,20250414,110000,62.4,62.4,62,62,195,0
MGT,60,20250414,120000,62,62,61.8,62,162,0
MGT,60,20250415,100000,63.8,63.8,63.6,63.8,33,0
MGT,60,20250415,120000,63.8,63.8,63.8,63.8,5,0
MGT,60,20250416,100000,63.8,63.8,63.8,63.8,54,0
MGT,60,20250416,130000,63.8,63.8,63.8,63.8,1,0
MGT,60,20250416,150000,63.8,63.8,63.8,63.8,2,0
MGT,60,20250417,100000,63.8,63.8,63.8,63.8,1,0
MGT,60,20250417,110000,62.6,62.6,62.2,62.2,8,0
MGT,60,20250423,100000,63.6,63.6,63.6,63.6,36,0
MGT,60,20250423,110000,64,64,64,64,32,0
MGT,60,20250423,120000,64,64,64,64,39,0
MGT,60,20250423,150000,64,64,64,64,2,0
MGT,60,20250424,100000,64.4,68,64.4,67,83,0
MGT,60,20250424,110000,67,67,66.6,67,83,0
MGT,60,20250424,120000,66.8,66.8,66.8,66.8,15,0
MGT,60,20250424,130000,67,67.4,67,67.4,44,0
MGT,60,20250424,140000,67.4,67.4,65.4,67,227,0
MGT,60,20250424,150000,67,67.6,67,67.6,71,0
MGT,60,20250424,160000,67.6,67.6,67.6,67.6,1,0
MGT,60,20250424,170000,67.6,68,67.6,68,70,0
MGT,60,20250425,100000,68.2,71.4,68.2,71,319,0
MGT,60,20250425,110000,71,71.4,70,70,57,0
MGT,60,20250425,120000,71,71,71,71,10,0
MGT,60,20250425,130000,71,71.4,70.2,70.2,32,0
MGT,60,20250425,140000,70.8,71,70.8,71,107,0
MGT,60,20250425,150000,70.8,70.8,70.8,70.8,1,0
MGT,60,20250425,160000,71,71.2,71,71.2,7,0
MGT,60,20250425,170000,71,71.2,70.8,70.8,56,0
MGT,60,20250428,100000,71.2,71.2,71.2,71.2,12,0
MGT,60,20250428,110000,71.2,71.2,71.2,71.2,1,0
MGT,60,20250428,120000,71.2,71.2,71.2,71.2,2,0
MGT,60,20250428,130000,70.6,70.6,68.2,68.2,241,0
MGT,60,20250428,150000,70,70,70,70,30,0
MGT,60,20250429,100000,70.2,70.2,69.6,69.6,4,0
MGT,60,20250429,110000,68.6,69,68.4,69,21,0
MGT,60,20250429,150000,69,69.2,69,69.2,25,0
MGT,60,20250429,170000,69,69.2,69,69.2,10,0
MGT,60,20250430,100000,69.6,69.6,67.4,67.4,73,0
MGT,60,20250430,110000,67.8,68,67.8,68,6,0
MGT,60,20250430,120000,67.8,69.2,67.8,69.2,190,0
MGT,60,20250430,130000,69.2,69.6,68,68,65,0
MGT,60,20250430,150000,69.6,69.8,69.6,69.8,4,0
MGT,60,20250502,100000,69.6,69.6,69.6,69.6,5,0
MGT,60,20250502,110000,71.2,71.2,71.2,71.2,10,0
MGT,60,20250502,120000,71.4,71.4,71.2,71.2,40,0
MGT,60,20250502,140000,71.2,71.2,70.6,70.6,19,0
MGT,60,20250502,160000,70.4,70.4,70.4,70.4,1,0
MGT,60,20250505,100000,71.2,71.2,71.2,71.2,1,0
MGT,60,20250505,120000,71.2,71.2,70.6,70.6,21,0
MGT,60,20250505,130000,70.6,70.6,70.6,70.6,29,0
MGT,60,20250505,170000,71,71.2,71,71.2,161,0
MGT,60,20250506,100000,71.4,71.4,70.2,70.2,7,0
MGT,60,20250506,110000,71.4,71.4,70.2,70.2,87,0
MGT,60,20250506,120000,70,70,70,70,7,0
MGT,60,20250506,130000,70,71.2,70,71.2,141,0
MGT,60,20250506,140000,71.2,71.2,71.2,71.2,12,0
MGT,60,20250506,160000,70.2,70.2,70,70,140,0
MGT,60,20250506,170000,70,70,70,70,11,0
