<TICKER>,<PER>,<DATE>,<TIME>,<OPEN>,<HIGH>,<LOW>,<CLOSE>,<VOL>,<OPENINT>
MLK,60,20240411,140000,0.604,0.604,0.604,0.604,200,0
MLK,60,20240411,150000,0.604,0.604,0.604,0.604,1000,0
MLK,60,20240411,160000,0.572,0.572,0.572,0.572,1000,0
MLK,60,20240411,170000,0.58,0.58,0.58,0.58,200,0
MLK,60,20240412,120000,0.594,0.594,0.594,0.594,553,0
MLK,60,20240412,140000,0.594,0.594,0.58,0.58,1000,0
MLK,60,20240416,100000,0.588,0.588,0.588,0.588,192,0
MLK,60,20240416,140000,0.588,0.588,0.588,0.588,198,0
MLK,60,20240416,160000,0.588,0.588,0.58,0.58,200,0
MLK,60,20240416,170000,0.594,0.598,0.594,0.598,53,0
MLK,60,20240417,100000,0.6,0.6,0.6,0.6,1500,0
MLK,60,20240417,110000,0.6,0.6,0.6,0.6,260,0
MLK,60,20240417,120000,0.592,0.592,0.54,0.58,10753,0
MLK,60,20240417,160000,0.584,0.584,0.58,0.58,2518,0
MLK,60,20240419,100000,0.584,0.586,0.558,0.558,3043,0
MLK,60,20240419,120000,0.57,0.57,0.57,0.57,159,0
MLK,60,20240419,140000,0.582,0.6,0.582,0.6,2000,0
MLK,60,20240423,120000,0.6,0.6,0.6,0.6,50,0
MLK,60,20240423,130000,0.6,0.6,0.6,0.6,1000,0
MLK,60,20240424,100000,0.598,0.598,0.576,0.576,417,0
MLK,60,20240424,110000,0.578,0.578,0.578,0.578,183,0
MLK,60,20240424,130000,0.58,0.58,0.578,0.578,161,0
MLK,60,20240424,150000,0.578,0.578,0.578,0.578,2928,0
MLK,60,20240424,170000,0.598,0.598,0.598,0.598,361,0
MLK,60,20240425,100000,0.58,0.58,0.578,0.578,2271,0
MLK,60,20240426,120000,0.58,0.58,0.552,0.552,2705,0
MLK,60,20240426,170000,0.596,0.596,0.596,0.596,1000,0
MLK,60,20240430,140000,0.59,0.59,0.59,0.59,157,0
MLK,60,20240507,100000,0.59,0.59,0.59,0.59,720,0
MLK,60,20240507,120000,0.59,0.59,0.59,0.59,1020,0
MLK,60,20240507,130000,0.582,0.582,0.57,0.57,1049,0
MLK,60,20240507,170000,0.588,0.59,0.588,0.59,358,0
MLK,60,20240508,120000,0.59,0.59,0.59,0.59,812,0
MLK,60,20240509,110000,0.594,0.596,0.594,0.596,900,0
MLK,60,20240509,130000,0.596,0.596,0.596,0.596,855,0
MLK,60,20240509,140000,0.598,0.598,0.598,0.598,30,0
MLK,60,20240509,160000,0.596,0.596,0.596,0.596,4,0
MLK,60,20240510,100000,0.598,0.598,0.598,0.598,1667,0
MLK,60,20240510,130000,0.598,0.598,0.598,0.598,616,0
MLK,60,20240510,150000,0.598,0.598,0.598,0.598,1025,0
MLK,60,20240513,120000,0.598,0.598,0.598,0.598,200,0
MLK,60,20240513,130000,0.598,0.598,0.598,0.598,123,0
MLK,60,20240514,150000,0.588,0.598,0.582,0.598,4987,0
MLK,60,20240515,100000,0.6,0.6,0.6,0.6,1500,0
MLK,60,20240515,110000,0.584,0.584,0.584,0.584,1,0
MLK,60,20240515,120000,0.6,0.6,0.578,0.578,382,0
MLK,60,20240515,170000,0.6,0.6,0.6,0.6,1500,0
MLK,60,20240516,120000,0.6,0.6,0.6,0.6,250,0
MLK,60,20240516,130000,0.6,0.6,0.6,0.6,35,0
MLK,60,20240517,100000,0.6,0.6,0.586,0.586,5021,0
MLK,60,20240517,120000,0.6,0.6,0.6,0.6,3300,0
MLK,60,20240517,150000,0.6,0.6,0.6,0.6,50,0
MLK,60,20240520,100000,0.6,0.602,0.6,0.602,1093,0
MLK,60,20240521,110000,0.59,0.6,0.586,0.59,195,0
MLK,60,20240521,170000,0.59,0.59,0.59,0.59,16,0
MLK,60,20240522,100000,0.59,0.59,0.59,0.59,1700,0
MLK,60,20240522,110000,0.586,0.586,0.586,0.586,1,0
MLK,60,20240522,120000,0.586,0.586,0.586,0.586,50,0
MLK,60,20240522,150000,0.59,0.59,0.59,0.59,100,0
MLK,60,20240523,100000,0.59,0.59,0.59,0.59,1000,0
MLK,60,20240523,150000,0.588,0.588,0.586,0.586,30,0
MLK,60,20240524,100000,0.586,0.586,0.586,0.586,100,0
MLK,60,20240527,120000,0.582,0.582,0.582,0.582,1,0
MLK,60,20240527,130000,0.582,0.582,0.58,0.58,1950,0
MLK,60,20240527,170000,0.58,0.58,0.58,0.58,3399,0
MLK,60,20240528,100000,0.58,0.592,0.58,0.592,18,0
MLK,60,20240528,130000,0.592,0.592,0.592,0.592,35,0
MLK,60,20240528,140000,0.592,0.592,0.592,0.592,20,0
MLK,60,20240529,170000,0.586,0.594,0.586,0.594,3559,0
MLK,60,20240531,110000,0.594,0.594,0.594,0.594,3018,0
MLK,60,20240531,120000,0.594,0.598,0.594,0.598,883,0
MLK,60,20240531,130000,0.602,0.602,0.602,0.602,100,0
MLK,60,20240531,160000,0.598,0.6,0.598,0.6,1366,0
MLK,60,20240531,170000,0.6,0.602,0.6,0.602,1314,0
MLK,60,20240603,100000,0.602,0.622,0.59,0.59,10417,0
MLK,60,20240603,110000,0.594,0.594,0.59,0.59,5000,0
MLK,60,20240603,130000,0.614,0.614,0.614,0.614,9300,0
MLK,60,20240603,160000,0.614,0.616,0.614,0.616,1804,0
MLK,60,20240603,170000,0.616,0.616,0.616,0.616,19,0
MLK,60,20240604,100000,0.616,0.62,0.616,0.62,14653,0
MLK,60,20240604,120000,0.62,0.62,0.618,0.618,15000,0
MLK,60,20240605,100000,0.616,0.628,0.616,0.628,3081,0
MLK,60,20240605,110000,0.628,0.628,0.628,0.628,51,0
MLK,60,20240605,130000,0.628,0.628,0.624,0.624,2036,0
MLK,60,20240605,140000,0.624,0.628,0.624,0.628,3250,0
MLK,60,20240605,150000,0.628,0.63,0.628,0.63,2070,0
MLK,60,20240605,170000,0.624,0.63,0.624,0.63,2124,0
MLK,60,20240606,100000,0.64,0.64,0.624,0.64,3383,0
MLK,60,20240606,110000,0.628,0.628,0.628,0.628,18,0
MLK,60,20240606,120000,0.628,0.64,0.628,0.64,4576,0
MLK,60,20240606,170000,0.64,0.64,0.64,0.64,1982,0
MLK,60,20240607,100000,0.64,0.64,0.64,0.64,1250,0
MLK,60,20240607,110000,0.636,0.64,0.636,0.64,16,0
MLK,60,20240607,120000,0.634,0.64,0.634,0.64,1121,0
MLK,60,20240607,130000,0.634,0.634,0.634,0.634,1000,0
MLK,60,20240607,150000,0.64,0.64,0.64,0.64,4726,0
MLK,60,20240607,160000,0.646,0.648,0.64,0.648,7148,0
MLK,60,20240607,170000,0.648,0.65,0.648,0.65,205,0
MLK,60,20240610,100000,0.668,0.68,0.664,0.664,6723,0
MLK,60,20240610,110000,0.664,0.664,0.64,0.64,3630,0
MLK,60,20240610,120000,0.658,0.658,0.658,0.658,372,0
MLK,60,20240610,140000,0.66,0.66,0.658,0.658,1518,0
MLK,60,20240610,160000,0.658,0.66,0.658,0.66,512,0
MLK,60,20240610,170000,0.66,0.66,0.66,0.66,848,0
MLK,60,20240611,100000,0.672,0.68,0.672,0.678,14529,0
MLK,60,20240611,120000,0.678,0.678,0.672,0.672,5218,0
MLK,60,20240611,130000,0.68,0.68,0.68,0.68,4217,0
MLK,60,20240611,140000,0.68,0.68,0.68,0.68,283,0
MLK,60,20240611,160000,0.672,0.672,0.672,0.672,1580,0
MLK,60,20240611,170000,0.68,0.68,0.68,0.68,2130,0
MLK,60,20240612,100000,0.718,0.718,0.68,0.7,2565,0
MLK,60,20240612,120000,0.698,0.71,0.698,0.71,3139,0
MLK,60,20240612,130000,0.71,0.716,0.7,0.71,4563,0
MLK,60,20240612,150000,0.71,0.71,0.68,0.71,3850,0
MLK,60,20240612,160000,0.71,0.71,0.71,0.71,20,0
MLK,60,20240612,170000,0.71,0.71,0.71,0.71,1000,0
MLK,60,20240613,100000,0.74,0.798,0.74,0.762,78022,0
MLK,60,20240613,110000,0.762,0.78,0.74,0.778,16885,0
MLK,60,20240613,120000,0.78,0.79,0.78,0.79,13041,0
MLK,60,20240613,130000,0.78,0.794,0.78,0.79,8358,0
MLK,60,20240613,140000,0.79,0.79,0.79,0.79,27051,0
MLK,60,20240613,150000,0.79,0.81,0.76,0.808,30667,0
MLK,60,20240613,160000,0.808,0.81,0.764,0.764,9194,0
MLK,60,20240613,170000,0.764,0.79,0.76,0.79,13148,0
MLK,60,20240614,100000,0.8,0.86,0.8,0.846,151624,0
MLK,60,20240614,110000,0.81,0.844,0.81,0.838,7556,0
MLK,60,20240614,120000,0.84,0.84,0.838,0.838,805,0
MLK,60,20240614,130000,0.838,0.84,0.838,0.84,4762,0
MLK,60,20240614,140000,0.838,0.84,0.838,0.838,10198,0
MLK,60,20240614,150000,0.838,0.85,0.838,0.85,12238,0
MLK,60,20240614,160000,0.84,0.85,0.838,0.838,8777,0
MLK,60,20240614,170000,0.838,0.85,0.838,0.85,16335,0
MLK,60,20240617,100000,0.87,0.9,0.8,0.9,62833,0
MLK,60,20240617,110000,0.9,0.9,0.832,0.9,39614,0
MLK,60,20240617,120000,0.9,0.9,0.89,0.9,46447,0
MLK,60,20240617,130000,0.896,0.9,0.896,0.9,16632,0
MLK,60,20240617,140000,0.9,0.9,0.88,0.896,28230,0
MLK,60,20240617,150000,0.89,0.896,0.888,0.888,11612,0
MLK,60,20240617,160000,0.894,0.9,0.894,0.898,17137,0
MLK,60,20240617,170000,0.9,0.95,0.898,0.916,86733,0
MLK,60,20240618,100000,0.948,1.07,0.946,1.04,168107,0
MLK,60,20240618,110000,1.05,1.11,1.02,1.045,147984,0
MLK,60,20240618,120000,1.04,1.05,1.02,1.04,24366,0
MLK,60,20240618,130000,1.04,1.075,1.04,1.075,22318,0
MLK,60,20240618,140000,1.07,1.09,1.05,1.09,47353,0
MLK,60,20240618,150000,1.09,1.09,1.04,1.05,25217,0
MLK,60,20240618,160000,1.05,1.07,1.04,1.05,24229,0
MLK,60,20240618,170000,1.045,1.09,1.03,1.085,29583,0
MLK,60,20240619,100000,1.19,1.305,1.13,1.26,363887,0
MLK,60,20240619,110000,1.245,1.25,1.22,1.225,54071,0
MLK,60,20240619,120000,1.23,1.245,1.22,1.24,30643,0
MLK,60,20240619,130000,1.235,1.26,1.22,1.26,36754,0
MLK,60,20240619,140000,1.26,1.325,1.21,1.325,128047,0
MLK,60,20240619,150000,1.325,1.325,1.31,1.325,23029,0
MLK,60,20240619,160000,1.35,1.35,1.32,1.35,23131,0
MLK,60,20240619,170000,1.345,1.38,1.32,1.38,87684,0
MLK,60,20240620,100000,1.5,1.55,1.26,1.39,398244,0
MLK,60,20240620,110000,1.365,1.41,1.265,1.27,86622,0
MLK,60,20240620,120000,1.265,1.39,1.265,1.32,119391,0
MLK,60,20240620,130000,1.33,1.345,1.3,1.345,17052,0
MLK,60,20240620,140000,1.345,1.345,1.32,1.34,13313,0
MLK,60,20240620,150000,1.32,1.33,1.29,1.29,12659,0
MLK,60,20240620,160000,1.315,1.35,1.3,1.325,25946,0
MLK,60,20240620,170000,1.325,1.38,1.3,1.34,29904,0
MLK,60,20240621,100000,1.3,1.3,1.17,1.19,102176,0
MLK,60,20240621,110000,1.13,1.19,1.085,1.14,132047,0
MLK,60,20240621,120000,1.14,1.14,1.115,1.135,13332,0
MLK,60,20240621,130000,1.14,1.175,1.09,1.115,58354,0
MLK,60,20240621,140000,1.115,1.145,1.1,1.13,17562,0
MLK,60,20240621,150000,1.1,1.135,1.1,1.105,14551,0
MLK,60,20240621,160000,1.11,1.11,1.06,1.075,37925,0
MLK,60,20240621,170000,1.075,1.11,1.075,1.085,57144,0
MLK,60,20240624,100000,1.115,1.32,1.08,1.245,242649,0
MLK,60,20240624,110000,1.23,1.295,1.215,1.295,53670,0
MLK,60,20240624,120000,1.3,1.33,1.25,1.25,81856,0
MLK,60,20240624,130000,1.26,1.305,1.255,1.3,23516,0
MLK,60,20240624,140000,1.275,1.31,1.27,1.31,9044,0
MLK,60,20240624,150000,1.3,1.3,1.25,1.28,36579,0
MLK,60,20240624,160000,1.28,1.28,1.255,1.26,23996,0
MLK,60,20240624,170000,1.28,1.28,1.215,1.215,46948,0
MLK,60,20240625,100000,1.28,1.29,1.19,1.21,85783,0
MLK,60,20240625,110000,1.205,1.225,1.155,1.165,39023,0
MLK,60,20240625,120000,1.17,1.19,1.155,1.155,37472,0
MLK,60,20240625,130000,1.155,1.19,1.155,1.19,27962,0
MLK,60,20240625,140000,1.19,1.19,1.185,1.185,42750,0
MLK,60,20240625,150000,1.19,1.2,1.185,1.2,20606,0
MLK,60,20240625,160000,1.2,1.3,1.185,1.275,29235,0
MLK,60,20240625,170000,1.275,1.305,1.275,1.3,45160,0
MLK,60,20240626,100000,1.3,1.305,1.235,1.29,28197,0
MLK,60,20240626,110000,1.29,1.295,1.255,1.29,14539,0
MLK,60,20240626,120000,1.265,1.29,1.245,1.25,28825,0
MLK,60,20240626,130000,1.25,1.29,1.25,1.255,22905,0
MLK,60,20240626,140000,1.285,1.34,1.285,1.3,70820,0
MLK,60,20240626,150000,1.325,1.33,1.3,1.3,6542,0
MLK,60,20240626,160000,1.305,1.33,1.26,1.295,37790,0
MLK,60,20240626,170000,1.295,1.335,1.295,1.33,36051,0
MLK,60,20240627,100000,1.34,1.345,1.28,1.335,55250,0
MLK,60,20240627,110000,1.32,1.4,1.32,1.38,49547,0
MLK,60,20240627,120000,1.38,1.395,1.365,1.39,10366,0
MLK,60,20240627,130000,1.37,1.385,1.35,1.385,42239,0
MLK,60,20240627,140000,1.36,1.385,1.35,1.385,8750,0
MLK,60,20240627,150000,1.35,1.385,1.35,1.385,10837,0
MLK,60,20240627,160000,1.37,1.37,1.37,1.37,4150,0
MLK,60,20240627,170000,1.36,1.37,1.35,1.37,18497,0
MLK,60,20240628,100000,1.39,1.39,1.34,1.385,11764,0
MLK,60,20240628,110000,1.39,1.395,1.37,1.37,8045,0
MLK,60,20240628,120000,1.37,1.395,1.345,1.39,9050,0
MLK,60,20240628,130000,1.39,1.4,1.35,1.4,21829,0
MLK,60,20240628,140000,1.41,1.42,1.41,1.42,16024,0
MLK,60,20240628,150000,1.41,1.42,1.355,1.4,9882,0
MLK,60,20240628,160000,1.415,1.42,1.37,1.4,13159,0
MLK,60,20240628,170000,1.4,1.4,1.39,1.39,4790,0
MLK,60,20240701,100000,1.4,1.4,1.31,1.335,21758,0
MLK,60,20240701,110000,1.34,1.395,1.34,1.34,18589,0
MLK,60,20240701,120000,1.35,1.4,1.34,1.385,31585,0
MLK,60,20240701,130000,1.385,1.385,1.385,1.385,2000,0
MLK,60,20240701,140000,1.39,1.4,1.385,1.4,26313,0
MLK,60,20240701,150000,1.41,1.49,1.41,1.44,79701,0
MLK,60,20240701,160000,1.495,1.52,1.48,1.515,48409,0
MLK,60,20240701,170000,1.49,1.52,1.49,1.52,153908,0
MLK,60,20240702,100000,1.56,1.7,1.55,1.7,236210,0
MLK,60,20240702,110000,1.665,1.7,1.645,1.7,57959,0
MLK,60,20240702,120000,1.685,1.7,1.66,1.68,44922,0
MLK,60,20240702,130000,1.695,1.695,1.65,1.685,23654,0
MLK,60,20240702,140000,1.69,1.7,1.665,1.69,21441,0
MLK,60,20240702,150000,1.69,1.715,1.65,1.715,107464,0
MLK,60,20240702,160000,1.75,1.8,1.715,1.715,48431,0
MLK,60,20240702,170000,1.715,1.735,1.7,1.725,15581,0
MLK,60,20240703,100000,1.735,1.83,1.73,1.76,59755,0
MLK,60,20240703,110000,1.765,1.765,1.65,1.705,21357,0
MLK,60,20240703,120000,1.735,1.74,1.67,1.67,10503,0
MLK,60,20240703,130000,1.675,1.68,1.565,1.61,39205,0
MLK,60,20240703,140000,1.585,1.61,1.435,1.44,132340,0
MLK,60,20240703,150000,1.44,1.48,1.41,1.475,162522,0
MLK,60,20240703,160000,1.475,1.57,1.475,1.55,54235,0
MLK,60,20240703,170000,1.55,1.64,1.53,1.54,77492,0
MLK,60,20240704,100000,1.55,1.7,1.55,1.64,45884,0
MLK,60,20240704,110000,1.635,1.64,1.575,1.62,23844,0
MLK,60,20240704,120000,1.63,1.635,1.62,1.62,9333,0
MLK,60,20240704,130000,1.63,1.64,1.57,1.64,7212,0
MLK,60,20240704,140000,1.645,1.7,1.645,1.685,26510,0
MLK,60,20240704,150000,1.69,1.69,1.58,1.58,17889,0
MLK,60,20240704,160000,1.635,1.665,1.6,1.655,6024,0
MLK,60,20240704,170000,1.64,1.655,1.56,1.62,13538,0
MLK,60,20240705,100000,1.63,1.66,1.5,1.645,53771,0
MLK,60,20240705,110000,1.64,1.645,1.56,1.63,7134,0
MLK,60,20240705,120000,1.63,1.63,1.52,1.59,23404,0
MLK,60,20240705,130000,1.56,1.56,1.48,1.525,44031,0
MLK,60,20240705,140000,1.53,1.55,1.525,1.55,4688,0
MLK,60,20240705,150000,1.55,1.55,1.52,1.52,3860,0
MLK,60,20240705,160000,1.545,1.55,1.545,1.55,4642,0
MLK,60,20240705,170000,1.55,1.55,1.51,1.535,9008,0
MLK,60,20240708,100000,1.53,1.58,1.48,1.53,23912,0
MLK,60,20240708,110000,1.47,1.53,1.39,1.43,33234,0
MLK,60,20240708,120000,1.43,1.45,1.3,1.37,60523,0
MLK,60,20240708,130000,1.36,1.4,1.34,1.38,25238,0
MLK,60,20240708,140000,1.38,1.44,1.33,1.42,21487,0
MLK,60,20240708,150000,1.43,1.46,1.42,1.43,18247,0
MLK,60,20240708,160000,1.42,1.46,1.42,1.46,1314,0
MLK,60,20240708,170000,1.42,1.45,1.39,1.43,17275,0
MLK,60,20240709,100000,1.385,1.45,1.385,1.43,9109,0
MLK,60,20240709,110000,1.405,1.44,1.4,1.44,6539,0
MLK,60,20240709,120000,1.44,1.44,1.43,1.43,2597,0
MLK,60,20240709,130000,1.42,1.43,1.39,1.395,8164,0
MLK,60,20240709,140000,1.4,1.41,1.4,1.4,4499,0
MLK,60,20240709,150000,1.42,1.42,1.355,1.42,6618,0
MLK,60,20240709,160000,1.42,1.43,1.41,1.42,7248,0
MLK,60,20240709,170000,1.42,1.435,1.42,1.435,10199,0
MLK,60,20240710,100000,1.435,1.475,1.4,1.455,24899,0
MLK,60,20240710,110000,1.455,1.455,1.44,1.44,1310,0
MLK,60,20240710,120000,1.42,1.43,1.39,1.39,15902,0
MLK,60,20240710,130000,1.41,1.41,1.41,1.41,121,0
MLK,60,20240710,140000,1.4,1.4,1.39,1.39,2992,0
MLK,60,20240710,150000,1.41,1.495,1.4,1.495,25719,0
MLK,60,20240710,160000,1.5,1.65,1.5,1.65,62576,0
MLK,60,20240710,170000,1.65,1.7,1.605,1.655,52611,0
MLK,60,20240711,100000,1.655,1.72,1.6,1.68,31678,0
MLK,60,20240711,110000,1.68,1.685,1.635,1.635,11099,0
MLK,60,20240711,120000,1.665,1.665,1.635,1.635,1001,0
MLK,60,20240711,130000,1.635,1.635,1.63,1.63,5218,0
MLK,60,20240711,140000,1.63,1.645,1.605,1.645,5152,0
MLK,60,20240711,150000,1.6,1.65,1.595,1.65,1290,0
MLK,60,20240711,160000,1.65,1.65,1.65,1.65,20,0
MLK,60,20240711,170000,1.605,1.645,1.595,1.595,4563,0
MLK,60,20240712,100000,1.59,1.645,1.58,1.58,10068,0
MLK,60,20240712,110000,1.59,1.59,1.56,1.565,10306,0
MLK,60,20240712,120000,1.565,1.58,1.56,1.58,3395,0
MLK,60,20240712,130000,1.58,1.58,1.58,1.58,1000,0
MLK,60,20240712,140000,1.575,1.575,1.465,1.56,15666,0
MLK,60,20240712,150000,1.505,1.63,1.5,1.63,20774,0
MLK,60,20240712,160000,1.605,1.605,1.565,1.565,1152,0
MLK,60,20240712,170000,1.595,1.61,1.59,1.59,3370,0
MLK,60,20240715,100000,1.545,1.59,1.545,1.55,3380,0
MLK,60,20240715,110000,1.58,1.58,1.545,1.545,3100,0
MLK,60,20240715,130000,1.55,1.57,1.545,1.57,4309,0
MLK,60,20240715,140000,1.57,1.57,1.5,1.5,5492,0
MLK,60,20240715,150000,1.515,1.57,1.465,1.55,12764,0
MLK,60,20240715,160000,1.51,1.54,1.5,1.5,561,0
MLK,60,20240715,170000,1.52,1.55,1.5,1.55,3379,0
MLK,60,20240716,100000,1.5,1.51,1.435,1.44,19022,0
MLK,60,20240716,110000,1.48,1.48,1.35,1.38,39632,0
MLK,60,20240716,120000,1.4,1.46,1.4,1.435,11038,0
MLK,60,20240716,130000,1.435,1.44,1.36,1.38,23110,0
MLK,60,20240716,140000,1.38,1.44,1.38,1.44,4071,0
MLK,60,20240716,150000,1.43,1.435,1.42,1.435,3419,0
MLK,60,20240716,160000,1.42,1.425,1.38,1.425,5289,0
MLK,60,20240716,170000,1.385,1.425,1.385,1.425,1800,0
MLK,60,20240717,100000,1.425,1.425,1.365,1.395,11872,0
MLK,60,20240717,110000,1.375,1.395,1.365,1.395,5623,0
MLK,60,20240717,120000,1.4,1.4,1.37,1.37,7911,0
MLK,60,20240717,130000,1.37,1.37,1.37,1.37,1764,0
MLK,60,20240717,140000,1.37,1.37,1.37,1.37,1500,0
MLK,60,20240717,150000,1.39,1.39,1.39,1.39,3409,0
MLK,60,20240717,160000,1.41,1.41,1.39,1.41,235,0
MLK,60,20240717,170000,1.39,1.41,1.39,1.405,1620,0
MLK,60,20240718,100000,1.39,1.4,1.39,1.39,3268,0
MLK,60,20240718,110000,1.39,1.425,1.39,1.4,10908,0
MLK,60,20240718,120000,1.41,1.41,1.41,1.41,600,0
MLK,60,20240718,130000,1.41,1.41,1.41,1.41,348,0
MLK,60,20240718,140000,1.4,1.4,1.4,1.4,30,0
MLK,60,20240718,150000,1.41,1.41,1.37,1.37,3450,0
MLK,60,20240718,160000,1.405,1.405,1.405,1.405,900,0
MLK,60,20240718,170000,1.405,1.42,1.375,1.42,4510,0
MLK,60,20240719,100000,1.41,1.42,1.41,1.42,903,0
MLK,60,20240719,110000,1.415,1.415,1.415,1.415,299,0
MLK,60,20240719,120000,1.385,1.42,1.375,1.42,789,0
MLK,60,20240719,140000,1.42,1.42,1.39,1.42,1410,0
MLK,60,20240719,170000,1.375,1.42,1.37,1.42,1678,0
MLK,60,20240722,100000,1.39,1.42,1.375,1.375,7325,0
MLK,60,20240722,110000,1.375,1.375,1.27,1.34,13070,0
MLK,60,20240722,120000,1.34,1.375,1.33,1.375,6047,0
MLK,60,20240722,140000,1.375,1.375,1.28,1.315,11611,0
MLK,60,20240722,150000,1.315,1.345,1.29,1.32,9396,0
MLK,60,20240722,160000,1.32,1.34,1.32,1.34,1192,0
MLK,60,20240722,170000,1.335,1.335,1.335,1.335,4799,0
MLK,60,20240723,100000,1.36,1.36,1.3,1.3,1175,0
MLK,60,20240723,110000,1.31,1.31,1.27,1.305,18796,0
MLK,60,20240723,120000,1.31,1.345,1.31,1.345,2466,0
MLK,60,20240723,150000,1.32,1.32,1.315,1.32,2095,0
MLK,60,20240723,170000,1.305,1.305,1.305,1.305,903,0
MLK,60,20240724,100000,1.295,1.345,1.295,1.31,2596,0
MLK,60,20240724,110000,1.345,1.385,1.31,1.385,5153,0
MLK,60,20240724,130000,1.37,1.395,1.37,1.37,9358,0
MLK,60,20240724,150000,1.37,1.39,1.33,1.335,4132,0
MLK,60,20240724,160000,1.335,1.335,1.335,1.335,980,0
MLK,60,20240724,170000,1.39,1.39,1.34,1.39,45,0
MLK,60,20240725,100000,1.38,1.38,1.335,1.335,585,0
MLK,60,20240725,110000,1.33,1.37,1.27,1.37,13055,0
MLK,60,20240725,120000,1.305,1.36,1.305,1.36,1050,0
MLK,60,20240725,130000,1.35,1.37,1.35,1.37,3000,0
MLK,60,20240725,150000,1.37,1.37,1.31,1.31,1315,0
MLK,60,20240725,160000,1.31,1.36,1.31,1.36,355,0
MLK,60,20240725,170000,1.31,1.37,1.31,1.36,1476,0
MLK,60,20240726,100000,1.36,1.36,1.28,1.28,8940,0
MLK,60,20240726,110000,1.32,1.32,1.285,1.32,5397,0
MLK,60,20240726,120000,1.305,1.31,1.305,1.31,3765,0
MLK,60,20240726,130000,1.31,1.31,1.29,1.29,819,0
MLK,60,20240726,150000,1.3,1.3,1.29,1.29,1080,0
MLK,60,20240726,160000,1.29,1.31,1.285,1.31,10542,0
MLK,60,20240726,170000,1.32,1.355,1.32,1.355,1638,0
MLK,60,20240729,100000,1.35,1.355,1.3,1.35,3017,0
MLK,60,20240729,110000,1.345,1.355,1.3,1.355,746,0
MLK,60,20240729,120000,1.35,1.35,1.35,1.35,1000,0
MLK,60,20240729,130000,1.31,1.31,1.3,1.3,2144,0
MLK,60,20240729,170000,1.3,1.345,1.3,1.345,930,0
MLK,60,20240730,100000,1.28,1.32,1.28,1.32,880,0
MLK,60,20240730,120000,1.32,1.32,1.275,1.31,2014,0
MLK,60,20240730,130000,1.3,1.3,1.27,1.27,3988,0
MLK,60,20240730,140000,1.27,1.27,1.23,1.265,8171,0
MLK,60,20240730,150000,1.265,1.265,1.245,1.245,2211,0
MLK,60,20240730,160000,1.245,1.245,1.245,1.245,1600,0
MLK,60,20240730,170000,1.265,1.265,1.23,1.23,3471,0
MLK,60,20240731,100000,1.26,1.26,1.18,1.2,16244,0
MLK,60,20240731,110000,1.185,1.2,1.185,1.19,288,0
MLK,60,20240731,120000,1.195,1.22,1.19,1.22,3761,0
MLK,60,20240731,140000,1.22,1.22,1.22,1.22,2879,0
MLK,60,20240731,150000,1.23,1.23,1.22,1.22,117,0
MLK,60,20240731,160000,1.22,1.22,1.22,1.22,1615,0
MLK,60,20240731,170000,1.22,1.22,1.22,1.22,112,0
MLK,60,20240801,100000,1.25,1.3,1.25,1.29,44,0
MLK,60,20240801,110000,1.29,1.41,1.29,1.4,49050,0
MLK,60,20240801,120000,1.365,1.37,1.34,1.37,893,0
MLK,60,20240801,130000,1.37,1.37,1.32,1.32,9352,0
MLK,60,20240801,140000,1.29,1.34,1.29,1.34,1802,0
MLK,60,20240801,160000,1.305,1.32,1.24,1.24,11717,0
MLK,60,20240801,170000,1.24,1.24,1.16,1.215,10323,0
MLK,60,20240802,100000,1.17,1.2,1.07,1.175,19076,0
MLK,60,20240802,110000,1.165,1.17,1.11,1.16,1270,0
MLK,60,20240802,120000,1.11,1.175,1.11,1.175,2114,0
MLK,60,20240802,130000,1.125,1.175,1.09,1.165,6732,0
MLK,60,20240802,140000,1.175,1.175,1.165,1.165,1160,0
MLK,60,20240802,150000,1.165,1.165,1.09,1.165,3936,0
MLK,60,20240802,160000,1.11,1.16,1.11,1.15,857,0
MLK,60,20240802,170000,1.15,1.16,1.09,1.09,3600,0
MLK,60,20240805,100000,1.07,1.07,0.992,0.992,13090,0
MLK,60,20240805,110000,1.015,1.07,0.998,0.998,10067,0
MLK,60,20240805,120000,1.015,1.035,1,1.035,3883,0
MLK,60,20240805,130000,1.01,1.04,0.998,1.035,5299,0
MLK,60,20240805,140000,1.03,1.07,1.03,1.065,11484,0
MLK,60,20240805,160000,1.06,1.06,0.97,0.97,11369,0
MLK,60,20240805,170000,0.98,1.03,0.98,1.03,10323,0
MLK,60,20240806,100000,1.04,1.08,1.04,1.07,9144,0
MLK,60,20240806,110000,1.06,1.075,1.06,1.075,894,0
MLK,60,20240806,120000,1.07,1.07,1.04,1.04,2644,0
MLK,60,20240806,130000,1.05,1.05,1.05,1.05,885,0
MLK,60,20240806,140000,1.05,1.05,1.05,1.05,700,0
MLK,60,20240806,150000,1.07,1.075,1.07,1.075,416,0
MLK,60,20240806,170000,1.075,1.075,1.075,1.075,7902,0
MLK,60,20240807,100000,1.075,1.145,1.075,1.145,13497,0
MLK,60,20240807,110000,1.145,1.18,1.145,1.18,36784,0
MLK,60,20240807,120000,1.19,1.2,1.17,1.185,22524,0
MLK,60,20240807,130000,1.17,1.185,1.17,1.17,1095,0
MLK,60,20240807,140000,1.17,1.19,1.17,1.185,9144,0
MLK,60,20240807,150000,1.185,1.19,1.185,1.185,1068,0
MLK,60,20240807,160000,1.17,1.17,1.155,1.155,380,0
MLK,60,20240807,170000,1.15,1.15,1.105,1.105,4794,0
MLK,60,20240808,100000,1.135,1.135,1.115,1.135,1153,0
MLK,60,20240808,110000,1.14,1.19,1.14,1.18,10472,0
MLK,60,20240808,120000,1.18,1.18,1.155,1.155,423,0
MLK,60,20240808,140000,1.175,1.175,1.175,1.175,35,0
MLK,60,20240808,150000,1.155,1.155,1.15,1.15,2407,0
MLK,60,20240808,160000,1.155,1.155,1.15,1.15,3000,0
MLK,60,20240808,170000,1.15,1.15,1.15,1.15,1519,0
MLK,60,20240809,100000,1.17,1.19,1.15,1.15,5959,0
MLK,60,20240809,110000,1.14,1.19,1.14,1.19,207,0
MLK,60,20240809,120000,1.145,1.18,1.14,1.18,11302,0
MLK,60,20240809,150000,1.16,1.16,1.155,1.155,2452,0
MLK,60,20240809,160000,1.16,1.175,1.145,1.175,2847,0
MLK,60,20240809,170000,1.145,1.145,1.14,1.14,300,0
MLK,60,20240812,100000,1.14,1.14,1.14,1.14,100,0
MLK,60,20240812,110000,1.14,1.14,1.14,1.14,100,0
MLK,60,20240812,160000,1.14,1.14,1.14,1.14,3800,0
MLK,60,20240812,170000,1.17,1.17,1.17,1.17,85,0
MLK,60,20240813,110000,1.16,1.16,1.16,1.16,1000,0
MLK,60,20240813,130000,1.155,1.155,1.155,1.155,8,0
MLK,60,20240813,150000,1.16,1.16,1.14,1.14,1030,0
MLK,60,20240813,170000,1.12,1.12,1.06,1.1,9670,0
MLK,60,20240814,100000,1.1,1.14,1.1,1.13,1966,0
MLK,60,20240814,110000,1.12,1.13,1.12,1.13,1300,0
MLK,60,20240814,130000,1.13,1.13,1.13,1.13,10,0
MLK,60,20240814,140000,1.13,1.13,1.12,1.12,1388,0
MLK,60,20240814,150000,1.1,1.1,1.09,1.09,2119,0
MLK,60,20240814,160000,1.1,1.1,1.1,1.1,10,0
MLK,60,20240814,170000,1.09,1.09,1.09,1.09,7000,0
MLK,60,20240816,110000,1.09,1.09,1.09,1.09,200,0
MLK,60,20240816,130000,1.065,1.065,1.065,1.065,908,0
MLK,60,20240816,140000,1.065,1.065,1.065,1.065,1159,0
MLK,60,20240816,150000,1.065,1.065,1.065,1.065,876,0
MLK,60,20240816,160000,1.065,1.065,1.065,1.065,1,0
MLK,60,20240816,170000,1.065,1.065,1.065,1.065,2410,0
MLK,60,20240819,100000,1.08,1.08,1.08,1.08,750,0
MLK,60,20240819,110000,1.185,1.185,1.15,1.15,3366,0
MLK,60,20240819,120000,1.15,1.185,1.105,1.105,1909,0
MLK,60,20240819,160000,1.2,1.2,1.115,1.115,5750,0
MLK,60,20240819,170000,1.17,1.17,1.17,1.17,300,0
MLK,60,20240820,100000,1.125,1.13,1.125,1.13,183,0
MLK,60,20240820,110000,1.18,1.18,1.11,1.125,2337,0
MLK,60,20240820,130000,1.12,1.17,1.12,1.17,289,0
MLK,60,20240820,140000,1.17,1.17,1.17,1.17,47,0
MLK,60,20240821,100000,1.14,1.14,1.14,1.14,20,0
MLK,60,20240821,110000,1.15,1.16,1.14,1.14,820,0
MLK,60,20240821,130000,1.14,1.14,1.115,1.115,967,0
MLK,60,20240821,140000,1.1,1.1,1.09,1.09,3529,0
MLK,60,20240821,150000,1.13,1.135,1.1,1.1,1250,0
MLK,60,20240821,160000,1.12,1.12,1.12,1.12,1176,0
MLK,60,20240822,100000,1.135,1.16,1.135,1.16,1258,0
MLK,60,20240822,110000,1.1,1.15,1.1,1.15,2315,0
MLK,60,20240822,140000,1.1,1.1,1.1,1.1,8,0
MLK,60,20240822,160000,1.145,1.145,1.145,1.145,47,0
MLK,60,20240822,170000,1.145,1.15,1.145,1.15,112,0
MLK,60,20240823,130000,1.105,1.105,1.1,1.1,1168,0
MLK,60,20240823,150000,1.135,1.135,1.135,1.135,500,0
MLK,60,20240823,160000,1.095,1.135,1.075,1.135,52,0
MLK,60,20240826,140000,1.08,1.08,1.08,1.08,3500,0
MLK,60,20240826,150000,1.125,1.125,1.125,1.125,1,0
MLK,60,20240826,160000,1.08,1.08,1.05,1.05,7676,0
MLK,60,20240826,170000,1.04,1.085,1,1.085,26294,0
MLK,60,20240827,100000,1.08,1.115,1.08,1.115,1596,0
MLK,60,20240827,120000,1.08,1.1,1.08,1.1,11,0
MLK,60,20240827,140000,1.045,1.045,1.045,1.045,260,0
MLK,60,20240827,150000,1.045,1.045,1.045,1.045,2071,0
MLK,60,20240827,160000,1.09,1.09,1.08,1.09,1522,0
MLK,60,20240827,170000,1.04,1.07,1.04,1.07,63,0
MLK,60,20240828,100000,1.075,1.08,1.075,1.08,43,0
MLK,60,20240828,130000,1.065,1.065,1.04,1.065,2934,0
MLK,60,20240828,150000,1.04,1.06,1.015,1.055,108,0
MLK,60,20240829,100000,1.07,1.07,1.07,1.07,59,0
MLK,60,20240829,150000,1.05,1.05,1.005,1.05,139,0
MLK,60,20240829,160000,1.05,1.05,1.05,1.05,10,0
MLK,60,20240830,100000,1.05,1.07,1.05,1.07,33,0
MLK,60,20240830,110000,1.07,1.07,1.07,1.07,10,0
MLK,60,20240830,120000,1.05,1.05,1.05,1.05,92,0
MLK,60,20240830,130000,1.025,1.05,1.025,1.05,105,0
MLK,60,20240830,150000,1.025,1.025,1.025,1.025,66,0
MLK,60,20240830,170000,1.05,1.05,1.02,1.05,480,0
MLK,60,20240902,110000,1.01,1.05,1.005,1.05,522,0
MLK,60,20240902,120000,1.005,1.045,1,1.005,6491,0
MLK,60,20240902,130000,1.005,1.005,1.005,1.005,500,0
MLK,60,20240902,140000,1.045,1.045,1.045,1.045,811,0
MLK,60,20240902,160000,1.045,1.045,1.045,1.045,356,0
MLK,60,20240902,170000,1.045,1.045,1.045,1.045,1500,0
MLK,60,20240903,100000,1.005,1.045,1.005,1.045,1976,0
MLK,60,20240903,140000,1.005,1.005,1.005,1.005,1900,0
MLK,60,20240903,150000,1.03,1.03,1.005,1.03,555,0
MLK,60,20240903,170000,1.02,1.03,1.01,1.03,1147,0
MLK,60,20240904,100000,1.01,1.01,1,1,5887,0
MLK,60,20240904,130000,1.005,1.005,0.99,0.99,3256,0
MLK,60,20240904,140000,0.99,1.035,0.984,1.035,5473,0
MLK,60,20240905,100000,1.02,1.02,0.972,1.02,125,0
MLK,60,20240905,110000,1.02,1.08,1.015,1.075,6217,0
MLK,60,20240905,120000,1.045,1.06,1.01,1.01,3501,0
MLK,60,20240905,130000,1.01,1.01,1.005,1.01,1197,0
MLK,60,20240905,140000,1.01,1.06,1.01,1.06,2009,0
MLK,60,20240905,160000,1.055,1.06,1.055,1.06,3000,0
MLK,60,20240906,100000,1.05,1.05,0.99,0.99,5162,0
MLK,60,20240906,110000,1.05,1.05,1.05,1.05,66,0
MLK,60,20240906,130000,1.02,1.02,1.02,1.02,122,0
MLK,60,20240906,150000,1.015,1.02,1.015,1.02,108,0
MLK,60,20240906,160000,1.02,1.02,1.015,1.02,10133,0
MLK,60,20240906,170000,1.015,1.05,1.01,1.05,1025,0
MLK,60,20240909,100000,1.05,1.07,1.05,1.07,501,0
MLK,60,20240909,110000,1.055,1.07,1.055,1.07,10022,0
MLK,60,20240909,130000,1.005,1.005,1.005,1.005,155,0
MLK,60,20240909,140000,1.005,1.01,1.005,1.01,310,0
MLK,60,20240909,170000,1.01,1.065,1.01,1.065,233,0
MLK,60,20240910,100000,1.065,1.1,1.065,1.1,6106,0
MLK,60,20240910,110000,1.1,1.115,1.1,1.115,1200,0
MLK,60,20240910,120000,1.1,1.16,1.1,1.15,8509,0
MLK,60,20240910,130000,1.145,1.15,1.11,1.11,946,0
MLK,60,20240910,150000,1.14,1.14,1.1,1.135,416,0
MLK,60,20240910,160000,1.14,1.14,1.11,1.14,665,0
MLK,60,20240910,170000,1.14,1.14,1.14,1.14,33,0
MLK,60,20240911,100000,1.16,1.16,1.14,1.15,4223,0
MLK,60,20240911,110000,1.125,1.15,1.125,1.15,105,0
MLK,60,20240911,120000,1.11,1.15,1.1,1.15,221,0
MLK,60,20240911,130000,1.15,1.15,1.11,1.15,157,0
MLK,60,20240911,140000,1.11,1.11,1.11,1.11,100,0
MLK,60,20240911,160000,1.15,1.15,1.15,1.15,55,0
MLK,60,20240912,110000,1.11,1.145,1.105,1.105,208,0
MLK,60,20240912,120000,1.145,1.145,1.145,1.145,4,0
MLK,60,20240912,150000,1.105,1.145,1.105,1.145,225,0
MLK,60,20240912,170000,1.105,1.145,1.1,1.145,1832,0
MLK,60,20240913,100000,1.1,1.145,1.1,1.145,6076,0
MLK,60,20240913,130000,1.11,1.11,1.11,1.11,1000,0
MLK,60,20240913,140000,1.135,1.135,1.135,1.135,3,0
MLK,60,20240913,170000,1.135,1.145,1.135,1.145,155,0
MLK,60,20240916,140000,1.14,1.14,1.14,1.14,779,0
MLK,60,20240917,100000,1.14,1.14,1.14,1.14,689,0
MLK,60,20240918,120000,1.075,1.14,1.03,1.14,4179,0
MLK,60,20240918,140000,1.14,1.14,1.14,1.14,10,0
MLK,60,20240920,100000,1.055,1.14,1.055,1.12,4328,0
MLK,60,20240920,120000,1.11,1.12,1.11,1.12,300,0
MLK,60,20240920,170000,1.12,1.14,1.12,1.14,6309,0
MLK,60,20240923,100000,1.14,1.22,1.11,1.205,12437,0
MLK,60,20240923,110000,1.195,1.195,1.125,1.19,960,0
MLK,60,20240923,120000,1.19,1.19,1.19,1.19,45,0
MLK,60,20240923,150000,1.16,1.16,1.125,1.155,597,0
MLK,60,20240923,160000,1.125,1.155,1.125,1.155,84,0
MLK,60,20240924,100000,1.18,1.29,1.18,1.29,38160,0
MLK,60,20240924,110000,1.3,1.385,1.3,1.35,35167,0
MLK,60,20240924,120000,1.35,1.35,1.22,1.22,15292,0
MLK,60,20240924,130000,1.22,1.28,1.17,1.25,1746,0
MLK,60,20240924,140000,1.245,1.37,1.22,1.37,24274,0
MLK,60,20240924,150000,1.3,1.345,1.22,1.335,22942,0
MLK,60,20240924,160000,1.305,1.34,1.24,1.34,17026,0
MLK,60,20240924,170000,1.34,1.34,1.28,1.33,4983,0
MLK,60,20240925,100000,1.33,1.33,1.33,1.33,720,0
MLK,60,20240925,110000,1.255,1.255,1.19,1.19,8739,0
MLK,60,20240925,120000,1.19,1.24,1.15,1.2,14807,0
MLK,60,20240925,130000,1.23,1.24,1.23,1.24,2385,0
MLK,60,20240925,140000,1.24,1.24,1.22,1.23,4733,0
MLK,60,20240925,150000,1.195,1.22,1.195,1.22,244,0
MLK,60,20240925,160000,1.22,1.22,1.22,1.22,300,0
MLK,60,20240925,170000,1.2,1.22,1.17,1.22,3027,0
MLK,60,20240926,100000,1.25,1.25,1.25,1.25,244,0
MLK,60,20240926,110000,1.19,1.25,1.19,1.25,43,0
MLK,60,20240926,120000,1.19,1.245,1.17,1.23,645,0
MLK,60,20240926,130000,1.23,1.23,1.23,1.23,2000,0
MLK,60,20240926,140000,1.23,1.23,1.2,1.23,2210,0
MLK,60,20240926,150000,1.23,1.23,1.21,1.21,1897,0
MLK,60,20240926,160000,1.23,1.23,1.23,1.23,2106,0
MLK,60,20240926,170000,1.31,1.315,1.31,1.315,1093,0
MLK,60,20240927,110000,1.315,1.315,1.315,1.315,150,0
MLK,60,20240927,120000,1.315,1.315,1.315,1.315,1131,0
MLK,60,20240927,130000,1.265,1.315,1.265,1.315,1750,0
MLK,60,20240927,140000,1.265,1.28,1.25,1.28,1004,0
MLK,60,20240927,150000,1.24,1.3,1.22,1.3,8246,0
MLK,60,20240927,160000,1.19,1.29,1.19,1.23,2903,0
MLK,60,20240927,170000,1.26,1.27,1.23,1.27,1860,0
MLK,60,20240930,100000,1.3,1.3,1.295,1.295,135,0
MLK,60,20240930,110000,1.295,1.295,1.295,1.295,12,0
MLK,60,20240930,120000,1.195,1.22,1.195,1.22,54,0
MLK,60,20240930,130000,1.22,1.295,1.22,1.295,1878,0
MLK,60,20240930,140000,1.295,1.295,1.295,1.295,8,0
MLK,60,20240930,170000,1.22,1.285,1.22,1.285,36,0
MLK,60,20241001,100000,1.285,1.295,1.2,1.29,3349,0
MLK,60,20241001,110000,1.29,1.295,1.29,1.295,55,0
MLK,60,20241001,150000,1.285,1.285,1.285,1.285,100,0
MLK,60,20241002,110000,1.285,1.285,1.285,1.285,50,0
MLK,60,20241002,130000,1.24,1.24,1.18,1.22,5600,0
MLK,60,20241002,140000,1.275,1.275,1.275,1.275,22,0
MLK,60,20241002,150000,1.21,1.275,1.2,1.275,255,0
MLK,60,20241002,170000,1.27,1.3,1.27,1.3,1250,0
MLK,60,20241003,100000,1.3,1.35,1.27,1.27,4190,0
MLK,60,20241003,110000,1.26,1.325,1.25,1.325,1125,0
MLK,60,20241003,120000,1.315,1.315,1.31,1.31,346,0
MLK,60,20241003,170000,1.265,1.31,1.265,1.305,578,0
MLK,60,20241004,100000,1.235,1.32,1.235,1.32,1140,0
MLK,60,20241004,120000,1.25,1.3,1.25,1.3,147,0
MLK,60,20241004,150000,1.25,1.25,1.25,1.25,33,0
MLK,60,20241004,170000,1.24,1.245,1.23,1.245,212,0
MLK,60,20241007,130000,1.235,1.235,1.19,1.19,300,0
MLK,60,20241007,140000,1.18,1.24,1.17,1.24,753,0
MLK,60,20241007,150000,1.2,1.2,1.2,1.2,99,0
MLK,60,20241007,160000,1.185,1.185,1.12,1.165,9549,0
MLK,60,20241008,100000,1.155,1.19,1.115,1.16,1495,0
MLK,60,20241008,110000,1.12,1.12,1.12,1.12,2700,0
MLK,60,20241008,120000,1.12,1.15,1.11,1.15,3158,0
MLK,60,20241008,130000,1.12,1.15,1.12,1.15,100,0
MLK,60,20241008,160000,1.145,1.15,1.08,1.145,5535,0
MLK,60,20241008,170000,1.14,1.14,1.14,1.14,1,0
MLK,60,20241009,100000,1.14,1.14,1.14,1.14,250,0
MLK,60,20241009,110000,1.1,1.14,1.1,1.14,494,0
MLK,60,20241009,120000,1.13,1.13,1.13,1.13,102,0
MLK,60,20241009,130000,1.13,1.13,1.13,1.13,25,0
MLK,60,20241009,140000,1.1,1.13,1.1,1.13,1108,0
MLK,60,20241010,110000,1.09,1.13,1.08,1.13,208,0
MLK,60,20241010,140000,1.09,1.09,1.08,1.08,1803,0
MLK,60,20241010,150000,1.09,1.09,1.07,1.07,2250,0
MLK,60,20241010,160000,1.09,1.13,1.09,1.13,33,0
MLK,60,20241010,170000,1.13,1.13,1.13,1.13,90,0
MLK,60,20241011,100000,1.19,1.19,1.12,1.19,2270,0
MLK,60,20241011,110000,1.12,1.18,1.115,1.18,758,0
MLK,60,20241011,170000,1.115,1.14,1.11,1.11,741,0
MLK,60,20241014,100000,1.19,1.19,1.19,1.19,44,0
MLK,60,20241014,150000,1.15,1.15,1.15,1.15,100,0
MLK,60,20241014,160000,1.12,1.14,1.075,1.075,98,0
MLK,60,20241014,170000,1.075,1.14,1.06,1.1,12968,0
MLK,60,20241015,100000,1.1,1.1,1.1,1.1,17,0
MLK,60,20241015,110000,1.08,1.095,1.05,1.095,4804,0
MLK,60,20241015,140000,1.05,1.1,1.05,1.1,240,0
MLK,60,20241015,150000,1.065,1.065,1.06,1.06,2573,0
MLK,60,20241015,160000,1.095,1.1,1.095,1.1,172,0
MLK,60,20241016,100000,1.1,1.15,1.085,1.15,138,0
MLK,60,20241016,160000,1.095,1.12,1.06,1.12,565,0
MLK,60,20241017,100000,1.12,1.14,1.12,1.14,661,0
MLK,60,20241017,110000,1.12,1.14,1.08,1.14,122,0
MLK,60,20241021,100000,1.14,1.14,1.14,1.14,144,0
MLK,60,20241021,110000,1.1,1.135,1.04,1.13,8011,0
MLK,60,20241021,120000,1.08,1.12,1.08,1.12,1310,0
MLK,60,20241021,130000,1.075,1.08,1.05,1.075,3049,0
MLK,60,20241021,140000,1.065,1.1,1.055,1.1,2993,0
MLK,60,20241021,150000,1.06,1.07,1.05,1.07,2007,0
MLK,60,20241021,160000,1.08,1.08,1.04,1.08,1168,0
MLK,60,20241021,170000,1.085,1.1,1.03,1.1,3950,0
MLK,60,20241022,100000,1.095,1.1,1.095,1.1,23,0
MLK,60,20241022,130000,1.065,1.1,1.06,1.1,22,0
MLK,60,20241022,140000,1.095,1.1,1.095,1.1,32,0
MLK,60,20241022,160000,1.07,1.07,1.01,1.01,18446,0
MLK,60,20241022,170000,1.07,1.07,1.07,1.07,165,0
MLK,60,20241023,130000,1.07,1.08,1.07,1.08,77,0
MLK,60,20241023,140000,1.08,1.08,1.035,1.035,950,0
MLK,60,20241023,160000,1.035,1.035,1.035,1.035,10,0
MLK,60,20241023,170000,1.08,1.09,1.08,1.09,87,0
MLK,60,20241024,100000,1.09,1.1,1.04,1.05,2972,0
MLK,60,20241024,160000,1.05,1.05,1.05,1.05,100,0
MLK,60,20241024,170000,1.095,1.1,1.055,1.1,1562,0
MLK,60,20241028,110000,1.065,1.095,1.04,1.095,1500,0
MLK,60,20241028,130000,1.095,1.1,1.095,1.1,400,0
MLK,60,20241028,150000,1.1,1.1,1.1,1.1,200,0
MLK,60,20241029,100000,1.01,1.095,1.01,1.04,35997,0
MLK,60,20241029,110000,1.05,1.07,1.03,1.06,1763,0
MLK,60,20241029,120000,1.05,1.05,1.05,1.05,750,0
MLK,60,20241029,130000,1.06,1.06,1.03,1.03,2114,0
MLK,60,20241029,140000,1.06,1.06,1.025,1.025,4480,0
MLK,60,20241029,150000,1.04,1.04,1.04,1.04,550,0
MLK,60,20241029,160000,1.035,1.035,1.035,1.035,5016,0
MLK,60,20241029,170000,1.025,1.04,1.02,1.03,14723,0
MLK,60,20241030,100000,1.01,1.01,1.01,1.01,9110,0
MLK,60,20241030,110000,1,1.01,1,1.01,3150,0
MLK,60,20241030,120000,1.01,1.01,1.01,1.01,1650,0
MLK,60,20241030,160000,1.05,1.05,1.05,1.05,570,0
MLK,60,20241031,100000,1.06,1.06,1.06,1.06,500,0
MLK,60,20241031,130000,1.06,1.08,1.03,1.08,5341,0
MLK,60,20241031,150000,1.07,1.07,1.07,1.07,4661,0
MLK,60,20241031,170000,1.08,1.08,1.08,1.08,425,0
MLK,60,20241104,100000,1.035,1.045,1.035,1.045,11043,0
MLK,60,20241104,110000,1.04,1.045,1.01,1.01,6698,0
MLK,60,20241104,120000,1.03,1.035,1.01,1.01,1772,0
MLK,60,20241104,160000,1.03,1.03,1.01,1.01,1650,0
MLK,60,20241104,170000,1.035,1.035,1.01,1.035,3120,0
MLK,60,20241105,100000,1.035,1.035,1.035,1.035,400,0
MLK,60,20241105,160000,1.035,1.035,1.035,1.035,6672,0
MLK,60,20241106,100000,1.05,1.07,1.05,1.07,46,0
MLK,60,20241106,110000,1.05,1.08,1.025,1.08,15184,0
MLK,60,20241106,120000,1.055,1.055,1.055,1.055,644,0
MLK,60,20241106,130000,1.04,1.04,1.04,1.04,3,0
MLK,60,20241106,140000,1.04,1.04,1.04,1.04,521,0
MLK,60,20241106,150000,1.07,1.08,1.07,1.08,829,0
MLK,60,20241106,160000,1.04,1.04,1.04,1.04,20,0
MLK,60,20241106,170000,1.04,1.04,1.04,1.04,320,0
MLK,60,20241107,100000,1.055,1.16,1.055,1.16,34369,0
MLK,60,20241107,110000,1.24,1.275,1.2,1.25,77814,0
MLK,60,20241107,120000,1.25,1.275,1.22,1.275,29499,0
MLK,60,20241107,130000,1.27,1.27,1.2,1.2,7745,0
MLK,60,20241107,140000,1.21,1.22,1.17,1.17,22630,0
MLK,60,20241107,150000,1.175,1.22,1.15,1.22,22103,0
MLK,60,20241107,160000,1.18,1.215,1.18,1.215,1019,0
MLK,60,20241107,170000,1.21,1.24,1.2,1.24,11649,0
MLK,60,20241108,100000,1.24,1.24,1.16,1.19,16003,0
MLK,60,20241108,110000,1.18,1.18,1.1,1.12,35817,0
MLK,60,20241108,120000,1.13,1.15,1.12,1.14,12456,0
MLK,60,20241108,130000,1.13,1.14,1.1,1.14,4687,0
MLK,60,20241108,140000,1.14,1.14,1.11,1.11,2973,0
MLK,60,20241108,150000,1.1,1.14,1.1,1.1,13954,0
MLK,60,20241108,160000,1.12,1.14,1.12,1.14,2739,0
MLK,60,20241108,170000,1.125,1.14,1.12,1.14,3357,0
MLK,60,20241112,100000,1.1,1.15,1.055,1.1,8755,0
MLK,60,20241112,110000,1.11,1.2,1.11,1.2,30554,0
MLK,60,20241112,120000,1.18,1.21,1.18,1.21,5593,0
MLK,60,20241112,130000,1.21,1.21,1.21,1.21,12,0
MLK,60,20241112,140000,1.15,1.2,1.15,1.195,2332,0
MLK,60,20241112,150000,1.19,1.19,1.19,1.19,1000,0
MLK,60,20241112,170000,1.15,1.15,1.15,1.15,1150,0
MLK,60,20241113,100000,1.19,1.195,1.12,1.12,12755,0
MLK,60,20241113,110000,1.125,1.175,1.125,1.175,17991,0
MLK,60,20241113,130000,1.175,1.175,1.175,1.175,1908,0
MLK,60,20241113,140000,1.175,1.175,1.13,1.13,659,0
MLK,60,20241113,170000,1.175,1.18,1.175,1.18,12000,0
MLK,60,20241114,100000,1.18,1.2,1.15,1.15,1956,0
MLK,60,20241114,110000,1.15,1.165,1.11,1.165,12577,0
MLK,60,20241114,130000,1.165,1.165,1.165,1.165,550,0
MLK,60,20241114,140000,1.15,1.15,1.125,1.125,354,0
MLK,60,20241114,150000,1.125,1.15,1.125,1.15,5168,0
MLK,60,20241114,170000,1.15,1.15,1.115,1.115,2984,0
MLK,60,20241115,100000,1.18,1.18,1.11,1.11,9206,0
MLK,60,20241115,110000,1.14,1.14,1.14,1.14,700,0
MLK,60,20241115,120000,1.11,1.14,1.11,1.14,410,0
MLK,60,20241115,130000,1.14,1.14,1.14,1.14,200,0
MLK,60,20241115,140000,1.14,1.15,1.14,1.15,1250,0
MLK,60,20241115,170000,1.15,1.15,1.15,1.15,600,0
MLK,60,20241118,100000,1.13,1.13,1.11,1.13,11766,0
MLK,60,20241118,110000,1.13,1.13,1.12,1.12,1050,0
MLK,60,20241118,130000,1.115,1.125,1.1,1.12,33449,0
MLK,60,20241118,140000,1.12,1.12,1.1,1.1,6249,0
MLK,60,20241118,150000,1.11,1.11,1.06,1.06,17000,0
MLK,60,20241118,160000,1.125,1.13,1.125,1.13,10984,0
MLK,60,20241118,170000,1.15,1.15,1.15,1.15,500,0
MLK,60,20241119,110000,1.13,1.15,1.13,1.15,20750,0
MLK,60,20241119,140000,1.125,1.125,1.125,1.125,1000,0
MLK,60,20241119,160000,1.13,1.15,1.13,1.13,6410,0
MLK,60,20241119,170000,1.15,1.15,1.1,1.145,3952,0
MLK,60,20241120,110000,1.145,1.145,1.13,1.13,2429,0
MLK,60,20241120,130000,1.13,1.13,1.1,1.13,8776,0
MLK,60,20241120,170000,1.15,1.15,1.15,1.15,1000,0
MLK,60,20241121,100000,1.145,1.145,1.13,1.13,1500,0
MLK,60,20241121,110000,1.13,1.175,1.105,1.175,29498,0
MLK,60,20241121,140000,1.175,1.175,1.175,1.175,1000,0
MLK,60,20241121,150000,1.175,1.18,1.125,1.125,1904,0
MLK,60,20241121,170000,1.125,1.155,1.125,1.15,1514,0
MLK,60,20241122,100000,1.16,1.19,1.16,1.19,20053,0
MLK,60,20241122,110000,1.18,1.18,1.16,1.16,1261,0
MLK,60,20241122,130000,1.13,1.13,1.105,1.105,1016,0
MLK,60,20241122,140000,1.145,1.15,1.11,1.15,862,0
MLK,60,20241122,150000,1.15,1.16,1.115,1.12,3262,0
MLK,60,20241122,160000,1.16,1.16,1.12,1.12,90,0
MLK,60,20241122,170000,1.12,1.16,1.12,1.16,5125,0
MLK,60,20241125,100000,1.16,1.25,1.16,1.2,60795,0
MLK,60,20241125,110000,1.2,1.225,1.2,1.225,4980,0
MLK,60,20241125,120000,1.22,1.225,1.19,1.19,2450,0
MLK,60,20241125,130000,1.205,1.22,1.205,1.22,1010,0
MLK,60,20241125,160000,1.19,1.23,1.18,1.23,7550,0
MLK,60,20241125,170000,1.225,1.225,1.225,1.225,1700,0
MLK,60,20241126,100000,1.225,1.225,1.18,1.18,31045,0
MLK,60,20241126,110000,1.18,1.18,1.18,1.18,2279,0
MLK,60,20241126,120000,1.17,1.17,1.135,1.135,1800,0
MLK,60,20241126,130000,1.18,1.19,1.18,1.19,9198,0
MLK,60,20241126,160000,1.19,1.19,1.19,1.19,100,0
MLK,60,20241126,170000,1.19,1.19,1.19,1.19,800,0
MLK,60,20241127,110000,1.19,1.19,1.17,1.17,1500,0
MLK,60,20241127,130000,1.17,1.17,1.17,1.17,500,0
MLK,60,20241127,150000,1.15,1.15,1.15,1.15,1600,0
MLK,60,20241127,160000,1.14,1.14,1.135,1.135,3159,0
MLK,60,20241127,170000,1.135,1.15,1.135,1.15,961,0
MLK,60,20241128,100000,1.17,1.18,1.17,1.18,9811,0
MLK,60,20241128,110000,1.17,1.17,1.15,1.15,301,0
MLK,60,20241128,130000,1.15,1.16,1.15,1.16,10001,0
MLK,60,20241128,140000,1.15,1.15,1.15,1.15,508,0
MLK,60,20241128,170000,1.15,1.16,1.14,1.16,2561,0
MLK,60,20241129,100000,1.13,1.13,1.13,1.13,6689,0
MLK,60,20241129,110000,1.13,1.13,1.13,1.13,913,0
MLK,60,20241129,130000,1.13,1.14,1.13,1.14,2433,0
MLK,60,20241202,100000,1.135,1.135,1.1,1.11,21289,0
MLK,60,20241202,110000,1.11,1.11,1.11,1.11,7500,0
MLK,60,20241202,120000,1.11,1.12,1.1,1.1,5502,0
MLK,60,20241202,130000,1.1,1.1,1.1,1.1,2649,0
MLK,60,20241202,140000,1.12,1.12,1.12,1.12,11,0
MLK,60,20241202,160000,1.12,1.12,1.12,1.12,2000,0
MLK,60,20241202,170000,1.1,1.1,1.1,1.1,1700,0
MLK,60,20241203,100000,1.06,1.14,1.06,1.14,8408,0
MLK,60,20241203,110000,1.13,1.16,1.13,1.16,14613,0
MLK,60,20241203,120000,1.115,1.115,1.115,1.115,22451,0
MLK,60,20241203,130000,1.15,1.15,1.11,1.11,21489,0
MLK,60,20241203,140000,1.1,1.1,1.1,1.1,19050,0
MLK,60,20241203,160000,1.11,1.11,1.11,1.11,4,0
MLK,60,20241203,170000,1.11,1.11,1.1,1.11,10868,0
MLK,60,20241204,100000,1.12,1.12,1.05,1.07,18497,0
MLK,60,20241204,110000,1.07,1.1,1.07,1.09,5238,0
MLK,60,20241204,120000,1.09,1.09,1.09,1.09,7055,0
MLK,60,20241204,130000,1.09,1.1,1.09,1.1,10695,0
MLK,60,20241204,140000,1.1,1.115,1.1,1.115,1901,0
MLK,60,20241204,160000,1.115,1.115,1.115,1.115,1106,0
MLK,60,20241204,170000,1.09,1.12,1.09,1.09,3254,0
MLK,60,20241205,100000,1.12,1.12,1.1,1.1,1205,0
MLK,60,20241205,110000,1.1,1.11,1.1,1.11,10799,0
MLK,60,20241205,130000,1.11,1.15,1.11,1.15,14820,0
MLK,60,20241205,140000,1.15,1.15,1.15,1.15,30,0
MLK,60,20241205,170000,1.15,1.15,1.15,1.15,908,0
MLK,60,20241206,100000,1.14,1.16,1.14,1.16,6603,0
MLK,60,20241206,150000,1.11,1.14,1.11,1.14,6827,0
MLK,60,20241206,160000,1.13,1.13,1.13,1.13,1,0
MLK,60,20241206,170000,1.115,1.13,1.115,1.13,1310,0
MLK,60,20241209,100000,1.13,1.14,1.13,1.14,627,0
MLK,60,20241209,110000,1.12,1.135,1.12,1.135,1163,0
MLK,60,20241209,120000,1.135,1.135,1.08,1.135,4361,0
MLK,60,20241209,130000,1.135,1.135,1.135,1.135,2000,0
MLK,60,20241209,140000,1.135,1.135,1.135,1.135,1400,0
MLK,60,20241210,110000,1.14,1.14,1.14,1.14,6,0
MLK,60,20241210,130000,1.14,1.14,1.14,1.14,139,0
MLK,60,20241210,140000,1.14,1.14,1.14,1.14,78,0
MLK,60,20241210,150000,1.14,1.2,1.14,1.195,23200,0
MLK,60,20241210,170000,1.125,1.18,1.105,1.14,21805,0
MLK,60,20241211,100000,1.175,1.2,1.165,1.165,11514,0
MLK,60,20241211,110000,1.16,1.2,1.13,1.13,11821,0
MLK,60,20241211,120000,1.195,1.195,1.135,1.135,4018,0
MLK,60,20241211,130000,1.14,1.14,1.14,1.14,2611,0
MLK,60,20241211,140000,1.185,1.185,1.14,1.14,21,0
MLK,60,20241211,160000,1.15,1.15,1.15,1.15,141,0
MLK,60,20241211,170000,1.15,1.185,1.15,1.185,11190,0
MLK,60,20241212,100000,1.185,1.185,1.14,1.185,1950,0
MLK,60,20241212,110000,1.16,1.16,1.15,1.15,300,0
MLK,60,20241212,130000,1.15,1.24,1.15,1.24,10880,0
MLK,60,20241212,140000,1.16,1.24,1.16,1.24,7675,0
MLK,60,20241212,150000,1.18,1.18,1.17,1.17,4144,0
MLK,60,20241212,160000,1.165,1.165,1.155,1.16,1009,0
MLK,60,20241212,170000,1.17,1.2,1.17,1.2,3674,0
MLK,60,20241213,100000,1.16,1.16,1.16,1.16,450,0
MLK,60,20241213,110000,1.215,1.24,1.185,1.185,3340,0
MLK,60,20241213,150000,1.235,1.24,1.235,1.24,7257,0
MLK,60,20241213,170000,1.24,1.24,1.215,1.235,4388,0
MLK,60,20241216,100000,1.2,1.2,1.155,1.155,5040,0
MLK,60,20241216,120000,1.2,1.2,1.175,1.175,1209,0
MLK,60,20241216,150000,1.17,1.17,1.165,1.165,1350,0
MLK,60,20241216,160000,1.2,1.2,1.2,1.2,4950,0
MLK,60,20241216,170000,1.19,1.2,1.185,1.2,2848,0
MLK,60,20241217,100000,1.185,1.2,1.185,1.2,830,0
MLK,60,20241217,110000,1.185,1.185,1.165,1.165,500,0
MLK,60,20241217,130000,1.165,1.165,1.165,1.165,80,0
MLK,60,20241217,150000,1.175,1.175,1.175,1.175,2788,0
MLK,60,20241217,160000,1.175,1.175,1.175,1.175,500,0
MLK,60,20241217,170000,1.17,1.17,1.17,1.17,401,0
MLK,60,20241218,130000,1.17,1.17,1.17,1.17,515,0
MLK,60,20241218,140000,1.2,1.2,1.2,1.2,100,0
MLK,60,20241218,160000,1.17,1.17,1.17,1.17,681,0
MLK,60,20241218,170000,1.17,1.17,1.17,1.17,2000,0
MLK,60,20241219,100000,1.145,1.145,1.145,1.145,640,0
MLK,60,20241219,110000,1.2,1.2,1.2,1.2,100,0
MLK,60,20241219,140000,1.17,1.17,1.15,1.15,826,0
MLK,60,20241219,150000,1.15,1.15,1.145,1.145,620,0
MLK,60,20241219,160000,1.15,1.15,1.15,1.15,500,0
MLK,60,20241220,130000,1.15,1.15,1.15,1.15,60,0
MLK,60,20241220,140000,1.195,1.195,1.145,1.195,1656,0
MLK,60,20241220,170000,1.145,1.145,1.145,1.145,89,0
MLK,60,20241223,150000,1.155,1.155,1.155,1.155,1002,0
MLK,60,20241223,170000,1.155,1.155,1.145,1.155,4088,0
MLK,60,20241227,160000,1.17,1.17,1.155,1.155,1456,0
MLK,60,20241227,170000,1.16,1.16,1.155,1.155,4544,0
MLK,60,20241230,100000,1.19,1.21,1.155,1.155,9822,0
MLK,60,20241230,140000,1.155,1.16,1.155,1.16,2609,0
MLK,60,20241230,150000,1.19,1.19,1.19,1.19,3322,0
MLK,60,20241230,160000,1.205,1.205,1.205,1.205,21,0
MLK,60,20241230,170000,1.2,1.2,1.2,1.2,400,0
MLK,60,20250102,100000,1.225,1.24,1.225,1.225,3641,0
MLK,60,20250102,120000,1.2,1.225,1.2,1.225,1159,0
MLK,60,20250102,130000,1.225,1.225,1.225,1.225,2300,0
MLK,60,20250102,140000,1.225,1.24,1.225,1.24,3500,0
MLK,60,20250102,150000,1.24,1.24,1.24,1.24,2693,0
MLK,60,20250102,160000,1.24,1.24,1.24,1.24,180,0
MLK,60,20250102,170000,1.24,1.26,1.24,1.26,5020,0
MLK,60,20250103,100000,1.26,1.27,1.26,1.27,5395,0
MLK,60,20250103,110000,1.26,1.26,1.215,1.215,930,0
MLK,60,20250103,120000,1.24,1.345,1.22,1.3,24659,0
MLK,60,20250103,130000,1.3,1.305,1.225,1.26,11210,0
MLK,60,20250103,140000,1.33,1.33,1.26,1.33,1701,0
MLK,60,20250103,150000,1.33,1.33,1.33,1.33,76,0
MLK,60,20250103,170000,1.285,1.325,1.285,1.325,3537,0
MLK,60,20250107,100000,1.32,1.32,1.32,1.32,464,0
MLK,60,20250107,110000,1.315,1.315,1.315,1.315,239,0
MLK,60,20250107,120000,1.275,1.315,1.235,1.3,9837,0
MLK,60,20250107,130000,1.3,1.32,1.3,1.32,12352,0
MLK,60,20250107,140000,1.305,1.315,1.26,1.315,335,0
MLK,60,20250107,150000,1.315,1.34,1.315,1.34,15000,0
MLK,60,20250107,160000,1.34,1.37,1.32,1.365,13741,0
MLK,60,20250107,170000,1.31,1.365,1.31,1.31,2860,0
MLK,60,20250108,100000,1.38,1.45,1.315,1.45,54712,0
MLK,60,20250108,110000,1.425,1.515,1.425,1.49,60467,0
MLK,60,20250108,120000,1.47,1.515,1.46,1.515,29316,0
MLK,60,20250108,130000,1.515,1.66,1.515,1.62,70169,0
MLK,60,20250108,140000,1.61,1.665,1.56,1.665,50360,0
MLK,60,20250108,150000,1.63,1.665,1.6,1.64,20553,0
MLK,60,20250108,160000,1.61,1.61,1.4,1.48,115456,0
MLK,60,20250108,170000,1.48,1.55,1.46,1.54,38480,0
MLK,60,20250109,100000,1.505,1.58,1.425,1.49,37336,0
MLK,60,20250109,110000,1.49,1.54,1.425,1.48,22790,0
MLK,60,20250109,120000,1.47,1.475,1.405,1.43,12726,0
MLK,60,20250109,130000,1.425,1.44,1.385,1.44,22962,0
MLK,60,20250109,140000,1.44,1.48,1.435,1.48,8549,0
MLK,60,20250109,150000,1.48,1.515,1.48,1.49,5411,0
MLK,60,20250109,160000,1.485,1.485,1.28,1.315,94922,0
MLK,60,20250109,170000,1.31,1.375,1.31,1.33,31585,0
MLK,60,20250110,100000,1.34,1.43,1.325,1.37,41355,0
MLK,60,20250110,110000,1.365,1.415,1.3,1.38,28476,0
MLK,60,20250110,120000,1.36,1.39,1.335,1.335,7642,0
MLK,60,20250110,130000,1.38,1.38,1.33,1.33,986,0
MLK,60,20250110,140000,1.325,1.35,1.21,1.345,23074,0
MLK,60,20250110,150000,1.345,1.365,1.34,1.36,5942,0
MLK,60,20250110,160000,1.325,1.36,1.32,1.355,5020,0
MLK,60,20250110,170000,1.325,1.355,1.32,1.32,2284,0
MLK,60,20250113,100000,1.31,1.36,1.25,1.36,8475,0
MLK,60,20250113,110000,1.345,1.345,1.28,1.34,220,0
MLK,60,20250113,120000,1.29,1.34,1.26,1.31,12750,0
MLK,60,20250113,130000,1.31,1.31,1.31,1.31,10,0
MLK,60,20250113,140000,1.27,1.31,1.25,1.31,28110,0
MLK,60,20250113,150000,1.325,1.33,1.325,1.33,1000,0
MLK,60,20250114,100000,1.335,1.335,1.22,1.27,53071,0
MLK,60,20250114,110000,1.28,1.33,1.28,1.28,304,0
MLK,60,20250114,120000,1.33,1.33,1.285,1.285,877,0
MLK,60,20250114,130000,1.33,1.33,1.29,1.29,2088,0
MLK,60,20250114,140000,1.33,1.38,1.3,1.38,8681,0
MLK,60,20250114,150000,1.37,1.38,1.175,1.2,62987,0
MLK,60,20250114,160000,1.2,1.275,1.2,1.275,76191,0
MLK,60,20250114,170000,1.23,1.265,1.21,1.235,17284,0
MLK,60,20250115,100000,1.235,1.285,1.235,1.275,8821,0
MLK,60,20250115,110000,1.27,1.285,1.27,1.28,8712,0
MLK,60,20250115,120000,1.285,1.31,1.285,1.31,3000,0
MLK,60,20250115,130000,1.27,1.27,1.26,1.27,5705,0
MLK,60,20250115,140000,1.27,1.27,1.26,1.26,9550,0
MLK,60,20250115,160000,1.3,1.3,1.3,1.3,1669,0
MLK,60,20250115,170000,1.26,1.31,1.26,1.31,8425,0
MLK,60,20250116,100000,1.29,1.31,1.27,1.31,3079,0
MLK,60,20250116,110000,1.31,1.365,1.31,1.355,20915,0
MLK,60,20250116,120000,1.3,1.3,1.3,1.3,30,0
MLK,60,20250116,130000,1.305,1.34,1.3,1.34,5871,0
MLK,60,20250116,140000,1.31,1.31,1.31,1.31,8,0
MLK,60,20250116,150000,1.31,1.31,1.31,1.31,619,0
MLK,60,20250116,160000,1.315,1.325,1.315,1.325,1081,0
MLK,60,20250117,100000,1.34,1.34,1.32,1.32,4897,0
MLK,60,20250117,110000,1.32,1.35,1.31,1.35,13055,0
MLK,60,20250117,120000,1.35,1.365,1.35,1.365,3023,0
MLK,60,20250117,130000,1.365,1.375,1.365,1.375,2660,0
MLK,60,20250117,140000,1.37,1.37,1.35,1.37,2190,0
MLK,60,20250117,150000,1.37,1.37,1.3,1.37,16500,0
MLK,60,20250117,170000,1.37,1.37,1.35,1.37,64,0
MLK,60,20250120,100000,1.35,1.37,1.32,1.35,10506,0
MLK,60,20250120,110000,1.35,1.37,1.35,1.37,4046,0
MLK,60,20250120,120000,1.37,1.4,1.37,1.4,14757,0
MLK,60,20250120,130000,1.395,1.395,1.395,1.395,200,0
MLK,60,20250120,140000,1.35,1.43,1.35,1.43,27521,0
MLK,60,20250120,150000,1.43,1.45,1.43,1.45,14283,0
MLK,60,20250120,160000,1.405,1.43,1.355,1.43,8455,0
MLK,60,20250120,170000,1.425,1.445,1.425,1.43,2968,0
MLK,60,20250121,100000,1.43,1.43,1.39,1.395,10670,0
MLK,60,20250121,110000,1.42,1.42,1.395,1.395,486,0
MLK,60,20250121,120000,1.395,1.395,1.39,1.39,4020,0
MLK,60,20250121,130000,1.39,1.39,1.39,1.39,850,0
MLK,60,20250121,140000,1.42,1.42,1.42,1.42,22,0
MLK,60,20250121,150000,1.405,1.42,1.405,1.42,5062,0
MLK,60,20250121,160000,1.41,1.41,1.365,1.41,7920,0
MLK,60,20250121,170000,1.41,1.41,1.41,1.41,200,0
MLK,60,20250122,100000,1.36,1.42,1.32,1.42,7940,0
MLK,60,20250122,150000,1.38,1.395,1.38,1.39,1322,0
MLK,60,20250122,160000,1.395,1.4,1.395,1.4,751,0
MLK,60,20250123,100000,1.35,1.35,1.35,1.35,2100,0
MLK,60,20250123,110000,1.37,1.37,1.37,1.37,100,0
MLK,60,20250123,120000,1.375,1.375,1.375,1.375,772,0
MLK,60,20250123,130000,1.38,1.38,1.38,1.38,1000,0
MLK,60,20250123,150000,1.375,1.375,1.375,1.375,628,0
MLK,60,20250123,170000,1.35,1.35,1.35,1.35,3000,0
MLK,60,20250124,110000,1.375,1.38,1.375,1.38,1392,0
MLK,60,20250124,130000,1.35,1.35,1.35,1.35,4000,0
MLK,60,20250127,110000,1.35,1.35,1.35,1.35,15,0
MLK,60,20250127,120000,1.33,1.33,1.31,1.31,2061,0
MLK,60,20250127,130000,1.32,1.32,1.31,1.31,892,0
MLK,60,20250127,150000,1.34,1.35,1.34,1.35,3440,0
MLK,60,20250127,160000,1.33,1.35,1.33,1.35,556,0
MLK,60,20250128,100000,1.37,1.37,1.33,1.33,1500,0
MLK,60,20250128,110000,1.37,1.4,1.37,1.4,1000,0
MLK,60,20250128,120000,1.4,1.4,1.4,1.4,695,0
MLK,60,20250128,130000,1.385,1.385,1.385,1.385,1500,0
MLK,60,20250128,140000,1.385,1.4,1.385,1.4,272,0
MLK,60,20250128,150000,1.4,1.4,1.4,1.4,282,0
MLK,60,20250129,100000,1.39,1.39,1.38,1.38,2000,0
MLK,60,20250129,110000,1.385,1.39,1.385,1.39,1850,0
MLK,60,20250129,120000,1.385,1.385,1.38,1.38,280,0
MLK,60,20250129,130000,1.37,1.37,1.33,1.37,6161,0
MLK,60,20250129,140000,1.37,1.37,1.37,1.37,62,0
MLK,60,20250129,160000,1.33,1.33,1.33,1.33,3,0
MLK,60,20250129,170000,1.37,1.37,1.34,1.37,3423,0
MLK,60,20250130,100000,1.38,1.38,1.38,1.38,20,0
MLK,60,20250130,140000,1.34,1.34,1.32,1.32,1539,0
MLK,60,20250130,150000,1.34,1.34,1.34,1.34,1600,0
MLK,60,20250130,160000,1.34,1.365,1.34,1.365,800,0
MLK,60,20250130,170000,1.365,1.365,1.365,1.365,1000,0
MLK,60,20250131,130000,1.33,1.35,1.31,1.35,4174,0
MLK,60,20250131,160000,1.32,1.35,1.32,1.35,2158,0
MLK,60,20250131,170000,1.35,1.35,1.32,1.35,2336,0
MLK,60,20250203,100000,1.395,1.395,1.395,1.395,50,0
MLK,60,20250203,120000,1.395,1.395,1.395,1.395,50,0
MLK,60,20250203,170000,1.365,1.38,1.365,1.38,101,0
MLK,60,20250204,100000,1.395,1.4,1.385,1.385,2381,0
MLK,60,20250204,110000,1.38,1.4,1.38,1.4,1800,0
MLK,60,20250204,120000,1.37,1.37,1.37,1.37,111,0
MLK,60,20250204,130000,1.365,1.365,1.365,1.365,800,0
MLK,60,20250204,150000,1.365,1.37,1.36,1.37,3639,0
MLK,60,20250204,160000,1.37,1.37,1.35,1.35,3962,0
MLK,60,20250204,170000,1.37,1.37,1.37,1.37,1489,0
MLK,60,20250205,100000,1.35,1.35,1.35,1.35,8820,0
MLK,60,20250205,110000,1.36,1.36,1.36,1.36,1000,0
MLK,60,20250205,140000,1.36,1.37,1.33,1.37,7000,0
MLK,60,20250205,150000,1.38,1.38,1.38,1.38,1965,0
MLK,60,20250205,170000,1.38,1.38,1.34,1.34,3797,0
MLK,60,20250206,100000,1.345,1.45,1.305,1.42,95071,0
MLK,60,20250206,110000,1.4,1.62,1.39,1.62,121845,0
MLK,60,20250206,120000,1.69,1.78,1.63,1.65,146625,0
MLK,60,20250206,130000,1.635,1.69,1.6,1.685,52834,0
MLK,60,20250206,140000,1.685,1.76,1.685,1.72,52468,0
MLK,60,20250206,150000,1.72,1.75,1.635,1.7,46402,0
MLK,60,20250206,160000,1.695,1.78,1.695,1.76,109028,0
MLK,60,20250206,170000,1.77,1.78,1.74,1.78,29897,0
MLK,60,20250207,100000,1.85,1.92,1.665,1.665,230388,0
MLK,60,20250207,110000,1.665,1.725,1.625,1.665,53889,0
MLK,60,20250207,120000,1.695,1.74,1.67,1.74,13580,0
MLK,60,20250207,130000,1.68,1.745,1.68,1.745,2178,0
MLK,60,20250207,140000,1.745,1.75,1.7,1.75,9452,0
MLK,60,20250207,150000,1.75,1.76,1.725,1.725,7784,0
MLK,60,20250207,160000,1.76,1.76,1.7,1.75,11872,0
MLK,60,20250207,170000,1.705,1.745,1.675,1.7,9007,0
MLK,60,20250210,100000,1.78,1.925,1.675,1.925,161291,0
MLK,60,20250210,110000,1.925,2.09,1.925,1.95,160638,0
MLK,60,20250210,120000,1.95,2.03,1.95,1.97,38132,0
MLK,60,20250210,130000,1.97,2.04,1.955,2.04,30330,0
MLK,60,20250210,140000,2.04,2.08,1.95,1.96,88718,0
MLK,60,20250210,150000,1.96,2.01,1.94,2.01,21318,0
MLK,60,20250210,160000,2.01,2.05,1.98,2.04,11697,0
MLK,60,20250210,170000,2.04,2.09,2.01,2.07,43600,0
MLK,60,20250211,100000,2.1,2.31,2.05,2.05,195456,0
MLK,60,20250211,110000,2.1,2.12,2.02,2.11,39500,0
MLK,60,20250211,120000,2.1,2.1,1.96,2,42369,0
MLK,60,20250211,130000,2.02,2.05,1.975,2.02,9577,0
MLK,60,20250211,140000,2.03,2.1,2.02,2.09,9446,0
MLK,60,20250211,150000,2.07,2.15,2.07,2.1,38495,0
MLK,60,20250211,160000,2.11,2.15,2.03,2.15,23546,0
MLK,60,20250211,170000,2.15,2.15,2.01,2.03,13861,0
MLK,60,20250212,100000,2.05,2.15,2.02,2.14,37805,0
MLK,60,20250212,110000,2.11,2.13,2.05,2.09,10641,0
MLK,60,20250212,120000,2.08,2.08,2.05,2.05,2000,0
MLK,60,20250212,130000,2.05,2.09,2.04,2.07,4730,0
MLK,60,20250212,140000,2.04,2.04,1.96,1.985,24420,0
MLK,60,20250212,150000,1.975,1.985,1.93,1.95,19862,0
MLK,60,20250212,160000,1.95,1.96,1.88,1.88,29651,0
MLK,60,20250212,170000,1.94,1.94,1.865,1.9,29395,0
MLK,60,20250213,100000,2.06,2.23,2.05,2.1,143120,0
MLK,60,20250213,110000,2.1,2.2,2.09,2.19,75560,0
MLK,60,20250213,120000,2.19,2.26,2.18,2.26,99933,0
MLK,60,20250213,130000,2.28,2.28,2.19,2.26,70196,0
MLK,60,20250213,140000,2.25,2.25,2.12,2.23,89547,0
MLK,60,20250213,150000,2.22,2.25,2.2,2.25,26549,0
MLK,60,20250213,160000,2.25,2.25,2.19,2.22,17265,0
MLK,60,20250213,170000,2.25,2.25,2.2,2.25,24994,0
MLK,60,20250214,100000,2.29,2.51,2.25,2.43,351563,0
MLK,60,20250214,110000,2.43,2.5,2.32,2.4,147309,0
MLK,60,20250214,120000,2.4,2.4,2.26,2.32,59105,0
MLK,60,20250214,130000,2.34,2.35,2.3,2.34,20602,0
MLK,60,20250214,140000,2.34,2.34,2.13,2.26,106281,0
MLK,60,20250214,150000,2.26,2.47,2.24,2.35,113946,0
MLK,60,20250214,160000,2.32,2.36,2.3,2.31,22762,0
MLK,60,20250214,170000,2.35,2.36,2.25,2.3,57633,0
MLK,60,20250217,100000,2.4,2.54,2.34,2.44,246608,0
MLK,60,20250217,110000,2.48,2.51,2.41,2.47,75356,0
MLK,60,20250217,120000,2.46,2.53,2.45,2.51,164889,0
MLK,60,20250217,130000,2.5,2.57,2.5,2.53,157832,0
MLK,60,20250217,140000,2.53,2.56,2.5,2.53,40341,0
MLK,60,20250217,150000,2.54,2.57,2.53,2.54,21959,0
MLK,60,20250217,160000,2.56,2.62,2.55,2.62,72283,0
MLK,60,20250217,170000,2.6,2.7,2.6,2.67,104699,0
MLK,60,20250218,100000,2.78,3.05,2.78,3.02,419251,0
MLK,60,20250218,110000,3.01,3.05,2.98,2.99,274644,0
MLK,60,20250218,120000,3,3.05,2.98,3,135710,0
MLK,60,20250218,130000,3.01,3.05,3.01,3.04,44037,0
MLK,60,20250218,140000,3.04,3.18,3.03,3.18,85939,0
MLK,60,20250218,150000,3.18,3.3,3.07,3.24,189237,0
MLK,60,20250218,160000,3.2,3.35,3.18,3.33,79639,0
MLK,60,20250218,170000,3.59,3.59,3.41,3.59,140435,0
MLK,60,20250219,100000,3.99,4.2,3.24,3.42,1130805,0
MLK,60,20250219,110000,3.4,3.5,2.92,2.97,336946,0
MLK,60,20250219,120000,3.02,3.49,2.92,3.21,347685,0
MLK,60,20250219,130000,3.2,3.39,3.1,3.32,62582,0
MLK,60,20250219,140000,3.31,3.38,3.25,3.38,36142,0
MLK,60,20250219,150000,3.38,3.57,3.37,3.5,88125,0
MLK,60,20250219,160000,3.41,3.53,3.32,3.42,43737,0
MLK,60,20250219,170000,3.4,3.51,3.33,3.47,68619,0
MLK,60,20250220,100000,3.4,3.4,2.92,3.09,219480,0
MLK,60,20250220,110000,3.09,3.28,3.09,3.17,131160,0
MLK,60,20250220,120000,3.16,3.17,3.02,3.14,22614,0
MLK,60,20250220,130000,3.12,3.18,3.05,3.18,23229,0
MLK,60,20250220,140000,3.15,3.22,3.08,3.12,33620,0
MLK,60,20250220,150000,3.12,3.12,3.02,3.05,35016,0
MLK,60,20250220,160000,3.05,3.1,2.9,2.9,85297,0
MLK,60,20250220,170000,2.9,2.9,2.76,2.8,68043,0
MLK,60,20250221,100000,2.85,3.14,2.85,2.95,243303,0
MLK,60,20250221,110000,2.98,3,2.9,2.9,48129,0
MLK,60,20250221,120000,2.9,2.98,2.89,2.98,17790,0
MLK,60,20250221,130000,2.96,3.02,2.85,2.94,60280,0
MLK,60,20250221,140000,2.93,3.25,2.89,3.13,156517,0
MLK,60,20250221,150000,3.12,3.26,3.07,3.11,103089,0
MLK,60,20250221,160000,3.1,3.15,3.01,3.01,52281,0
MLK,60,20250221,170000,3.09,3.14,3.07,3.14,59727,0
MLK,60,20250224,100000,3.15,3.35,3.04,3.21,195968,0
MLK,60,20250224,110000,3.22,3.27,3.17,3.27,52869,0
MLK,60,20250224,120000,3.27,3.33,3.24,3.3,87241,0
MLK,60,20250224,130000,3.32,3.36,3.27,3.31,142444,0
MLK,60,20250224,140000,3.3,3.32,3.28,3.3,15600,0
MLK,60,20250224,150000,3.3,3.31,3.25,3.31,25281,0
MLK,60,20250224,160000,3.3,3.3,3.14,3.14,55790,0
MLK,60,20250224,170000,3.14,3.22,3.13,3.19,45499,0
MLK,60,20250225,100000,3.36,3.36,3.12,3.16,72672,0
MLK,60,20250225,110000,3.15,3.19,3.04,3.15,46339,0
MLK,60,20250225,120000,3.15,3.15,3.03,3.1,43802,0
MLK,60,20250225,130000,3.1,3.14,3.04,3.14,8522,0
MLK,60,20250225,140000,3.1,3.16,3.1,3.12,7272,0
MLK,60,20250225,150000,3.15,3.15,3.07,3.07,9426,0
MLK,60,20250225,160000,3.13,3.13,3.11,3.11,1024,0
MLK,60,20250225,170000,3.1,3.11,3.05,3.06,15103,0
MLK,60,20250226,100000,3.17,3.31,3.1,3.18,81891,0
MLK,60,20250226,110000,3.19,3.31,3.18,3.27,67060,0
MLK,60,20250226,120000,3.25,3.31,3.2,3.29,22601,0
MLK,60,20250226,130000,3.26,3.26,3.18,3.2,42732,0
MLK,60,20250226,140000,3.2,3.2,3.15,3.19,10777,0
MLK,60,20250226,150000,3.17,3.19,3.15,3.16,9601,0
MLK,60,20250226,160000,3.18,3.2,3.15,3.16,7264,0
MLK,60,20250226,170000,3.16,3.28,3.15,3.28,47096,0
MLK,60,20250227,100000,3.18,3.24,3.1,3.14,43048,0
MLK,60,20250227,110000,3.14,3.24,3.13,3.24,17127,0
MLK,60,20250227,120000,3.16,3.19,3.13,3.16,7240,0
MLK,60,20250227,130000,3.17,3.19,3.15,3.18,4355,0
MLK,60,20250227,140000,3.18,3.19,3.17,3.17,9143,0
MLK,60,20250227,150000,3.18,3.18,3.14,3.14,9853,0
MLK,60,20250227,160000,3.18,3.22,3.14,3.2,16310,0
MLK,60,20250227,170000,3.18,3.24,3.18,3.18,5580,0
MLK,60,20250228,100000,3.13,3.15,2.95,3.05,79977,0
MLK,60,20250228,110000,3.06,3.12,3.05,3.09,23735,0
MLK,60,20250228,120000,3.04,3.09,3.02,3.08,7029,0
MLK,60,20250228,130000,3.08,3.14,3.05,3.1,31198,0
MLK,60,20250228,140000,3.1,3.1,3.08,3.08,3096,0
MLK,60,20250228,150000,3.08,3.1,3.06,3.08,6527,0
MLK,60,20250228,160000,3.07,3.1,3.06,3.1,7142,0
MLK,60,20250228,170000,3.07,3.15,3.07,3.11,26397,0
MLK,60,20250303,100000,2.51,2.6,2.41,2.58,174275,0
MLK,60,20250303,110000,2.57,2.69,2.56,2.66,91899,0
MLK,60,20250303,120000,2.67,2.76,2.64,2.69,56080,0
MLK,60,20250303,130000,2.69,2.69,2.6,2.6,32942,0
MLK,60,20250303,140000,2.61,2.69,2.6,2.62,29644,0
MLK,60,20250303,150000,2.64,2.65,2.55,2.55,37415,0
MLK,60,20250303,160000,2.6,2.66,2.57,2.64,7834,0
MLK,60,20250303,170000,2.63,2.66,2.49,2.49,32284,0
MLK,60,20250304,100000,2.3,2.3,2.07,2.15,267536,0
MLK,60,20250304,110000,2.19,2.21,2.09,2.19,36005,0
MLK,60,20250304,120000,2.19,2.23,2.17,2.22,14065,0
MLK,60,20250304,130000,2.2,2.53,2.2,2.52,247372,0
MLK,60,20250304,140000,2.52,2.58,2.44,2.45,59567,0
MLK,60,20250304,150000,2.45,2.6,2.45,2.5,49075,0
MLK,60,20250304,160000,2.52,2.52,2.42,2.45,22621,0
MLK,60,20250304,170000,2.49,2.49,2.41,2.42,26110,0
MLK,60,20250305,100000,2.8,3.08,2.72,3.03,293336,0
MLK,60,20250305,110000,3.04,3.05,2.91,3,136632,0
MLK,60,20250305,120000,3,3.08,2.98,3.08,91158,0
MLK,60,20250305,130000,3.09,3.12,3.01,3.03,71255,0
MLK,60,20250305,140000,3.03,3.08,2.92,2.98,47117,0
MLK,60,20250305,150000,2.96,2.98,2.92,2.98,7221,0
MLK,60,20250305,160000,2.95,3.06,2.95,3.05,21504,0
MLK,60,20250305,170000,3.05,3.05,2.96,3.01,13796,0
MLK,60,20250306,100000,3,3,2.73,2.86,68176,0
MLK,60,20250306,110000,2.9,2.95,2.83,2.83,18305,0
MLK,60,20250306,120000,2.85,2.87,2.79,2.81,19279,0
MLK,60,20250306,130000,2.81,2.89,2.81,2.84,12854,0
MLK,60,20250306,140000,2.84,2.88,2.83,2.88,3570,0
MLK,60,20250306,150000,2.88,2.93,2.84,2.91,13081,0
MLK,60,20250306,160000,2.93,3.02,2.93,3,46371,0
MLK,60,20250306,170000,3,3.02,2.95,3.01,5015,0
MLK,60,20250307,100000,3,3.02,2.91,2.95,14343,0
MLK,60,20250307,110000,2.93,2.96,2.91,2.95,6377,0
MLK,60,20250307,120000,2.95,2.96,2.9,2.9,5870,0
MLK,60,20250307,130000,2.96,2.96,2.87,2.88,1308,0
MLK,60,20250307,140000,2.9,2.9,2.9,2.9,8650,0
MLK,60,20250307,150000,2.9,2.9,2.88,2.9,333,0
MLK,60,20250307,160000,2.99,2.99,2.99,2.99,8,0
MLK,60,20250307,170000,2.91,2.99,2.9,2.93,8762,0
MLK,60,20250310,100000,2.96,3.07,2.82,2.87,6430,0
MLK,60,20250310,110000,2.85,2.87,2.83,2.87,9465,0
MLK,60,20250310,120000,2.87,2.9,2.87,2.9,610,0
MLK,60,20250310,130000,2.88,2.9,2.82,2.88,23363,0
MLK,60,20250310,140000,2.87,2.88,2.8,2.8,1200,0
MLK,60,20250310,150000,2.84,2.89,2.81,2.89,3093,0
MLK,60,20250310,160000,2.83,2.87,2.75,2.75,22659,0
MLK,60,20250310,170000,2.75,2.77,2.7,2.75,11860,0
MLK,60,20250311,100000,2.84,3.19,2.72,3.12,92836,0
MLK,60,20250311,110000,3.11,3.15,3.02,3.03,53034,0
MLK,60,20250311,120000,3.05,3.1,3,3,33261,0
MLK,60,20250311,130000,3.03,3.03,2.86,2.91,29409,0
MLK,60,20250311,140000,2.92,2.97,2.92,2.95,4967,0
MLK,60,20250311,150000,2.95,2.97,2.91,2.97,7137,0
MLK,60,20250311,160000,2.94,2.94,2.94,2.94,3561,0
MLK,60,20250311,170000,2.94,2.94,2.9,2.94,13605,0
MLK,60,20250312,100000,3.31,3.49,3.12,3.24,208458,0
MLK,60,20250312,110000,3.24,3.24,3.13,3.13,27499,0
MLK,60,20250312,120000,3.13,3.15,3.11,3.15,25572,0
MLK,60,20250312,130000,3.15,3.15,3.12,3.15,1728,0
MLK,60,20250312,140000,3.15,3.15,3.1,3.13,8685,0
MLK,60,20250312,150000,3.08,3.25,3.07,3.2,77024,0
MLK,60,20250312,160000,3.2,3.23,3.18,3.21,24330,0
MLK,60,20250312,170000,3.18,3.2,3.17,3.17,31568,0
MLK,60,20250313,100000,3.19,3.19,3,3,49357,0
MLK,60,20250313,110000,3,3.09,3,3.05,16256,0
MLK,60,20250313,120000,3.06,3.06,3.04,3.06,3520,0
MLK,60,20250313,130000,3.06,3.06,3,3,14092,0
MLK,60,20250313,140000,3,3.02,2.95,2.97,7795,0
MLK,60,20250313,150000,2.97,3,2.91,2.98,13011,0
MLK,60,20250313,160000,2.96,2.99,2.96,2.98,4903,0
MLK,60,20250313,170000,2.96,2.99,2.88,2.89,26111,0
MLK,60,20250314,100000,3,3,2.86,2.9,15207,0
MLK,60,20250314,110000,2.95,3.02,2.91,3,11763,0
MLK,60,20250314,120000,2.99,3.02,2.98,2.98,10272,0
MLK,60,20250314,130000,2.99,2.99,2.94,2.96,4396,0
MLK,60,20250314,140000,2.96,2.99,2.96,2.97,3143,0
MLK,60,20250314,150000,2.92,2.98,2.88,2.95,10155,0
MLK,60,20250314,160000,2.92,2.95,2.92,2.95,550,0
MLK,60,20250314,170000,2.9,2.94,2.9,2.92,7095,0
MLK,60,20250317,100000,3.02,3.02,2.86,2.9,28668,0
MLK,60,20250317,110000,2.87,2.9,2.86,2.89,11790,0
MLK,60,20250317,120000,2.88,2.88,2.84,2.87,3927,0
MLK,60,20250317,130000,2.86,2.96,2.86,2.94,10799,0
MLK,60,20250317,140000,2.94,3,2.86,2.99,30223,0
MLK,60,20250317,150000,2.99,3,2.93,2.99,5504,0
MLK,60,20250317,160000,2.93,2.99,2.93,2.93,1444,0
MLK,60,20250317,170000,2.97,2.97,2.9,2.95,10296,0
MLK,60,20250318,100000,3,3.07,2.97,3.04,22905,0
MLK,60,20250318,110000,3.01,3.03,2.91,2.99,12418,0
MLK,60,20250318,120000,2.95,2.99,2.95,2.99,3248,0
MLK,60,20250318,130000,2.96,3,2.96,3,3415,0
MLK,60,20250318,140000,3,3,3,3,1632,0
MLK,60,20250318,150000,2.99,2.99,2.93,2.98,2150,0
MLK,60,20250318,160000,2.93,2.93,2.93,2.93,24,0
MLK,60,20250318,170000,2.95,3,2.93,3,12314,0
MLK,60,20250319,100000,2.97,2.97,2.76,2.92,53115,0
MLK,60,20250319,110000,2.8,2.8,2.7,2.76,100970,0
MLK,60,20250319,120000,2.76,2.86,2.76,2.8,35877,0
MLK,60,20250319,130000,2.85,2.85,2.75,2.81,24055,0
MLK,60,20250319,140000,2.81,2.81,2.75,2.75,23395,0
MLK,60,20250319,150000,2.81,2.81,2.48,2.54,285286,0
MLK,60,20250319,160000,2.54,2.69,2.52,2.62,99605,0
MLK,60,20250319,170000,2.64,2.76,2.62,2.74,59858,0
MLK,60,20250320,100000,2.74,2.78,2.66,2.68,8571,0
MLK,60,20250320,110000,2.67,2.67,2.59,2.6,24423,0
MLK,60,20250320,120000,2.62,2.68,2.56,2.68,22648,0
MLK,60,20250320,130000,2.61,2.67,2.6,2.67,7022,0
MLK,60,20250320,140000,2.62,2.65,2.59,2.65,6754,0
MLK,60,20250320,150000,2.65,2.66,2.6,2.66,7437,0
MLK,60,20250320,160000,2.64,2.64,2.55,2.57,27553,0
MLK,60,20250320,170000,2.62,2.68,2.62,2.68,10624,0
MLK,60,20250321,100000,2.65,2.8,2.65,2.75,12746,0
MLK,60,20250321,110000,2.72,2.74,2.69,2.72,13506,0
MLK,60,20250321,120000,2.72,2.74,2.69,2.69,3090,0
MLK,60,20250321,130000,2.69,2.69,2.69,2.69,246,0
MLK,60,20250321,140000,2.68,2.68,2.65,2.65,10588,0
MLK,60,20250321,160000,2.73,2.89,2.72,2.8,51756,0
MLK,60,20250321,170000,2.79,2.8,2.66,2.8,24776,0
MLK,60,20250324,100000,2.95,2.95,2.69,2.8,40400,0
MLK,60,20250324,110000,2.83,2.83,2.82,2.82,1900,0
MLK,60,20250324,120000,2.84,2.84,2.8,2.8,6704,0
MLK,60,20250324,130000,2.84,2.84,2.79,2.81,3737,0
MLK,60,20250324,140000,2.81,2.83,2.77,2.77,4353,0
MLK,60,20250324,150000,2.77,2.83,2.76,2.76,4989,0
MLK,60,20250324,160000,2.83,2.83,2.75,2.75,2710,0
MLK,60,20250324,170000,2.76,2.8,2.76,2.8,14246,0
MLK,60,20250325,100000,2.78,2.78,2.71,2.71,9301,0
MLK,60,20250325,110000,2.76,2.76,2.72,2.75,871,0
MLK,60,20250325,120000,2.75,2.77,2.72,2.72,10466,0
MLK,60,20250325,130000,2.73,2.78,2.73,2.73,1702,0
MLK,60,20250325,140000,2.73,2.78,2.73,2.74,21121,0
MLK,60,20250325,150000,2.74,2.74,2.73,2.73,5400,0
MLK,60,20250325,160000,2.73,2.73,2.72,2.72,20000,0
MLK,60,20250325,170000,2.74,2.79,2.64,2.7,36495,0
MLK,60,20250326,100000,2.75,2.75,2.7,2.71,29963,0
MLK,60,20250326,110000,2.71,2.71,2.61,2.7,21887,0
MLK,60,20250326,120000,2.62,2.65,2.58,2.65,14688,0
MLK,60,20250326,130000,2.62,2.66,2.59,2.65,1386,0
MLK,60,20250326,140000,2.61,2.63,2.61,2.61,1043,0
MLK,60,20250326,150000,2.63,2.66,2.63,2.65,1960,0
MLK,60,20250326,160000,2.64,2.64,2.6,2.6,4994,0
MLK,60,20250326,170000,2.63,2.63,2.58,2.58,6721,0
MLK,60,20250327,100000,2.58,2.7,2.56,2.7,3438,0
MLK,60,20250327,110000,2.62,2.63,2.56,2.63,4249,0
MLK,60,20250327,120000,2.63,2.63,2.59,2.6,2616,0
MLK,60,20250327,130000,2.58,2.6,2.55,2.6,1994,0
MLK,60,20250327,140000,2.58,2.61,2.55,2.61,3010,0
MLK,60,20250327,150000,2.56,2.6,2.55,2.55,1257,0
MLK,60,20250327,160000,2.55,2.59,2.51,2.55,10202,0
MLK,60,20250327,170000,2.59,2.6,2.51,2.51,16646,0
MLK,60,20250328,100000,2.44,2.51,2.31,2.33,33182,0
MLK,60,20250328,110000,2.39,2.46,2.31,2.32,28985,0
MLK,60,20250328,120000,2.31,2.32,2.2,2.24,83344,0
MLK,60,20250328,130000,2.24,2.33,2.23,2.26,50467,0
MLK,60,20250328,140000,2.33,2.33,2.25,2.32,19004,0
MLK,60,20250328,150000,2.33,2.38,2.31,2.35,19400,0
MLK,60,20250328,160000,2.34,2.38,2.25,2.3,30550,0
MLK,60,20250328,170000,2.3,2.3,2.27,2.28,11167,0
MLK,60,20250331,100000,2.28,2.28,2.2,2.22,21236,0
MLK,60,20250331,110000,2.21,2.21,2.14,2.16,23082,0
MLK,60,20250331,120000,2.16,2.2,2.14,2.2,30564,0
MLK,60,20250331,130000,2.15,2.2,2.14,2.19,13373,0
MLK,60,20250331,140000,2.18,2.19,2.15,2.19,6638,0
MLK,60,20250331,150000,2.17,2.17,2.1,2.1,30626,0
MLK,60,20250331,160000,2.11,2.18,2.11,2.18,1630,0
MLK,60,20250331,170000,2.18,2.18,2.17,2.18,4096,0
MLK,60,20250401,100000,2.05,2.25,2,2.22,23887,0
MLK,60,20250401,110000,2.2,2.25,2.06,2.22,41296,0
MLK,60,20250401,120000,2.22,2.26,2.22,2.22,7586,0
MLK,60,20250401,130000,2.23,2.23,2.2,2.22,4450,0
MLK,60,20250401,140000,2.22,2.22,2.06,2.16,24944,0
MLK,60,20250401,150000,2.16,2.16,2.16,2.16,946,0
MLK,60,20250401,160000,2.18,2.18,2.07,2.15,9026,0
MLK,60,20250401,170000,2.15,2.15,2.11,2.11,551,0
MLK,60,20250402,100000,2.1,2.16,2.04,2.09,3354,0
MLK,60,20250402,110000,2.09,2.13,2.03,2.08,18156,0
MLK,60,20250402,120000,2.08,2.09,2.02,2.09,6440,0
MLK,60,20250402,130000,2.09,2.09,2.09,2.09,15,0
MLK,60,20250402,140000,2.06,2.09,2.06,2.09,3313,0
MLK,60,20250402,150000,2.1,2.11,2.08,2.08,2379,0
MLK,60,20250402,170000,2.12,2.15,2.06,2.11,2748,0
MLK,60,20250403,100000,2.09,2.09,2.03,2.08,3212,0
MLK,60,20250403,110000,2.03,2.05,1.96,2.03,9087,0
MLK,60,20250403,120000,2.05,2.08,1.98,2,13603,0
MLK,60,20250403,130000,2,2.04,2,2,5533,0
MLK,60,20250403,140000,2.02,2.03,1.98,2.03,3618,0
MLK,60,20250403,150000,2,2.03,1.985,1.985,3847,0
MLK,60,20250403,160000,1.98,2.08,1.98,2,10499,0
MLK,60,20250403,170000,2,2.01,1.99,1.99,2450,0
MLK,60,20250404,100000,1.995,2.08,1.98,2,5538,0
MLK,60,20250404,110000,2.01,2.01,2.01,2.01,54,0
MLK,60,20250404,120000,2.01,2.06,1.99,2,8760,0
MLK,60,20250404,130000,2.01,2.01,1.99,1.99,12200,0
MLK,60,20250404,140000,1.99,2.06,1.99,2.02,11194,0
MLK,60,20250404,150000,2.02,2.02,2,2,3010,0
MLK,60,20250404,160000,2.02,2.06,2,2.04,4150,0
MLK,60,20250404,170000,2,2.01,2,2.01,4230,0
MLK,60,20250407,100000,1.96,1.96,1.85,1.875,19585,0
MLK,60,20250407,110000,1.86,1.99,1.785,1.99,36303,0
MLK,60,20250407,120000,1.98,1.98,1.835,1.92,10358,0
MLK,60,20250407,130000,1.91,1.94,1.91,1.94,347,0
MLK,60,20250407,140000,1.94,1.94,1.94,1.94,2009,0
MLK,60,20250407,150000,1.93,1.93,1.93,1.93,1000,0
MLK,60,20250407,160000,1.93,1.93,1.93,1.93,1069,0
MLK,60,20250407,170000,1.89,1.935,1.89,1.935,2399,0
MLK,60,20250408,100000,1.96,2.06,1.895,2.06,14431,0
MLK,60,20250408,110000,2.08,2.15,2.04,2.15,32487,0
MLK,60,20250408,120000,2.15,2.24,2.15,2.22,44216,0
MLK,60,20250408,130000,2.22,2.23,2.17,2.23,11339,0
MLK,60,20250408,140000,2.2,2.3,2.19,2.26,29774,0
MLK,60,20250408,150000,2.28,2.36,2.2,2.36,38674,0
MLK,60,20250408,160000,2.31,2.36,2.28,2.32,13198,0
MLK,60,20250408,170000,2.32,2.34,2.26,2.31,23444,0
MLK,60,20250409,100000,2.23,2.28,2.11,2.26,31087,0
MLK,60,20250409,110000,2.18,2.2,2.14,2.16,7425,0
MLK,60,20250409,120000,2.19,2.24,2.18,2.24,7025,0
MLK,60,20250409,130000,2.2,2.2,2.2,2.2,10,0
MLK,60,20250409,140000,2.15,2.15,2.15,2.15,1424,0
MLK,60,20250409,150000,2.14,2.15,2.12,2.12,4852,0
MLK,60,20250409,160000,2.14,2.17,2.14,2.17,2593,0
MLK,60,20250409,170000,2.19,2.19,2.18,2.18,1366,0
MLK,60,20250410,100000,2.4,2.45,2.28,2.28,58806,0
MLK,60,20250410,110000,2.29,2.29,2.2,2.23,27239,0
MLK,60,20250410,120000,2.21,2.23,2.19,2.22,13542,0
MLK,60,20250410,130000,2.22,2.26,2.22,2.23,7162,0
MLK,60,20250410,140000,2.25,2.26,2.25,2.26,558,0
MLK,60,20250410,150000,2.25,2.25,2.25,2.25,936,0
MLK,60,20250410,170000,2.25,2.25,2.2,2.2,2574,0
MLK,60,20250411,100000,2.19,2.2,2.15,2.2,21130,0
MLK,60,20250411,110000,2.19,2.19,2.16,2.16,4065,0
MLK,60,20250411,120000,2.16,2.16,2.14,2.14,1534,0
MLK,60,20250411,130000,2.16,2.27,2.16,2.2,14571,0
MLK,60,20250411,140000,2.21,2.21,2.18,2.18,3000,0
MLK,60,20250411,150000,2.2,2.2,2.2,2.2,1000,0
MLK,60,20250411,160000,2.2,2.21,2.2,2.21,1715,0
MLK,60,20250411,170000,2.2,2.24,2.18,2.24,8882,0
MLK,60,20250414,100000,2.23,2.23,2.1,2.14,48771,0
MLK,60,20250414,110000,2.14,2.21,2.14,2.19,25802,0
MLK,60,20250414,120000,2.2,2.23,2.2,2.21,15460,0
MLK,60,20250414,130000,2.21,2.22,2.21,2.22,3315,0
MLK,60,20250414,140000,2.22,2.22,2.21,2.21,7595,0
MLK,60,20250414,150000,2.21,2.21,2.21,2.21,505,0
MLK,60,20250414,160000,2.21,2.24,2.21,2.24,5113,0
MLK,60,20250414,170000,2.25,2.25,2.22,2.22,2407,0
MLK,60,20250415,100000,2.24,2.28,2.22,2.22,8793,0
MLK,60,20250415,110000,2.26,2.26,2.24,2.26,16980,0
MLK,60,20250415,130000,2.25,2.25,2.17,2.19,28110,0
MLK,60,20250415,140000,2.18,2.19,2.18,2.18,2568,0
MLK,60,20250415,150000,2.17,2.18,2.17,2.18,2542,0
MLK,60,20250415,160000,2.19,2.19,2.17,2.19,554,0
MLK,60,20250415,170000,2.18,2.18,2.14,2.14,12800,0
MLK,60,20250416,100000,2.14,2.18,2.14,2.17,5234,0
MLK,60,20250416,120000,2.16,2.16,2.14,2.14,2503,0
MLK,60,20250416,130000,2.15,2.15,2.08,2.08,16738,0
MLK,60,20250416,140000,2.08,2.09,2.05,2.05,19135,0
MLK,60,20250416,150000,2.04,2.08,2.03,2.03,3178,0
MLK,60,20250416,160000,2.08,2.08,2.07,2.07,360,0
MLK,60,20250416,170000,2.05,2.06,2.01,2.06,17084,0
MLK,60,20250417,100000,2,2.06,2,2.03,7802,0
MLK,60,20250417,110000,2.04,2.06,2.04,2.04,9076,0
MLK,60,20250417,120000,2.03,2.06,2,2.05,17236,0
MLK,60,20250417,130000,2.06,2.06,2.01,2.06,1470,0
MLK,60,20250417,140000,2.01,2.01,2.01,2.01,5,0
MLK,60,20250417,150000,2.05,2.06,2.05,2.06,1656,0
MLK,60,20250417,160000,2.02,2.08,2,2.08,9186,0
MLK,60,20250417,170000,2.08,2.08,2.08,2.08,10,0
MLK,60,20250422,100000,2.24,2.44,2.17,2.39,125969,0
MLK,60,20250422,110000,2.35,2.35,2.26,2.33,54304,0
MLK,60,20250422,120000,2.34,2.34,2.29,2.3,15034,0
MLK,60,20250422,130000,2.3,2.3,2.27,2.27,9536,0
MLK,60,20250422,140000,2.27,2.4,2.27,2.4,69517,0
MLK,60,20250422,150000,2.37,2.46,2.37,2.45,69144,0
MLK,60,20250422,160000,2.41,2.45,2.37,2.37,16319,0
MLK,60,20250422,170000,2.4,2.45,2.4,2.45,29081,0
MLK,60,20250423,100000,2.58,2.62,2.45,2.47,100170,0
MLK,60,20250423,110000,2.45,2.45,2.33,2.38,32851,0
MLK,60,20250423,120000,2.34,2.35,2.27,2.33,57539,0
MLK,60,20250423,130000,2.32,2.32,2.3,2.32,5391,0
MLK,60,20250423,140000,2.3,2.38,2.27,2.38,10091,0
MLK,60,20250423,150000,2.37,2.37,2.32,2.32,2735,0
MLK,60,20250423,160000,2.33,2.37,2.25,2.33,40535,0
MLK,60,20250423,170000,2.3,2.31,2.27,2.3,20036,0
MLK,60,20250424,100000,2.23,2.24,2.2,2.23,9271,0
MLK,60,20250424,110000,2.18,2.23,2.18,2.19,2421,0
MLK,60,20250424,120000,2.23,2.24,2.2,2.2,11020,0
MLK,60,20250424,130000,2.23,2.23,2.19,2.23,5261,0
MLK,60,20250424,140000,2.23,2.23,2.23,2.23,1000,0
MLK,60,20250424,150000,2.2,2.22,2.19,2.22,20142,0
MLK,60,20250424,160000,2.19,2.23,2.19,2.23,6515,0
MLK,60,20250424,170000,2.22,2.23,2.19,2.21,5526,0
MLK,60,20250425,100000,2.22,2.3,2.21,2.3,7007,0
MLK,60,20250425,110000,2.26,2.34,2.21,2.28,67552,0
MLK,60,20250425,120000,2.27,2.28,2.25,2.26,6221,0
MLK,60,20250425,130000,2.23,2.23,2.21,2.21,3500,0
MLK,60,20250425,140000,2.21,2.25,2.21,2.22,7000,0
MLK,60,20250425,150000,2.24,2.24,2.21,2.21,4117,0
MLK,60,20250425,160000,2.22,2.23,2.22,2.23,1200,0
MLK,60,20250425,170000,2.21,2.25,2.2,2.21,22887,0
MLK,60,20250428,100000,2.24,2.27,2.2,2.25,11990,0
MLK,60,20250428,110000,2.25,2.26,2.23,2.23,21619,0
MLK,60,20250428,120000,2.23,2.23,2.2,2.2,13299,0
MLK,60,20250428,130000,2.23,2.25,2.2,2.2,58342,0
MLK,60,20250428,140000,2.2,2.3,2.18,2.3,18225,0
MLK,60,20250428,150000,2.3,2.4,2.3,2.35,25429,0
MLK,60,20250428,160000,2.34,2.39,2.34,2.39,1650,0
MLK,60,20250428,170000,2.38,2.38,2.38,2.38,2250,0
MLK,60,20250429,100000,2.35,2.43,2.24,2.24,14964,0
MLK,60,20250429,110000,2.26,2.33,2.25,2.33,871,0
MLK,60,20250429,120000,2.33,2.35,2.29,2.35,7106,0
MLK,60,20250429,130000,2.36,2.36,2.35,2.35,2184,0
MLK,60,20250429,140000,2.3,2.3,2.29,2.3,3740,0
MLK,60,20250429,150000,2.3,2.3,2.27,2.29,8246,0
MLK,60,20250429,160000,2.29,2.3,2.29,2.3,3577,0
MLK,60,20250429,170000,2.29,2.3,2.27,2.3,4590,0
MLK,60,20250430,100000,2.3,2.3,2.25,2.3,6019,0
MLK,60,20250430,110000,2.26,2.26,2.26,2.26,645,0
MLK,60,20250430,120000,2.26,2.26,2.25,2.25,11000,0
MLK,60,20250430,130000,2.25,2.25,2.22,2.25,4758,0
MLK,60,20250430,140000,2.23,2.25,2.23,2.25,778,0
MLK,60,20250430,150000,2.23,2.25,2.2,2.2,13700,0
MLK,60,20250430,160000,2.24,2.37,2.21,2.32,40436,0
MLK,60,20250430,170000,2.29,2.29,2.23,2.25,5919,0
MLK,60,20250502,100000,2.3,2.53,2.25,2.28,136761,0
MLK,60,20250502,110000,2.3,2.34,2.3,2.34,2391,0
MLK,60,20250502,120000,2.34,2.35,2.27,2.3,21606,0
MLK,60,20250502,130000,2.3,2.3,2.29,2.3,1677,0
MLK,60,20250502,140000,2.29,2.3,2.27,2.3,1746,0
MLK,60,20250502,150000,2.28,2.3,2.28,2.3,29006,0
MLK,60,20250502,160000,2.3,2.3,2.29,2.29,2000,0
MLK,60,20250502,170000,2.29,2.33,2.29,2.31,9413,0
MLK,60,20250505,100000,2.34,2.34,2.21,2.22,19009,0
MLK,60,20250505,110000,2.21,2.27,2.19,2.27,19381,0
MLK,60,20250505,120000,2.25,2.25,2.21,2.24,1848,0
MLK,60,20250505,130000,2.21,2.21,2.21,2.21,3187,0
MLK,60,20250505,140000,2.21,2.22,2.21,2.22,4950,0
MLK,60,20250505,150000,2.24,2.27,2.24,2.27,2088,0
MLK,60,20250505,160000,2.22,2.22,2.22,2.22,1950,0
MLK,60,20250505,170000,2.22,2.23,2.2,2.23,11312,0
MLK,60,20250506,100000,2.21,2.23,2.2,2.23,14009,0
MLK,60,20250506,110000,2.2,2.2,2.19,2.2,4522,0
MLK,60,20250506,120000,2.2,2.22,2.2,2.22,31,0
MLK,60,20250506,130000,2.2,2.2,2.2,2.2,3100,0
MLK,60,20250506,140000,2.22,2.22,2.22,2.22,600,0
MLK,60,20250506,150000,2.22,2.22,2.18,2.18,7300,0
MLK,60,20250506,160000,2.18,2.18,2.16,2.17,2644,0
MLK,60,20250506,170000,2.18,2.2,2.18,2.19,723,0
