<TICKER>,<PER>,<DATE>,<TIME>,<OPEN>,<HIGH>,<LOW>,<CLOSE>,<VOL>,<OPENINT>
MOJ,60,20240415,100000,1.6,1.7,1.6,1.7,1100,0
MOJ,60,20240415,130000,1.6,1.6,1.6,1.6,1964,0
MOJ,60,20240415,140000,1.56,1.56,1.56,1.56,227,0
MOJ,60,20240416,170000,1.6,1.6,1.6,1.6,550,0
MOJ,60,20240418,150000,1.6,1.6,1.6,1.6,5000,0
MOJ,60,20240418,160000,1.6,1.6,1.6,1.6,150,0
MOJ,60,20240425,100000,1.7,1.7,1.7,1.7,5000,0
MOJ,60,20240426,120000,1.7,1.7,1.7,1.7,1100,0
MOJ,60,20240429,150000,1.7,1.7,1.7,1.7,5500,0
MOJ,60,20240502,100000,1.7,1.7,1.7,1.7,3047,0
MOJ,60,20240507,130000,1.7,1.7,1.7,1.7,4500,0
MOJ,60,20240507,160000,1.78,1.8,1.78,1.8,3670,0
MOJ,60,20240513,100000,1.8,1.8,1.8,1.8,200,0
MOJ,60,20240513,110000,1.7,1.7,1.7,1.7,4500,0
MOJ,60,20240513,120000,1.7,1.7,1.7,1.7,2032,0
MOJ,60,20240513,130000,1.65,1.65,1.65,1.65,150,0
MOJ,60,20240513,160000,1.7,1.7,1.7,1.7,1001,0
MOJ,60,20240514,100000,1.7,1.7,1.7,1.7,325,0
MOJ,60,20240514,170000,1.7,1.7,1.65,1.65,1200,0
MOJ,60,20240515,100000,1.65,1.65,1.65,1.65,483,0
MOJ,60,20240515,150000,1.65,1.65,1.65,1.65,184,0
MOJ,60,20240515,160000,1.7,1.7,1.7,1.7,1751,0
MOJ,60,20240521,110000,1.69,1.7,1.69,1.7,5100,0
MOJ,60,20240521,150000,1.7,1.7,1.7,1.7,600,0
MOJ,60,20240524,100000,1.7,1.7,1.7,1.7,5,0
MOJ,60,20240524,120000,1.7,1.7,1.7,1.7,2454,0
MOJ,60,20240527,110000,1.7,1.7,1.65,1.65,421,0
MOJ,60,20240527,130000,1.65,1.65,1.65,1.65,280,0
MOJ,60,20240528,100000,1.7,1.7,1.7,1.7,8175,0
MOJ,60,20240528,110000,1.7,1.7,1.7,1.7,555,0
MOJ,60,20240528,120000,1.7,1.7,1.7,1.7,1045,0
MOJ,60,20240528,130000,1.7,1.7,1.7,1.7,400,0
MOJ,60,20240528,170000,1.7,1.7,1.7,1.7,4500,0
MOJ,60,20240529,110000,1.66,1.66,1.66,1.66,800,0
MOJ,60,20240603,100000,1.67,1.67,1.66,1.66,1600,0
MOJ,60,20240603,120000,1.7,1.7,1.7,1.7,1813,0
MOJ,60,20240603,140000,1.7,1.7,1.7,1.7,100,0
MOJ,60,20240604,100000,1.7,1.7,1.7,1.7,4102,0
MOJ,60,20240604,110000,1.7,1.7,1.7,1.7,600,0
MOJ,60,20240604,140000,1.7,1.7,1.7,1.7,3768,0
MOJ,60,20240605,120000,1.79,1.8,1.79,1.8,3583,0
MOJ,60,20240610,110000,1.71,1.76,1.71,1.76,2500,0
MOJ,60,20240611,120000,1.76,1.76,1.75,1.75,1398,0
MOJ,60,20240612,140000,1.75,1.75,1.73,1.73,1125,0
MOJ,60,20240613,100000,1.73,1.73,1.73,1.73,898,0
MOJ,60,20240613,130000,1.73,1.73,1.73,1.73,24,0
MOJ,60,20240617,110000,1.71,1.71,1.69,1.69,7340,0
MOJ,60,20240620,120000,1.69,1.7,1.69,1.7,4477,0
MOJ,60,20240625,110000,1.68,1.68,1.68,1.68,3555,0
MOJ,60,20240625,170000,1.68,1.68,1.68,1.68,250,0
MOJ,60,20240628,120000,1.7,1.7,1.7,1.7,16,0
MOJ,60,20240701,110000,1.7,1.7,1.7,1.7,3000,0
MOJ,60,20240703,130000,1.7,1.7,1.7,1.7,150,0
MOJ,60,20240705,170000,1.68,1.68,1.68,1.68,53,0
MOJ,60,20240710,130000,1.68,1.68,1.68,1.68,5000,0
MOJ,60,20240715,110000,1.68,1.68,1.68,1.68,1000,0
MOJ,60,20240715,130000,1.68,1.68,1.68,1.68,500,0
MOJ,60,20240715,150000,1.68,1.68,1.68,1.68,1642,0
MOJ,60,20240716,120000,1.6,1.6,1.6,1.6,1000,0
MOJ,60,20240716,140000,1.6,1.6,1.6,1.6,5000,0
MOJ,60,20240717,120000,1.58,1.58,1.58,1.58,200,0
MOJ,60,20240717,170000,1.58,1.58,1.58,1.58,280,0
MOJ,60,20240723,110000,1.56,1.56,1.56,1.56,12,0
MOJ,60,20240723,170000,1.56,1.56,1.56,1.56,25,0
MOJ,60,20240805,110000,1.56,1.56,1.5,1.5,14657,0
MOJ,60,20240808,120000,1.5,1.5,1.5,1.5,57,0
MOJ,60,20240808,130000,1.45,1.45,1.45,1.45,155,0
MOJ,60,20240812,100000,1.45,1.45,1.4,1.4,3000,0
MOJ,60,20240812,130000,1.4,1.4,1.4,1.4,13500,0
MOJ,60,20240813,120000,1.4,1.4,1.4,1.4,6000,0
MOJ,60,20240813,130000,1.42,1.42,1.42,1.42,5000,0
MOJ,60,20240816,100000,1.5,1.5,1.5,1.5,500,0
MOJ,60,20240822,120000,1.4,1.4,1.4,1.4,1600,0
MOJ,60,20240823,110000,1.44,1.44,1.4,1.4,3200,0
MOJ,60,20240827,100000,1.45,1.5,1.45,1.5,1338,0
MOJ,60,20240829,160000,1.5,1.5,1.5,1.5,3500,0
MOJ,60,20240829,170000,1.54,1.54,1.54,1.54,2000,0
MOJ,60,20240830,160000,1.58,1.58,1.58,1.58,1014,0
MOJ,60,20240902,100000,1.6,1.6,1.6,1.6,770,0
MOJ,60,20240902,130000,1.6,1.6,1.6,1.6,1000,0
MOJ,60,20240903,110000,1.6,1.6,1.6,1.6,1000,0
MOJ,60,20240903,140000,1.58,1.58,1.58,1.58,500,0
MOJ,60,20240903,170000,1.58,1.58,1.58,1.58,300,0
MOJ,60,20240906,160000,1.5,1.55,1.5,1.55,1000,0
MOJ,60,20240906,170000,1.55,1.55,1.55,1.55,2532,0
MOJ,60,20240909,130000,1.5,1.5,1.5,1.5,4000,0
MOJ,60,20240909,140000,1.5,1.5,1.5,1.5,5,0
MOJ,60,20240911,110000,1.5,1.5,1.5,1.5,4000,0
MOJ,60,20240911,120000,1.44,1.44,1.44,1.44,800,0
MOJ,60,20240912,110000,1.48,1.48,1.48,1.48,401,0
MOJ,60,20240919,160000,1.44,1.5,1.44,1.5,8599,0
MOJ,60,20240925,110000,1.6,1.6,1.56,1.6,1910,0
MOJ,60,20240926,130000,1.54,1.54,1.54,1.54,17,0
MOJ,60,20240926,140000,1.54,1.54,1.54,1.54,1000,0
MOJ,60,20240926,160000,1.54,1.54,1.54,1.54,1000,0
MOJ,60,20240927,100000,1.54,1.54,1.54,1.54,1300,0
MOJ,60,20240927,120000,1.54,1.54,1.52,1.52,1100,0
MOJ,60,20240927,140000,1.52,1.52,1.5,1.5,800,0
MOJ,60,20240927,160000,1.5,1.5,1.5,1.5,500,0
MOJ,60,20240930,100000,1.5,1.5,1.5,1.5,1700,0
MOJ,60,20240930,130000,1.5,1.5,1.5,1.5,5000,0
MOJ,60,20241001,170000,1.44,1.44,1.44,1.44,1500,0
MOJ,60,20241009,110000,1.5,1.5,1.44,1.44,730,0
MOJ,60,20241011,150000,1.5,1.5,1.5,1.5,700,0
MOJ,60,20241014,100000,1.5,1.5,1.5,1.5,500,0
MOJ,60,20241014,120000,1.5,1.5,1.5,1.5,300,0
MOJ,60,20241015,100000,1.5,1.5,1.5,1.5,3000,0
MOJ,60,20241015,110000,1.5,1.5,1.5,1.5,300,0
MOJ,60,20241015,120000,1.54,1.54,1.54,1.54,432,0
MOJ,60,20241017,130000,1.5,1.5,1.5,1.5,500,0
MOJ,60,20241018,150000,1.5,1.5,1.5,1.5,532,0
MOJ,60,20241021,100000,1.5,1.5,1.5,1.5,750,0
MOJ,60,20241024,120000,1.5,1.5,1.5,1.5,420,0
MOJ,60,20241104,100000,1.5,1.51,1.5,1.51,984,0
MOJ,60,20241104,130000,1.51,1.51,1.51,1.51,200,0
MOJ,60,20241107,160000,1.51,1.51,1.5,1.5,6260,0
MOJ,60,20241112,110000,1.5,1.5,1.5,1.5,200,0
MOJ,60,20241113,100000,1.46,1.46,1.46,1.46,1000,0
MOJ,60,20241113,130000,1.48,1.48,1.48,1.48,1829,0
MOJ,60,20241113,140000,1.48,1.48,1.44,1.44,670,0
MOJ,60,20241113,150000,1.44,1.44,1.44,1.44,650,0
MOJ,60,20241114,140000,1.5,1.5,1.5,1.5,3000,0
MOJ,60,20241118,160000,1.5,1.5,1.5,1.5,300,0
MOJ,60,20241121,100000,1.44,1.44,1.44,1.44,200,0
MOJ,60,20241128,110000,1.44,1.44,1.44,1.44,6565,0
MOJ,60,20241206,140000,1.44,1.44,1.44,1.44,100,0
MOJ,60,20241209,150000,1.44,1.44,1.44,1.44,6000,0
MOJ,60,20241212,130000,1.44,1.44,1.44,1.44,276,0
MOJ,60,20241213,100000,1.44,1.44,1.4,1.4,4000,0
MOJ,60,20241216,160000,1.41,1.41,1.4,1.4,1000,0
MOJ,60,20241217,100000,1.4,1.4,1.4,1.4,675,0
MOJ,60,20241217,130000,1.41,1.41,1.4,1.4,5900,0
MOJ,60,20241219,100000,1.34,1.36,1.34,1.36,2557,0
MOJ,60,20241219,120000,1.36,1.36,1.36,1.36,300,0
MOJ,60,20241223,100000,1.36,1.36,1.36,1.36,543,0
MOJ,60,20241223,170000,1.35,1.35,1.34,1.34,9800,0
MOJ,60,20241227,140000,1.35,1.35,1.35,1.35,50,0
MOJ,60,20241227,150000,1.4,1.4,1.4,1.4,737,0
MOJ,60,20241230,160000,1.4,1.4,1.4,1.4,1000,0
MOJ,60,20250102,100000,1.4,1.4,1.4,1.4,2,0
MOJ,60,20250103,140000,1.4,1.4,1.35,1.35,1450,0
MOJ,60,20250108,120000,1.35,1.35,1.35,1.35,1950,0
MOJ,60,20250108,160000,1.35,1.35,1.35,1.35,1100,0
MOJ,60,20250109,110000,1.35,1.35,1.34,1.34,2500,0
MOJ,60,20250120,130000,1.34,1.4,1.34,1.4,11152,0
MOJ,60,20250120,160000,1.55,1.55,1.55,1.55,950,0
MOJ,60,20250121,100000,1.55,1.55,1.55,1.55,1039,0
MOJ,60,20250121,120000,1.54,1.6,1.54,1.6,1400,0
MOJ,60,20250121,130000,1.6,1.6,1.6,1.6,400,0
MOJ,60,20250121,160000,1.5,1.5,1.5,1.5,500,0
MOJ,60,20250122,100000,1.5,1.5,1.5,1.5,2000,0
MOJ,60,20250122,140000,1.5,1.5,1.5,1.5,1000,0
MOJ,60,20250123,110000,1.41,1.41,1.41,1.41,999,0
MOJ,60,20250123,120000,1.4,1.4,1.4,1.4,1500,0
MOJ,60,20250123,160000,1.42,1.42,1.41,1.41,1000,0
MOJ,60,20250124,100000,1.41,1.41,1.41,1.41,1000,0
MOJ,60,20250124,150000,1.4,1.4,1.4,1.4,800,0
MOJ,60,20250124,170000,1.4,1.4,1.4,1.4,1200,0
MOJ,60,20250128,110000,1.4,1.4,1.4,1.4,6300,0
MOJ,60,20250128,150000,1.4,1.4,1.4,1.4,5500,0
MOJ,60,20250129,120000,1.4,1.4,1.4,1.4,1000,0
MOJ,60,20250207,150000,1.41,1.44,1.4,1.4,42858,0
MOJ,60,20250212,100000,1.41,1.41,1.41,1.41,203,0
MOJ,60,20250214,120000,1.49,1.49,1.49,1.49,799,0
MOJ,60,20250214,150000,1.44,1.44,1.44,1.44,347,0
MOJ,60,20250217,100000,1.44,1.44,1.42,1.42,139,0
MOJ,60,20250220,120000,1.42,1.42,1.42,1.42,1114,0
MOJ,60,20250221,100000,1.42,1.42,1.42,1.42,2000,0
MOJ,60,20250224,110000,1.42,1.42,1.4,1.4,500,0
MOJ,60,20250225,160000,1.4,1.4,1.4,1.4,1500,0
MOJ,60,20250226,100000,1.4,1.4,1.4,1.4,10000,0
MOJ,60,20250226,160000,1.37,1.37,1.34,1.34,1000,0
MOJ,60,20250227,130000,1.34,1.34,1.34,1.34,1000,0
MOJ,60,20250227,160000,1.35,1.35,1.34,1.34,1000,0
MOJ,60,20250304,120000,1.37,1.37,1.37,1.37,1080,0
MOJ,60,20250304,170000,1.37,1.37,1.37,1.37,192,0
MOJ,60,20250306,120000,1.4,1.45,1.4,1.45,10500,0
MOJ,60,20250307,150000,1.4,1.4,1.37,1.37,9728,0
MOJ,60,20250307,170000,1.37,1.37,1.37,1.37,1143,0
MOJ,60,20250311,100000,1.4,1.45,1.4,1.45,2331,0
MOJ,60,20250312,130000,1.49,1.5,1.49,1.5,1330,0
MOJ,60,20250324,120000,1.5,1.5,1.5,1.5,262,0
MOJ,60,20250324,130000,1.41,1.41,1.41,1.41,400,0
MOJ,60,20250324,160000,1.41,1.41,1.41,1.41,1000,0
MOJ,60,20250326,100000,1.49,1.49,1.4,1.4,5400,0
MOJ,60,20250326,110000,1.4,1.4,1.4,1.4,1000,0
MOJ,60,20250326,140000,1.4,1.4,1.4,1.4,400,0
MOJ,60,20250326,160000,1.34,1.34,1.34,1.34,2000,0
MOJ,60,20250326,170000,1.4,1.4,1.4,1.4,500,0
MOJ,60,20250327,130000,1.4,1.4,1.4,1.4,716,0
MOJ,60,20250327,150000,1.4,1.4,1.4,1.4,1566,0
MOJ,60,20250328,120000,1.36,1.36,1.36,1.36,500,0
MOJ,60,20250401,130000,1.4,1.4,1.4,1.4,716,0
MOJ,60,20250401,150000,1.4,1.4,1.4,1.4,716,0
MOJ,60,20250402,120000,1.4,1.4,1.4,1.4,716,0
MOJ,60,20250402,160000,1.4,1.4,1.4,1.4,716,0
MOJ,60,20250402,170000,1.38,1.38,1.38,1.38,653,0
MOJ,60,20250404,120000,1.4,1.4,1.4,1.4,716,0
MOJ,60,20250404,130000,1.4,1.4,1.4,1.4,716,0
MOJ,60,20250407,100000,1.4,1.4,1.4,1.4,1000,0
MOJ,60,20250408,130000,1.4,1.4,1.4,1.4,716,0
MOJ,60,20250409,110000,1.4,1.4,1.4,1.4,716,0
MOJ,60,20250410,120000,1.4,1.4,1.4,1.4,1000,0
MOJ,60,20250414,100000,1.4,1.4,1.4,1.4,716,0
MOJ,60,20250414,110000,1.4,1.4,1.4,1.4,1916,0
MOJ,60,20250414,120000,1.4,1.4,1.4,1.4,716,0
MOJ,60,20250414,150000,1.4,1.4,1.4,1.4,716,0
MOJ,60,20250414,160000,1.4,1.48,1.4,1.48,7194,0
MOJ,60,20250415,150000,1.47,1.6,1.47,1.6,25206,0
MOJ,60,20250415,160000,1.6,1.6,1.6,1.6,1000,0
MOJ,60,20250416,150000,1.51,1.51,1.5,1.5,3189,0
MOJ,60,20250416,170000,1.6,1.6,1.6,1.6,52,0
MOJ,60,20250424,100000,1.5,1.5,1.5,1.5,668,0
MOJ,60,20250424,130000,1.5,1.5,1.5,1.5,668,0
MOJ,60,20250424,150000,1.5,1.5,1.5,1.5,1100,0
MOJ,60,20250424,170000,1.52,1.53,1.52,1.53,848,0
MOJ,60,20250425,100000,1.5,1.6,1.5,1.6,4000,0
MOJ,60,20250428,150000,1.52,1.52,1.52,1.52,1000,0
MOJ,60,20250428,160000,1.5,1.5,1.5,1.5,682,0
MOJ,60,20250505,100000,1.45,1.59,1.45,1.59,2346,0
MOJ,60,20250505,120000,1.59,1.59,1.59,1.59,900,0
