<TICKER>,<PER>,<DATE>,<TIME>,<OPEN>,<HIGH>,<LOW>,<CLOSE>,<VOL>,<OPENINT>
MON,60,20240411,110000,5.32,5.32,5.32,5.32,395,0
MON,60,20240411,120000,5.32,5.32,5.32,5.32,1315,0
MON,60,20240411,130000,5.34,5.34,5.32,5.32,2470,0
MON,60,20240411,140000,5.32,5.32,5.32,5.32,3000,0
MON,60,20240411,150000,5.34,5.34,5.34,5.34,10,0
MON,60,20240411,160000,5.34,5.34,5.32,5.32,1051,0
MON,60,20240412,100000,5.34,5.34,5.34,5.34,200,0
MON,60,20240412,120000,5.3,5.34,5.3,5.34,157,0
MON,60,20240412,130000,5.34,5.38,5.34,5.38,8534,0
MON,60,20240412,150000,5.36,5.36,5.28,5.36,2047,0
MON,60,20240412,160000,5.36,5.36,5.3,5.3,60,0
MON,60,20240412,170000,5.36,5.36,5.36,5.36,3004,0
MON,60,20240415,120000,5.32,5.32,5.32,5.32,370,0
MON,60,20240415,170000,5.34,5.34,5.34,5.34,303,0
MON,60,20240416,100000,5.34,5.34,5.34,5.34,90,0
MON,60,20240416,110000,5.34,5.34,5.34,5.34,10,0
MON,60,20240416,120000,5.34,5.34,5.34,5.34,1900,0
MON,60,20240416,130000,5.36,5.36,5.36,5.36,10100,0
MON,60,20240416,150000,5.36,5.36,5.36,5.36,20,0
MON,60,20240417,100000,5.34,5.34,5.34,5.34,1300,0
MON,60,20240417,120000,5.38,5.38,5.36,5.36,59753,0
MON,60,20240417,130000,5.36,5.42,5.36,5.42,1247,0
MON,60,20240417,140000,5.4,5.44,5.4,5.4,6130,0
MON,60,20240417,160000,5.4,5.4,5.4,5.4,170,0
MON,60,20240418,100000,5.36,5.36,5.36,5.36,4000,0
MON,60,20240418,120000,5.32,5.32,5.32,5.32,300,0
MON,60,20240418,140000,5.32,5.36,5.32,5.36,94,0
MON,60,20240418,150000,5.32,5.32,5.32,5.32,818,0
MON,60,20240418,170000,5.36,5.36,5.36,5.36,859,0
MON,60,20240419,100000,5.3,5.3,5.3,5.3,822,0
MON,60,20240419,110000,5.36,5.38,5.36,5.38,3305,0
MON,60,20240419,120000,5.38,5.38,5.32,5.32,1895,0
MON,60,20240419,130000,5.32,5.32,5.32,5.32,700,0
MON,60,20240419,150000,5.36,5.36,5.36,5.36,1000,0
MON,60,20240422,100000,5.32,5.32,5.32,5.32,207,0
MON,60,20240422,150000,5.4,5.4,5.4,5.4,1070,0
MON,60,20240422,160000,5.26,5.28,5.26,5.28,2439,0
MON,60,20240422,170000,5.3,5.4,5.3,5.4,2001,0
MON,60,20240423,100000,5.34,5.4,5.26,5.4,7131,0
MON,60,20240423,130000,5.32,5.32,5.3,5.3,1095,0
MON,60,20240423,150000,5.36,5.36,5.36,5.36,1,0
MON,60,20240423,160000,5.3,5.36,5.3,5.36,933,0
MON,60,20240423,170000,5.3,5.36,5.3,5.36,14,0
MON,60,20240424,100000,5.34,5.34,5.3,5.3,2394,0
MON,60,20240424,110000,5.28,5.28,5.26,5.28,4982,0
MON,60,20240424,120000,5.28,5.28,5.26,5.28,903,0
MON,60,20240424,130000,5.28,5.28,5.24,5.24,4282,0
MON,60,20240424,150000,5.28,5.38,5.28,5.38,801,0
MON,60,20240424,160000,5.32,5.32,5.32,5.32,350,0
MON,60,20240424,170000,5.24,5.24,5.24,5.24,1009,0
MON,60,20240425,100000,5.24,5.3,5.24,5.3,145,0
MON,60,20240425,110000,5.3,5.3,5.24,5.24,580,0
MON,60,20240425,120000,5.22,5.22,5.22,5.22,1000,0
MON,60,20240425,130000,5.22,5.22,5.22,5.22,10442,0
MON,60,20240425,140000,5.22,5.22,5.18,5.18,1205,0
MON,60,20240425,150000,5.2,5.2,5.18,5.18,4545,0
MON,60,20240425,160000,5.2,5.2,5.14,5.14,8300,0
MON,60,20240425,170000,5.12,5.3,5.12,5.3,1824,0
MON,60,20240426,100000,5.18,5.34,5.18,5.34,201,0
MON,60,20240426,140000,5.2,5.2,5.2,5.2,150,0
MON,60,20240426,160000,5.22,5.22,5.22,5.22,207,0
MON,60,20240426,170000,5.22,5.32,5.2,5.32,795,0
MON,60,20240429,100000,5.5,5.5,5.28,5.48,11857,0
MON,60,20240429,110000,5.42,5.48,5.38,5.38,962,0
MON,60,20240429,160000,5.38,5.42,5.38,5.42,550,0
MON,60,20240429,170000,5.34,5.44,5.32,5.44,220,0
MON,60,20240430,100000,5.4,5.4,5.4,5.4,920,0
MON,60,20240430,130000,5.32,5.32,5.32,5.32,500,0
MON,60,20240430,140000,5.32,5.32,5.3,5.3,1200,0
MON,60,20240430,170000,5.4,5.4,5.4,5.4,2,0
MON,60,20240502,100000,5.3,5.4,5.3,5.4,120,0
MON,60,20240502,120000,5.36,5.36,5.34,5.34,4781,0
MON,60,20240502,130000,5.34,5.34,5.34,5.34,750,0
MON,60,20240502,140000,5.34,5.34,5.28,5.28,1132,0
MON,60,20240502,150000,5.28,5.28,5.26,5.26,880,0
MON,60,20240502,170000,5.28,5.3,5.28,5.3,770,0
MON,60,20240506,100000,5.28,5.28,5.26,5.28,370,0
MON,60,20240506,110000,5.28,5.28,5.28,5.28,200,0
MON,60,20240506,140000,5.26,5.26,5.26,5.26,600,0
MON,60,20240506,160000,5.26,5.26,5.22,5.22,500,0
MON,60,20240506,170000,5.24,5.28,5.24,5.28,28,0
MON,60,20240507,100000,5.24,5.28,5.22,5.28,1069,0
MON,60,20240507,110000,5.22,5.22,5.22,5.22,550,0
MON,60,20240507,120000,5.26,5.26,5.26,5.26,150,0
MON,60,20240507,170000,5.22,5.26,5.22,5.26,386,0
MON,60,20240508,100000,5.26,5.26,5.26,5.26,1471,0
MON,60,20240508,120000,5.26,5.26,5.26,5.26,800,0
MON,60,20240508,140000,5.26,5.26,5.26,5.26,70,0
MON,60,20240508,160000,5.26,5.26,5.26,5.26,60,0
MON,60,20240509,100000,5.28,5.28,5.28,5.28,2350,0
MON,60,20240509,110000,5.28,5.28,5.28,5.28,300,0
MON,60,20240509,120000,5.28,5.3,5.28,5.28,1418,0
MON,60,20240509,140000,5.28,5.28,5.28,5.28,1000,0
MON,60,20240509,150000,5.32,5.32,5.32,5.32,50,0
MON,60,20240510,100000,5.32,5.38,5.32,5.38,420,0
MON,60,20240510,110000,5.38,5.4,5.38,5.4,4460,0
MON,60,20240510,120000,5.4,5.4,5.4,5.4,400,0
MON,60,20240510,140000,5.4,5.4,5.4,5.4,655,0
MON,60,20240510,150000,5.4,5.4,5.4,5.4,203,0
MON,60,20240510,160000,5.4,5.46,5.4,5.46,2949,0
MON,60,20240513,100000,5.46,5.46,5.38,5.38,1615,0
MON,60,20240513,110000,5.4,5.4,5.4,5.4,850,0
MON,60,20240513,120000,5.4,5.6,5.38,5.6,9662,0
MON,60,20240513,130000,5.54,5.54,5.5,5.5,10,0
MON,60,20240513,140000,5.54,5.54,5.5,5.5,674,0
MON,60,20240513,160000,5.44,5.44,5.44,5.44,500,0
MON,60,20240513,170000,5.42,5.5,5.4,5.5,2959,0
MON,60,20240514,100000,5.48,5.48,5.42,5.42,2080,0
MON,60,20240514,110000,5.46,5.68,5.46,5.5,9566,0
MON,60,20240514,140000,5.5,5.5,5.48,5.48,1627,0
MON,60,20240514,160000,5.5,5.5,5.5,5.5,73,0
MON,60,20240514,170000,5.5,5.6,5.5,5.6,5806,0
MON,60,20240515,100000,5.6,5.62,5.6,5.6,7755,0
MON,60,20240515,110000,5.6,5.6,5.6,5.6,187,0
MON,60,20240515,120000,5.6,5.7,5.6,5.7,7500,0
MON,60,20240515,130000,5.68,5.68,5.6,5.6,5813,0
MON,60,20240515,140000,5.6,5.6,5.58,5.58,1050,0
MON,60,20240515,150000,5.56,5.58,5.56,5.58,104,0
MON,60,20240515,160000,5.56,5.56,5.56,5.56,76,0
MON,60,20240515,170000,5.58,5.68,5.58,5.68,368,0
MON,60,20240516,100000,5.6,5.64,5.6,5.6,4686,0
MON,60,20240516,110000,5.58,5.58,5.5,5.5,1670,0
MON,60,20240516,120000,5.5,5.5,5.5,5.5,482,0
MON,60,20240516,130000,5.56,5.56,5.56,5.56,380,0
MON,60,20240516,140000,5.52,5.56,5.46,5.56,3962,0
MON,60,20240516,150000,5.58,5.58,5.58,5.58,198,0
MON,60,20240516,160000,5.52,5.52,5.52,5.52,1501,0
MON,60,20240516,170000,5.56,5.6,5.56,5.6,241,0
MON,60,20240517,100000,5.56,5.56,5.54,5.54,153,0
MON,60,20240517,110000,5.54,5.54,5.54,5.54,18,0
MON,60,20240517,130000,5.5,5.5,5.5,5.5,365,0
MON,60,20240517,150000,5.5,5.5,5.5,5.5,40,0
MON,60,20240517,160000,5.48,5.48,5.42,5.42,6020,0
MON,60,20240517,170000,5.44,5.5,5.42,5.5,1235,0
MON,60,20240520,100000,5.48,5.5,5.44,5.5,3773,0
MON,60,20240520,110000,5.46,5.48,5.46,5.48,20,0
MON,60,20240520,130000,5.44,5.5,5.4,5.42,16061,0
MON,60,20240520,160000,5.42,5.42,5.42,5.42,577,0
MON,60,20240520,170000,5.5,5.52,5.5,5.52,2059,0
MON,60,20240521,100000,5.5,5.5,5.4,5.4,1877,0
MON,60,20240521,120000,5.44,5.44,5.42,5.42,2155,0
MON,60,20240521,130000,5.44,5.44,5.44,5.44,3739,0
MON,60,20240521,140000,5.44,5.44,5.44,5.44,458,0
MON,60,20240521,150000,5.5,5.5,5.5,5.5,2,0
MON,60,20240521,160000,5.5,5.5,5.5,5.5,3,0
MON,60,20240522,130000,5.5,5.52,5.5,5.52,3321,0
MON,60,20240522,140000,5.52,5.54,5.52,5.52,391,0
MON,60,20240522,160000,5.52,5.52,5.52,5.52,15,0
MON,60,20240522,170000,5.46,5.46,5.46,5.46,150,0
MON,60,20240523,100000,5.5,5.52,5.5,5.5,5650,0
MON,60,20240523,120000,5.54,5.54,5.54,5.54,400,0
MON,60,20240523,130000,5.52,5.52,5.52,5.52,212,0
MON,60,20240523,160000,5.56,5.74,5.56,5.74,11150,0
MON,60,20240523,170000,5.62,5.68,5.62,5.68,377,0
MON,60,20240524,100000,5.68,5.68,5.6,5.6,1882,0
MON,60,20240524,110000,5.6,5.6,5.6,5.6,400,0
MON,60,20240524,130000,5.6,5.6,5.58,5.58,2053,0
MON,60,20240524,160000,5.66,5.68,5.62,5.62,567,0
MON,60,20240524,170000,5.62,5.7,5.62,5.7,340,0
MON,60,20240527,100000,5.7,5.74,5.7,5.72,6726,0
MON,60,20240527,110000,5.72,5.74,5.72,5.74,47,0
MON,60,20240527,120000,5.74,5.78,5.74,5.78,8799,0
MON,60,20240527,130000,5.78,5.78,5.64,5.64,2160,0
MON,60,20240527,150000,5.7,5.76,5.7,5.76,800,0
MON,60,20240527,160000,5.7,5.76,5.7,5.7,200,0
MON,60,20240527,170000,5.72,5.72,5.7,5.7,500,0
MON,60,20240528,100000,5.78,6.2,5.78,5.88,23497,0
MON,60,20240528,110000,5.88,5.98,5.8,5.8,11057,0
MON,60,20240528,130000,5.84,6,5.84,5.98,489,0
MON,60,20240528,140000,5.98,5.98,5.88,5.98,3420,0
MON,60,20240528,150000,5.98,6.06,5.98,6.06,3735,0
MON,60,20240528,160000,6.02,6.02,5.96,6.02,299,0
MON,60,20240528,170000,6,6.02,5.96,6.02,4804,0
MON,60,20240529,100000,6,6,5.9,5.9,3516,0
MON,60,20240529,110000,5.9,5.9,5.82,5.82,936,0
MON,60,20240529,120000,5.8,5.82,5.7,5.74,5826,0
MON,60,20240529,130000,5.86,5.86,5.76,5.76,550,0
MON,60,20240529,150000,5.8,5.86,5.8,5.82,816,0
MON,60,20240529,160000,5.82,5.82,5.82,5.82,200,0
MON,60,20240529,170000,5.86,5.86,5.86,5.86,1193,0
MON,60,20240531,100000,5.9,5.9,5.9,5.9,929,0
MON,60,20240531,110000,5.84,5.92,5.72,5.88,10123,0
MON,60,20240531,120000,5.74,5.76,5.74,5.76,506,0
MON,60,20240531,140000,5.76,5.76,5.76,5.76,5,0
MON,60,20240531,150000,5.88,5.88,5.86,5.86,109,0
MON,60,20240531,170000,5.86,5.96,5.86,5.96,615,0
MON,60,20240603,100000,5.92,5.96,5.92,5.96,955,0
MON,60,20240603,110000,5.88,5.96,5.88,5.96,710,0
MON,60,20240603,150000,5.94,5.94,5.94,5.94,20,0
MON,60,20240603,160000,5.86,5.94,5.86,5.94,7585,0
MON,60,20240604,170000,5.86,5.94,5.82,5.94,869,0
MON,60,20240605,100000,5.94,6.04,5.94,6.04,8314,0
MON,60,20240605,110000,6.06,6.1,6.06,6.1,4065,0
MON,60,20240605,120000,6.08,6.1,6.08,6.1,4115,0
MON,60,20240605,130000,6.1,6.1,6.1,6.1,220,0
MON,60,20240605,150000,6.04,6.04,6.02,6.02,773,0
MON,60,20240605,160000,6.02,6.02,6,6,1635,0
MON,60,20240605,170000,6.06,6.1,6.06,6.1,5392,0
MON,60,20240606,100000,6.1,6.16,6.1,6.16,2752,0
MON,60,20240606,110000,6.16,6.18,6.16,6.18,3484,0
MON,60,20240606,120000,6.18,6.18,6.18,6.18,85,0
MON,60,20240606,130000,6.18,6.18,6.18,6.18,344,0
MON,60,20240606,140000,6.18,6.22,6.18,6.2,4280,0
MON,60,20240606,150000,6.2,6.26,6.2,6.26,6840,0
MON,60,20240606,160000,6.26,6.26,6.24,6.26,1376,0
MON,60,20240606,170000,6.24,6.24,6.24,6.24,1917,0
MON,60,20240607,100000,6.2,6.32,6.2,6.32,5822,0
MON,60,20240607,110000,6.32,6.32,6.28,6.28,1761,0
MON,60,20240607,120000,6.28,6.28,6.28,6.28,258,0
MON,60,20240607,130000,6.28,6.28,6.28,6.28,985,0
MON,60,20240607,150000,6.3,6.34,6.3,6.32,8837,0
MON,60,20240607,170000,6.3,6.3,6.08,6.08,4227,0
MON,60,20240610,100000,6.28,6.32,6.24,6.3,3367,0
MON,60,20240610,110000,6.3,6.3,6.3,6.3,230,0
MON,60,20240610,120000,6.3,6.3,6.28,6.3,2569,0
MON,60,20240610,130000,6.3,6.3,6.3,6.3,1135,0
MON,60,20240610,140000,6.32,6.32,6.3,6.3,3731,0
MON,60,20240610,150000,6.32,6.36,6.32,6.32,4813,0
MON,60,20240610,160000,6.32,6.34,6.32,6.32,7040,0
MON,60,20240610,170000,6.36,6.38,6.36,6.38,4459,0
MON,60,20240611,100000,6.4,6.56,6.32,6.5,15208,0
MON,60,20240611,110000,6.56,6.58,6.5,6.5,9355,0
MON,60,20240611,120000,6.54,6.6,6.54,6.6,19492,0
MON,60,20240611,130000,6.58,6.58,6.58,6.58,642,0
MON,60,20240611,140000,6.58,6.64,6.58,6.64,3530,0
MON,60,20240611,150000,6.64,6.66,6.64,6.66,3230,0
MON,60,20240611,160000,6.66,6.7,6.66,6.68,6262,0
MON,60,20240611,170000,6.68,6.68,6.64,6.68,4547,0
MON,60,20240612,100000,6.68,6.76,6.68,6.76,7346,0
MON,60,20240612,110000,6.76,6.84,6.76,6.84,4200,0
MON,60,20240612,120000,6.74,6.84,6.68,6.82,4559,0
MON,60,20240612,130000,6.82,6.84,6.68,6.8,11575,0
MON,60,20240612,140000,6.7,6.78,6.7,6.78,978,0
MON,60,20240612,150000,6.76,6.78,6.7,6.72,9143,0
MON,60,20240612,160000,6.66,6.68,6.56,6.68,2597,0
MON,60,20240612,170000,6.56,6.74,6.56,6.68,8937,0
MON,60,20240613,110000,6.72,6.76,6.6,6.62,3015,0
MON,60,20240613,120000,6.62,6.62,6.62,6.62,699,0
MON,60,20240613,130000,6.66,6.66,6.66,6.66,720,0
MON,60,20240613,140000,6.66,6.66,6.66,6.66,7401,0
MON,60,20240613,160000,6.72,6.78,6.7,6.7,18348,0
MON,60,20240613,170000,6.72,6.76,6.7,6.76,11069,0
MON,60,20240614,100000,6.7,6.7,6.66,6.66,571,0
MON,60,20240614,110000,6.66,6.8,6.66,6.8,12956,0
MON,60,20240614,120000,6.8,6.8,6.8,6.8,498,0
MON,60,20240614,130000,6.72,6.72,6.64,6.64,6617,0
MON,60,20240614,140000,6.64,6.72,6.64,6.72,3380,0
MON,60,20240614,170000,6.64,6.7,6.64,6.7,1039,0
MON,60,20240617,100000,6.6,6.78,6.6,6.76,1637,0
MON,60,20240617,120000,6.62,6.62,6.62,6.62,80,0
MON,60,20240617,130000,6.62,6.62,6.62,6.62,22,0
MON,60,20240617,140000,6.62,6.62,6.62,6.62,200,0
MON,60,20240617,150000,6.64,6.7,6.64,6.66,793,0
MON,60,20240617,160000,6.68,6.68,6.68,6.68,300,0
MON,60,20240617,170000,6.68,6.72,6.68,6.68,1333,0
MON,60,20240618,100000,6.66,6.74,6.66,6.66,6308,0
MON,60,20240618,110000,6.68,6.76,6.68,6.76,931,0
MON,60,20240618,120000,6.76,6.78,6.76,6.78,1581,0
MON,60,20240618,130000,6.76,6.78,6.76,6.78,30,0
MON,60,20240618,140000,6.78,6.78,6.7,6.7,31,0
MON,60,20240618,150000,6.7,6.7,6.7,6.7,340,0
MON,60,20240618,160000,6.72,6.72,6.72,6.72,229,0
MON,60,20240619,100000,6.7,6.78,6.68,6.68,2307,0
MON,60,20240619,110000,6.68,6.72,6.68,6.72,6709,0
MON,60,20240619,120000,6.72,6.72,6.62,6.7,745,0
MON,60,20240619,130000,6.7,6.7,6.7,6.7,780,0
MON,60,20240619,140000,6.7,6.7,6.68,6.68,588,0
MON,60,20240619,150000,6.68,6.68,6.68,6.68,1517,0
MON,60,20240619,160000,6.64,6.64,6.64,6.64,218,0
MON,60,20240619,170000,6.64,6.66,6.62,6.66,2759,0
MON,60,20240620,100000,6.7,6.7,6.7,6.7,7,0
MON,60,20240620,110000,6.7,6.7,6.7,6.7,1000,0
MON,60,20240620,120000,6.7,6.74,6.7,6.74,24506,0
MON,60,20240620,130000,6.72,6.72,6.72,6.72,400,0
MON,60,20240620,160000,6.72,6.74,6.72,6.74,117,0
MON,60,20240620,170000,6.72,6.72,6.72,6.72,950,0
MON,60,20240621,100000,6.6,6.74,6.6,6.74,310,0
MON,60,20240621,110000,6.68,6.68,6.68,6.68,300,0
MON,60,20240621,120000,6.7,6.74,6.7,6.7,1498,0
MON,60,20240621,140000,6.7,6.7,6.7,6.7,600,0
MON,60,20240621,150000,6.74,6.74,6.7,6.74,1863,0
MON,60,20240621,160000,6.76,6.76,6.76,6.76,95,0
MON,60,20240621,170000,6.76,6.76,6.76,6.76,365,0
MON,60,20240624,100000,6.7,6.72,6.7,6.72,570,0
MON,60,20240624,110000,6.7,6.7,6.68,6.68,2073,0
MON,60,20240624,120000,6.7,6.7,6.7,6.7,317,0
MON,60,20240624,140000,6.78,6.8,6.78,6.8,3000,0
MON,60,20240624,150000,6.78,6.78,6.78,6.78,80,0
MON,60,20240624,160000,6.7,6.7,6.7,6.7,200,0
MON,60,20240624,170000,6.74,6.74,6.74,6.74,150,0
MON,60,20240625,110000,6.7,6.82,6.7,6.82,800,0
MON,60,20240625,120000,6.74,6.74,6.74,6.74,400,0
MON,60,20240625,130000,6.74,6.8,6.74,6.74,743,0
MON,60,20240625,140000,6.78,6.86,6.78,6.84,7043,0
MON,60,20240625,150000,6.86,6.86,6.84,6.86,2001,0
MON,60,20240625,160000,6.86,6.88,6.86,6.88,2465,0
MON,60,20240625,170000,6.86,6.9,6.86,6.9,1327,0
MON,60,20240626,100000,6.92,7,6.92,7,12467,0
MON,60,20240626,110000,7,7.08,7,7,2272,0
MON,60,20240626,120000,7,7.16,7,7.12,16076,0
MON,60,20240626,130000,7.12,7.12,7.04,7.04,1207,0
MON,60,20240626,140000,7.04,7.12,7.04,7.12,2713,0
MON,60,20240626,150000,7.12,7.12,7.1,7.1,8900,0
MON,60,20240626,160000,7.1,7.16,7.1,7.16,6079,0
MON,60,20240626,170000,7.16,7.16,7.06,7.16,10000,0
MON,60,20240627,100000,7.16,7.16,7.16,7.16,2574,0
MON,60,20240627,110000,7.08,7.08,7.08,7.08,246,0
MON,60,20240627,120000,7.1,7.16,7.1,7.16,806,0
MON,60,20240627,130000,7.16,7.16,7.14,7.14,2521,0
MON,60,20240627,140000,7.14,7.14,7.14,7.14,11509,0
MON,60,20240627,160000,7.14,7.14,7.14,7.14,85,0
MON,60,20240627,170000,7.14,7.16,7.14,7.16,6456,0
MON,60,20240628,100000,7.16,7.16,7.14,7.14,1286,0
MON,60,20240628,110000,7.14,7.14,7.14,7.14,437,0
MON,60,20240628,130000,7.14,7.14,7.14,7.14,22,0
MON,60,20240628,140000,7.14,7.14,7.14,7.14,5878,0
MON,60,20240628,170000,7.02,7.02,6.9,7,2865,0
MON,60,20240701,100000,7.1,7.1,6.92,6.92,172,0
MON,60,20240701,110000,6.92,6.92,6.82,6.82,1805,0
MON,60,20240701,130000,6.88,6.94,6.8,6.8,8350,0
MON,60,20240701,140000,6.94,6.94,6.8,6.94,1025,0
MON,60,20240701,150000,6.94,6.94,6.94,6.94,34,0
MON,60,20240701,170000,6.8,6.96,6.8,6.96,791,0
MON,60,20240702,100000,7.02,7.02,6.78,6.78,2620,0
MON,60,20240702,110000,6.72,6.78,6.72,6.78,420,0
MON,60,20240702,120000,6.78,6.8,6.78,6.8,858,0
MON,60,20240702,130000,6.8,6.8,6.8,6.8,596,0
MON,60,20240702,140000,6.8,6.8,6.8,6.8,257,0
MON,60,20240702,150000,6.72,6.78,6.72,6.78,420,0
MON,60,20240702,160000,6.78,6.78,6.78,6.78,3037,0
MON,60,20240702,170000,6.78,6.78,6.78,6.78,1400,0
MON,60,20240703,100000,6.74,6.74,6.68,6.68,6184,0
MON,60,20240703,110000,6.68,6.68,6.56,6.62,3328,0
MON,60,20240703,120000,6.7,6.7,6.5,6.56,4785,0
MON,60,20240703,130000,6.56,6.6,6.5,6.6,6749,0
MON,60,20240703,140000,6.56,6.56,6.56,6.56,81,0
MON,60,20240703,150000,6.56,6.56,6.38,6.4,5381,0
MON,60,20240703,160000,6.48,6.48,6.4,6.4,776,0
MON,60,20240703,170000,6.44,6.5,6.34,6.46,7290,0
MON,60,20240704,100000,6.34,6.58,6.12,6.28,12580,0
MON,60,20240704,110000,6.24,6.3,6.16,6.3,6062,0
MON,60,20240704,130000,6.28,6.28,6.28,6.28,6320,0
MON,60,20240704,140000,6.24,6.24,6.24,6.24,370,0
MON,60,20240704,150000,6.24,6.24,6.12,6.2,5451,0
MON,60,20240704,160000,6.2,6.2,6.2,6.2,1959,0
MON,60,20240704,170000,6.2,6.24,6.1,6.24,8353,0
MON,60,20240705,100000,6.14,6.32,6.12,6.28,1208,0
MON,60,20240705,110000,6.28,6.28,6.24,6.28,232,0
MON,60,20240705,120000,6.24,6.24,6.2,6.24,6540,0
MON,60,20240705,130000,6.2,6.2,6.14,6.14,2288,0
MON,60,20240705,170000,6.22,6.22,6.22,6.22,5,0
MON,60,20240708,100000,6.14,6.18,6.14,6.18,390,0
MON,60,20240708,110000,6.14,6.18,6.14,6.18,398,0
MON,60,20240708,120000,6.14,6.48,6.14,6.48,5072,0
MON,60,20240708,130000,6.48,6.48,6.2,6.22,7579,0
MON,60,20240708,140000,6.46,6.48,6.36,6.4,566,0
MON,60,20240708,150000,6.38,6.38,6.38,6.38,718,0
MON,60,20240708,170000,6.38,6.56,6.38,6.56,1202,0
MON,60,20240709,100000,6.54,6.68,6.54,6.68,1845,0
MON,60,20240709,120000,6.6,6.66,6.5,6.5,6228,0
MON,60,20240709,130000,6.48,6.48,6.42,6.42,2700,0
MON,60,20240709,140000,6.42,6.42,6.36,6.36,86,0
MON,60,20240709,160000,6.36,6.36,6.36,6.36,3760,0
MON,60,20240709,170000,6.5,6.52,6.5,6.52,227,0
MON,60,20240710,100000,6.68,6.68,6.68,6.68,1,0
MON,60,20240710,110000,6.4,6.62,6.4,6.62,1481,0
MON,60,20240710,120000,6.56,6.56,6.5,6.56,638,0
MON,60,20240710,130000,6.56,6.56,6.56,6.56,5459,0
MON,60,20240710,140000,6.64,6.64,6.64,6.64,4,0
MON,60,20240710,150000,6.44,6.56,6.44,6.56,8,0
MON,60,20240710,160000,6.4,6.5,6.4,6.5,215,0
MON,60,20240710,170000,6.5,6.5,6.5,6.5,1,0
MON,60,20240711,100000,6.6,6.6,6.58,6.58,603,0
MON,60,20240711,110000,6.42,6.58,6.4,6.58,714,0
MON,60,20240711,120000,6.54,6.58,6.54,6.58,4931,0
MON,60,20240711,130000,6.44,6.44,6.44,6.44,50,0
MON,60,20240711,150000,6.42,6.42,6.42,6.42,50,0
MON,60,20240711,170000,6.42,6.48,6.42,6.48,510,0
MON,60,20240712,100000,6.5,6.66,6.5,6.66,795,0
MON,60,20240712,110000,6.54,6.56,6.54,6.56,601,0
MON,60,20240712,120000,6.56,6.56,6.56,6.56,457,0
MON,60,20240712,130000,6.56,6.56,6.5,6.56,4759,0
MON,60,20240712,150000,6.52,6.6,6.36,6.6,9654,0
MON,60,20240712,160000,6.56,6.56,6.42,6.54,386,0
MON,60,20240712,170000,6.52,6.54,6.42,6.54,492,0
MON,60,20240715,100000,6.44,6.56,6.4,6.56,2494,0
MON,60,20240715,110000,6.54,6.56,6.54,6.56,3877,0
MON,60,20240715,120000,6.56,6.56,6.36,6.36,1494,0
MON,60,20240715,130000,6.4,6.52,6.4,6.52,166,0
MON,60,20240715,160000,6.44,6.44,6.44,6.44,15,0
MON,60,20240715,170000,6.44,6.5,6.4,6.5,358,0
MON,60,20240716,100000,6.5,6.5,6.5,6.5,1000,0
MON,60,20240716,110000,6.46,6.46,6.46,6.46,100,0
MON,60,20240716,120000,6.44,6.48,6.44,6.48,673,0
MON,60,20240716,130000,6.46,6.46,6.46,6.46,321,0
MON,60,20240716,150000,6.46,6.5,6.46,6.5,3147,0
MON,60,20240716,160000,6.46,6.46,6.46,6.46,3508,0
MON,60,20240716,170000,6.4,6.46,6.32,6.46,1573,0
MON,60,20240717,100000,6.36,6.5,6.26,6.48,5612,0
MON,60,20240717,110000,6.48,6.5,6.48,6.5,4567,0
MON,60,20240717,120000,6.32,6.48,6.32,6.48,301,0
MON,60,20240717,130000,6.48,6.48,6.48,6.48,17,0
MON,60,20240717,140000,6.34,6.48,6.32,6.48,999,0
MON,60,20240718,100000,6.46,6.46,6.46,6.46,2,0
MON,60,20240718,110000,6.46,6.46,6.46,6.46,310,0
MON,60,20240718,120000,6.4,6.46,6.4,6.46,4380,0
MON,60,20240718,140000,6.44,6.44,6.44,6.44,700,0
MON,60,20240718,150000,6.44,6.44,6.4,6.4,203,0
MON,60,20240718,160000,6.44,6.44,6.44,6.44,5,0
MON,60,20240718,170000,6.42,6.42,6.42,6.42,100,0
MON,60,20240719,100000,6.4,6.52,6.4,6.52,18632,0
MON,60,20240719,110000,6.4,6.5,6.4,6.5,2850,0
MON,60,20240719,120000,6.36,6.5,6.32,6.46,4684,0
MON,60,20240719,130000,6.48,6.48,6.48,6.48,1,0
MON,60,20240719,150000,6.42,6.42,6.4,6.4,355,0
MON,60,20240719,160000,6.38,6.38,6.38,6.38,248,0
MON,60,20240719,170000,6.44,6.48,6.44,6.48,635,0
MON,60,20240722,100000,6.48,6.48,6.48,6.48,2,0
MON,60,20240722,110000,6.38,6.48,6.38,6.46,670,0
MON,60,20240722,130000,6.42,6.48,6.42,6.48,3600,0
MON,60,20240722,140000,6.44,6.46,6.44,6.46,4001,0
MON,60,20240722,150000,6.38,6.46,6.38,6.44,350,0
MON,60,20240722,160000,6.44,6.44,6.44,6.44,383,0
MON,60,20240722,170000,6.42,6.46,6.38,6.46,1447,0
MON,60,20240723,100000,6.46,6.46,6.38,6.38,4,0
MON,60,20240723,110000,6.38,6.46,6.38,6.46,601,0
MON,60,20240723,120000,6.42,6.46,6.42,6.46,4435,0
MON,60,20240723,160000,6.44,6.44,6.44,6.44,337,0
MON,60,20240723,170000,6.46,6.46,6.46,6.46,10,0
MON,60,20240724,100000,6.4,6.46,6.4,6.44,1341,0
MON,60,20240724,110000,6.4,6.42,6.38,6.38,6684,0
MON,60,20240724,120000,6.34,6.38,6.32,6.38,1601,0
MON,60,20240724,130000,6.42,6.42,6.42,6.42,1,0
MON,60,20240724,170000,6.4,6.4,6.32,6.4,1472,0
MON,60,20240725,100000,6.3,6.46,6.3,6.46,9232,0
MON,60,20240725,110000,6.44,6.44,6.44,6.44,1403,0
MON,60,20240725,120000,6.44,6.44,6.44,6.44,218,0
MON,60,20240725,130000,6.44,6.44,6.44,6.44,4076,0
MON,60,20240725,140000,6.44,6.44,6.44,6.44,799,0
MON,60,20240725,150000,6.42,6.42,6.42,6.42,1000,0
MON,60,20240725,170000,6.42,6.42,6.42,6.42,467,0
MON,60,20240726,110000,6.44,6.46,6.3,6.44,6648,0
MON,60,20240726,120000,6.44,6.44,6.32,6.32,3959,0
MON,60,20240726,130000,6.42,6.42,6.3,6.42,6301,0
MON,60,20240726,140000,6.4,6.4,6.4,6.4,150,0
MON,60,20240726,170000,6.4,6.4,6.4,6.4,157,0
MON,60,20240729,100000,6.4,6.4,6.4,6.4,5,0
MON,60,20240729,110000,6.32,6.4,6.3,6.38,1432,0
MON,60,20240729,120000,6.38,6.38,6.3,6.3,5639,0
MON,60,20240729,130000,6.3,6.3,6.2,6.24,3760,0
MON,60,20240729,140000,6.28,6.3,6.22,6.3,513,0
MON,60,20240729,150000,6.24,6.24,6.24,6.24,2620,0
MON,60,20240729,170000,6.24,6.3,6.24,6.28,836,0
MON,60,20240730,100000,6.28,6.3,6.28,6.3,201,0
MON,60,20240730,110000,6.28,6.28,6.28,6.28,3732,0
MON,60,20240730,120000,6.24,6.3,6.2,6.3,1579,0
MON,60,20240730,150000,6.24,6.24,6.18,6.2,2062,0
MON,60,20240730,160000,6.18,6.18,6.18,6.18,350,0
MON,60,20240730,170000,6.24,6.24,6.24,6.24,20,0
MON,60,20240731,100000,6.24,6.3,6.2,6.3,993,0
MON,60,20240731,130000,6.26,6.3,6.26,6.28,3711,0
MON,60,20240731,140000,6.22,6.22,6.22,6.22,600,0
MON,60,20240731,150000,6.22,6.3,6.22,6.22,1951,0
MON,60,20240731,170000,6.3,6.3,6.3,6.3,19,0
MON,60,20240801,100000,6.28,6.28,6.28,6.28,5,0
MON,60,20240801,110000,6.2,6.28,6.2,6.28,317,0
MON,60,20240801,120000,6.22,6.28,6.22,6.28,404,0
MON,60,20240801,130000,6.26,6.26,6.22,6.22,3429,0
MON,60,20240801,150000,6.22,6.22,6.22,6.22,133,0
MON,60,20240801,170000,6.28,6.28,6.22,6.22,400,0
MON,60,20240802,100000,6.18,6.18,5.92,6.08,8495,0
MON,60,20240802,110000,6.06,6.06,6.06,6.06,1000,0
MON,60,20240802,120000,6.08,6.08,6.08,6.08,747,0
MON,60,20240802,130000,6.08,6.08,6.08,6.08,200,0
MON,60,20240802,140000,6.08,6.08,6.08,6.08,500,0
MON,60,20240802,150000,6.08,6.08,6.08,6.08,318,0
MON,60,20240805,100000,6.1,6.1,5,5.62,46164,0
MON,60,20240805,110000,5.66,5.7,5.66,5.7,1430,0
MON,60,20240805,120000,5.7,5.7,5.62,5.62,5669,0
MON,60,20240805,130000,5.62,5.62,5.62,5.62,2230,0
MON,60,20240805,150000,5.62,5.62,5.58,5.6,1406,0
MON,60,20240805,160000,5.64,5.7,5.64,5.7,2501,0
MON,60,20240805,170000,5.8,5.9,5.8,5.9,2145,0
MON,60,20240806,100000,5.86,6.02,5.8,6.02,2152,0
MON,60,20240806,110000,5.98,5.98,5.98,5.98,10,0
MON,60,20240806,120000,5.86,5.92,5.8,5.84,3846,0
MON,60,20240806,130000,5.8,5.84,5.78,5.78,571,0
MON,60,20240806,140000,5.78,5.8,5.76,5.8,530,0
MON,60,20240806,150000,5.74,5.76,5.72,5.72,1858,0
MON,60,20240806,160000,5.7,5.82,5.7,5.72,1294,0
MON,60,20240806,170000,5.8,5.8,5.8,5.8,16,0
MON,60,20240807,100000,5.8,6.1,5.8,5.96,954,0
MON,60,20240807,110000,5.88,5.88,5.88,5.88,18,0
MON,60,20240807,120000,5.86,5.86,5.86,5.86,4080,0
MON,60,20240807,130000,5.82,5.82,5.8,5.8,100,0
MON,60,20240807,140000,5.8,5.8,5.74,5.74,925,0
MON,60,20240807,150000,5.76,5.8,5.76,5.8,600,0
MON,60,20240807,160000,5.8,5.82,5.8,5.82,1246,0
MON,60,20240807,170000,5.78,5.78,5.78,5.78,220,0
MON,60,20240808,100000,5.74,5.74,5.74,5.74,538,0
MON,60,20240808,110000,5.74,5.74,5.72,5.72,292,0
MON,60,20240808,120000,5.72,5.74,5.72,5.74,625,0
MON,60,20240808,130000,5.74,5.8,5.72,5.72,8851,0
MON,60,20240808,140000,5.72,5.72,5.72,5.72,100,0
MON,60,20240808,150000,5.72,5.72,5.72,5.72,230,0
MON,60,20240809,100000,5.72,5.76,5.72,5.76,939,0
MON,60,20240809,110000,5.76,5.76,5.74,5.74,1025,0
MON,60,20240809,120000,5.76,5.76,5.76,5.76,4,0
MON,60,20240809,130000,5.76,5.76,5.76,5.76,217,0
MON,60,20240809,140000,5.76,5.76,5.74,5.74,1000,0
MON,60,20240809,150000,5.74,5.82,5.74,5.82,1734,0
MON,60,20240809,160000,5.74,5.74,5.66,5.66,1211,0
MON,60,20240809,170000,5.74,5.74,5.74,5.74,2,0
MON,60,20240812,110000,5.74,5.74,5.74,5.74,202,0
MON,60,20240812,120000,5.74,5.74,5.66,5.66,4327,0
MON,60,20240812,140000,5.66,5.66,5.62,5.62,7373,0
MON,60,20240812,160000,5.72,5.72,5.72,5.72,9,0
MON,60,20240812,170000,5.72,5.72,5.72,5.72,192,0
MON,60,20240813,100000,5.64,5.72,5.64,5.72,2620,0
MON,60,20240813,110000,5.72,5.72,5.72,5.72,550,0
MON,60,20240813,170000,5.8,5.8,5.72,5.72,3990,0
MON,60,20240814,110000,5.74,5.74,5.74,5.74,698,0
MON,60,20240814,120000,5.74,5.74,5.74,5.74,1,0
MON,60,20240814,130000,5.74,5.82,5.74,5.82,6878,0
MON,60,20240814,170000,5.9,5.9,5.9,5.9,1140,0
MON,60,20240816,100000,5.9,5.92,5.88,5.92,1702,0
MON,60,20240816,110000,5.92,5.94,5.92,5.94,1855,0
MON,60,20240816,120000,5.94,5.98,5.94,5.98,1076,0
MON,60,20240816,150000,5.98,6,5.98,6,1124,0
MON,60,20240816,160000,6,6,6,6,2000,0
MON,60,20240816,170000,6,6.1,6,6.06,6060,0
MON,60,20240819,100000,6.06,6.16,5.92,6.16,1100,0
MON,60,20240819,110000,6.16,6.2,6.16,6.2,2650,0
MON,60,20240819,120000,6.18,6.2,6.18,6.18,5744,0
MON,60,20240819,150000,6.1,6.1,6.1,6.1,38,0
MON,60,20240819,160000,6.1,6.18,6.08,6.18,1804,0
MON,60,20240819,170000,6.12,6.18,6.1,6.1,2295,0
MON,60,20240820,130000,6.1,6.16,6.1,6.16,2308,0
MON,60,20240820,140000,6.16,6.16,6.16,6.16,100,0
MON,60,20240820,160000,6.12,6.12,6.1,6.1,3450,0
MON,60,20240820,170000,6.1,6.1,6.1,6.1,941,0
MON,60,20240821,100000,6.02,6.1,6.02,6.1,304,0
MON,60,20240821,110000,6.1,6.1,6.1,6.1,3256,0
MON,60,20240821,120000,6.02,6.02,6.02,6.02,200,0
MON,60,20240821,130000,6.06,6.14,5.78,6.14,14370,0
MON,60,20240821,140000,5.98,6.14,5.98,6.14,3123,0
MON,60,20240821,150000,6.14,6.14,6.02,6.14,35,0
MON,60,20240821,170000,6.04,6.14,6,6.14,1156,0
MON,60,20240822,100000,6.14,6.14,6,6,2088,0
MON,60,20240822,110000,6,6.14,5.88,6.12,16840,0
MON,60,20240822,130000,5.98,6.12,5.98,5.98,2403,0
MON,60,20240822,140000,6,6.1,5.88,6.1,4919,0
MON,60,20240822,150000,6.12,6.12,6.12,6.12,2,0
MON,60,20240822,170000,6.1,6.1,6.1,6.1,332,0
MON,60,20240823,100000,6.1,6.12,5.96,6.02,1774,0
MON,60,20240823,110000,5.98,6,5.92,5.96,4200,0
MON,60,20240823,120000,5.9,5.9,5.9,5.9,250,0
MON,60,20240823,130000,5.9,5.9,5.9,5.9,1132,0
MON,60,20240823,140000,5.9,6.1,5.86,6.1,2041,0
MON,60,20240823,170000,5.94,6.1,5.94,6.1,3012,0
MON,60,20240826,100000,6.06,6.06,5.94,6.06,56,0
MON,60,20240826,110000,6.06,6.06,6.06,6.06,23,0
MON,60,20240826,120000,6.06,6.1,5.92,6.1,1021,0
MON,60,20240826,140000,5.94,6.1,5.84,6.1,1895,0
MON,60,20240826,160000,6,6.08,6,6.08,1501,0
MON,60,20240826,170000,6.1,6.1,6.1,6.1,315,0
MON,60,20240827,100000,6,6,6,6,24,0
MON,60,20240827,120000,5.96,5.96,5.96,5.96,42,0
MON,60,20240827,130000,5.94,6.1,5.92,6.08,586,0
MON,60,20240827,140000,5.96,6.04,5.88,6,4241,0
MON,60,20240827,150000,6.02,6.02,6.02,6.02,51,0
MON,60,20240827,160000,5.9,6.02,5.88,6.02,27,0
MON,60,20240827,170000,6.02,6.02,5.9,5.9,4631,0
MON,60,20240828,120000,5.9,5.9,5.9,5.9,3,0
MON,60,20240828,130000,5.9,5.9,5.9,5.9,507,0
MON,60,20240828,140000,5.9,5.9,5.9,5.9,5,0
MON,60,20240828,150000,5.9,5.9,5.9,5.9,15,0
MON,60,20240828,160000,5.9,5.9,5.88,5.88,1460,0
MON,60,20240828,170000,5.9,5.9,5.9,5.9,14,0
MON,60,20240829,100000,5.86,5.86,5.8,5.8,2810,0
MON,60,20240829,120000,5.8,5.8,5.8,5.8,50,0
MON,60,20240829,130000,5.8,5.8,5.68,5.74,3093,0
MON,60,20240829,140000,5.74,5.8,5.74,5.8,1087,0
MON,60,20240829,160000,5.78,5.8,5.78,5.8,100,0
MON,60,20240829,170000,5.76,5.8,5.7,5.8,2681,0
MON,60,20240830,100000,5.78,5.88,5.78,5.84,193,0
MON,60,20240830,110000,5.74,5.74,5.74,5.74,2,0
MON,60,20240830,120000,5.74,5.74,5.74,5.74,350,0
MON,60,20240830,130000,5.74,5.74,5.74,5.74,1000,0
MON,60,20240830,140000,5.72,5.72,5.68,5.72,2844,0
MON,60,20240830,150000,5.72,5.72,5.72,5.72,6040,0
MON,60,20240830,160000,5.72,5.72,5.72,5.72,780,0
MON,60,20240830,170000,5.74,5.74,5.74,5.74,10,0
MON,60,20240902,100000,5.7,5.7,5.46,5.56,5231,0
MON,60,20240902,110000,5.6,5.82,5.6,5.82,407,0
MON,60,20240902,130000,5.64,5.78,5.6,5.78,641,0
MON,60,20240902,140000,5.7,5.7,5.6,5.62,211,0
MON,60,20240902,160000,5.66,5.66,5.6,5.6,490,0
MON,60,20240902,170000,5.62,5.8,5.54,5.8,3030,0
MON,60,20240903,100000,5.78,5.78,5.78,5.78,253,0
MON,60,20240903,110000,5.66,5.66,5.66,5.66,506,0
MON,60,20240903,120000,5.66,5.66,5.66,5.66,40,0
MON,60,20240903,140000,5.64,5.64,5.64,5.64,609,0
MON,60,20240903,160000,5.64,5.64,5.64,5.64,2,0
MON,60,20240903,170000,5.8,5.8,5.8,5.8,325,0
MON,60,20240904,100000,5.62,5.72,5.6,5.72,1259,0
MON,60,20240904,110000,5.64,5.64,5.64,5.64,100,0
MON,60,20240904,140000,5.7,5.7,5.64,5.64,612,0
MON,60,20240904,160000,5.62,5.62,5.6,5.6,810,0
MON,60,20240904,170000,5.72,5.72,5.72,5.72,155,0
MON,60,20240905,100000,5.66,5.68,5.66,5.68,470,0
MON,60,20240905,110000,5.68,5.68,5.66,5.66,220,0
MON,60,20240905,120000,5.64,5.66,5.54,5.66,160,0
MON,60,20240905,150000,5.56,5.6,5.5,5.6,2757,0
MON,60,20240905,170000,5.64,5.64,5.64,5.64,10,0
MON,60,20240906,120000,5.54,5.54,5.54,5.54,1,0
MON,60,20240906,160000,5.54,5.54,5.54,5.54,10,0
MON,60,20240906,170000,5.64,5.66,5.64,5.66,1075,0
MON,60,20240909,120000,5.58,5.58,5.58,5.58,344,0
MON,60,20240909,140000,5.58,5.58,5.5,5.5,660,0
MON,60,20240909,150000,5.5,5.5,5.5,5.5,2000,0
MON,60,20240909,160000,5.58,5.6,5.58,5.6,743,0
MON,60,20240909,170000,5.66,5.66,5.66,5.66,530,0
MON,60,20240910,150000,5.56,5.66,5.5,5.66,2002,0
MON,60,20240910,170000,5.52,5.6,5.44,5.44,728,0
MON,60,20240911,100000,5.4,5.4,5.4,5.4,1025,0
MON,60,20240911,110000,5.46,5.46,5.44,5.44,208,0
MON,60,20240911,120000,5.46,5.46,5.44,5.44,1110,0
MON,60,20240911,140000,5.5,5.52,5.46,5.46,4,0
MON,60,20240911,150000,5.44,5.54,5.3,5.54,2897,0
MON,60,20240911,160000,5.32,5.32,5.32,5.32,45,0
MON,60,20240911,170000,5.54,5.54,5.54,5.54,115,0
MON,60,20240912,110000,5.5,5.5,5.4,5.48,3890,0
MON,60,20240912,120000,5.4,5.5,5.36,5.5,3503,0
MON,60,20240912,130000,5.48,5.5,5.36,5.5,2133,0
MON,60,20240912,150000,5.46,5.48,5.46,5.48,900,0
MON,60,20240912,160000,5.4,5.46,5.36,5.46,1925,0
MON,60,20240913,100000,5.36,5.36,5.36,5.36,500,0
MON,60,20240913,110000,5.36,5.36,5.36,5.36,1200,0
MON,60,20240913,140000,5.36,5.36,5.34,5.34,993,0
MON,60,20240916,100000,5.34,5.34,5.34,5.34,65,0
MON,60,20240916,110000,5.34,5.38,5.02,5.38,9615,0
MON,60,20240916,120000,5.18,5.22,5.18,5.2,3512,0
MON,60,20240916,130000,5.3,5.3,5.16,5.16,5366,0
MON,60,20240916,140000,5.18,5.28,5.1,5.24,6389,0
MON,60,20240916,150000,5.1,5.32,5.1,5.32,2102,0
MON,60,20240916,160000,5.14,5.22,5.14,5.2,1370,0
MON,60,20240916,170000,5.16,5.2,5.16,5.18,8389,0
MON,60,20240917,100000,5.16,5.18,5.14,5.18,4776,0
MON,60,20240917,120000,5.14,5.14,5.14,5.14,660,0
MON,60,20240917,140000,5.12,5.12,5.1,5.1,200,0
MON,60,20240917,160000,5.16,5.16,5.16,5.16,183,0
MON,60,20240917,170000,5.16,5.18,5.12,5.12,12547,0
MON,60,20240918,100000,5.12,5.26,5.12,5.26,72,0
MON,60,20240918,110000,5.14,5.18,5.06,5.18,23584,0
MON,60,20240918,120000,5.18,5.18,5.18,5.18,500,0
MON,60,20240918,140000,5.18,5.18,5.16,5.16,555,0
MON,60,20240918,150000,5.06,5.06,5.06,5.06,160,0
MON,60,20240918,160000,5.12,5.12,5.12,5.12,400,0
MON,60,20240918,170000,5.12,5.12,5.12,5.12,270,0
MON,60,20240919,100000,5.12,5.12,5.12,5.12,1360,0
MON,60,20240919,110000,5.08,5.08,5.08,5.08,1487,0
MON,60,20240919,120000,5.08,5.08,5.08,5.08,600,0
MON,60,20240919,130000,5.08,5.08,5.06,5.08,6735,0
MON,60,20240919,140000,5.08,5.08,5.08,5.08,1500,0
MON,60,20240919,150000,5.08,5.08,5.08,5.08,1000,0
MON,60,20240919,160000,5.06,5.08,5.04,5.08,1019,0
MON,60,20240919,170000,5.08,5.08,5.08,5.08,7000,0
MON,60,20240920,100000,5.08,5.08,5.04,5.04,2300,0
MON,60,20240920,110000,5.04,5.04,5.04,5.04,1300,0
MON,60,20240920,120000,5.08,5.08,5.08,5.08,5,0
MON,60,20240920,130000,5.08,5.08,5.08,5.08,158,0
MON,60,20240920,140000,5.08,5.08,5.08,5.08,43070,0
MON,60,20240920,150000,5.08,5.08,5.08,5.08,5640,0
MON,60,20240920,160000,5.08,5.08,5.08,5.08,1000,0
MON,60,20240920,170000,5.08,5.2,5.08,5.2,3577,0
MON,60,20240923,100000,5.18,5.18,5.18,5.18,500,0
MON,60,20240923,110000,5.12,5.12,5.1,5.1,1142,0
MON,60,20240923,130000,5.18,5.18,5.14,5.14,9,0
MON,60,20240923,140000,5.18,5.2,5.12,5.12,1210,0
MON,60,20240923,160000,5.18,5.18,5.12,5.12,270,0
MON,60,20240924,100000,5.18,5.18,5.14,5.14,364,0
MON,60,20240924,120000,5.12,5.12,4.86,5.12,6642,0
MON,60,20240924,130000,5,5.08,5,5.04,1817,0
MON,60,20240924,140000,5.04,5.06,4.93,5.06,2798,0
MON,60,20240924,150000,5.06,5.06,5.06,5.06,10,0
MON,60,20240925,100000,5.06,5.06,5.06,5.06,7045,0
MON,60,20240925,110000,5.06,5.06,5.06,5.06,400,0
MON,60,20240925,120000,5.06,5.06,5.02,5.02,2400,0
MON,60,20240925,140000,5.04,5.04,5.04,5.04,19,0
MON,60,20240925,160000,5.04,5.04,5.04,5.04,4575,0
MON,60,20240925,170000,5.04,5.04,5.04,5.04,4348,0
MON,60,20240926,100000,5.04,5.04,5.04,5.04,1000,0
MON,60,20240926,110000,5.02,5.02,5,5,4380,0
MON,60,20240926,120000,5,5.02,5,5.02,2200,0
MON,60,20240926,130000,5,5,5,5,900,0
MON,60,20240926,140000,5,5,4.96,4.96,4395,0
MON,60,20240926,150000,4.96,5,4.96,5,4072,0
MON,60,20240926,160000,4.99,5,4.99,4.99,20498,0
MON,60,20240926,170000,4.99,4.99,4.99,4.99,987,0
MON,60,20240927,100000,4.91,4.99,4.87,4.94,14412,0
MON,60,20240927,110000,4.93,5.16,4.93,5.14,59054,0
MON,60,20240927,120000,5.14,5.16,5.12,5.14,3860,0
MON,60,20240927,140000,5.1,5.14,5.1,5.14,5166,0
MON,60,20240927,150000,5.14,5.14,5.14,5.14,10,0
MON,60,20240927,160000,5.14,5.14,5.1,5.1,1060,0
MON,60,20240927,170000,5.1,5.14,5.1,5.14,1110,0
MON,60,20240930,100000,5.2,5.38,5.2,5.24,7742,0
MON,60,20240930,110000,5.24,5.38,5.24,5.38,1782,0
MON,60,20240930,120000,5.32,5.48,5.28,5.3,7141,0
MON,60,20240930,130000,5.3,5.3,5.26,5.26,5291,0
MON,60,20240930,150000,5.3,5.3,5.3,5.3,94,0
MON,60,20240930,160000,5.3,5.44,5.3,5.42,4100,0
MON,60,20240930,170000,5.4,5.56,5.32,5.54,3961,0
MON,60,20241001,100000,5.48,5.52,5.46,5.52,6909,0
MON,60,20241001,110000,5.52,5.52,5.44,5.48,5865,0
MON,60,20241001,120000,5.44,5.44,5.44,5.44,300,0
MON,60,20241001,130000,5.44,5.44,5.42,5.42,10,0
MON,60,20241001,140000,5.44,5.46,5.44,5.46,543,0
MON,60,20241001,150000,5.44,5.44,5.44,5.44,500,0
MON,60,20241001,160000,5.42,5.42,5.42,5.42,1530,0
MON,60,20241001,170000,5.42,5.46,5.32,5.46,648,0
MON,60,20241002,100000,5.3,5.4,5.24,5.3,2064,0
MON,60,20241002,110000,5.3,5.38,5.3,5.38,1362,0
MON,60,20241002,120000,5.28,5.38,5.28,5.38,453,0
MON,60,20241002,130000,5.38,5.38,5.38,5.38,5100,0
MON,60,20241002,140000,5.3,5.38,5.3,5.38,1060,0
MON,60,20241002,160000,5.38,5.4,5.36,5.36,73,0
MON,60,20241002,170000,5.3,5.4,5.3,5.38,1509,0
MON,60,20241003,110000,5.32,5.32,5.3,5.3,120,0
MON,60,20241003,130000,5.32,5.32,5.3,5.3,664,0
MON,60,20241003,160000,5.32,5.32,5.32,5.32,60,0
MON,60,20241003,170000,5.38,5.38,5.38,5.38,2,0
MON,60,20241004,100000,5.32,5.4,5.26,5.38,414,0
MON,60,20241004,110000,5.28,5.38,5.28,5.38,1242,0
MON,60,20241004,130000,5.38,5.38,5.38,5.38,140,0
MON,60,20241004,140000,5.4,5.4,5.4,5.4,100,0
MON,60,20241004,150000,5.38,5.38,5.38,5.38,1247,0
MON,60,20241004,160000,5.38,5.38,5.38,5.38,3037,0
MON,60,20241007,100000,5.38,5.38,5.28,5.38,3575,0
MON,60,20241007,120000,5.34,5.38,5.34,5.38,660,0
MON,60,20241007,140000,5.34,5.38,5.3,5.38,7123,0
MON,60,20241007,150000,5.36,5.38,5.36,5.38,5239,0
MON,60,20241007,160000,5.38,5.38,5.38,5.38,5,0
MON,60,20241007,170000,5.4,5.4,5.4,5.4,3,0
MON,60,20241008,100000,5.4,5.4,5.38,5.38,372,0
MON,60,20241008,120000,5.36,5.36,5.36,5.36,2,0
MON,60,20241008,140000,5.36,5.36,5.36,5.36,2529,0
MON,60,20241008,150000,5.38,5.38,5.38,5.38,500,0
MON,60,20241008,170000,5.38,5.38,5.38,5.38,702,0
MON,60,20241009,100000,5.4,5.4,5.34,5.34,5586,0
MON,60,20241009,110000,5.38,5.38,5.38,5.38,1,0
MON,60,20241009,130000,5.36,5.38,5.36,5.38,420,0
MON,60,20241009,140000,5.38,5.4,5.38,5.4,600,0
MON,60,20241009,150000,5.38,5.4,5.38,5.4,6069,0
MON,60,20241009,160000,5.38,5.38,5.38,5.38,500,0
MON,60,20241009,170000,5.36,5.36,5.36,5.36,482,0
MON,60,20241010,100000,5.36,5.36,5.36,5.36,197,0
MON,60,20241010,110000,5.34,5.38,5.3,5.38,1001,0
MON,60,20241010,120000,5.36,5.38,5.36,5.38,3867,0
MON,60,20241010,130000,5.38,5.38,5.38,5.38,877,0
MON,60,20241010,150000,5.4,5.46,5.38,5.38,1268,0
MON,60,20241010,160000,5.38,5.38,5.36,5.36,200,0
MON,60,20241011,100000,5.38,5.38,5.34,5.34,123,0
MON,60,20241011,150000,5.38,5.5,5.38,5.5,6891,0
MON,60,20241014,110000,5.5,5.68,5.5,5.5,2572,0
MON,60,20241014,120000,5.5,5.5,5.5,5.5,150,0
MON,60,20241014,130000,5.58,5.72,5.58,5.72,568,0
MON,60,20241014,140000,5.6,5.6,5.6,5.6,15,0
MON,60,20241014,150000,5.6,5.6,5.56,5.56,1357,0
MON,60,20241014,160000,5.6,5.6,5.6,5.6,150,0
MON,60,20241014,170000,5.56,5.66,5.56,5.66,31,0
MON,60,20241015,100000,5.66,5.66,5.66,5.66,318,0
MON,60,20241015,110000,5.6,5.66,5.6,5.66,640,0
MON,60,20241015,140000,5.64,5.66,5.64,5.66,1642,0
MON,60,20241015,150000,5.66,5.66,5.6,5.6,4579,0
MON,60,20241015,170000,5.6,5.68,5.6,5.68,922,0
MON,60,20241016,100000,5.68,5.68,5.6,5.6,385,0
MON,60,20241016,140000,5.66,5.66,5.66,5.66,80,0
MON,60,20241016,150000,5.66,5.66,5.66,5.66,256,0
MON,60,20241016,160000,5.62,5.62,5.62,5.62,17,0
MON,60,20241016,170000,5.66,5.66,5.66,5.66,10,0
MON,60,20241017,100000,5.62,5.68,5.62,5.68,181,0
MON,60,20241017,110000,5.64,5.68,5.64,5.68,1152,0
MON,60,20241017,120000,5.68,5.68,5.68,5.68,4645,0
MON,60,20241017,140000,5.62,5.62,5.62,5.62,800,0
MON,60,20241017,150000,5.62,5.62,5.62,5.62,250,0
MON,60,20241017,170000,5.62,5.76,5.6,5.76,7156,0
MON,60,20241018,100000,5.74,5.86,5.74,5.86,14685,0
MON,60,20241018,110000,5.86,5.86,5.86,5.86,626,0
MON,60,20241018,120000,5.86,5.9,5.86,5.9,6095,0
MON,60,20241018,130000,5.74,5.74,5.74,5.74,875,0
MON,60,20241018,150000,5.76,5.88,5.76,5.88,278,0
MON,60,20241018,160000,5.8,5.8,5.8,5.8,100,0
MON,60,20241018,170000,5.88,5.88,5.88,5.88,181,0
MON,60,20241021,100000,5.9,6,5.9,6,9626,0
MON,60,20241021,110000,5.92,6,5.9,5.98,5317,0
MON,60,20241021,120000,5.98,5.98,5.8,5.98,13930,0
MON,60,20241021,130000,5.84,5.96,5.84,5.96,544,0
MON,60,20241021,140000,5.88,5.88,5.86,5.86,675,0
MON,60,20241021,160000,5.86,5.86,5.86,5.86,630,0
MON,60,20241021,170000,5.86,5.98,5.82,5.82,1301,0
MON,60,20241022,100000,5.96,6,5.82,6,56,0
MON,60,20241022,110000,5.9,5.98,5.9,5.98,212,0
MON,60,20241022,120000,5.9,5.98,5.9,5.98,6626,0
MON,60,20241022,130000,5.84,5.88,5.8,5.88,579,0
MON,60,20241022,170000,5.88,5.88,5.86,5.88,907,0
MON,60,20241023,100000,5.88,5.88,5.88,5.88,18,0
MON,60,20241023,110000,5.88,5.88,5.88,5.88,147,0
MON,60,20241023,120000,5.88,5.88,5.88,5.88,1750,0
MON,60,20241023,130000,5.9,5.9,5.9,5.9,600,0
MON,60,20241023,170000,5.94,5.98,5.88,5.88,3400,0
MON,60,20241024,100000,6,6,5.86,5.86,275,0
MON,60,20241024,110000,5.86,5.96,5.84,5.96,1053,0
MON,60,20241024,120000,5.92,5.96,5.92,5.96,428,0
MON,60,20241024,130000,5.96,5.96,5.96,5.96,4663,0
MON,60,20241024,150000,5.94,5.94,5.92,5.92,1172,0
MON,60,20241024,160000,5.92,5.96,5.92,5.92,906,0
MON,60,20241024,170000,5.92,5.96,5.92,5.96,185,0
MON,60,20241025,100000,5.84,5.98,5.84,5.98,22,0
MON,60,20241025,120000,5.96,5.98,5.84,5.96,4900,0
MON,60,20241025,130000,5.92,5.92,5.92,5.92,500,0
MON,60,20241025,170000,5.96,5.96,5.96,5.96,5,0
MON,60,20241028,100000,5.96,5.96,5.96,5.96,328,0
MON,60,20241028,140000,5.88,5.88,5.84,5.84,87,0
MON,60,20241028,160000,5.84,5.84,5.84,5.84,300,0
MON,60,20241028,170000,5.82,5.82,5.78,5.8,1242,0
MON,60,20241029,100000,5.76,5.82,5.64,5.82,3932,0
MON,60,20241029,110000,5.7,5.7,5.66,5.66,368,0
MON,60,20241029,120000,5.64,5.7,5.54,5.7,2236,0
MON,60,20241029,130000,5.68,5.68,5.66,5.66,1002,0
MON,60,20241029,150000,5.62,5.7,5.56,5.7,1404,0
MON,60,20241029,170000,5.7,5.7,5.7,5.7,20,0
MON,60,20241030,100000,5.66,5.66,5.66,5.66,50,0
MON,60,20241030,130000,5.6,5.66,5.5,5.66,206,0
MON,60,20241030,170000,5.56,5.68,5.52,5.68,101,0
MON,60,20241031,100000,5.54,5.74,5.54,5.74,3,0
MON,60,20241031,120000,5.6,5.6,5.58,5.58,18,0
MON,60,20241031,150000,5.58,5.58,5.58,5.58,2000,0
MON,60,20241031,170000,5.56,5.74,5.52,5.74,613,0
MON,60,20241104,110000,5.58,5.58,5.52,5.52,80,0
MON,60,20241104,120000,5.64,5.68,5.64,5.68,5,0
MON,60,20241104,130000,5.68,5.68,5.68,5.68,17,0
MON,60,20241104,150000,5.56,5.56,5.54,5.54,33,0
MON,60,20241104,170000,5.6,5.6,5.6,5.6,571,0
MON,60,20241105,100000,5.56,5.56,5.5,5.5,142,0
MON,60,20241105,110000,5.5,5.5,5.5,5.5,1000,0
MON,60,20241105,120000,5.56,5.56,5.56,5.56,647,0
MON,60,20241105,130000,5.6,5.6,5.6,5.6,2153,0
MON,60,20241105,140000,5.6,5.6,5.6,5.6,5,0
MON,60,20241105,170000,5.6,5.6,5.6,5.6,240,0
MON,60,20241106,110000,5.54,5.54,5.52,5.52,121,0
MON,60,20241106,120000,5.52,5.52,5.52,5.52,60,0
MON,60,20241106,140000,5.52,5.52,5.52,5.52,70,0
MON,60,20241107,100000,5.5,5.5,5.5,5.5,141,0
MON,60,20241107,130000,5.58,5.58,5.58,5.58,200,0
MON,60,20241107,170000,5.52,5.52,5.5,5.52,402,0
MON,60,20241108,100000,5.52,5.52,5.52,5.52,167,0
MON,60,20241108,110000,5.52,5.58,5.52,5.58,195,0
MON,60,20241108,130000,5.58,5.6,5.58,5.6,2511,0
MON,60,20241112,100000,5.58,5.58,5.58,5.58,3511,0
MON,60,20241112,110000,5.52,5.52,5.52,5.52,500,0
MON,60,20241112,120000,5.52,5.52,5.44,5.48,4526,0
MON,60,20241112,130000,5.48,5.6,5.48,5.58,3511,0
MON,60,20241112,170000,5.46,5.46,5.46,5.46,500,0
MON,60,20241113,100000,5.56,5.58,5.56,5.56,3495,0
MON,60,20241113,120000,5.58,5.58,5.58,5.58,839,0
MON,60,20241113,130000,5.58,5.58,5.58,5.58,4,0
MON,60,20241113,140000,5.58,5.58,5.58,5.58,2657,0
MON,60,20241113,150000,5.56,5.56,5.56,5.56,1602,0
MON,60,20241113,170000,5.44,5.44,5.42,5.44,1100,0
MON,60,20241114,100000,5.58,5.58,5.58,5.58,15,0
MON,60,20241114,140000,5.54,5.54,5.54,5.54,2,0
MON,60,20241114,170000,5.56,5.56,5.56,5.56,10,0
MON,60,20241115,100000,5.54,5.54,5.54,5.54,1300,0
MON,60,20241115,110000,5.52,5.52,5.52,5.52,4,0
MON,60,20241115,160000,5.44,5.44,5.38,5.4,1875,0
MON,60,20241115,170000,5.42,5.42,5.42,5.42,500,0
MON,60,20241118,100000,5.48,5.48,5.4,5.48,251,0
MON,60,20241118,120000,5.46,5.46,5.46,5.46,500,0
MON,60,20241118,140000,5.44,5.46,5.38,5.38,1032,0
MON,60,20241118,150000,5.4,5.4,5.36,5.36,545,0
MON,60,20241118,170000,5.38,5.46,5.36,5.46,1210,0
MON,60,20241119,100000,5.52,5.52,5.4,5.4,301,0
MON,60,20241119,130000,5.36,5.36,5.36,5.36,1400,0
MON,60,20241119,140000,5.34,5.34,5.34,5.34,1067,0
MON,60,20241119,150000,5.34,5.34,5.28,5.28,2149,0
MON,60,20241119,160000,5.26,5.3,5.26,5.3,1737,0
MON,60,20241119,170000,5.48,5.48,5.48,5.48,55,0
MON,60,20241120,100000,5.3,5.3,5.3,5.3,200,0
MON,60,20241120,110000,5.4,5.4,5.3,5.3,384,0
MON,60,20241120,150000,5.34,5.34,5.3,5.3,670,0
MON,60,20241120,160000,5.32,5.32,5.3,5.3,1000,0
MON,60,20241120,170000,5.4,5.54,5.4,5.54,720,0
MON,60,20241121,100000,5.34,5.54,5.34,5.54,101,0
MON,60,20241121,150000,5.34,5.34,5.34,5.34,8,0
MON,60,20241121,160000,5.4,5.5,5.4,5.5,903,0
MON,60,20241122,110000,5.34,5.4,5.34,5.4,6000,0
MON,60,20241122,120000,5.4,5.5,5.26,5.5,10295,0
MON,60,20241122,160000,5.48,5.48,5.48,5.48,800,0
MON,60,20241122,170000,5.5,5.5,5.4,5.5,935,0
MON,60,20241125,100000,5.54,5.54,5.52,5.52,78,0
MON,60,20241125,120000,5.4,5.5,5.4,5.5,1263,0
MON,60,20241125,130000,5.4,5.5,5.4,5.5,310,0
MON,60,20241125,170000,5.5,5.5,5.5,5.5,10,0
MON,60,20241126,100000,5.38,5.38,5.38,5.38,302,0
MON,60,20241126,120000,5.36,5.36,5.36,5.36,470,0
MON,60,20241126,140000,5.36,5.36,5.36,5.36,147,0
MON,60,20241126,160000,5.44,5.44,5.44,5.44,1,0
MON,60,20241126,170000,5.36,5.44,5.36,5.44,383,0
MON,60,20241127,150000,5.4,5.4,5.4,5.4,200,0
MON,60,20241127,160000,5.34,5.44,5.34,5.44,503,0
MON,60,20241128,100000,5.32,5.44,5.28,5.28,276,0
MON,60,20241128,110000,5.44,5.44,5.38,5.38,301,0
MON,60,20241128,120000,5.38,5.5,5.38,5.5,591,0
MON,60,20241128,140000,5.32,5.5,5.32,5.5,101,0
MON,60,20241129,100000,5.46,5.5,5.46,5.48,81,0
MON,60,20241129,120000,5.32,5.5,5.32,5.5,102,0
MON,60,20241129,150000,5.34,5.5,5.28,5.5,1301,0
MON,60,20241202,100000,5.46,5.46,5.28,5.28,5830,0
MON,60,20241202,110000,5.3,5.3,5.2,5.28,16829,0
MON,60,20241202,120000,5.3,5.3,5.26,5.3,1020,0
MON,60,20241202,130000,5.3,5.3,5.3,5.3,576,0
MON,60,20241202,140000,5.28,5.3,5.24,5.3,1001,0
MON,60,20241202,150000,5.24,5.3,5.24,5.3,206,0
MON,60,20241202,170000,5.3,5.3,5.2,5.2,8894,0
MON,60,20241203,100000,5.3,5.3,5.18,5.18,2993,0
MON,60,20241203,110000,5.12,5.26,5.12,5.26,1703,0
MON,60,20241203,140000,5.26,5.26,5.26,5.26,13,0
MON,60,20241203,150000,5.2,5.2,5.2,5.2,442,0
MON,60,20241203,160000,5.2,5.2,5.2,5.2,1070,0
MON,60,20241203,170000,5.26,5.26,5.2,5.2,1702,0
MON,60,20241204,100000,5.16,5.26,5.08,5.08,6849,0
MON,60,20241204,110000,5.08,5.14,5.08,5.14,511,0
MON,60,20241204,120000,5.06,5.26,5.06,5.26,2767,0
MON,60,20241204,130000,5.1,5.1,5.1,5.1,400,0
MON,60,20241204,150000,5.18,5.18,5.18,5.18,1543,0
MON,60,20241204,160000,5.2,5.2,5.2,5.2,560,0
MON,60,20241205,100000,5.28,5.28,5.26,5.26,1593,0
MON,60,20241205,110000,5.12,5.2,5.12,5.2,557,0
MON,60,20241205,120000,5.2,5.2,5.2,5.2,1542,0
MON,60,20241205,160000,5.22,5.22,5.22,5.22,300,0
MON,60,20241205,170000,5.22,5.22,5.18,5.18,259,0
MON,60,20241206,100000,5.18,5.2,5.18,5.2,230,0
MON,60,20241206,110000,5.2,5.2,5.2,5.2,6,0
MON,60,20241206,120000,5.2,5.2,5.2,5.2,229,0
MON,60,20241206,130000,5.2,5.2,5.2,5.2,1300,0
MON,60,20241206,150000,5.2,5.2,5.18,5.18,181,0
MON,60,20241206,160000,5.18,5.2,5.18,5.2,1395,0
MON,60,20241209,100000,5.12,5.12,5.12,5.12,12,0
MON,60,20241209,110000,5.24,5.24,5.24,5.24,12,0
MON,60,20241209,120000,5.24,5.28,5.24,5.28,364,0
MON,60,20241209,130000,5.28,5.44,5.26,5.26,11457,0
MON,60,20241209,140000,5.32,5.32,5.32,5.32,100,0
MON,60,20241209,150000,5.32,5.32,5.32,5.32,102,0
MON,60,20241209,160000,5.32,5.32,5.24,5.24,710,0
MON,60,20241209,170000,5.38,5.38,5.38,5.38,35,0
MON,60,20241210,100000,5.16,5.38,5.16,5.34,6118,0
MON,60,20241210,110000,5.16,5.32,5.16,5.32,301,0
MON,60,20241210,120000,5.32,5.32,5.2,5.2,2482,0
MON,60,20241210,130000,5.2,5.2,5.2,5.2,293,0
MON,60,20241210,140000,5.2,5.2,5.2,5.2,2,0
MON,60,20241210,150000,5.2,5.2,5.2,5.2,25,0
MON,60,20241210,160000,5.2,5.2,5.2,5.2,1000,0
MON,60,20241210,170000,5.34,5.34,5.34,5.34,50,0
MON,60,20241211,100000,5.2,5.2,5.12,5.2,1801,0
MON,60,20241211,120000,5.2,5.2,5.2,5.2,1747,0
MON,60,20241211,130000,5.2,5.2,5.2,5.2,192,0
MON,60,20241211,150000,5.2,5.3,5.2,5.2,3139,0
MON,60,20241211,170000,5.2,5.2,5.2,5.2,1100,0
MON,60,20241212,100000,5.18,5.2,5.12,5.18,2053,0
MON,60,20241212,120000,5.16,5.18,5.16,5.18,1711,0
MON,60,20241212,130000,5.16,5.16,5.16,5.16,10,0
MON,60,20241212,160000,5.14,5.14,5.1,5.1,1500,0
MON,60,20241212,170000,5.1,5.1,5.1,5.1,155,0
MON,60,20241213,100000,5.06,5.06,5,5,1771,0
MON,60,20241213,110000,5.04,5.04,5.04,5.04,32,0
MON,60,20241213,130000,5.06,5.06,5.06,5.06,510,0
MON,60,20241213,140000,5.1,5.1,5.1,5.1,2,0
MON,60,20241213,150000,5.1,5.1,5.1,5.1,2,0
MON,60,20241213,160000,5.1,5.1,5.08,5.08,1796,0
MON,60,20241213,170000,5.14,5.14,5.14,5.14,468,0
MON,60,20241216,100000,5.14,5.14,5.1,5.1,9966,0
MON,60,20241216,110000,5.12,5.12,5.1,5.1,2138,0
MON,60,20241216,120000,5.08,5.16,5.06,5.16,495,0
MON,60,20241216,140000,5.08,5.08,5.08,5.08,278,0
MON,60,20241216,150000,5.08,5.14,5.08,5.14,724,0
MON,60,20241216,160000,5.06,5.14,5.04,5.04,1517,0
MON,60,20241216,170000,5.1,5.1,5.04,5.04,1401,0
MON,60,20241217,100000,5.04,5.04,5,5,1409,0
MON,60,20241217,110000,5.02,5.02,5,5,2432,0
MON,60,20241217,120000,5,5,4.96,4.98,16544,0
MON,60,20241217,130000,4.96,5,4.88,4.98,10244,0
MON,60,20241217,150000,5,5,5,5,1000,0
MON,60,20241217,160000,4.98,4.98,4.93,4.93,3123,0
MON,60,20241217,170000,4.94,5.08,4.94,5.06,543,0
MON,60,20241218,100000,4.97,5.08,4.97,5.08,101,0
MON,60,20241218,110000,5.04,5.04,5.04,5.04,2,0
MON,60,20241218,120000,5.06,5.06,5.06,5.06,2323,0
MON,60,20241218,140000,5,5,4.98,4.99,708,0
MON,60,20241218,160000,5,5.02,5,5.02,600,0
MON,60,20241218,170000,5.02,5.16,5.02,5.02,3305,0
MON,60,20241219,100000,5,5.02,5,5,2441,0
MON,60,20241219,110000,5,5,5,5,506,0
MON,60,20241219,120000,5,5,5,5,949,0
MON,60,20241219,130000,4.97,5,4.97,5,401,0
MON,60,20241219,140000,5,5,5,5,5,0
MON,60,20241219,150000,4.97,5,4.97,5,306,0
MON,60,20241219,160000,4.99,5,4.96,4.99,3714,0
MON,60,20241219,170000,4.99,5.02,4.99,5.02,327,0
MON,60,20241220,100000,5.04,5.04,4.99,5.02,502,0
MON,60,20241220,120000,4.99,4.99,4.99,4.99,5,0
MON,60,20241220,130000,4.99,5,4.99,5,854,0
MON,60,20241220,140000,5,5,4.98,4.98,3006,0
MON,60,20241220,150000,4.98,4.98,4.98,4.98,1,0
MON,60,20241220,160000,4.98,4.98,4.98,4.98,224,0
MON,60,20241220,170000,5,5.02,4.92,4.92,1595,0
MON,60,20241223,100000,4.88,5,4.88,4.91,11443,0
MON,60,20241223,110000,4.99,5,4.99,5,5474,0
MON,60,20241223,130000,5,5,4.99,4.99,1404,0
MON,60,20241223,160000,4.95,5,4.92,4.99,2596,0
MON,60,20241223,170000,4.9,4.9,4.9,4.9,1576,0
MON,60,20241227,100000,4.94,5.04,4.94,5.02,546,0
MON,60,20241227,120000,4.99,5.02,4.99,5.02,2581,0
MON,60,20241227,130000,5,5.02,5,5.02,4,0
MON,60,20241227,140000,5,5.04,5,5.04,4610,0
MON,60,20241227,150000,5,5,5,5,1500,0
MON,60,20241227,170000,5.14,5.14,5.14,5.14,3,0
MON,60,20241230,110000,5.1,5.1,5.02,5.02,1352,0
MON,60,20241230,120000,5.04,5.1,5.02,5.1,1537,0
MON,60,20241230,130000,5.08,5.1,5.08,5.1,4700,0
MON,60,20241230,160000,5.06,5.1,5.04,5.04,920,0
MON,60,20241230,170000,5.08,5.08,5.06,5.06,1071,0
MON,60,20250102,100000,5.08,5.1,4.95,4.95,2206,0
MON,60,20250102,110000,5,5.1,4.99,5.08,3708,0
MON,60,20250102,120000,5.08,5.1,4.98,5.1,101,0
MON,60,20250102,140000,5.08,5.08,5.08,5.08,1313,0
MON,60,20250102,150000,5.08,5.08,5,5.08,3179,0
MON,60,20250102,160000,5.08,5.08,5.08,5.08,3229,0
MON,60,20250102,170000,5.08,5.1,5.08,5.1,1088,0
MON,60,20250103,100000,5,5,5,5,24,0
MON,60,20250103,120000,5.02,5.08,5.02,5.08,359,0
MON,60,20250103,130000,5.06,5.08,5.06,5.08,3695,0
MON,60,20250103,150000,5.02,5.02,5.02,5.02,300,0
MON,60,20250103,160000,5.02,5.02,5,5,2087,0
MON,60,20250103,170000,4.99,5,4.98,5,552,0
MON,60,20250107,100000,5,5,4.96,4.96,627,0
MON,60,20250107,110000,4.99,4.99,4.95,4.98,956,0
MON,60,20250107,120000,4.95,4.98,4.88,4.98,3322,0
MON,60,20250107,130000,4.98,4.98,4.97,4.98,2510,0
MON,60,20250107,140000,5,5,4.9,4.9,5010,0
MON,60,20250107,150000,4.9,4.9,4.89,4.89,3296,0
MON,60,20250107,160000,4.88,4.88,4.85,4.85,3604,0
MON,60,20250107,170000,4.96,4.99,4.96,4.99,288,0
MON,60,20250108,100000,4.9,4.9,4.9,4.9,633,0
MON,60,20250108,110000,4.9,4.95,4.9,4.95,468,0
MON,60,20250108,120000,4.9,4.95,4.9,4.95,61,0
MON,60,20250108,130000,4.9,4.9,4.9,4.9,40,0
MON,60,20250108,140000,4.9,4.95,4.9,4.95,2400,0
MON,60,20250109,100000,4.95,4.95,4.95,4.95,17,0
MON,60,20250109,110000,4.94,4.94,4.94,4.94,5,0
MON,60,20250109,120000,4.94,4.94,4.94,4.94,2796,0
MON,60,20250109,140000,4.94,4.94,4.9,4.9,342,0
MON,60,20250109,150000,4.9,4.94,4.9,4.94,203,0
MON,60,20250109,160000,4.94,4.94,4.94,4.94,23,0
MON,60,20250110,100000,4.94,4.94,4.94,4.94,102,0
MON,60,20250110,110000,4.95,4.95,4.71,4.94,2055,0
MON,60,20250110,120000,4.92,4.93,4.92,4.93,271,0
MON,60,20250110,130000,4.93,4.93,4.8,4.8,2914,0
MON,60,20250110,140000,4.8,4.84,4.69,4.7,11190,0
MON,60,20250110,150000,4.7,4.8,4.7,4.8,4534,0
MON,60,20250110,160000,4.8,4.8,4.8,4.8,797,0
MON,60,20250110,170000,4.78,4.78,4.73,4.73,1210,0
MON,60,20250113,100000,4.73,4.9,4.73,4.88,1504,0
MON,60,20250113,110000,4.75,4.88,4.7,4.88,12626,0
MON,60,20250113,120000,4.87,4.88,4.69,4.88,2930,0
MON,60,20250113,130000,4.87,4.87,4.87,4.87,59,0
MON,60,20250113,140000,4.87,4.87,4.87,4.87,71,0
MON,60,20250113,150000,4.72,4.74,4.69,4.69,3459,0
MON,60,20250113,160000,4.7,4.7,4.69,4.69,2500,0
MON,60,20250113,170000,4.78,4.85,4.78,4.85,20,0
MON,60,20250114,100000,4.85,4.85,4.69,4.83,2502,0
MON,60,20250114,120000,4.81,4.83,4.81,4.82,3179,0
MON,60,20250114,130000,4.72,4.72,4.71,4.71,2524,0
MON,60,20250114,140000,4.71,4.71,4.71,4.71,60,0
MON,60,20250114,150000,4.71,4.71,4.71,4.71,70,0
MON,60,20250114,160000,4.7,4.7,4.7,4.7,670,0
MON,60,20250114,170000,4.71,4.71,4.71,4.71,10,0
MON,60,20250115,100000,4.7,4.7,4.67,4.67,2736,0
MON,60,20250115,110000,4.7,4.7,4.63,4.7,7756,0
MON,60,20250115,120000,4.65,4.65,4.64,4.64,985,0
MON,60,20250115,130000,4.7,4.71,4.66,4.66,5077,0
MON,60,20250115,140000,4.69,4.9,4.69,4.71,7791,0
MON,60,20250115,150000,4.71,4.71,4.71,4.71,3787,0
MON,60,20250115,160000,4.82,4.83,4.77,4.77,570,0
MON,60,20250115,170000,4.82,4.84,4.82,4.84,513,0
MON,60,20250116,100000,4.8,4.9,4.8,4.9,521,0
MON,60,20250116,110000,4.89,4.9,4.89,4.9,3363,0
MON,60,20250116,130000,4.89,4.89,4.89,4.89,100,0
MON,60,20250116,150000,4.86,4.86,4.86,4.86,260,0
MON,60,20250117,100000,4.93,4.94,4.86,4.86,15,0
MON,60,20250117,110000,4.88,4.94,4.88,4.94,3014,0
MON,60,20250117,120000,4.94,4.95,4.9,4.9,3729,0
MON,60,20250117,130000,4.9,4.9,4.9,4.9,1500,0
MON,60,20250117,140000,4.9,4.9,4.9,4.9,5,0
MON,60,20250117,150000,4.95,4.95,4.95,4.95,230,0
MON,60,20250117,160000,4.94,4.95,4.92,4.92,622,0
MON,60,20250117,170000,4.92,4.95,4.92,4.95,8196,0
MON,60,20250120,100000,4.95,4.95,4.95,4.95,720,0
MON,60,20250120,110000,4.95,4.95,4.95,4.95,1050,0
MON,60,20250120,120000,4.95,4.95,4.95,4.95,962,0
MON,60,20250120,130000,4.95,4.95,4.95,4.95,85,0
MON,60,20250120,140000,4.95,4.95,4.95,4.95,1600,0
MON,60,20250120,150000,4.96,5,4.96,5,1630,0
MON,60,20250120,170000,4.95,5,4.82,5,1868,0
MON,60,20250121,100000,5,5,4.82,4.82,3305,0
MON,60,20250121,120000,4.95,4.99,4.94,4.99,808,0
MON,60,20250121,130000,4.91,4.99,4.85,4.99,6006,0
MON,60,20250121,140000,4.97,4.99,4.97,4.99,3509,0
MON,60,20250121,170000,4.97,4.98,4.87,4.96,1036,0
MON,60,20250122,100000,4.95,4.96,4.9,4.9,350,0
MON,60,20250122,110000,4.95,4.96,4.95,4.96,22,0
MON,60,20250122,130000,4.95,4.96,4.95,4.96,2083,0
MON,60,20250122,140000,4.96,4.96,4.96,4.96,100,0
MON,60,20250122,150000,4.97,4.98,4.97,4.98,265,0
MON,60,20250122,160000,4.99,4.99,4.99,4.99,685,0
MON,60,20250122,170000,4.98,4.98,4.97,4.97,1240,0
MON,60,20250123,100000,4.97,4.97,4.97,4.97,3,0
MON,60,20250123,110000,4.98,4.98,4.97,4.97,30,0
MON,60,20250123,120000,4.99,4.99,4.99,4.99,500,0
MON,60,20250123,130000,4.99,4.99,4.99,4.99,290,0
MON,60,20250123,140000,4.99,4.99,4.97,4.97,3654,0
MON,60,20250123,150000,4.93,4.97,4.87,4.97,4703,0
MON,60,20250123,170000,4.91,5,4.91,5,28088,0
MON,60,20250124,100000,4.87,5,4.87,5,36,0
MON,60,20250124,110000,4.95,5,4.94,4.94,6963,0
MON,60,20250124,120000,4.94,4.94,4.92,4.92,1500,0
MON,60,20250124,140000,4.92,4.92,4.9,4.9,7058,0
MON,60,20250124,150000,4.9,4.9,4.9,4.9,1429,0
MON,60,20250124,160000,4.88,4.88,4.86,4.86,1700,0
MON,60,20250124,170000,4.9,4.9,4.88,4.9,1434,0
MON,60,20250127,100000,4.88,4.98,4.85,4.98,4095,0
MON,60,20250127,110000,4.86,4.88,4.84,4.88,1895,0
MON,60,20250127,120000,4.84,4.84,4.81,4.82,3455,0
MON,60,20250127,130000,4.84,4.89,4.82,4.89,5805,0
MON,60,20250127,140000,4.83,4.87,4.82,4.87,2410,0
MON,60,20250127,150000,4.82,4.88,4.82,4.88,820,0
MON,60,20250127,160000,4.82,4.82,4.8,4.81,5147,0
MON,60,20250127,170000,4.85,4.89,4.85,4.89,100,0
MON,60,20250128,100000,4.89,4.92,4.81,4.92,13518,0
MON,60,20250128,110000,4.9,4.9,4.9,4.9,302,0
MON,60,20250128,120000,4.9,4.9,4.9,4.9,10000,0
MON,60,20250128,130000,4.9,4.9,4.9,4.9,1,0
MON,60,20250128,140000,4.9,4.9,4.9,4.9,100,0
MON,60,20250128,150000,4.9,4.92,4.9,4.92,766,0
MON,60,20250128,170000,4.94,4.95,4.94,4.95,200,0
MON,60,20250129,100000,4.93,4.95,4.93,4.95,87,0
MON,60,20250129,110000,4.94,4.95,4.9,4.95,2006,0
MON,60,20250129,120000,4.9,4.9,4.89,4.89,500,0
MON,60,20250129,130000,4.89,4.89,4.89,4.89,400,0
MON,60,20250129,160000,4.94,4.95,4.94,4.95,9,0
MON,60,20250130,100000,4.88,4.95,4.88,4.95,2095,0
MON,60,20250130,110000,4.95,4.95,4.95,4.95,1881,0
MON,60,20250130,140000,4.94,4.95,4.94,4.95,50,0
MON,60,20250130,160000,4.92,4.98,4.9,4.98,1595,0
MON,60,20250130,170000,4.96,4.97,4.96,4.97,300,0
MON,60,20250131,100000,4.95,4.98,4.95,4.98,311,0
MON,60,20250131,110000,4.94,4.98,4.93,4.93,4556,0
MON,60,20250131,130000,4.94,4.95,4.94,4.95,3115,0
MON,60,20250131,140000,4.99,4.99,4.96,4.96,1205,0
MON,60,20250131,160000,4.98,4.99,4.98,4.99,910,0
MON,60,20250131,170000,4.96,5,4.96,5,125,0
MON,60,20250203,100000,4.96,4.99,4.96,4.99,1248,0
MON,60,20250203,120000,4.89,4.99,4.89,4.99,2002,0
MON,60,20250203,130000,4.93,4.99,4.93,4.99,601,0
MON,60,20250203,140000,4.99,4.99,4.99,4.99,3343,0
MON,60,20250203,150000,4.99,4.99,4.99,4.99,337,0
MON,60,20250203,170000,4.95,5,4.95,5,772,0
MON,60,20250204,100000,5,5,4.99,4.99,600,0
MON,60,20250204,110000,4.95,4.95,4.95,4.95,170,0
MON,60,20250204,120000,4.95,5,4.94,5,3910,0
MON,60,20250204,130000,4.95,4.95,4.95,4.95,230,0
MON,60,20250204,140000,4.95,4.95,4.95,4.95,400,0
MON,60,20250204,160000,4.98,4.98,4.98,4.98,75,0
MON,60,20250204,170000,4.96,4.96,4.96,4.96,1000,0
MON,60,20250205,100000,5,5,5,5,1,0
MON,60,20250205,110000,4.99,4.99,4.99,4.99,1745,0
MON,60,20250205,120000,5,5,5,5,461,0
MON,60,20250205,150000,5,5,5,5,89,0
MON,60,20250205,170000,4.99,5,4.99,5,401,0
MON,60,20250206,110000,4.98,4.98,4.98,4.98,513,0
MON,60,20250206,120000,4.96,5,4.95,5,1252,0
MON,60,20250206,130000,4.99,4.99,4.99,4.99,350,0
MON,60,20250206,140000,4.96,5,4.96,5,3001,0
MON,60,20250206,150000,4.99,4.99,4.99,4.99,5,0
MON,60,20250206,160000,4.99,4.99,4.99,4.99,2821,0
MON,60,20250206,170000,4.99,5,4.92,5,5097,0
MON,60,20250207,100000,5,5,5,5,2,0
MON,60,20250207,120000,4.99,5,4.92,5,104,0
MON,60,20250207,130000,4.98,5,4.98,5,3665,0
MON,60,20250207,170000,4.98,4.98,4.98,4.98,1,0
MON,60,20250210,100000,5,5,5,5,13674,0
MON,60,20250210,110000,5,5,5,5,10,0
MON,60,20250210,120000,4.98,4.98,4.98,4.98,344,0
MON,60,20250210,130000,4.98,4.98,4.98,4.98,2369,0
MON,60,20250210,140000,4.97,5,4.97,5,4415,0
MON,60,20250210,150000,5,5,5,5,11516,0
MON,60,20250210,160000,5,5.08,4.98,5.08,12478,0
MON,60,20250210,170000,5.08,5.08,5.08,5.08,753,0
MON,60,20250211,100000,5.16,5.16,5.1,5.1,253,0
MON,60,20250211,130000,5.12,5.14,5.04,5.14,2001,0
MON,60,20250211,140000,5.14,5.14,5,5,9693,0
MON,60,20250211,150000,5.02,5.02,5,5,2066,0
MON,60,20250211,160000,5,5,4.98,4.98,651,0
MON,60,20250211,170000,5,5,4.97,5,1569,0
MON,60,20250212,100000,5.06,5.06,5.04,5.04,1060,0
MON,60,20250212,110000,5.04,5.04,5.04,5.04,24,0
MON,60,20250212,130000,5,5.06,5,5.04,670,0
MON,60,20250212,140000,5.04,5.04,5.04,5.04,3783,0
MON,60,20250212,150000,5,5.04,5,5.04,401,0
MON,60,20250212,170000,5.04,5.04,5.04,5.04,412,0
MON,60,20250213,100000,5,5.06,4.98,5.06,595,0
MON,60,20250213,120000,5.04,5.06,5.04,5.04,3673,0
MON,60,20250213,130000,5,5,5,5,1102,0
MON,60,20250213,140000,5,5,4.97,4.97,761,0
MON,60,20250213,170000,5.06,5.06,5.06,5.06,161,0
MON,60,20250214,100000,5.06,5.06,5.06,5.06,400,0
MON,60,20250214,120000,5.06,5.06,5.06,5.06,7083,0
MON,60,20250214,130000,5.08,5.1,5.08,5.1,700,0
MON,60,20250214,150000,5,5,5,5,3,0
MON,60,20250214,160000,5.02,5.1,5.02,5.1,854,0
MON,60,20250214,170000,5.08,5.08,5.08,5.08,276,0
MON,60,20250217,100000,5.08,5.1,4.85,5.06,11386,0
MON,60,20250217,110000,4.9,5.1,4.9,5.1,762,0
MON,60,20250217,120000,5.08,5.1,5.08,5.1,3424,0
MON,60,20250217,130000,5.08,5.1,5.08,5.1,671,0
MON,60,20250217,170000,5.06,5.1,5.06,5.1,47,0
MON,60,20250218,100000,5.08,5.14,5,5.1,100741,0
MON,60,20250218,110000,5.08,5.12,5.08,5.12,10452,0
MON,60,20250218,120000,5.12,5.12,5.12,5.12,6528,0
MON,60,20250218,130000,5.1,5.1,5.1,5.1,4,0
MON,60,20250218,150000,5.04,5.04,5.04,5.04,995,0
MON,60,20250218,160000,5.04,5.04,5.04,5.04,410,0
MON,60,20250218,170000,5.06,5.12,5.06,5.12,47,0
MON,60,20250219,100000,5.12,5.12,5.06,5.12,9103,0
MON,60,20250219,110000,5.12,5.12,5.12,5.12,500,0
MON,60,20250219,130000,5.14,5.18,5.12,5.12,6059,0
MON,60,20250219,140000,5.1,5.1,5.1,5.1,116,0
MON,60,20250219,170000,5.06,5.18,5,5.18,10466,0
MON,60,20250220,100000,5.18,5.18,5.04,5.18,401,0
MON,60,20250220,140000,5.14,5.16,5.14,5.16,5994,0
MON,60,20250221,100000,5.16,5.16,5.16,5.16,1000,0
MON,60,20250221,120000,5.14,5.16,5.12,5.16,1501,0
MON,60,20250221,140000,5.1,5.16,5.06,5.16,4661,0
MON,60,20250221,160000,5.08,5.16,5.08,5.16,1004,0
MON,60,20250221,170000,5.14,5.14,5.14,5.14,4744,0
MON,60,20250224,100000,5.12,5.14,5.1,5.14,5051,0
MON,60,20250224,110000,5.14,5.16,5.14,5.16,717,0
MON,60,20250224,120000,5.1,5.16,5.08,5.16,111,0
MON,60,20250224,130000,5.14,5.16,5.14,5.16,4653,0
MON,60,20250224,140000,5.16,5.16,5.16,5.16,3,0
MON,60,20250224,160000,5.08,5.12,5.08,5.12,358,0
MON,60,20250224,170000,5.12,5.18,5.06,5.16,6299,0
MON,60,20250225,100000,5.18,5.18,5.1,5.18,1502,0
MON,60,20250225,110000,5.16,5.18,5.16,5.18,3001,0
MON,60,20250225,120000,5.16,5.18,5.16,5.16,8059,0
MON,60,20250225,140000,5.14,5.18,5.1,5.18,5295,0
MON,60,20250225,150000,5.1,5.16,5.06,5.16,8957,0
MON,60,20250225,170000,5.14,5.16,5.14,5.16,2020,0
MON,60,20250226,100000,5.14,5.16,5.14,5.16,4607,0
MON,60,20250226,110000,5.16,5.16,5.16,5.16,200,0
MON,60,20250226,120000,5.14,5.14,5.14,5.14,38,0
MON,60,20250226,130000,5.18,5.18,5.16,5.16,4710,0
MON,60,20250226,140000,5.16,5.18,5.16,5.18,4943,0
MON,60,20250226,150000,5.16,5.16,5.16,5.16,810,0
MON,60,20250226,160000,5.16,5.16,5.16,5.16,445,0
MON,60,20250226,170000,5.18,5.18,5.18,5.18,248,0
MON,60,20250227,100000,5.16,5.16,5.16,5.16,4,0
MON,60,20250227,120000,5.14,5.14,5.1,5.1,400,0
MON,60,20250227,140000,5.14,5.16,5.14,5.16,3082,0
MON,60,20250227,150000,5.18,5.18,5.12,5.12,2378,0
MON,60,20250227,170000,5.12,5.18,5.12,5.18,102,0
MON,60,20250228,100000,5.12,5.18,5.12,5.18,505,0
MON,60,20250228,110000,5.12,5.18,5.06,5.06,6480,0
MON,60,20250228,120000,5.18,5.18,5.18,5.18,1,0
MON,60,20250228,130000,5.18,5.18,5.18,5.18,4796,0
MON,60,20250303,100000,5.18,5.18,5.1,5.1,5415,0
MON,60,20250303,110000,5.18,5.18,5.18,5.18,1,0
MON,60,20250303,160000,5.1,5.1,5.1,5.1,3,0
MON,60,20250303,170000,5.1,5.1,5.1,5.1,700,0
MON,60,20250304,100000,5.14,5.14,5.06,5.14,202,0
MON,60,20250304,120000,5.14,5.14,5.14,5.14,4788,0
MON,60,20250304,130000,5.06,5.06,5.06,5.06,150,0
MON,60,20250304,140000,5.06,5.06,5.06,5.06,2000,0
MON,60,20250304,150000,5.06,5.06,5.06,5.06,7,0
MON,60,20250304,160000,5.06,5.06,5.06,5.06,560,0
MON,60,20250304,170000,5.06,5.06,5.06,5.06,500,0
MON,60,20250305,100000,5.14,5.14,5,5.12,1761,0
MON,60,20250305,120000,5.02,5.04,5,5.04,8608,0
MON,60,20250305,130000,5.04,5.04,5.04,5.04,40,0
MON,60,20250305,160000,5.04,5.04,5.02,5.02,4917,0
MON,60,20250305,170000,5.04,5.04,5.02,5.02,6100,0
MON,60,20250306,100000,5.04,5.04,5.04,5.04,1,0
MON,60,20250306,110000,5,5.04,5,5.04,5034,0
MON,60,20250306,120000,5.04,5.04,5.04,5.04,4000,0
MON,60,20250306,150000,5.04,5.04,5.04,5.04,5,0
MON,60,20250307,110000,5.02,5.04,5,5.04,3706,0
MON,60,20250307,120000,5.04,5.04,5.04,5.04,4986,0
MON,60,20250307,160000,5.02,5.02,5.02,5.02,460,0
MON,60,20250310,100000,5,5,5,5,438,0
MON,60,20250310,120000,5.02,5.04,5.02,5.04,4000,0
MON,60,20250310,140000,5,5,5,5,950,0
MON,60,20250310,150000,5,5,5,5,900,0
MON,60,20250311,100000,5,5,5,5,300,0
MON,60,20250311,110000,5.02,5.02,5.02,5.02,275,0
MON,60,20250311,120000,5.02,5.02,5.02,5.02,4310,0
MON,60,20250312,130000,5,5,5,5,4461,0
MON,60,20250312,170000,4.97,5,4.96,5,2014,0
MON,60,20250313,100000,4.96,4.98,4.92,4.98,2273,0
MON,60,20250313,110000,4.98,4.98,4.98,4.98,200,0
MON,60,20250313,120000,4.98,4.98,4.98,4.98,4464,0
MON,60,20250313,130000,4.92,4.92,4.92,4.92,100,0
MON,60,20250313,140000,4.92,4.92,4.9,4.9,2860,0
MON,60,20250313,170000,4.98,4.98,4.98,4.98,30,0
MON,60,20250314,100000,4.98,4.98,4.98,4.98,5,0
MON,60,20250314,120000,4.98,4.98,4.98,4.98,30,0
MON,60,20250314,140000,4.91,4.98,4.91,4.98,5392,0
MON,60,20250314,170000,4.98,4.98,4.98,4.98,10,0
MON,60,20250317,100000,4.98,4.98,4.94,4.98,4113,0
MON,60,20250317,110000,4.98,4.98,4.98,4.98,1973,0
MON,60,20250317,120000,4.98,4.98,4.98,4.98,1200,0
MON,60,20250317,130000,4.98,4.98,4.98,4.98,1247,0
MON,60,20250317,140000,4.95,4.95,4.95,4.95,20,0
MON,60,20250317,160000,4.98,4.98,4.98,4.98,2281,0
MON,60,20250317,170000,4.96,4.98,4.96,4.98,3300,0
MON,60,20250318,100000,4.95,4.96,4.95,4.96,340,0
MON,60,20250318,110000,4.95,4.95,4.9,4.9,9574,0
MON,60,20250318,120000,4.9,4.9,4.9,4.9,4900,0
MON,60,20250318,130000,4.9,4.9,4.9,4.9,600,0
MON,60,20250318,140000,4.9,4.9,4.9,4.9,10628,0
MON,60,20250318,150000,4.95,4.95,4.95,4.95,1800,0
MON,60,20250318,170000,5.08,5.08,4.88,4.88,3020,0
MON,60,20250319,100000,5,5,4.99,4.99,6,0
MON,60,20250319,110000,4.9,5,4.9,5,4498,0
MON,60,20250319,120000,4.99,4.99,4.9,4.9,23,0
MON,60,20250319,140000,4.91,4.91,4.91,4.91,3,0
MON,60,20250319,150000,4.95,4.96,4.95,4.96,46,0
MON,60,20250319,160000,4.97,4.97,4.97,4.97,350,0
MON,60,20250319,170000,4.99,4.99,4.99,4.99,699,0
MON,60,20250320,100000,4.97,4.97,4.92,4.92,600,0
MON,60,20250320,110000,4.98,4.98,4.91,4.98,2894,0
MON,60,20250320,170000,4.95,5,4.95,5,740,0
MON,60,20250321,110000,4.99,4.99,4.99,4.99,22,0
MON,60,20250321,120000,4.99,5,4.99,4.99,3427,0
MON,60,20250321,130000,4.99,4.99,4.95,4.95,990,0
MON,60,20250321,140000,4.99,4.99,4.99,4.99,201,0
MON,60,20250321,150000,4.94,4.95,4.92,4.92,1761,0
MON,60,20250321,160000,4.92,4.92,4.9,4.9,4622,0
MON,60,20250321,170000,4.9,4.9,4.9,4.9,7114,0
MON,60,20250324,100000,4.98,4.98,4.92,4.98,2524,0
MON,60,20250324,110000,4.92,4.92,4.9,4.9,500,0
MON,60,20250324,120000,4.9,4.98,4.9,4.98,1713,0
MON,60,20250324,130000,4.98,4.98,4.98,4.98,2000,0
MON,60,20250324,140000,4.93,5,4.9,5,9200,0
MON,60,20250325,100000,4.9,4.9,4.89,4.89,5693,0
MON,60,20250325,110000,4.88,4.9,4.88,4.89,204,0
MON,60,20250325,120000,4.87,4.9,4.86,4.9,538,0
MON,60,20250325,130000,4.89,4.89,4.89,4.89,3324,0
MON,60,20250325,140000,4.89,4.89,4.87,4.87,1091,0
MON,60,20250325,150000,4.86,4.86,4.86,4.86,839,0
MON,60,20250325,160000,4.86,4.89,4.85,4.89,2317,0
MON,60,20250325,170000,4.9,4.9,4.9,4.9,410,0
MON,60,20250326,100000,4.89,4.99,4.89,4.99,325,0
MON,60,20250326,110000,4.96,4.98,4.96,4.98,2904,0
MON,60,20250326,130000,4.98,4.98,4.98,4.98,3,0
MON,60,20250326,150000,4.98,4.98,4.98,4.98,101,0
MON,60,20250326,170000,4.9,4.98,4.87,4.98,1979,0
MON,60,20250327,100000,4.9,4.96,4.9,4.96,21,0
MON,60,20250327,120000,4.95,4.95,4.95,4.95,2972,0
MON,60,20250327,130000,4.89,4.89,4.89,4.89,3,0
MON,60,20250327,140000,4.89,4.89,4.88,4.88,200,0
MON,60,20250327,170000,4.96,4.96,4.96,4.96,50,0
MON,60,20250328,130000,4.9,4.96,4.9,4.96,15,0
MON,60,20250328,140000,4.95,4.95,4.95,4.95,2712,0
MON,60,20250328,170000,4.9,4.9,4.9,4.9,202,0
MON,60,20250331,100000,4.96,4.96,4.96,4.96,1,0
MON,60,20250331,130000,4.88,4.95,4.85,4.95,4452,0
MON,60,20250331,140000,4.83,4.95,4.83,4.95,781,0
MON,60,20250331,170000,4.84,4.94,4.84,4.94,501,0
MON,60,20250401,110000,4.83,4.83,4.82,4.82,800,0
MON,60,20250401,120000,4.84,4.84,4.84,4.84,120,0
MON,60,20250401,130000,4.92,4.92,4.92,4.92,1,0
MON,60,20250401,160000,4.86,4.86,4.84,4.84,500,0
MON,60,20250401,170000,4.92,4.92,4.92,4.92,10,0
MON,60,20250402,100000,4.82,4.83,4.82,4.83,344,0
MON,60,20250402,110000,4.83,4.83,4.8,4.8,2349,0
MON,60,20250402,120000,4.79,4.79,4.78,4.78,1309,0
MON,60,20250402,130000,4.78,4.88,4.78,4.78,243,0
MON,60,20250402,170000,4.79,4.85,4.78,4.85,2178,0
MON,60,20250403,110000,4.84,4.85,4.84,4.85,400,0
MON,60,20250403,120000,4.84,4.84,4.84,4.84,330,0
MON,60,20250403,130000,4.88,4.88,4.88,4.88,250,0
MON,60,20250403,170000,4.78,4.78,4.75,4.75,2840,0
MON,60,20250404,100000,4.87,4.87,4.87,4.87,92,0
MON,60,20250404,110000,4.86,4.86,4.86,4.86,300,0
MON,60,20250404,130000,4.78,4.78,4.75,4.75,355,0
MON,60,20250404,140000,4.74,4.74,4.74,4.74,3460,0
MON,60,20250404,160000,4.72,4.72,4.72,4.72,5628,0
MON,60,20250407,100000,4.85,4.85,4.6,4.66,15883,0
MON,60,20250407,110000,4.6,4.6,4.56,4.56,2198,0
MON,60,20250407,120000,4.65,4.88,4.65,4.88,6552,0
MON,60,20250407,130000,4.95,5,4.95,5,700,0
MON,60,20250407,140000,4.99,4.99,4.95,4.95,6,0
MON,60,20250407,170000,4.81,4.81,4.81,4.81,1205,0
MON,60,20250408,100000,4.81,4.97,4.81,4.97,351,0
MON,60,20250408,130000,4.89,4.94,4.89,4.94,779,0
MON,60,20250408,160000,4.9,4.93,4.9,4.93,400,0
MON,60,20250408,170000,4.81,4.94,4.81,4.94,6,0
MON,60,20250409,100000,4.8,4.8,4.8,4.8,550,0
MON,60,20250409,170000,4.8,4.8,4.8,4.8,1120,0
MON,60,20250410,100000,4.9,4.9,4.9,4.9,287,0
MON,60,20250410,110000,4.8,4.8,4.8,4.8,465,0
MON,60,20250410,140000,4.8,4.9,4.8,4.9,1239,0
MON,60,20250411,100000,4.88,4.9,4.87,4.9,3438,0
MON,60,20250411,130000,4.8,4.8,4.8,4.8,190,0
MON,60,20250411,140000,4.8,4.8,4.8,4.8,200,0
MON,60,20250414,100000,4.87,4.87,4.87,4.87,392,0
MON,60,20250414,130000,4.83,4.83,4.82,4.82,300,0
MON,60,20250414,160000,4.82,4.82,4.67,4.67,3565,0
MON,60,20250414,170000,4.71,4.8,4.6,4.8,4861,0
MON,60,20250415,100000,4.74,4.74,4.74,4.74,397,0
MON,60,20250415,120000,4.74,4.74,4.69,4.69,1045,0
MON,60,20250415,130000,4.69,4.69,4.66,4.66,738,0
MON,60,20250415,140000,4.64,4.68,4.61,4.61,7527,0
MON,60,20250415,150000,4.61,4.71,4.61,4.7,11575,0
MON,60,20250416,100000,4.66,4.66,4.66,4.66,155,0
MON,60,20250416,110000,4.69,4.69,4.69,4.69,3,0
MON,60,20250416,120000,4.66,4.66,4.66,4.66,202,0
MON,60,20250416,130000,4.66,4.66,4.66,4.66,477,0
MON,60,20250416,140000,4.66,4.66,4.66,4.66,1100,0
MON,60,20250416,170000,4.66,4.68,4.6,4.68,1462,0
MON,60,20250417,100000,4.65,4.65,4.65,4.65,2,0
MON,60,20250417,110000,4.68,4.7,4.68,4.7,271,0
MON,60,20250417,130000,4.68,4.69,4.68,4.69,4,0
MON,60,20250417,140000,4.69,4.7,4.69,4.7,250,0
MON,60,20250417,160000,4.69,4.69,4.69,4.69,3,0
MON,60,20250417,170000,4.69,4.8,4.69,4.8,3644,0
MON,60,20250422,100000,4.7,4.85,4.65,4.85,2001,0
MON,60,20250422,110000,4.7,4.7,4.7,4.7,5,0
MON,60,20250422,120000,4.72,4.72,4.72,4.72,569,0
MON,60,20250422,150000,4.72,4.72,4.72,4.72,19,0
MON,60,20250422,160000,4.72,4.72,4.7,4.7,100,0
MON,60,20250422,170000,4.7,4.7,4.7,4.7,1,0
MON,60,20250423,100000,4.69,4.69,4.65,4.68,2579,0
MON,60,20250423,110000,4.66,4.66,4.65,4.65,125,0
MON,60,20250423,120000,4.68,4.68,4.66,4.66,222,0
MON,60,20250423,130000,4.66,4.66,4.65,4.66,6307,0
MON,60,20250423,150000,4.66,4.66,4.63,4.63,660,0
MON,60,20250423,160000,4.63,4.63,4.63,4.63,8,0
MON,60,20250423,170000,4.66,4.9,4.63,4.9,1738,0
MON,60,20250424,100000,4.75,4.88,4.75,4.88,500,0
MON,60,20250424,110000,4.7,4.72,4.7,4.7,1321,0
MON,60,20250424,120000,4.7,4.7,4.65,4.65,340,0
MON,60,20250424,130000,4.7,4.7,4.7,4.7,100,0
MON,60,20250424,150000,4.7,4.7,4.7,4.7,500,0
MON,60,20250424,160000,4.79,4.79,4.79,4.79,103,0
MON,60,20250424,170000,4.78,4.79,4.78,4.79,464,0
MON,60,20250425,100000,4.81,4.81,4.81,4.81,848,0
MON,60,20250425,150000,4.73,4.73,4.72,4.72,10,0
MON,60,20250425,160000,4.81,4.81,4.81,4.81,5,0
MON,60,20250425,170000,4.78,4.82,4.66,4.66,6546,0
MON,60,20250428,100000,4.66,4.68,4.66,4.68,2357,0
MON,60,20250428,110000,4.77,4.77,4.77,4.77,117,0
MON,60,20250428,120000,4.76,4.77,4.76,4.76,3137,0
MON,60,20250428,130000,4.77,4.77,4.76,4.76,3331,0
MON,60,20250428,150000,4.76,4.76,4.76,4.76,520,0
MON,60,20250428,160000,4.77,4.77,4.77,4.77,5,0
MON,60,20250428,170000,4.84,4.9,4.84,4.9,3455,0
MON,60,20250429,100000,4.89,4.89,4.74,4.74,563,0
MON,60,20250429,120000,4.75,4.75,4.74,4.75,45,0
MON,60,20250429,130000,4.87,4.95,4.87,4.95,4405,0
MON,60,20250429,140000,4.94,4.94,4.94,4.94,4,0
MON,60,20250429,150000,4.94,4.94,4.81,4.81,50,0
MON,60,20250429,160000,4.81,4.93,4.81,4.93,79,0
MON,60,20250430,100000,4.8,5.04,4.8,5,33567,0
MON,60,20250430,110000,5,5,5,5,4028,0
MON,60,20250430,120000,5,5,5,5,2255,0
MON,60,20250430,130000,5.02,5.02,5,5.02,8692,0
MON,60,20250430,150000,5,5,5,5,200,0
MON,60,20250430,160000,5,5,5,5,350,0
MON,60,20250430,170000,5.04,5.04,5,5,1050,0
MON,60,20250502,110000,5.02,5.02,4.9,4.9,660,0
MON,60,20250502,120000,5.02,5.02,5.02,5.02,102,0
MON,60,20250502,150000,5.02,5.04,5.02,5.04,778,0
MON,60,20250502,170000,5.04,5.06,4.93,5.06,3772,0
MON,60,20250505,100000,4.97,4.97,4.97,4.97,4,0
MON,60,20250505,120000,4.97,4.97,4.97,4.97,900,0
MON,60,20250505,130000,4.96,4.96,4.96,4.96,443,0
MON,60,20250505,140000,5,5,5,5,99,0
MON,60,20250505,170000,4.98,5,4.98,5,263,0
MON,60,20250506,150000,4.92,4.92,4.92,4.92,265,0
MON,60,20250506,160000,4.94,4.94,4.94,4.94,8,0
MON,60,20250506,170000,4.94,4.95,4.91,4.91,764,0
