<TICKER>,<PER>,<DATE>,<TIME>,<OPEN>,<HIGH>,<LOW>,<CLOSE>,<VOL>,<OPENINT>
MVP,60,20240411,100000,8.28638,8.30424,8.14352,8.17923,6947.9185522692,0
MVP,60,20240411,110000,8.16137,8.21495,8.14352,8.21495,4694.6606336416,0
MVP,60,20240411,120000,8.16137,8.30424,8.16137,8.23281,2880.4072399156,0
MVP,60,20240411,130000,8.19709,8.23281,8.16137,8.21495,1521.9570136257,0
MVP,60,20240411,140000,8.21495,8.30424,8.12566,8.12566,7641.1425341929,0
MVP,60,20240411,150000,8.23281,8.30424,8.14352,8.26853,3956.6402716259,0
MVP,60,20240411,160000,8.26853,8.26853,8.26853,8.26853,111.99095023000001,0
MVP,60,20240411,170000,8.26853,8.26853,8.26853,8.26853,415.4864253533,0
MVP,60,20240412,100000,8.21495,8.25067,8.17923,8.25067,3545.6334842818,0
MVP,60,20240412,110000,8.26853,8.35782,8.26853,8.3221,4259.0158372469,0
MVP,60,20240412,120000,8.3221,8.3221,8.25067,8.25067,3282.4547512413,0
MVP,60,20240412,130000,8.23281,8.25067,8.21495,8.23281,1532.0361991464,0
MVP,60,20240412,140000,8.23281,8.28638,8.14352,8.14352,2749.3778281465,0
MVP,60,20240412,150000,8.17923,8.28638,8.17923,8.25067,314.6945701463,0
MVP,60,20240412,160000,8.25067,8.25067,8.14352,8.17923,3481.7986426507,0
MVP,60,20240412,170000,8.17923,8.21495,8.17923,8.19709,2342.8506788116,0
MVP,60,20240415,100000,8.23281,8.23281,8.16137,8.19709,4668.9027150887,0
MVP,60,20240415,110000,8.19709,8.21495,8.17923,8.17923,909.3665158676,0
MVP,60,20240415,120000,8.17923,8.25067,8.17923,8.21495,6046.3914029177,0
MVP,60,20240415,130000,8.21495,8.26853,8.21495,8.21495,2582.5113123038,0
MVP,60,20240415,140000,8.19709,8.21495,8.19709,8.21495,3398.9253394805,0
MVP,60,20240415,150000,8.21495,8.21495,8.19709,8.19709,2523.1561086819,0
MVP,60,20240415,160000,8.21495,8.23281,8.19709,8.23281,1159.1063348805,0
MVP,60,20240415,170000,8.21495,8.21495,8.21495,8.21495,561.0746606523,0
MVP,60,20240416,100000,8.21495,8.21495,7.71491,8.00065,72268.880092921,0
MVP,60,20240416,110000,7.98279,8.01851,7.89349,7.94707,8051.0294120347,0
MVP,60,20240416,120000,7.94707,7.98279,7.94707,7.98279,1748.1787330903,0
MVP,60,20240416,130000,7.98279,8.03636,7.96493,8.03636,4220.9389141687,0
MVP,60,20240416,140000,8.03636,8.12566,8.01851,8.12566,2670.9841629855,0
MVP,60,20240416,150000,8.07208,8.12566,8.07208,8.12566,1432.3642534417002,0
MVP,60,20240416,160000,8.03636,8.08994,8.01851,8.05422,1608.1900453028,0
MVP,60,20240416,170000,8.05422,8.07208,8.01851,8.01851,1845.6108597904,0
MVP,60,20240417,100000,8.03636,8.1078,8.03636,8.03636,3115.5882353986,0
MVP,60,20240417,110000,8.08994,8.1078,8.03636,8.1078,3279.0950227344,0
MVP,60,20240417,120000,8.12566,8.12566,8.08994,8.12566,3373.1674209276,0
MVP,60,20240417,130000,8.12566,8.14352,8.08994,8.14352,3823.3710408522,0
MVP,60,20240417,140000,8.14352,8.16137,8.14352,8.14352,1751.5384615972,0
MVP,60,20240417,150000,8.14352,8.14352,8.12566,8.12566,3542.2737557749,0
MVP,60,20240417,160000,8.1078,8.12566,8.1078,8.12566,671.94570138,0
MVP,60,20240417,170000,8.12566,8.14352,8.08994,8.14352,1703.3823529983001,0
MVP,60,20240418,100000,8.21495,8.21495,8.03636,8.17923,8981.674208446,0
MVP,60,20240418,110000,8.17923,8.19709,8.1078,8.17923,1142.307692346,0
MVP,60,20240418,120000,8.16137,8.16137,8.1078,8.16137,586.8325792052,0
MVP,60,20240418,130000,8.1078,8.16137,8.03636,8.16137,972.0814479964,0
MVP,60,20240418,140000,8.16137,8.16137,8.05422,8.14352,2154.7058824252,0
MVP,60,20240418,150000,8.14352,8.16137,8.12566,8.14352,1427.8846154325001,0
MVP,60,20240418,160000,8.14352,8.14352,8.05422,8.14352,725.7013574904,0
MVP,60,20240418,170000,8.08994,8.14352,8.08994,8.12566,964.2420814803,0
MVP,60,20240419,100000,8.12566,8.12566,8.07208,8.08994,2236.4592760931,0
MVP,60,20240419,110000,8.08994,8.08994,8.08994,8.08994,329.2533936762,0
MVP,60,20240419,120000,8.08994,8.08994,8.08994,8.08994,172.4660633542,0
MVP,60,20240419,130000,8.08994,8.08994,8.07208,8.07208,1567.87330322,0
MVP,60,20240419,140000,8.07208,8.12566,8.05422,8.12566,732.4208145042,0
MVP,60,20240419,150000,8.12566,8.12566,8.03636,8.03636,1820.9728507398,0
MVP,60,20240419,160000,8.05422,8.12566,8.05422,8.12566,414.366515851,0
MVP,60,20240419,170000,8.12566,8.12566,8.05422,8.05422,1390.9276018566,0
MVP,60,20240422,100000,8.12566,8.12566,8.08994,8.12566,2538.8348417141,0
MVP,60,20240422,110000,8.1078,8.12566,8.05422,8.12566,3264.5361992045,0
MVP,60,20240422,120000,8.1078,8.1078,8.05422,8.1078,638.348416311,0
MVP,60,20240422,130000,8.08994,8.1078,8.08994,8.1078,3532.1945702542,0
MVP,60,20240422,140000,8.08994,8.12566,8.07208,8.1078,4544.5927603334,0
MVP,60,20240422,150000,8.12566,8.12566,8.1078,8.12566,770.4977375824001,0
MVP,60,20240422,160000,8.12566,8.12566,8.1078,8.12566,2648.5859729395,0
MVP,60,20240422,170000,8.12566,8.12566,7.98279,8.12566,30271.153847169,0
MVP,60,20240423,100000,8.12566,8.19709,8.12566,8.14352,20236.764706561,0
MVP,60,20240423,110000,8.14352,8.16137,8.1078,8.1078,4431.4819006011,0
MVP,60,20240423,120000,8.14352,8.14352,8.1078,8.14352,7412.6809957237,0
MVP,60,20240423,130000,8.14352,8.17923,8.12566,8.17923,8487.7941179317,0
MVP,60,20240423,140000,8.16137,8.17923,8.12566,8.14352,11299.886878207,0
MVP,60,20240423,150000,8.12566,8.17923,8.12566,8.12566,4012.6357467409,0
MVP,60,20240423,160000,8.14352,8.17923,8.12566,8.16137,2678.8235295016,0
MVP,60,20240423,170000,8.16137,8.17923,8.16137,8.16137,3769.6153847418,0
MVP,60,20240424,100000,8.16137,8.19709,8.08994,8.17923,17931.990950828,0
MVP,60,20240424,110000,8.19709,8.19709,8.17923,8.17923,10332.28506822,0
MVP,60,20240424,120000,8.17923,8.23281,8.12566,8.12566,43570.079186982,0
MVP,60,20240424,130000,8.17923,8.21495,8.14352,8.19709,1975.5203620572,0
MVP,60,20240424,140000,8.16137,8.23281,8.16137,8.23281,13357.160633932,0
MVP,60,20240424,150000,8.23281,8.33996,8.21495,8.3221,28671.923077885,0
MVP,60,20240424,160000,8.33996,8.46497,8.3221,8.37568,38261.70814608,0
MVP,60,20240424,170000,8.37568,8.39354,8.3221,8.37568,11290.927602189,0
MVP,60,20240425,100000,8.41139,8.48283,8.39354,8.44711,20563.778281233,0
MVP,60,20240425,110000,8.46497,8.48283,8.44711,8.48283,5663.3823531311,0
MVP,60,20240425,120000,8.48283,8.48283,8.44711,8.48283,6978.1561088313,0
MVP,60,20240425,130000,8.48283,8.5364,8.46497,8.5364,48754.140273128,0
MVP,60,20240425,140000,8.5364,8.5364,8.46497,8.48283,5618.5859730391,0
MVP,60,20240425,150000,8.48283,8.5364,8.48283,8.51855,6944.5588237623,0
MVP,60,20240425,160000,8.50069,8.50069,8.46497,8.48283,1053.8348416643,0
MVP,60,20240425,170000,8.48283,8.48283,8.42925,8.46497,2524.2760181842,0
MVP,60,20240426,100000,8.57212,8.57212,8.51855,8.51855,7931.1990952886,0
MVP,60,20240426,110000,8.5364,8.55426,8.50069,8.5364,20251.323530091,0
MVP,60,20240426,120000,8.50069,8.55426,8.50069,8.50069,11659.377828445,0
MVP,60,20240426,130000,8.5364,8.55426,8.50069,8.55426,12458.993213088,0
MVP,60,20240426,140000,8.5364,8.55426,8.5364,8.5364,16023.665158908,0
MVP,60,20240426,150000,8.55426,8.55426,8.5364,8.55426,14780.565611355,0
MVP,60,20240426,160000,8.55426,8.55426,8.55426,8.55426,31606.085973911,0
MVP,60,20240426,170000,8.55426,8.6257,8.5364,8.60784,10122.86199129,0
MVP,60,20240429,100000,8.64356,8.73285,8.6257,8.73285,18107.816742689,0
MVP,60,20240429,110000,8.73285,8.75071,8.66141,8.73285,23408.348417075,0
MVP,60,20240429,120000,8.73285,8.75071,8.69713,8.75071,8665.8597287974,0
MVP,60,20240429,130000,8.75071,8.76857,8.71499,8.75071,21252.522625147,0
MVP,60,20240429,140000,8.76857,8.78642,8.75071,8.76857,5325.1696834365,0
MVP,60,20240429,150000,8.76857,8.82214,8.76857,8.82214,14955.271493714,0
MVP,60,20240429,160000,8.80428,8.84,8.80428,8.80428,25932.624435259,0
MVP,60,20240429,170000,8.76857,8.82214,8.76857,8.82214,16788.563348979,0
MVP,60,20240430,100000,8.82214,8.85786,8.80428,8.84,25832.952489554,0
MVP,60,20240430,110000,8.84,8.85786,8.80428,8.82214,15594.739819528,0
MVP,60,20240430,120000,8.82214,8.85786,8.82214,8.84,15264.366516349,0
MVP,60,20240430,130000,8.84,8.87572,8.82214,8.85786,14400.916290076,0
MVP,60,20240430,140000,8.85786,8.85786,8.82214,8.82214,8855.1244346861,0
MVP,60,20240430,150000,8.84,8.85786,8.75071,8.75071,56680.859730408,0
MVP,60,20240430,160000,8.76857,8.84,8.75071,8.84,9332.2058826659,0
MVP,60,20240430,170000,8.76857,8.85786,8.75071,8.84,36630.000001228,0
MVP,60,20240502,100000,8.74,8.84,8.32,8.52,54077,0
MVP,60,20240502,110000,8.5,8.52,8.24,8.24,27660,0
MVP,60,20240502,120000,8.3,8.48,8.28,8.48,15777,0
MVP,60,20240502,130000,8.48,8.92,8.46,8.92,27638,0
MVP,60,20240502,140000,8.84,8.88,8.6,8.7,31672,0
MVP,60,20240502,150000,8.7,8.7,8.68,8.68,1044,0
MVP,60,20240502,160000,8.68,8.78,8.5,8.52,4984,0
MVP,60,20240502,170000,8.62,8.66,8.48,8.5,8674,0
MVP,60,20240506,100000,8.56,8.58,8.4,8.48,8382,0
MVP,60,20240506,110000,8.48,8.5,8.4,8.5,3566,0
MVP,60,20240506,120000,8.5,8.5,8.42,8.5,2236,0
MVP,60,20240506,130000,8.5,8.5,8.48,8.5,7743,0
MVP,60,20240506,140000,8.48,8.5,8.48,8.5,1462,0
MVP,60,20240506,150000,8.48,8.48,8.38,8.38,5720,0
MVP,60,20240506,160000,8.36,8.4,8.26,8.36,5981,0
MVP,60,20240506,170000,8.36,8.4,8.32,8.32,2643,0
MVP,60,20240507,100000,8.32,8.32,8.2,8.28,7793,0
MVP,60,20240507,110000,8.28,8.28,8.2,8.22,6782,0
MVP,60,20240507,120000,8.24,8.3,8.24,8.3,3145,0
MVP,60,20240507,130000,8.26,8.3,8.26,8.3,3337,0
MVP,60,20240507,140000,8.3,8.3,8.28,8.28,123,0
MVP,60,20240507,150000,8.3,8.3,8.2,8.3,2211,0
MVP,60,20240507,160000,8.3,8.3,8.3,8.3,63,0
MVP,60,20240507,170000,8.3,8.3,8.06,8.22,19635,0
MVP,60,20240508,100000,8.26,8.26,8.16,8.26,1997,0
MVP,60,20240508,110000,8.26,8.28,8.24,8.28,1297,0
MVP,60,20240508,120000,8.28,8.28,8.26,8.28,1724,0
MVP,60,20240508,130000,8.28,8.28,8.26,8.26,913,0
MVP,60,20240508,140000,8.28,8.28,8.12,8.12,3877,0
MVP,60,20240508,150000,8.18,8.18,8.02,8.02,6869,0
MVP,60,20240508,160000,8.04,8.08,7.98,7.98,9766,0
MVP,60,20240508,170000,8.02,8.1,7.96,8.1,5681,0
MVP,60,20240509,100000,8.1,8.14,7.92,8.14,5878,0
MVP,60,20240509,110000,8.14,8.16,7.94,7.96,2861,0
MVP,60,20240509,120000,8,8.1,7.96,8,2129,0
MVP,60,20240509,130000,8.1,8.1,8.04,8.1,2081,0
MVP,60,20240509,140000,8.1,8.12,8.1,8.1,1121,0
MVP,60,20240509,150000,8.1,8.12,8.1,8.12,268,0
MVP,60,20240509,160000,8.12,8.12,8.12,8.12,580,0
MVP,60,20240509,170000,8.1,8.1,8.1,8.1,65,0
MVP,60,20240510,100000,8.06,8.12,7.76,7.98,11576,0
MVP,60,20240510,110000,8,8.06,7.92,7.94,15079,0
MVP,60,20240510,120000,8.04,8.1,7.94,8.06,14311,0
MVP,60,20240510,130000,8.06,8.06,7.96,7.96,2298,0
MVP,60,20240510,140000,8.06,8.06,7.96,8,2577,0
MVP,60,20240510,150000,8,8.06,8,8.04,2321,0
MVP,60,20240510,160000,8.02,8.06,7.96,7.96,4388,0
MVP,60,20240510,170000,7.94,8.02,7.94,7.94,4925,0
MVP,60,20240513,100000,7.94,8.06,7.92,8.02,13591,0
MVP,60,20240513,110000,8.02,8.06,8,8.06,3509,0
MVP,60,20240513,120000,8.08,8.08,8.02,8.02,1519,0
MVP,60,20240513,130000,8.02,8.06,7.94,8.02,3559,0
MVP,60,20240513,140000,8.02,8.06,7.9,7.9,12339,0
MVP,60,20240513,150000,8,8,7.92,7.94,1188,0
MVP,60,20240513,160000,7.96,8,7.9,7.98,4118,0
MVP,60,20240513,170000,7.98,7.98,7.94,7.98,5252,0
MVP,60,20240514,100000,7.98,8.02,7.92,8.02,5047,0
MVP,60,20240514,110000,8,8,7.92,7.96,1308,0
MVP,60,20240514,120000,7.94,7.98,7.92,7.96,1471,0
MVP,60,20240514,130000,7.96,7.98,7.9,7.98,3233,0
MVP,60,20240514,140000,7.98,7.98,7.94,7.98,482,0
MVP,60,20240514,150000,7.98,7.98,7.98,7.98,809,0
MVP,60,20240514,160000,7.98,8.02,7.92,8.02,873,0
MVP,60,20240514,170000,7.92,8,7.92,8,1218,0
MVP,60,20240515,100000,7.94,8,7.92,7.98,2418,0
MVP,60,20240515,110000,8,8.02,7.96,8.02,2033,0
MVP,60,20240515,120000,8.02,8.04,7.96,8,4670,0
MVP,60,20240515,130000,8,8,8,8,206,0
MVP,60,20240515,140000,8,8.02,7.94,8.02,4635,0
MVP,60,20240515,150000,8.02,8.2,7.96,8.2,7072,0
MVP,60,20240515,160000,8.02,8.18,8.02,8.14,713,0
MVP,60,20240515,170000,8.02,8.1,8.02,8.1,2269,0
MVP,60,20240516,100000,8.16,8.16,8.1,8.14,5038,0
MVP,60,20240516,110000,8.14,8.26,8.14,8.26,5986,0
MVP,60,20240516,120000,8.26,8.26,8.18,8.26,5372,0
MVP,60,20240516,130000,8.24,8.3,8.24,8.3,2693,0
MVP,60,20240516,140000,8.3,8.3,8.26,8.3,1667,0
MVP,60,20240516,150000,8.3,8.3,8.26,8.26,142,0
MVP,60,20240516,160000,8.26,8.26,8.2,8.22,6801,0
MVP,60,20240516,170000,8.12,8.22,8.12,8.22,6,0
MVP,60,20240517,100000,8.26,8.26,8.18,8.18,4187,0
MVP,60,20240517,110000,8.2,8.2,8.12,8.12,2354,0
MVP,60,20240517,120000,8.12,8.22,8.12,8.14,1467,0
MVP,60,20240517,130000,8.22,8.22,8.14,8.22,3134,0
MVP,60,20240517,140000,8.22,8.22,8.16,8.2,2810,0
MVP,60,20240517,150000,8.18,8.2,8.18,8.2,232,0
MVP,60,20240517,160000,8.2,8.2,8.18,8.2,194,0
MVP,60,20240517,170000,8.2,8.2,8.16,8.18,468,0
MVP,60,20240520,100000,8.2,8.3,8.18,8.28,3628,0
MVP,60,20240520,110000,8.28,8.32,8.28,8.32,5243,0
MVP,60,20240520,120000,8.32,8.32,8.28,8.32,458,0
MVP,60,20240520,130000,8.32,8.32,8.28,8.3,4158,0
MVP,60,20240520,140000,8.3,8.4,8.28,8.28,8749,0
MVP,60,20240520,150000,8.4,8.4,8.3,8.36,2227,0
MVP,60,20240520,160000,8.36,8.36,8.28,8.34,2312,0
MVP,60,20240520,170000,8.36,8.38,8.3,8.3,1427,0
MVP,60,20240521,100000,8.28,8.36,8.28,8.28,2577,0
MVP,60,20240521,110000,8.34,8.4,8.3,8.4,5792,0
MVP,60,20240521,120000,8.38,8.42,8.32,8.42,3223,0
MVP,60,20240521,130000,8.36,8.42,8.36,8.42,247,0
MVP,60,20240521,140000,8.42,8.42,8.3,8.4,1058,0
MVP,60,20240521,150000,8.4,8.4,8.3,8.4,34,0
MVP,60,20240521,160000,8.32,8.38,8.3,8.38,1161,0
MVP,60,20240521,170000,8.3,8.38,8.28,8.38,904,0
MVP,60,20240522,100000,8.38,8.38,8.28,8.36,1975,0
MVP,60,20240522,110000,8.28,8.38,8.22,8.38,5140,0
MVP,60,20240522,120000,8.36,8.38,8.28,8.28,622,0
MVP,60,20240522,130000,8.32,8.32,8.24,8.24,697,0
MVP,60,20240522,140000,8.24,8.28,8.24,8.28,149,0
MVP,60,20240522,150000,8.28,8.28,8.24,8.24,332,0
MVP,60,20240522,160000,8.28,8.3,8.22,8.3,1849,0
MVP,60,20240522,170000,8.3,8.38,8.22,8.38,1073,0
MVP,60,20240523,100000,8.26,8.36,8.2,8.32,520,0
MVP,60,20240523,110000,8.3,8.32,8.26,8.32,79,0
MVP,60,20240523,120000,8.28,8.32,8.2,8.3,1089,0
MVP,60,20240523,130000,8.3,8.3,8.2,8.28,1463,0
MVP,60,20240523,140000,8.18,8.24,8.18,8.2,898,0
MVP,60,20240523,150000,8.18,8.2,8.18,8.2,934,0
MVP,60,20240523,160000,8.2,8.26,8.2,8.26,4083,0
MVP,60,20240523,170000,8.2,8.26,8.2,8.24,29,0
MVP,60,20240524,100000,8.18,8.18,8.12,8.16,1305,0
MVP,60,20240524,110000,8.16,8.24,8.16,8.22,1345,0
MVP,60,20240524,120000,8.22,8.22,8.18,8.18,129,0
MVP,60,20240524,130000,8.18,8.2,8.12,8.2,1421,0
MVP,60,20240524,140000,8.2,8.2,8.1,8.1,2620,0
MVP,60,20240524,150000,8.18,8.22,8.04,8.14,1502,0
MVP,60,20240524,160000,8.1,8.1,8.08,8.1,849,0
MVP,60,20240524,170000,8.08,8.16,8.08,8.16,2013,0
MVP,60,20240527,100000,8.06,8.2,8.06,8.14,1588,0
MVP,60,20240527,110000,8.12,8.16,8,8.12,4814,0
MVP,60,20240527,120000,8.12,8.12,8,8.1,1275,0
MVP,60,20240527,130000,8.08,8.08,8,8,2356,0
MVP,60,20240527,140000,8.08,8.08,7.98,8.08,893,0
MVP,60,20240527,150000,8,8.08,7.98,8.08,1318,0
MVP,60,20240527,160000,8.08,8.08,8.04,8.06,90,0
MVP,60,20240527,170000,8.06,8.06,8,8.04,1244,0
MVP,60,20240528,100000,8,8.04,7.44,7.88,31045,0
MVP,60,20240528,110000,7.8,7.88,7.8,7.86,2247,0
MVP,60,20240528,120000,7.86,7.9,7.8,7.84,861,0
MVP,60,20240528,130000,7.84,7.86,7.82,7.84,889,0
MVP,60,20240528,140000,7.84,7.86,7.76,7.86,5582,0
MVP,60,20240528,150000,7.78,7.86,7.78,7.84,819,0
MVP,60,20240528,160000,7.86,7.86,7.8,7.8,1596,0
MVP,60,20240528,170000,7.8,7.84,7.76,7.76,8062,0
MVP,60,20240529,100000,7.74,7.76,7.52,7.56,41156,0
MVP,60,20240529,110000,7.56,7.7,7.44,7.6,10754,0
MVP,60,20240529,120000,7.6,7.6,7.44,7.56,6001,0
MVP,60,20240529,130000,7.52,7.56,7.5,7.56,1075,0
MVP,60,20240529,140000,7.56,7.56,7.5,7.56,479,0
MVP,60,20240529,150000,7.54,7.56,7.46,7.54,1497,0
MVP,60,20240529,160000,7.54,7.54,7.46,7.48,1372,0
MVP,60,20240529,170000,7.48,7.54,7.44,7.54,1519,0
MVP,60,20240531,100000,7.4,7.4,7.1,7.26,25541,0
MVP,60,20240531,110000,7.26,7.32,7.2,7.28,3463,0
MVP,60,20240531,120000,7.28,7.28,7.2,7.28,1417,0
MVP,60,20240531,130000,7.28,7.3,7.26,7.28,3856,0
MVP,60,20240531,140000,7.3,7.34,7.26,7.34,1735,0
MVP,60,20240531,150000,7.34,7.34,7.32,7.32,904,0
MVP,60,20240531,160000,7.32,7.38,7.32,7.38,1365,0
MVP,60,20240531,170000,7.32,7.38,7.28,7.38,1659,0
MVP,60,20240603,100000,7.3,7.34,7.12,7.26,7914,0
MVP,60,20240603,110000,7.24,7.3,7.2,7.3,4203,0
MVP,60,20240603,120000,7.28,7.28,7.22,7.28,2255,0
MVP,60,20240603,130000,7.3,7.3,7.24,7.24,2150,0
MVP,60,20240603,140000,7.24,7.28,7.24,7.26,154,0
MVP,60,20240603,150000,7.28,7.28,7.22,7.28,1217,0
MVP,60,20240603,160000,7.28,7.28,7.22,7.22,2271,0
MVP,60,20240603,170000,7.24,7.26,7.24,7.24,1160,0
MVP,60,20240604,100000,7.16,7.22,7.14,7.2,2759,0
MVP,60,20240604,110000,7.16,7.2,7.12,7.2,14848,0
MVP,60,20240604,120000,7.2,7.24,7.16,7.24,1263,0
MVP,60,20240604,130000,7.2,7.22,7.14,7.2,8918,0
MVP,60,20240604,140000,7.18,7.22,7.14,7.14,3094,0
MVP,60,20240604,150000,7.16,7.18,7.12,7.16,4699,0
MVP,60,20240604,160000,7.22,7.22,7.18,7.18,294,0
MVP,60,20240604,170000,7.22,7.22,7.16,7.18,573,0
MVP,60,20240605,100000,7,7.08,6.88,7.02,32907,0
MVP,60,20240605,110000,7.02,7.06,7.02,7.04,2594,0
MVP,60,20240605,120000,7.04,7.1,7.02,7.08,7649,0
MVP,60,20240605,130000,7.08,7.08,7,7.08,1580,0
MVP,60,20240605,140000,7.08,7.08,7.04,7.04,830,0
MVP,60,20240605,150000,7.08,7.08,7.04,7.06,2087,0
MVP,60,20240605,160000,7.04,7.06,6.98,7,4153,0
MVP,60,20240605,170000,6.98,7.02,6.96,6.98,2305,0
MVP,60,20240606,100000,7,7.08,6.96,7.08,6729,0
MVP,60,20240606,110000,7.08,7.1,7.04,7.1,7500,0
MVP,60,20240606,120000,7.04,7.1,7.02,7.04,2997,0
MVP,60,20240606,130000,7.06,7.12,7.04,7.12,2305,0
MVP,60,20240606,140000,7.12,7.12,7.12,7.12,4,0
MVP,60,20240606,150000,7.06,7.12,7.06,7.12,195,0
MVP,60,20240606,160000,7.08,7.12,7.08,7.12,2991,0
MVP,60,20240606,170000,7.12,7.12,7.06,7.12,761,0
MVP,60,20240607,100000,7.1,7.2,7.08,7.2,6375,0
MVP,60,20240607,110000,7.2,7.2,7.14,7.2,1367,0
MVP,60,20240607,120000,7.12,7.22,7.08,7.18,1304,0
MVP,60,20240607,130000,7.14,7.16,7.12,7.16,679,0
MVP,60,20240607,140000,7.16,7.18,7.14,7.18,416,0
MVP,60,20240607,150000,7.18,7.2,7.18,7.2,801,0
MVP,60,20240607,160000,7.2,7.22,7.2,7.22,629,0
MVP,60,20240607,170000,7.22,7.22,7.12,7.22,1724,0
MVP,60,20240610,100000,7.22,7.22,7.14,7.16,1719,0
MVP,60,20240610,110000,7.16,7.16,7.06,7.06,1536,0
MVP,60,20240610,120000,7.08,7.1,7.08,7.1,366,0
MVP,60,20240610,130000,7.1,7.1,7.1,7.1,13,0
MVP,60,20240610,140000,7.1,7.1,7.1,7.1,223,0
MVP,60,20240610,150000,7.12,7.12,7.12,7.12,1084,0
MVP,60,20240610,160000,7.1,7.1,7.06,7.06,474,0
MVP,60,20240610,170000,7.06,7.06,7,7.06,20231,0
MVP,60,20240611,100000,7.08,7.14,6.98,7,2745,0
MVP,60,20240611,110000,7,7,6.98,7,239,0
MVP,60,20240611,120000,7,7.02,6.94,6.94,4219,0
MVP,60,20240611,130000,6.96,6.96,6.92,6.96,2704,0
MVP,60,20240611,140000,6.96,6.96,6.92,6.94,2644,0
MVP,60,20240611,150000,6.94,6.96,6.92,6.96,2699,0
MVP,60,20240611,160000,6.96,6.98,6.94,6.98,2590,0
MVP,60,20240611,170000,6.96,6.98,6.9,6.9,3578,0
MVP,60,20240612,100000,7,7,6.96,6.96,1291,0
MVP,60,20240612,110000,6.92,6.92,6.84,6.86,7673,0
MVP,60,20240612,120000,6.9,6.9,6.86,6.86,606,0
MVP,60,20240612,130000,6.86,6.88,6.86,6.88,759,0
MVP,60,20240612,140000,6.88,6.88,6.86,6.88,758,0
MVP,60,20240612,150000,6.88,6.88,6.86,6.86,1318,0
MVP,60,20240612,160000,6.86,6.88,6.84,6.88,14450,0
MVP,60,20240612,170000,6.82,6.86,6.8,6.82,2688,0
MVP,60,20240613,100000,6.88,6.88,6.82,6.84,980,0
MVP,60,20240613,110000,6.84,6.84,6.8,6.8,11479,0
MVP,60,20240613,120000,6.84,6.84,6.84,6.84,175,0
MVP,60,20240613,130000,6.84,6.84,6.8,6.84,277,0
MVP,60,20240613,140000,6.84,6.84,6.84,6.84,50,0
MVP,60,20240613,150000,6.82,6.82,6.8,6.82,298,0
MVP,60,20240613,160000,6.8,6.82,6.78,6.82,2791,0
MVP,60,20240613,170000,6.82,6.82,6.76,6.76,5,0
MVP,60,20240614,100000,6.74,6.84,6.68,6.68,12621,0
MVP,60,20240614,110000,6.72,6.72,6.68,6.7,687,0
MVP,60,20240614,120000,6.68,6.72,6.66,6.7,3356,0
MVP,60,20240614,130000,6.7,6.7,6.66,6.66,1567,0
MVP,60,20240614,140000,6.68,6.7,6.66,6.7,4068,0
MVP,60,20240614,150000,6.7,6.72,6.68,6.68,4480,0
MVP,60,20240614,160000,6.66,6.72,6.66,6.68,561,0
MVP,60,20240614,170000,6.7,6.7,6.66,6.7,627,0
MVP,60,20240617,100000,6.68,6.8,6.68,6.8,900,0
MVP,60,20240617,110000,6.8,6.8,6.7,6.8,1752,0
MVP,60,20240617,120000,6.7,6.78,6.7,6.78,649,0
MVP,60,20240617,130000,6.78,6.78,6.78,6.78,15,0
MVP,60,20240617,140000,6.78,6.8,6.68,6.68,967,0
MVP,60,20240617,150000,6.8,6.8,6.7,6.8,235,0
MVP,60,20240617,160000,6.8,6.8,6.76,6.76,58,0
MVP,60,20240617,170000,6.8,6.8,6.7,6.7,1542,0
MVP,60,20240618,100000,6.72,6.88,6.72,6.78,1378,0
MVP,60,20240618,110000,6.76,6.76,6.74,6.74,1211,0
MVP,60,20240618,120000,6.74,6.74,6.66,6.7,3331,0
MVP,60,20240618,130000,6.7,6.7,6.7,6.7,1850,0
MVP,60,20240618,140000,6.66,6.7,6.66,6.68,1822,0
MVP,60,20240618,150000,6.7,6.7,6.7,6.7,1537,0
MVP,60,20240618,160000,6.74,6.76,6.7,6.7,1538,0
MVP,60,20240618,170000,6.76,6.76,6.7,6.7,259,0
MVP,60,20240619,100000,6.7,6.72,6.7,6.72,1964,0
MVP,60,20240619,110000,6.72,6.88,6.72,6.82,1337,0
MVP,60,20240619,120000,6.78,6.8,6.7,6.8,342,0
MVP,60,20240619,130000,6.8,6.8,6.72,6.8,199,0
MVP,60,20240619,140000,6.72,6.72,6.72,6.72,20,0
MVP,60,20240619,150000,6.8,6.82,6.76,6.82,752,0
MVP,60,20240619,160000,6.74,6.82,6.74,6.74,4644,0
MVP,60,20240619,170000,6.76,6.88,6.76,6.78,224,0
MVP,60,20240620,100000,6.8,6.96,6.8,6.94,1339,0
MVP,60,20240620,110000,6.94,7,6.86,7,1057,0
MVP,60,20240620,120000,6.98,6.98,6.98,6.98,110,0
MVP,60,20240620,130000,6.98,6.98,6.88,6.98,480,0
MVP,60,20240620,140000,6.94,6.94,6.94,6.94,54,0
MVP,60,20240620,150000,6.94,6.94,6.9,6.94,309,0
MVP,60,20240620,160000,6.94,6.94,6.88,6.88,467,0
MVP,60,20240620,170000,6.88,6.94,6.86,6.86,602,0
MVP,60,20240621,100000,6.88,6.96,6.88,6.96,622,0
MVP,60,20240621,110000,6.98,7.1,6.98,7,1896,0
MVP,60,20240621,120000,7,7.14,6.96,7.14,1969,0
MVP,60,20240621,130000,7.16,7.18,7,7.16,824,0
MVP,60,20240621,140000,7.16,7.2,7.16,7.2,10785,0
MVP,60,20240621,150000,7.2,7.2,7.16,7.16,1796,0
MVP,60,20240621,160000,7.06,7.06,6.98,7,2124,0
MVP,60,20240621,170000,7.14,7.16,7.14,7.14,342,0
MVP,60,20240624,100000,7.14,7.14,6.8,6.98,6105,0
MVP,60,20240624,110000,6.98,7.1,6.96,7.1,826,0
MVP,60,20240624,120000,7.1,7.1,7.1,7.1,155,0
MVP,60,20240624,130000,7.1,7.1,7.1,7.1,5,0
MVP,60,20240624,140000,7.06,7.1,7.02,7.1,652,0
MVP,60,20240624,150000,7.08,7.08,7.08,7.08,5,0
MVP,60,20240624,160000,7.1,7.12,7.1,7.12,51,0
MVP,60,20240624,170000,7.08,7.12,7,7.12,904,0
MVP,60,20240625,100000,7.16,7.16,6.9,7.1,2406,0
MVP,60,20240625,110000,7.1,7.1,7.02,7.06,710,0
MVP,60,20240625,120000,7.06,7.12,7.02,7.12,637,0
MVP,60,20240625,130000,7.12,7.12,7.02,7.1,412,0
MVP,60,20240625,140000,7.1,7.1,7.1,7.1,3,0
MVP,60,20240625,160000,7.12,7.12,7.02,7.02,326,0
MVP,60,20240625,170000,7.02,7.16,7.02,7.16,1095,0
MVP,60,20240626,100000,7.1,7.1,7.02,7.02,166,0
MVP,60,20240626,110000,7.02,7.16,7.02,7.14,77,0
MVP,60,20240626,120000,7.14,7.2,7.14,7.18,1106,0
MVP,60,20240626,130000,7.08,7.08,7.08,7.08,5,0
MVP,60,20240626,140000,7.18,7.2,7.18,7.2,2027,0
MVP,60,20240626,150000,7.2,7.2,7.1,7.18,24,0
MVP,60,20240626,160000,7.18,7.18,7.18,7.18,64,0
MVP,60,20240626,170000,7.18,7.18,7.06,7.06,73,0
MVP,60,20240627,100000,7.18,7.18,7.08,7.18,294,0
MVP,60,20240627,120000,7.16,7.16,7.1,7.14,439,0
MVP,60,20240627,130000,7.14,7.14,7.14,7.14,60,0
MVP,60,20240627,140000,7.08,7.14,7.08,7.14,432,0
MVP,60,20240627,150000,7.14,7.16,7.14,7.16,160,0
MVP,60,20240627,160000,7.16,7.16,7.16,7.16,50,0
MVP,60,20240627,170000,7.06,7.1,7.06,7.1,112,0
MVP,60,20240628,100000,7.04,7.12,7.02,7.12,1502,0
MVP,60,20240628,110000,7.1,7.12,7.1,7.12,1750,0
MVP,60,20240628,120000,7.02,7.12,7.02,7.12,72,0
MVP,60,20240628,130000,7.1,7.1,7.1,7.1,393,0
MVP,60,20240628,140000,7.12,7.12,7.12,7.12,16,0
MVP,60,20240628,150000,7.12,7.12,7.08,7.08,252,0
MVP,60,20240628,160000,7.12,7.12,7.06,7.08,471,0
MVP,60,20240628,170000,7.06,7.08,7.04,7.04,48,0
MVP,60,20240701,100000,7,7.14,7,7.12,3687,0
MVP,60,20240701,110000,7.06,7.06,7.02,7.02,173,0
MVP,60,20240701,120000,7.08,7.1,7,7.1,1571,0
MVP,60,20240701,130000,7,7.06,6.96,7.06,2642,0
MVP,60,20240701,140000,7.06,7.06,7.06,7.06,17,0
MVP,60,20240701,150000,7.06,7.06,7.06,7.06,210,0
MVP,60,20240701,160000,7.06,7.06,7.06,7.06,28,0
MVP,60,20240701,170000,7.06,7.08,7.04,7.08,1058,0
MVP,60,20240702,100000,7.08,7.08,7.02,7.02,737,0
MVP,60,20240702,110000,7.08,7.1,7,7,2034,0
MVP,60,20240702,120000,7,7,6.96,6.96,1704,0
MVP,60,20240702,130000,6.98,7,6.94,7,87,0
MVP,60,20240702,150000,7,7,6.96,6.96,5995,0
MVP,60,20240702,160000,6.96,6.96,6.96,6.96,303,0
MVP,60,20240702,170000,6.96,7.08,6.96,7.08,23,0
MVP,60,20240703,100000,6.96,7.08,6.96,7.08,839,0
MVP,60,20240703,110000,7.08,7.12,7.08,7.12,1851,0
MVP,60,20240703,120000,7.12,7.12,6.96,6.96,853,0
MVP,60,20240703,130000,7.06,7.06,6.94,6.96,1262,0
MVP,60,20240703,140000,6.94,7.06,6.92,7.06,8844,0
MVP,60,20240703,150000,6.96,7.08,6.94,7.08,777,0
MVP,60,20240703,160000,7.08,7.08,7.08,7.08,15,0
MVP,60,20240703,170000,6.98,7,6.98,6.98,52,0
MVP,60,20240704,100000,7.08,7.1,7.02,7.06,1691,0
MVP,60,20240704,110000,7.06,7.08,7.02,7.08,385,0
MVP,60,20240704,120000,7.08,7.1,7.08,7.1,476,0
MVP,60,20240704,140000,7.08,7.08,7.08,7.08,10,0
MVP,60,20240704,150000,7.06,7.06,7.06,7.06,140,0
MVP,60,20240704,160000,7.06,7.06,7.04,7.06,288,0
MVP,60,20240704,170000,7.04,7.04,7.04,7.04,723,0
MVP,60,20240705,100000,7.08,7.08,7.04,7.08,846,0
MVP,60,20240705,110000,7.04,7.1,7.04,7.06,1181,0
MVP,60,20240705,120000,7.08,7.08,7.02,7.02,200,0
MVP,60,20240705,130000,7.08,7.08,7.02,7.02,129,0
MVP,60,20240705,140000,7.02,7.06,7.02,7.02,751,0
MVP,60,20240705,150000,7.02,7.02,7.02,7.02,142,0
MVP,60,20240705,160000,7.02,7.04,7.02,7.04,122,0
MVP,60,20240705,170000,7.04,7.04,7.02,7.04,671,0
MVP,60,20240708,100000,7.04,7.04,6.94,7,1082,0
MVP,60,20240708,110000,7,7,6.98,6.98,1520,0
MVP,60,20240708,120000,7,7,6.98,7,1460,0
MVP,60,20240708,130000,6.98,7,6.98,7,47,0
MVP,60,20240708,140000,7,7.04,7,7.04,2374,0
MVP,60,20240708,150000,7.04,7.06,7,7.06,382,0
MVP,60,20240708,160000,7.08,7.1,7.08,7.1,2144,0
MVP,60,20240708,170000,7.08,7.08,7.08,7.08,3,0
MVP,60,20240709,100000,7.08,7.08,7.02,7.08,1455,0
MVP,60,20240709,110000,7.08,7.08,7.08,7.08,257,0
MVP,60,20240709,120000,7.08,7.1,7.02,7.1,855,0
MVP,60,20240709,130000,7.1,7.1,7.1,7.1,205,0
MVP,60,20240709,140000,7.08,7.14,7.08,7.1,1575,0
MVP,60,20240709,150000,7.12,7.12,7.12,7.12,42,0
MVP,60,20240709,160000,7.12,7.36,7.04,7.2,18821,0
MVP,60,20240709,170000,7.2,7.34,7.14,7.14,7199,0
MVP,60,20240710,100000,7.22,7.32,7.18,7.28,9021,0
MVP,60,20240710,110000,7.24,7.3,7.2,7.3,1235,0
MVP,60,20240710,120000,7.26,7.26,7.26,7.26,1388,0
MVP,60,20240710,130000,7.26,7.3,7.2,7.28,1774,0
MVP,60,20240710,140000,7.22,7.22,7.22,7.22,100,0
MVP,60,20240710,150000,7.22,7.22,7.22,7.22,116,0
MVP,60,20240710,160000,7.22,7.3,7.22,7.3,630,0
MVP,60,20240710,170000,7.3,7.3,7.2,7.2,302,0
MVP,60,20240711,100000,7.22,7.28,7.22,7.28,2405,0
MVP,60,20240711,110000,7.28,7.28,7.28,7.28,1539,0
MVP,60,20240711,120000,7.28,7.3,7.26,7.28,702,0
MVP,60,20240711,130000,7.26,7.3,7.22,7.3,536,0
MVP,60,20240711,140000,7.3,7.34,7.3,7.34,1492,0
MVP,60,20240711,150000,7.34,7.34,7.28,7.28,302,0
MVP,60,20240711,160000,7.3,7.34,7.28,7.3,1396,0
MVP,60,20240711,170000,7.3,7.3,7.3,7.3,33,0
MVP,60,20240712,100000,7.3,7.3,7.28,7.3,1182,0
MVP,60,20240712,110000,7.3,7.34,7.3,7.34,658,0
MVP,60,20240712,120000,7.3,7.36,7.3,7.36,1027,0
MVP,60,20240712,130000,7.36,7.38,7.28,7.36,2227,0
MVP,60,20240712,140000,7.38,7.38,7.36,7.36,460,0
MVP,60,20240712,150000,7.38,7.38,7.34,7.34,1041,0
MVP,60,20240712,160000,7.3,7.3,7.3,7.3,66,0
MVP,60,20240712,170000,7.3,7.3,7.3,7.3,250,0
MVP,60,20240715,100000,7.34,7.38,7.3,7.38,557,0
MVP,60,20240715,110000,7.3,7.38,7.3,7.38,47,0
MVP,60,20240715,120000,7.38,7.38,7.38,7.38,46,0
MVP,60,20240715,130000,7.34,7.38,7.3,7.3,815,0
MVP,60,20240715,140000,7.38,7.38,7.36,7.36,360,0
MVP,60,20240715,160000,7.36,7.38,7.32,7.34,844,0
MVP,60,20240715,170000,7.34,7.38,7.34,7.38,451,0
MVP,60,20240716,100000,7.38,7.48,7.38,7.38,4800,0
MVP,60,20240716,110000,7.38,7.38,7.12,7.12,5023,0
MVP,60,20240716,120000,7.3,7.3,7.16,7.16,251,0
MVP,60,20240716,130000,7.16,7.16,7.16,7.16,794,0
MVP,60,20240716,140000,7.14,7.22,7.14,7.16,1469,0
MVP,60,20240716,150000,7.18,7.28,7.18,7.28,494,0
MVP,60,20240716,160000,7.28,7.28,7.18,7.28,212,0
MVP,60,20240716,170000,7.28,7.28,7.28,7.28,5,0
MVP,60,20240717,100000,7.28,7.28,7.28,7.28,2,0
MVP,60,20240717,110000,7.22,7.22,7.2,7.2,1100,0
MVP,60,20240717,120000,7.2,7.32,7.18,7.32,232,0
MVP,60,20240717,130000,7.32,7.32,7.32,7.32,100,0
MVP,60,20240717,140000,7.28,7.28,7.28,7.28,32,0
MVP,60,20240717,150000,7.18,7.28,7.12,7.12,1131,0
MVP,60,20240717,170000,7.26,7.26,7.2,7.2,64,0
MVP,60,20240718,100000,7.2,7.28,7.2,7.26,497,0
MVP,60,20240718,110000,7.26,7.28,7.26,7.28,960,0
MVP,60,20240718,120000,7.24,7.28,7.24,7.28,510,0
MVP,60,20240718,130000,7.28,7.28,7.24,7.24,138,0
MVP,60,20240718,140000,7.24,7.24,7.12,7.12,746,0
MVP,60,20240718,150000,7.24,7.24,7.12,7.24,1323,0
MVP,60,20240718,160000,7.24,7.28,7.24,7.28,186,0
MVP,60,20240718,170000,7.28,7.28,7.24,7.24,173,0
MVP,60,20240719,100000,7.16,7.2,7.14,7.2,510,0
MVP,60,20240719,110000,7.18,7.2,7.1,7.1,506,0
MVP,60,20240719,120000,7.2,7.2,7.2,7.2,718,0
MVP,60,20240719,130000,7.2,7.24,7.2,7.24,852,0
MVP,60,20240719,140000,7.24,7.24,7.24,7.24,61,0
MVP,60,20240719,150000,7.28,7.34,7.28,7.34,2427,0
MVP,60,20240719,160000,7.34,7.34,7.34,7.34,400,0
MVP,60,20240719,170000,7.34,7.36,7.1,7.34,7420,0
MVP,60,20240722,100000,7.3,7.3,7.3,7.3,181,0
MVP,60,20240722,110000,7.18,7.3,7.18,7.3,43,0
MVP,60,20240722,120000,7.22,7.22,7.2,7.2,1146,0
MVP,60,20240722,140000,7.2,7.2,7.2,7.2,313,0
MVP,60,20240722,150000,7.28,7.28,7.2,7.2,819,0
MVP,60,20240722,160000,7.2,7.3,7.16,7.16,1073,0
MVP,60,20240722,170000,7.16,7.26,7.16,7.26,513,0
MVP,60,20240723,100000,7.24,7.26,7.14,7.14,2234,0
MVP,60,20240723,110000,7.16,7.16,7.14,7.14,169,0
MVP,60,20240723,140000,7.26,7.26,7.26,7.26,13,0
MVP,60,20240723,150000,7.16,7.26,7.16,7.26,114,0
MVP,60,20240723,160000,7.18,7.24,7.12,7.24,5019,0
MVP,60,20240723,170000,7.12,7.24,7.12,7.24,124,0
MVP,60,20240724,100000,7.24,7.24,7.1,7.1,1500,0
MVP,60,20240724,110000,7.22,7.22,7.22,7.22,55,0
MVP,60,20240724,120000,7.1,7.22,7.04,7.2,3356,0
MVP,60,20240724,130000,7.2,7.2,7.2,7.2,135,0
MVP,60,20240724,140000,7.18,7.2,7.06,7.08,109,0
MVP,60,20240724,150000,7.12,7.2,7.12,7.2,96,0
MVP,60,20240724,160000,7.18,7.2,7.12,7.2,1294,0
MVP,60,20240724,170000,7.12,7.16,7.12,7.16,189,0
MVP,60,20240725,100000,7.08,7.08,7.04,7.06,559,0
MVP,60,20240725,110000,7.06,7.06,6.86,6.98,8752,0
MVP,60,20240725,120000,7,7,6.92,6.92,1752,0
MVP,60,20240725,130000,6.98,7,6.98,7,935,0
MVP,60,20240725,140000,7,7,6.96,7,530,0
MVP,60,20240725,150000,6.96,7,6.96,7,10,0
MVP,60,20240725,160000,7,7.04,6.96,7,516,0
MVP,60,20240725,170000,7.04,7.04,7,7.04,448,0
MVP,60,20240726,100000,7.04,7.08,7.04,7.08,348,0
MVP,60,20240726,110000,7.08,7.1,7,7.1,915,0
MVP,60,20240726,120000,7.1,7.12,7.1,7.12,162,0
MVP,60,20240726,130000,7.12,7.12,7.12,7.12,5,0
MVP,60,20240726,140000,7.02,7.02,7.02,7.02,100,0
MVP,60,20240726,160000,7.1,7.1,7.1,7.1,14,0
MVP,60,20240726,170000,7.02,7.1,6.9,6.9,6035,0
MVP,60,20240729,100000,7,7,6.9,6.9,1440,0
MVP,60,20240729,110000,6.98,6.98,6.98,6.98,112,0
MVP,60,20240729,120000,6.92,6.96,6.92,6.96,281,0
MVP,60,20240729,130000,6.98,6.98,6.98,6.98,491,0
MVP,60,20240729,140000,7,7,7,7,150,0
MVP,60,20240729,150000,7,7,7,7,99,0
MVP,60,20240729,160000,7,7,6.98,6.98,21,0
MVP,60,20240729,170000,6.98,6.98,6.92,6.92,805,0
MVP,60,20240730,100000,6.92,7,6.92,7,2308,0
MVP,60,20240730,110000,6.96,6.96,6.96,6.96,243,0
MVP,60,20240730,130000,6.94,7,6.94,7,89,0
MVP,60,20240730,160000,7,7,6.94,6.94,547,0
MVP,60,20240730,170000,7.04,7.06,7.04,7.06,499,0
MVP,60,20240731,100000,6.94,7,6.94,7,16,0
MVP,60,20240731,110000,7,7,6.96,7,3095,0
MVP,60,20240731,120000,7.06,7.08,7.06,7.08,122,0
MVP,60,20240731,130000,7.06,7.12,7.06,7.12,1688,0
MVP,60,20240731,140000,7.14,7.18,7.14,7.14,535,0
MVP,60,20240731,150000,7.14,7.18,7.14,7.18,38,0
MVP,60,20240731,160000,7.14,7.14,7.12,7.14,53,0
MVP,60,20240731,170000,7.14,7.2,7.14,7.2,2538,0
MVP,60,20240801,100000,7.16,7.2,7.16,7.16,508,0
MVP,60,20240801,110000,7.16,7.22,7.16,7.2,2839,0
MVP,60,20240801,120000,7.16,7.2,7.16,7.2,470,0
MVP,60,20240801,130000,7.2,7.22,7.16,7.16,1055,0
MVP,60,20240801,140000,7.16,7.16,7.16,7.16,20,0
MVP,60,20240801,150000,7.22,7.24,7.18,7.18,718,0
MVP,60,20240801,170000,7.18,7.24,7.18,7.24,19,0
MVP,60,20240802,100000,7.2,7.2,7.1,7.2,2024,0
MVP,60,20240802,110000,7.1,7.14,7.1,7.14,523,0
MVP,60,20240802,120000,7.1,7.1,7.1,7.1,420,0
MVP,60,20240802,130000,7.12,7.14,7.1,7.14,484,0
MVP,60,20240802,140000,7.12,7.14,7.12,7.14,631,0
MVP,60,20240802,150000,7.12,7.12,7.12,7.12,300,0
MVP,60,20240802,160000,7.12,7.12,7.12,7.12,27,0
MVP,60,20240802,170000,7.1,7.1,7.1,7.1,504,0
MVP,60,20240805,100000,6.8,6.98,6.52,6.9,15530,0
MVP,60,20240805,110000,6.66,6.88,6.6,6.88,2620,0
MVP,60,20240805,120000,6.64,6.86,6.64,6.8,2274,0
MVP,60,20240805,130000,6.7,6.7,6.64,6.68,2929,0
MVP,60,20240805,140000,6.66,6.8,6.64,6.8,1820,0
MVP,60,20240805,150000,6.78,6.78,6.6,6.76,5643,0
MVP,60,20240805,160000,6.76,6.76,6.52,6.76,3487,0
MVP,60,20240805,170000,6.76,6.76,6.76,6.76,6,0
MVP,60,20240806,100000,6.62,6.78,6.58,6.72,7130,0
MVP,60,20240806,110000,6.72,6.72,6.72,6.72,783,0
MVP,60,20240806,120000,6.68,6.68,6.66,6.66,1500,0
MVP,60,20240806,130000,6.72,6.78,6.72,6.78,956,0
MVP,60,20240806,140000,6.66,6.66,6.66,6.66,266,0
MVP,60,20240806,150000,6.76,6.76,6.76,6.76,10,0
MVP,60,20240806,160000,6.7,6.74,6.54,6.74,2315,0
MVP,60,20240806,170000,6.74,6.76,6.74,6.76,368,0
MVP,60,20240807,100000,6.76,6.8,6.76,6.8,5831,0
MVP,60,20240807,110000,6.84,6.9,6.84,6.9,1089,0
MVP,60,20240807,120000,6.9,6.9,6.9,6.9,10,0
MVP,60,20240807,130000,6.9,6.9,6.9,6.9,61,0
MVP,60,20240807,150000,6.9,6.9,6.9,6.9,91,0
MVP,60,20240807,160000,6.82,6.82,6.82,6.82,570,0
MVP,60,20240808,100000,6.82,6.82,6.82,6.82,932,0
MVP,60,20240808,110000,6.82,6.82,6.7,6.7,2690,0
MVP,60,20240808,120000,6.7,6.72,6.7,6.72,2803,0
MVP,60,20240808,130000,6.72,6.72,6.7,6.7,272,0
MVP,60,20240808,140000,6.72,6.9,6.72,6.9,269,0
MVP,60,20240808,160000,6.9,6.9,6.9,6.9,300,0
MVP,60,20240808,170000,6.9,6.9,6.9,6.9,17,0
MVP,60,20240809,100000,6.74,6.9,6.74,6.78,647,0
MVP,60,20240809,110000,6.84,6.84,6.78,6.8,215,0
MVP,60,20240809,120000,6.8,6.84,6.8,6.84,201,0
MVP,60,20240809,130000,6.78,6.78,6.78,6.78,13,0
MVP,60,20240809,140000,6.84,6.84,6.84,6.84,2,0
MVP,60,20240809,150000,6.84,6.84,6.84,6.84,5,0
MVP,60,20240809,160000,6.84,6.9,6.84,6.9,454,0
MVP,60,20240809,170000,6.9,7,6.9,7,372,0
MVP,60,20240812,100000,7.1,7.14,6.86,7.14,761,0
MVP,60,20240812,120000,6.92,6.92,6.92,6.92,720,0
MVP,60,20240812,130000,7,7,6.94,6.94,986,0
MVP,60,20240812,140000,7,7.1,7,7.1,44,0
MVP,60,20240812,150000,7.08,7.08,7.08,7.08,11,0
MVP,60,20240812,160000,7.08,7.08,7.08,7.08,2,0
MVP,60,20240812,170000,7.08,7.08,7.04,7.06,778,0
MVP,60,20240813,100000,7.1,7.1,6.96,6.96,194,0
MVP,60,20240813,110000,6.94,6.94,6.9,6.9,1033,0
MVP,60,20240813,120000,6.9,6.96,6.9,6.96,3425,0
MVP,60,20240813,130000,7.06,7.06,7,7.06,173,0
MVP,60,20240813,150000,7,7.1,6.92,7.06,3279,0
MVP,60,20240813,160000,7.06,7.06,6.92,6.92,42,0
MVP,60,20240813,170000,7.02,7.02,7.02,7.02,9,0
MVP,60,20240814,100000,7.08,7.08,7.08,7.08,613,0
MVP,60,20240814,110000,7.06,7.08,6.86,7,2073,0
MVP,60,20240814,120000,7.02,7.02,6.96,6.96,250,0
MVP,60,20240814,130000,7.04,7.04,7.04,7.04,72,0
MVP,60,20240814,140000,7.04,7.04,7.04,7.04,50,0
MVP,60,20240814,150000,7,7.08,7,7.08,325,0
MVP,60,20240814,160000,7.06,7.06,7,7,3070,0
MVP,60,20240814,170000,7.08,7.08,7.08,7.08,30,0
MVP,60,20240816,100000,6.94,6.94,6.92,6.92,150,0
MVP,60,20240816,110000,7,7,6.9,6.9,407,0
MVP,60,20240816,120000,6.92,6.92,6.92,6.92,875,0
MVP,60,20240816,130000,7.04,7.04,6.92,7.04,238,0
MVP,60,20240816,140000,6.92,7.08,6.92,7.08,545,0
MVP,60,20240816,150000,7.04,7.04,7.02,7.02,549,0
MVP,60,20240816,160000,6.96,6.96,6.96,6.96,120,0
MVP,60,20240816,170000,6.96,7,6.94,7,202,0
MVP,60,20240819,100000,6.9,6.9,6.9,6.9,290,0
MVP,60,20240819,110000,6.9,6.9,6.9,6.9,20,0
MVP,60,20240819,120000,6.9,6.98,6.9,6.98,1221,0
MVP,60,20240819,130000,6.96,6.96,6.92,6.92,85,0
MVP,60,20240819,140000,6.92,6.96,6.9,6.9,173,0
MVP,60,20240819,150000,6.9,6.96,6.9,6.9,400,0
MVP,60,20240819,160000,6.96,6.96,6.9,6.9,219,0
MVP,60,20240819,170000,6.9,6.96,6.86,6.96,673,0
MVP,60,20240820,100000,6.94,7,6.92,6.96,2231,0
MVP,60,20240820,110000,7,7,6.92,6.92,620,0
MVP,60,20240820,120000,7,7,7,7,19,0
MVP,60,20240820,130000,6.96,6.96,6.92,6.92,12,0
MVP,60,20240820,150000,6.92,6.92,6.92,6.92,243,0
MVP,60,20240821,100000,6.94,7.02,6.94,6.96,1831,0
MVP,60,20240821,110000,7,7,7,7,57,0
MVP,60,20240821,120000,7,7,7,7,639,0
MVP,60,20240821,130000,6.96,6.96,6.96,6.96,30,0
MVP,60,20240821,140000,6.98,6.98,6.98,6.98,40,0
MVP,60,20240821,160000,7.04,7.04,6.98,6.98,926,0
MVP,60,20240821,170000,7.04,7.06,7.04,7.06,1402,0
MVP,60,20240822,100000,6.96,6.96,6.96,6.96,147,0
MVP,60,20240822,110000,7.06,7.08,7.06,7.08,763,0
MVP,60,20240822,120000,7.08,7.1,7.06,7.06,895,0
MVP,60,20240822,140000,7.06,7.06,7.06,7.06,40,0
MVP,60,20240822,150000,7.1,7.12,7.1,7.12,412,0
MVP,60,20240822,160000,7.12,7.14,7.1,7.1,1202,0
MVP,60,20240822,170000,7.14,7.14,7.1,7.1,1783,0
MVP,60,20240823,100000,7.1,7.1,7,7,580,0
MVP,60,20240823,110000,7,7.1,7,7.1,28,0
MVP,60,20240823,120000,7,7,6.98,6.98,422,0
MVP,60,20240823,130000,7.06,7.06,6.98,6.98,335,0
MVP,60,20240823,140000,6.98,7.08,6.96,7.08,499,0
MVP,60,20240823,160000,7,7,7,7,8,0
MVP,60,20240823,170000,7,7.1,7,7.1,5025,0
MVP,60,20240826,100000,7.16,7.16,6.96,7.1,626,0
MVP,60,20240826,110000,7,7.1,6.96,7.1,549,0
MVP,60,20240826,120000,6.96,6.96,6.96,6.96,133,0
MVP,60,20240826,130000,6.96,7.04,6.92,7.04,1428,0
MVP,60,20240826,140000,6.92,6.92,6.92,6.92,28,0
MVP,60,20240826,150000,6.92,6.92,6.9,6.9,331,0
MVP,60,20240826,160000,7.04,7.04,6.9,6.9,130,0
MVP,60,20240826,170000,7.02,7.04,7.02,7.04,4044,0
MVP,60,20240827,100000,6.92,7,6.92,7,405,0
MVP,60,20240827,110000,7,7,6.94,6.94,900,0
MVP,60,20240827,130000,6.94,6.94,6.94,6.94,330,0
MVP,60,20240827,150000,6.94,6.94,6.94,6.94,200,0
MVP,60,20240827,170000,6.94,6.96,6.94,6.96,980,0
MVP,60,20240828,100000,6.98,6.98,6.98,6.98,920,0
MVP,60,20240828,120000,6.96,6.96,6.96,6.96,30,0
MVP,60,20240828,130000,7,7,7,7,50,0
MVP,60,20240828,140000,6.96,6.96,6.96,6.96,320,0
MVP,60,20240828,150000,6.96,6.96,6.96,6.96,395,0
MVP,60,20240828,160000,6.96,6.96,6.96,6.96,30,0
MVP,60,20240828,170000,7,7.06,7,7.06,43,0
MVP,60,20240829,100000,6.96,7.08,6.96,7.08,882,0
MVP,60,20240829,110000,7.1,7.14,7,7,3216,0
MVP,60,20240829,120000,7.04,7.04,7.04,7.04,121,0
MVP,60,20240829,130000,7.12,7.12,7.08,7.1,608,0
MVP,60,20240829,140000,7.1,7.1,7.08,7.1,654,0
MVP,60,20240829,150000,7.12,7.14,7.1,7.14,542,0
MVP,60,20240829,160000,7.14,7.2,7.14,7.2,2076,0
MVP,60,20240829,170000,7.22,7.22,7.1,7.2,2072,0
MVP,60,20240830,100000,7.2,7.2,7.1,7.1,5813,0
MVP,60,20240830,110000,7.1,7.1,7.1,7.1,4690,0
MVP,60,20240830,120000,7.1,7.1,7.1,7.1,239,0
MVP,60,20240830,130000,7.18,7.18,7.18,7.18,430,0
MVP,60,20240830,140000,7.18,7.48,7.18,7.42,16720,0
MVP,60,20240830,150000,7.38,7.38,7.38,7.38,791,0
MVP,60,20240830,160000,7.38,7.38,7.38,7.38,150,0
MVP,60,20240830,170000,7.24,7.36,7.2,7.36,1666,0
MVP,60,20240902,100000,7.36,7.36,7.22,7.22,585,0
MVP,60,20240902,110000,7.22,7.22,7.2,7.2,1183,0
MVP,60,20240902,120000,7.16,7.2,7.14,7.2,910,0
MVP,60,20240902,130000,7.2,7.2,7.2,7.2,2300,0
MVP,60,20240902,140000,7.16,7.2,7.16,7.2,391,0
MVP,60,20240902,150000,7.2,7.2,7.2,7.2,4271,0
MVP,60,20240902,160000,7.2,7.24,7.16,7.24,2661,0
MVP,60,20240902,170000,7.24,7.24,7.24,7.24,11340,0
MVP,60,20240903,100000,7.24,7.26,7.24,7.26,3128,0
MVP,60,20240903,110000,7.24,7.26,7.24,7.26,620,0
MVP,60,20240903,120000,7.26,7.3,7.2,7.3,1828,0
MVP,60,20240903,130000,7.3,7.3,7.3,7.3,46,0
MVP,60,20240903,140000,7.32,7.36,7.3,7.3,1031,0
MVP,60,20240903,150000,7.3,7.3,7.3,7.3,71,0
MVP,60,20240903,160000,7.26,7.3,7.26,7.26,197,0
MVP,60,20240903,170000,7.26,7.3,7.26,7.3,2062,0
MVP,60,20240904,100000,7.28,7.28,7.2,7.2,1594,0
MVP,60,20240904,110000,7.2,7.2,7.06,7.16,2992,0
MVP,60,20240904,120000,7.18,7.2,7.18,7.2,989,0
MVP,60,20240904,130000,7.2,7.2,7.06,7.06,4298,0
MVP,60,20240904,140000,7.2,7.2,7.2,7.2,7,0
MVP,60,20240904,150000,7.1,7.18,7.02,7.02,10600,0
MVP,60,20240904,160000,7.1,7.1,7.1,7.1,25,0
MVP,60,20240904,170000,7.1,7.18,6.98,7.18,679,0
MVP,60,20240905,100000,7.18,7.18,7.02,7.18,352,0
MVP,60,20240905,110000,7.18,7.2,7.18,7.2,367,0
MVP,60,20240905,120000,7.2,7.2,7.06,7.1,1236,0
MVP,60,20240905,130000,7.04,7.18,7.02,7.18,948,0
MVP,60,20240905,150000,7.1,7.1,7.1,7.1,11,0
MVP,60,20240905,160000,7.16,7.18,7.16,7.18,450,0
MVP,60,20240906,100000,7.18,7.18,7.18,7.18,696,0
MVP,60,20240906,110000,7.1,7.1,7.1,7.1,340,0
MVP,60,20240906,120000,7.1,7.1,7.1,7.1,89,0
MVP,60,20240906,130000,7.1,7.16,7.1,7.16,218,0
MVP,60,20240906,140000,7.16,7.16,7.16,7.16,122,0
MVP,60,20240906,160000,7.1,7.16,7.1,7.16,1064,0
MVP,60,20240906,170000,7.1,7.1,7,7,2000,0
MVP,60,20240909,100000,7.16,7.24,7.16,7.24,5203,0
MVP,60,20240909,110000,7.26,7.26,7.26,7.26,5,0
MVP,60,20240909,120000,7.26,7.28,7.12,7.26,1903,0
MVP,60,20240909,130000,7.22,7.22,7.1,7.18,1260,0
MVP,60,20240909,140000,7.2,7.2,7.1,7.18,2005,0
MVP,60,20240909,150000,7.18,7.2,7.08,7.2,1673,0
MVP,60,20240909,160000,7.18,7.22,7.08,7.08,1124,0
MVP,60,20240909,170000,7.08,7.16,7.08,7.16,192,0
MVP,60,20240910,100000,7.24,7.24,7.2,7.2,197,0
MVP,60,20240910,110000,7.2,7.2,7.2,7.2,30,0
MVP,60,20240910,130000,7.08,7.2,7.08,7.2,74,0
MVP,60,20240910,140000,7.08,7.08,7.08,7.08,2,0
MVP,60,20240910,150000,7.08,7.2,7.08,7.2,195,0
MVP,60,20240910,160000,7.2,7.2,7.2,7.2,3,0
MVP,60,20240910,170000,7.08,7.2,7.08,7.2,188,0
MVP,60,20240911,100000,7.18,7.18,7.18,7.18,24,0
MVP,60,20240911,110000,7.1,7.16,7.06,7.06,846,0
MVP,60,20240911,120000,7.06,7.08,7,7,6259,0
MVP,60,20240911,130000,7.06,7.08,6.98,7.08,3015,0
MVP,60,20240911,140000,7.08,7.08,7,7,82,0
MVP,60,20240911,150000,7,7,7,7,547,0
MVP,60,20240911,160000,7.08,7.08,7.08,7.08,4,0
MVP,60,20240911,170000,7.08,7.1,6.96,7.1,1231,0
MVP,60,20240912,100000,7,7,6.96,6.98,993,0
MVP,60,20240912,110000,7,7,7,7,121,0
MVP,60,20240912,120000,7.08,7.1,7.08,7.1,1710,0
MVP,60,20240912,130000,7.12,7.12,7.1,7.1,256,0
MVP,60,20240912,140000,7.1,7.16,7.1,7.16,224,0
MVP,60,20240912,170000,7.1,7.16,7.1,7.16,87,0
MVP,60,20240913,100000,7.14,7.14,7.04,7.14,268,0
MVP,60,20240913,110000,7.12,7.12,7.04,7.04,270,0
MVP,60,20240913,120000,7.04,7.16,7.04,7.16,1604,0
MVP,60,20240913,170000,7.06,7.16,7,7.16,3004,0
MVP,60,20240916,100000,6.98,7.12,6.98,7,449,0
MVP,60,20240916,120000,7.04,7.04,7.04,7.04,10,0
MVP,60,20240916,130000,7,7,7,7,140,0
MVP,60,20240916,140000,7.02,7.04,7.02,7.04,185,0
MVP,60,20240916,150000,7.12,7.12,7.12,7.12,1,0
MVP,60,20240916,170000,7.04,7.04,6.98,6.98,1851,0
MVP,60,20240917,100000,6.98,7.16,6.98,7.16,362,0
MVP,60,20240917,130000,7,7,6.98,6.98,290,0
MVP,60,20240917,150000,7.1,7.1,7,7,62,0
MVP,60,20240917,160000,7.1,7.1,7,7.1,80,0
MVP,60,20240917,170000,7,7.1,6.96,7.1,549,0
MVP,60,20240918,100000,7,7.1,7,7.1,158,0
MVP,60,20240918,120000,7,7,7,7,2,0
MVP,60,20240918,130000,7,7.1,7,7.1,75,0
MVP,60,20240918,140000,7.1,7.1,7.1,7.1,500,0
MVP,60,20240918,150000,7.02,7.1,7.02,7.02,44,0
MVP,60,20240918,170000,7,7.08,7,7.08,338,0
MVP,60,20240919,100000,7.08,7.08,7.08,7.08,100,0
MVP,60,20240919,110000,7.04,7.12,7.02,7.12,1243,0
MVP,60,20240919,120000,7,7.12,6.98,7,2049,0
MVP,60,20240919,130000,7,7,6.98,6.98,134,0
MVP,60,20240919,140000,7,7.02,6.98,6.98,853,0
MVP,60,20240919,150000,7.02,7.02,6.9,6.94,3029,0
MVP,60,20240919,160000,6.94,6.96,6.9,6.96,1137,0
MVP,60,20240919,170000,7.02,7.08,6.9,7,303,0
MVP,60,20240920,100000,6.98,7,6.98,6.98,3247,0
MVP,60,20240920,110000,6.98,7,6.98,7,26,0
MVP,60,20240920,120000,7,7,6.98,6.98,325,0
MVP,60,20240920,130000,6.96,7.06,6.82,7.04,2869,0
MVP,60,20240920,140000,7.04,7.04,7.04,7.04,4,0
MVP,60,20240920,150000,7.04,7.04,6.98,7.02,445,0
MVP,60,20240920,160000,6.98,7.04,6.96,6.96,1056,0
MVP,60,20240920,170000,6.96,7.04,6.96,7.04,217,0
MVP,60,20240923,100000,7.06,7.06,6.96,7,189,0
MVP,60,20240923,110000,6.96,7.06,6.96,7.06,983,0
MVP,60,20240923,130000,7.06,7.06,7.06,7.06,3,0
MVP,60,20240923,170000,7.06,7.06,6.94,6.94,4839,0
MVP,60,20240924,100000,6.9,6.94,6.9,6.94,382,0
MVP,60,20240924,110000,6.92,6.94,6.92,6.94,432,0
MVP,60,20240924,120000,7.02,7.02,6.94,6.94,322,0
MVP,60,20240924,140000,6.94,7,6.94,7,350,0
MVP,60,20240924,150000,6.94,6.94,6.9,6.9,3000,0
MVP,60,20240924,170000,6.9,6.9,6.9,6.9,540,0
MVP,60,20240925,100000,6.9,6.9,6.88,6.88,440,0
MVP,60,20240925,110000,6.9,6.9,6.88,6.88,306,0
MVP,60,20240925,120000,6.92,6.94,6.92,6.94,452,0
MVP,60,20240925,130000,6.94,6.94,6.92,6.92,146,0
MVP,60,20240925,140000,6.88,6.94,6.88,6.94,42,0
MVP,60,20240925,150000,6.88,6.88,6.88,6.88,504,0
MVP,60,20240925,160000,6.88,6.94,6.84,6.84,9498,0
MVP,60,20240925,170000,6.86,6.94,6.86,6.94,884,0
MVP,60,20240926,100000,6.9,6.94,6.9,6.9,850,0
MVP,60,20240926,120000,6.9,6.94,6.9,6.9,345,0
MVP,60,20240926,130000,6.9,6.9,6.82,6.84,4390,0
MVP,60,20240926,140000,6.84,6.84,6.84,6.84,613,0
MVP,60,20240926,150000,6.84,6.86,6.84,6.86,27,0
MVP,60,20240926,160000,6.88,6.9,6.88,6.9,6,0
MVP,60,20240926,170000,6.92,6.92,6.88,6.88,318,0
MVP,60,20240927,100000,6.96,6.96,6.84,6.84,2126,0
MVP,60,20240927,110000,6.94,6.94,6.86,6.86,1703,0
MVP,60,20240927,120000,6.9,6.92,6.9,6.9,3652,0
MVP,60,20240927,130000,6.9,6.96,6.9,6.92,385,0
MVP,60,20240927,140000,6.92,6.92,6.92,6.92,100,0
MVP,60,20240927,150000,6.96,6.96,6.96,6.96,189,0
MVP,60,20240927,160000,6.92,6.94,6.9,6.9,44259,0
MVP,60,20240927,170000,6.9,6.9,6.86,6.86,1088,0
MVP,60,20240930,100000,6.84,6.9,6.84,6.88,1278,0
MVP,60,20240930,110000,6.9,6.98,6.88,6.98,322,0
MVP,60,20240930,120000,6.9,6.98,6.9,6.98,64,0
MVP,60,20240930,130000,6.94,6.98,6.92,6.98,2041,0
MVP,60,20240930,150000,6.98,6.98,6.84,6.84,3364,0
MVP,60,20240930,160000,6.86,6.86,6.84,6.84,3000,0
MVP,60,20240930,170000,6.98,6.98,6.98,6.98,108,0
MVP,60,20241001,100000,6.9,7.08,6.9,7.08,1967,0
MVP,60,20241001,110000,6.9,6.96,6.82,6.96,1948,0
MVP,60,20241001,130000,6.88,6.98,6.88,6.98,1865,0
MVP,60,20241001,140000,6.98,6.98,6.98,6.98,130,0
MVP,60,20241001,150000,6.98,6.98,6.98,6.98,3,0
MVP,60,20241001,160000,6.98,6.98,6.98,6.98,5,0
MVP,60,20241001,170000,6.98,6.98,6.9,6.9,41,0
MVP,60,20241002,100000,6.96,7.1,6.84,6.84,7712,0
MVP,60,20241002,110000,6.9,6.9,6.84,6.84,1303,0
MVP,60,20241002,120000,6.9,6.9,6.9,6.9,112,0
MVP,60,20241002,130000,6.84,6.84,6.84,6.84,350,0
MVP,60,20241002,140000,6.9,6.9,6.76,6.78,6542,0
MVP,60,20241002,150000,6.78,6.9,6.78,6.9,7309,0
MVP,60,20241002,160000,6.82,6.88,6.82,6.88,296,0
MVP,60,20241002,170000,6.82,6.82,6.82,6.82,297,0
MVP,60,20241003,100000,6.82,6.98,6.82,6.82,944,0
MVP,60,20241003,120000,6.9,6.9,6.9,6.9,23,0
MVP,60,20241003,130000,6.9,6.9,6.9,6.9,71,0
MVP,60,20241003,140000,6.86,6.86,6.84,6.84,1779,0
MVP,60,20241003,150000,6.82,6.84,6.82,6.84,748,0
MVP,60,20241003,160000,6.82,6.82,6.82,6.82,20,0
MVP,60,20241003,170000,6.82,6.82,6.8,6.8,1353,0
MVP,60,20241004,100000,6.94,6.94,6.76,6.9,236,0
MVP,60,20241004,110000,6.8,6.9,6.8,6.9,1916,0
MVP,60,20241004,130000,6.9,6.9,6.82,6.9,40,0
MVP,60,20241004,140000,6.9,6.9,6.9,6.9,1060,0
MVP,60,20241004,150000,6.82,6.82,6.82,6.82,820,0
MVP,60,20241004,160000,6.88,6.88,6.88,6.88,104,0
MVP,60,20241004,170000,6.82,6.9,6.8,6.9,2738,0
MVP,60,20241007,100000,6.78,6.88,6.76,6.88,224,0
MVP,60,20241007,110000,6.76,6.88,6.62,6.7,797,0
MVP,60,20241007,120000,6.74,6.8,6.74,6.8,112,0
MVP,60,20241007,130000,6.8,6.8,6.72,6.8,398,0
MVP,60,20241007,140000,6.74,6.74,6.7,6.7,2545,0
MVP,60,20241007,150000,6.7,6.7,6.7,6.7,15,0
MVP,60,20241007,170000,6.84,6.84,6.7,6.84,228,0
MVP,60,20241008,100000,6.84,6.86,6.84,6.84,632,0
MVP,60,20241008,110000,6.84,6.84,6.8,6.84,3287,0
MVP,60,20241008,120000,6.84,6.84,6.84,6.84,103,0
MVP,60,20241008,130000,6.8,6.84,6.8,6.84,117,0
MVP,60,20241008,140000,6.84,6.84,6.84,6.84,2,0
MVP,60,20241008,150000,6.84,6.84,6.84,6.84,632,0
MVP,60,20241008,160000,6.84,6.84,6.84,6.84,2,0
MVP,60,20241008,170000,6.82,6.82,6.64,6.8,7900,0
MVP,60,20241009,100000,6.8,6.82,6.78,6.78,460,0
MVP,60,20241009,110000,6.78,6.82,6.78,6.82,17,0
MVP,60,20241009,120000,6.82,6.82,6.82,6.82,418,0
MVP,60,20241009,130000,6.78,6.78,6.7,6.7,23,0
MVP,60,20241009,140000,6.82,6.82,6.82,6.82,214,0
MVP,60,20241009,150000,6.72,6.8,6.7,6.8,24,0
MVP,60,20241009,160000,6.78,6.78,6.74,6.78,615,0
MVP,60,20241009,170000,6.78,6.78,6.74,6.74,1235,0
MVP,60,20241010,100000,6.82,6.86,6.72,6.84,168,0
MVP,60,20241010,110000,6.84,6.84,6.84,6.84,15,0
MVP,60,20241010,120000,6.84,6.84,6.84,6.84,200,0
MVP,60,20241010,130000,6.84,6.84,6.84,6.84,10,0
MVP,60,20241010,140000,6.84,6.84,6.72,6.72,105,0
MVP,60,20241010,150000,6.72,6.86,6.72,6.86,62,0
MVP,60,20241010,160000,6.86,6.86,6.86,6.86,15,0
MVP,60,20241010,170000,6.84,6.84,6.72,6.72,632,0
MVP,60,20241011,100000,6.86,6.98,6.78,6.78,174,0
MVP,60,20241011,110000,6.78,6.88,6.78,6.88,222,0
MVP,60,20241011,120000,6.86,6.86,6.78,6.78,265,0
MVP,60,20241011,130000,6.86,6.86,6.86,6.86,507,0
MVP,60,20241011,140000,6.86,6.86,6.86,6.86,10,0
MVP,60,20241011,160000,6.86,6.86,6.86,6.86,500,0
MVP,60,20241011,170000,6.86,6.86,6.78,6.78,1420,0
MVP,60,20241014,100000,6.8,6.96,6.8,6.96,316,0
MVP,60,20241014,110000,6.96,6.96,6.96,6.96,19,0
MVP,60,20241014,120000,6.94,6.94,6.94,6.94,65,0
MVP,60,20241014,130000,6.94,6.94,6.94,6.94,88,0
MVP,60,20241014,150000,6.86,6.86,6.86,6.86,5,0
MVP,60,20241014,160000,6.86,6.86,6.86,6.86,50,0
MVP,60,20241014,170000,6.9,6.9,6.82,6.82,1300,0
MVP,60,20241015,100000,6.9,6.96,6.82,6.82,2170,0
MVP,60,20241015,110000,6.94,6.94,6.94,6.94,130,0
MVP,60,20241015,120000,6.82,6.88,6.82,6.88,15,0
MVP,60,20241015,130000,6.88,6.88,6.8,6.8,1061,0
MVP,60,20241015,140000,6.8,6.8,6.8,6.8,943,0
MVP,60,20241015,150000,6.8,6.8,6.8,6.8,800,0
MVP,60,20241015,160000,6.76,6.8,6.76,6.8,277,0
MVP,60,20241015,170000,6.88,6.88,6.74,6.74,2343,0
MVP,60,20241016,100000,6.84,6.84,6.84,6.84,600,0
MVP,60,20241016,110000,6.84,6.84,6.84,6.84,536,0
MVP,60,20241016,120000,6.84,6.84,6.84,6.84,2,0
MVP,60,20241016,130000,6.84,6.84,6.84,6.84,35,0
MVP,60,20241016,140000,6.84,6.86,6.84,6.86,82,0
MVP,60,20241016,150000,6.76,6.76,6.76,6.76,433,0
MVP,60,20241016,160000,6.74,6.74,6.72,6.72,360,0
MVP,60,20241016,170000,6.76,6.86,6.76,6.86,2050,0
MVP,60,20241017,100000,6.78,6.78,6.76,6.76,1132,0
MVP,60,20241017,110000,6.76,6.88,6.76,6.86,900,0
MVP,60,20241017,120000,6.86,6.88,6.86,6.88,230,0
MVP,60,20241017,130000,6.88,6.88,6.88,6.88,70,0
MVP,60,20241017,140000,6.88,6.88,6.76,6.88,1220,0
MVP,60,20241017,150000,6.88,6.88,6.76,6.76,68,0
MVP,60,20241017,160000,6.86,6.86,6.86,6.86,174,0
MVP,60,20241017,170000,6.76,6.76,6.68,6.68,1660,0
MVP,60,20241018,100000,6.72,6.82,6.7,6.76,3407,0
MVP,60,20241018,110000,6.7,6.76,6.66,6.76,1463,0
MVP,60,20241018,140000,6.76,6.76,6.74,6.74,692,0
MVP,60,20241018,150000,6.72,6.76,6.72,6.76,1081,0
MVP,60,20241018,170000,6.76,6.8,6.72,6.8,770,0
MVP,60,20241021,100000,6.8,6.8,6.8,6.8,1050,0
MVP,60,20241021,110000,6.82,6.82,6.82,6.82,2300,0
MVP,60,20241021,120000,6.82,6.82,6.72,6.72,458,0
MVP,60,20241021,130000,6.72,6.82,6.72,6.82,107,0
MVP,60,20241021,160000,6.76,6.82,6.76,6.82,154,0
MVP,60,20241021,170000,6.78,6.78,6.76,6.78,1274,0
MVP,60,20241022,100000,6.84,6.84,6.72,6.72,1919,0
MVP,60,20241022,130000,6.78,6.78,6.78,6.78,74,0
MVP,60,20241022,140000,6.78,6.78,6.72,6.72,40,0
MVP,60,20241022,160000,6.72,6.76,6.72,6.76,450,0
MVP,60,20241022,170000,6.76,6.8,6.72,6.72,2646,0
MVP,60,20241023,100000,6.82,6.82,6.72,6.72,910,0
MVP,60,20241023,110000,6.72,6.72,6.7,6.72,288,0
MVP,60,20241023,120000,6.7,6.72,6.7,6.72,107,0
MVP,60,20241023,130000,6.72,6.72,6.72,6.72,5,0
MVP,60,20241023,140000,6.7,6.72,6.66,6.72,2190,0
MVP,60,20241023,160000,6.7,6.72,6.66,6.72,128,0
MVP,60,20241023,170000,6.72,6.78,6.66,6.66,1935,0
MVP,60,20241024,100000,6.68,6.78,6.68,6.78,80,0
MVP,60,20241024,110000,6.78,6.78,6.68,6.68,510,0
MVP,60,20241024,130000,6.7,6.7,6.68,6.68,331,0
MVP,60,20241024,140000,6.68,6.78,6.68,6.78,1147,0
MVP,60,20241024,160000,6.68,6.78,6.68,6.78,704,0
MVP,60,20241024,170000,6.78,6.78,6.68,6.68,600,0
MVP,60,20241025,100000,6.76,6.78,6.64,6.64,2019,0
MVP,60,20241025,110000,6.64,6.64,6.64,6.64,300,0
MVP,60,20241025,120000,6.64,6.66,6.64,6.64,1154,0
MVP,60,20241025,130000,6.64,6.64,6.62,6.62,4167,0
MVP,60,20241025,140000,6.7,6.7,6.7,6.7,5,0
MVP,60,20241025,160000,6.7,6.7,6.7,6.7,5,0
MVP,60,20241025,170000,6.62,6.7,6.62,6.7,923,0
MVP,60,20241028,100000,6.7,6.7,6.7,6.7,203,0
MVP,60,20241028,110000,6.68,6.7,6.62,6.7,112,0
MVP,60,20241028,120000,6.64,6.64,6.54,6.54,991,0
MVP,60,20241028,130000,6.66,6.66,6.64,6.66,206,0
MVP,60,20241028,140000,6.66,6.66,6.66,6.66,12,0
MVP,60,20241028,150000,6.6,6.66,6.6,6.66,1435,0
MVP,60,20241028,160000,6.6,6.6,6.56,6.56,1240,0
MVP,60,20241028,170000,6.68,6.68,6.62,6.62,322,0
MVP,60,20241029,100000,6.64,6.7,6.64,6.7,1149,0
MVP,60,20241029,120000,6.7,6.7,6.7,6.7,2,0
MVP,60,20241029,140000,6.7,6.7,6.7,6.7,63,0
MVP,60,20241029,160000,6.68,6.7,6.68,6.7,32,0
MVP,60,20241029,170000,6.7,6.76,6.7,6.76,2451,0
MVP,60,20241030,110000,6.7,6.7,6.7,6.7,16,0
MVP,60,20241030,120000,6.7,6.7,6.66,6.68,3741,0
MVP,60,20241030,130000,6.68,6.68,6.66,6.68,1435,0
MVP,60,20241030,140000,6.68,6.68,6.66,6.66,14,0
MVP,60,20241030,150000,6.68,6.68,6.68,6.68,600,0
MVP,60,20241030,160000,6.66,6.66,6.66,6.66,18,0
MVP,60,20241030,170000,6.66,6.68,6.66,6.68,1654,0
MVP,60,20241031,100000,6.68,6.68,6.66,6.66,38,0
MVP,60,20241031,110000,6.68,6.68,6.66,6.66,748,0
MVP,60,20241031,120000,6.66,6.66,6.62,6.62,1608,0
MVP,60,20241031,130000,6.66,6.66,6.62,6.62,355,0
MVP,60,20241031,140000,6.66,6.66,6.66,6.66,417,0
MVP,60,20241031,150000,6.68,6.68,6.62,6.62,653,0
MVP,60,20241031,160000,6.68,6.68,6.68,6.68,1947,0
MVP,60,20241031,170000,6.62,6.68,6.52,6.6,2635,0
MVP,60,20241104,100000,6.6,6.6,6.58,6.6,521,0
MVP,60,20241104,110000,6.6,6.6,6.6,6.6,1062,0
MVP,60,20241104,120000,6.62,6.74,6.62,6.74,75,0
MVP,60,20241104,130000,6.74,6.74,6.74,6.74,10,0
MVP,60,20241104,150000,6.58,6.58,6.58,6.58,1,0
MVP,60,20241104,160000,6.58,6.58,6.54,6.54,6,0
MVP,60,20241104,170000,6.54,6.74,6.54,6.74,603,0
MVP,60,20241105,100000,6.74,6.74,6.74,6.74,295,0
MVP,60,20241105,110000,6.74,6.74,6.74,6.74,5,0
MVP,60,20241105,130000,6.64,6.72,6.64,6.72,57,0
MVP,60,20241105,170000,6.64,6.64,6.6,6.6,6576,0
MVP,60,20241106,100000,6.56,6.72,6.56,6.7,1974,0
MVP,60,20241106,120000,6.6,6.6,6.6,6.6,6,0
MVP,60,20241106,130000,6.58,6.58,6.56,6.56,210,0
MVP,60,20241106,140000,6.66,6.66,6.56,6.58,72,0
MVP,60,20241106,150000,6.66,6.66,6.66,6.66,10,0
MVP,60,20241106,160000,6.58,6.58,6.58,6.58,77,0
MVP,60,20241106,170000,6.6,6.6,6.54,6.54,1910,0
MVP,60,20241107,100000,6.64,6.64,6.64,6.64,5,0
MVP,60,20241107,110000,6.56,6.62,6.54,6.62,910,0
MVP,60,20241107,120000,6.62,6.62,6.5,6.62,6212,0
MVP,60,20241107,140000,6.62,6.62,6.5,6.5,92,0
MVP,60,20241107,150000,6.6,6.6,6.54,6.54,7,0
MVP,60,20241107,160000,6.54,6.58,6.54,6.58,210,0
MVP,60,20241107,170000,6.54,6.64,6.54,6.64,1115,0
MVP,60,20241108,100000,6.6,6.6,6.6,6.6,200,0
MVP,60,20241108,110000,6.6,6.66,6.56,6.66,244,0
MVP,60,20241108,120000,6.66,6.66,6.6,6.6,69,0
MVP,60,20241108,130000,6.66,6.66,6.66,6.66,15,0
MVP,60,20241108,140000,6.66,6.66,6.66,6.66,759,0
MVP,60,20241108,150000,6.66,6.68,6.66,6.68,270,0
MVP,60,20241108,160000,6.68,6.7,6.68,6.7,228,0
MVP,60,20241108,170000,6.7,6.7,6.6,6.7,517,0
MVP,60,20241112,100000,6.68,6.7,6.48,6.68,4132,0
MVP,60,20241112,110000,6.68,6.68,6.68,6.68,8,0
MVP,60,20241112,120000,6.56,6.56,6.5,6.5,250,0
MVP,60,20241112,130000,6.54,6.54,6.54,6.54,10,0
MVP,60,20241112,140000,6.64,6.64,6.54,6.54,150,0
MVP,60,20241112,150000,6.56,6.66,6.54,6.54,391,0
MVP,60,20241112,160000,6.66,6.66,6.66,6.66,28,0
MVP,60,20241113,100000,6.66,6.66,6.56,6.56,1004,0
MVP,60,20241113,110000,6.58,6.66,6.56,6.56,1144,0
MVP,60,20241113,120000,6.66,6.66,6.6,6.6,1754,0
MVP,60,20241113,130000,6.68,6.68,6.6,6.6,584,0
MVP,60,20241113,140000,6.68,6.68,6.68,6.68,2,0
MVP,60,20241113,150000,6.66,6.66,6.66,6.66,682,0
MVP,60,20241113,160000,6.68,6.68,6.62,6.62,202,0
MVP,60,20241113,170000,6.7,6.7,6.62,6.7,52,0
MVP,60,20241114,100000,6.7,6.7,6.7,6.7,100,0
MVP,60,20241114,110000,6.62,6.62,6.62,6.62,103,0
MVP,60,20241114,120000,6.62,6.62,6.56,6.56,3537,0
MVP,60,20241114,130000,6.58,6.64,6.58,6.64,403,0
MVP,60,20241114,150000,6.6,6.6,6.56,6.56,780,0
MVP,60,20241114,160000,6.56,6.56,6.54,6.54,322,0
MVP,60,20241115,100000,6.56,6.64,6.56,6.56,51,0
MVP,60,20241115,110000,6.58,6.58,6.58,6.58,2,0
MVP,60,20241115,130000,6.58,6.64,6.56,6.64,1427,0
MVP,60,20241115,150000,6.58,6.58,6.58,6.58,7,0
MVP,60,20241115,160000,6.58,6.58,6.58,6.58,20,0
MVP,60,20241115,170000,6.58,6.64,6.58,6.64,64,0
MVP,60,20241118,100000,6.64,6.64,6.56,6.64,152,0
MVP,60,20241118,110000,6.64,6.64,6.56,6.56,399,0
MVP,60,20241118,120000,6.56,6.56,6.56,6.56,200,0
MVP,60,20241118,130000,6.56,6.56,6.56,6.56,148,0
MVP,60,20241118,140000,6.56,6.64,6.56,6.64,1008,0
MVP,60,20241118,150000,6.64,6.64,6.64,6.64,1666,0
MVP,60,20241118,160000,6.64,6.64,6.64,6.64,3424,0
MVP,60,20241118,170000,6.58,6.58,6.58,6.58,57,0
MVP,60,20241119,100000,6.58,6.58,6.58,6.58,220,0
MVP,60,20241119,110000,6.58,6.58,6.58,6.58,600,0
MVP,60,20241119,120000,6.58,6.7,6.58,6.58,208,0
MVP,60,20241119,140000,6.62,6.68,6.58,6.68,2000,0
MVP,60,20241119,150000,6.6,6.6,6.54,6.54,12927,0
MVP,60,20241119,160000,6.52,6.52,6.5,6.5,200,0
MVP,60,20241119,170000,6.64,6.64,6.64,6.64,302,0
MVP,60,20241120,100000,6.7,6.7,6.5,6.7,438,0
MVP,60,20241120,120000,6.68,6.68,6.66,6.66,10,0
MVP,60,20241120,130000,6.66,6.66,6.52,6.66,99,0
MVP,60,20241120,140000,6.54,6.54,6.54,6.54,150,0
MVP,60,20241120,150000,6.58,6.58,6.58,6.58,5000,0
MVP,60,20241120,170000,6.6,6.68,6.6,6.68,510,0
MVP,60,20241121,100000,6.68,6.68,6.56,6.56,144,0
MVP,60,20241121,110000,6.56,6.56,6.56,6.56,58,0
MVP,60,20241121,120000,6.56,6.68,6.54,6.68,485,0
MVP,60,20241121,130000,6.68,6.68,6.68,6.68,129,0
MVP,60,20241121,160000,6.68,6.68,6.68,6.68,30,0
MVP,60,20241122,100000,6.68,6.7,6.62,6.7,6029,0
MVP,60,20241122,110000,6.74,6.74,6.7,6.7,501,0
MVP,60,20241122,130000,6.7,6.7,6.7,6.7,1400,0
MVP,60,20241122,140000,6.64,6.64,6.6,6.6,2283,0
MVP,60,20241122,150000,6.6,6.7,6.6,6.7,29,0
MVP,60,20241122,160000,6.7,6.74,6.6,6.72,218,0
MVP,60,20241122,170000,6.72,6.72,6.68,6.68,158,0
MVP,60,20241125,100000,6.54,6.68,6.5,6.64,3589,0
MVP,60,20241125,110000,6.6,6.6,6.6,6.6,5,0
MVP,60,20241125,120000,6.6,6.6,6.56,6.56,263,0
MVP,60,20241125,130000,6.54,6.6,6.54,6.6,3432,0
MVP,60,20241125,150000,6.62,6.62,6.62,6.62,50,0
MVP,60,20241125,160000,6.62,6.62,6.62,6.62,721,0
MVP,60,20241126,100000,6.6,6.6,6.54,6.54,70,0
MVP,60,20241126,110000,6.54,6.54,6.46,6.5,2704,0
MVP,60,20241126,120000,6.48,6.56,6.48,6.54,716,0
MVP,60,20241126,130000,6.5,6.5,6.5,6.5,217,0
MVP,60,20241126,140000,6.5,6.52,6.48,6.52,2367,0
MVP,60,20241126,160000,6.52,6.52,6.52,6.52,178,0
MVP,60,20241126,170000,6.48,6.48,6.48,6.48,35,0
MVP,60,20241127,100000,6.5,6.56,6.44,6.56,3033,0
MVP,60,20241127,110000,6.46,6.46,6.32,6.32,2150,0
MVP,60,20241127,120000,6.48,6.5,6.48,6.5,101,0
MVP,60,20241127,130000,6.48,6.48,6.36,6.4,784,0
MVP,60,20241127,150000,6.46,6.46,6.46,6.46,120,0
MVP,60,20241128,100000,6.44,6.44,6.44,6.44,23,0
MVP,60,20241128,110000,6.4,6.44,6.4,6.44,909,0
MVP,60,20241128,120000,6.44,6.44,6.42,6.42,369,0
MVP,60,20241128,130000,6.42,6.42,6.42,6.42,908,0
MVP,60,20241128,140000,6.4,6.4,6.36,6.4,575,0
MVP,60,20241128,150000,6.38,6.38,6.36,6.36,207,0
MVP,60,20241128,160000,6.38,6.4,6.38,6.4,428,0
MVP,60,20241128,170000,6.38,6.38,6.38,6.38,332,0
MVP,60,20241129,100000,6.34,6.38,6.34,6.38,21,0
MVP,60,20241129,110000,6.38,6.38,6.38,6.38,5,0
MVP,60,20241129,120000,6.38,6.38,6.34,6.34,302,0
MVP,60,20241129,130000,6.36,6.36,6.34,6.34,423,0
MVP,60,20241129,140000,6.32,6.32,6.1,6.3,3529,0
MVP,60,20241129,150000,6.2,6.2,6.18,6.18,412,0
MVP,60,20241129,160000,6.2,6.24,6.18,6.24,1708,0
MVP,60,20241129,170000,6.24,6.24,6.24,6.24,954,0
MVP,60,20241202,100000,6.28,6.28,6.1,6.12,4737,0
MVP,60,20241202,110000,6.14,6.16,6.08,6.14,1307,0
MVP,60,20241202,120000,6.12,6.28,6.1,6.26,2595,0
MVP,60,20241202,140000,6.26,6.26,6.26,6.26,174,0
MVP,60,20241202,150000,6.26,6.28,6.26,6.28,313,0
MVP,60,20241202,160000,6.26,6.26,6.26,6.26,15,0
MVP,60,20241202,170000,6.24,6.26,6.24,6.26,39,0
MVP,60,20241203,100000,6.12,6.24,6.12,6.14,3209,0
MVP,60,20241203,110000,6.14,6.14,6.12,6.12,1429,0
MVP,60,20241203,120000,6.14,6.14,6.12,6.12,154,0
MVP,60,20241203,130000,6.24,6.24,6.14,6.14,29,0
MVP,60,20241203,140000,6.18,6.24,6.18,6.24,614,0
MVP,60,20241203,160000,6.2,6.24,6.18,6.24,61,0
MVP,60,20241203,170000,6.24,6.24,6.24,6.24,28,0
MVP,60,20241204,100000,6.24,6.24,6.24,6.24,7,0
MVP,60,20241204,110000,6.24,6.24,6.18,6.18,256,0
MVP,60,20241204,120000,6.16,6.18,6.12,6.18,3192,0
MVP,60,20241204,130000,6.14,6.18,6.14,6.14,3052,0
MVP,60,20241204,150000,6.14,6.16,6.12,6.16,660,0
MVP,60,20241204,160000,6.16,6.16,6.14,6.14,108,0
MVP,60,20241204,170000,6.14,6.16,6.14,6.16,1133,0
MVP,60,20241205,100000,6.14,6.14,6.14,6.14,253,0
MVP,60,20241205,110000,6.14,6.2,6.12,6.2,1545,0
MVP,60,20241205,120000,6.14,6.14,6.14,6.14,2139,0
MVP,60,20241205,130000,6.14,6.22,6.14,6.22,549,0
MVP,60,20241205,140000,6.22,6.22,6.22,6.22,5,0
MVP,60,20241205,150000,6.22,6.22,6.18,6.18,504,0
MVP,60,20241205,160000,6.22,6.24,6.18,6.18,217,0
MVP,60,20241205,170000,6.18,6.24,6.18,6.24,105,0
MVP,60,20241206,100000,6.18,6.18,6.12,6.18,1036,0
MVP,60,20241206,110000,6.14,6.24,6.14,6.24,310,0
MVP,60,20241206,120000,6.2,6.2,6.2,6.2,2,0
MVP,60,20241206,130000,6.2,6.2,6.16,6.16,909,0
MVP,60,20241206,140000,6.16,6.24,6.16,6.24,1675,0
MVP,60,20241206,150000,6.24,6.24,6.24,6.24,1987,0
MVP,60,20241206,160000,6.24,6.24,6.24,6.24,300,0
MVP,60,20241206,170000,6.24,6.24,6.24,6.24,253,0
MVP,60,20241209,100000,6.22,6.24,6.22,6.22,1264,0
MVP,60,20241209,110000,6.2,6.2,6.2,6.2,269,0
MVP,60,20241209,120000,6.18,6.18,6.18,6.18,234,0
MVP,60,20241209,130000,6.2,6.22,6.14,6.14,3154,0
MVP,60,20241209,140000,6.14,6.14,6.1,6.1,2135,0
MVP,60,20241209,150000,6.12,6.22,6.08,6.22,3804,0
MVP,60,20241209,160000,6.2,6.2,6.1,6.1,1061,0
MVP,60,20241209,170000,6.14,6.14,6.1,6.1,31,0
MVP,60,20241210,100000,6.14,6.14,6.12,6.12,59,0
MVP,60,20241210,110000,6.12,6.12,6.1,6.1,414,0
MVP,60,20241210,120000,6.12,6.12,6,6,38753,0
MVP,60,20241210,130000,6.04,6.12,6.04,6.12,630,0
MVP,60,20241210,140000,6.12,6.12,6.12,6.12,4,0
MVP,60,20241210,150000,6.12,6.12,6.12,6.12,5,0
MVP,60,20241210,160000,6.12,6.12,6.08,6.12,423,0
MVP,60,20241210,170000,6.1,6.12,6.08,6.12,1216,0
MVP,60,20241211,100000,6.14,6.28,6.1,6.28,4218,0
MVP,60,20241211,110000,6.28,6.28,6.2,6.28,775,0
MVP,60,20241211,120000,6.28,6.38,6.28,6.3,3527,0
MVP,60,20241211,130000,6.34,6.38,6.34,6.36,1189,0
MVP,60,20241211,140000,6.3,6.3,6.1,6.26,1735,0
MVP,60,20241211,150000,6.12,6.26,6.12,6.26,2818,0
MVP,60,20241211,160000,6.26,6.34,6.26,6.34,717,0
MVP,60,20241211,170000,6.34,6.34,6.3,6.3,374,0
MVP,60,20241212,100000,6.22,6.3,6.2,6.3,1714,0
MVP,60,20241212,110000,6.24,6.24,6.2,6.2,35,0
MVP,60,20241212,120000,6.24,6.3,6.2,6.2,1609,0
MVP,60,20241212,130000,6.3,6.3,6.14,6.14,130,0
MVP,60,20241212,140000,6.14,6.14,6.14,6.14,437,0
MVP,60,20241212,150000,6.16,6.26,6.14,6.16,446,0
MVP,60,20241212,160000,6.16,6.16,6.16,6.16,332,0
MVP,60,20241212,170000,6.28,6.28,6.28,6.28,39,0
MVP,60,20241213,100000,6.28,6.28,6.28,6.28,1716,0
MVP,60,20241213,120000,6.24,6.24,6.24,6.24,265,0
MVP,60,20241213,130000,6.26,6.26,6.26,6.26,60,0
MVP,60,20241213,140000,6.26,6.26,6.26,6.26,30,0
MVP,60,20241213,150000,6.22,6.22,6.22,6.22,200,0
MVP,60,20241213,160000,6.22,6.22,6.22,6.22,4,0
MVP,60,20241213,170000,6.2,6.2,6.2,6.2,123,0
MVP,60,20241216,100000,6.22,6.3,6.22,6.3,3026,0
MVP,60,20241216,110000,6.3,6.3,6.3,6.3,236,0
MVP,60,20241216,120000,6.26,6.3,6.26,6.3,341,0
MVP,60,20241216,130000,6.3,6.3,6.2,6.26,1241,0
MVP,60,20241216,140000,6.26,6.26,6.26,6.26,205,0
MVP,60,20241216,150000,6.2,6.28,6.02,6.28,5708,0
MVP,60,20241216,160000,6.24,6.24,6.24,6.24,100,0
MVP,60,20241216,170000,6.18,6.24,6.18,6.18,206,0
MVP,60,20241217,100000,6.1,6.26,6.08,6.08,3278,0
MVP,60,20241217,110000,6.1,6.1,6.08,6.08,603,0
MVP,60,20241217,120000,6.1,6.2,6.1,6.2,2279,0
MVP,60,20241217,130000,6.18,6.18,6.1,6.16,915,0
MVP,60,20241217,140000,6.16,6.18,6.12,6.12,277,0
MVP,60,20241217,150000,6.16,6.18,6.16,6.18,759,0
MVP,60,20241217,160000,6.12,6.12,6.06,6.06,472,0
MVP,60,20241217,170000,6.06,6.06,6.04,6.06,1672,0
MVP,60,20241218,100000,6.04,6.2,6.02,6.2,5401,0
MVP,60,20241218,110000,6.12,6.12,6.12,6.12,440,0
MVP,60,20241218,120000,6.08,6.08,6.08,6.08,120,0
MVP,60,20241218,130000,6.08,6.12,5.96,5.96,12936,0
MVP,60,20241218,140000,5.96,6.1,5.92,6.08,1984,0
MVP,60,20241218,150000,6.08,6.08,6.08,6.08,189,0
MVP,60,20241218,160000,6.06,6.08,6.06,6.08,160,0
MVP,60,20241218,170000,6.08,6.08,6.08,6.08,12,0
MVP,60,20241219,100000,6.08,6.08,6.08,6.08,610,0
MVP,60,20241219,110000,6.08,6.08,5.98,6,1769,0
MVP,60,20241219,120000,6,6,6,6,20,0
MVP,60,20241219,130000,6,6.08,6,6.06,1944,0
MVP,60,20241219,140000,6.06,6.06,6,6,83,0
MVP,60,20241219,160000,6.08,6.08,5.98,6,1843,0
MVP,60,20241219,170000,5.98,5.98,5.96,5.96,1107,0
MVP,60,20241220,100000,6,6,5.7,5.8,23033,0
MVP,60,20241220,110000,5.8,5.9,5.74,5.84,5206,0
MVP,60,20241220,120000,5.9,5.9,5.78,5.84,822,0
MVP,60,20241220,130000,5.84,5.9,5.8,5.88,915,0
MVP,60,20241220,140000,5.8,5.84,5.8,5.84,1638,0
MVP,60,20241220,150000,5.84,5.84,5.84,5.84,6,0
MVP,60,20241220,160000,5.82,5.86,5.8,5.86,5976,0
MVP,60,20241220,170000,5.84,5.88,5.8,5.8,2753,0
MVP,60,20241223,100000,5.88,5.9,5.7,5.7,11223,0
MVP,60,20241223,110000,5.7,5.76,5.6,5.74,7905,0
MVP,60,20241223,120000,5.74,5.76,5.52,5.62,6498,0
MVP,60,20241223,130000,5.6,5.64,5.58,5.62,48976,0
MVP,60,20241223,140000,5.64,5.72,5.62,5.68,3259,0
MVP,60,20241223,150000,5.72,5.74,5.64,5.64,1526,0
MVP,60,20241223,160000,5.74,5.74,5.7,5.72,1475,0
MVP,60,20241223,170000,5.72,5.72,5.54,5.7,2523,0
MVP,60,20241227,100000,5.76,5.98,5.76,5.98,5547,0
MVP,60,20241227,110000,5.98,5.98,5.8,5.98,1054,0
MVP,60,20241227,120000,5.98,6.1,5.98,6.1,1000,0
MVP,60,20241227,130000,6.02,6.02,5.92,5.92,319,0
MVP,60,20241227,140000,6.02,6.02,5.9,6,2095,0
MVP,60,20241227,150000,6.06,6.06,6,6,9,0
MVP,60,20241227,160000,6.08,6.08,6,6,81,0
MVP,60,20241227,170000,5.98,6,5.9,6,1891,0
MVP,60,20241230,100000,6,6.02,6,6,893,0
MVP,60,20241230,110000,6.02,6.14,5.92,6.14,1875,0
MVP,60,20241230,120000,6.14,6.14,6.14,6.14,383,0
MVP,60,20241230,130000,6.14,6.26,6.14,6.26,248,0
MVP,60,20241230,140000,6.28,6.28,6.04,6.1,1206,0
MVP,60,20241230,150000,6.26,6.26,6.26,6.26,77,0
MVP,60,20241230,160000,6.22,6.22,6.12,6.12,45,0
MVP,60,20241230,170000,6.22,6.24,6.22,6.24,1066,0
MVP,60,20250102,100000,6.24,6.36,6.2,6.22,1008,0
MVP,60,20250102,110000,6.22,6.44,6.22,6.44,373,0
MVP,60,20250102,120000,6.38,6.4,6.22,6.4,1646,0
MVP,60,20250102,130000,6.4,6.56,6.4,6.5,1877,0
MVP,60,20250102,140000,6.28,6.5,6.28,6.5,155,0
MVP,60,20250102,150000,6.4,6.5,6.28,6.3,1447,0
MVP,60,20250102,160000,6.3,6.3,6.22,6.22,780,0
MVP,60,20250102,170000,6.44,6.44,6.44,6.44,5,0
MVP,60,20250103,100000,6.46,6.5,6.46,6.48,1202,0
MVP,60,20250103,110000,6.48,6.48,6.48,6.48,10,0
MVP,60,20250103,120000,6.48,6.48,6.44,6.48,460,0
MVP,60,20250103,130000,6.48,6.54,6.44,6.44,620,0
MVP,60,20250103,150000,6.52,6.54,6.52,6.54,468,0
MVP,60,20250103,160000,6.52,6.52,6.46,6.46,526,0
MVP,60,20250103,170000,6.54,6.54,6.54,6.54,1474,0
MVP,60,20250107,100000,6.56,6.66,6.46,6.5,3204,0
MVP,60,20250107,110000,6.48,6.5,6.44,6.5,443,0
MVP,60,20250107,120000,6.5,6.5,6.4,6.4,553,0
MVP,60,20250107,130000,6.5,6.54,6.5,6.54,662,0
MVP,60,20250107,140000,6.54,6.54,6.54,6.54,1924,0
MVP,60,20250107,150000,6.54,6.54,6.54,6.54,312,0
MVP,60,20250107,160000,6.54,6.54,6.54,6.54,688,0
MVP,60,20250107,170000,6.48,6.48,6.46,6.46,444,0
MVP,60,20250108,100000,6.46,6.46,6.4,6.4,616,0
MVP,60,20250108,110000,6.44,6.46,6.4,6.4,1347,0
MVP,60,20250108,120000,6.4,6.46,6.36,6.36,1028,0
MVP,60,20250108,130000,6.34,6.36,6.34,6.36,372,0
MVP,60,20250108,140000,6.36,6.36,6.36,6.36,4,0
MVP,60,20250108,150000,6.36,6.36,6.34,6.34,349,0
MVP,60,20250108,160000,6.36,6.36,6.36,6.36,1120,0
MVP,60,20250108,170000,6.34,6.34,6.34,6.34,182,0
MVP,60,20250109,100000,6.34,6.34,6.34,6.34,120,0
MVP,60,20250109,110000,6.4,6.42,6.34,6.34,342,0
MVP,60,20250109,130000,6.42,6.42,6.34,6.34,10,0
MVP,60,20250109,140000,6.42,6.42,6.42,6.42,160,0
MVP,60,20250109,150000,6.34,6.34,6.34,6.34,155,0
MVP,60,20250109,160000,6.34,6.34,6.3,6.3,336,0
MVP,60,20250109,170000,6.34,6.42,6.28,6.42,346,0
MVP,60,20250110,100000,6.32,6.48,6.32,6.48,215,0
MVP,60,20250110,110000,6.34,6.48,6.34,6.46,19,0
MVP,60,20250110,120000,6.46,6.48,6.46,6.48,1033,0
MVP,60,20250110,130000,6.48,6.48,6.46,6.46,1714,0
MVP,60,20250110,140000,6.48,6.48,6.48,6.48,53,0
MVP,60,20250110,150000,6.48,6.48,6.48,6.48,5,0
MVP,60,20250110,160000,6.48,6.48,6.44,6.44,39,0
MVP,60,20250110,170000,6.36,6.38,6.34,6.38,378,0
MVP,60,20250113,100000,6.44,6.48,6.4,6.48,259,0
MVP,60,20250113,110000,6.48,6.48,6.4,6.48,79,0
MVP,60,20250113,120000,6.46,6.46,6.46,6.46,150,0
MVP,60,20250113,130000,6.4,6.4,6.36,6.36,120,0
MVP,60,20250113,140000,6.36,6.36,6.36,6.36,3,0
MVP,60,20250113,150000,6.44,6.44,6.44,6.44,75,0
MVP,60,20250113,160000,6.36,6.44,6.36,6.44,282,0
MVP,60,20250114,100000,6.44,6.44,6.34,6.34,724,0
MVP,60,20250114,110000,6.38,6.46,6.38,6.46,238,0
MVP,60,20250114,120000,6.46,6.46,6.46,6.46,100,0
MVP,60,20250114,130000,6.42,6.42,6.4,6.4,254,0
MVP,60,20250114,140000,6.4,6.4,6.4,6.4,200,0
MVP,60,20250114,150000,6.4,6.4,6.4,6.4,165,0
MVP,60,20250114,170000,6.4,6.4,6.38,6.38,403,0
MVP,60,20250115,100000,6.42,6.42,6.36,6.36,300,0
MVP,60,20250115,110000,6.36,6.4,6.34,6.34,811,0
MVP,60,20250115,120000,6.34,6.4,6.34,6.4,168,0
MVP,60,20250115,130000,6.4,6.4,6.4,6.4,23,0
MVP,60,20250115,140000,6.34,6.34,6.34,6.34,8,0
MVP,60,20250115,150000,6.4,6.4,6.4,6.4,326,0
MVP,60,20250115,160000,6.4,6.42,6.4,6.42,155,0
MVP,60,20250115,170000,6.34,6.42,6.34,6.34,847,0
MVP,60,20250116,100000,6.4,6.42,6.4,6.42,2175,0
MVP,60,20250116,110000,6.42,6.42,6.34,6.34,411,0
MVP,60,20250116,120000,6.36,6.36,6.36,6.36,141,0
MVP,60,20250116,130000,6.36,6.36,6.34,6.34,962,0
MVP,60,20250116,140000,6.32,6.34,6.28,6.34,297,0
MVP,60,20250116,150000,6.34,6.34,6.34,6.34,47,0
MVP,60,20250116,160000,6.34,6.36,6.34,6.36,267,0
MVP,60,20250116,170000,6.36,6.36,6.36,6.36,177,0
MVP,60,20250117,100000,6.4,6.42,6.4,6.42,1666,0
MVP,60,20250117,110000,6.3,6.3,6.3,6.3,65,0
MVP,60,20250117,120000,6.4,6.4,6.34,6.34,56,0
MVP,60,20250117,130000,6.34,6.4,6.26,6.4,2384,0
MVP,60,20250117,140000,6.26,6.32,6.26,6.3,411,0
MVP,60,20250117,150000,6.3,6.32,6.3,6.32,1020,0
MVP,60,20250117,160000,6.32,6.32,6.32,6.32,49,0
MVP,60,20250117,170000,6.26,6.28,6.18,6.28,1212,0
MVP,60,20250120,100000,6.3,6.34,6.22,6.22,971,0
MVP,60,20250120,110000,6.24,6.24,6.24,6.24,27,0
MVP,60,20250120,120000,6.34,6.38,6.26,6.26,510,0
MVP,60,20250120,130000,6.36,6.36,6.24,6.36,874,0
MVP,60,20250120,140000,6.36,6.36,6.36,6.36,15,0
MVP,60,20250120,150000,6.36,6.36,6.36,6.36,7,0
MVP,60,20250120,160000,6.36,6.36,6.36,6.36,20,0
MVP,60,20250120,170000,6.36,6.36,6.36,6.36,62,0
MVP,60,20250121,100000,6.36,6.38,6.26,6.26,550,0
MVP,60,20250121,110000,6.38,6.38,6.38,6.38,540,0
MVP,60,20250121,120000,6.38,6.4,6.38,6.4,56,0
MVP,60,20250121,130000,6.4,6.4,6.38,6.38,1364,0
MVP,60,20250121,140000,6.4,6.4,6.4,6.4,34,0
MVP,60,20250121,170000,6.4,6.4,6.4,6.4,16,0
MVP,60,20250122,100000,6.4,6.42,6.4,6.42,220,0
MVP,60,20250122,110000,6.4,6.42,6.3,6.42,1799,0
MVP,60,20250122,120000,6.4,6.4,6.4,6.4,2485,0
MVP,60,20250122,130000,6.4,6.4,6.4,6.4,94,0
MVP,60,20250122,140000,6.4,6.4,6.4,6.4,905,0
MVP,60,20250122,150000,6.4,6.4,6.4,6.4,564,0
MVP,60,20250122,160000,6.4,6.4,6.4,6.4,131,0
MVP,60,20250122,170000,6.4,6.4,6.32,6.32,2089,0
MVP,60,20250123,100000,6.34,6.44,6.32,6.44,498,0
MVP,60,20250123,110000,6.44,6.46,6.44,6.46,28,0
MVP,60,20250123,130000,6.4,6.4,6.4,6.4,500,0
MVP,60,20250123,140000,6.36,6.4,6.3,6.4,1025,0
MVP,60,20250123,150000,6.4,6.4,6.4,6.4,109,0
MVP,60,20250123,160000,6.4,6.4,6.4,6.4,2,0
MVP,60,20250123,170000,6.4,6.4,6.4,6.4,220,0
MVP,60,20250124,100000,6.4,6.4,6.4,6.4,28,0
MVP,60,20250124,110000,6.4,6.44,6.4,6.44,203,0
MVP,60,20250124,120000,6.4,6.48,6.3,6.3,4726,0
MVP,60,20250124,130000,6.46,6.46,6.24,6.24,3693,0
MVP,60,20250124,140000,6.38,6.38,6.38,6.38,7,0
MVP,60,20250124,150000,6.38,6.44,6.38,6.42,4874,0
MVP,60,20250124,160000,6.38,6.38,6.38,6.38,2,0
MVP,60,20250124,170000,6.42,6.42,6.28,6.28,1533,0
MVP,60,20250127,100000,6.28,6.28,6.24,6.24,1227,0
MVP,60,20250127,110000,6.22,6.24,6.22,6.24,400,0
MVP,60,20250127,120000,6.28,6.28,6.28,6.28,10,0
MVP,60,20250127,130000,6.28,6.28,6.28,6.28,15,0
MVP,60,20250127,140000,6.28,6.28,6.28,6.28,85,0
MVP,60,20250127,150000,6.26,6.26,6.22,6.22,166,0
MVP,60,20250128,100000,6.26,6.26,6.24,6.24,178,0
MVP,60,20250128,110000,6.24,6.24,6.24,6.24,382,0
MVP,60,20250128,120000,6.24,6.24,6.2,6.2,787,0
MVP,60,20250128,130000,6.24,6.24,6.24,6.24,210,0
MVP,60,20250128,140000,6.24,6.24,6.2,6.22,300,0
MVP,60,20250128,150000,6.22,6.22,6.2,6.22,1850,0
MVP,60,20250128,170000,6.22,6.22,6.2,6.22,2374,0
MVP,60,20250129,100000,6.26,6.4,6.16,6.38,655,0
MVP,60,20250129,110000,6.2,6.36,6.2,6.2,1301,0
MVP,60,20250129,120000,6.2,6.32,6.2,6.32,489,0
MVP,60,20250129,130000,6.32,6.32,6.32,6.32,7,0
MVP,60,20250129,140000,6.3,6.3,6.3,6.3,100,0
MVP,60,20250129,160000,6.28,6.3,6.28,6.3,430,0
MVP,60,20250129,170000,6.3,6.3,6.2,6.2,1504,0
MVP,60,20250130,110000,6.3,6.4,6.2,6.36,3205,0
MVP,60,20250130,120000,6.34,6.34,6.24,6.24,54,0
MVP,60,20250130,130000,6.24,6.24,6.2,6.2,2313,0
MVP,60,20250130,150000,6.24,6.24,6.24,6.24,1,0
MVP,60,20250130,160000,6.34,6.36,6.34,6.36,314,0
MVP,60,20250130,170000,6.32,6.32,6.3,6.3,25,0
MVP,60,20250131,100000,6.38,6.38,6.38,6.38,440,0
MVP,60,20250131,110000,6.38,6.38,6.28,6.28,150,0
MVP,60,20250131,120000,6.24,6.26,6.22,6.22,522,0
MVP,60,20250131,130000,6.26,6.36,6.26,6.36,100,0
MVP,60,20250131,140000,6.32,6.32,6.26,6.26,7,0
MVP,60,20250131,150000,6.32,6.32,6.24,6.3,330,0
MVP,60,20250131,160000,6.3,6.3,6.3,6.3,100,0
MVP,60,20250131,170000,6.24,6.3,6.24,6.3,78,0
MVP,60,20250203,100000,6.36,6.36,6.26,6.3,437,0
MVP,60,20250203,110000,6.26,6.38,6.26,6.28,1028,0
MVP,60,20250203,130000,6.28,6.28,6.28,6.28,675,0
MVP,60,20250203,140000,6.36,6.36,6.36,6.36,6,0
MVP,60,20250203,160000,6.36,6.36,6.36,6.36,6,0
MVP,60,20250203,170000,6.36,6.4,6.32,6.32,9237,0
MVP,60,20250204,100000,6.32,6.32,6.32,6.32,60,0
MVP,60,20250204,110000,6.32,6.32,6.26,6.28,66,0
MVP,60,20250204,120000,6.32,6.32,6.18,6.18,4320,0
MVP,60,20250204,130000,6.28,6.3,6.18,6.3,326,0
MVP,60,20250204,140000,6.32,6.32,6.32,6.32,31,0
MVP,60,20250204,150000,6.32,6.32,6.3,6.3,149,0
MVP,60,20250204,160000,6.32,6.32,6.28,6.28,675,0
MVP,60,20250204,170000,6.3,6.3,6.3,6.3,5,0
MVP,60,20250205,100000,6.26,6.3,6.22,6.22,455,0
MVP,60,20250205,110000,6.3,6.3,6.3,6.3,17,0
MVP,60,20250205,120000,6.22,6.22,6.22,6.22,5,0
MVP,60,20250205,130000,6.22,6.22,6.22,6.22,174,0
MVP,60,20250205,140000,6.28,6.28,6.28,6.28,800,0
MVP,60,20250205,150000,6.28,6.3,6.28,6.3,340,0
MVP,60,20250205,160000,6.3,6.3,6.3,6.3,307,0
MVP,60,20250205,170000,6.24,6.24,6.22,6.22,120,0
MVP,60,20250206,100000,6.22,6.3,6.22,6.22,653,0
MVP,60,20250206,110000,6.26,6.28,6.26,6.28,172,0
MVP,60,20250206,120000,6.28,6.3,6.28,6.28,1204,0
MVP,60,20250206,130000,6.3,6.3,6.28,6.28,192,0
MVP,60,20250206,140000,6.26,6.26,6.2,6.2,222,0
MVP,60,20250206,150000,6.2,6.2,6.2,6.2,400,0
MVP,60,20250206,160000,6.22,6.22,6.22,6.22,7,0
MVP,60,20250207,100000,6.2,6.28,6.2,6.2,626,0
MVP,60,20250207,110000,6.28,6.28,6.28,6.28,2,0
MVP,60,20250207,120000,6.28,6.28,6.28,6.28,113,0
MVP,60,20250207,130000,6.28,6.28,6.22,6.22,210,0
MVP,60,20250207,140000,6.28,6.28,6.28,6.28,240,0
MVP,60,20250207,150000,6.28,6.28,6.28,6.28,15,0
MVP,60,20250207,160000,6.28,6.32,6.28,6.32,1501,0
MVP,60,20250207,170000,6.32,6.32,6.26,6.32,330,0
MVP,60,20250210,100000,6.36,6.36,6.34,6.36,1009,0
MVP,60,20250210,110000,6.36,6.38,6.36,6.38,260,0
MVP,60,20250210,120000,6.36,6.36,6.36,6.36,1149,0
MVP,60,20250210,130000,6.36,6.36,6.36,6.36,661,0
MVP,60,20250210,140000,6.36,6.4,6.3,6.3,1784,0
MVP,60,20250210,150000,6.4,6.4,6.36,6.36,450,0
MVP,60,20250210,160000,6.36,6.36,6.3,6.36,633,0
MVP,60,20250210,170000,6.36,6.36,6.36,6.36,630,0
MVP,60,20250211,110000,6.38,6.38,6.26,6.26,1308,0
MVP,60,20250211,120000,6.38,6.38,6.38,6.38,4,0
MVP,60,20250211,130000,6.38,6.38,6.38,6.38,1005,0
MVP,60,20250211,140000,6.3,6.3,6.3,6.3,7,0
MVP,60,20250211,150000,6.38,6.38,6.38,6.38,10,0
MVP,60,20250211,160000,6.38,6.38,6.3,6.3,34,0
MVP,60,20250211,170000,6.34,6.34,6.34,6.34,23,0
MVP,60,20250212,100000,6.32,6.34,6.32,6.34,1007,0
MVP,60,20250212,110000,6.3,6.34,6.3,6.34,508,0
MVP,60,20250212,120000,6.34,6.4,6.34,6.4,177,0
MVP,60,20250212,130000,6.32,6.4,6.32,6.4,20,0
MVP,60,20250212,140000,6.36,6.38,6.36,6.38,300,0
MVP,60,20250212,150000,6.4,6.4,6.32,6.32,680,0
MVP,60,20250212,160000,6.34,6.34,6.34,6.34,286,0
MVP,60,20250212,170000,6.32,6.4,6.32,6.4,914,0
MVP,60,20250213,100000,6.38,6.38,6.34,6.34,795,0
MVP,60,20250213,110000,6.34,6.4,6.34,6.38,320,0
MVP,60,20250213,120000,6.34,6.38,6.34,6.34,73,0
MVP,60,20250213,130000,6.36,6.36,6.36,6.36,100,0
MVP,60,20250213,140000,6.38,6.38,6.38,6.38,97,0
MVP,60,20250213,150000,6.4,6.4,6.38,6.38,1041,0
MVP,60,20250213,160000,6.4,6.4,6.38,6.4,620,0
MVP,60,20250213,170000,6.4,6.4,6.4,6.4,1562,0
MVP,60,20250214,100000,6.4,6.4,6.4,6.4,1793,0
MVP,60,20250214,120000,6.4,6.4,6.4,6.4,331,0
MVP,60,20250214,130000,6.4,6.4,6.4,6.4,217,0
MVP,60,20250214,140000,6.4,6.4,6.4,6.4,1787,0
MVP,60,20250214,150000,6.4,6.4,6.4,6.4,1000,0
MVP,60,20250214,160000,6.4,6.42,6.34,6.42,440,0
MVP,60,20250214,170000,6.42,6.42,6.34,6.34,93,0
MVP,60,20250217,100000,6.38,6.42,6.34,6.34,954,0
MVP,60,20250217,110000,6.34,6.34,6.3,6.3,1133,0
MVP,60,20250217,120000,6.3,6.44,6.3,6.32,2199,0
MVP,60,20250217,130000,6.42,6.42,6.42,6.42,100,0
MVP,60,20250217,140000,6.42,6.42,6.42,6.42,34,0
MVP,60,20250217,150000,6.4,6.42,6.4,6.42,350,0
MVP,60,20250217,170000,6.4,6.42,6.4,6.42,820,0
MVP,60,20250218,100000,6.42,6.44,6.4,6.42,529,0
MVP,60,20250218,110000,6.42,6.42,6.36,6.42,1712,0
MVP,60,20250218,120000,6.4,6.4,6.4,6.4,5,0
MVP,60,20250218,130000,6.4,6.42,6.4,6.4,3239,0
MVP,60,20250218,140000,6.4,6.44,6.4,6.44,2111,0
MVP,60,20250218,150000,6.44,6.44,6.44,6.44,889,0
MVP,60,20250218,160000,6.44,6.46,6.44,6.46,431,0
MVP,60,20250218,170000,6.46,6.46,6.4,6.4,6915,0
MVP,60,20250219,100000,6.4,6.48,6.4,6.48,866,0
MVP,60,20250219,110000,6.46,6.46,6.4,6.4,633,0
MVP,60,20250219,120000,6.4,6.44,6.38,6.38,1053,0
MVP,60,20250219,130000,6.4,6.44,6.4,6.44,5,0
MVP,60,20250219,140000,6.44,6.48,6.44,6.48,800,0
MVP,60,20250219,150000,6.46,6.48,6.46,6.48,1434,0
MVP,60,20250219,160000,6.5,6.5,6.5,6.5,90,0
MVP,60,20250219,170000,6.48,6.48,6.48,6.48,1503,0
MVP,60,20250220,100000,6.38,6.5,6.38,6.48,1676,0
MVP,60,20250220,110000,6.38,6.38,6.38,6.38,44,0
MVP,60,20250220,120000,6.48,6.48,6.48,6.48,123,0
MVP,60,20250220,130000,6.4,6.48,6.4,6.4,11450,0
MVP,60,20250220,150000,6.48,6.48,6.38,6.38,1505,0
MVP,60,20250220,160000,6.48,6.48,6.48,6.48,130,0
MVP,60,20250220,170000,6.4,6.4,6.38,6.38,2080,0
MVP,60,20250221,100000,6.42,6.48,6.42,6.42,587,0
MVP,60,20250221,110000,6.46,6.48,6.46,6.46,752,0
MVP,60,20250221,120000,6.42,6.46,6.42,6.42,508,0
MVP,60,20250221,130000,6.42,6.44,6.4,6.44,700,0
MVP,60,20250221,150000,6.46,6.46,6.42,6.42,2832,0
MVP,60,20250221,160000,6.46,6.46,6.42,6.42,175,0
MVP,60,20250221,170000,6.48,6.54,6.48,6.54,3077,0
MVP,60,20250224,100000,6.54,6.54,6.54,6.54,203,0
MVP,60,20250224,110000,6.5,6.66,6.5,6.66,7969,0
MVP,60,20250224,120000,6.66,6.8,6.6,6.8,2692,0
MVP,60,20250224,130000,6.74,6.74,6.6,6.74,5528,0
MVP,60,20250224,140000,6.7,6.7,6.6,6.6,2070,0
MVP,60,20250224,150000,6.56,6.56,6.56,6.56,1099,0
MVP,60,20250224,160000,6.68,6.7,6.56,6.7,1775,0
MVP,60,20250224,170000,6.56,6.56,6.54,6.56,4800,0
MVP,60,20250225,100000,6.68,6.76,6.56,6.76,5851,0
MVP,60,20250225,110000,6.76,6.76,6.74,6.74,964,0
MVP,60,20250225,120000,6.74,6.74,6.62,6.64,675,0
MVP,60,20250225,130000,6.64,6.64,6.64,6.64,1600,0
MVP,60,20250225,140000,6.64,6.64,6.62,6.62,3162,0
MVP,60,20250225,150000,6.62,6.62,6.56,6.56,611,0
MVP,60,20250225,160000,6.58,6.58,6.58,6.58,15,0
MVP,60,20250225,170000,6.58,6.58,6.58,6.58,20,0
MVP,60,20250226,100000,6.72,6.74,6.6,6.6,796,0
MVP,60,20250226,110000,6.6,6.66,6.6,6.66,600,0
MVP,60,20250226,120000,6.66,6.66,6.66,6.66,1545,0
MVP,60,20250226,130000,6.66,6.66,6.66,6.66,1834,0
MVP,60,20250226,140000,6.64,6.66,6.64,6.66,2080,0
MVP,60,20250226,150000,6.62,6.62,6.62,6.62,1073,0
MVP,60,20250226,160000,6.7,6.7,6.7,6.7,74,0
MVP,60,20250226,170000,6.64,6.64,6.64,6.64,10,0
MVP,60,20250227,100000,6.7,6.9,6.7,6.9,8924,0
MVP,60,20250227,110000,6.78,6.88,6.7,6.7,7491,0
MVP,60,20250227,120000,6.7,6.7,6.7,6.7,805,0
MVP,60,20250227,140000,6.7,6.7,6.7,6.7,13,0
MVP,60,20250227,150000,6.74,6.86,6.74,6.86,250,0
MVP,60,20250227,160000,6.86,6.9,6.86,6.88,1781,0
MVP,60,20250227,170000,6.88,6.88,6.74,6.74,4565,0
MVP,60,20250228,100000,6.76,6.84,6.52,6.84,5680,0
MVP,60,20250228,110000,6.6,6.8,6.6,6.6,866,0
MVP,60,20250228,120000,6.6,6.78,6.6,6.76,870,0
MVP,60,20250228,130000,6.74,6.74,6.74,6.74,146,0
MVP,60,20250228,140000,6.72,6.72,6.62,6.72,1002,0
MVP,60,20250228,150000,6.72,6.78,6.62,6.62,922,0
MVP,60,20250228,170000,6.78,6.78,6.78,6.78,50,0
MVP,60,20250303,100000,6.88,6.88,6.66,6.82,1711,0
MVP,60,20250303,120000,6.8,6.8,6.62,6.62,220,0
MVP,60,20250303,130000,6.62,6.7,6.62,6.7,123,0
MVP,60,20250303,140000,6.78,6.78,6.78,6.78,45,0
MVP,60,20250303,150000,6.78,6.78,6.78,6.78,44,0
MVP,60,20250303,160000,6.78,6.78,6.7,6.7,137,0
MVP,60,20250303,170000,6.78,6.78,6.72,6.78,381,0
MVP,60,20250304,100000,6.78,6.78,6.58,6.58,913,0
MVP,60,20250304,110000,6.74,6.74,6.54,6.68,515,0
MVP,60,20250304,130000,6.68,6.68,6.56,6.58,925,0
MVP,60,20250304,140000,6.58,6.68,6.58,6.6,103,0
MVP,60,20250304,150000,6.6,6.6,6.6,6.6,881,0
MVP,60,20250304,160000,6.68,6.68,6.68,6.68,105,0
MVP,60,20250304,170000,6.6,6.7,6.58,6.68,3027,0
MVP,60,20250305,100000,6.6,6.7,6.6,6.6,1600,0
MVP,60,20250305,110000,6.74,6.78,6.7,6.7,967,0
MVP,60,20250305,120000,6.76,6.78,6.76,6.78,716,0
MVP,60,20250305,130000,6.78,6.78,6.78,6.78,7,0
MVP,60,20250305,140000,6.7,6.7,6.7,6.7,131,0
MVP,60,20250305,150000,6.7,6.7,6.7,6.7,1354,0
MVP,60,20250305,170000,6.62,6.64,6.62,6.64,60,0
MVP,60,20250306,100000,6.64,6.78,6.62,6.62,376,0
MVP,60,20250306,110000,6.78,6.78,6.78,6.78,50,0
MVP,60,20250306,120000,6.66,6.78,6.66,6.78,486,0
MVP,60,20250306,130000,6.78,6.78,6.78,6.78,25,0
MVP,60,20250306,140000,6.7,6.7,6.7,6.7,80,0
MVP,60,20250306,150000,6.7,6.7,6.7,6.7,396,0
MVP,60,20250306,160000,6.7,6.7,6.7,6.7,330,0
MVP,60,20250307,100000,6.7,6.7,6.7,6.7,211,0
MVP,60,20250307,110000,6.7,6.78,6.7,6.78,300,0
MVP,60,20250307,120000,6.78,6.78,6.78,6.78,15,0
MVP,60,20250307,150000,6.68,6.68,6.64,6.64,2376,0
MVP,60,20250307,160000,6.64,6.64,6.64,6.64,255,0
MVP,60,20250310,100000,6.64,6.64,6.58,6.58,3415,0
MVP,60,20250310,110000,6.54,6.62,6.54,6.62,641,0
MVP,60,20250310,120000,6.56,6.62,6.56,6.62,150,0
MVP,60,20250310,130000,6.62,6.62,6.62,6.62,16,0
MVP,60,20250310,150000,6.56,6.56,6.56,6.56,49,0
MVP,60,20250310,160000,6.54,6.54,6.54,6.54,149,0
MVP,60,20250310,170000,6.58,6.6,6.54,6.54,917,0
MVP,60,20250311,100000,6.54,6.64,6.54,6.64,181,0
MVP,60,20250311,110000,6.64,6.64,6.56,6.64,94,0
MVP,60,20250311,130000,6.56,6.64,6.56,6.64,130,0
MVP,60,20250311,140000,6.56,6.56,6.56,6.56,200,0
MVP,60,20250311,150000,6.64,6.64,6.64,6.64,5,0
MVP,60,20250311,160000,6.56,6.64,6.56,6.64,189,0
MVP,60,20250311,170000,6.62,6.62,6.62,6.62,1000,0
MVP,60,20250312,100000,6.62,6.64,6.62,6.64,769,0
MVP,60,20250312,130000,6.62,6.62,6.52,6.52,3062,0
MVP,60,20250312,160000,6.54,6.64,6.54,6.64,347,0
MVP,60,20250312,170000,6.54,6.54,6.54,6.54,500,0
MVP,60,20250313,100000,6.54,6.58,6.54,6.58,780,0
MVP,60,20250313,110000,6.58,6.62,6.54,6.54,1213,0
MVP,60,20250313,120000,6.54,6.54,6.54,6.54,15,0
MVP,60,20250313,130000,6.54,6.54,6.52,6.52,1200,0
MVP,60,20250313,140000,6.54,6.54,6.54,6.54,500,0
MVP,60,20250314,100000,6.62,6.62,6.54,6.54,71,0
MVP,60,20250314,120000,6.62,6.62,6.62,6.62,2,0
MVP,60,20250314,130000,6.62,6.64,6.62,6.64,1294,0
MVP,60,20250314,140000,6.64,6.64,6.56,6.56,2081,0
MVP,60,20250314,150000,6.56,6.56,6.56,6.56,4,0
MVP,60,20250314,160000,6.56,6.56,6.56,6.56,5,0
MVP,60,20250314,170000,6.56,6.62,6.56,6.62,160,0
MVP,60,20250317,100000,6.64,6.64,6.6,6.64,5164,0
MVP,60,20250317,110000,6.64,6.64,6.64,6.64,4149,0
MVP,60,20250317,120000,6.64,6.64,6.62,6.64,121,0
MVP,60,20250317,140000,6.62,6.64,6.62,6.64,3061,0
MVP,60,20250317,150000,6.62,6.64,6.62,6.64,770,0
MVP,60,20250317,160000,6.62,6.62,6.62,6.62,263,0
MVP,60,20250317,170000,6.64,6.64,6.64,6.64,557,0
MVP,60,20250318,100000,6.64,6.64,6.62,6.62,2547,0
MVP,60,20250318,110000,6.62,6.62,6.62,6.62,25,0
MVP,60,20250318,120000,6.64,6.64,6.6,6.64,2376,0
MVP,60,20250318,130000,6.64,6.64,6.64,6.64,412,0
MVP,60,20250318,140000,6.64,6.64,6.64,6.64,2,0
MVP,60,20250318,160000,6.62,6.62,6.62,6.62,58,0
MVP,60,20250318,170000,6.62,6.64,6.62,6.64,1650,0
MVP,60,20250319,100000,6.64,6.7,6.62,6.64,3798,0
MVP,60,20250319,110000,6.7,6.8,6.7,6.8,3929,0
MVP,60,20250319,130000,6.74,6.76,6.74,6.76,570,0
MVP,60,20250319,140000,6.68,6.68,6.68,6.68,345,0
MVP,60,20250319,150000,6.76,6.76,6.76,6.76,3,0
MVP,60,20250319,170000,6.68,6.78,6.68,6.78,445,0
MVP,60,20250320,100000,6.8,6.9,6.8,6.9,7740,0
MVP,60,20250320,110000,6.9,6.9,6.66,6.9,5763,0
MVP,60,20250320,120000,6.78,6.88,6.7,6.7,816,0
MVP,60,20250320,130000,6.72,6.72,6.68,6.68,2626,0
MVP,60,20250320,140000,6.7,6.7,6.7,6.7,164,0
MVP,60,20250320,150000,6.84,7,6.8,7,1586,0
MVP,60,20250320,160000,7.08,7.1,7,7.08,1475,0
MVP,60,20250320,170000,7.06,7.06,7,7.02,1109,0
MVP,60,20250321,100000,7.02,7.14,6.84,6.88,10090,0
MVP,60,20250321,110000,6.98,7,6.98,7,372,0
MVP,60,20250321,120000,7.02,7.04,7,7,5030,0
MVP,60,20250321,130000,6.92,6.92,6.88,6.88,1500,0
MVP,60,20250321,140000,6.96,6.96,6.88,6.88,1308,0
MVP,60,20250321,150000,6.9,6.9,6.88,6.88,726,0
MVP,60,20250321,160000,6.88,6.88,6.84,6.84,15,0
MVP,60,20250321,170000,6.84,6.96,6.84,6.96,315,0
MVP,60,20250324,100000,6.92,6.92,6.8,6.88,3394,0
MVP,60,20250324,110000,6.82,6.86,6.78,6.78,1050,0
MVP,60,20250324,120000,6.8,6.94,6.78,6.94,6936,0
MVP,60,20250324,130000,6.96,6.96,6.86,6.86,6182,0
MVP,60,20250324,140000,6.86,6.92,6.82,6.82,3164,0
MVP,60,20250324,150000,6.92,6.92,6.82,6.82,471,0
MVP,60,20250324,170000,6.92,6.92,6.78,6.78,2561,0
MVP,60,20250325,100000,6.86,6.86,6.74,6.86,1032,0
MVP,60,20250325,110000,6.78,6.8,6.78,6.8,89,0
MVP,60,20250325,120000,6.8,6.8,6.8,6.8,56,0
MVP,60,20250325,130000,6.8,6.8,6.8,6.8,837,0
MVP,60,20250325,140000,6.82,6.82,6.8,6.8,302,0
MVP,60,20250325,150000,6.78,6.78,6.72,6.72,3000,0
MVP,60,20250325,160000,6.8,6.8,6.8,6.8,10,0
MVP,60,20250325,170000,6.8,6.8,6.8,6.8,270,0
MVP,60,20250326,100000,6.82,6.82,6.72,6.8,2017,0
MVP,60,20250326,110000,6.7,6.8,6.7,6.8,35,0
MVP,60,20250326,120000,6.8,6.8,6.7,6.7,501,0
MVP,60,20250326,130000,6.72,6.78,6.7,6.7,1166,0
MVP,60,20250326,150000,6.78,6.78,6.7,6.78,727,0
MVP,60,20250326,160000,6.76,6.76,6.76,6.76,31,0
MVP,60,20250326,170000,6.76,6.76,6.74,6.74,515,0
MVP,60,20250327,100000,6.76,6.76,6.7,6.74,1765,0
MVP,60,20250327,110000,6.74,6.74,6.66,6.66,10714,0
MVP,60,20250327,120000,6.68,6.68,6.66,6.66,1148,0
MVP,60,20250327,130000,6.68,6.7,6.68,6.7,1429,0
MVP,60,20250327,140000,6.68,6.68,6.68,6.68,14904,0
MVP,60,20250327,150000,6.68,6.68,6.68,6.68,5776,0
MVP,60,20250327,160000,6.74,6.74,6.7,6.7,600,0
MVP,60,20250327,170000,6.74,6.74,6.7,6.7,1981,0
MVP,60,20250328,100000,6.76,6.76,6.7,6.74,1713,0
MVP,60,20250328,110000,6.68,6.7,6.68,6.7,6768,0
MVP,60,20250328,120000,6.68,6.7,6.66,6.66,6618,0
MVP,60,20250328,130000,6.66,6.66,6.62,6.64,2838,0
MVP,60,20250328,140000,6.64,6.64,6.62,6.64,419,0
MVP,60,20250328,150000,6.62,6.64,6.62,6.64,2388,0
MVP,60,20250328,160000,6.66,6.66,6.66,6.66,105,0
MVP,60,20250328,170000,6.62,6.68,6.5,6.68,9288,0
MVP,60,20250331,100000,6.68,6.68,6.68,6.68,710,0
MVP,60,20250331,110000,6.6,6.66,6.6,6.64,111,0
MVP,60,20250331,120000,6.64,6.64,6.56,6.64,971,0
MVP,60,20250331,130000,6.64,6.64,6.64,6.64,2062,0
MVP,60,20250331,140000,6.62,6.62,6.6,6.6,1051,0
MVP,60,20250331,150000,6.6,6.6,6.6,6.6,80,0
MVP,60,20250331,160000,6.6,6.68,6.6,6.68,2731,0
MVP,60,20250331,170000,6.6,6.66,6.58,6.58,345,0
MVP,60,20250401,100000,6.68,6.68,6.52,6.52,7518,0
MVP,60,20250401,110000,6.52,6.52,6.5,6.52,1184,0
MVP,60,20250401,120000,6.52,6.52,6.52,6.52,750,0
MVP,60,20250401,140000,6.6,6.6,6.6,6.6,10,0
MVP,60,20250401,150000,6.6,6.64,6.6,6.64,618,0
MVP,60,20250401,160000,6.66,6.68,6.64,6.68,1109,0
MVP,60,20250401,170000,6.68,6.68,6.68,6.68,952,0
MVP,60,20250402,100000,6.68,6.74,6.68,6.74,800,0
MVP,60,20250402,110000,6.68,6.76,6.68,6.76,2201,0
MVP,60,20250402,120000,6.78,6.8,6.7,6.7,7094,0
MVP,60,20250402,130000,6.68,6.7,6.68,6.7,6293,0
MVP,60,20250402,140000,6.7,6.7,6.7,6.7,15,0
MVP,60,20250402,150000,6.7,6.7,6.7,6.7,423,0
MVP,60,20250402,160000,6.7,6.7,6.66,6.7,2201,0
MVP,60,20250402,170000,6.7,6.7,6.7,6.7,464,0
MVP,60,20250403,100000,6.62,6.68,6.56,6.68,2850,0
MVP,60,20250403,110000,6.64,6.68,6.64,6.64,5583,0
MVP,60,20250403,120000,6.62,6.62,6.62,6.62,350,0
MVP,60,20250403,130000,6.62,6.64,6.6,6.62,643,0
MVP,60,20250403,140000,6.62,6.64,6.62,6.64,861,0
MVP,60,20250403,150000,6.62,6.62,6.6,6.6,5683,0
MVP,60,20250403,160000,6.56,6.56,6.56,6.56,41,0
MVP,60,20250403,170000,6.56,6.56,6.5,6.5,2896,0
MVP,60,20250404,100000,6.48,6.48,6.4,6.48,2309,0
MVP,60,20250404,110000,6.44,6.5,6.44,6.5,323,0
MVP,60,20250404,120000,6.48,6.6,6.48,6.58,1580,0
MVP,60,20250404,130000,6.44,6.44,6.44,6.44,27,0
MVP,60,20250404,140000,6.46,6.46,6.4,6.46,810,0
MVP,60,20250404,150000,6.2,6.44,6.2,6.44,554,0
MVP,60,20250404,160000,6.3,6.4,6.26,6.4,256,0
MVP,60,20250404,170000,6.4,6.4,6.4,6.4,1933,0
MVP,60,20250407,100000,6.42,6.54,6.06,6.18,43470,0
MVP,60,20250407,110000,6.18,6.18,6.06,6.12,11005,0
MVP,60,20250407,120000,6.38,6.6,6.3,6.58,6719,0
MVP,60,20250407,130000,6.5,6.68,6.5,6.68,1817,0
MVP,60,20250407,140000,6.68,6.9,6.66,6.66,12394,0
MVP,60,20250407,150000,6.8,6.86,6.68,6.86,1815,0
MVP,60,20250407,160000,6.8,6.8,6.7,6.7,135,0
MVP,60,20250407,170000,6.76,6.76,6.7,6.7,1691,0
MVP,60,20250408,100000,6.74,6.8,6.74,6.8,8836,0
MVP,60,20250408,110000,6.8,6.8,6.72,6.72,2161,0
MVP,60,20250408,120000,6.78,6.78,6.7,6.7,442,0
MVP,60,20250408,130000,6.78,6.8,6.76,6.76,2655,0
MVP,60,20250408,140000,6.8,6.84,6.7,6.72,9100,0
MVP,60,20250408,150000,6.82,6.82,6.82,6.82,229,0
MVP,60,20250408,160000,6.78,6.8,6.74,6.8,1178,0
MVP,60,20250408,170000,6.74,6.8,6.7,6.7,9147,0
MVP,60,20250409,100000,6.62,6.62,6.54,6.62,8181,0
MVP,60,20250409,110000,6.66,6.74,6.66,6.74,122,0
MVP,60,20250409,120000,6.74,6.78,6.74,6.78,6743,0
MVP,60,20250409,130000,6.78,6.78,6.7,6.7,236,0
MVP,60,20250409,140000,6.78,6.78,6.6,6.6,3954,0
MVP,60,20250409,150000,6.78,6.78,6.7,6.78,204,0
MVP,60,20250409,160000,6.66,6.66,6.6,6.6,4934,0
MVP,60,20250409,170000,6.68,6.7,6.62,6.68,839,0
MVP,60,20250410,100000,6.96,6.96,6.76,6.9,18133,0
MVP,60,20250410,110000,6.9,6.9,6.76,6.76,8089,0
MVP,60,20250410,120000,6.76,6.76,6.7,6.7,3340,0
MVP,60,20250410,130000,6.76,6.76,6.76,6.76,1669,0
MVP,60,20250410,140000,6.76,6.76,6.74,6.74,1634,0
MVP,60,20250410,150000,6.74,6.76,6.74,6.76,831,0
MVP,60,20250410,160000,6.76,6.76,6.76,6.76,158,0
MVP,60,20250410,170000,6.7,6.76,6.68,6.68,1392,0
MVP,60,20250411,100000,6.68,6.76,6.68,6.76,877,0
MVP,60,20250411,110000,6.76,6.8,6.76,6.8,141,0
MVP,60,20250411,130000,6.8,6.8,6.6,6.8,5125,0
MVP,60,20250411,140000,6.8,6.8,6.8,6.8,984,0
MVP,60,20250411,160000,6.72,6.8,6.72,6.8,1522,0
MVP,60,20250414,100000,6.8,7.08,6.78,7,31071,0
MVP,60,20250414,110000,7,7,6.84,7,1887,0
MVP,60,20250414,120000,7,7,6.98,6.98,30,0
MVP,60,20250414,130000,6.9,6.98,6.9,6.98,545,0
MVP,60,20250414,140000,6.92,6.98,6.92,6.98,157,0
MVP,60,20250414,150000,6.98,6.98,6.96,6.96,273,0
MVP,60,20250414,160000,6.94,6.94,6.92,6.92,300,0
MVP,60,20250414,170000,6.92,6.94,6.92,6.94,980,0
MVP,60,20250415,100000,6.96,6.98,6.86,6.98,2114,0
MVP,60,20250415,110000,6.94,6.98,6.92,6.98,77,0
MVP,60,20250415,120000,6.98,6.98,6.9,6.9,3114,0
MVP,60,20250415,130000,6.9,6.9,6.9,6.9,1804,0
MVP,60,20250415,140000,6.9,6.9,6.9,6.9,256,0
MVP,60,20250415,150000,6.9,6.9,6.88,6.9,5466,0
MVP,60,20250415,160000,6.9,6.92,6.9,6.9,12938,0
MVP,60,20250415,170000,6.88,6.88,6.88,6.88,760,0
MVP,60,20250416,100000,6.88,6.98,6.88,6.98,2519,0
MVP,60,20250416,110000,6.98,6.98,6.9,6.9,31,0
MVP,60,20250416,120000,6.9,6.96,6.9,6.96,1504,0
MVP,60,20250416,130000,6.9,6.96,6.9,6.96,1175,0
MVP,60,20250416,140000,6.88,6.88,6.88,6.88,277,0
MVP,60,20250416,150000,6.96,6.96,6.88,6.94,520,0
MVP,60,20250416,170000,6.88,6.9,6.88,6.88,1690,0
MVP,60,20250417,100000,6.88,6.98,6.88,6.98,43,0
MVP,60,20250417,110000,6.98,6.98,6.88,6.88,369,0
MVP,60,20250417,120000,6.88,6.98,6.88,6.9,3253,0
MVP,60,20250417,150000,6.9,6.9,6.9,6.9,144,0
MVP,60,20250417,160000,6.9,6.9,6.9,6.9,400,0
MVP,60,20250417,170000,6.9,6.96,6.9,6.96,372,0
MVP,60,20250422,100000,6.94,6.94,6.88,6.94,1823,0
MVP,60,20250422,110000,6.92,6.94,6.88,6.88,1381,0
MVP,60,20250422,120000,6.9,6.9,6.88,6.88,459,0
MVP,60,20250422,130000,6.88,6.88,6.88,6.88,100,0
MVP,60,20250422,140000,6.92,6.94,6.88,6.94,1667,0
MVP,60,20250422,150000,6.9,6.9,6.88,6.88,2376,0
MVP,60,20250422,160000,6.92,6.92,6.92,6.92,200,0
MVP,60,20250422,170000,6.92,6.92,6.92,6.92,38,0
MVP,60,20250423,100000,6.86,6.92,6.86,6.92,2409,0
MVP,60,20250423,110000,6.92,6.92,6.88,6.92,2267,0
MVP,60,20250423,120000,6.88,6.92,6.88,6.92,3557,0
MVP,60,20250423,140000,6.9,6.9,6.86,6.88,268,0
MVP,60,20250423,150000,6.88,6.88,6.84,6.88,1855,0
MVP,60,20250423,160000,6.88,6.88,6.88,6.88,8462,0
MVP,60,20250423,170000,6.92,6.92,6.9,6.92,82,0
MVP,60,20250424,100000,6.9,6.9,6.84,6.84,8332,0
MVP,60,20250424,110000,6.84,6.84,6.82,6.84,5315,0
MVP,60,20250424,120000,6.82,6.82,6.8,6.8,1127,0
MVP,60,20250424,130000,6.8,6.84,6.8,6.84,850,0
MVP,60,20250424,140000,6.84,6.84,6.84,6.84,2,0
MVP,60,20250424,160000,6.84,6.84,6.82,6.84,1268,0
MVP,60,20250424,170000,6.8,6.84,6.8,6.84,1661,0
MVP,60,20250425,100000,6.86,6.9,6.86,6.88,661,0
MVP,60,20250425,110000,6.86,6.86,6.86,6.86,17,0
MVP,60,20250425,120000,6.84,6.86,6.84,6.86,555,0
MVP,60,20250425,130000,6.84,6.86,6.82,6.86,581,0
MVP,60,20250425,140000,6.88,6.88,6.84,6.84,1000,0
MVP,60,20250425,150000,6.9,6.9,6.9,6.9,30,0
MVP,60,20250425,160000,6.9,6.96,6.9,6.9,4995,0
MVP,60,20250425,170000,6.92,6.94,6.9,6.94,2659,0
MVP,60,20250428,100000,6.94,6.96,6.92,6.96,7787,0
MVP,60,20250428,110000,6.96,6.96,6.96,6.96,3643,0
MVP,60,20250428,120000,6.96,6.96,6.94,6.94,2037,0
MVP,60,20250428,130000,6.9,6.9,6.9,6.9,3043,0
MVP,60,20250428,140000,6.88,6.92,6.88,6.92,1457,0
MVP,60,20250428,150000,6.92,6.92,6.88,6.88,2717,0
MVP,60,20250429,100000,6.88,6.92,6.82,6.92,6909,0
MVP,60,20250429,110000,6.9,6.9,6.7,6.7,168229,0
MVP,60,20250429,130000,6.9,6.9,6.9,6.9,264,0
MVP,60,20250429,140000,6.88,6.88,6.88,6.88,806,0
MVP,60,20250429,150000,6.88,6.9,6.84,6.9,5816,0
MVP,60,20250429,170000,6.9,6.92,6.8,6.9,13273,0
MVP,60,20250430,100000,6.9,6.9,6.9,6.9,20,0
MVP,60,20250430,110000,6.86,6.9,6.84,6.84,3307,0
MVP,60,20250430,120000,6.88,6.94,6.84,6.94,2366,0
MVP,60,20250430,130000,6.84,6.84,6.84,6.84,5,0
MVP,60,20250430,140000,6.94,6.96,6.94,6.94,2405,0
MVP,60,20250430,150000,6.88,6.88,6.88,6.88,144,0
MVP,60,20250430,160000,6.9,6.9,6.9,6.9,2253,0
MVP,60,20250430,170000,6.88,6.88,6.88,6.88,1610,0
MVP,60,20250502,100000,6.84,6.84,6.84,6.84,780,0
MVP,60,20250502,110000,6.88,6.88,6.88,6.88,22,0
MVP,60,20250502,120000,6.88,6.88,6.86,6.86,328,0
MVP,60,20250502,130000,6.92,6.92,6.92,6.92,60,0
MVP,60,20250502,140000,6.86,6.92,6.86,6.92,151,0
MVP,60,20250502,150000,6.86,6.92,6.86,6.92,313,0
MVP,60,20250502,160000,6.92,6.92,6.92,6.92,836,0
MVP,60,20250502,170000,6.92,6.92,6.92,6.92,7,0
MVP,60,20250505,100000,6.92,6.94,6.86,6.94,3327,0
MVP,60,20250505,110000,6.86,6.9,6.86,6.9,20,0
MVP,60,20250505,120000,6.88,6.94,6.88,6.94,810,0
MVP,60,20250505,130000,6.94,6.94,6.94,6.94,874,0
MVP,60,20250505,140000,6.96,6.96,6.86,6.86,453,0
MVP,60,20250505,150000,6.92,6.92,6.92,6.92,4,0
MVP,60,20250505,160000,6.92,6.96,6.9,6.9,1472,0
MVP,60,20250505,170000,6.94,6.96,6.86,6.86,1217,0
MVP,60,20250506,100000,6.94,6.96,6.84,6.84,11064,0
MVP,60,20250506,110000,6.94,6.94,6.9,6.94,407,0
MVP,60,20250506,120000,6.94,6.94,6.82,6.82,220,0
MVP,60,20250506,130000,6.94,6.94,6.94,6.94,14,0
MVP,60,20250506,140000,6.94,6.94,6.94,6.94,3,0
MVP,60,20250506,150000,6.9,6.9,6.84,6.84,1984,0
MVP,60,20250506,170000,6.92,6.92,6.92,6.92,10,0
