<TICKER>,<PER>,<DATE>,<TIME>,<OPEN>,<HIGH>,<LOW>,<CLOSE>,<VOL>,<OPENINT>
NCL,60,20240411,100000,106.8,108,106.8,108,78,0
NCL,60,20240411,110000,106.8,107.6,106.8,107.6,127,0
NCL,60,20240411,120000,106.8,107.6,106.6,107.6,165,0
NCL,60,20240411,130000,108,108,106.6,106.6,72,0
NCL,60,20240411,150000,106.6,106.6,106.6,106.6,20,0
NCL,60,20240411,160000,106.6,106.6,106,106,184,0
NCL,60,20240411,170000,106,106,106,106,118,0
NCL,60,20240412,100000,105.2,107.8,105.2,107.8,30,0
NCL,60,20240412,110000,107.8,108,107.8,108,72,0
NCL,60,20240412,120000,107,107,107,107,15,0
NCL,60,20240412,130000,107,107,106,106,349,0
NCL,60,20240412,140000,106,106,106,106,5,0
NCL,60,20240412,160000,107,107,105,105,123,0
NCL,60,20240412,170000,105.4,105.4,103.6,103.6,471,0
NCL,60,20240415,100000,104,105,104,105,32,0
NCL,60,20240415,110000,104.6,104.6,104.4,104.4,27,0
NCL,60,20240415,120000,105,105,104.6,104.6,50,0
NCL,60,20240415,130000,104.6,104.6,104.4,104.4,51,0
NCL,60,20240415,140000,104.8,104.8,104.4,104.4,10,0
NCL,60,20240415,150000,104.8,104.8,104.4,104.4,6,0
NCL,60,20240415,160000,104.8,105,104.8,105,78,0
NCL,60,20240415,170000,105,106,105,106,70,0
NCL,60,20240416,100000,107,107,107,107,54,0
NCL,60,20240416,110000,105,105,105,105,33,0
NCL,60,20240416,120000,106.2,106.2,106,106.2,41,0
NCL,60,20240416,130000,106.2,106.2,106.2,106.2,15,0
NCL,60,20240416,140000,104.8,104.8,103.6,103.6,115,0
NCL,60,20240416,150000,104,104,104,104,7,0
NCL,60,20240416,160000,104.4,104.4,104.4,104.4,50,0
NCL,60,20240416,170000,104.6,106,104,106,189,0
NCL,60,20240417,100000,107,107,107,107,147,0
NCL,60,20240417,110000,106,106,106,106,40,0
NCL,60,20240417,120000,106.8,106.8,105,105,59,0
NCL,60,20240417,130000,105,105,104.8,105,108,0
NCL,60,20240417,140000,105,106.8,105,106.8,10,0
NCL,60,20240417,170000,105.2,106.6,105.2,106.6,52,0
NCL,60,20240418,100000,105,105,104,104,141,0
NCL,60,20240418,110000,104.2,104.2,104,104,43,0
NCL,60,20240418,120000,103.8,104.4,103.6,104.4,850,0
NCL,60,20240418,160000,105.4,105.4,105.4,105.4,20,0
NCL,60,20240418,170000,104.6,104.8,103.6,104.4,153,0
NCL,60,20240419,100000,104.8,104.8,104.8,104.8,50,0
NCL,60,20240419,110000,104.8,106,104.8,106,18,0
NCL,60,20240419,120000,106.2,106.2,106.2,106.2,13,0
NCL,60,20240419,140000,104.6,104.6,104.6,104.6,25,0
NCL,60,20240419,160000,104.6,104.6,104.2,104.2,35,0
NCL,60,20240419,170000,104.2,105.8,104,105.8,76,0
NCL,60,20240422,120000,106,106,104.6,104.6,14,0
NCL,60,20240422,150000,106,106,106,106,93,0
NCL,60,20240422,160000,105.4,105.4,105.4,105.4,18,0
NCL,60,20240422,170000,106,106,104,105,204,0
NCL,60,20240423,110000,104.6,105,103,103,77,0
NCL,60,20240423,120000,103,104.6,103,103,58,0
NCL,60,20240423,130000,103,103,103,103,10,0
NCL,60,20240423,140000,104.4,104.6,104.4,104.6,47,0
NCL,60,20240423,150000,104.4,104.6,104.4,104.6,42,0
NCL,60,20240423,160000,104.6,104.6,104.6,104.6,28,0
NCL,60,20240423,170000,105,105,105,105,99,0
NCL,60,20240424,100000,105,105.6,105,105,103,0
NCL,60,20240424,110000,105,105.6,105,105.2,56,0
NCL,60,20240424,120000,105,105,103,103,94,0
NCL,60,20240424,130000,103,103.2,102.4,102.4,72,0
NCL,60,20240424,140000,102.4,104.8,102.4,104.8,74,0
NCL,60,20240424,150000,103,103.2,103,103.2,12,0
NCL,60,20240424,160000,103.2,103.2,103.2,103.2,2,0
NCL,60,20240424,170000,104,104,104,104,44,0
NCL,60,20240425,110000,104.8,104.8,104,104,80,0
NCL,60,20240425,120000,104.6,104.6,99,102,492,0
NCL,60,20240425,140000,102,103,101,103,159,0
NCL,60,20240425,150000,100.8,102,100,102,350,0
NCL,60,20240425,160000,101,102,101,102,204,0
NCL,60,20240425,170000,101,102,101,102,514,0
NCL,60,20240426,100000,102.8,102.8,101.8,101.8,60,0
NCL,60,20240426,110000,101.8,101.8,101.8,101.8,50,0
NCL,60,20240426,140000,102.8,102.8,102,102,16,0
NCL,60,20240426,150000,102,102.8,102,102,254,0
NCL,60,20240426,160000,101.8,104.8,100.4,104.8,81,0
NCL,60,20240426,170000,104.8,105.6,101.2,102.6,86,0
NCL,60,20240429,100000,102,105.6,102,102.6,307,0
NCL,60,20240429,120000,104,104,103.8,103.8,9,0
NCL,60,20240429,130000,105.6,105.8,105.6,105.8,199,0
NCL,60,20240429,150000,105,105,104.8,105,139,0
NCL,60,20240429,170000,104,106,103.8,106,19,0
NCL,60,20240430,100000,106,106,106,106,6,0
NCL,60,20240430,110000,105,106,105,105,104,0
NCL,60,20240430,120000,105.8,105.8,105.6,105.6,60,0
NCL,60,20240430,140000,105,105,105,105,54,0
NCL,60,20240430,150000,105,105,105,105,1,0
NCL,60,20240430,160000,105.6,105.6,105,105,90,0
NCL,60,20240430,170000,104.2,105.4,104.2,105.4,45,0
NCL,60,20240502,110000,105,105,104,104,150,0
NCL,60,20240502,120000,104.2,104.2,104,104,100,0
NCL,60,20240502,130000,106.4,107,106.4,107,68,0
NCL,60,20240502,140000,107,107.6,107,107.6,30,0
NCL,60,20240506,100000,107.6,107.6,107.6,107.6,23,0
NCL,60,20240506,110000,108,108,108,108,11,0
NCL,60,20240506,120000,108,108.4,108,108.4,14,0
NCL,60,20240506,130000,107.8,107.8,107,107,6,0
NCL,60,20240506,150000,107,107,107,107,3,0
NCL,60,20240506,160000,106.2,107,105,105.4,319,0
NCL,60,20240506,170000,107,109,106,109,242,0
NCL,60,20240507,100000,107,107,106.4,106.4,40,0
NCL,60,20240507,110000,107,107,106.4,106.4,103,0
NCL,60,20240507,120000,107,107.6,107,107.6,32,0
NCL,60,20240507,140000,107,107,107,107,3,0
NCL,60,20240507,150000,108.6,108.6,108.6,108.6,2,0
NCL,60,20240507,160000,108.6,108.6,106,106,121,0
NCL,60,20240507,170000,106,108,106,108,143,0
NCL,60,20240508,100000,108.4,108.4,107,108.4,5,0
NCL,60,20240508,110000,108.4,108.8,108,108,67,0
NCL,60,20240508,130000,107.2,107.2,106.4,106.4,286,0
NCL,60,20240508,160000,106.4,106.4,105.4,105.4,57,0
NCL,60,20240508,170000,105.6,105.6,105,105.2,140,0
NCL,60,20240509,100000,105,105,105,105,1,0
NCL,60,20240509,110000,106.8,108.4,105.2,108.4,38,0
NCL,60,20240509,120000,108.4,112.8,108.4,109.4,304,0
NCL,60,20240509,130000,109.4,109.4,109.4,109.4,37,0
NCL,60,20240509,150000,108,108,107.6,107.6,69,0
NCL,60,20240509,160000,108,108,107.8,107.8,5,0
NCL,60,20240509,170000,107.8,109,107.8,109,101,0
NCL,60,20240510,100000,109,109,106,107.6,268,0
NCL,60,20240510,110000,108,108,107.6,107.6,13,0
NCL,60,20240510,120000,109,109,106,106,78,0
NCL,60,20240510,130000,106.6,106.6,106.4,106.4,23,0
NCL,60,20240510,140000,107,109.6,107,109.6,201,0
NCL,60,20240510,150000,110,112,109.2,109.2,104,0
NCL,60,20240510,160000,109.2,109.8,107,107,166,0
NCL,60,20240510,170000,109.8,109.8,109.8,109.8,10,0
NCL,60,20240513,100000,110,111.4,106.6,110,212,0
NCL,60,20240513,110000,109.2,110,106.6,110,20,0
NCL,60,20240513,150000,109.4,109.8,109.4,109.8,56,0
NCL,60,20240513,160000,109.8,109.8,109.8,109.8,20,0
NCL,60,20240513,170000,109.8,109.8,109.8,109.8,2,0
NCL,60,20240514,100000,109.8,109.8,106,107,184,0
NCL,60,20240514,110000,109.2,109.4,109.2,109.4,2,0
NCL,60,20240514,120000,108.8,109.8,108.8,109.8,23064,0
NCL,60,20240514,130000,108.2,108.2,108.2,108.2,12,0
NCL,60,20240514,140000,108,109,106.4,109,55,0
NCL,60,20240514,150000,109,109,107,107,36,0
NCL,60,20240514,160000,107,107.4,106.4,106.4,69,0
NCL,60,20240514,170000,107.4,109,107.4,109,62,0
NCL,60,20240515,100000,106,111.8,106,107,310,0
NCL,60,20240515,110000,108,110.8,108,110,160,0
NCL,60,20240515,120000,110,110,109.8,110,86,0
NCL,60,20240515,130000,109,109,107.2,107.2,108,0
NCL,60,20240515,160000,107.4,107.4,107.4,107.4,10,0
NCL,60,20240515,170000,107.6,109,107.4,109,37,0
NCL,60,20240516,100000,110,110,103,104,730,0
NCL,60,20240516,110000,105,105,105,105,72,0
NCL,60,20240516,120000,105.2,105.2,105.2,105.2,23,0
NCL,60,20240516,130000,105.2,107,105.2,107,65,0
NCL,60,20240516,140000,107,107,105,105,52,0
NCL,60,20240516,150000,105,106.6,105,106.6,171,0
NCL,60,20240516,160000,106.6,106.6,106.6,106.6,7,0
NCL,60,20240516,170000,106.8,108.8,106.8,108.8,104,0
NCL,60,20240517,100000,108,108,104,104,483,0
NCL,60,20240517,110000,104.4,104.4,102.4,103,788,0
NCL,60,20240517,120000,103.8,104,103.2,103.6,122,0
NCL,60,20240517,130000,104.4,104.4,104.4,104.4,35,0
NCL,60,20240517,140000,104.8,104.8,104,104,103,0
NCL,60,20240517,150000,103.6,104.6,103.6,103.6,99,0
NCL,60,20240517,160000,104.4,104.4,104.4,104.4,12,0
NCL,60,20240517,170000,104.6,105.8,104.6,105.8,48,0
NCL,60,20240520,100000,104.6,105,103.8,104.6,148,0
NCL,60,20240520,110000,104.8,105,103.6,103.6,379,0
NCL,60,20240520,120000,103.6,103.8,103,103,368,0
NCL,60,20240520,130000,102.8,104,100.4,104,780,0
NCL,60,20240520,140000,104,104,104,104,54,0
NCL,60,20240520,150000,104,104,103.6,103.6,26,0
NCL,60,20240520,160000,104,104.4,104,104.4,116,0
NCL,60,20240520,170000,104.4,104.4,103,103,202,0
NCL,60,20240521,100000,104.4,107.6,104.4,105.6,489,0
NCL,60,20240521,110000,105.6,105.6,104.4,105,163,0
NCL,60,20240521,120000,105,105,104,105,209,0
NCL,60,20240521,130000,105.6,105.8,105,105.8,279,0
NCL,60,20240521,140000,105.2,105.8,105,105.4,73,0
NCL,60,20240521,150000,105.4,105.8,105.4,105.8,54,0
NCL,60,20240521,160000,105.2,107,105,107,245,0
NCL,60,20240521,170000,107,107,106.2,107,84,0
NCL,60,20240522,100000,107,109,106.4,106.6,107,0
NCL,60,20240522,110000,108.8,108.8,106.6,106.6,99,0
NCL,60,20240522,120000,106.8,106.8,105.2,105.2,175,0
NCL,60,20240522,140000,105.4,107,105.2,105.2,322,0
NCL,60,20240522,150000,108,108,105.4,105.4,21,0
NCL,60,20240522,160000,106.8,108.8,106.8,108.6,118,0
NCL,60,20240522,170000,108,108.6,106,106,88,0
NCL,60,20240523,100000,108,109.8,108,109.8,170,0
NCL,60,20240523,110000,109.4,109.4,109.4,109.4,1,0
NCL,60,20240523,120000,108.2,108.2,108.2,108.2,4,0
NCL,60,20240523,130000,107,109.4,107,109.4,177,0
NCL,60,20240523,140000,109.4,109.4,108.2,108.2,17,0
NCL,60,20240523,150000,107.8,107.8,107.8,107.8,10,0
NCL,60,20240523,160000,107.8,107.8,107,107,58,0
NCL,60,20240523,170000,108.4,108.4,107,107,31,0
NCL,60,20240524,100000,106.2,106.2,106,106,59,0
NCL,60,20240524,110000,107.8,108,107.8,108,29,0
NCL,60,20240524,120000,107,107,104.4,104.4,200,0
NCL,60,20240524,130000,105,105,104.4,104.4,60,0
NCL,60,20240524,140000,107,107,107,107,3,0
NCL,60,20240524,150000,106,106.2,106,106.2,66,0
NCL,60,20240524,160000,106.8,107,106.8,107,116,0
NCL,60,20240524,170000,107,107,107,107,30,0
NCL,60,20240527,100000,106,107.2,106,107,270,0
NCL,60,20240527,110000,107,107.6,106.6,107.6,313,0
NCL,60,20240527,130000,107,107,106.8,106.8,25,0
NCL,60,20240527,140000,107.2,107.2,107.2,107.2,1,0
NCL,60,20240527,170000,106.6,107.6,106.6,107.6,99,0
NCL,60,20240528,100000,107,107.8,107,107,308,0
NCL,60,20240528,110000,107,107,104,104,196,0
NCL,60,20240528,130000,105.8,106.2,105.8,106.2,18,0
NCL,60,20240528,140000,105,105,104,105,271,0
NCL,60,20240528,150000,105,106,105,106,113,0
NCL,60,20240528,170000,106,106.2,106,106.2,112,0
NCL,60,20240529,100000,106.2,106.2,105,105,21,0
NCL,60,20240529,110000,103.8,103.8,102,102.2,302,0
NCL,60,20240529,120000,104.2,104.2,104.2,104.2,20,0
NCL,60,20240529,130000,103.2,103.2,103.2,103.2,15,0
NCL,60,20240529,140000,103.2,103.2,103,103,20,0
NCL,60,20240529,150000,103,104,102.8,104,29,0
NCL,60,20240529,170000,102.8,104,102.8,104,103,0
NCL,60,20240531,100000,103,106.6,103,106.6,126,0
NCL,60,20240531,120000,104.2,106,104.2,106,13,0
NCL,60,20240531,130000,104.2,105.6,104.2,105.6,12,0
NCL,60,20240531,140000,105.6,105.6,104,104,53,0
NCL,60,20240531,160000,104,104,104,104,25,0
NCL,60,20240531,170000,105.6,105.6,105.6,105.6,3,0
NCL,60,20240603,100000,105,105.6,105,105,70,0
NCL,60,20240603,130000,104.8,105,104.8,105,48,0
NCL,60,20240603,140000,104.8,105,104.8,105,19,0
NCL,60,20240603,160000,104.8,104.8,104.8,104.8,31,0
NCL,60,20240603,170000,104.4,105,103.6,105,62,0
NCL,60,20240604,100000,103.6,103.6,103.6,103.6,60,0
NCL,60,20240604,110000,103.8,103.8,102,103.8,137,0
NCL,60,20240604,130000,102.4,102.4,102.4,102.4,32,0
NCL,60,20240604,160000,103.8,104,103.8,104,50,0
NCL,60,20240604,170000,104.6,105,104.2,104.2,50,0
NCL,60,20240605,100000,104.6,104.6,102.8,103,101,0
NCL,60,20240605,110000,103,103,102.8,103,64,0
NCL,60,20240605,120000,103,103,103,103,44,0
NCL,60,20240605,130000,103,103,103,103,5,0
NCL,60,20240605,140000,103,104.4,103,104.4,38,0
NCL,60,20240605,150000,104.6,104.8,104.6,104.8,26,0
NCL,60,20240605,160000,103,104.8,102.2,103,239,0
NCL,60,20240605,170000,103,103.8,103,103.8,53,0
NCL,60,20240606,100000,103.8,103.8,103.8,103.8,100,0
NCL,60,20240606,110000,104.6,104.6,104.6,104.6,1,0
NCL,60,20240606,120000,104,104,102,103.8,472,0
NCL,60,20240606,130000,102.4,102.4,102.2,102.2,20,0
NCL,60,20240606,140000,102,103,102,103,117,0
NCL,60,20240606,150000,103,103.4,103,103.4,44,0
NCL,60,20240606,160000,102.2,102.2,102,102,85,0
NCL,60,20240606,170000,102,103.4,102,103.4,29,0
NCL,60,20240607,100000,102,102,101,101,755,0
NCL,60,20240607,110000,101,103.4,100.6,103.4,232,0
NCL,60,20240607,120000,100.8,100.8,100.2,100.2,58,0
NCL,60,20240607,130000,100.6,100.6,100.6,100.6,40,0
NCL,60,20240607,140000,102,102,100,100,137,0
NCL,60,20240607,150000,100.2,100.2,100.2,100.2,14,0
NCL,60,20240607,160000,100.4,103,100,103,295,0
NCL,60,20240607,170000,103,103,100.2,100.2,304,0
NCL,60,20240610,100000,100.2,101,99.1,101,347,0
NCL,60,20240610,110000,100,100,99,99,447,0
NCL,60,20240610,120000,99.7,100.8,99,100,201,0
NCL,60,20240610,130000,100,101,100,101,65,0
NCL,60,20240610,140000,100.8,100.8,100.8,100.8,50,0
NCL,60,20240610,150000,100,100,100,100,50,0
NCL,60,20240610,160000,99.4,99.8,95.5,97,865,0
NCL,60,20240610,170000,98.4,98.4,98.4,98.4,17,0
NCL,60,20240611,100000,98.4,98.7,98,98,102,0
NCL,60,20240611,110000,98,98,98,98,307,0
NCL,60,20240611,120000,98,98.6,98,98.6,101,0
NCL,60,20240611,130000,98.4,98.6,97,97,240,0
NCL,60,20240611,140000,97,98,97,98,13,0
NCL,60,20240611,160000,96.8,97.9,96.8,97.9,25,0
NCL,60,20240611,170000,96.8,96.8,94,94.4,846,0
NCL,60,20240612,100000,94.4,96.7,94.4,95,325,0
NCL,60,20240612,110000,95,95.5,94.8,95.5,87,0
NCL,60,20240612,120000,95.3,95.5,94.4,95.5,167,0
NCL,60,20240612,130000,95.5,95.6,94.4,94.4,161,0
NCL,60,20240612,140000,94.6,94.6,94.5,94.5,67,0
NCL,60,20240612,150000,94.5,95.6,94.4,95.6,89,0
NCL,60,20240612,160000,95.5,96,95.5,96,93,0
NCL,60,20240612,170000,96,96.9,95.1,96.9,93,0
NCL,60,20240613,100000,97,97.1,97,97,60,0
NCL,60,20240613,120000,96.1,97,96,96,161,0
NCL,60,20240613,140000,97,97,97,97,9,0
NCL,60,20240613,170000,97.6,97.6,97.6,97.6,6,0
NCL,60,20240614,100000,97.6,97.6,94.4,96,210,0
NCL,60,20240614,110000,96,96,95,95,70,0
NCL,60,20240614,120000,95,96,94.7,96,26,0
NCL,60,20240614,130000,94.8,95,94,94,70,0
NCL,60,20240614,140000,94.4,94.4,94,94,73,0
NCL,60,20240614,150000,93.9,94,93.2,94,111,0
NCL,60,20240614,160000,94,96,94,96,77,0
NCL,60,20240614,170000,94.3,95.8,94.3,95.8,14,0
NCL,60,20240617,100000,95.8,95.8,94.3,94.3,44,0
NCL,60,20240617,110000,95,95,95,95,11,0
NCL,60,20240617,120000,94.4,94.4,87,89.8,870,0
NCL,60,20240617,130000,90,91.9,90,91.4,289,0
NCL,60,20240617,140000,91,92,90,90,338,0
NCL,60,20240617,150000,91.4,92.2,90.4,92.2,43,0
NCL,60,20240617,160000,92.2,92.2,91,91,50,0
NCL,60,20240617,170000,90.9,91,90,90.7,474,0
NCL,60,20240618,100000,90.7,91.8,90.2,91.8,226,0
NCL,60,20240618,110000,91.8,91.8,90.1,91,195,0
NCL,60,20240618,120000,90.9,90.9,90.9,90.9,2,0
NCL,60,20240618,130000,90.9,90.9,90.3,90.3,104,0
NCL,60,20240618,140000,90.1,90.1,90,90,75,0
NCL,60,20240618,150000,90.3,90.3,90.3,90.3,37,0
NCL,60,20240618,160000,90.5,90.5,90,90,141,0
NCL,60,20240618,170000,89.9,90,89.2,90,173,0
NCL,60,20240619,100000,91,92.7,91,91,105,0
NCL,60,20240619,110000,91,91,91,91,2,0
NCL,60,20240619,120000,91,91,91,91,8,0
NCL,60,20240619,130000,90.9,90.9,89.6,89.6,16,0
NCL,60,20240619,140000,89.6,90.9,89.4,90.9,49,0
NCL,60,20240619,160000,89.5,89.5,89.5,89.5,65,0
NCL,60,20240619,170000,91,92,89.6,89.6,92,0
NCL,60,20240620,100000,89.5,90,82.2,86.5,1810,0
NCL,60,20240620,110000,86.5,88.8,85.9,88.8,555,0
NCL,60,20240620,120000,88.7,90,88.7,89.9,278,0
NCL,60,20240620,130000,89,89,88.7,88.7,31,0
NCL,60,20240620,140000,89.3,89.9,88.7,89.9,98,0
NCL,60,20240620,150000,89.9,90,89,89,84,0
NCL,60,20240620,160000,90,94.4,90,93.1,253,0
NCL,60,20240620,170000,94,94.4,93.2,94,78,0
NCL,60,20240621,100000,94.4,94.4,92.5,92.5,61,0
NCL,60,20240621,110000,92.6,92.6,91,91,22,0
NCL,60,20240621,120000,91,91,91,91,31,0
NCL,60,20240621,140000,91,91,90.8,90.8,30,0
NCL,60,20240621,150000,90.8,90.8,90.8,90.8,7,0
NCL,60,20240621,160000,90.8,92.6,90.8,92.6,8,0
NCL,60,20240621,170000,93.2,94.5,93.2,94.5,41,0
NCL,60,20240624,100000,94.5,94.5,93.1,93.1,54,0
NCL,60,20240624,110000,93.2,93.2,93.1,93.1,110,0
NCL,60,20240624,120000,93.1,94,93.1,94,12,0
NCL,60,20240624,130000,94.2,94.5,93.1,93.1,80,0
NCL,60,20240624,140000,92.9,92.9,91,91,38,0
NCL,60,20240624,150000,91.2,94,91.2,94,292,0
NCL,60,20240625,120000,93.5,93.5,93.5,93.5,1,0
NCL,60,20240625,150000,93.5,93.5,92,92,28,0
NCL,60,20240625,160000,91.7,91.7,90,90,211,0
NCL,60,20240625,170000,90,92,89.8,92,419,0
NCL,60,20240626,100000,90,90,87,88.9,501,0
NCL,60,20240626,110000,88,88,87.9,87.9,26,0
NCL,60,20240626,120000,88,89,88,88.4,160,0
NCL,60,20240626,130000,88,89,88,89,37,0
NCL,60,20240626,140000,88.4,89,88.4,89,31,0
NCL,60,20240626,150000,88.9,88.9,87.5,87.5,164,0
NCL,60,20240626,160000,87.5,88.7,87.4,88.7,46,0
NCL,60,20240626,170000,88.6,88.8,87.5,88.8,133,0
NCL,60,20240627,100000,88.4,88.8,87.1,88.8,112,0
NCL,60,20240627,120000,88,88,87.2,87.2,215,0
NCL,60,20240627,130000,87.6,87.6,87.1,87.2,34,0
NCL,60,20240627,140000,87.1,87.1,87,87.1,28,0
NCL,60,20240627,150000,87.1,87.1,85.2,85.4,374,0
NCL,60,20240627,160000,85.4,86,85.4,85.5,156,0
NCL,60,20240627,170000,86,87,86,87,74,0
NCL,60,20240628,100000,87,88.7,87,87,130,0
NCL,60,20240628,110000,87,87,87,87,10,0
NCL,60,20240628,120000,87,87,87,87,28,0
NCL,60,20240628,130000,87.5,87.5,87,87,36,0
NCL,60,20240628,140000,87,87,87,87,15,0
NCL,60,20240628,150000,87.9,87.9,87.9,87.9,9,0
NCL,60,20240628,160000,87.9,87.9,87.5,87.5,41,0
NCL,60,20240628,170000,87.4,87.5,86.1,86.1,483,0
NCL,60,20240701,100000,86.5,86.5,86.5,86.5,250,0
NCL,60,20240701,110000,86.6,87.5,86.5,86.5,140,0
NCL,60,20240701,120000,87.5,87.5,86,86,162,0
NCL,60,20240701,140000,86.5,86.5,86.5,86.5,58,0
NCL,60,20240701,150000,87.4,89.9,87,87,359,0
NCL,60,20240701,160000,87.4,88.7,87.4,88.7,101,0
NCL,60,20240701,170000,88.7,89.7,86.3,88.8,701,0
NCL,60,20240702,100000,88.7,88.7,86.8,88.2,14,0
NCL,60,20240702,110000,88.2,88.2,86.7,86.7,125,0
NCL,60,20240702,120000,88.3,88.3,86.7,86.7,199,0
NCL,60,20240702,150000,87.1,87.1,87.1,87.1,15,0
NCL,60,20240702,160000,88,88.3,88,88.3,48,0
NCL,60,20240702,170000,87.2,88.3,87.2,88.3,30,0
NCL,60,20240703,100000,88.9,88.9,87,88.8,65,0
NCL,60,20240703,110000,89.1,89.8,89.1,89.8,31,0
NCL,60,20240703,130000,89.6,89.8,87.4,87.4,117,0
NCL,60,20240703,150000,89.6,91.9,89.6,91.9,271,0
NCL,60,20240703,160000,91.9,93.6,91.9,93,169,0
NCL,60,20240703,170000,93,93.4,90,90,171,0
NCL,60,20240704,100000,92,92,89,89,56,0
NCL,60,20240704,110000,89.1,89.1,89.1,89.1,2,0
NCL,60,20240704,120000,89.5,90,89.5,90,38,0
NCL,60,20240704,150000,89.1,89.1,89.1,89.1,3,0
NCL,60,20240704,160000,90,90,90,90,6,0
NCL,60,20240704,170000,89.5,90,89.5,90,13,0
NCL,60,20240705,100000,90.6,91,89,89,141,0
NCL,60,20240705,110000,90,90,90,90,100,0
NCL,60,20240705,120000,90.1,90.1,88.3,88.3,210,0
NCL,60,20240705,130000,88.4,88.4,88.3,88.3,14,0
NCL,60,20240705,140000,88.2,88.3,88.2,88.3,15,0
NCL,60,20240705,150000,88.3,88.3,88.2,88.2,41,0
NCL,60,20240705,160000,87,87,87,87,1,0
NCL,60,20240705,170000,87,88.2,86.8,88.2,43,0
NCL,60,20240708,100000,85.5,86.5,85.5,86.5,120,0
NCL,60,20240708,110000,86.4,87.3,85.2,85.2,258,0
NCL,60,20240708,120000,85.5,85.5,85,85,330,0
NCL,60,20240708,130000,85.3,85.3,85.3,85.3,50,0
NCL,60,20240708,140000,85.5,86.9,85.3,85.5,260,0
NCL,60,20240708,160000,89,89,85.5,85.5,176,0
NCL,60,20240708,170000,85.5,85.5,85.5,85.5,15,0
NCL,60,20240709,100000,86,87,86,87,7,0
NCL,60,20240709,110000,87,87,84.9,84.9,138,0
NCL,60,20240709,120000,87.9,88.8,87.9,88.8,57,0
NCL,60,20240709,130000,88.7,89.2,88.7,88.9,101,0
NCL,60,20240709,140000,88.9,90.7,88.8,90.7,424,0
NCL,60,20240709,160000,90.4,90.4,89.7,89.7,57,0
NCL,60,20240709,170000,88.9,89,88.9,89,5,0
NCL,60,20240710,100000,89,89.9,86.5,89.9,49,0
NCL,60,20240710,110000,89.8,89.8,86.8,89.8,31,0
NCL,60,20240710,120000,89.6,89.6,89.6,89.6,22,0
NCL,60,20240710,130000,89.6,89.6,89.6,89.6,21,0
NCL,60,20240710,150000,88,88,86.1,86.1,227,0
NCL,60,20240710,160000,86.4,88.8,86.4,88.7,154,0
NCL,60,20240710,170000,88.5,88.5,88.5,88.5,7,0
NCL,60,20240711,100000,87.5,87.5,87,87,97,0
NCL,60,20240711,110000,87.1,87.1,87.1,87.1,50,0
NCL,60,20240711,120000,87.1,87.1,87.1,87.1,50,0
NCL,60,20240711,130000,87.5,87.5,87,87,121,0
NCL,60,20240711,140000,86.6,87.1,86.5,86.5,121,0
NCL,60,20240711,160000,86.6,86.6,86.5,86.5,16,0
NCL,60,20240711,170000,86.6,86.8,86.6,86.8,25,0
NCL,60,20240712,100000,87.1,87.5,87.1,87.5,125,0
NCL,60,20240712,120000,87.1,87.1,87.1,87.1,37,0
NCL,60,20240712,140000,86.8,86.8,86.6,86.6,93,0
NCL,60,20240712,150000,86.6,86.6,85.5,85.7,408,0
NCL,60,20240712,160000,85.7,85.7,85,85,19,0
NCL,60,20240712,170000,85.3,85.7,85,85,325,0
NCL,60,20240715,110000,85.4,85.4,85,85.1,400,0
NCL,60,20240715,120000,85.1,85.1,85,85,541,0
NCL,60,20240715,130000,85,85,84.5,84.5,80,0
NCL,60,20240715,140000,85,85,85,85,50,0
NCL,60,20240715,160000,84.8,84.8,84.1,84.1,45,0
NCL,60,20240715,170000,84.1,84.1,82.7,84,324,0
NCL,60,20240716,100000,82.8,82.8,82.3,82.5,307,0
NCL,60,20240716,110000,82.3,82.3,81.6,81.9,131,0
NCL,60,20240716,120000,81.6,81.6,77.2,79.2,892,0
NCL,60,20240716,130000,79.2,80.4,79.2,80.4,858,0
NCL,60,20240716,140000,80.2,80.4,79.1,80.4,637,0
NCL,60,20240716,150000,80.1,80.1,79.3,79.9,474,0
NCL,60,20240716,160000,79.8,79.8,79.7,79.7,56,0
NCL,60,20240716,170000,79.3,79.6,77.6,79.4,269,0
NCL,60,20240717,100000,78,78.9,77.9,77.9,148,0
NCL,60,20240717,110000,77.6,79.8,76.5,79.3,1523,0
NCL,60,20240717,120000,79.2,79.4,78.2,79.3,244,0
NCL,60,20240717,130000,79.3,79.5,79.3,79.5,383,0
NCL,60,20240717,140000,79.5,79.8,78.4,78.4,111,0
NCL,60,20240717,150000,78.4,78.4,77.8,78.4,299,0
NCL,60,20240717,160000,78.4,78.4,77,77,257,0
NCL,60,20240717,170000,76.7,79,76.7,79,1040,0
NCL,60,20240718,100000,79,79,79,79,109,0
NCL,60,20240718,110000,79.8,81.4,79.8,80.9,313,0
NCL,60,20240718,120000,80.9,80.9,80.9,80.9,40,0
NCL,60,20240718,130000,80.1,80.1,80,80,92,0
NCL,60,20240718,140000,80,80,80,80,13,0
NCL,60,20240718,150000,80,80,79.7,79.7,24,0
NCL,60,20240718,160000,79.6,79.6,79.4,79.4,162,0
NCL,60,20240718,170000,79.4,79.5,79.4,79.5,1155,0
NCL,60,20240719,100000,79.1,79.5,79,79.5,246,0
NCL,60,20240719,110000,79.2,79.5,79.2,79.5,35,0
NCL,60,20240719,120000,79.5,79.5,79.5,79.5,598,0
NCL,60,20240719,130000,79.2,79.2,78.9,78.9,156,0
NCL,60,20240719,150000,78.5,78.5,78.4,78.4,151,0
NCL,60,20240719,170000,78.4,78.4,78.4,78.4,173,0
NCL,60,20240722,100000,78.2,78.2,78,78,205,0
NCL,60,20240722,110000,78,78,77,77,48,0
NCL,60,20240722,120000,77,77,76.2,76.9,158,0
NCL,60,20240722,130000,76.9,76.9,76.3,76.5,70,0
NCL,60,20240722,140000,76.8,76.8,76.8,76.8,37,0
NCL,60,20240722,150000,76.9,77,76.8,77,242,0
NCL,60,20240722,160000,77,77,77,77,12,0
NCL,60,20240722,170000,77.2,78,77.2,78,80,0
NCL,60,20240723,100000,77,80.5,77,79.2,1022,0
NCL,60,20240723,110000,79,79.7,76.8,79.7,861,0
NCL,60,20240723,120000,79.8,79.8,79.8,79.8,31,0
NCL,60,20240723,130000,79.9,80,79.9,80,212,0
NCL,60,20240723,140000,80,81.3,80,81.3,88,0
NCL,60,20240723,150000,81.2,88.7,81.2,88.5,515,0
NCL,60,20240723,160000,88.2,88.5,88.1,88.1,121,0
NCL,60,20240723,170000,88.6,88.9,85.1,88.7,444,0
NCL,60,20240724,100000,90,92.8,89.9,91.5,791,0
NCL,60,20240724,110000,91.5,93.9,91.5,91.8,352,0
NCL,60,20240724,120000,91.8,92.7,91.7,92.7,344,0
NCL,60,20240724,130000,92.7,92.7,90.6,90.6,216,0
NCL,60,20240724,140000,90.2,90.9,90,90,84,0
NCL,60,20240724,150000,89,90.9,88,88.2,84,0
NCL,60,20240724,160000,88.6,90.5,88.6,90.5,52,0
NCL,60,20240724,170000,90.9,90.9,89.3,89.5,152,0
NCL,60,20240725,100000,90.9,90.9,86.4,88.2,153,0
NCL,60,20240725,110000,87.4,88,85.2,87.1,184,0
NCL,60,20240725,120000,87.1,87.7,85.3,87.2,247,0
NCL,60,20240725,130000,87.3,87.7,87.3,87.7,82,0
NCL,60,20240725,140000,88.3,88.3,87.2,87.2,113,0
NCL,60,20240725,150000,86.5,86.5,85.5,85.5,17,0
NCL,60,20240725,160000,85.4,86.5,85.4,86.5,15,0
NCL,60,20240725,170000,85.5,88.3,85.5,88,50,0
NCL,60,20240726,100000,89.5,95.9,88,95.3,2307,0
NCL,60,20240726,110000,95.2,95.4,92.3,94.6,638,0
NCL,60,20240726,120000,94.6,94.7,90,93.6,246,0
NCL,60,20240726,130000,91.1,93,90.1,90.5,84,0
NCL,60,20240726,140000,90.8,92.8,90.5,92.8,536,0
NCL,60,20240726,150000,92.9,93.5,92.8,93.5,269,0
NCL,60,20240726,160000,93.5,94.3,93.5,94.3,58,0
NCL,60,20240726,170000,94.3,94.7,93.2,94.7,381,0
NCL,60,20240729,100000,94.9,94.9,93.2,93.2,111,0
NCL,60,20240729,110000,93.2,93.2,93,93,383,0
NCL,60,20240729,120000,92,92,91.5,91.5,18,0
NCL,60,20240729,130000,92.9,92.9,92.9,92.9,5,0
NCL,60,20240729,140000,93,93,93,93,786,0
NCL,60,20240729,150000,93,93,93,93,43,0
NCL,60,20240729,160000,93,93,92.9,92.9,72,0
NCL,60,20240729,170000,92.9,92.9,91.5,91.5,324,0
NCL,60,20240730,100000,91.5,94.8,91.5,94.5,206,0
NCL,60,20240730,110000,94.5,94.5,94.5,94.5,94,0
NCL,60,20240730,120000,94.3,94.3,94,94,10,0
NCL,60,20240730,130000,93.5,93.5,92.5,92.5,26,0
NCL,60,20240730,140000,94.4,94.4,94.4,94.4,13,0
NCL,60,20240730,150000,94.4,94.5,94.4,94.5,31,0
NCL,60,20240730,160000,94.7,94.7,94.7,94.7,2,0
NCL,60,20240730,170000,94,94.4,94,94.4,105,0
NCL,60,20240731,100000,92.6,94.9,92.6,94.9,91,0
NCL,60,20240731,110000,94.5,94.5,93,94,172,0
NCL,60,20240731,120000,95,95,95,95,31,0
NCL,60,20240731,130000,94,94,91.7,91.7,141,0
NCL,60,20240731,150000,94.8,94.8,94.8,94.8,53,0
NCL,60,20240731,160000,92.4,92.4,92,92,160,0
NCL,60,20240731,170000,92.1,94.6,92.1,94.6,5,0
NCL,60,20240801,100000,94.7,94.7,92.6,92.6,194,0
NCL,60,20240801,110000,94,94,94,94,35,0
NCL,60,20240801,120000,94,94,94,94,64,0
NCL,60,20240801,130000,95,95,94,94,52,0
NCL,60,20240801,140000,94.2,94.2,94.2,94.2,2,0
NCL,60,20240801,150000,93.3,93.3,93.2,93.2,23,0
NCL,60,20240801,170000,93.3,94,93.3,94,29,0
NCL,60,20240802,100000,92.5,92.5,92.5,92.5,41,0
NCL,60,20240802,110000,93.6,93.6,93.6,93.6,11,0
NCL,60,20240802,120000,93.6,94,92.5,92.5,45,0
NCL,60,20240802,130000,92.6,92.6,92.1,92.1,80,0
NCL,60,20240802,140000,92.1,92.1,92.1,92.1,14,0
NCL,60,20240802,150000,93.6,93.6,93.6,93.6,42,0
NCL,60,20240802,160000,93.7,94,93.6,93.6,48,0
NCL,60,20240802,170000,93.6,94.5,93.6,93.6,62,0
NCL,60,20240805,100000,92.6,92.6,88,89.5,1056,0
NCL,60,20240805,110000,89.1,89.2,86.1,86.9,158,0
NCL,60,20240805,120000,88.5,88.5,86.4,86.5,298,0
NCL,60,20240805,130000,87.9,87.9,86,86,280,0
NCL,60,20240805,140000,86,87.8,85,87.3,85,0
NCL,60,20240805,150000,87,87,85.2,85.2,726,0
NCL,60,20240805,160000,85.2,85.5,85,85.5,186,0
NCL,60,20240805,170000,85.5,85.5,85,85.5,200,0
NCL,60,20240806,100000,85.5,88.5,85.5,87,587,0
NCL,60,20240806,110000,87,88.5,80,88.5,948,0
NCL,60,20240806,120000,85.8,85.8,85.7,85.7,110,0
NCL,60,20240806,130000,85.7,86.7,85.5,86.7,66,0
NCL,60,20240806,140000,86.7,86.7,86.7,86.7,11,0
NCL,60,20240806,170000,85.2,86.6,85.2,86.6,14,0
NCL,60,20240807,110000,85.2,85.9,83,85.9,50,0
NCL,60,20240807,130000,85.9,85.9,85.9,85.9,8,0
NCL,60,20240807,140000,85.5,86,85.5,86,42,0
NCL,60,20240807,160000,87.1,87.1,87.1,87.1,3,0
NCL,60,20240807,170000,86.5,87.1,85.5,87.1,66,0
NCL,60,20240808,100000,87.2,87.2,85,85,94,0
NCL,60,20240808,110000,85.1,85.1,83,85.1,141,0
NCL,60,20240808,120000,86,86,86,86,12,0
NCL,60,20240808,140000,85.5,85.5,85,85,28,0
NCL,60,20240808,160000,85.6,85.6,85.4,85.4,31,0
NCL,60,20240808,170000,85,85.4,83.1,83.9,60,0
NCL,60,20240809,100000,84,85.1,84,85.1,19,0
NCL,60,20240809,110000,85.2,86,85.2,86,33,0
NCL,60,20240809,120000,85.5,86,85.5,86,72,0
NCL,60,20240809,140000,86.6,86.6,86,86.6,88,0
NCL,60,20240809,150000,86.6,86.6,86.6,86.6,1,0
NCL,60,20240809,160000,86.6,88,86.6,88,19,0
NCL,60,20240809,170000,86.4,87.7,86.4,87.7,20,0
NCL,60,20240812,100000,87.7,87.7,87.7,87.7,10,0
NCL,60,20240812,110000,87.5,95,87.5,94.8,915,0
NCL,60,20240812,120000,94.8,97,94.6,95,1116,0
NCL,60,20240812,130000,94.1,94.1,91.1,91.1,406,0
NCL,60,20240812,140000,91.2,91.2,90.7,90.7,257,0
NCL,60,20240812,150000,90.9,91.9,90.9,91.9,27,0
NCL,60,20240812,160000,91.7,91.7,88.9,88.9,158,0
NCL,60,20240812,170000,89.5,90.5,89,90.5,38,0
NCL,60,20240813,100000,90.5,91,88.6,88.6,162,0
NCL,60,20240813,110000,90,90,90,90,21,0
NCL,60,20240813,120000,90.5,90.5,90.5,90.5,10,0
NCL,60,20240813,130000,89.6,90.4,89.6,90.4,2,0
NCL,60,20240813,140000,90.5,90.5,89.5,89.5,14,0
NCL,60,20240813,170000,90.2,90.4,90.2,90.4,2,0
NCL,60,20240814,100000,89.5,89.5,86.7,89.1,223,0
NCL,60,20240814,110000,89.1,89.1,89.1,89.1,10,0
NCL,60,20240814,120000,87.1,88,87,87,51,0
NCL,60,20240814,150000,88.7,88.7,88.7,88.7,43,0
NCL,60,20240814,160000,89.2,89.2,89.2,89.2,13,0
NCL,60,20240814,170000,89.6,90.3,89.6,90.3,94,0
NCL,60,20240816,100000,90.4,90.4,90.4,90.4,169,0
NCL,60,20240816,110000,90.4,90.4,90.3,90.3,47,0
NCL,60,20240816,130000,89.7,89.7,89.7,89.7,5,0
NCL,60,20240816,150000,90.9,90.9,90.9,90.9,110,0
NCL,60,20240816,170000,90.5,91,89.7,91,148,0
NCL,60,20240819,100000,89.7,91.1,89,91.1,8,0
NCL,60,20240819,110000,89.2,89.2,89.2,89.2,95,0
NCL,60,20240819,120000,89.2,91.1,89.2,91.1,50,0
NCL,60,20240819,130000,92.6,92.6,88.5,88.5,322,0
NCL,60,20240819,140000,87.3,87.3,87.2,87.2,25,0
NCL,60,20240819,150000,88.5,88.5,88.5,88.5,15,0
NCL,60,20240819,160000,88.5,92,88.5,92,50,0
NCL,60,20240819,170000,90,92.1,90,92.1,162,0
NCL,60,20240820,100000,88,90,88,90,222,0
NCL,60,20240820,120000,91,91,91,91,2,0
NCL,60,20240820,130000,92,92,91,91,13,0
NCL,60,20240820,140000,91,91,88.2,88.2,40,0
NCL,60,20240820,150000,91.4,91.4,88.6,88.6,45,0
NCL,60,20240820,170000,89,91.9,89,91.9,89,0
NCL,60,20240821,100000,91.9,91.9,90,90,33,0
NCL,60,20240821,110000,90,90,90,90,16,0
NCL,60,20240821,120000,90,90,90,90,32,0
NCL,60,20240821,130000,90,90,90,90,10,0
NCL,60,20240821,160000,90,90,88.3,88.3,37,0
NCL,60,20240821,170000,89,91.7,89,91.7,37,0
NCL,60,20240822,100000,88.3,88.4,87.5,87.5,349,0
NCL,60,20240822,110000,89,89,87.8,87.8,30,0
NCL,60,20240822,120000,89,89,89,89,12,0
NCL,60,20240822,130000,88,88,88,88,2,0
NCL,60,20240822,140000,88,89.8,88,89.8,30,0
NCL,60,20240822,150000,89.8,89.8,89.8,89.8,14,0
NCL,60,20240822,160000,89.8,90,89.8,90,60,0
NCL,60,20240822,170000,90,90,87.5,89.6,228,0
NCL,60,20240823,110000,89.2,89.2,89.2,89.2,10,0
NCL,60,20240823,150000,89,89.6,89,89.6,172,0
NCL,60,20240823,170000,89.6,90,89.6,90,93,0
NCL,60,20240826,100000,90.1,90.1,90.1,90.1,63,0
NCL,60,20240826,110000,90,90,87,89.9,342,0
NCL,60,20240826,140000,89,89,89,89,14,0
NCL,60,20240826,150000,89.9,89.9,89,89,44,0
NCL,60,20240826,160000,87.2,87.2,87.1,87.1,22,0
NCL,60,20240826,170000,89.9,89.9,89.9,89.9,2,0
NCL,60,20240827,120000,89.8,89.9,89.8,89.9,25,0
NCL,60,20240827,140000,87.2,87.2,86.7,86.7,36,0
NCL,60,20240827,150000,86.7,86.7,86.7,86.7,38,0
NCL,60,20240827,170000,89,90.4,89,90.4,25,0
NCL,60,20240828,100000,88,90,86.8,89.7,72,0
NCL,60,20240828,110000,89.7,89.7,89.7,89.7,1,0
NCL,60,20240828,120000,89.7,89.7,89.7,89.7,36,0
NCL,60,20240828,130000,87.9,98,87.9,91.3,1699,0
NCL,60,20240828,140000,91.4,94.6,91.4,94.6,101,0
NCL,60,20240828,150000,94.3,94.4,93.1,93.1,60,0
NCL,60,20240828,160000,92.8,92.8,92.8,92.8,11,0
NCL,60,20240828,170000,92.6,92.6,92.6,92.6,58,0
NCL,60,20240829,100000,91.1,94.6,91,91.2,45,0
NCL,60,20240829,110000,91.3,91.3,91.2,91.2,15,0
NCL,60,20240829,120000,91.2,92,91.2,92,33,0
NCL,60,20240829,140000,92,92,91.1,91.1,20,0
NCL,60,20240829,170000,94.4,94.4,94.4,94.4,7,0
NCL,60,20240830,110000,92,92,91.3,91.3,25,0
NCL,60,20240830,120000,91.3,92.2,91,92.2,266,0
NCL,60,20240830,130000,92.2,92.2,92.2,92.2,15,0
NCL,60,20240830,150000,92.2,92.2,92.2,92.2,8,0
NCL,60,20240830,170000,94.2,95,94.2,94.4,185,0
NCL,60,20240902,100000,94.4,95.7,94.4,95.7,4,0
NCL,60,20240902,110000,94,94,94,94,20,0
NCL,60,20240902,130000,92.7,92.7,92.7,92.7,30,0
NCL,60,20240902,150000,93.8,94,93.8,94,10,0
NCL,60,20240902,160000,93.2,93.2,93,93,80,0
NCL,60,20240902,170000,92.7,92.7,92.7,92.7,8,0
NCL,60,20240903,100000,94.8,94.8,93,93,12,0
NCL,60,20240903,110000,93.3,93.3,93.3,93.3,10,0
NCL,60,20240903,120000,93.2,93.5,93,93.5,85,0
NCL,60,20240903,130000,93.5,94,93.5,94,75,0
NCL,60,20240903,140000,94,94.3,93,94.1,94,0
NCL,60,20240903,150000,94,94,94,94,182,0
NCL,60,20240904,100000,93.9,93.9,90,90,196,0
NCL,60,20240904,110000,91,91,90,90,88,0
NCL,60,20240904,120000,90.3,90.3,90.3,90.3,10,0
NCL,60,20240904,130000,90.3,91,90.3,91,28,0
NCL,60,20240904,140000,90.5,90.5,90.5,90.5,40,0
NCL,60,20240904,150000,90.5,90.5,90.3,90.3,472,0
NCL,60,20240904,160000,90.3,90.5,90.3,90.5,135,0
NCL,60,20240904,170000,90.4,91,90.4,91,7,0
NCL,60,20240905,100000,90.4,92.8,90.2,90.2,93,0
NCL,60,20240905,110000,91,91,91,91,100,0
NCL,60,20240905,170000,90.4,92,90.4,92,53,0
NCL,60,20240906,100000,92.8,92.9,92.8,92.9,119,0
NCL,60,20240906,110000,92.9,92.9,92.9,92.9,34,0
NCL,60,20240906,130000,92.9,92.9,90.8,90.8,7,0
NCL,60,20240906,140000,92.8,92.9,92.8,92.8,85,0
NCL,60,20240906,150000,91,91,90.6,90.6,106,0
NCL,60,20240906,160000,90.6,90.6,90,90,50,0
NCL,60,20240906,170000,90.2,90.2,90.2,90.2,60,0
NCL,60,20240909,100000,92,92,90.2,90.2,26,0
NCL,60,20240909,110000,90.2,90.2,88.6,88.6,55,0
NCL,60,20240909,130000,89,89,88.7,88.7,110,0
NCL,60,20240909,160000,89.7,89.7,89.7,89.7,9,0
NCL,60,20240909,170000,92,92,92,92,29,0
NCL,60,20240910,100000,92,92,90,90,28,0
NCL,60,20240910,110000,90,90,90,90,1,0
NCL,60,20240910,130000,90,91.7,90,91.7,19,0
NCL,60,20240910,150000,89.7,89.7,88.7,88.7,185,0
NCL,60,20240910,160000,91,91,91,91,1,0
NCL,60,20240910,170000,90,90,89,89,30,0
NCL,60,20240911,100000,89,89,88.3,88.3,245,0
NCL,60,20240911,110000,88.5,91,87.6,87.6,135,0
NCL,60,20240911,120000,87.6,87.6,87.6,87.6,16,0
NCL,60,20240911,130000,87.3,87.4,87.3,87.4,21,0
NCL,60,20240911,170000,90.9,90.9,90.9,90.9,7,0
NCL,60,20240912,100000,88.4,88.4,88.4,88.4,16,0
NCL,60,20240912,110000,87.6,87.6,87.6,87.6,30,0
NCL,60,20240912,120000,87.6,90.5,87.5,90.5,65,0
NCL,60,20240912,130000,90,90,90,90,26,0
NCL,60,20240912,140000,87.3,87.3,85.6,86,447,0
NCL,60,20240912,150000,88.2,88.2,88.2,88.2,1,0
NCL,60,20240913,100000,87,87,87,87,58,0
NCL,60,20240913,110000,86.1,86.1,84.5,85,277,0
NCL,60,20240913,120000,86.8,87,85,85,111,0
NCL,60,20240913,130000,85.1,85.3,84.1,84.1,285,0
NCL,60,20240913,140000,84.3,84.3,84.3,84.3,2,0
NCL,60,20240913,150000,84.5,85,84.5,85,29,0
NCL,60,20240913,170000,85,86.7,84.8,86.7,42,0
NCL,60,20240916,100000,86.7,86.7,84,84.1,491,0
NCL,60,20240916,120000,85,85,85,85,50,0
NCL,60,20240916,130000,86.4,86.5,86.4,86.5,50,0
NCL,60,20240916,150000,85.4,85.4,85.4,85.4,15,0
NCL,60,20240916,170000,85.4,86.3,84.2,86.3,203,0
NCL,60,20240917,100000,86.5,86.8,86.5,86.8,5,0
NCL,60,20240917,110000,86.3,86.8,86.3,86.8,41,0
NCL,60,20240917,140000,85,85,84.6,84.6,86,0
NCL,60,20240917,150000,86.5,88.2,86.5,87.9,472,0
NCL,60,20240917,160000,87.9,87.9,87.9,87.9,24,0
NCL,60,20240917,170000,88,88,88,88,15,0
NCL,60,20240918,100000,88,88.3,88,88.3,307,0
NCL,60,20240918,110000,88,88,85.1,85.1,10,0
NCL,60,20240918,140000,86.5,88,86.5,88,72,0
NCL,60,20240918,170000,85.8,85.8,85.8,85.8,23,0
NCL,60,20240919,100000,85.7,85.7,85,85,337,0
NCL,60,20240919,110000,84.8,85,84.5,84.5,264,0
NCL,60,20240919,120000,84.5,85,84.5,85,176,0
NCL,60,20240919,130000,84.5,84.5,84,84,233,0
NCL,60,20240919,140000,84,84,84,84,150,0
NCL,60,20240919,150000,84,85,84,85,136,0
NCL,60,20240919,160000,84,84,84,84,70,0
NCL,60,20240919,170000,85,85,85,85,5,0
NCL,60,20240920,100000,85,86.4,85,86.4,17,0
NCL,60,20240920,110000,85,85,85,85,3,0
NCL,60,20240920,160000,84,84,84,84,9,0
NCL,60,20240920,170000,83.8,85,83.8,85,8,0
NCL,60,20240923,100000,83.1,84.6,82,84.6,1025,0
NCL,60,20240923,110000,81.6,84.6,81.6,84.6,25,0
NCL,60,20240923,120000,84.3,84.3,84.3,84.3,1,0
NCL,60,20240923,130000,82.5,82.5,82.5,82.5,2,0
NCL,60,20240923,140000,82.5,82.5,82,82,353,0
NCL,60,20240923,170000,82.2,84,82.2,84,32,0
NCL,60,20240924,100000,84,84,82,82,284,0
NCL,60,20240924,110000,81.7,84,80.6,84,463,0
NCL,60,20240924,130000,82.5,82.5,82.5,82.5,20,0
NCL,60,20240924,140000,81.8,81.8,81,81,59,0
NCL,60,20240924,170000,81.2,83.9,81.2,83.9,154,0
NCL,60,20240925,100000,83.9,83.9,83.9,83.9,20,0
NCL,60,20240925,110000,81.6,82.1,81.6,82.1,19,0
NCL,60,20240925,120000,82.1,82.1,81.6,82.1,115,0
NCL,60,20240925,130000,82.1,82.1,82.1,82.1,6,0
NCL,60,20240925,140000,82.1,82.5,82.1,82.5,200,0
NCL,60,20240925,150000,83.8,84.5,83.8,84.5,100,0
NCL,60,20240925,160000,83.3,83.3,82.6,82.6,10,0
NCL,60,20240925,170000,82.6,84.3,82,84.3,266,0
NCL,60,20240926,100000,82,84.3,82,84.3,256,0
NCL,60,20240926,110000,84.3,84.3,84.3,84.3,40,0
NCL,60,20240926,120000,84.3,84.4,84.3,84.3,65,0
NCL,60,20240926,130000,84.4,85,84.4,84.8,109,0
NCL,60,20240926,150000,84.8,85,84.8,85,91,0
NCL,60,20240926,160000,85.8,85.8,85.8,85.8,50,0
NCL,60,20240927,100000,82.5,82.5,75.1,75.1,2311,0
NCL,60,20240927,110000,75.4,79.7,75.3,79.4,1098,0
NCL,60,20240927,120000,79.4,79.5,78.5,78.5,1179,0
NCL,60,20240927,130000,78.4,80,78.4,79.7,392,0
NCL,60,20240927,140000,80.4,80.5,80.2,80.2,840,0
NCL,60,20240927,150000,80.2,81.3,79.7,79.7,124,0
NCL,60,20240927,160000,79.6,79.6,78.5,78.5,521,0
NCL,60,20240927,170000,81,88,78.7,87.1,2594,0
NCL,60,20240930,100000,84.7,87.9,84,86.9,71,0
NCL,60,20240930,110000,86.9,86.9,83.8,84,321,0
NCL,60,20240930,120000,84,84,83,83,149,0
NCL,60,20240930,130000,84.7,84.7,83,83,49,0
NCL,60,20240930,140000,83,83,83,83,10,0
NCL,60,20240930,160000,83,83.8,83,83.8,180,0
NCL,60,20240930,170000,83.6,83.6,83.6,83.6,21,0
NCL,60,20241001,120000,83.6,83.6,83.6,83.6,192,0
NCL,60,20241001,160000,83,83,83,83,991,0
NCL,60,20241002,120000,82,82,82,82,180,0
NCL,60,20241002,160000,82,82,82,82,946,0
NCL,60,20241003,120000,81.7,81.7,81.7,81.7,33,0
NCL,60,20241003,160000,81.5,81.5,81.5,81.5,559,0
NCL,60,20241004,120000,81.1,81.1,81.1,81.1,49,0
NCL,60,20241004,160000,81,81,81,81,230,0
NCL,60,20241007,120000,81.1,81.1,81.1,81.1,307,0
NCL,60,20241007,160000,81.3,81.3,81.3,81.3,77,0
NCL,60,20241008,120000,81.1,81.1,81.1,81.1,10,0
NCL,60,20241008,160000,83.5,83.5,83.5,83.5,76,0
NCL,60,20241009,120000,83.4,83.4,83.4,83.4,125,0
NCL,60,20241009,160000,82.5,82.5,82.5,82.5,7,0
NCL,60,20241010,120000,81.4,81.4,81.4,81.4,143,0
NCL,60,20241010,160000,81.4,81.4,81.4,81.4,70,0
NCL,60,20241011,120000,81,81,81,81,173,0
NCL,60,20241011,160000,81.8,81.8,81.8,81.8,82,0
NCL,60,20241014,120000,82,82,82,82,7,0
NCL,60,20241014,160000,81.1,81.1,81.1,81.1,14,0
NCL,60,20241015,120000,81,81,81,81,154,0
NCL,60,20241015,160000,81,81,81,81,44,0
NCL,60,20241016,120000,81,81,81,81,20,0
NCL,60,20241016,160000,80.8,80.8,80.8,80.8,60,0
NCL,60,20241017,120000,80,80,80,80,85,0
NCL,60,20241017,160000,79.5,79.5,79.5,79.5,146,0
NCL,60,20241018,120000,79.5,79.5,79.5,79.5,26,0
NCL,60,20241018,160000,80.1,80.1,80.1,80.1,85,0
NCL,60,20241021,120000,80,80,80,80,124,0
NCL,60,20241021,160000,80,80,80,80,52,0
NCL,60,20241022,120000,79.5,79.5,79.5,79.5,423,0
NCL,60,20241022,160000,79.5,79.5,79.5,79.5,273,0
NCL,60,20241023,120000,79.5,79.5,79.5,79.5,209,0
NCL,60,20241023,160000,79.5,79.5,79.5,79.5,10,0
NCL,60,20241024,120000,79.5,79.5,79.5,79.5,51,0
NCL,60,20241024,160000,79.6,79.6,79.6,79.6,129,0
NCL,60,20241025,120000,80,80,80,80,141,0
NCL,60,20241025,160000,80,80,80,80,189,0
NCL,60,20241028,120000,80,80,80,80,57,0
NCL,60,20241028,160000,80,80,80,80,39,0
NCL,60,20241029,120000,79.5,79.5,79.5,79.5,680,0
NCL,60,20241029,160000,79.1,79.1,79.1,79.1,60,0
NCL,60,20241030,120000,78.3,78.3,78.3,78.3,227,0
NCL,60,20241030,160000,78.4,78.4,78.4,78.4,84,0
NCL,60,20241031,120000,78.2,78.2,78.2,78.2,80,0
NCL,60,20241031,160000,78.6,78.6,78.6,78.6,126,0
NCL,60,20241104,120000,78,78,78,78,283,0
NCL,60,20241104,160000,78.5,78.5,78.5,78.5,118,0
NCL,60,20241105,120000,78,78,78,78,148,0
NCL,60,20241105,160000,78.2,78.2,78.2,78.2,50,0
NCL,60,20241107,120000,78,78.6,78,78.6,135,0
NCL,60,20241107,160000,80.9,80.9,80.9,80.9,45,0
NCL,60,20241108,120000,78,78,78,78,167,0
NCL,60,20241108,160000,79.9,79.9,79.9,79.9,6,0
NCL,60,20241112,120000,80,80,80,80,340,0
NCL,60,20241112,160000,80,80,80,80,175,0
NCL,60,20241113,120000,80,80,80,80,318,0
NCL,60,20241113,160000,80,80,80,80,49,0
NCL,60,20241114,120000,83.4,83.4,83.4,83.4,429,0
NCL,60,20241114,160000,82,82,82,82,303,0
NCL,60,20241115,120000,83,83,83,83,230,0
NCL,60,20241115,160000,83,83,83,83,52,0
NCL,60,20241118,120000,83,83,83,83,225,0
NCL,60,20241118,160000,85,85,85,85,188,0
NCL,60,20241119,120000,85,85,85,85,250,0
NCL,60,20241119,160000,83.4,83.4,83.4,83.4,85,0
NCL,60,20241120,120000,83,83,83,83,229,0
NCL,60,20241120,160000,82,82,82,82,110,0
NCL,60,20241121,120000,81.4,81.4,81.4,81.4,25,0
NCL,60,20241121,160000,81.6,81.6,81.6,81.6,121,0
NCL,60,20241122,120000,81.6,81.6,81.6,81.6,58,0
NCL,60,20241122,160000,81.6,81.6,81.6,81.6,30,0
NCL,60,20241125,120000,81.6,81.6,81.6,81.6,50,0
NCL,60,20241125,160000,80.7,80.7,80.7,80.7,200,0
NCL,60,20241126,120000,80.8,80.8,80.8,80.8,71,0
NCL,60,20241126,160000,81.1,81.1,81.1,81.1,20,0
NCL,60,20241127,120000,81.8,81.8,81.8,81.8,110,0
NCL,60,20241127,160000,83,83,83,83,88,0
NCL,60,20241128,120000,82,82,82,82,252,0
NCL,60,20241128,160000,82.6,82.6,82.6,82.6,6,0
NCL,60,20241129,120000,83,83,83,83,180,0
NCL,60,20241129,160000,86.8,86.8,86.8,86.8,11,0
NCL,60,20241202,120000,84.2,84.2,84.2,84.2,9,0
NCL,60,20241202,160000,83.1,83.1,83.1,83.1,100,0
NCL,60,20241203,120000,81.9,81.9,81.9,81.9,235,0
NCL,60,20241203,160000,81.9,81.9,81.9,81.9,25,0
NCL,60,20241204,120000,81.5,81.5,81.5,81.5,133,0
NCL,60,20241204,160000,80.9,80.9,80.9,80.9,138,0
NCL,60,20241205,120000,80.9,80.9,80.9,80.9,168,0
NCL,60,20241205,160000,80.8,80.8,80.8,80.8,156,0
NCL,60,20241206,120000,80,80,80,80,1268,0
NCL,60,20241206,160000,80,80,80,80,248,0
NCL,60,20241209,120000,79.9,79.9,79.9,79.9,92,0
NCL,60,20241209,160000,79.9,79.9,79.9,79.9,300,0
NCL,60,20241210,120000,82,82,82,82,587,0
NCL,60,20241210,160000,83,83,83,83,92,0
NCL,60,20241211,120000,82,82,82,82,282,0
NCL,60,20241211,160000,82,82,82,82,116,0
NCL,60,20241212,120000,80.2,80.2,80.2,80.2,134,0
NCL,60,20241212,160000,80.4,80.4,80.4,80.4,66,0
NCL,60,20241213,120000,81,81,81,81,160,0
NCL,60,20241213,160000,81.8,81.8,81.8,81.8,62,0
NCL,60,20241216,100000,82.5,89.6,82.5,86,163,0
NCL,60,20241216,110000,85,85,82.9,82.9,819,0
NCL,60,20241216,120000,82.9,82.9,82.7,82.9,675,0
NCL,60,20241216,130000,82.9,83,82.7,83,209,0
NCL,60,20241216,140000,83.4,87.7,83.4,87.5,581,0
NCL,60,20241216,150000,87,87,85,87,413,0
NCL,60,20241216,160000,85,86.8,85,86.8,180,0
NCL,60,20241216,170000,86.2,86.2,85.5,85.9,1104,0
NCL,60,20241217,100000,86.7,87.8,86,87.8,509,0
NCL,60,20241217,110000,87.8,87.8,86.1,86.2,561,0
NCL,60,20241217,120000,86.2,87.8,86.2,87.8,378,0
NCL,60,20241217,130000,86.3,86.3,85.9,86,518,0
NCL,60,20241217,140000,85.4,87.6,84.1,87,346,0
NCL,60,20241217,150000,87.3,87.3,87.3,87.3,103,0
NCL,60,20241217,170000,87,87,86.9,86.9,38,0
NCL,60,20241218,100000,87.5,87.5,86.5,86.8,208,0
NCL,60,20241218,110000,86.8,88,86.8,88,462,0
NCL,60,20241218,120000,88,88.4,88,88.2,226,0
NCL,60,20241218,130000,88.4,89,88.4,89,909,0
NCL,60,20241218,140000,89,89.4,88.8,89.4,328,0
NCL,60,20241218,150000,89.3,92.8,89.3,91,2857,0
NCL,60,20241218,160000,91,93,91,93,1485,0
NCL,60,20241218,170000,92.9,94,92.5,94,1999,0
NCL,60,20241219,100000,94.2,102.4,91.4,99,5282,0
NCL,60,20241219,110000,98.8,98.8,97,97.9,341,0
NCL,60,20241219,120000,98,98,97.2,97.2,605,0
NCL,60,20241219,130000,97.7,97.7,97.2,97.2,273,0
NCL,60,20241219,140000,97.2,97.3,96,96,468,0
NCL,60,20241219,150000,95.1,96.5,94.2,94.2,590,0
NCL,60,20241219,160000,96.5,96.5,94.2,96,184,0
NCL,60,20241219,170000,96.5,96.5,96,96,583,0
NCL,60,20241220,100000,97.6,97.7,96.5,96.5,812,0
NCL,60,20241220,110000,96.5,97,96,97,164,0
NCL,60,20241220,120000,97,97,96,97,551,0
NCL,60,20241220,130000,97,97,95.6,97,346,0
NCL,60,20241220,140000,96.9,96.9,95.5,95.5,265,0
NCL,60,20241220,150000,95.5,96,95.3,96,107,0
NCL,60,20241220,160000,95.7,95.7,95.4,95.4,100,0
NCL,60,20241220,170000,95.3,95.9,94.5,95.9,516,0
NCL,60,20241223,100000,97.5,97.9,95.5,95.6,848,0
NCL,60,20241223,110000,95.6,96,93.2,93.3,336,0
NCL,60,20241223,120000,94.5,94.6,91.8,93,522,0
NCL,60,20241223,130000,92,92.8,91,92.8,307,0
NCL,60,20241223,140000,92.8,92.8,91.8,92,58,0
NCL,60,20241223,150000,92,94.9,92,94.9,161,0
NCL,60,20241223,160000,95,97.4,94.9,95.8,384,0
NCL,60,20241223,170000,95,97.9,94.9,97.9,304,0
NCL,60,20241227,100000,98,98.1,97.2,97.2,285,0
NCL,60,20241227,110000,97.2,99,97.2,99,249,0
NCL,60,20241227,120000,99,99.2,97.8,98,114,0
NCL,60,20241227,130000,97.7,97.7,97,97.7,95,0
NCL,60,20241227,140000,98,98,98,98,2,0
NCL,60,20241227,150000,98,99,97,99,175,0
NCL,60,20241227,160000,99,99.1,98,99.1,121,0
NCL,60,20241227,170000,97.1,98,97.1,98,34,0
NCL,60,20241230,100000,98,99.2,98,99.2,807,0
NCL,60,20241230,110000,99.1,100.6,99,100.6,291,0
NCL,60,20241230,120000,100.6,101,99,101,1012,0
NCL,60,20241230,130000,101,102,101,102,539,0
NCL,60,20241230,140000,101.8,102,101.6,101.6,364,0
NCL,60,20241230,150000,102,102,101,101,359,0
NCL,60,20241230,160000,101,101,101,101,459,0
NCL,60,20241230,170000,101,101,100.8,100.8,347,0
NCL,60,20250102,100000,100,104.2,100,103,1103,0
NCL,60,20250102,110000,103,103,102.8,103,1112,0
NCL,60,20250102,120000,103,103,100,100,883,0
NCL,60,20250102,130000,102,102,100,101,180,0
NCL,60,20250102,140000,101,101,100,101,1299,0
NCL,60,20250102,150000,101,101,100,100,1235,0
NCL,60,20250102,160000,100.8,101,100.2,100.2,579,0
NCL,60,20250102,170000,101,101,100.4,100.8,116,0
NCL,60,20250103,100000,103.2,103.4,101.4,103,98,0
NCL,60,20250103,110000,101.8,103.4,100.8,103.4,891,0
NCL,60,20250103,120000,102.6,102.6,101,101.8,164,0
NCL,60,20250103,130000,101.8,101.8,101,101.6,324,0
NCL,60,20250103,140000,101.6,101.8,101.6,101.8,204,0
NCL,60,20250103,150000,101.2,101.8,101,101,118,0
NCL,60,20250103,160000,101.8,101.8,101.6,101.6,21,0
NCL,60,20250103,170000,101.4,101.4,99.5,100,503,0
NCL,60,20250107,100000,101,103.4,100,103.4,767,0
NCL,60,20250107,110000,102.2,103.2,100.6,102.8,367,0
NCL,60,20250107,120000,102.8,102.8,101.6,101.6,161,0
NCL,60,20250107,130000,102,102,100.6,100.8,598,0
NCL,60,20250107,140000,100.8,101,100.8,101,54,0
NCL,60,20250107,150000,101,101,101,101,17,0
NCL,60,20250107,160000,100.2,101,100.2,101,100,0
NCL,60,20250107,170000,101,101,100.8,101,264,0
NCL,60,20250108,100000,101.4,102,101,101,244,0
NCL,60,20250108,110000,101,101.8,101,101.8,260,0
NCL,60,20250108,120000,101.8,102,101.2,102,58,0
NCL,60,20250108,140000,101.2,101.2,101,101,65,0
NCL,60,20250108,150000,102,102.8,101,101.2,246,0
NCL,60,20250108,160000,101.2,101.2,100.4,100.4,70,0
NCL,60,20250108,170000,101,101,100,100,177,0
NCL,60,20250109,100000,100,101.6,98.9,98.9,381,0
NCL,60,20250109,110000,98.8,98.8,98,98,286,0
NCL,60,20250109,120000,98.6,98.6,98.6,98.6,56,0
NCL,60,20250109,130000,98.7,98.7,98.5,98.7,237,0
NCL,60,20250109,140000,98.7,98.7,98.7,98.7,79,0
NCL,60,20250109,150000,98.5,98.5,96.5,97.9,472,0
NCL,60,20250109,160000,96.6,98,96.6,98,14,0
NCL,60,20250109,170000,98,98.9,98,98.8,453,0
NCL,60,20250110,100000,98.8,98.8,98,98,78,0
NCL,60,20250110,110000,98.8,99,98.8,99,60,0
NCL,60,20250110,120000,99.3,99.3,97.8,98,144,0
NCL,60,20250110,130000,97.8,98.8,97.8,98.8,87,0
NCL,60,20250110,140000,98.8,98.8,98.8,98.8,56,0
NCL,60,20250110,150000,98,98,97.8,98,190,0
NCL,60,20250110,160000,98,98,97.6,97.6,191,0
NCL,60,20250110,170000,97.6,98.7,96,98.7,521,0
NCL,60,20250113,100000,97.2,98.7,97.2,98.7,63,0
NCL,60,20250113,110000,98.7,98.8,98.7,98.8,43,0
NCL,60,20250113,120000,100.8,101,97.1,101,218,0
NCL,60,20250113,130000,101,101,98.3,98.4,38,0
NCL,60,20250113,140000,100.8,101,100.8,101,71,0
NCL,60,20250113,150000,101,101.4,101,101,160,0
NCL,60,20250113,160000,99.3,101.2,98.5,101.2,33,0
NCL,60,20250113,170000,101.2,101.2,101,101,83,0
NCL,60,20250114,100000,101.4,101.4,99,100.8,346,0
NCL,60,20250114,110000,101,101,99.8,101,106,0
NCL,60,20250114,120000,101,101.2,99.9,101.2,301,0
NCL,60,20250114,130000,101,101.2,100.2,100.2,304,0
NCL,60,20250114,140000,99.9,100,99,99,119,0
NCL,60,20250114,150000,99,99,99,99,1,0
NCL,60,20250114,160000,99.2,101.2,99,99.5,302,0
NCL,60,20250114,170000,100,100,100,100,86,0
NCL,60,20250115,100000,99.9,99.9,99.8,99.8,65,0
NCL,60,20250115,110000,99.8,99.9,99.8,99.9,28,0
NCL,60,20250115,120000,99.9,100.4,99.6,99.6,154,0
NCL,60,20250115,130000,99.6,100.2,99.6,100.2,49,0
NCL,60,20250115,140000,99.3,99.3,99.3,99.3,15,0
NCL,60,20250115,150000,100.2,100.2,100.2,100.2,1,0
NCL,60,20250115,160000,99.3,99.3,98.8,99,174,0
NCL,60,20250115,170000,99.4,99.8,99.4,99.8,32,0
NCL,60,20250116,100000,100.2,100.2,98.4,98.4,24,0
NCL,60,20250116,110000,99.6,99.6,99.6,99.6,7,0
NCL,60,20250116,120000,99.6,99.6,98.8,98.8,48,0
NCL,60,20250116,130000,98.5,98.5,96,96,488,0
NCL,60,20250116,150000,97,97,97,97,125,0
NCL,60,20250116,160000,97,97,96.9,97,45,0
NCL,60,20250116,170000,97.7,97.7,97.7,97.7,9,0
NCL,60,20250117,100000,97.5,97.7,96,96.1,153,0
NCL,60,20250117,110000,96,97.5,95.9,96.1,237,0
NCL,60,20250117,120000,97.4,97.4,96.1,97,21,0
NCL,60,20250117,130000,97,97,96,96,26,0
NCL,60,20250117,140000,96.1,96.1,96,96,66,0
NCL,60,20250117,150000,95.9,96,95.9,95.9,54,0
NCL,60,20250117,160000,95.9,95.9,93,95.6,675,0
NCL,60,20250117,170000,95.4,96,93.5,96,87,0
NCL,60,20250120,100000,97.7,98,97,98,375,0
NCL,60,20250120,110000,98,101.4,97.9,101.4,603,0
NCL,60,20250120,120000,101,101,99.8,99.9,645,0
NCL,60,20250120,130000,99.9,99.9,98.9,98.9,221,0
NCL,60,20250120,140000,99,99,98.9,98.9,130,0
NCL,60,20250120,150000,98.5,99,98.2,98.9,95,0
NCL,60,20250120,160000,98.5,99,98,98,541,0
NCL,60,20250120,170000,97.9,98,97.7,98,123,0
NCL,60,20250121,100000,98.9,98.9,96.9,96.9,227,0
NCL,60,20250121,110000,98,98,96,96,204,0
NCL,60,20250121,120000,95.9,98,95.8,98,128,0
NCL,60,20250121,130000,97.7,97.9,95.1,95.1,176,0
NCL,60,20250121,140000,95.4,97.7,95.4,97.7,36,0
NCL,60,20250121,150000,95.7,97.8,95.7,95.9,35,0
NCL,60,20250121,160000,96.8,97.8,96.8,97.8,448,0
NCL,60,20250121,170000,97.8,97.8,97.8,97.8,2,0
NCL,60,20250122,100000,97.8,98.9,97.8,98.9,116,0
NCL,60,20250122,110000,98.8,98.8,98.8,98.8,20,0
NCL,60,20250122,130000,97.1,97.4,96,97.4,872,0
NCL,60,20250122,140000,97.4,97.5,97.3,97.3,22,0
NCL,60,20250122,150000,97.9,98.5,97.9,98.2,73,0
NCL,60,20250122,160000,98.2,98.2,98.2,98.2,5,0
NCL,60,20250122,170000,98.4,98.8,98.4,98.8,28,0
NCL,60,20250123,100000,98.6,98.6,98.6,98.6,20,0
NCL,60,20250123,110000,97.5,97.5,97.5,97.5,1,0
NCL,60,20250123,120000,97.5,97.5,96.5,96.5,70,0
NCL,60,20250123,130000,96.5,96.5,95.9,95.9,247,0
NCL,60,20250123,140000,96,96,96,96,266,0
NCL,60,20250123,150000,96,96,95.8,96,126,0
NCL,60,20250123,160000,97.3,97.3,97.3,97.3,21,0
NCL,60,20250123,170000,97.4,97.4,97.4,97.4,53,0
NCL,60,20250124,100000,96,97.4,96,96.1,24,0
NCL,60,20250124,110000,96,97.5,96,97.4,44,0
NCL,60,20250124,120000,97,97.8,97,97.8,53,0
NCL,60,20250124,140000,97,97,97,97,1,0
NCL,60,20250124,150000,96.4,96.4,95.6,95.6,437,0
NCL,60,20250124,160000,95.5,95.5,95.1,95.2,390,0
NCL,60,20250124,170000,95.2,95.6,95,95.6,310,0
NCL,60,20250127,100000,97.8,97.8,97,97.6,262,0
NCL,60,20250127,110000,97.1,97.2,96.9,96.9,150,0
NCL,60,20250127,120000,96,96.5,96,96.1,30,0
NCL,60,20250127,130000,96.2,97,96,97,204,0
NCL,60,20250127,140000,97,97.1,97,97.1,8,0
NCL,60,20250127,150000,97.1,97.4,96.5,96.5,680,0
NCL,60,20250127,160000,96.4,97,96.3,97,61,0
NCL,60,20250127,170000,97,98.2,97,98,259,0
NCL,60,20250128,100000,97.9,97.9,96.1,96.1,120,0
NCL,60,20250128,110000,96.2,96.2,95,96,247,0
NCL,60,20250128,120000,96,96.1,96,96,34,0
NCL,60,20250128,130000,96.1,97.7,95.7,97,138,0
NCL,60,20250128,140000,95.7,95.7,95.6,95.6,20,0
NCL,60,20250128,150000,96.9,97.6,96.9,97.5,184,0
NCL,60,20250128,170000,97.4,97.5,96.2,97.5,78,0
NCL,60,20250129,100000,97.5,98,96,98,197,0
NCL,60,20250129,110000,97.8,97.9,97.8,97.9,110,0
NCL,60,20250129,120000,96.3,98,95.3,98,270,0
NCL,60,20250129,150000,97.7,98,97.7,98,158,0
NCL,60,20250129,160000,98,98.2,97.7,97.7,45,0
NCL,60,20250129,170000,98,98,97.6,98,43,0
NCL,60,20250130,100000,98.2,98.3,98.1,98.3,166,0
NCL,60,20250130,110000,98,98.3,97,97,197,0
NCL,60,20250130,120000,97,97,97,97,67,0
NCL,60,20250130,130000,97,97,97,97,57,0
NCL,60,20250130,140000,96.9,96.9,96.6,96.6,51,0
NCL,60,20250130,150000,97,97,97,97,48,0
NCL,60,20250130,160000,96.6,97,95.8,97,225,0
NCL,60,20250130,170000,97,97,95.8,97,192,0
NCL,60,20250131,100000,97,97,95.1,95.1,76,0
NCL,60,20250131,110000,95.2,95.2,95,95,727,0
NCL,60,20250131,120000,95.1,96.6,95,95,72,0
NCL,60,20250131,130000,95.1,95.1,94.9,95,100,0
NCL,60,20250131,140000,95,95,95,95,25,0
NCL,60,20250131,150000,96.6,97,95,95.1,536,0
NCL,60,20250131,160000,97,97.1,96,97,64,0
NCL,60,20250131,170000,97,97.2,95.5,97.2,74,0
NCL,60,20250203,100000,95.1,95.1,90,93,642,0
NCL,60,20250203,110000,93.2,93.2,93.2,93.2,15,0
NCL,60,20250203,120000,93.3,93.7,93.3,93.7,49,0
NCL,60,20250203,130000,93.7,94,93.7,94,78,0
NCL,60,20250203,140000,94,94.8,94,94.8,39,0
NCL,60,20250203,150000,94,94,94,94,74,0
NCL,60,20250203,160000,94.2,94.2,94,94,1075,0
NCL,60,20250203,170000,95,95,94.1,95,66,0
NCL,60,20250204,100000,95,95,93.8,93.8,256,0
NCL,60,20250204,110000,93.9,93.9,93.9,93.9,25,0
NCL,60,20250204,120000,94,95.4,94,95.4,13,0
NCL,60,20250204,130000,94.1,94.1,93.8,93.8,165,0
NCL,60,20250204,140000,94,94,94,94,5,0
NCL,60,20250204,150000,94,94,93.9,93.9,73,0
NCL,60,20250204,160000,94.1,94.9,93.8,93.8,172,0
NCL,60,20250204,170000,93.8,94.6,93.6,94.6,1954,0
NCL,60,20250205,100000,93.9,94,93.6,93.9,87,0
NCL,60,20250205,110000,93.6,93.6,93.2,93.2,98,0
NCL,60,20250205,120000,93.2,93.2,93,93,17,0
NCL,60,20250205,130000,93.1,93.1,92.7,92.7,42,0
NCL,60,20250205,140000,92.7,93,91.5,93,224,0
NCL,60,20250205,150000,91.5,91.5,90.7,91.2,326,0
NCL,60,20250205,170000,91.2,92.2,90.8,92.2,200,0
NCL,60,20250206,100000,90.2,92.2,90,90,282,0
NCL,60,20250206,110000,90.2,91,90,91,143,0
NCL,60,20250206,120000,91.6,92,91.2,91.2,154,0
NCL,60,20250206,130000,91.2,92,91.1,92,77,0
NCL,60,20250206,140000,91.4,92.2,91.4,92.2,42,0
NCL,60,20250206,150000,92.8,92.8,92.8,92.8,23,0
NCL,60,20250206,160000,92.8,93.5,92.8,93.5,78,0
NCL,60,20250206,170000,92.8,93.5,92.8,93.5,16,0
NCL,60,20250207,100000,93.5,93.5,92,92,149,0
NCL,60,20250207,110000,92.2,92.2,92.2,92.2,25,0
NCL,60,20250207,120000,92.3,93,92,93,171,0
NCL,60,20250207,130000,92.8,92.8,92.8,92.8,40,0
NCL,60,20250207,150000,93,93,92.1,92.1,186,0
NCL,60,20250207,160000,92.1,92.5,92.1,92.5,67,0
NCL,60,20250207,170000,92.2,92.2,92.2,92.2,70,0
NCL,60,20250210,100000,97,97,95,95.6,1229,0
NCL,60,20250210,110000,95.5,95.9,94.8,94.8,1273,0
NCL,60,20250210,120000,95,95,94,95,478,0
NCL,60,20250210,130000,94.9,94.9,94.7,94.9,153,0
NCL,60,20250210,140000,94.4,94.4,93.5,94,1556,0
NCL,60,20250210,150000,94,94.9,94,94.9,901,0
NCL,60,20250210,160000,94.9,94.9,94.8,94.9,249,0
NCL,60,20250210,170000,95,96.6,95,96.6,692,0
NCL,60,20250211,100000,96.6,97.5,95.2,95.8,461,0
NCL,60,20250211,110000,96,96,94.8,96,246,0
NCL,60,20250211,120000,96,96,95.5,95.5,49,0
NCL,60,20250211,130000,95.5,96,95,95,374,0
NCL,60,20250211,140000,95.5,95.5,94.9,95,1127,0
NCL,60,20250211,150000,94.9,95,94.8,95,354,0
NCL,60,20250211,160000,95,95,95,95,289,0
NCL,60,20250211,170000,94.8,95,94.7,95,417,0
NCL,60,20250212,100000,96.7,97,94.8,95,882,0
NCL,60,20250212,110000,95,95.5,94.6,94.6,789,0
NCL,60,20250212,120000,95,95.8,95,95.6,330,0
NCL,60,20250212,130000,95.6,95.6,95.4,95.4,49,0
NCL,60,20250212,140000,95.4,95.5,95.3,95.5,381,0
NCL,60,20250212,150000,95.5,95.5,95.4,95.5,113,0
NCL,60,20250212,160000,95.5,95.5,95.2,95.2,83,0
NCL,60,20250212,170000,95.3,96,95.2,95.9,713,0
NCL,60,20250213,100000,95.9,96,94.8,94.8,503,0
NCL,60,20250213,110000,95,95,94.8,94.8,52,0
NCL,60,20250213,120000,94.8,95,94.8,95,474,0
NCL,60,20250213,130000,95,95,94.4,94.6,894,0
NCL,60,20250213,140000,94.4,95,94.4,95,103,0
NCL,60,20250213,150000,94.7,94.7,94.7,94.7,2,0
NCL,60,20250213,160000,94.7,95,94.4,94.4,201,0
NCL,60,20250213,170000,95,95,95,95,4,0
NCL,60,20250214,100000,94,95,93.5,94,808,0
NCL,60,20250214,110000,94,94,93,93.4,162,0
NCL,60,20250214,120000,93.4,94,93.4,94,244,0
NCL,60,20250214,130000,94.2,96.4,94.2,96,567,0
NCL,60,20250214,140000,96,97.6,96,96.3,523,0
NCL,60,20250214,150000,97.3,97.4,97.3,97.4,99,0
NCL,60,20250214,160000,97.4,97.4,96.4,96.8,340,0
NCL,60,20250214,170000,96.4,97.2,96.4,97.2,145,0
NCL,60,20250217,100000,97.2,99.6,97.2,97.5,1619,0
NCL,60,20250217,110000,96.8,97,96.8,97,58,0
NCL,60,20250217,120000,97,98,97,98,750,0
NCL,60,20250217,130000,98,98.4,97.6,98.4,264,0
NCL,60,20250217,140000,98,98.4,98,98.4,459,0
NCL,60,20250217,150000,98.2,98.4,98.2,98.3,265,0
NCL,60,20250217,160000,98.4,99.4,98.4,99.4,641,0
NCL,60,20250217,170000,99.4,99.4,99.3,99.4,403,0
NCL,60,20250218,100000,99.8,99.8,98.6,98.6,359,0
NCL,60,20250218,110000,98.7,98.7,98.7,98.7,8,0
NCL,60,20250218,120000,98.9,99.8,98.9,99,47,0
NCL,60,20250218,130000,99.7,99.8,98.7,99,197,0
NCL,60,20250218,140000,99,99,98.4,98.4,49,0
NCL,60,20250218,150000,99,99,99,99,65,0
NCL,60,20250218,160000,98.4,99,98.4,99,129,0
NCL,60,20250218,170000,97.8,98.2,97.7,98.2,15,0
NCL,60,20250219,100000,98.2,98.2,97.5,98.2,227,0
NCL,60,20250219,110000,98.2,101,98.2,100.8,951,0
NCL,60,20250219,120000,98.9,99.9,98.6,98.6,266,0
NCL,60,20250219,130000,98.4,98.4,98.2,98.3,50,0
NCL,60,20250219,150000,98.3,98.3,98.1,98.3,40,0
NCL,60,20250219,160000,98.3,99.6,98.3,99.6,102,0
NCL,60,20250219,170000,99.6,100,99.6,100,20,0
NCL,60,20250220,100000,100,101,99,100.8,441,0
NCL,60,20250220,110000,100.8,101,100,100,49,0
NCL,60,20250220,120000,99,99.9,98.1,99.9,185,0
NCL,60,20250220,130000,98.4,98.4,98.3,98.3,36,0
NCL,60,20250220,140000,98.3,98.8,98.2,98.8,85,0
NCL,60,20250220,150000,98.8,98.8,98.8,98.8,67,0
NCL,60,20250220,160000,99,100,99,100,111,0
NCL,60,20250220,170000,98.8,99.9,98.8,98.9,16,0
NCL,60,20250221,100000,99.8,100.8,98.5,100.4,251,0
NCL,60,20250221,110000,100.2,100.2,98.6,98.6,78,0
NCL,60,20250221,120000,98.5,98.6,98.5,98.6,15,0
NCL,60,20250221,140000,99.4,100.4,98.6,100.4,414,0
NCL,60,20250221,150000,100.2,100.4,100.2,100.4,47,0
NCL,60,20250221,160000,100.2,100.2,98.9,100,37,0
NCL,60,20250221,170000,99,100,98.8,99.6,137,0
NCL,60,20250224,100000,100,100,98.5,98.8,316,0
NCL,60,20250224,110000,99.6,99.8,99.6,99.8,34,0
NCL,60,20250224,120000,99.6,99.7,98.9,98.9,153,0
NCL,60,20250224,130000,98.8,99.8,98.8,99.8,48,0
NCL,60,20250224,140000,99.8,99.8,98.6,99.8,66,0
NCL,60,20250224,150000,98.8,98.8,98.6,98.6,95,0
NCL,60,20250224,160000,98.6,98.6,98.4,98.4,356,0
NCL,60,20250224,170000,98.6,98.6,98.6,98.6,25,0
NCL,60,20250225,100000,98.5,98.5,96,98,428,0
NCL,60,20250225,110000,98,98,98,98,78,0
NCL,60,20250225,120000,98,98,98,98,36,0
NCL,60,20250225,130000,97.5,98,97.2,97.3,64,0
NCL,60,20250225,150000,97.3,97.9,96.2,97.9,101,0
NCL,60,20250225,160000,97.6,97.9,97.6,97.9,13,0
NCL,60,20250225,170000,97.9,98,96,98,158,0
NCL,60,20250226,100000,98,98.6,97.6,97.7,218,0
NCL,60,20250226,110000,97.7,97.7,97.6,97.6,27,0
NCL,60,20250226,120000,97.6,97.6,96,97.6,217,0
NCL,60,20250226,130000,97.6,97.6,97.6,97.6,45,0
NCL,60,20250226,140000,96.6,96.6,96.6,96.6,6,0
NCL,60,20250226,150000,97,97,96.6,96.6,67,0
NCL,60,20250226,160000,97.5,97.5,97.5,97.5,10,0
NCL,60,20250226,170000,97.5,97.5,96.6,97.4,5,0
NCL,60,20250227,100000,97.4,97.4,95.2,95.2,241,0
NCL,60,20250227,110000,95.3,96,95.2,95.3,147,0
NCL,60,20250227,120000,97,97,96,96,91,0
NCL,60,20250227,130000,96.5,97.1,96.5,97.1,106,0
NCL,60,20250227,140000,96.5,96.5,96.5,96.5,74,0
NCL,60,20250227,150000,96.5,96.5,96.2,96.2,7,0
NCL,60,20250227,160000,95.6,95.6,95.2,95.2,176,0
NCL,60,20250227,170000,95.1,96,95,96,147,0
NCL,60,20250228,100000,96,96,95,95.1,75,0
NCL,60,20250228,110000,95.1,95.1,95,95,447,0
NCL,60,20250228,120000,94.9,94.9,94.2,94.2,142,0
NCL,60,20250228,130000,95,95,93.2,95,353,0
NCL,60,20250228,140000,95,95,95,95,31,0
NCL,60,20250228,150000,95,95,95,95,7,0
NCL,60,20250228,160000,94.6,95,94.5,95,35,0
NCL,60,20250228,170000,95.4,95.9,95.4,95.9,18,0
NCL,60,20250303,100000,95.9,97,95.9,96.7,308,0
NCL,60,20250303,110000,97,97.4,96.7,97.4,104,0
NCL,60,20250303,120000,97.5,99,97.4,98.1,517,0
NCL,60,20250303,130000,98,99,97.6,99,2444,0
NCL,60,20250303,140000,99,99,97.6,98.6,2747,0
NCL,60,20250303,150000,98.6,100,98.6,100,294,0
NCL,60,20250303,160000,99.8,99.8,98.1,99.8,182,0
NCL,60,20250303,170000,99.6,100,99.6,99.9,160,0
NCL,60,20250304,100000,99.9,100.2,97,98,340,0
NCL,60,20250304,110000,98.6,99.9,98.6,99.9,11,0
NCL,60,20250304,120000,99,102.2,99,100.6,868,0
NCL,60,20250304,130000,101,101,100.6,101,439,0
NCL,60,20250304,140000,101,101,99,99,39,0
NCL,60,20250304,150000,99,99,98,98,228,0
NCL,60,20250304,160000,97.8,97.8,97.8,97.8,2,0
NCL,60,20250304,170000,98.5,98.5,97.8,97.8,58,0
NCL,60,20250305,100000,98.3,98.3,98.3,98.3,10,0
NCL,60,20250305,110000,98.3,101.4,98.3,99.9,140,0
NCL,60,20250305,120000,98.5,99.9,98.5,99.9,63,0
NCL,60,20250305,130000,99.9,99.9,99.9,99.9,2,0
NCL,60,20250305,140000,99,99,98.5,99,683,0
NCL,60,20250305,150000,99.9,100,98.5,98.5,829,0
NCL,60,20250305,160000,98.3,99.9,97.2,97.2,619,0
NCL,60,20250305,170000,98,98,98,98,574,0
NCL,60,20250306,100000,99.9,101,99.5,101,112,0
NCL,60,20250306,110000,100,101.2,100,101.2,22,0
NCL,60,20250306,120000,101,101,99.2,100,139,0
NCL,60,20250306,130000,100,100,99.2,99.2,66,0
NCL,60,20250306,140000,100,100.2,100,100,38,0
NCL,60,20250306,150000,100.2,102,97.5,97.5,3381,0
NCL,60,20250306,160000,99.9,102,97.4,99.4,1560,0
NCL,60,20250306,170000,99.2,101.4,97.9,98.4,166,0
NCL,60,20250307,100000,99.9,99.9,98,98.5,462,0
NCL,60,20250307,110000,98.2,99,97.6,97.6,760,0
NCL,60,20250307,120000,97.2,97.2,97.2,97.2,20,0
NCL,60,20250307,130000,97.2,97.2,97.2,97.2,30,0
NCL,60,20250307,140000,98.7,98.7,98.7,98.7,15,0
NCL,60,20250307,150000,97.2,97.5,97.1,97.1,153,0
NCL,60,20250307,160000,97.1,97.1,97.1,97.1,87,0
NCL,60,20250307,170000,97.1,97.1,95.9,95.9,1447,0
NCL,60,20250310,100000,97,97,94.2,96.3,590,0
NCL,60,20250310,110000,96.3,96.3,94.9,94.9,41,0
NCL,60,20250310,120000,95.8,95.8,94.9,94.9,24,0
NCL,60,20250310,130000,95.5,95.5,93.8,93.8,306,0
NCL,60,20250310,140000,95.7,96.3,95.7,96,122,0
NCL,60,20250310,150000,96,96,96,96,4,0
NCL,60,20250310,160000,95.9,95.9,95.9,95.9,3,0
NCL,60,20250310,170000,95.7,95.9,94.5,94.5,35,0
NCL,60,20250311,100000,94.7,94.7,93.6,93.6,461,0
NCL,60,20250311,110000,94,94,93.5,93.5,154,0
NCL,60,20250311,120000,93.6,94,93.6,94,116,0
NCL,60,20250311,130000,93.8,93.8,93.6,93.6,15,0
NCL,60,20250311,140000,93.9,93.9,93.9,93.9,10,0
NCL,60,20250311,150000,93.7,93.9,93.6,93.9,18,0
NCL,60,20250311,160000,93.6,93.6,93.5,93.5,70,0
NCL,60,20250311,170000,93.6,94,93.4,93.4,89,0
NCL,60,20250312,100000,93.3,94,93.3,94,168,0
NCL,60,20250312,110000,93.8,94,93.8,94,101,0
NCL,60,20250312,120000,94,94,94,94,140,0
NCL,60,20250312,130000,94.5,94.5,94,94,3,0
NCL,60,20250312,140000,94.8,94.8,94.8,94.8,196,0
NCL,60,20250312,150000,94,94.8,93.6,94.8,235,0
NCL,60,20250312,160000,93.6,93.6,93.6,93.6,36,0
NCL,60,20250312,170000,94,94,93.5,94,48,0
NCL,60,20250313,100000,94,94,93.3,94,227,0
NCL,60,20250313,110000,94,94,93.3,93.3,64,0
NCL,60,20250313,130000,93.9,93.9,93.9,93.9,6,0
NCL,60,20250313,140000,93.9,94.2,93.9,94.2,110,0
NCL,60,20250313,150000,94.2,94.2,94.2,94.2,14,0
NCL,60,20250313,160000,94.5,94.5,94.5,94.5,9,0
NCL,60,20250313,170000,94.6,95,94.6,95,88,0
NCL,60,20250314,100000,94.6,95,94.6,94.7,137,0
NCL,60,20250314,110000,94.7,94.7,94,94,1178,0
NCL,60,20250314,120000,93.9,94.9,93.9,94.9,25,0
NCL,60,20250314,130000,94.9,95,94.2,94.2,765,0
NCL,60,20250314,140000,95,95,95,95,28,0
NCL,60,20250314,160000,95.2,95.2,95.2,95.2,44,0
NCL,60,20250314,170000,95.2,95.5,95.2,95.5,294,0
NCL,60,20250317,100000,97,102.4,97,101.8,3702,0
NCL,60,20250317,110000,102,103.4,99.5,102.6,1090,0
NCL,60,20250317,120000,102.6,103,101.8,103,895,0
NCL,60,20250317,130000,103,103.6,102.8,103.6,574,0
NCL,60,20250317,140000,103.6,105,103.6,104.8,624,0
NCL,60,20250317,150000,104.4,105.6,99.6,102,1886,0
NCL,60,20250317,160000,102,103.8,102,102,433,0
NCL,60,20250317,170000,103.4,103.8,102,103.6,567,0
NCL,60,20250318,100000,103.6,103.6,102.2,102.2,689,0
NCL,60,20250318,110000,102.2,102.6,100.4,101.6,313,0
NCL,60,20250318,120000,102.2,103,101.6,103,227,0
NCL,60,20250318,130000,102,103.2,102,103,423,0
NCL,60,20250318,140000,103.2,103.2,102,102,45,0
NCL,60,20250318,150000,103.2,103.2,103,103,55,0
NCL,60,20250318,170000,103.2,103.6,102.8,103.6,791,0
NCL,60,20250319,100000,103.6,104,102.6,102.6,392,0
NCL,60,20250319,110000,102.6,103,101.6,101.6,489,0
NCL,60,20250319,120000,101.6,101.6,101,101.6,2289,0
NCL,60,20250319,130000,101.6,101.6,100.6,101.6,379,0
NCL,60,20250319,140000,101.6,101.6,100,100.2,737,0
NCL,60,20250319,160000,101.2,101.4,101.2,101.4,41,0
NCL,60,20250319,170000,101.6,102,100.2,102,645,0
NCL,60,20250320,100000,102.8,108.4,102.8,108.4,2144,0
NCL,60,20250320,110000,108,108.6,106.8,107.2,1102,0
NCL,60,20250320,120000,107.2,108.6,106,107,618,0
NCL,60,20250320,130000,106,106,105,105,1221,0
NCL,60,20250320,140000,105,105,104.8,104.8,235,0
NCL,60,20250320,150000,104.8,104.8,102.6,104,324,0
NCL,60,20250320,160000,104,104,103.6,104,250,0
NCL,60,20250320,170000,104,106.6,103.8,106.4,1245,0
NCL,60,20250321,100000,107,109,106.4,108.4,1525,0
NCL,60,20250321,110000,108.4,108.6,107,108,204,0
NCL,60,20250321,120000,108,108.2,106,108,391,0
NCL,60,20250321,130000,108,108.4,107,108.4,391,0
NCL,60,20250321,140000,108.4,108.8,108,108.2,254,0
NCL,60,20250321,150000,108.2,108.2,107,108,303,0
NCL,60,20250321,160000,108,108.4,107,108.4,463,0
NCL,60,20250321,170000,108.8,108.8,107.8,108.6,1247,0
NCL,60,20250324,100000,109.6,113,107.6,111,5291,0
NCL,60,20250324,110000,111,112,110.6,111,1906,0
NCL,60,20250324,120000,111,111,110.6,111,447,0
NCL,60,20250324,130000,111,111,110.6,110.8,310,0
NCL,60,20250324,140000,111,111,110.4,110.4,449,0
NCL,60,20250324,150000,110.8,110.8,110,110,844,0
NCL,60,20250324,160000,112,113,112,112.8,300,0
NCL,60,20250324,170000,113,113.8,112.6,113.4,669,0
NCL,60,20250325,100000,113.4,115.2,113,113.4,1965,0
NCL,60,20250325,110000,113.6,113.8,113.4,113.6,645,0
NCL,60,20250325,120000,113.6,113.8,111,113,1355,0
NCL,60,20250325,130000,112,112,111,111,1610,0
NCL,60,20250325,140000,112.8,113,111.2,113,451,0
NCL,60,20250325,150000,111.6,113,111.2,113,30,0
NCL,60,20250325,160000,113,113,111.6,111.6,228,0
NCL,60,20250325,170000,112,112,111.6,112,294,0
NCL,60,20250326,100000,112,112,109.4,109.4,1035,0
NCL,60,20250326,110000,109.8,111.8,109.4,111.4,426,0
NCL,60,20250326,120000,111,111.6,109.6,109.8,376,0
NCL,60,20250326,130000,110,111.4,110,111.4,65,0
NCL,60,20250326,140000,111,111,108.4,108.4,2490,0
NCL,60,20250326,150000,109.6,110.8,108.6,108.6,275,0
NCL,60,20250326,160000,110,110,109,109,50,0
NCL,60,20250326,170000,108.6,110,108.6,109.6,146,0
NCL,60,20250327,100000,109,109,108,108,421,0
NCL,60,20250327,110000,108,109,107,107.2,1429,0
NCL,60,20250327,120000,107.2,107.2,107,107.2,358,0
NCL,60,20250327,130000,107,107.6,106.8,106.8,198,0
NCL,60,20250327,140000,107.6,108,107,107,195,0
NCL,60,20250327,150000,107,108,107,107.2,31,0
NCL,60,20250327,160000,107.2,108,107,108,57,0
NCL,60,20250327,170000,108,108,107.6,108,135,0
NCL,60,20250328,100000,108,108.6,107,108.6,547,0
NCL,60,20250328,110000,108.6,108.6,107,108,705,0
NCL,60,20250328,120000,108,108,107,108,69,0
NCL,60,20250328,130000,108,108,108,108,10,0
NCL,60,20250328,140000,108,109.6,108,109,505,0
NCL,60,20250328,150000,108,109.6,108,109.6,17,0
NCL,60,20250328,160000,109.6,109.8,107.8,108,103,0
NCL,60,20250328,170000,108,109.2,107.8,108.6,73,0
NCL,60,20250331,100000,108.6,109,107.6,107.6,513,0
NCL,60,20250331,110000,108,109.6,107.2,109.6,469,0
NCL,60,20250331,120000,109.4,109.4,109.4,109.4,3,0
NCL,60,20250331,130000,109.4,109.4,107.2,107.2,96,0
NCL,60,20250331,140000,107.4,107.4,106.8,106.8,61,0
NCL,60,20250331,150000,106.4,106.8,104.2,104.2,763,0
NCL,60,20250331,160000,104.2,105.8,101.2,103,508,0
NCL,60,20250331,170000,103,105.8,102.8,102.8,230,0
NCL,60,20250401,100000,104,106,104,105,401,0
NCL,60,20250401,110000,105,105,102,102,455,0
NCL,60,20250401,120000,104.5,104.5,102.5,102.5,62,0
NCL,60,20250401,130000,102.5,104,102.5,104,183,0
NCL,60,20250401,140000,103.5,103.5,103.5,103.5,2,0
NCL,60,20250401,150000,103,103.5,103,103.5,208,0
NCL,60,20250401,160000,103,105,103,105,145,0
NCL,60,20250401,170000,104,104,103.5,103.5,22,0
NCL,60,20250402,100000,100,101.5,100,100.5,565,0
NCL,60,20250402,110000,101.5,104,100.5,104,206,0
NCL,60,20250402,120000,104,104,101.5,101.5,97,0
NCL,60,20250402,130000,101.5,103.5,100.5,103.5,101,0
NCL,60,20250402,140000,103.5,104,103.5,104,479,0
NCL,60,20250402,150000,104,105,104,105,177,0
NCL,60,20250402,160000,105,105,103,103,278,0
NCL,60,20250402,170000,105,106,105,106,33,0
NCL,60,20250403,100000,102.5,105.5,102.5,103,230,0
NCL,60,20250403,110000,103,104,102.5,104,263,0
NCL,60,20250403,120000,102.5,104.5,102,102.5,252,0
NCL,60,20250403,130000,102.5,104.5,102,104.5,788,0
NCL,60,20250403,140000,102.5,102.5,101,101,414,0
NCL,60,20250403,150000,101,101.5,98.6,101.5,838,0
NCL,60,20250403,160000,101.5,101.5,100,101.5,60,0
NCL,60,20250403,170000,102.5,103,100.5,100.5,125,0
NCL,60,20250404,100000,102,102,99,99.6,397,0
NCL,60,20250404,110000,99.4,100,99,100,323,0
NCL,60,20250404,120000,99.8,100,99.6,100,424,0
NCL,60,20250404,130000,101,101,99,99,278,0
NCL,60,20250404,140000,98.4,98.4,98,98,312,0
NCL,60,20250404,150000,97.8,97.8,92.4,94.6,708,0
NCL,60,20250404,160000,95,97.6,94,97.6,310,0
NCL,60,20250404,170000,95,95.6,94,94,246,0
NCL,60,20250407,100000,83,90,78,87.2,1935,0
NCL,60,20250407,110000,87.2,90,86.6,89.8,476,0
NCL,60,20250407,120000,89.8,90,89,90,145,0
NCL,60,20250407,130000,90,91.4,90,91.4,246,0
NCL,60,20250407,140000,91.6,91.6,91.6,91.6,40,0
NCL,60,20250407,150000,92,92,90.6,90.6,139,0
NCL,60,20250407,170000,90.6,93,90.6,93,264,0
NCL,60,20250408,100000,93,97.8,93,96.6,239,0
NCL,60,20250408,110000,98,98.2,98,98,36,0
NCL,60,20250408,120000,97.2,98,97,97,283,0
NCL,60,20250408,130000,97,97,95.4,97,90,0
NCL,60,20250408,140000,95.6,96,94,94,202,0
NCL,60,20250408,150000,96,96,95,95,70,0
NCL,60,20250408,160000,95,97,95,97,16,0
NCL,60,20250408,170000,97.4,97.4,97.4,97.4,17,0
NCL,60,20250409,100000,95.6,97,92,92.8,1953,0
NCL,60,20250409,110000,93.6,95.8,92.8,95.8,45,0
NCL,60,20250409,120000,95,95.2,95,95.2,35,0
NCL,60,20250409,140000,94,95,94,94,67,0
NCL,60,20250409,150000,94.2,94.2,92.6,92.6,308,0
NCL,60,20250409,160000,94.2,94.4,93.2,93.2,42,0
NCL,60,20250409,170000,93.2,94.2,93.2,94.2,59,0
NCL,60,20250410,100000,97,97.8,96.4,97,982,0
NCL,60,20250410,110000,97.8,97.8,97.8,97.8,100,0
NCL,60,20250410,120000,98,98,98,98,154,0
NCL,60,20250410,130000,98,98,98,98,70,0
NCL,60,20250410,140000,98,98,97.8,97.8,95,0
NCL,60,20250410,150000,97.4,97.4,97,97,32,0
NCL,60,20250410,160000,98,98,97,97,125,0
NCL,60,20250410,170000,97.2,98,97.2,98,115,0
NCL,60,20250411,100000,95.2,96.8,95.2,96.8,852,0
NCL,60,20250411,110000,97.8,97.8,96,96,21,0
NCL,60,20250411,130000,96.6,96.6,96.6,96.6,1,0
NCL,60,20250411,140000,97.6,97.6,97.6,97.6,1,0
NCL,60,20250411,150000,97.6,97.8,97.6,97.8,183,0
NCL,60,20250411,160000,98.2,98.2,97.8,97.8,26,0
NCL,60,20250414,100000,98.4,99.8,98.4,99.8,132,0
NCL,60,20250414,110000,99.8,99.8,99.8,99.8,26,0
NCL,60,20250414,120000,98.8,98.8,98.4,98.6,83,0
NCL,60,20250414,130000,98.4,98.4,98.4,98.4,79,0
NCL,60,20250414,150000,99.4,101.5,99.4,99.6,311,0
NCL,60,20250414,160000,100,100,98.6,98.6,19,0
NCL,60,20250414,170000,98.8,99.8,98.8,99.8,353,0
NCL,60,20250415,100000,100,101,100,100,685,0
NCL,60,20250415,110000,101.5,101.5,100.5,101,23,0
NCL,60,20250415,120000,101,103,101,102.5,166,0
NCL,60,20250415,130000,101.5,101.5,101,101,15,0
NCL,60,20250415,140000,102,102,100.5,102,187,0
NCL,60,20250415,150000,102.5,103,100.5,100.5,486,0
NCL,60,20250415,160000,100,100,98.4,98.4,480,0
NCL,60,20250415,170000,100,100,100,100,2,0
NCL,60,20250416,100000,99.8,100,99.2,99.2,591,0
NCL,60,20250416,110000,99.2,100,99.2,99.2,324,0
NCL,60,20250416,120000,99.2,99.2,98.6,98.6,174,0
NCL,60,20250416,130000,100,100,100,100,45,0
NCL,60,20250416,140000,99,99,99,99,44,0
NCL,60,20250416,160000,99,99,99,99,2,0
NCL,60,20250416,170000,98.8,100,98.8,100,38,0
NCL,60,20250417,100000,98.2,100.5,98.2,98.4,81,0
NCL,60,20250417,110000,98.2,98.4,98.2,98.2,172,0
NCL,60,20250417,120000,98.2,98.2,98,98,330,0
NCL,60,20250417,130000,97.8,100,97.8,100,112,0
NCL,60,20250417,140000,100,100.5,100,100.5,110,0
NCL,60,20250417,150000,98.6,98.6,98.6,98.6,25,0
NCL,60,20250417,160000,100.5,101,100,101,200,0
NCL,60,20250417,170000,98.8,100.5,98.6,100.5,81,0
NCL,60,20250422,100000,98.6,98.6,94.8,98.4,524,0
NCL,60,20250422,120000,97,97,96,96,383,0
NCL,60,20250422,130000,97,98,97,97,101,0
NCL,60,20250422,140000,97,97,97,97,5,0
NCL,60,20250422,150000,97,97.2,97,97.2,20,0
NCL,60,20250422,160000,97.8,97.8,97,97,38,0
NCL,60,20250422,170000,97,97.4,95.8,97.4,355,0
NCL,60,20250423,100000,97.4,97.4,95.2,96.8,222,0
NCL,60,20250423,110000,96.6,96.8,94,96.8,516,0
NCL,60,20250423,120000,95.8,96,95,96,34,0
NCL,60,20250423,130000,95,96,94.4,96,99,0
NCL,60,20250423,140000,96,96,96,96,100,0
NCL,60,20250423,150000,96,96.2,96,96,36,0
NCL,60,20250423,160000,96.8,97,95.8,95.8,61,0
NCL,60,20250423,170000,95.8,96.4,94,96.4,492,0
NCL,60,20250424,100000,96.2,98.2,96.2,96.4,152,0
NCL,60,20250424,110000,96.2,96.2,96.2,96.2,139,0
NCL,60,20250424,120000,96.2,96.2,96.2,96.2,10,0
NCL,60,20250424,130000,97.6,98.2,96.6,96.6,222,0
NCL,60,20250424,140000,96.4,96.4,96.4,96.4,25,0
NCL,60,20250424,150000,96.2,96.2,95,95,161,0
NCL,60,20250424,160000,95.8,95.8,95.8,95.8,12,0
NCL,60,20250424,170000,95.8,95.8,95.6,95.8,51,0
NCL,60,20250425,100000,95.8,96.8,94.8,95,219,0
NCL,60,20250425,110000,95,96.4,94.8,96.4,74,0
NCL,60,20250425,120000,96.6,96.6,96.6,96.6,38,0
NCL,60,20250425,130000,96.6,96.6,96.6,96.6,50,0
NCL,60,20250425,140000,96.8,96.8,96.8,96.8,55,0
NCL,60,20250425,150000,96.8,97,95,95,28,0
NCL,60,20250425,160000,96.8,97,95,97,78,0
NCL,60,20250425,170000,96,97,96,97,21,0
NCL,60,20250428,100000,97,97.2,97,97.2,84,0
NCL,60,20250428,110000,97.2,97.6,97.2,97.6,64,0
NCL,60,20250428,120000,96.2,96.2,96.2,96.2,28,0
NCL,60,20250428,130000,97.4,98.6,96,97.2,1989,0
NCL,60,20250428,140000,98,99.6,98,99.6,701,0
NCL,60,20250428,150000,98.4,99.8,98.4,99.8,75,0
NCL,60,20250428,160000,99.8,100,98.4,98.4,188,0
NCL,60,20250428,170000,98.4,99,98.4,98.4,26,0
NCL,60,20250429,100000,98.4,100.5,98.4,100,309,0
NCL,60,20250429,110000,100,100,100,100,100,0
NCL,60,20250429,120000,99.6,99.6,99,99,29,0
NCL,60,20250429,130000,98.2,98.2,98,98,50,0
NCL,60,20250429,140000,99,99,99,99,171,0
NCL,60,20250429,150000,99,99,98,98,76,0
NCL,60,20250429,160000,100.5,100.5,100.5,100.5,14,0
NCL,60,20250429,170000,98.4,100.5,98.4,100,1751,0
NCL,60,20250430,100000,101,101,100.5,101,205,0
NCL,60,20250430,110000,98.6,99,98.2,99,201,0
NCL,60,20250430,120000,99,100.5,99,100.5,474,0
NCL,60,20250430,140000,100,100,100,100,1,0
NCL,60,20250430,150000,100,100,99.4,99.4,5,0
NCL,60,20250430,160000,99.4,99.4,99,99,66,0
NCL,60,20250502,100000,100,100,100,100,11,0
NCL,60,20250502,110000,99,99.8,97.2,99.8,38,0
NCL,60,20250502,120000,99,100,98,98,104,0
NCL,60,20250502,130000,98.4,98.4,98.4,98.4,49,0
NCL,60,20250502,150000,98.6,100,98.6,100,283,0
NCL,60,20250502,160000,100,100,98.6,98.6,15,0
NCL,60,20250502,170000,98.6,99.4,98.4,99.4,77,0
NCL,60,20250505,100000,99,99,95.2,98,1942,0
NCL,60,20250505,110000,98.4,99,98.4,99,230,0
NCL,60,20250505,120000,98.8,98.8,96.2,96.2,65,0
NCL,60,20250505,130000,98,98,98,98,200,0
NCL,60,20250505,140000,98.6,98.6,98.6,98.6,4,0
NCL,60,20250505,160000,96.6,98.4,96.2,98.4,45,0
NCL,60,20250505,170000,97.6,97.6,97,97,10,0
NCL,60,20250506,100000,98.4,99,97,97,341,0
NCL,60,20250506,110000,97,98.6,97,98.6,81,0
NCL,60,20250506,120000,98.6,99,98.6,99,222,0
NCL,60,20250506,130000,99,99,96.8,96.8,15,0
NCL,60,20250506,140000,96.8,99,96.8,98.8,149,0
NCL,60,20250506,150000,97,97,93.4,93.8,2342,0
NCL,60,20250506,160000,93.4,94,93.2,94,1582,0
NCL,60,20250506,170000,94,94,93.6,93.8,357,0
