<TICKER>,<PER>,<DATE>,<TIME>,<OPEN>,<HIGH>,<LOW>,<CLOSE>,<VOL>,<OPENINT>
NVA,60,20240411,100000,16.754,16.754,16.706,16.706,20.830860534000003,0
NVA,60,20240411,120000,16.562,16.562,16.514,16.514,695.7507418356,0
NVA,60,20240411,160000,16.754,16.754,16.754,16.754,24.9970326408,0
NVA,60,20240411,170000,16.61,16.61,16.61,16.61,509.3145400563,0
NVA,60,20240412,100000,16.802,16.898,15.7459,15.9859,3046.5133530975,0
NVA,60,20240412,110000,15.9379,16.3219,15.9379,16.3219,465.5697329349,0
NVA,60,20240412,120000,16.2739,16.4179,16.2739,16.2739,764.4925815978,0
NVA,60,20240412,140000,16.1299,16.2739,16.0339,16.2739,420.7833827868,0
NVA,60,20240412,150000,16.1779,16.1779,16.1779,16.1779,124.98516320400002,0
NVA,60,20240412,170000,16.0339,16.0339,15.9859,15.9859,321.83679525030004,0
NVA,60,20240415,100000,15.9859,16.2259,15.8419,15.8419,976.9673590446,0
NVA,60,20240415,120000,15.8419,15.8419,15.7459,15.7459,660.3382789278,0
NVA,60,20240415,150000,15.5538,15.5538,15.5058,15.5538,473.90207714850004,0
NVA,60,20240415,160000,15.5538,15.6499,15.5538,15.6499,208.30860534,0
NVA,60,20240415,170000,15.6499,15.6499,15.6499,15.6499,1.0415430267,0
NVA,60,20240416,100000,15.5058,15.6979,15.4578,15.6979,1023.8367952461,0
NVA,60,20240416,110000,15.6979,15.6979,15.6979,15.6979,41.661721068000006,0
NVA,60,20240416,120000,15.7459,15.7459,15.7459,15.7459,6.2492581602,0
NVA,60,20240416,130000,15.6979,15.6979,15.6499,15.6499,110.4035608302,0
NVA,60,20240416,160000,15.6499,15.6499,15.4098,15.4098,113.52818991030001,0
NVA,60,20240416,170000,15.4578,15.4578,15.3618,15.3618,170.8130563788,0
NVA,60,20240417,100000,15.3618,15.3618,15.3618,15.3618,3.1246290801,0
NVA,60,20240417,120000,15.3618,15.3618,15.3618,15.3618,62.49258160200001,0
NVA,60,20240417,160000,15.5058,15.5058,15.5058,15.5058,572.848664685,0
NVA,60,20240418,110000,15.6499,15.6499,15.6499,15.6499,208.30860534,0
NVA,60,20240418,120000,15.6499,15.6499,15.6499,15.6499,568.6824925782,0
NVA,60,20240418,130000,15.8419,15.9379,15.8419,15.9379,649.9228486608,0
NVA,60,20240418,170000,16.4179,16.4179,16.3219,16.3219,115.61127596370001,0
NVA,60,20240419,100000,16.2739,16.2739,16.2739,16.2739,52.077151335,0
NVA,60,20240419,140000,15.8419,16.2259,15.3138,15.3138,5331.6587536773,0
NVA,60,20240419,150000,15.3138,15.6019,15.1218,15.6019,1134.2403560763,0
NVA,60,20240419,160000,15.6979,15.6979,15.6979,15.6979,1.0415430267,0
NVA,60,20240422,100000,15.3618,15.3618,14.7858,15.1218,5763.8991097578,0
NVA,60,20240422,110000,15.1218,15.1698,15.0738,15.0738,198.9347180997,0
NVA,60,20240422,120000,15.1698,15.1698,15.0738,15.0738,46.8694362015,0
NVA,60,20240422,130000,15.0738,15.0738,15.0738,15.0738,31.246290801000004,0
NVA,60,20240422,140000,15.1698,15.2658,15.1698,15.2658,312.46290801000004,0
NVA,60,20240422,160000,15.2658,15.2658,15.0738,15.0738,101.0296735899,0
NVA,60,20240422,170000,15.0738,15.0738,14.5937,15.0738,4685.9020771233,0
NVA,60,20240423,100000,15.0258,15.0258,14.9778,14.9778,218.724035607,0
NVA,60,20240423,110000,15.0258,15.0258,14.7858,14.7858,1341.5074183896,0
NVA,60,20240423,120000,14.9778,14.9778,14.6897,14.8338,1372.7537091906,0
NVA,60,20240423,130000,14.8338,14.8818,14.8338,14.8818,197.893175073,0
NVA,60,20240423,140000,14.7377,14.7377,14.7377,14.7377,1.0415430267,0
NVA,60,20240423,160000,14.7858,15.0258,14.7377,15.0258,141.6498516312,0
NVA,60,20240423,170000,15.0258,15.0258,14.7377,15.0258,301.0059347163,0
NVA,60,20240424,100000,14.7858,14.9778,14.7858,14.9778,245.80415430120001,0
NVA,60,20240424,110000,14.9778,14.9778,14.9778,14.9778,30.2047477743,0
NVA,60,20240424,120000,14.9778,14.9778,14.9778,14.9778,26.0385756675,0
NVA,60,20240424,130000,14.9778,15.0258,14.8338,14.8338,683.2522255152,0
NVA,60,20240424,140000,15.0258,15.0258,14.8818,14.8818,520.7715133500001,0
NVA,60,20240424,170000,15.0738,15.0738,15.0738,15.0738,156.23145400500002,0
NVA,60,20240425,120000,14.9778,15.0738,14.8338,14.8818,372.8724035586,0
NVA,60,20240425,130000,15.0738,15.0738,15.0738,15.0738,46.8694362015,0
NVA,60,20240425,140000,14.9778,14.9778,14.9778,14.9778,26.0385756675,0
NVA,60,20240425,150000,15.0738,15.0738,15.0258,15.0258,924.8902077096001,0
NVA,60,20240425,170000,15.3138,15.3138,15.3138,15.3138,1.0415430267,0
NVA,60,20240426,100000,15.3138,15.3618,15.3138,15.3618,307.2551928765,0
NVA,60,20240426,110000,15.3138,15.3138,15.1218,15.1218,174.9792284856,0
NVA,60,20240426,120000,15.2658,15.2658,15.1218,15.1218,69.78338278890001,0
NVA,60,20240426,140000,15.1698,15.1698,15.1698,15.1698,416.61721068,0
NVA,60,20240426,150000,15.1218,15.3618,15.1218,15.3618,684.2937685419,0
NVA,60,20240426,160000,15.3618,15.3618,15.3618,15.3618,115.61127596370001,0
NVA,60,20240429,100000,15.3618,15.3618,15.3618,15.3618,1.0415430267,0
NVA,60,20240429,110000,15.3618,15.3618,15.3618,15.3618,2.0830860534,0
NVA,60,20240429,120000,15.3618,15.3618,15.3618,15.3618,13.540059347100001,0
NVA,60,20240429,170000,15.1218,15.3138,15.1218,15.3138,30.2047477743,0
NVA,60,20240430,100000,15.3138,15.3138,15.3138,15.3138,260.38575667500004,0
NVA,60,20240430,110000,15.2178,15.2178,15.1698,15.1698,2.0830860534,0
NVA,60,20240430,120000,15.0738,15.0738,15.0738,15.0738,1.0415430267,0
NVA,60,20240430,130000,15.0738,15.1698,15.0258,15.1698,238.5133531143,0
NVA,60,20240430,140000,15.1698,15.1698,15.1698,15.1698,15.623145400500002,0
NVA,60,20240430,150000,15.0258,15.0258,15.0258,15.0258,184.3531157259,0
NVA,60,20240430,170000,15.0258,15.3138,14.9778,15.3138,664.5044510346,0
NVA,60,20240502,100000,14.9778,15.0258,14.9298,15.0258,1192.5667655715001,0
NVA,60,20240502,130000,14.9778,15.0258,14.8818,15.0258,378.0801186921,0
NVA,60,20240502,160000,15.1698,15.1698,15.0738,15.0738,260.38575667500004,0
NVA,60,20240502,170000,15.1698,15.1698,15.1698,15.1698,6.2492581602,0
NVA,60,20240506,100000,15.0738,15.0738,14.9778,14.9778,544.7270029641,0
NVA,60,20240506,130000,14.9778,15.0258,14.9778,15.0258,444.73887240090005,0
NVA,60,20240506,140000,14.9778,14.9778,14.9778,14.9778,3.1246290801,0
NVA,60,20240506,150000,15.0258,15.0258,15.0258,15.0258,135.400593471,0
NVA,60,20240506,160000,14.9778,14.9778,14.9778,14.9778,252.05341246140003,0
NVA,60,20240506,170000,14.9778,14.9778,14.8818,14.8818,1876.8605341134,0
NVA,60,20240507,100000,15.1698,15.1698,15.1698,15.1698,10.415430267000001,0
NVA,60,20240507,120000,15.1698,15.1698,15.1218,15.1698,326.0029673571,0
NVA,60,20240507,130000,15.1218,15.1698,15.1218,15.1698,446.8219584543,0
NVA,60,20240507,140000,15.1698,15.1698,15.1698,15.1698,2.0830860534,0
NVA,60,20240507,170000,15.1698,15.1698,15.1698,15.1698,62.49258160200001,0
NVA,60,20240508,100000,14.8818,14.8818,14.8818,14.8818,10.415430267000001,0
NVA,60,20240508,130000,15.1698,15.3138,15.1698,15.3138,523.8961424301,0
NVA,60,20240508,150000,15.1218,15.1218,14.8818,15.0258,1175.9020771443,0
NVA,60,20240509,100000,15.0738,15.0738,14.8338,14.8338,307.2551928765,0
NVA,60,20240509,110000,14.8818,14.8818,14.7377,14.7377,505.1483679495,0
NVA,60,20240509,120000,14.9778,14.9778,14.9778,14.9778,10.415430267000001,0
NVA,60,20240509,170000,14.9778,14.9778,14.9778,14.9778,7.2908011869000005,0
NVA,60,20240510,100000,14.9778,14.9778,14.9778,14.9778,248.92878338130004,0
NVA,60,20240510,110000,15.0258,15.0258,14.9778,14.9778,66.6587537088,0
NVA,60,20240510,120000,14.8338,14.8338,14.7377,14.7377,335.37685459740004,0
NVA,60,20240510,150000,14.9778,14.9778,14.9778,14.9778,120.8189910972,0
NVA,60,20240510,160000,14.9778,14.9778,14.9778,14.9778,121.8605341239,0
NVA,60,20240510,170000,15.0258,15.0258,15.0258,15.0258,1.0415430267,0
NVA,60,20240513,100000,15.0738,15.0738,14.5937,15.0738,1410.2492581518,0
NVA,60,20240513,140000,15.0738,15.2658,15.0738,15.2658,624.92581602,0
NVA,60,20240513,150000,15.2658,15.3618,15.2658,15.3618,213.51632047350003,0
NVA,60,20240513,160000,15.3138,15.5538,15.3138,15.5538,335.3768545974,0
NVA,60,20240513,170000,15.0258,15.5058,14.9778,15.5058,84.3649851627,0
NVA,60,20240514,100000,15.5058,15.6499,15.5058,15.6499,436.4065281873,0
NVA,60,20240514,110000,15.6979,16.1299,15.6979,15.9379,975.9258160179,0
NVA,60,20240514,120000,15.6499,15.6499,15.6499,15.6499,3.1246290801,0
NVA,60,20240514,140000,15.6499,15.6499,15.6499,15.6499,2.0830860534,0
NVA,60,20240514,160000,15.6499,16.1299,15.6499,16.1299,23.9554896141,0
NVA,60,20240514,170000,15.6979,15.8419,15.6979,15.8419,116.6528189904,0
NVA,60,20240515,140000,15.6499,15.6499,15.6019,15.6019,791.572700292,0
NVA,60,20240515,160000,15.6499,16.3699,15.6499,16.3699,689.5014836754001,0
NVA,60,20240515,170000,16.2739,16.2739,16.2739,16.2739,39.5786350146,0
NVA,60,20240516,100000,15.8419,16.3699,15.8419,16.3699,108.3204747768,0
NVA,60,20240516,110000,15.9859,15.9859,15.9859,15.9859,1.0415430267,0
NVA,60,20240516,150000,15.8899,16.2259,15.8419,16.2259,141.6498516312,0
NVA,60,20240517,100000,14.9778,15.5538,14.7377,15.5538,4553.6261127324,0
NVA,60,20240517,110000,15.5538,15.5538,15.5538,15.5538,3.1246290801,0
NVA,60,20240517,130000,15.5538,15.5538,15.5538,15.5538,35.412462907800005,0
NVA,60,20240517,140000,15.6499,15.6499,15.3618,15.3618,252.0534124614,0
NVA,60,20240517,150000,15.3618,15.3618,15.3618,15.3618,2.0830860534,0
NVA,60,20240517,160000,15.3618,15.3618,15.3618,15.3618,32.287833827700005,0
NVA,60,20240517,170000,15.3618,15.6499,15.3618,15.6499,241.6379821944,0
NVA,60,20240520,100000,15.5058,15.5058,15.0258,15.4098,915.5163204693,0
NVA,60,20240520,110000,15.4578,15.4578,15.2658,15.2658,860.3145400542,0
NVA,60,20240520,130000,15.3138,15.3138,15.2658,15.2658,774.9080118648,0
NVA,60,20240520,140000,15.2658,15.2658,15.2658,15.2658,135.400593471,0
NVA,60,20240520,150000,15.4098,15.4098,15.3618,15.4098,214.5578635002,0
NVA,60,20240521,120000,15.3618,15.3618,15.3618,15.3618,2.0830860534,0
NVA,60,20240521,130000,15.2658,15.2658,15.2658,15.2658,166.64688427200002,0
NVA,60,20240522,140000,15.2658,15.4098,15.2658,15.4098,1261.3086053337,0
NVA,60,20240522,150000,15.4578,15.4578,15.4578,15.4578,3.1246290801,0
NVA,60,20240522,160000,15.4578,15.4578,15.4578,15.4578,416.61721068,0
NVA,60,20240522,170000,15.4578,15.4578,15.4578,15.4578,151.0237388715,0
NVA,60,20240523,100000,15.4578,15.4578,15.4578,15.4578,11.4569732937,0
NVA,60,20240523,120000,15.4578,15.4578,15.4578,15.4578,124.98516320400002,0
NVA,60,20240523,140000,15.4578,15.5538,15.4578,15.5538,63.534124628700006,0
NVA,60,20240523,150000,15.5538,15.6019,15.4578,15.6019,28.121661720900004,0
NVA,60,20240523,160000,15.6019,16.4179,15.6019,15.6499,1394.6261127513,0
NVA,60,20240523,170000,15.6979,16.3699,15.6979,16.3699,6.2492581602,0
NVA,60,20240524,100000,16.3219,16.3219,15.6979,16.3219,32.287833827700005,0
NVA,60,20240524,140000,16.3219,16.3219,16.3219,16.3219,10.415430267000001,0
NVA,60,20240524,170000,16.2259,16.2259,16.2259,16.2259,104.15430267,0
NVA,60,20240527,140000,16.2259,16.2259,15.7459,16.2259,156.231454005,0
NVA,60,20240527,150000,15.8419,16.1779,15.7939,16.1779,11.4569732937,0
NVA,60,20240527,170000,15.8899,16.1299,15.8419,15.8419,229.13946587400002,0
NVA,60,20240528,100000,15.7939,15.7939,15.7939,15.7939,2.0830860534,0
NVA,60,20240528,130000,15.7939,15.7939,15.7939,15.7939,88.53115726950001,0
NVA,60,20240528,170000,16.0819,16.0819,16.0819,16.0819,1.0415430267,0
NVA,60,20240529,100000,15.7939,16.0819,15.7939,16.0819,3.1246290801,0
NVA,60,20240529,110000,15.8419,15.8419,15.8419,15.8419,4.1661721068,0
NVA,60,20240529,120000,15.7459,15.7459,15.6499,15.6499,571.8071216583,0
NVA,60,20240529,130000,15.8419,15.8419,15.8419,15.8419,3.1246290801,0
NVA,60,20240529,160000,15.5538,15.5538,15.5538,15.5538,95.82195845640001,0
NVA,60,20240529,170000,15.6499,15.6499,15.4578,15.4578,153.1068249249,0
NVA,60,20240531,110000,15.6499,15.6499,15.6499,15.6499,156.23145400500002,0
NVA,60,20240603,100000,15.5538,15.6499,15.4578,15.6499,105.1958456967,0
NVA,60,20240603,120000,15.4578,15.4578,15.3618,15.3618,228.09792284730003,0
NVA,60,20240603,130000,15.4098,15.6499,15.4098,15.6499,11.4569732937,0
NVA,60,20240604,100000,15.6499,15.6499,15.6499,15.6499,38.537091987900006,0
NVA,60,20240604,120000,15.4578,15.4578,15.4098,15.4098,350.9999999979,0
NVA,60,20240604,130000,15.4098,15.5538,15.4098,15.5538,210.3916913934,0
NVA,60,20240604,140000,15.4098,15.4098,15.4098,15.4098,107.27893175010001,0
NVA,60,20240604,150000,15.4098,15.5058,15.4098,15.5058,2.0830860534,0
NVA,60,20240605,100000,15.4098,15.4578,15.4098,15.4578,527.0207715102,0
NVA,60,20240605,120000,15.4098,15.5538,15.4098,15.5538,331.2106824906,0
NVA,60,20240607,100000,15.4578,15.5538,15.4578,15.5538,326.00296735710003,0
NVA,60,20240607,120000,15.5538,15.5538,15.5538,15.5538,5.207715133500001,0
NVA,60,20240607,130000,15.4578,15.4578,15.4098,15.4098,520.7715133500001,0
NVA,60,20240607,160000,15.5538,15.5538,15.5538,15.5538,1.0415430267,0
NVA,60,20240610,100000,15.5538,15.5538,15.5538,15.5538,5.207715133500001,0
NVA,60,20240610,130000,15.3618,15.3618,15.3618,15.3618,3.1246290801,0
NVA,60,20240611,100000,15.3618,15.3618,15.3618,15.3618,66.6587537088,0
NVA,60,20240611,110000,15.3618,15.3618,15.3618,15.3618,64.57566765540001,0
NVA,60,20240611,130000,15.3618,15.3618,15.1698,15.1698,318.7121661702,0
NVA,60,20240611,150000,15.3618,15.3618,15.3618,15.3618,5.2077151335,0
NVA,60,20240612,100000,15.3618,15.3618,15.3618,15.3618,109.36201780350001,0
NVA,60,20240612,160000,15.3618,15.3618,15.3618,15.3618,92.6973293763,0
NVA,60,20240613,100000,15.1698,15.5058,15.1698,15.5058,269.75964391530005,0
NVA,60,20240613,110000,15.5058,15.5058,15.5058,15.5058,38.537091987900006,0
NVA,60,20240613,140000,15.2178,15.5058,15.1218,15.5058,524.9376854568001,0
NVA,60,20240614,100000,15.2178,15.2178,15.2178,15.2178,68.7418397622,0
NVA,60,20240614,170000,15.3618,15.3618,15.0258,15.0258,943.6379821902,0
NVA,60,20240617,150000,15.3138,15.3618,15.3138,15.3618,126.02670623070001,0
NVA,60,20240617,160000,15.5058,15.5058,15.5058,15.5058,20.830860534000003,0
NVA,60,20240617,170000,15.0738,15.5058,14.9778,14.9778,302.047477743,0
NVA,60,20240618,100000,15.3618,15.3618,15.3618,15.3618,1.0415430267,0
NVA,60,20240618,120000,14.7858,15.1218,14.7858,15.1218,109.3620178035,0
NVA,60,20240618,130000,14.9778,14.9778,14.9778,14.9778,2.0830860534,0
NVA,60,20240618,150000,15.0258,15.0258,15.0258,15.0258,80.1988130559,0
NVA,60,20240618,160000,15.0258,15.0258,15.0258,15.0258,1666.46884272,0
NVA,60,20240618,170000,15.0258,15.0258,15.0258,15.0258,495.7744807092,0
NVA,60,20240619,130000,15.1698,15.1698,15.1698,15.1698,494.7329376825,0
NVA,60,20240619,150000,15.1698,15.3618,15.1698,15.3618,305.1721068231,0
NVA,60,20240619,160000,15.1698,15.1698,15.0738,15.1698,1039.4599406466,0
NVA,60,20240619,170000,15.1698,15.2658,15.0738,15.0738,437.448071214,0
NVA,60,20240620,150000,15.0738,15.0738,15.0738,15.0738,416.61721068,0
NVA,60,20240620,160000,15.1698,15.1698,15.1698,15.1698,1.0415430267,0
NVA,60,20240621,110000,15.0738,15.0738,15.0738,15.0738,83.32344213600001,0
NVA,60,20240621,140000,15.0738,15.0738,15.0258,15.0258,83.32344213600001,0
NVA,60,20240621,150000,15.1698,15.1698,15.1698,15.1698,1.0415430267,0
NVA,60,20240621,170000,15.0738,15.0738,15.0738,15.0738,1.0415430267,0
NVA,60,20240624,100000,15.1218,15.1218,15.0738,15.0738,62.49258160200001,0
NVA,60,20240624,110000,15.0738,15.1698,15.0738,15.1698,312.46290801000004,0
NVA,60,20240624,120000,15.0738,15.3138,15.0738,15.3138,806.1543026658,0
NVA,60,20240624,130000,15.1698,15.3138,15.1698,15.3138,448.90504450770004,0
NVA,60,20240624,140000,15.3138,15.3618,15.3138,15.3618,208.30860534,0
NVA,60,20240624,160000,15.1698,15.1698,15.1698,15.1698,104.15430267,0
NVA,60,20240624,170000,15.3618,15.3618,15.3618,15.3618,46.8694362015,0
NVA,60,20240625,120000,15.3618,15.5538,15.3618,15.5538,58.326409495200004,0
NVA,60,20240625,150000,15.5538,15.5538,15.5538,15.5538,33.3293768544,0
NVA,60,20240625,170000,15.5538,15.5538,15.5538,15.5538,34.3709198811,0
NVA,60,20240626,110000,15.2658,15.2658,15.2658,15.2658,330.1691394639,0
NVA,60,20240626,120000,15.2658,15.2658,15.2658,15.2658,729.0801186900001,0
NVA,60,20240626,140000,15.3618,15.3618,15.3618,15.3618,29.163204747600002,0
NVA,60,20240626,170000,15.2658,15.2658,15.2658,15.2658,312.46290801000004,0
NVA,60,20240627,110000,15.5538,15.5538,15.5538,15.5538,5.207715133500001,0
NVA,60,20240627,160000,15.3618,15.6499,15.3618,15.6499,288.5074183959,0
NVA,60,20240627,170000,15.3618,15.3618,15.3618,15.3618,1.0415430267,0
NVA,60,20240628,130000,15.6499,15.6499,15.6499,15.6499,38.537091987900006,0
NVA,60,20240628,140000,15.6499,15.7459,15.3618,15.7459,33.3293768544,0
NVA,60,20240628,160000,15.7459,15.7459,15.7459,15.7459,6.2492581602,0
NVA,60,20240628,170000,15.7459,15.7459,15.4578,15.4578,22.9139465874,0
NVA,60,20240701,100000,15.7459,15.7939,15.7459,15.7939,593.679525219,0
NVA,60,20240701,110000,16.1779,16.1779,15.6019,15.6019,7.2908011869000005,0
NVA,60,20240701,120000,15.6019,15.6019,15.5538,15.5538,12.4985163204,0
NVA,60,20240701,170000,15.8419,15.8419,15.8419,15.8419,1.0415430267,0
NVA,60,20240702,100000,15.7459,15.7459,15.7459,15.7459,3.1246290801,0
NVA,60,20240702,120000,15.6979,15.6979,15.6979,15.6979,16.6646884272,0
NVA,60,20240702,150000,15.9859,15.9859,15.9859,15.9859,31.246290801000004,0
NVA,60,20240702,160000,15.6019,15.9859,15.6019,15.9859,4.1661721068,0
NVA,60,20240703,110000,15.8419,15.8419,15.8419,15.8419,70.82492581560001,0
NVA,60,20240703,120000,15.8419,15.8419,15.6499,15.6499,303.0890207697,0
NVA,60,20240703,130000,15.6019,15.6019,15.6019,15.6019,31.246290801000004,0
NVA,60,20240703,150000,15.6019,15.6019,15.5538,15.5538,12.4985163204,0
NVA,60,20240703,170000,15.9859,15.9859,15.9859,15.9859,41.661721068000006,0
NVA,60,20240704,100000,15.9859,15.9859,15.4098,15.4098,591.5964391656,0
NVA,60,20240704,110000,15.5058,15.5058,15.5058,15.5058,487.44213649560004,0
NVA,60,20240704,130000,15.5538,15.5538,15.5538,15.5538,38.537091987900006,0
NVA,60,20240705,100000,15.7939,15.7939,15.5538,15.5538,20.830860534000003,0
NVA,60,20240705,140000,15.5538,15.5538,15.5538,15.5538,10.415430267000001,0
NVA,60,20240705,170000,15.7939,15.7939,15.7939,15.7939,1.0415430267,0
NVA,60,20240708,100000,15.7939,15.7939,15.7939,15.7939,17.706231453900003,0
NVA,60,20240708,110000,15.7939,15.7939,15.7939,15.7939,1.0415430267,0
NVA,60,20240708,160000,15.7939,15.7939,15.7939,15.7939,62.49258160200001,0
NVA,60,20240709,100000,15.7939,15.7939,15.7939,15.7939,102.07121661660001,0
NVA,60,20240709,110000,15.8419,15.9379,15.8419,15.9379,167.68842729870002,0
NVA,60,20240709,130000,15.9379,15.9859,15.9379,15.9859,311.4213649833,0
NVA,60,20240710,110000,15.9859,16.0819,15.8899,16.0819,330.1691394639,0
NVA,60,20240710,120000,16.0819,16.0819,16.0819,16.0819,120.81899109720001,0
NVA,60,20240710,130000,15.8899,15.8899,15.8899,15.8899,6.2492581602,0
NVA,60,20240710,160000,15.8899,15.8899,15.6019,15.6019,240.59643916770003,0
NVA,60,20240710,170000,15.9379,15.9379,15.9379,15.9379,1.0415430267,0
NVA,60,20240711,100000,16.0339,16.0339,16.0339,16.0339,2.0830860534,0
NVA,60,20240711,130000,16.0339,16.1299,16.0339,16.1299,113.52818991030001,0
NVA,60,20240711,140000,15.7939,15.7939,15.7939,15.7939,6.2492581602,0
NVA,60,20240711,160000,16.1299,16.1299,16.0819,16.0819,4.1661721068,0
NVA,60,20240711,170000,15.7939,15.7939,15.7939,15.7939,41.661721068000006,0
NVA,60,20240712,100000,16.0339,16.0339,16.0339,16.0339,123.9436201773,0
NVA,60,20240712,120000,16.0339,16.0339,15.7459,16.0339,33.3293768544,0
NVA,60,20240712,130000,16.0339,16.0339,16.0339,16.0339,5.2077151335,0
NVA,60,20240712,140000,16.0339,16.0339,16.0339,16.0339,2.0830860534,0
NVA,60,20240712,170000,15.8419,15.8419,15.8419,15.8419,18.7477744806,0
NVA,60,20240715,110000,16.0339,16.0339,16.0339,16.0339,2.0830860534,0
NVA,60,20240715,130000,16.0339,16.0339,16.0339,16.0339,10.415430267000001,0
NVA,60,20240715,170000,15.7459,15.8419,15.6019,15.8419,224.9732937672,0
NVA,60,20240716,100000,15.9379,15.9859,15.8899,15.8899,201.0178041531,0
NVA,60,20240716,110000,15.9379,15.9379,15.9379,15.9379,10.415430267000001,0
NVA,60,20240716,150000,15.8899,15.8899,15.8899,15.8899,28.1216617209,0
NVA,60,20240716,160000,15.7939,15.7939,15.7939,15.7939,306.21364984980005,0
NVA,60,20240716,170000,15.7939,15.7939,15.7939,15.7939,260.38575667500004,0
NVA,60,20240717,100000,15.8899,15.8899,15.7939,15.7939,415.5756676533,0
NVA,60,20240717,110000,15.7939,15.7939,15.7939,15.7939,261.4272997017,0
NVA,60,20240717,130000,15.7939,15.7939,15.7939,15.7939,1597.7270029578,0
NVA,60,20240717,150000,15.7939,15.7939,15.7939,15.7939,197.893175073,0
NVA,60,20240717,160000,15.7939,15.7939,15.7939,15.7939,207.26706231330002,0
NVA,60,20240718,140000,15.7939,15.7939,15.7939,15.7939,520.7715133500001,0
NVA,60,20240718,170000,15.8899,15.8899,15.6019,15.6019,121.8605341239,0
NVA,60,20240719,100000,15.6019,15.8899,15.6019,15.8899,7.2908011869000005,0
NVA,60,20240719,140000,15.6499,15.8899,15.6499,15.8899,126.02670623070001,0
NVA,60,20240722,100000,15.8899,15.8899,15.8899,15.8899,5.207715133500001,0
NVA,60,20240722,130000,15.8899,16.1299,15.8899,16.1299,156.23145400500002,0
NVA,60,20240722,150000,15.9379,15.9379,15.9379,15.9379,156.23145400500002,0
NVA,60,20240722,160000,16.1299,16.1299,16.1299,16.1299,41.661721068000006,0
NVA,60,20240723,100000,15.8419,15.8419,15.8419,15.8419,1041.5430267000002,0
NVA,60,20240723,110000,15.8419,16.1299,15.8419,16.0819,35.4124629078,0
NVA,60,20240723,140000,15.8419,15.8419,15.8419,15.8419,520.7715133500001,0
NVA,60,20240723,170000,16.0339,16.0339,16.0339,16.0339,1.0415430267,0
NVA,60,20240724,100000,16.0339,16.0339,16.0339,16.0339,19.7893175073,0
NVA,60,20240724,130000,15.8419,15.8419,15.8419,15.8419,416.61721068,0
NVA,60,20240725,100000,15.8419,15.8419,15.8419,15.8419,547.8516320442,0
NVA,60,20240725,110000,15.8419,15.8419,15.8419,15.8419,156.23145400500002,0
NVA,60,20240725,130000,15.8419,16.0339,15.8419,16.0339,2.0830860534,0
NVA,60,20240725,140000,16.0339,16.0339,16.0339,16.0339,42.7032640947,0
NVA,60,20240725,160000,15.8419,15.9859,15.8419,15.9859,682.2106824885001,0
NVA,60,20240726,170000,16.0339,16.1299,16.0339,16.1299,646.7982195807,0
NVA,60,20240729,100000,16.0819,16.0819,15.8419,15.8419,82.28189910930001,0
NVA,60,20240730,130000,16.1299,16.1779,16.1299,16.1779,1852.9050444993,0
NVA,60,20240730,150000,16.0339,16.0339,16.0339,16.0339,31.246290801000004,0
NVA,60,20240730,160000,16.1779,16.466,16.1779,16.466,157.27299703170002,0
NVA,60,20240730,170000,16.3219,16.3219,16.3219,16.3219,83.32344213600001,0
NVA,60,20240731,100000,16.3219,16.3219,16.3219,16.3219,3.1246290801,0
NVA,60,20240731,120000,16.2259,16.2259,16.2259,16.2259,19.7893175073,0
NVA,60,20240731,130000,16.2259,16.2259,16.2259,16.2259,37.4955489612,0
NVA,60,20240731,140000,16.2259,16.3219,16.1779,16.1779,21.8724035607,0
NVA,60,20240731,150000,16.1779,16.3219,16.1779,16.3219,290.5905044493,0
NVA,60,20240731,160000,16.1779,16.3219,16.1779,16.3219,221.8486646871,0
NVA,60,20240731,170000,16.1779,16.466,16.1779,16.466,5.207715133500001,0
NVA,60,20240801,100000,16.1779,16.1779,16.1779,16.1779,16.6646884272,0
NVA,60,20240801,120000,16.562,16.754,16.1779,16.1779,448.9050445077,0
NVA,60,20240801,130000,16.2259,16.2259,16.2259,16.2259,7.2908011869000005,0
NVA,60,20240801,140000,16.2259,16.706,16.1779,16.1779,12.4985163204,0
NVA,60,20240801,150000,16.706,16.706,16.706,16.706,1.0415430267,0
NVA,60,20240801,160000,16.1779,16.1779,16.1779,16.1779,17.7062314539,0
NVA,60,20240801,170000,16.706,16.706,16.706,16.706,1.0415430267,0
NVA,60,20240802,100000,16.1779,16.1779,16.1779,16.1779,156.23145400500002,0
NVA,60,20240802,110000,16.562,16.61,16.3219,16.3219,1381.0860534042001,0
NVA,60,20240802,120000,16.3699,16.61,16.3699,16.562,296.8397626095,0
NVA,60,20240802,130000,16.4179,16.4179,16.4179,16.4179,6.2492581602,0
NVA,60,20240802,140000,16.4179,16.562,16.4179,16.562,2.0830860534,0
NVA,60,20240802,150000,16.562,16.562,16.562,16.562,329.12759643720005,0
NVA,60,20240802,160000,16.706,16.802,16.706,16.802,2045.5905044388003,0
NVA,60,20240802,170000,16.658,16.658,16.658,16.658,2.0830860534,0
NVA,60,20240805,100000,16.562,16.562,15.8419,15.8419,1305.0534124551,0
NVA,60,20240805,110000,15.8419,15.8419,15.8419,15.8419,3.1246290801,0
NVA,60,20240805,120000,15.7459,15.7459,15.5538,15.7459,636.3827893137,0
NVA,60,20240805,130000,15.5538,15.5538,15.5538,15.5538,7.2908011869,0
NVA,60,20240805,170000,15.7459,15.7459,15.7459,15.7459,4.1661721068,0
NVA,60,20240806,100000,15.7459,16.4179,15.7459,16.4179,1992.4718100771,0
NVA,60,20240806,120000,16.2739,16.2739,16.2739,16.2739,60.409495548600006,0
NVA,60,20240806,130000,16.2259,16.2259,16.2259,16.2259,60.409495548600006,0
NVA,60,20240806,150000,16.2259,16.2259,16.2259,16.2259,60.409495548600006,0
NVA,60,20240806,170000,15.9379,15.9379,15.9379,15.9379,84.36498516270001,0
NVA,60,20240807,100000,16.2739,16.4179,16.2739,16.4179,354.12462907800005,0
NVA,60,20240807,110000,16.3219,16.3219,16.1299,16.3219,14.581602373800001,0
NVA,60,20240807,120000,16.3219,16.3219,16.1779,16.1779,135.400593471,0
NVA,60,20240807,140000,15.9859,15.9859,15.9859,15.9859,9.3738872403,0
NVA,60,20240807,150000,15.9859,15.9859,15.9859,15.9859,146.8575667647,0
NVA,60,20240807,160000,15.9379,16.3699,15.9379,16.3699,921.7655786295,0
NVA,60,20240808,100000,16.3699,16.3699,16.3699,16.3699,1.0415430267,0
NVA,60,20240808,160000,16.3219,16.4179,16.0339,16.0339,1036.3353115665002,0
NVA,60,20240808,170000,16.706,16.85,16.706,16.85,2.0830860534,0
NVA,60,20240809,110000,16.802,16.85,16.802,16.85,3.1246290801,0
NVA,60,20240809,140000,16.2739,16.2739,16.2739,16.2739,9.3738872403,0
NVA,60,20240809,150000,16.2259,16.85,16.2259,16.85,12.4985163204,0
NVA,60,20240812,100000,16.85,16.85,16.3219,16.3219,18.7477744806,0
NVA,60,20240812,110000,16.2259,16.85,16.2259,16.85,6.2492581602,0
NVA,60,20240812,130000,16.85,16.85,16.85,16.85,445.7804154276,0
NVA,60,20240812,150000,16.3219,16.3219,16.3219,16.3219,9.3738872403,0
NVA,60,20240812,160000,16.754,16.754,16.754,16.754,1.0415430267,0
NVA,60,20240813,100000,16.754,16.754,16.754,16.754,45.8278931748,0
NVA,60,20240813,140000,16.706,16.706,16.706,16.706,52.077151335,0
NVA,60,20240813,160000,16.4179,16.4179,16.4179,16.4179,7.2908011869000005,0
NVA,60,20240813,170000,16.4179,16.706,16.4179,16.706,2.0830860534,0
NVA,60,20240814,110000,16.4179,16.4179,16.4179,16.4179,16.6646884272,0
NVA,60,20240814,130000,16.4179,16.4179,16.4179,16.4179,391.6201780392,0
NVA,60,20240814,140000,16.3219,16.3219,16.3219,16.3219,107.27893175010001,0
NVA,60,20240816,170000,16.3219,16.658,16.3219,16.658,2876.7418397454,0
NVA,60,20240819,100000,16.3699,16.3699,16.2739,16.2739,229.13946587400002,0
NVA,60,20240819,150000,16.61,16.61,16.61,16.61,179.14540059240002,0
NVA,60,20240819,160000,16.3219,16.3219,16.3219,16.3219,520.7715133500001,0
NVA,60,20240819,170000,16.3219,16.61,16.3219,16.61,2.0830860534,0
NVA,60,20240820,100000,16.61,16.61,16.61,16.61,61.451038575300004,0
NVA,60,20240820,110000,16.3219,16.3699,16.3219,16.3219,1594.6023738777,0
NVA,60,20240820,120000,16.3219,16.3219,16.3219,16.3219,312.46290801000004,0
NVA,60,20240820,130000,16.514,16.514,16.514,16.514,20.830860534000003,0
NVA,60,20240821,100000,16.4179,16.4179,16.3219,16.3219,759.2848664643,0
NVA,60,20240821,110000,16.3219,16.3219,16.3219,16.3219,187.477744806,0
NVA,60,20240821,150000,16.3699,16.3699,16.3699,16.3699,10.415430267000001,0
NVA,60,20240821,170000,16.3699,16.3699,16.3699,16.3699,380.1632047455,0
NVA,60,20240822,100000,16.514,16.514,16.514,16.514,15.623145400500002,0
NVA,60,20240822,110000,16.3699,16.514,16.3699,16.514,177.062314539,0
NVA,60,20240822,130000,16.3699,16.514,16.3219,16.3219,1270.682492574,0
NVA,60,20240823,100000,16.3219,16.514,16.3219,16.514,336.4183976241,0
NVA,60,20240823,110000,16.3219,16.3219,16.3219,16.3219,1046.7507418335001,0
NVA,60,20240823,120000,16.3219,16.3219,16.3219,16.3219,1009.2551928723001,0
NVA,60,20240823,130000,16.3219,16.3219,16.3219,16.3219,233.30563798080001,0
NVA,60,20240823,150000,16.3219,16.3219,16.3219,16.3219,468.694362015,0
NVA,60,20240823,160000,16.4179,16.754,16.3699,16.754,1690.4243323341002,0
NVA,60,20240826,100000,16.754,16.754,16.3699,16.3699,582.2225519253,0
NVA,60,20240826,110000,16.466,16.466,16.466,16.466,66.6587537088,0
NVA,60,20240826,130000,16.802,16.802,16.802,16.802,1.0415430267,0
NVA,60,20240826,160000,16.514,16.706,16.4179,16.706,159.3560830851,0
NVA,60,20240827,110000,16.466,16.466,16.466,16.466,157.27299703170002,0
NVA,60,20240827,170000,16.706,16.706,16.706,16.706,2.0830860534,0
NVA,60,20240829,100000,16.61,16.658,16.61,16.658,347.8753709178,0
NVA,60,20240829,150000,16.466,16.466,16.466,16.466,2.0830860534,0
NVA,60,20240829,160000,16.466,16.85,16.466,16.61,628.0504451001,0
NVA,60,20240829,170000,16.61,16.61,16.61,16.61,1.0415430267,0
NVA,60,20240830,100000,16.802,16.85,16.802,16.85,239.55489614100003,0
NVA,60,20240830,140000,16.802,16.802,16.802,16.802,116.65281899040001,0
NVA,60,20240830,150000,16.802,16.802,16.802,16.802,2.0830860534,0
NVA,60,20240902,100000,16.85,16.85,16.514,16.514,32.2878338277,0
NVA,60,20240902,140000,16.85,16.85,16.85,16.85,1.0415430267,0
NVA,60,20240902,150000,16.514,16.85,16.514,16.85,4.1661721068,0
NVA,60,20240902,170000,16.802,16.802,16.802,16.802,35.412462907800005,0
NVA,60,20240903,150000,16.61,16.802,16.61,16.802,133.3175074176,0
NVA,60,20240903,160000,16.802,16.802,16.802,16.802,20.830860534000003,0
NVA,60,20240903,170000,16.802,16.802,16.802,16.802,164.56379821860003,0
NVA,60,20240904,100000,16.85,16.85,16.514,16.514,13.540059347100001,0
NVA,60,20240904,110000,16.514,16.514,16.514,16.514,104.15430267,0
NVA,60,20240904,140000,16.562,16.562,16.562,16.562,1.0415430267,0
NVA,60,20240904,150000,16.658,16.754,16.658,16.754,56.24332344180001,0
NVA,60,20240905,100000,16.8019,16.8019,16.8019,16.8019,38.537,0
NVA,60,20240905,110000,16.85,16.85,16.85,16.85,255.1774,0
NVA,60,20240905,120000,16.8019,16.8019,16.8019,16.8019,105.19554,0
NVA,60,20240905,130000,16.85,16.85,16.85,16.85,2.08308,0
NVA,60,20240905,140000,16.85,16.85,16.85,16.85,2.08308,0
NVA,60,20240905,150000,16.85,16.85,16.85,16.85,3.12462,0
NVA,60,20240905,170000,16.85,16.85,16.85,16.85,1187.3566,0
NVA,60,20240906,100000,17.2,17.2,17.05,17.05,11,0
NVA,60,20240906,110000,16.95,16.95,16.95,16.95,3,0
NVA,60,20240906,120000,16.35,16.35,16.35,16.35,59,0
NVA,60,20240906,130000,16.3,16.3,16.3,16.3,115,0
NVA,60,20240906,140000,16.75,16.85,16.75,16.85,203,0
NVA,60,20240909,110000,16.95,16.95,16.95,16.95,42,0
NVA,60,20240909,130000,17,17.15,17,17.15,132,0
NVA,60,20240909,150000,17,17.2,16.95,17.2,10,0
NVA,60,20240909,160000,17.2,17.2,17.2,17.2,147,0
NVA,60,20240909,170000,16.85,16.85,16.85,16.85,30,0
NVA,60,20240910,100000,16.8,16.8,16.8,16.8,5,0
NVA,60,20240910,120000,16.9,16.9,16.9,16.9,200,0
NVA,60,20240910,130000,16.9,16.9,16.9,16.9,3,0
NVA,60,20240911,100000,17.15,17.15,17.15,17.15,4,0
NVA,60,20240911,110000,16.9,17.15,16.9,17.15,55,0
NVA,60,20240911,170000,16.9,16.9,16.9,16.9,74,0
NVA,60,20240912,130000,17,17,17,17,30,0
NVA,60,20240912,150000,16.65,16.65,16.65,16.65,107,0
NVA,60,20240912,160000,16.9,16.9,16.9,16.9,1,0
NVA,60,20240916,100000,16.65,16.65,16.65,16.65,184,0
NVA,60,20240916,110000,16.6,16.6,16.6,16.6,2,0
NVA,60,20240916,130000,16.6,16.6,16.6,16.6,231,0
NVA,60,20240916,140000,16.5,16.5,16.5,16.5,219,0
NVA,60,20240916,150000,16.5,16.8,16.5,16.8,837,0
NVA,60,20240917,110000,16.8,16.85,16.8,16.85,125,0
NVA,60,20240917,150000,17,17.15,17,17.15,284,0
NVA,60,20240917,160000,17.15,17.4,16.85,17.4,124,0
NVA,60,20240917,170000,16.9,16.9,16.85,16.85,700,0
NVA,60,20240918,100000,17.4,17.4,17.4,17.4,5,0
NVA,60,20240918,120000,17.35,17.4,17.35,17.4,118,0
NVA,60,20240918,170000,17.4,17.5,17.4,17.5,1282,0
NVA,60,20240919,110000,17.65,17.65,17.65,17.65,23,0
NVA,60,20240919,140000,17.15,17.15,17.1,17.1,21,0
NVA,60,20240919,170000,17.55,17.6,17.1,17.6,193,0
NVA,60,20240920,100000,18.3,18.4,18.05,18.1,816,0
NVA,60,20240920,110000,18.1,18.3,18.05,18.3,253,0
NVA,60,20240920,120000,17.95,17.95,17.95,17.95,70,0
NVA,60,20240920,130000,17.9,17.9,17.9,17.9,153,0
NVA,60,20240920,150000,17.9,17.9,17.9,17.9,130,0
NVA,60,20240920,170000,18.2,18.2,17.95,18.2,87,0
NVA,60,20240923,100000,18.05,18.05,18.05,18.05,80,0
NVA,60,20240923,110000,17.9,17.9,17.9,17.9,10,0
NVA,60,20240923,160000,17.9,17.9,17.9,17.9,75,0
NVA,60,20240923,170000,18,18,18,18,1,0
NVA,60,20240924,100000,18,18,18,18,118,0
NVA,60,20240924,120000,17.9,17.9,17.9,17.9,7,0
NVA,60,20240924,140000,17.9,17.9,17.9,17.9,200,0
NVA,60,20240924,150000,17.9,17.9,17.9,17.9,33,0
NVA,60,20240924,160000,17.9,17.9,17.9,17.9,8,0
NVA,60,20240926,100000,17.6,17.6,17.6,17.6,5,0
NVA,60,20240926,120000,17.6,17.6,17.55,17.55,411,0
NVA,60,20240926,130000,17.55,17.55,17,17.3,862,0
NVA,60,20240926,150000,17.45,17.45,17.45,17.45,6,0
NVA,60,20240926,170000,17.3,17.3,17,17,344,0
NVA,60,20240927,100000,17.65,17.65,17.1,17.1,95,0
NVA,60,20240927,120000,17.4,17.4,17.4,17.4,6,0
NVA,60,20240927,140000,17.05,17.05,17,17,169,0
NVA,60,20240927,150000,17.3,17.3,17.3,17.3,75,0
NVA,60,20240930,130000,17.35,17.65,17.35,17.65,525,0
NVA,60,20241001,100000,17.25,17.25,17.25,17.25,5,0
NVA,60,20241001,130000,17.25,17.25,17.2,17.2,60,0
NVA,60,20241001,170000,17.6,17.6,17.6,17.6,1,0
NVA,60,20241002,100000,17.2,17.2,17.2,17.2,40,0
NVA,60,20241002,120000,17.25,17.25,17.2,17.2,60,0
NVA,60,20241002,140000,17.35,17.35,17.35,17.35,85,0
NVA,60,20241002,170000,17.4,17.4,17.4,17.4,4,0
NVA,60,20241003,100000,17.15,17.15,17.15,17.15,1540,0
NVA,60,20241003,140000,17.2,17.2,17.15,17.15,510,0
NVA,60,20241003,150000,17.15,17.15,17.15,17.15,35,0
NVA,60,20241003,160000,17.3,17.3,17.3,17.3,3,0
NVA,60,20241004,100000,17.3,17.3,17,17.15,420,0
NVA,60,20241004,110000,17.15,17.15,17.15,17.15,410,0
NVA,60,20241004,120000,17.15,17.15,17.15,17.15,74,0
NVA,60,20241004,160000,17.15,17.15,17.15,17.15,289,0
NVA,60,20241004,170000,17.3,17.3,17.3,17.3,1,0
NVA,60,20241007,140000,16.95,16.95,16.95,16.95,100,0
NVA,60,20241007,150000,17.15,17.15,17.15,17.15,1,0
NVA,60,20241008,100000,17.15,17.15,17.15,17.15,12,0
NVA,60,20241009,130000,17.15,17.15,17.15,17.15,1,0
NVA,60,20241009,170000,17.05,17.05,16.95,16.95,15,0
NVA,60,20241010,150000,16.95,16.95,16.9,16.9,555,0
NVA,60,20241010,160000,16.9,16.9,16.9,16.9,126,0
NVA,60,20241010,170000,16.9,17,16.9,17,5,0
NVA,60,20241011,100000,17,17,17,17,1,0
NVA,60,20241011,150000,16.7,16.7,16.7,16.7,110,0
NVA,60,20241011,170000,16.95,16.95,16.95,16.95,1,0
NVA,60,20241014,100000,16.9,16.9,16.9,16.9,10,0
NVA,60,20241015,130000,16.9,16.9,16.9,16.9,85,0
NVA,60,20241015,170000,16.7,16.9,16.7,16.9,9,0
NVA,60,20241017,100000,16.85,16.85,16.2,16.2,600,0
NVA,60,20241017,120000,16.3,16.85,16.3,16.85,81,0
NVA,60,20241021,110000,16.35,16.35,16.35,16.35,28,0
NVA,60,20241021,120000,16.8,16.8,16.8,16.8,1,0
NVA,60,20241022,160000,16.35,16.35,16.35,16.35,3,0
NVA,60,20241024,170000,16.8,16.8,16.6,16.6,7,0
NVA,60,20241025,110000,16.7,16.7,16.35,16.35,3,0
NVA,60,20241025,160000,16.7,16.7,16.7,16.7,1,0
NVA,60,20241028,100000,16.6,16.6,16.6,16.6,3,0
NVA,60,20241028,110000,16.25,16.25,16.25,16.25,74,0
NVA,60,20241028,120000,16.6,16.6,16.25,16.25,11,0
NVA,60,20241028,130000,16.25,16.25,16.25,16.25,3,0
NVA,60,20241028,150000,16.25,16.25,16.2,16.25,118,0
NVA,60,20241028,160000,16.2,16.2,16.2,16.2,15,0
NVA,60,20241029,120000,16.2,16.2,16.2,16.2,539,0
NVA,60,20241029,130000,16.25,16.25,15.6,15.6,8,0
NVA,60,20241029,170000,16.25,16.25,16.25,16.25,1,0
NVA,60,20241030,120000,15.85,15.85,15.85,15.85,113,0
NVA,60,20241030,130000,15.85,15.85,15.75,15.8,95,0
NVA,60,20241030,150000,16,16,16,16,85,0
NVA,60,20241030,170000,15.8,15.8,15.8,15.8,1,0
NVA,60,20241031,100000,15.8,15.8,15.75,15.75,197,0
NVA,60,20241031,140000,15.6,15.6,15.6,15.6,1,0
NVA,60,20241031,170000,16.15,16.15,16.15,16.15,1,0
NVA,60,20241104,100000,16,16,15.6,15.6,77,0
NVA,60,20241104,120000,15.9,15.9,15.2,15.2,105,0
NVA,60,20241105,140000,15.3,15.4,15.3,15.4,384,0
NVA,60,20241105,170000,15.4,15.4,15.35,15.35,330,0
NVA,60,20241107,130000,15.4,15.7,15.4,15.7,3,0
NVA,60,20241107,140000,15.7,15.7,15.7,15.7,55,0
NVA,60,20241108,150000,15.75,15.75,15.75,15.75,32,0
NVA,60,20241112,100000,15.4,15.4,15.2,15.2,472,0
NVA,60,20241112,140000,15.5,15.5,15.3,15.3,25,0
NVA,60,20241112,160000,15.25,15.5,15.25,15.5,6,0
NVA,60,20241112,170000,15.5,15.5,15.5,15.5,64,0
NVA,60,20241113,120000,15.5,15.5,15.5,15.5,44,0
NVA,60,20241114,100000,15.5,15.5,15.5,15.5,250,0
NVA,60,20241114,120000,15.5,15.7,15.5,15.7,94,0
NVA,60,20241115,110000,15.6,15.6,15.5,15.5,1010,0
NVA,60,20241115,120000,15.3,15.3,15.3,15.3,75,0
NVA,60,20241115,130000,15.3,15.3,14.4,15,2072,0
NVA,60,20241115,140000,14.55,14.8,14.1,14.8,3425,0
NVA,60,20241115,150000,14.4,14.5,14.4,14.5,125,0
NVA,60,20241115,160000,14.4,14.8,14.4,14.8,1255,0
NVA,60,20241115,170000,15,15,15,15,300,0
NVA,60,20241118,100000,14.7,14.7,14.4,14.4,2742,0
NVA,60,20241118,120000,15,15,15,15,7,0
NVA,60,20241118,130000,14.7,14.7,14.45,14.45,640,0
NVA,60,20241118,150000,14.5,14.5,14.5,14.5,1500,0
NVA,60,20241118,170000,14.5,15,14.5,14.5,1351,0
NVA,60,20241119,100000,14.5,14.5,14.5,14.5,300,0
NVA,60,20241119,170000,14.5,14.5,13.75,13.75,2248,0
NVA,60,20241120,100000,14,14.35,14,14.35,51,0
NVA,60,20241120,110000,14.1,14.1,14,14.1,1000,0
NVA,60,20241120,130000,14.05,14.05,14.05,14.05,500,0
NVA,60,20241120,170000,14.35,14.4,14.35,14.4,142,0
NVA,60,20241121,110000,14.4,14.4,14.4,14.4,1,0
NVA,60,20241121,130000,14.4,14.4,14.4,14.4,4,0
NVA,60,20241121,140000,14.4,14.4,14.4,14.4,500,0
NVA,60,20241121,150000,14.3,14.75,14,14.75,1706,0
NVA,60,20241121,170000,14.75,14.75,14.75,14.75,42,0
NVA,60,20241122,100000,14.75,14.75,14.75,14.75,50,0
NVA,60,20241122,160000,14.2,14.2,14.2,14.2,9,0
NVA,60,20241122,170000,14.75,14.75,14.75,14.75,1,0
NVA,60,20241125,100000,14.1,14.1,14.1,14.1,337,0
NVA,60,20241125,110000,14.25,14.4,14.25,14.4,562,0
NVA,60,20241125,120000,14.4,14.4,14.25,14.25,165,0
NVA,60,20241125,130000,14.5,14.5,14.5,14.5,1,0
NVA,60,20241125,160000,14.35,14.5,14.35,14.45,9,0
NVA,60,20241125,170000,14.25,14.25,14.25,14.25,379,0
NVA,60,20241126,130000,14.7,14.7,14.7,14.7,50,0
NVA,60,20241126,140000,14.7,14.7,14.7,14.7,1,0
NVA,60,20241127,100000,14.35,14.35,14.2,14.2,3147,0
NVA,60,20241127,110000,14.15,14.2,14.15,14.2,620,0
NVA,60,20241127,130000,14.15,14.2,14.05,14.05,474,0
NVA,60,20241127,140000,14.1,14.2,14,14,731,0
NVA,60,20241127,160000,14,14,14,14,500,0
NVA,60,20241127,170000,14.45,14.45,14.45,14.45,1,0
NVA,60,20241128,120000,14.35,14.35,14.35,14.35,500,0
NVA,60,20241128,130000,14,14.05,14,14.05,1331,0
NVA,60,20241128,140000,14,14,14,14,422,0
NVA,60,20241128,150000,14.2,14.2,14.2,14.2,1,0
NVA,60,20241128,160000,14,14,13.95,13.95,1319,0
NVA,60,20241128,170000,14.05,14.3,13.9,14.3,281,0
NVA,60,20241129,100000,14,14.35,14,14.35,636,0
NVA,60,20241129,110000,14.2,14.2,14.2,14.2,46,0
NVA,60,20241129,120000,14.3,14.3,14.1,14.1,120,0
NVA,60,20241129,150000,14.1,14.2,14,14.2,686,0
NVA,60,20241129,160000,14.2,14.2,14.2,14.2,100,0
NVA,60,20241129,170000,14.3,14.3,14.3,14.3,1,0
NVA,60,20241202,100000,14.3,14.5,14.3,14.5,1417,0
NVA,60,20241202,130000,14.3,14.3,14.3,14.3,22,0
NVA,60,20241202,160000,14.95,14.95,14.95,14.95,1,0
NVA,60,20241203,100000,15.7,16,14.95,15.8,227,0
NVA,60,20241203,170000,15.2,15.2,15.2,15.2,2,0
NVA,60,20241204,100000,15.2,15.2,15.2,15.2,25,0
NVA,60,20241204,130000,15.4,15.4,15.4,15.4,19,0
NVA,60,20241205,150000,14.8,14.8,14.8,14.8,1,0
NVA,60,20241205,160000,15.4,15.4,15.4,15.4,70,0
NVA,60,20241206,100000,15.4,15.4,15.4,15.4,7,0
NVA,60,20241206,130000,15,15.3,15,15.3,1015,0
NVA,60,20241206,140000,15.2,15.2,15.2,15.2,700,0
NVA,60,20241206,160000,15,15,15,15,100,0
NVA,60,20241206,170000,15,15,15,15,232,0
NVA,60,20241209,100000,15,15,15,15,92,0
NVA,60,20241209,110000,14.8,14.8,14.8,14.8,520,0
NVA,60,20241209,120000,15,15,15,15,500,0
NVA,60,20241209,140000,14.65,15.2,14.65,15.2,50,0
NVA,60,20241210,100000,15,15.3,15,15.3,46,0
NVA,60,20241210,110000,15,15.3,15,15.3,1456,0
NVA,60,20241210,120000,15,15,15,15,1575,0
NVA,60,20241210,140000,14.65,14.65,14.6,14.6,114,0
NVA,60,20241210,150000,15,15,15,15,1,0
NVA,60,20241211,120000,15,15,15,15,314,0
NVA,60,20241212,100000,15,15,15,15,500,0
NVA,60,20241212,130000,15,15,15,15,676,0
NVA,60,20241213,160000,15.3,15.3,15.3,15.3,72,0
NVA,60,20241216,130000,15.25,15.25,15.25,15.25,12,0
NVA,60,20241217,120000,15.15,15.15,15.15,15.15,3,0
NVA,60,20241217,130000,15.1,15.1,15.1,15.1,1620,0
NVA,60,20241217,160000,15.1,15.15,15.1,15.15,540,0
NVA,60,20241217,170000,14.6,15.15,14.6,15.15,119,0
NVA,60,20241218,120000,14.7,14.7,14.65,14.65,1658,0
NVA,60,20241219,140000,14.7,14.7,14.6,14.6,637,0
NVA,60,20241219,150000,14.65,14.65,14.65,14.65,150,0
NVA,60,20241220,130000,14.95,14.95,14.7,14.95,233,0
NVA,60,20241220,140000,15.3,15.3,15.3,15.3,11,0
NVA,60,20241223,110000,15.1,15.1,14.8,14.8,315,0
NVA,60,20241223,120000,14.8,14.8,14.8,14.8,50,0
NVA,60,20241223,130000,14.7,14.8,14.7,14.8,236,0
NVA,60,20241223,140000,14.7,14.7,14.6,14.6,675,0
NVA,60,20241227,150000,14.8,15.3,14.35,15.3,553,0
NVA,60,20241230,100000,14.6,14.6,14.6,14.6,3,0
NVA,60,20241230,170000,15.25,15.25,14.6,14.9,158,0
NVA,60,20250102,100000,14.6,14.6,14.6,14.6,2,0
NVA,60,20250102,170000,14.9,15,14.9,15,220,0
NVA,60,20250103,110000,14.7,14.7,14.65,14.65,215,0
NVA,60,20250107,100000,14.7,14.7,14.7,14.7,100,0
NVA,60,20250107,110000,14.7,14.7,14.6,14.6,503,0
NVA,60,20250107,140000,14.95,14.95,14.95,14.95,49,0
NVA,60,20250107,150000,14.95,14.95,14.95,14.95,47,0
NVA,60,20250107,160000,14.95,14.95,14.95,14.95,40,0
NVA,60,20250108,100000,16,16,16,16,1,0
NVA,60,20250108,110000,15.5,15.5,14.95,14.95,108,0
NVA,60,20250109,100000,15.45,15.5,15.45,15.45,110,0
NVA,60,20250109,110000,15.45,15.45,15.45,15.45,3,0
NVA,60,20250109,120000,15.45,16,15.45,16,1050,0
NVA,60,20250110,100000,15.4,15.4,15.3,15.3,316,0
NVA,60,20250110,170000,15.5,15.5,15.5,15.5,1,0
NVA,60,20250113,130000,15.5,15.8,15.5,15.8,475,0
NVA,60,20250114,100000,15.75,15.75,15.75,15.75,13,0
NVA,60,20250114,140000,15.7,15.7,15.7,15.7,222,0
NVA,60,20250115,100000,15.7,15.7,15.7,15.7,120,0
NVA,60,20250115,120000,15.25,15.25,15.25,15.25,6,0
NVA,60,20250115,140000,15.65,15.65,15.65,15.65,4,0
NVA,60,20250115,170000,15.25,15.7,15.25,15.7,4,0
NVA,60,20250117,120000,15.65,15.7,15.25,15.25,323,0
NVA,60,20250117,130000,15.5,15.6,15.5,15.6,121,0
NVA,60,20250117,170000,15.25,15.25,15.25,15.25,144,0
NVA,60,20250120,100000,15.2,15.2,15.2,15.2,90,0
NVA,60,20250120,120000,15.4,15.45,15.4,15.45,114,0
NVA,60,20250120,130000,15.4,15.45,15.4,15.45,111,0
NVA,60,20250121,140000,15.2,15.2,15.1,15.1,90,0
NVA,60,20250121,160000,15.25,15.25,15.25,15.25,111,0
NVA,60,20250122,120000,15.2,15.3,15.2,15.3,221,0
NVA,60,20250122,150000,15.3,15.3,15.3,15.3,104,0
NVA,60,20250123,100000,15.2,15.2,15.2,15.2,855,0
NVA,60,20250123,120000,15.2,15.2,15.15,15.15,200,0
NVA,60,20250123,140000,15.25,15.25,15.25,15.25,111,0
NVA,60,20250124,100000,15.15,15.15,15.05,15.05,1089,0
NVA,60,20250124,120000,14.75,14.75,14.75,14.75,240,0
NVA,60,20250124,130000,15,15.05,15,15.05,100,0
NVA,60,20250127,170000,15.05,15.05,15.05,15.05,113,0
NVA,60,20250128,110000,15,15,15,15,262,0
NVA,60,20250128,120000,15.05,15.05,15.05,15.05,10,0
NVA,60,20250128,150000,15.1,15.15,15.1,15.15,699,0
NVA,60,20250128,160000,15.35,15.35,15.35,15.35,96,0
NVA,60,20250128,170000,15.4,15.4,14.95,14.95,1333,0
NVA,60,20250129,140000,15,15,15,15,700,0
NVA,60,20250130,100000,15,15,15,15,240,0
NVA,60,20250131,110000,14.95,15,14.95,15,933,0
NVA,60,20250203,100000,14.9,14.9,14.85,14.85,665,0
NVA,60,20250203,160000,15,15,15,15,47,0
NVA,60,20250204,110000,14.9,14.9,14.9,14.9,34,0
NVA,60,20250204,120000,14.9,14.9,14.9,14.9,3,0
NVA,60,20250204,130000,14.85,14.85,14.8,14.8,150,0
NVA,60,20250204,140000,14.8,14.8,14.8,14.8,104,0
NVA,60,20250204,150000,14.9,14.9,14.9,14.9,44,0
NVA,60,20250204,170000,15,15,14.95,14.95,21,0
NVA,60,20250206,100000,15,15,15,15,25,0
NVA,60,20250206,140000,14.95,14.95,14.95,14.95,36,0
NVA,60,20250206,150000,14.95,14.95,14.95,14.95,10,0
NVA,60,20250207,140000,15.1,15.1,15.1,15.1,1,0
NVA,60,20250210,100000,14.95,14.95,14.95,14.95,84,0
NVA,60,20250210,130000,14.95,14.95,14.95,14.95,2,0
NVA,60,20250210,150000,14.95,14.95,14.95,14.95,60,0
NVA,60,20250211,100000,14.95,14.95,14.95,14.95,35,0
NVA,60,20250211,130000,14.95,14.95,14.95,14.95,3,0
NVA,60,20250211,160000,14.9,14.9,14.9,14.9,15,0
NVA,60,20250212,100000,15.1,15.1,15.1,15.1,1,0
NVA,60,20250212,140000,15,15,15,15,3,0
NVA,60,20250213,100000,15,15.05,15,15.05,290,0
NVA,60,20250213,110000,14.9,14.9,14.9,14.9,101,0
NVA,60,20250213,120000,14.9,14.9,14.9,14.9,384,0
NVA,60,20250213,130000,14.9,15,14.9,15,436,0
NVA,60,20250213,170000,15,15,15,15,327,0
NVA,60,20250214,100000,15,15,15,15,30,0
NVA,60,20250214,120000,15,15,15,15,250,0
NVA,60,20250214,170000,15.1,15.1,15.1,15.1,107,0
NVA,60,20250217,100000,15.1,15.15,15.1,15.15,130,0
NVA,60,20250217,110000,15.15,15.15,14.95,14.95,199,0
NVA,60,20250217,120000,15.1,15.15,15.1,15.15,295,0
NVA,60,20250217,140000,15.15,15.15,15.15,15.15,27,0
NVA,60,20250217,160000,15.2,15.2,15.15,15.15,1403,0
NVA,60,20250217,170000,15.45,15.45,15.45,15.45,1,0
NVA,60,20250218,100000,15.45,15.5,15.45,15.5,51,0
NVA,60,20250218,110000,15.5,15.5,15.5,15.5,12,0
NVA,60,20250218,120000,15.5,15.5,15.5,15.5,20,0
NVA,60,20250218,130000,15.35,15.35,15.35,15.35,1000,0
NVA,60,20250218,150000,15.25,15.25,15.25,15.25,16,0
NVA,60,20250218,170000,15.45,15.45,15.45,15.45,1,0
NVA,60,20250219,100000,15.2,15.2,15.15,15.15,1606,0
NVA,60,20250219,130000,15.15,15.15,15.15,15.15,21,0
NVA,60,20250219,140000,15.2,15.2,15.2,15.2,100,0
NVA,60,20250220,100000,15.2,15.2,15.2,15.2,1,0
NVA,60,20250220,150000,15.2,15.2,15.2,15.2,8,0
NVA,60,20250220,160000,15.4,15.4,15.2,15.2,274,0
NVA,60,20250220,170000,15.15,15.15,15.15,15.15,273,0
NVA,60,20250221,160000,15.45,15.45,15.45,15.45,1,0
NVA,60,20250224,100000,15.05,15.05,15.05,15.05,253,0
NVA,60,20250226,110000,15.05,15.45,15.05,15.45,3120,0
NVA,60,20250226,120000,15.45,15.45,15.1,15.1,100,0
NVA,60,20250226,130000,15.3,15.3,15.05,15.05,186,0
NVA,60,20250226,170000,15.4,15.45,15.4,15.45,679,0
NVA,60,20250227,110000,15.45,15.45,15.45,15.45,2,0
NVA,60,20250227,140000,15.45,15.45,15.45,15.45,500,0
NVA,60,20250227,160000,15.45,15.45,15.45,15.45,37,0
NVA,60,20250228,120000,15.45,15.45,15.45,15.45,100,0
NVA,60,20250228,130000,15.45,15.45,15.45,15.45,331,0
NVA,60,20250228,140000,15.45,15.45,15.45,15.45,50,0
NVA,60,20250228,160000,15.15,15.15,15.15,15.15,80,0
NVA,60,20250303,100000,15.4,15.4,15.4,15.4,66,0
NVA,60,20250303,130000,15.4,15.45,15.4,15.45,50,0
NVA,60,20250304,110000,15.4,15.4,15.4,15.4,3,0
NVA,60,20250304,140000,15.4,15.4,15.4,15.4,10,0
NVA,60,20250305,110000,15.4,15.45,15.4,15.45,183,0
NVA,60,20250306,100000,15.45,15.45,15.45,15.45,102,0
NVA,60,20250306,110000,15.1,15.1,15.1,15.1,70,0
NVA,60,20250306,120000,15.3,15.3,15.3,15.3,10,0
NVA,60,20250306,140000,15.3,15.3,15.3,15.3,19,0
NVA,60,20250307,170000,15.3,15.4,15.3,15.4,1319,0
NVA,60,20250310,110000,15.2,15.45,15.2,15.45,202,0
NVA,60,20250310,120000,15.45,15.45,15.45,15.45,3,0
NVA,60,20250311,140000,15.15,15.15,15.15,15.15,91,0
NVA,60,20250311,160000,15.05,15.05,15,15,1213,0
NVA,60,20250312,130000,15,15,15,15,95,0
NVA,60,20250312,140000,15,15,15,15,1313,0
NVA,60,20250312,150000,14.95,14.95,14.9,14.9,5252,0
NVA,60,20250312,160000,14.9,14.9,14.9,14.9,1313,0
NVA,60,20250312,170000,15,15,15,15,1,0
NVA,60,20250313,100000,15,15,15,15,119,0
NVA,60,20250313,110000,14.9,14.9,14.9,14.9,1313,0
NVA,60,20250313,170000,14.9,15,14.9,15,301,0
NVA,60,20250314,120000,14.95,14.95,14.95,14.95,20,0
NVA,60,20250314,140000,14.95,15,14.95,15,300,0
NVA,60,20250317,100000,14.9,14.9,14.9,14.9,12,0
NVA,60,20250317,110000,15,15,14.95,14.95,107,0
NVA,60,20250317,150000,14.95,14.95,14.9,14.9,1621,0
NVA,60,20250317,160000,14.9,14.9,14.9,14.9,12,0
NVA,60,20250318,100000,14.85,14.85,14.8,14.8,125,0
NVA,60,20250318,110000,14.8,14.8,14.8,14.8,25,0
NVA,60,20250318,130000,14.85,14.85,14.85,14.85,422,0
NVA,60,20250318,150000,14.85,14.85,14.85,14.85,428,0
NVA,60,20250318,160000,14.8,14.8,14.8,14.8,5,0
NVA,60,20250319,150000,14.85,14.85,14.8,14.8,700,0
NVA,60,20250320,100000,14.8,14.8,14.8,14.8,507,0
NVA,60,20250320,110000,14.75,14.75,14.75,14.75,63,0
NVA,60,20250321,120000,14.8,14.8,14.8,14.8,13,0
NVA,60,20250324,110000,14.8,14.8,14.8,14.8,13,0
NVA,60,20250324,130000,14.75,14.75,14.75,14.75,111,0
NVA,60,20250324,140000,14.75,14.75,14.7,14.7,803,0
NVA,60,20250324,160000,14.7,14.7,14.7,14.7,13,0
NVA,60,20250325,100000,14.9,14.9,14.9,14.9,100,0
NVA,60,20250325,120000,14.7,14.7,14.7,14.7,79,0
NVA,60,20250325,130000,14.7,14.7,14.7,14.7,2,0
NVA,60,20250325,140000,14.7,14.7,14.7,14.7,139,0
NVA,60,20250326,110000,14.9,14.9,14.9,14.9,13,0
NVA,60,20250327,120000,14.75,14.75,14.7,14.7,340,0
NVA,60,20250402,140000,14.65,14.65,14.5,14.5,204,0
NVA,60,20250402,170000,14.9,14.9,14.9,14.9,66,0
NVA,60,20250403,120000,14.5,14.5,14.5,14.5,35,0
NVA,60,20250403,130000,14.45,14.45,14.25,14.25,265,0
NVA,60,20250404,170000,14.2,14.2,14.1,14.1,1000,0
NVA,60,20250408,100000,14,14,13.6,13.8,2170,0
NVA,60,20250409,120000,14,14,14,14,200,0
NVA,60,20250410,100000,14.1,14.1,14.1,14.1,1375,0
NVA,60,20250410,130000,14.1,14.1,14.1,14.1,112,0
NVA,60,20250411,100000,13.9,14.2,13.9,14.2,4642,0
NVA,60,20250411,130000,14.2,14.2,14.2,14.2,100,0
NVA,60,20250411,140000,14.2,14.2,14.2,14.2,70,0
NVA,60,20250411,160000,13.95,13.95,13.95,13.95,175,0
NVA,60,20250411,170000,13.95,13.95,13.95,13.95,475,0
NVA,60,20250414,120000,14.1,14.1,14,14,2022,0
NVA,60,20250414,170000,13.95,13.95,13.95,13.95,20,0
NVA,60,20250415,100000,14,14,14,14,15,0
NVA,60,20250415,140000,14,14,14,14,5,0
NVA,60,20250415,160000,14.5,14.5,14.5,14.5,61,0
NVA,60,20250415,170000,14.5,14.5,14.5,14.5,400,0
NVA,60,20250416,120000,14.5,14.5,14.5,14.5,17,0
NVA,60,20250416,160000,14.1,14.1,14,14,1347,0
NVA,60,20250416,170000,14,14,14,14,3049,0
NVA,60,20250417,100000,14.3,14.3,14,14,413,0
NVA,60,20250417,110000,14,14,14,14,300,0
NVA,60,20250417,130000,14,14,14,14,75,0
NVA,60,20250417,170000,13.9,13.95,13.9,13.95,1492,0
NVA,60,20250422,100000,14,14,13.85,13.85,626,0
NVA,60,20250422,110000,13.85,13.85,13.8,13.85,1248,0
NVA,60,20250422,130000,13.75,13.75,13.6,13.75,1342,0
NVA,60,20250422,140000,13.85,13.85,13.85,13.85,7,0
NVA,60,20250422,160000,13.85,13.85,13.85,13.85,206,0
NVA,60,20250422,170000,13.85,13.85,13.85,13.85,273,0
NVA,60,20250423,100000,13.9,14,13.9,13.95,1110,0
NVA,60,20250423,110000,13.95,13.95,13.95,13.95,210,0
NVA,60,20250423,120000,13.95,13.95,13.95,13.95,1856,0
NVA,60,20250424,100000,14,14,14,14,4,0
NVA,60,20250424,120000,13.9,13.9,13.9,13.9,300,0
NVA,60,20250424,160000,14.15,14.15,14.1,14.1,80,0
NVA,60,20250424,170000,13.95,14.15,13.95,14.15,280,0
NVA,60,20250425,110000,14,14.15,14,14.15,301,0
NVA,60,20250425,120000,13.9,13.9,13.9,13.9,80,0
NVA,60,20250425,130000,14.1,14.15,14.1,14.15,120,0
NVA,60,20250428,100000,14.1,14.1,14.1,14.1,348,0
NVA,60,20250428,110000,14.1,14.35,14.1,14.35,693,0
NVA,60,20250428,120000,14.4,14.5,14.35,14.5,438,0
NVA,60,20250428,130000,14.45,14.45,14.45,14.45,20,0
NVA,60,20250429,100000,14.45,14.45,14.45,14.45,277,0
NVA,60,20250429,120000,14.55,14.55,14.55,14.55,1,0
NVA,60,20250429,130000,14.45,14.45,14.45,14.45,1,0
NVA,60,20250429,150000,14.5,14.5,14.5,14.5,77,0
NVA,60,20250429,160000,14.55,14.55,14.55,14.55,10,0
NVA,60,20250429,170000,14.45,14.55,14.45,14.55,1033,0
NVA,60,20250430,110000,14.55,14.55,14.55,14.55,300,0
NVA,60,20250430,120000,14.6,14.6,14.6,14.6,52,0
NVA,60,20250430,130000,14.55,14.55,14.55,14.55,850,0
NVA,60,20250430,160000,14.55,14.55,14.55,14.55,254,0
NVA,60,20250430,170000,14.5,14.55,14.5,14.55,2628,0
NVA,60,20250502,100000,14.5,14.65,14.5,14.65,204,0
NVA,60,20250502,110000,14.65,14.65,14.65,14.65,80,0
NVA,60,20250502,130000,14.6,14.6,14.5,14.5,2628,0
NVA,60,20250502,140000,14.6,14.6,14.6,14.6,1313,0
NVA,60,20250502,160000,14.6,14.6,14.5,14.5,1513,0
NVA,60,20250505,100000,14.5,14.5,14.5,14.5,147,0
NVA,60,20250505,110000,14.5,14.5,14.5,14.5,40,0
NVA,60,20250505,140000,14.5,14.5,14.5,14.5,163,0
NVA,60,20250505,150000,14.6,14.6,14.6,14.6,60,0
NVA,60,20250505,170000,14.6,14.6,14.6,14.6,40,0
