<TICKER>,<PER>,<DATE>,<TIME>,<OPEN>,<HIGH>,<LOW>,<CLOSE>,<VOL>,<OPENINT>
OBL,60,20240411,120000,33.4444,33.4444,33.4444,33.4444,135.77142857520002,0
OBL,60,20240411,160000,33.4444,33.4444,33.4444,33.4444,66.857142859,0
OBL,60,20240419,120000,33.25,33.4444,33.25,33.4444,1224.000000034,0
OBL,60,20240419,160000,32.6667,32.6667,32.6667,32.6667,102.85714286000001,0
OBL,60,20240422,120000,32.4722,32.4722,32.4722,32.4722,314.7428571516,0
OBL,60,20240422,160000,32.4722,32.4722,32.4722,32.4722,195.42857143400002,0
OBL,60,20240423,120000,32.2778,32.2778,32.2778,32.2778,1028.5714286,0
OBL,60,20240423,160000,32.4722,32.4722,32.4722,32.4722,250.9714285784,0
OBL,60,20240424,120000,32.4722,32.4722,32.4722,32.4722,102.85714286000001,0
OBL,60,20240424,160000,32.6667,32.6667,32.6667,32.6667,1.0285714286,0
OBL,60,20240426,120000,32.4722,32.4722,32.4722,32.4722,399.0857142968,0
OBL,60,20240426,160000,32.4722,32.4722,32.4722,32.4722,2011.8857143416,0
OBL,60,20240429,120000,32.4722,32.4722,32.4722,32.4722,133.714285718,0
OBL,60,20240429,160000,32.0833,32.0833,32.0833,32.0833,516.3428571572,0
OBL,60,20240430,120000,32.0833,32.0833,32.0833,32.0833,31.885714286600003,0
OBL,60,20240430,160000,32.4722,32.4722,32.4722,32.4722,1.0285714286,0
OBL,60,20240502,120000,32.2778,32.2778,32.2778,32.2778,60.6857142874,0
OBL,60,20240506,160000,32.4722,32.4722,32.4722,32.4722,226.285714292,0
OBL,60,20240507,120000,32.4722,32.4722,32.4722,32.4722,245.82857143540002,0
OBL,60,20240507,160000,32.6667,32.6667,32.6667,32.6667,315.7714285802,0
OBL,60,20240508,120000,32.6667,32.6667,32.6667,32.6667,102.85714286000001,0
OBL,60,20240508,160000,33.0556,33.0556,33.0556,33.0556,102.85714286000001,0
OBL,60,20240509,120000,32.6667,32.6667,32.6667,32.6667,1028.5714286,0
OBL,60,20240509,160000,33.0556,33.0556,33.0556,33.0556,11.3142857146,0
OBL,60,20240513,120000,33.25,33.25,33.25,33.25,192.3428571482,0
OBL,60,20240513,160000,33.4444,33.4444,33.4444,33.4444,136.8000000038,0
OBL,60,20240514,120000,33.25,33.25,33.25,33.25,231.428571435,0
OBL,60,20240514,160000,33.25,33.25,33.25,33.25,340.4571428666,0
OBL,60,20240515,120000,33.4444,33.4444,33.4444,33.4444,19.542857143400003,0
OBL,60,20240515,160000,33.6389,33.6389,33.6389,33.6389,1760.9142857632,0
OBL,60,20240516,120000,34.0278,34.0278,34.0278,34.0278,498.857142871,0
OBL,60,20240516,160000,34.0278,34.0278,34.0278,34.0278,514.2857143,0
OBL,60,20240521,120000,34.0278,34.0278,33.4444,33.4444,1281.6000000356,0
OBL,60,20240522,160000,34.0278,34.0278,34.0278,34.0278,25.714285715,0
OBL,60,20240523,120000,34.2222,34.2222,34.2222,34.2222,976.1142857414001,0
OBL,60,20240523,160000,35,35,35,35,1235.3142857486,0
OBL,60,20240524,120000,35.1944,35.1944,35.1944,35.1944,101.82857143140001,0
OBL,60,20240531,160000,35.3889,35.3889,34.6111,34.6111,175.8857142906,0
OBL,60,20240604,120000,33.4444,33.4444,33.4444,33.4444,72.00000000200001,0
OBL,60,20240604,160000,34.8056,34.8056,34.8056,34.8056,17.4857142862,0
OBL,60,20240605,120000,34.8056,34.8056,34.8056,34.8056,20.571428572000002,0
OBL,60,20240605,160000,34.8056,34.8056,34.8056,34.8056,148.1142857184,0
OBL,60,20240606,120000,34.8056,34.8056,34.8056,34.8056,144.00000000400001,0
OBL,60,20240606,160000,34.8056,34.8056,34.8056,34.8056,217.02857143460002,0
OBL,60,20240611,120000,35,35,35,35,855.7714285952,0
OBL,60,20240612,160000,35,35,35,35,690.1714285906,0
OBL,60,20240613,120000,35,35,35,35,11.3142857146,0
OBL,60,20240614,160000,34.8056,34.8056,34.8056,34.8056,8.2285714288,0
OBL,60,20240617,120000,34.8056,34.8056,34.8056,34.8056,83.31428571660001,0
OBL,60,20240617,160000,34.8056,34.8056,34.8056,34.8056,88.45714285960001,0
OBL,60,20240619,120000,35,35,35,35,3238.9714286614,0
OBL,60,20240619,160000,35,35,35,35,3164.9142858022,0
OBL,60,20240620,120000,34.8056,34.8056,34.8056,34.8056,102.85714286000001,0
OBL,60,20240620,160000,34.6111,34.6111,34.6111,34.6111,57.6000000016,0
OBL,60,20240621,120000,34.8056,34.8056,34.8056,34.8056,617.1428571600001,0
OBL,60,20240621,160000,34.8056,34.8056,34.8056,34.8056,46.285714287000005,0
OBL,60,20240625,120000,34.8056,34.8056,34.4167,34.4167,419.6571428688,0
OBL,60,20240627,160000,34.4167,35,34.4167,35,170.7428571476,0
OBL,60,20240628,120000,35.6,35.6,35.6,35.6,23,0
OBL,60,20240628,160000,35.8,35.8,35.8,35.8,10,0
OBL,60,20240701,120000,33.2,33.2,33.2,33.2,150,0
OBL,60,20240701,160000,33.6,33.6,33.6,33.6,290,0
OBL,60,20240702,120000,33.6,33.6,33.6,33.6,30,0
OBL,60,20240702,160000,33.2,33.2,33.2,33.2,146,0
OBL,60,20240703,120000,33.2,33.2,33.2,33.2,230,0
OBL,60,20240703,160000,33.6,33.6,33.6,33.6,2,0
OBL,60,20240704,120000,33.6,33.6,33.6,33.6,2,0
OBL,60,20240704,160000,33.8,33.8,33.8,33.8,11,0
OBL,60,20240705,120000,33.6,33.6,33.6,33.6,61,0
OBL,60,20240705,160000,33.6,33.6,33.6,33.6,1,0
OBL,60,20240708,120000,33.4,33.4,33.4,33.4,319,0
OBL,60,20240708,160000,33.4,33.4,33.4,33.4,152,0
OBL,60,20240709,120000,33.4,33.4,33.4,33.4,59,0
OBL,60,20240709,160000,33.4,33.4,33.4,33.4,124,0
OBL,60,20240710,120000,33.6,33.6,33.6,33.6,282,0
OBL,60,20240710,160000,33.8,33.8,33.8,33.8,47,0
OBL,60,20240711,120000,33.6,33.6,33.6,33.6,800,0
OBL,60,20240711,160000,33.6,33.6,33.6,33.6,476,0
OBL,60,20240712,120000,33.6,33.6,33.6,33.6,10,0
OBL,60,20240712,160000,33.8,33.8,33.8,33.8,106,0
OBL,60,20240715,120000,33.6,33.6,33.6,33.6,1,0
OBL,60,20240715,160000,33.6,33.6,33.6,33.6,100,0
OBL,60,20240716,120000,34,34,34,34,811,0
OBL,60,20240716,160000,34.6,34.6,34.6,34.6,1,0
OBL,60,20240723,120000,34,34,34,34,133,0
OBL,60,20240723,160000,34.6,34.6,34.6,34.6,1,0
OBL,60,20240724,120000,34,34,34,34,1411,0
OBL,60,20240726,160000,34.6,34.8,33.6,34.8,69,0
OBL,60,20240729,120000,33.6,33.6,33.6,33.6,80,0
OBL,60,20240731,160000,34,34.8,34,34.2,13,0
OBL,60,20240802,120000,34.2,34.2,34.2,34.2,60,0
OBL,60,20240805,160000,33.8,33.8,33.4,33.4,18,0
OBL,60,20240806,120000,33.2,33.2,33.2,33.2,104,0
OBL,60,20240806,160000,33.2,33.2,33.2,33.2,3,0
OBL,60,20240807,120000,33,33,33,33,245,0
OBL,60,20240807,160000,33,33,33,33,35,0
OBL,60,20240809,120000,33,33.2,33,33.2,2,0
OBL,60,20240809,160000,33,33,33,33,19,0
OBL,60,20240813,120000,34,34,33,33,163,0
OBL,60,20240813,160000,34,34,34,34,1,0
OBL,60,20240814,120000,33.4,33.4,33.4,33.4,1,0
OBL,60,20240814,160000,33.8,33.8,33.8,33.8,1,0
OBL,60,20240816,120000,34,34,34,34,32,0
OBL,60,20240816,160000,34,34,34,34,11,0
OBL,60,20240819,120000,33.8,33.8,33.8,33.8,8,0
OBL,60,20240820,160000,34.8,34.8,34.4,34.4,11,0
OBL,60,20240827,120000,34,34,34,34,5,0
OBL,60,20240827,160000,34,34,34,34,60,0
OBL,60,20240829,120000,34,34,34,34,228,0
OBL,60,20240829,160000,34.4,34.4,34.4,34.4,3,0
OBL,60,20240830,120000,33.2,33.2,33.2,33.2,333,0
OBL,60,20240830,160000,34,34,34,34,2,0
OBL,60,20240903,120000,33.4,33.4,33.4,33.4,11,0
OBL,60,20240903,160000,33.6,33.6,33.6,33.6,1,0
OBL,60,20240909,120000,33.2,33.2,33.2,33.2,15,0
OBL,60,20240909,160000,33.8,33.8,33.8,33.8,1,0
OBL,60,20240910,120000,33.2,33.2,33.2,33.2,6,0
OBL,60,20240910,160000,33.8,33.8,33.8,33.8,1,0
OBL,60,20240911,120000,33.2,33.2,33.2,33.2,45,0
OBL,60,20240911,160000,33.8,33.8,33.8,33.8,1,0
OBL,60,20240913,120000,33.8,33.8,33.6,33.6,113,0
OBL,60,20240913,160000,33.8,33.8,33.8,33.8,10,0
OBL,60,20240916,120000,33.8,33.8,33.8,33.8,5,0
OBL,60,20240916,160000,34.4,34.4,34.4,34.4,1,0
OBL,60,20240917,120000,34.4,34.4,34.4,34.4,5,0
OBL,60,20240918,160000,34,34,33,33,1535,0
OBL,60,20240919,120000,34,34,34,34,100,0
OBL,60,20240920,160000,34.6,34.6,33.2,33.2,111,0
OBL,60,20240923,120000,34.6,34.6,34.6,34.6,50,0
OBL,60,20240924,160000,33.8,33.8,33.8,33.8,15041,0
OBL,60,20240925,120000,33.8,33.8,33.8,33.8,38,0
OBL,60,20240927,160000,33.8,33.8,33.2,33.2,430,0
OBL,60,20240930,120000,33.8,33.8,33.8,33.8,100,0
OBL,60,20240930,160000,34,34,34,34,230,0
OBL,60,20241002,120000,34,34,33.2,33.2,67,0
OBL,60,20241002,160000,34,34,34,34,2,0
OBL,60,20241003,120000,33.2,33.2,33.2,33.2,1000,0
OBL,60,20241008,160000,33.8,33.8,33.8,33.8,101,0
OBL,60,20241009,120000,33.8,33.8,33.8,33.8,100,0
OBL,60,20241009,160000,33.2,33.2,33.2,33.2,19,0
OBL,60,20241010,120000,33.2,33.2,33.2,33.2,35,0
OBL,60,20241011,160000,33.2,33.8,33.2,33.8,26,0
OBL,60,20241014,120000,33.2,33.2,33.2,33.2,501,0
OBL,60,20241014,160000,33.8,33.8,33.8,33.8,1,0
OBL,60,20241015,120000,33.2,33.2,33.2,33.2,100,0
OBL,60,20241015,160000,33.8,33.8,33.8,33.8,100,0
OBL,60,20241016,120000,33.2,33.2,33.2,33.2,30,0
OBL,60,20241016,160000,33.8,33.8,33.8,33.8,100,0
OBL,60,20241017,120000,33.6,33.6,33.6,33.6,200,0
OBL,60,20241017,160000,33.6,33.6,33.6,33.6,100,0
OBL,60,20241022,120000,33.6,33.6,33.2,33.2,622,0
OBL,60,20241023,160000,33,33.8,33,33.8,4455,0
OBL,60,20241031,120000,33.8,33.8,32.6,32.6,196,0
OBL,60,20241031,160000,33.8,33.8,33.8,33.8,1,0
OBL,60,20241104,120000,33.8,33.8,33.8,33.8,63,0
OBL,60,20241105,160000,32.6,32.6,32.6,32.6,100,0
OBL,60,20241106,120000,32.6,32.6,32.6,32.6,112,0
OBL,60,20241108,160000,33,33,33,33,4,0
OBL,60,20241113,120000,32.6,32.6,32.6,32.6,20,0
OBL,60,20241115,160000,33,33,33,33,424,0
OBL,60,20241118,120000,33,33,33,33,111,0
OBL,60,20241119,160000,32.8,32.8,32.8,32.8,130,0
OBL,60,20241121,120000,33,33,33,33,400,0
OBL,60,20241121,160000,33,33,33,33,1,0
OBL,60,20241122,120000,33,33,33,33,301,0
OBL,60,20241122,160000,33.2,33.2,33.2,33.2,50,0
OBL,60,20241125,120000,33,33,33,33,273,0
OBL,60,20241129,160000,33.2,33.2,32.8,32.8,178,0
OBL,60,20241202,120000,33,33,33,33,1,0
OBL,60,20241203,160000,32.8,32.8,32.8,32.8,1,0
OBL,60,20241205,120000,32.8,32.8,32.8,32.8,290,0
OBL,60,20241206,160000,32.8,32.8,32.8,32.8,583,0
OBL,60,20241210,120000,32.8,32.8,32.8,32.8,227,0
OBL,60,20241210,160000,33,33,33,33,150,0
OBL,60,20241211,120000,33,33,33,33,1247,0
OBL,60,20241211,160000,33.2,33.2,33.2,33.2,1,0
OBL,60,20241212,120000,33,33,33,33,49,0
OBL,60,20241212,160000,33,33,33,33,45,0
OBL,60,20241216,120000,34.2,34.4,34.2,34.4,296,0
OBL,60,20241217,160000,34,34,34,34,11,0
OBL,60,20241218,120000,33.4,33.4,33.4,33.4,42,0
OBL,60,20241218,160000,33.2,33.2,33.2,33.2,50,0
OBL,60,20241219,120000,32.8,32.8,32.8,32.8,170,0
OBL,60,20241220,160000,32.8,32.8,32.8,32.8,61,0
OBL,60,20241223,120000,32.8,32.8,32.8,32.8,145,0
OBL,60,20241223,160000,32.8,32.8,32.8,32.8,601,0
OBL,60,20241227,120000,32.6,32.6,32.6,32.6,802,0
OBL,60,20241227,160000,32.6,32.6,32.6,32.6,180,0
OBL,60,20241230,120000,32,32,32,32,2785,0
OBL,60,20250102,160000,32.6,33,32.6,33,1227,0
OBL,60,20250103,120000,33.4,33.4,33.4,33.4,11,0
OBL,60,20250103,160000,32.6,32.6,32.6,32.6,46,0
OBL,60,20250107,120000,32.8,32.8,32.8,32.8,12,0
OBL,60,20250107,160000,32.8,32.8,32.8,32.8,15,0
OBL,60,20250109,120000,32.6,32.6,32.2,32.2,105,0
OBL,60,20250109,160000,32.4,32.4,32.4,32.4,3,0
OBL,60,20250110,120000,32.2,32.2,32.2,32.2,62,0
OBL,60,20250110,160000,31.8,31.8,31.8,31.8,695,0
OBL,60,20250113,120000,31.8,31.8,31.8,31.8,507,0
OBL,60,20250113,160000,31.8,31.8,31.8,31.8,205,0
OBL,60,20250114,120000,31.4,31.4,31.4,31.4,40,0
OBL,60,20250115,160000,31.4,31.4,31.4,31.4,349,0
OBL,60,20250116,120000,31.6,31.6,31.6,31.6,168,0
OBL,60,20250116,160000,31.8,31.8,31.8,31.8,440,0
OBL,60,20250120,120000,32,32.8,32,32.8,30,0
OBL,60,20250122,160000,32.8,32.8,32,32.4,62,0
OBL,60,20250123,120000,32,32,32,32,131,0
OBL,60,20250123,160000,32,32,32,32,30,0
OBL,60,20250124,120000,32,32,32,32,150,0
OBL,60,20250124,160000,31.8,31.8,31.8,31.8,39,0
OBL,60,20250127,120000,32,32,32,32,123,0
OBL,60,20250127,160000,32.4,32.4,32.4,32.4,1,0
OBL,60,20250128,120000,32,32,32,32,890,0
OBL,60,20250128,160000,32.4,32.4,32.4,32.4,570,0
OBL,60,20250130,120000,32.4,32.8,32.4,32.8,625,0
OBL,60,20250131,160000,32.4,32.4,32.4,32.4,409,0
OBL,60,20250206,120000,32.8,32.8,32.6,32.8,412,0
OBL,60,20250206,160000,33.4,33.4,33.4,33.4,71,0
OBL,60,20250207,120000,33.4,33.4,33.4,33.4,449,0
OBL,60,20250207,160000,34.8,34.8,34.8,34.8,572,0
OBL,60,20250210,120000,34.8,34.8,34.8,34.8,270,0
OBL,60,20250210,160000,34.8,34.8,34.8,34.8,2097,0
OBL,60,20250211,120000,35,35,35,35,60,0
OBL,60,20250211,160000,35,35,35,35,516,0
OBL,60,20250212,120000,35.6,35.6,35.6,35.6,116,0
OBL,60,20250212,160000,36,36,36,36,100,0
OBL,60,20250213,120000,36.4,36.4,36.4,36.4,100,0
OBL,60,20250213,160000,36.4,36.4,36.4,36.4,76,0
OBL,60,20250214,120000,36.4,36.4,36.4,36.4,321,0
OBL,60,20250219,160000,36.2,36.2,35.6,35.8,894,0
OBL,60,20250226,120000,36,36,35,35,1127,0
OBL,60,20250304,160000,35.8,35.8,35.6,35.6,1111,0
OBL,60,20250305,120000,35.6,35.6,35.6,35.6,162,0
OBL,60,20250305,160000,35.6,35.6,35.6,35.6,1217,0
OBL,60,20250310,120000,35.6,35.6,35.6,35.6,2597,0
OBL,60,20250310,160000,35.6,35.6,35.6,35.6,50,0
OBL,60,20250311,120000,35.8,35.8,35.8,35.8,1,0
OBL,60,20250311,160000,34.8,34.8,34.8,34.8,1,0
OBL,60,20250314,120000,35,35,35,35,1,0
OBL,60,20250318,160000,35.4,35.4,35.4,35.4,2311,0
OBL,60,20250401,120000,35.2,35.4,35,35.2,3119,0
OBL,60,20250404,160000,32.2,35,32.2,35,21,0
OBL,60,20250409,120000,34.4,34.4,34.4,34.4,139,0
OBL,60,20250414,160000,34.4,34.4,33.6,33.6,134,0
OBL,60,20250415,120000,32.8,32.8,32.8,32.8,50,0
OBL,60,20250416,160000,33.4,33.4,33.4,33.4,50,0
OBL,60,20250422,120000,33.8,33.8,33,33,134,0
OBL,60,20250422,160000,33,33,33,33,50,0
OBL,60,20250423,120000,33.8,33.8,33.8,33.8,61,0
OBL,60,20250424,160000,33,33,32.8,32.8,77,0
OBL,60,20250425,120000,33.6,33.6,33.6,33.6,50,0
OBL,60,20250425,160000,33,33,33,33,41,0
OBL,60,20250430,120000,32.8,33.8,32.8,33.8,192,0
OBL,60,20250505,160000,34,35,34,35,722,0
OBL,60,20250506,120000,35.8,35.8,35.8,35.8,443,0
