<TICKER>,<PER>,<DATE>,<TIME>,<OPEN>,<HIGH>,<LOW>,<CLOSE>,<VOL>,<OPENINT>
PAS,60,20240411,120000,24.2161,24.2161,24.2161,24.2161,79.28189911250001,0
PAS,60,20240411,130000,24.8607,24.8607,24.8607,24.8607,18.4629080125,0
PAS,60,20240411,140000,24.8607,25.0448,24.2161,24.2161,509.3590504625,0
PAS,60,20240411,170000,24.8607,24.8607,24.8607,24.8607,543.02670625,0
PAS,60,20240412,120000,25.229,25.229,24.8607,24.8607,16.2908011875,0
PAS,60,20240412,140000,24.8607,25.229,24.8607,25.229,260.652819,0
PAS,60,20240412,170000,24.6765,24.6765,24.6765,24.6765,4.34421365,0
PAS,60,20240415,100000,24.8607,24.8607,24.6765,24.6765,119.46587537500001,0
PAS,60,20240415,110000,24.4003,24.4003,24.032,24.032,67.335311575,0
PAS,60,20240415,150000,24.032,24.4003,23.8478,24.4003,559.3175074375,0
PAS,60,20240415,160000,24.4003,24.4003,24.032,24.032,604.9317507625001,0
PAS,60,20240416,100000,26.7022,27.3467,25.1369,25.9656,3576.3738873625,0
PAS,60,20240416,110000,25.9656,25.9656,25.4131,25.4131,748.2908012125,0
PAS,60,20240416,120000,25.5973,25.5973,25.5973,25.5973,86.88427300000001,0
PAS,60,20240416,130000,25.5052,25.5052,25.4131,25.4131,168.3382789375,0
PAS,60,20240416,140000,25.7814,26.7022,25.7814,26.7022,651.6320475,0
PAS,60,20240416,150000,26.7022,28.5437,26.6101,28.0833,3424.3264096125,0
PAS,60,20240416,160000,28.5437,28.912,27.8071,27.8071,397.495548975,0
PAS,60,20240416,170000,27.9913,29.3724,27.623,29.3724,1208.7774481125,0
PAS,60,20240417,100000,29.4645,31.1219,28.7279,28.7279,1367.3412463375,0
PAS,60,20240417,110000,27.4388,27.5309,26.7943,27.5309,885.1335311875001,0
PAS,60,20240417,120000,27.4388,27.5309,26.8863,27.5309,992.652819025,0
PAS,60,20240417,130000,26.9784,27.5309,26.518,27.3467,1278.2848665125,0
PAS,60,20240417,140000,26.7022,27.1626,26.518,26.7022,351.88130565,0
PAS,60,20240417,150000,26.6101,27.1626,26.518,26.518,1295.6617211125,0
PAS,60,20240417,160000,26.518,27.623,26.1497,26.2418,2472.9436202625,0
PAS,60,20240417,170000,26.1497,26.518,25.229,26.1497,1727.9109792875,0
PAS,60,20240418,100000,25.5973,26.9784,25.5973,26.9784,3948.89020785,0
PAS,60,20240418,110000,26.9784,26.9784,26.9784,26.9784,69.5074184,0
PAS,60,20240418,120000,26.9784,26.9784,26.9784,26.9784,60.8189911,0
PAS,60,20240418,130000,26.7943,26.7943,26.7022,26.7022,543.02670625,0
PAS,60,20240418,140000,26.7022,26.7022,26.7022,26.7022,166.16617211250002,0
PAS,60,20240418,150000,26.8863,26.9784,26.8863,26.9784,349.709198825,0
PAS,60,20240418,160000,26.9784,26.9784,26.9784,26.9784,266.0830860625,0
PAS,60,20240418,170000,27.1626,27.715,27.1626,27.715,320.3857566875,0
PAS,60,20240419,100000,28.0833,28.4516,27.623,28.2675,1015.4599406875,0
PAS,60,20240419,110000,28.2675,28.3596,26.7022,28.0833,195.48961425,0
PAS,60,20240419,120000,28.0833,28.1754,27.715,27.715,107.5192878375,0
PAS,60,20240419,130000,28.1754,28.1754,28.1754,28.1754,65.16320475,0
PAS,60,20240419,140000,27.715,27.715,27.623,27.623,128.154302675,0
PAS,60,20240419,160000,28.1754,28.1754,27.623,27.623,198.7477744875,0
PAS,60,20240419,170000,27.623,27.623,27.5309,27.5309,22.8071216625,0
PAS,60,20240422,100000,27.5309,27.5309,26.8863,26.8863,59.7329376875,0
PAS,60,20240422,110000,27.1626,27.1626,26.6101,26.7022,384.462908025,0
PAS,60,20240422,120000,26.3339,26.7022,26.3339,26.7022,117.29376855000001,0
PAS,60,20240422,130000,26.7022,26.7022,26.7022,26.7022,327.988130575,0
PAS,60,20240422,140000,26.7022,26.7022,26.7022,26.7022,2.172106825,0
PAS,60,20240422,150000,26.7022,26.7022,26.7022,26.7022,49.958456975000004,0
PAS,60,20240422,160000,26.7022,26.7022,26.7022,26.7022,495.24035610000004,0
PAS,60,20240422,170000,26.7022,26.7022,26.7022,26.7022,422.4747774625,0
PAS,60,20240423,100000,26.1497,26.1497,26.1497,26.1497,402.92581603750006,0
PAS,60,20240423,110000,26.426,26.518,26.426,26.426,150.9614243375,0
PAS,60,20240423,140000,27.1626,27.1626,26.426,26.426,35.8397626125,0
PAS,60,20240423,150000,27.1626,27.1626,27.1626,27.1626,60.818991100000005,0
PAS,60,20240423,160000,27.2546,27.4388,26.518,27.4388,183.5430267125,0
PAS,60,20240423,170000,27.5309,27.623,27.4388,27.623,289.9762611375,0
PAS,60,20240424,100000,28.7279,28.7279,27.2546,27.2546,127.06824926250002,0
PAS,60,20240424,110000,27.623,27.623,27.5309,27.5309,76.023738875,0
PAS,60,20240424,150000,28.4516,28.4516,28.4516,28.4516,1.0860534125,0
PAS,60,20240424,160000,28.4516,28.5437,28.4516,28.5437,23.893175075000002,0
PAS,60,20240424,170000,28.5437,28.5437,27.9913,28.5437,56.47477745,0
PAS,60,20240425,100000,28.5437,28.5437,28.5437,28.5437,44.5281899125,0
PAS,60,20240425,110000,28.5437,28.5437,28.5437,28.5437,24.979228487500002,0
PAS,60,20240425,140000,28.6358,28.6358,28.0833,28.0833,224.8130563875,0
PAS,60,20240425,160000,28.5437,28.5437,28.5437,28.5437,103.1750741875,0
PAS,60,20240425,170000,28.5437,28.5437,28.5437,28.5437,260.652819,0
PAS,60,20240426,100000,28.7279,29.3724,28.5437,29.2803,496.3264095125,0
PAS,60,20240426,110000,29.2803,29.3724,29.2803,29.3724,55.3887240375,0
PAS,60,20240426,120000,29.3724,29.3724,29.3724,29.3724,9.7744807125,0
PAS,60,20240426,130000,29.3724,29.3724,29.3724,29.3724,93.40059347500001,0
PAS,60,20240426,140000,29.6486,29.6486,29.6486,29.6486,1.0860534125,0
PAS,60,20240426,150000,29.6486,29.6486,28.912,28.912,54.302670625000005,0
PAS,60,20240426,160000,29.0041,29.0041,29.0041,29.0041,5.4302670625000005,0
PAS,60,20240426,170000,29.4645,29.4645,29.4645,29.4645,60.8189911,0
PAS,60,20240429,100000,29.4645,30.2932,28.912,30.2932,424.6468842875,0
PAS,60,20240429,110000,30.3852,30.3852,29.4645,29.4645,57.5608308625,0
PAS,60,20240429,120000,29.4645,29.4645,29.4645,29.4645,152.04747775,0
PAS,60,20240429,130000,29.4645,29.4645,29.3724,29.3724,282.37388725,0
PAS,60,20240429,140000,29.3724,29.3724,29.3724,29.3724,9.7744807125,0
PAS,60,20240429,160000,29.4645,29.4645,29.4645,29.4645,2.172106825,0
PAS,60,20240429,170000,29.4645,29.4645,29.3724,29.4645,498.4985163375,0
PAS,60,20240430,100000,30.2011,30.3852,29.4645,30.2932,543.02670625,0
PAS,60,20240430,110000,30.2932,30.6615,30.2932,30.4773,143.35905045,0
PAS,60,20240430,120000,29.8328,30.3852,29.8328,30.3852,44.5281899125,0
PAS,60,20240430,130000,30.7536,30.7536,30.3852,30.3852,22.8071216625,0
PAS,60,20240430,140000,30.3852,30.7536,30.3852,30.7536,114.0356083125,0
PAS,60,20240430,150000,30.7536,30.7536,30.7536,30.7536,1.0860534125,0
PAS,60,20240430,160000,30.2011,30.2011,30.2011,30.2011,156.3916914,0
PAS,60,20240430,170000,30.7536,31.5822,30.7536,31.4902,163.9940652875,0
PAS,60,20240502,100000,31.306,31.306,31.306,31.306,6.516320475000001,0
PAS,60,20240502,110000,31.306,31.306,31.306,31.306,3.2581602375000003,0
PAS,60,20240502,130000,31.306,31.4902,31.306,31.4902,16.2908011875,0
PAS,60,20240502,140000,31.3981,31.5822,31.3981,31.5822,84.71216617500001,0
PAS,60,20240502,160000,31.5822,31.5822,31.5822,31.5822,79.28189911250001,0
PAS,60,20240502,170000,31.5822,31.5822,31.0298,31.4902,90.1424332375,0
PAS,60,20240506,100000,31.7664,32.2268,31.7664,32.2268,297.578635025,0
PAS,60,20240506,110000,32.2268,32.5951,31.7664,32.5951,240.0178041625,0
PAS,60,20240506,120000,32.5951,32.5951,32.5951,32.5951,26.065281900000002,0
PAS,60,20240506,130000,31.7664,31.7664,31.7664,31.7664,16.2908011875,0
PAS,60,20240506,140000,32.5951,32.5951,31.7664,32.2268,40.1839762625,0
PAS,60,20240506,150000,31.7664,31.7664,31.7664,31.7664,1.0860534125,0
PAS,60,20240506,170000,31.7664,32.1347,31.7664,32.1347,55.3887240375,0
PAS,60,20240507,100000,31.7664,31.8585,31.306,31.306,187.8872403625,0
PAS,60,20240507,110000,31.306,31.5822,31.306,31.5822,74.9376854625,0
PAS,60,20240507,120000,31.306,31.306,31.306,31.306,16.2908011875,0
PAS,60,20240507,130000,31.1219,31.1219,29.1883,29.3724,451.7982196,0
PAS,60,20240507,140000,30.3852,31.2139,29.0041,30.3852,458.314540075,0
PAS,60,20240507,150000,30.0169,30.3852,29.9249,30.3852,109.6913946625,0
PAS,60,20240507,160000,29.9249,30.109,29.2803,30.109,244.3620178125,0
PAS,60,20240507,170000,29.1883,30.109,29.1883,29.2803,202.005934725,0
PAS,60,20240508,100000,30.109,30.2011,30.109,30.2011,134.67062315,0
PAS,60,20240508,120000,29.8328,29.8328,29.3724,29.3724,92.3145400625,0
PAS,60,20240508,140000,29.8328,29.8328,29.8328,29.8328,70.59347181250001,0
PAS,60,20240508,150000,30.0169,30.109,30.0169,30.109,166.1661721125,0
PAS,60,20240508,160000,30.109,30.109,30.109,30.109,4.34421365,0
PAS,60,20240508,170000,30.109,30.2932,30.109,30.2932,44.528189912500004,0
PAS,60,20240509,100000,30.7536,32.503,30.7536,32.503,1428.1602374375,0
PAS,60,20240509,110000,32.503,32.5951,32.503,32.5951,648.3738872625,0
PAS,60,20240509,120000,32.4109,32.4109,32.2268,32.4109,169.42433235,0
PAS,60,20240509,130000,32.4109,32.4109,32.2268,32.4109,167.252225525,0
PAS,60,20240509,140000,32.4109,32.503,32.4109,32.503,615.7922848875,0
PAS,60,20240509,150000,32.2268,32.2268,32.1347,32.1347,448.5400593625,0
PAS,60,20240509,160000,32.503,32.503,32.503,32.503,2.172106825,0
PAS,60,20240509,170000,31.7664,32.503,31.7664,32.4109,142.2729970375,0
PAS,60,20240510,100000,32.2268,32.4109,31.3981,31.3981,247.62017805,0
PAS,60,20240510,110000,32.2268,32.4109,32.2268,32.4109,89.056379825,0
PAS,60,20240510,120000,32.4109,32.503,32.4109,32.503,281.2878338375,0
PAS,60,20240510,140000,32.3189,32.503,32.3189,32.503,35.8397626125,0
PAS,60,20240510,160000,32.3189,32.503,32.3189,32.503,53.216617212500005,0
PAS,60,20240510,170000,32.503,32.6872,32.503,32.6872,547.3709199,0
PAS,60,20240513,100000,31.9505,32.2268,31.7664,32.1347,235.6735905125,0
PAS,60,20240513,110000,32.1347,34.9891,32.1347,34.9891,1077.3649852,0
PAS,60,20240513,120000,34.4366,34.897,34.4366,34.897,40.1839762625,0
PAS,60,20240513,130000,34.8049,34.8049,34.1604,34.1604,250.8783382875,0
PAS,60,20240513,140000,34.0683,34.1604,34.0683,34.1604,51.0445103875,0
PAS,60,20240513,170000,34.3445,34.3445,34.3445,34.3445,30.409495550000003,0
PAS,60,20240514,100000,34.3445,34.8049,34.3445,34.8049,76.023738875,0
PAS,60,20240514,110000,34.8049,34.8049,34.7128,34.8049,101.00296736250002,0
PAS,60,20240514,120000,34.8049,34.9891,34.8049,34.9891,80.367952525,0
PAS,60,20240514,130000,34.7128,34.9891,34.7128,34.7128,110.777448075,0
PAS,60,20240514,140000,34.9891,36.094,34.9891,36.094,550.6290801375,0
PAS,60,20240514,150000,35.9098,36.094,35.9098,36.094,588.640949575,0
PAS,60,20240514,160000,36.094,36.8306,36.094,36.8306,805.851632075,0
PAS,60,20240514,170000,35.7257,36.9227,35.7257,36.9227,54.302670625000005,0
PAS,60,20240515,100000,37.0148,37.7514,37.0148,37.7514,175.94065282500003,0
PAS,60,20240515,110000,38.3038,38.3959,38.3038,38.3959,117.29376855,0
PAS,60,20240515,120000,38.3959,39.5929,38.3959,39.5929,324.7299703375,0
PAS,60,20240515,130000,39.5008,39.5008,38.8563,39.5008,105.3471810125,0
PAS,60,20240515,140000,38.8563,39.5929,38.8563,39.5929,60.8189911,0
PAS,60,20240515,150000,39.5929,39.5929,38.7642,39.4087,181.3709198875,0
PAS,60,20240515,160000,39.3167,39.3167,39.3167,39.3167,1.0860534125,0
PAS,60,20240515,170000,39.5008,39.5008,39.5008,39.5008,162.908011875,0
PAS,60,20240516,100000,39.5008,39.685,38.7642,39.4087,294.3204747875,0
PAS,60,20240516,110000,38.7642,39.5929,37.7514,38.0276,260.652819,0
PAS,60,20240516,120000,38.2117,39.0404,38.2117,39.0404,54.302670625000005,0
PAS,60,20240516,130000,39.1325,39.1325,39.1325,39.1325,10.860534125000001,0
PAS,60,20240516,140000,39.1325,39.1325,39.1325,39.1325,27.151335312500002,0
PAS,60,20240516,150000,39.1325,39.1325,39.0404,39.1325,35.8397626125,0
PAS,60,20240516,170000,39.2246,39.2246,39.2246,39.2246,14.118694362500001,0
PAS,60,20240517,100000,38.3038,38.3038,38.3038,38.3038,144.44510386250002,0
PAS,60,20240517,110000,38.3038,38.3038,38.0276,38.0276,54.302670625000005,0
PAS,60,20240517,120000,39.0404,39.1325,39.0404,39.1325,40.1839762625,0
PAS,60,20240517,130000,39.1325,39.5008,39.1325,39.5008,80.367952525,0
PAS,60,20240517,140000,39.1325,39.1325,39.1325,39.1325,48.872403562500004,0
PAS,60,20240517,150000,38.8563,38.8563,38.3038,38.3038,39.09792285,0
PAS,60,20240517,160000,38.3038,38.3038,38.3038,38.3038,21.721068250000002,0
PAS,60,20240517,170000,38.3038,38.3038,37.7514,37.7514,141.18694362500003,0
PAS,60,20240520,100000,37.7514,39.5008,35.1732,39.5008,2303.5192879125,0
PAS,60,20240520,110000,39.5008,39.685,38.2117,38.2117,155.3056379875,0
PAS,60,20240520,140000,37.7514,37.7514,36.9227,36.9227,161.8219584625,0
PAS,60,20240520,150000,38.0276,38.0276,38.0276,38.0276,10.860534125000001,0
PAS,60,20240520,160000,38.0276,38.0276,38.0276,38.0276,238.93175075000002,0
PAS,60,20240520,170000,37.9355,38.0276,36.9227,36.9227,114.0356083125,0
PAS,60,20240521,100000,36.9227,36.9227,36.7385,36.7385,32.581602375,0
PAS,60,20240521,110000,36.7385,36.7385,36.1861,36.1861,273.68545995,0
PAS,60,20240521,120000,36.7385,36.7385,36.7385,36.7385,80.367952525,0
PAS,60,20240521,130000,36.7385,36.8306,36.7385,36.7385,158.563798225,0
PAS,60,20240521,140000,36.7385,36.7385,36.7385,36.7385,82.54005935,0
PAS,60,20240521,160000,36.6464,36.6464,36.1861,36.2781,279.1157270125,0
PAS,60,20240521,170000,36.2781,36.6464,36.2781,36.6464,68.4213649875,0
PAS,60,20240522,100000,36.6464,36.6464,36.6464,36.6464,1.0860534125,0
PAS,60,20240522,110000,35.9098,36.4623,35.9098,36.4623,68.4213649875,0
PAS,60,20240522,130000,35.9098,35.9098,35.9098,35.9098,62.991097925000005,0
PAS,60,20240522,150000,35.5415,35.5415,35.1732,35.5415,142.2729970375,0
PAS,60,20240522,160000,35.4495,35.5415,35.0811,35.0811,217.2106825,0
PAS,60,20240522,170000,35.5415,35.5415,35.0811,35.0811,57.5608308625,0
PAS,60,20240523,100000,35.0811,35.8178,34.1604,35.7257,748.2908012125,0
PAS,60,20240523,110000,35.5415,35.5415,35.5415,35.5415,1.0860534125,0
PAS,60,20240523,160000,34.6208,34.6208,34.1604,34.1604,247.62017805,0
PAS,60,20240524,100000,33.9762,33.9762,33.8842,33.8842,28.237388725000002,0
PAS,60,20240524,120000,33.8842,33.8842,33.7,33.7,19.548961425,0
PAS,60,20240524,130000,33.6079,33.6079,33.0555,33.5158,82.54005935,0
PAS,60,20240524,160000,33.0555,33.5158,33.0555,33.5158,243.2759644,0
PAS,60,20240524,170000,33.4238,33.4238,33.4238,33.4238,192.23145401250002,0
PAS,60,20240527,100000,33.5158,33.6079,33.5158,33.5158,270.4272997125,0
PAS,60,20240527,130000,33.6079,34.0683,33.6079,34.0683,103.1750741875,0
PAS,60,20240527,170000,34.0683,34.0683,34.0683,34.0683,57.560830862500005,0
PAS,60,20240528,100000,34.0683,34.0683,33.6079,33.7,117.29376855,0
PAS,60,20240528,130000,34.0683,34.6208,34.0683,34.6208,171.596439175,0
PAS,60,20240528,140000,34.4366,34.4366,34.4366,34.4366,17.3768546,0
PAS,60,20240528,160000,34.3445,34.3445,34.3445,34.3445,41.270029675,0
PAS,60,20240528,170000,34.3445,34.3445,34.3445,34.3445,2.172106825,0
PAS,60,20240529,100000,33.8842,33.8842,33.7,33.7,57.560830862500005,0
PAS,60,20240529,120000,33.8842,33.8842,33.7,33.7,59.732937687500005,0
PAS,60,20240531,150000,34.0683,34.4366,34.0683,34.4366,6.516320475,0
PAS,60,20240531,160000,34.0683,34.0683,34.0683,34.0683,32.581602375,0
PAS,60,20240531,170000,34.4366,35.1732,34.4366,35.1732,116.2077151375,0
PAS,60,20240603,100000,35.1732,35.4495,35.1732,35.4495,133.5845697375,0
PAS,60,20240603,110000,34.9891,35.6336,34.9891,35.6336,26.0652819,0
PAS,60,20240603,140000,34.9891,34.9891,34.9891,34.9891,21.721068250000002,0
PAS,60,20240604,100000,35.1732,35.1732,35.1732,35.1732,36.925816025,0
PAS,60,20240604,120000,35.1732,35.1732,35.1732,35.1732,99.91691395000001,0
PAS,60,20240604,140000,35.5415,35.8178,35.5415,35.8178,54.302670625000005,0
PAS,60,20240604,170000,35.8178,35.8178,35.8178,35.8178,70.59347181250001,0
PAS,60,20240605,100000,35.9098,35.9098,35.8178,35.9098,131.4124629125,0
PAS,60,20240605,110000,35.9098,35.9098,35.9098,35.9098,456.14243325,0
PAS,60,20240605,140000,35.9098,35.9098,35.9098,35.9098,444.1958457125,0
PAS,60,20240605,150000,35.9098,36.4623,35.6336,36.4623,117.29376855000001,0
PAS,60,20240605,160000,36.4623,36.5544,36.4623,36.5544,23.893175075000002,0
PAS,60,20240606,120000,36.7385,36.7385,36.094,36.094,60.818991100000005,0
PAS,60,20240606,130000,36.2781,36.2781,36.094,36.2781,4.34421365,0
PAS,60,20240606,140000,36.094,36.1861,36.094,36.1861,111.8635014875,0
PAS,60,20240606,160000,36.1861,36.1861,35.9098,35.9098,920.9732938000001,0
PAS,60,20240606,170000,35.9098,35.9098,34.8049,34.8049,167.25222552500003,0
PAS,60,20240607,100000,35.8178,36.7385,35.8178,36.094,216.1246290875,0
PAS,60,20240607,120000,36.094,36.094,36.094,36.094,5.4302670625000005,0
PAS,60,20240607,140000,35.9098,35.9098,35.8178,35.8178,49.958456975000004,0
PAS,60,20240610,100000,35.7257,35.7257,35.7257,35.7257,15.204747775000001,0
PAS,60,20240610,110000,35.7257,35.7257,35.7257,35.7257,78.1958457,0
PAS,60,20240610,120000,36.3702,36.3702,36.3702,36.3702,2.172106825,0
PAS,60,20240610,130000,36.3702,36.4623,36.3702,36.4623,17.3768546,0
PAS,60,20240610,140000,36.4623,36.8306,36.4623,36.8306,137.9287833875,0
PAS,60,20240610,150000,37.1989,37.1989,37.1989,37.1989,4.34421365,0
PAS,60,20240610,170000,36.8306,36.8306,34.9891,36.7385,166.16617211250002,0
PAS,60,20240611,100000,36.7385,36.7385,36.7385,36.7385,7.602373887500001,0
PAS,60,20240611,110000,36.4623,36.7385,36.4623,36.7385,190.0593471875,0
PAS,60,20240611,170000,36.5544,36.5544,36.5544,36.5544,59.732937687500005,0
PAS,60,20240612,100000,35.2653,35.2653,35.2653,35.2653,43.442136500000004,0
PAS,60,20240612,110000,35.2653,35.2653,35.2653,35.2653,1.0860534125,0
PAS,60,20240612,170000,36.4623,36.8306,36.4623,36.7385,243.2759644,0
PAS,60,20240613,100000,35.2653,36.5544,35.2653,36.5544,11.9465875375,0
PAS,60,20240613,110000,36.5544,36.5544,36.5544,36.5544,14.118694362500001,0
PAS,60,20240613,120000,36.5544,36.5544,36.5544,36.5544,31.495548962500003,0
PAS,60,20240613,160000,36.6464,36.8306,36.094,36.094,109.69139466250002,0
PAS,60,20240613,170000,35.2653,35.2653,35.2653,35.2653,22.807121662500002,0
PAS,60,20240614,110000,35.0811,35.0811,34.8049,34.8049,183.54302671250002,0
PAS,60,20240614,140000,34.8049,34.8049,34.8049,34.8049,162.908011875,0
PAS,60,20240614,150000,34.7128,34.7128,34.6208,34.6208,54.302670625000005,0
PAS,60,20240617,100000,34.897,34.897,34.8049,34.897,45.614243325000004,0
PAS,60,20240617,110000,34.897,34.9891,34.897,34.9891,61.905044512500005,0
PAS,60,20240617,120000,34.9891,34.9891,34.9891,34.9891,66.24925816250001,0
PAS,60,20240617,140000,35.8178,35.8178,35.8178,35.8178,3.2581602375000003,0
PAS,60,20240617,170000,34.9891,35.6336,34.9891,35.6336,284.545994075,0
PAS,60,20240618,110000,35.5415,35.5415,35.5415,35.5415,7.602373887500001,0
PAS,60,20240618,120000,35.5415,35.5415,35.5415,35.5415,6.516320475000001,0
PAS,60,20240618,150000,35.5415,35.5415,35.5415,35.5415,42.356083087500004,0
PAS,60,20240618,160000,35.5415,35.5415,35.5415,35.5415,3.2581602375000003,0
PAS,60,20240619,100000,35.5415,35.5415,35.5415,35.5415,5.4302670625000005,0
PAS,60,20240619,110000,35.9098,36.0019,35.9098,36.0019,43.442136500000004,0
PAS,60,20240619,170000,34.9891,35.0811,34.1604,34.3445,152.04747775,0
PAS,60,20240620,100000,34.2525,34.2525,33.8842,33.8842,314.955489625,0
PAS,60,20240620,110000,34.1604,34.1604,33.8842,33.8842,166.16617211250002,0
PAS,60,20240620,120000,33.8842,33.9762,33.8842,33.9762,144.4451038625,0
PAS,60,20240620,130000,33.9762,34.0683,30.8456,32.9634,561.4896142625,0
PAS,60,20240620,140000,33.0555,33.8842,32.9634,33.8842,293.234421375,0
PAS,60,20240620,150000,33.8842,34.0683,33.8842,34.0683,44.5281899125,0
PAS,60,20240620,160000,33.9762,34.2525,33.7,34.2525,58.646884275000005,0
PAS,60,20240621,100000,33.1475,34.6208,32.6872,34.6208,144.4451038625,0
PAS,60,20240621,130000,34.0683,34.0683,34.0683,34.0683,22.8071216625,0
PAS,60,20240621,140000,33.6079,33.6079,33.6079,33.6079,38.0118694375,0
PAS,60,20240621,170000,33.8842,33.8842,33.8842,33.8842,74.93768546250001,0
PAS,60,20240624,100000,34.0683,34.0683,34.0683,34.0683,112.9495549,0
PAS,60,20240624,110000,33.8842,33.8842,33.8842,33.8842,90.1424332375,0
PAS,60,20240624,170000,33.8842,33.8842,33.6079,33.6079,418.1305638125,0
PAS,60,20240625,100000,34.0683,34.0683,34.0683,34.0683,1.0860534125,0
PAS,60,20240625,110000,34.0683,34.8049,34.0683,34.8049,73.85163205,0
PAS,60,20240625,120000,34.5287,34.5287,34.4366,34.4366,162.908011875,0
PAS,60,20240625,140000,34.7128,34.8049,34.7128,34.8049,104.26112760000001,0
PAS,60,20240625,150000,34.8049,34.8049,34.8049,34.8049,349.709198825,0
PAS,60,20240625,160000,34.3445,34.3445,33.1475,33.1475,108.60534125000001,0
PAS,60,20240626,100000,33.2396,34.4366,33.2396,34.4366,24.9792284875,0
PAS,60,20240626,110000,34.4366,34.5287,34.4366,34.4366,60.8189911,0
PAS,60,20240627,120000,33.5158,34.1604,33.3317,34.0683,40.1839762625,0
PAS,60,20240627,130000,34.0683,34.0683,34.0683,34.0683,54.302670625000005,0
PAS,60,20240627,140000,34.1604,34.4366,33.2396,34.4366,110.777448075,0
PAS,60,20240627,150000,34.4366,34.4366,34.4366,34.4366,23.893175075000002,0
PAS,60,20240627,170000,34.4366,34.4366,33.6079,33.6079,116.2077151375,0
PAS,60,20240628,100000,34.4366,34.4366,34.4366,34.4366,2.172106825,0
PAS,60,20240628,110000,34.4366,34.4366,34.4366,34.4366,6.516320475000001,0
PAS,60,20240628,120000,34.2525,34.4366,34.2525,34.4366,42.356083087500004,0
PAS,60,20240628,150000,34.3445,34.4366,34.3445,34.4366,11.946587537500001,0
PAS,60,20240628,160000,33.8842,33.8842,33.8842,33.8842,162.908011875,0
PAS,60,20240628,170000,34.4366,34.4366,34.4366,34.4366,1.0860534125,0
PAS,60,20240701,100000,34.8049,34.8049,34.7128,34.7128,109.6913946625,0
PAS,60,20240701,110000,34.7128,34.7128,34.6208,34.6208,26.065281900000002,0
PAS,60,20240701,120000,34.6208,34.7128,33.6079,34.7128,165.0801187,0
PAS,60,20240701,130000,33.8842,34.3445,33.8842,34.3445,33.6676557875,0
PAS,60,20240701,140000,34.3445,34.3445,34.3445,34.3445,21.721068250000002,0
PAS,60,20240701,150000,34.0683,34.7128,34.0683,34.7128,98.8308605375,0
PAS,60,20240701,160000,34.7128,34.7128,34.0683,34.6208,64.0771513375,0
PAS,60,20240701,170000,34.0683,34.0683,34.0683,34.0683,13.032640950000001,0
PAS,60,20240702,100000,34.0683,34.5287,34.0683,34.5287,120.5519287875,0
PAS,60,20240702,120000,34.3445,34.5287,34.3445,34.3445,124.8961424375,0
PAS,60,20240702,130000,34.5287,34.6208,34.5287,34.6208,163.9940652875,0
PAS,60,20240702,140000,34.6208,34.6208,34.6208,34.6208,45.614243325000004,0
PAS,60,20240702,160000,34.3445,34.3445,34.0683,34.0683,162.908011875,0
PAS,60,20240703,100000,34.6208,34.6208,34.0683,34.6208,610.362017825,0
PAS,60,20240703,110000,34.6208,34.6208,34.6208,34.6208,1.0860534125,0
PAS,60,20240703,120000,34.6208,34.6208,34.5287,34.5287,168.3382789375,0
PAS,60,20240703,130000,34.5287,34.5287,34.0683,34.0683,109.6913946625,0
PAS,60,20240703,140000,34.5287,34.5287,34.5287,34.5287,43.442136500000004,0
PAS,60,20240703,150000,34.0683,34.0683,34.0683,34.0683,6.516320475000001,0
PAS,60,20240703,160000,34.0683,34.6208,33.1475,34.6208,570.1780415625,0
PAS,60,20240703,170000,34.6208,34.6208,34.6208,34.6208,2.172106825,0
PAS,60,20240704,100000,34.6208,34.6208,34.6208,34.6208,242.1899109875,0
PAS,60,20240704,110000,34.2525,34.2525,34.2525,34.2525,10.860534125000001,0
PAS,60,20240704,120000,34.2525,34.6208,34.2525,34.6208,564.7477745,0
PAS,60,20240704,130000,34.5287,34.6208,34.2525,34.2525,163.9940652875,0
PAS,60,20240704,140000,34.6208,34.7128,34.6208,34.7128,108.60534125000001,0
PAS,60,20240704,150000,34.7128,34.8049,34.7128,34.8049,56.474777450000005,0
PAS,60,20240704,160000,34.8049,34.897,34.8049,34.897,174.8545994125,0
PAS,60,20240704,170000,34.4366,34.4366,33.7,33.7,2850.8902078125,0
PAS,60,20240705,100000,34.5,34.5,33,33.5,403,0
PAS,60,20240705,110000,33.5,33.9,32.2,32.2,923,0
PAS,60,20240705,120000,33.5,33.5,32.1,33.5,840,0
PAS,60,20240705,130000,33.3,33.4,33.3,33.4,15,0
PAS,60,20240705,140000,33.2,33.2,32.5,32.5,57,0
PAS,60,20240705,150000,32.9,32.9,32.9,32.9,250,0
PAS,60,20240705,160000,32.4,32.5,32.3,32.5,50,0
PAS,60,20240705,170000,32.4,33.4,32.3,33.4,311,0
PAS,60,20240708,100000,33.4,33.4,33.4,33.4,1,0
PAS,60,20240708,110000,33.4,33.4,33.4,33.4,3,0
PAS,60,20240708,130000,33.4,33.4,33.4,33.4,1,0
PAS,60,20240708,150000,33,33,33,33,101,0
PAS,60,20240708,170000,32.3,32.3,32.3,32.3,40,0
PAS,60,20240709,100000,32.2,32.3,32,32,248,0
PAS,60,20240709,110000,32,32.3,32,32.3,81,0
PAS,60,20240709,120000,32,32,31.9,32,229,0
PAS,60,20240709,130000,32,32,32,32,166,0
PAS,60,20240709,140000,32,32,32,32,5,0
PAS,60,20240709,150000,32,32,32,32,20,0
PAS,60,20240709,160000,32,32,32,32,17,0
PAS,60,20240709,170000,32,32,30,31,681,0
PAS,60,20240710,100000,29.2,31.6,29.2,31.2,137,0
PAS,60,20240710,110000,31.2,31.2,31.1,31.1,21,0
PAS,60,20240710,120000,31.2,31.2,31.2,31.2,38,0
PAS,60,20240710,130000,30.9,30.9,30.9,30.9,1,0
PAS,60,20240710,150000,30.9,30.9,30.9,30.9,1,0
PAS,60,20240710,160000,30.8,30.8,30.7,30.7,14,0
PAS,60,20240710,170000,30.7,30.7,30.5,30.5,62,0
PAS,60,20240711,100000,30.9,30.9,29.7,29.9,57,0
PAS,60,20240711,110000,29.8,30.2,29.5,29.8,846,0
PAS,60,20240711,120000,29.5,29.8,29.4,29.8,44,0
PAS,60,20240711,130000,29.8,29.8,29.6,29.8,61,0
PAS,60,20240711,140000,29.9,29.9,29.9,29.9,200,0
PAS,60,20240711,150000,29.7,29.7,29.6,29.6,32,0
PAS,60,20240711,160000,29.9,29.9,29.9,29.9,136,0
PAS,60,20240711,170000,29.7,29.7,29.6,29.6,45,0
PAS,60,20240712,100000,29.7,29.7,29.7,29.7,1,0
PAS,60,20240712,120000,29.7,29.7,29.4,29.4,159,0
PAS,60,20240712,130000,29.4,29.4,29.4,29.4,40,0
PAS,60,20240712,150000,29.5,29.5,29.5,29.5,23,0
PAS,60,20240712,170000,29.9,29.9,29.9,29.9,154,0
PAS,60,20240715,110000,30,30,30,30,24,0
PAS,60,20240715,120000,29.9,30,29.9,30,76,0
PAS,60,20240715,130000,30,30,29.9,29.9,21,0
PAS,60,20240715,150000,29.9,29.9,29.9,29.9,10,0
PAS,60,20240715,170000,29.9,29.9,29.9,29.9,50,0
PAS,60,20240716,100000,29.9,29.9,29.9,29.9,38,0
PAS,60,20240716,120000,29.6,29.6,29.5,29.5,71,0
PAS,60,20240716,150000,29.8,29.9,29.8,29.9,250,0
PAS,60,20240716,160000,29.9,29.9,28.5,28.5,494,0
PAS,60,20240716,170000,29.4,29.4,29.4,29.4,21,0
PAS,60,20240717,100000,29.4,29.4,29.4,29.4,1,0
PAS,60,20240717,110000,28.4,28.9,28.1,28.8,184,0
PAS,60,20240717,120000,28.7,28.8,28.7,28.8,15,0
PAS,60,20240717,130000,28.8,28.8,28.8,28.8,2,0
PAS,60,20240717,150000,28.2,28.2,27.1,27.9,357,0
PAS,60,20240717,160000,27.4,27.8,27.4,27.8,230,0
PAS,60,20240717,170000,27.6,27.6,27.5,27.5,201,0
PAS,60,20240718,100000,27.6,28.1,27.6,28.1,22,0
PAS,60,20240718,110000,27.6,27.6,27,27,200,0
PAS,60,20240718,120000,27,27,25,26.3,773,0
PAS,60,20240718,130000,26.3,26.4,26.3,26.4,177,0
PAS,60,20240718,140000,26.4,26.4,26.2,26.2,96,0
PAS,60,20240718,150000,26.4,26.4,26.4,26.4,39,0
PAS,60,20240718,160000,26.4,26.4,26.3,26.3,12,0
PAS,60,20240718,170000,26.3,26.3,26,26,408,0
PAS,60,20240719,100000,26,26,26,26,40,0
PAS,60,20240719,110000,26.3,26.3,25,25,152,0
PAS,60,20240719,120000,25.8,25.8,25.8,25.8,1,0
PAS,60,20240719,130000,25.8,26.4,25.8,26.4,379,0
PAS,60,20240719,170000,25.6,26.9,25.6,26.9,304,0
PAS,60,20240722,100000,25.6,25.6,25.6,25.6,30,0
PAS,60,20240722,120000,26,26,26,26,64,0
PAS,60,20240722,130000,26,26,25.9,26,136,0
PAS,60,20240722,140000,26,26,26,26,15,0
PAS,60,20240722,170000,25.9,25.9,25.9,25.9,45,0
PAS,60,20240723,110000,25.9,26,25.9,26,14,0
PAS,60,20240723,120000,26,26,26,26,50,0
PAS,60,20240723,140000,26,26.1,26,26.1,13,0
PAS,60,20240723,170000,25.9,25.9,25.9,25.9,35,0
PAS,60,20240724,130000,25.9,26,25.9,26,5,0
PAS,60,20240724,170000,25.8,25.8,25.8,25.8,1,0
PAS,60,20240725,100000,25.9,25.9,25.9,25.9,10,0
PAS,60,20240725,110000,25.7,25.8,25.7,25.8,24,0
PAS,60,20240725,130000,25.8,25.8,25.8,25.8,6,0
PAS,60,20240725,150000,25.8,25.9,25.8,25.9,13,0
PAS,60,20240725,160000,25.9,26,25.8,25.9,190,0
PAS,60,20240726,100000,25.9,25.9,25.7,25.7,78,0
PAS,60,20240726,140000,25.9,26.4,25.9,26.4,430,0
PAS,60,20240726,150000,26.4,26.6,26.4,26.6,25,0
PAS,60,20240729,110000,26.4,26.4,26.4,26.4,1,0
PAS,60,20240729,120000,26.3,26.3,26,26,100,0
PAS,60,20240729,130000,26.4,26.4,26.4,26.4,1,0
PAS,60,20240730,160000,26.4,26.4,26.4,26.4,1,0
PAS,60,20240731,100000,26.2,26.2,26.2,26.2,2,0
PAS,60,20240731,110000,25.9,25.9,24.9,25.5,436,0
PAS,60,20240731,120000,25.5,25.5,25.5,25.5,5,0
PAS,60,20240731,130000,25.5,25.5,25.5,25.5,2,0
PAS,60,20240731,140000,25,25,24.9,24.9,383,0
PAS,60,20240731,170000,24.8,25,24.6,25,74,0
PAS,60,20240801,100000,24.9,24.9,24.7,24.8,5,0
PAS,60,20240801,110000,24.7,24.7,24.6,24.7,52,0
PAS,60,20240801,120000,24.6,24.7,24.6,24.6,101,0
PAS,60,20240801,130000,24.6,24.9,24.6,24.9,131,0
PAS,60,20240801,140000,24.9,24.9,24.9,24.9,1,0
PAS,60,20240801,150000,24.9,24.9,24.9,24.9,100,0
PAS,60,20240802,100000,24.8,24.8,24.8,24.8,6,0
PAS,60,20240802,110000,24.8,24.8,24.8,24.8,1,0
PAS,60,20240802,140000,24.6,24.7,24.6,24.7,2,0
PAS,60,20240802,150000,24.5,24.6,24.5,24.6,13,0
PAS,60,20240805,100000,24.2,24.5,24,24,29,0
PAS,60,20240805,120000,24.4,24.4,24.1,24.1,91,0
PAS,60,20240805,130000,24,24,24,24,10,0
PAS,60,20240805,150000,24,24,23.6,23.6,100,0
PAS,60,20240805,160000,23.9,23.9,23.5,23.5,124,0
PAS,60,20240805,170000,23.7,23.7,23,23.4,11,0
PAS,60,20240806,100000,23.5,23.5,23.5,23.5,8,0
PAS,60,20240806,110000,23.5,23.5,23.5,23.5,5,0
PAS,60,20240806,120000,23.3,23.3,23,23,20,0
PAS,60,20240806,150000,23.1,23.1,23,23,40,0
PAS,60,20240806,170000,23.5,23.5,22,22,118,0
PAS,60,20240807,100000,22.4,22.4,22.4,22.4,3,0
PAS,60,20240807,110000,22.4,22.4,22.4,22.4,21,0
PAS,60,20240807,120000,22.6,22.6,22,22,105,0
PAS,60,20240807,130000,22.7,22.7,22.7,22.7,22,0
PAS,60,20240807,140000,22.7,22.7,22.7,22.7,42,0
PAS,60,20240807,150000,22.6,22.6,22.5,22.5,3,0
PAS,60,20240807,170000,22.6,22.6,22.6,22.6,17,0
PAS,60,20240808,100000,22.4,22.4,22.4,22.4,6,0
PAS,60,20240808,120000,22.4,22.4,22.4,22.4,1,0
PAS,60,20240809,100000,22.1,22.7,22.1,22.7,106,0
PAS,60,20240809,110000,22.8,22.8,22.8,22.8,5,0
PAS,60,20240809,120000,22.8,22.8,22.8,22.8,5,0
PAS,60,20240809,150000,22.8,22.9,22.8,22.9,286,0
PAS,60,20240812,100000,22.9,22.9,22.8,22.9,67,0
PAS,60,20240812,110000,22.9,22.9,22.9,22.9,47,0
PAS,60,20240812,130000,23.4,23.4,23.4,23.4,1,0
PAS,60,20240812,140000,23.4,23.4,23.4,23.4,1,0
PAS,60,20240812,150000,23.4,23.5,23.4,23.5,28,0
PAS,60,20240812,170000,23.7,23.8,23.7,23.8,51,0
PAS,60,20240813,110000,23.8,23.9,23.8,23.9,23,0
PAS,60,20240813,140000,23.5,23.5,23.5,23.5,65,0
PAS,60,20240813,160000,23.7,23.7,23.7,23.7,1,0
PAS,60,20240813,170000,23.7,23.7,23.7,23.7,20,0
PAS,60,20240814,100000,23.9,23.9,23.9,23.9,6,0
PAS,60,20240814,110000,23.5,23.5,23.5,23.5,78,0
PAS,60,20240814,120000,23.3,23.3,23.2,23.2,22,0
PAS,60,20240814,130000,23.9,23.9,23.9,23.9,1,0
PAS,60,20240814,150000,23.9,23.9,23.9,23.9,25,0
PAS,60,20240814,170000,23.9,24,23.9,24,40,0
PAS,60,20240816,100000,24,24,24,24,5,0
PAS,60,20240816,110000,23.8,23.8,23.8,23.8,1,0
PAS,60,20240816,130000,24,26,24,25.8,684,0
PAS,60,20240816,140000,25.8,25.8,25.1,25.1,33,0
PAS,60,20240816,150000,25.1,26,25,26,370,0
PAS,60,20240816,170000,25.4,25.4,25.4,25.4,17,0
PAS,60,20240819,100000,25,25,25,25,600,0
PAS,60,20240819,110000,24.9,26,24.9,26,103,0
PAS,60,20240819,130000,25.9,25.9,25.9,25.9,5,0
PAS,60,20240819,150000,25.9,25.9,25.9,25.9,3,0
PAS,60,20240820,110000,25.3,25.3,25.3,25.3,5,0
PAS,60,20240821,130000,25.3,25.3,25,25,12,0
PAS,60,20240821,140000,25,25,25,25,88,0
PAS,60,20240822,110000,24.9,24.9,24.9,24.9,10,0
PAS,60,20240822,120000,24.7,24.7,24.4,24.4,68,0
PAS,60,20240822,130000,24.9,25.5,24.9,25.5,172,0
PAS,60,20240822,170000,24.6,24.6,24.6,24.6,4,0
PAS,60,20240823,100000,25.4,25.4,25.4,25.4,2,0
PAS,60,20240823,170000,24.5,24.5,24.4,24.4,196,0
PAS,60,20240826,100000,24.9,24.9,24.9,24.9,2,0
PAS,60,20240827,110000,24.5,24.5,24.4,24.4,32,0
PAS,60,20240827,130000,24.5,24.5,24.5,24.5,1,0
PAS,60,20240827,140000,24.1,24.1,24,24,47,0
PAS,60,20240827,150000,23.9,23.9,23.7,23.7,28,0
PAS,60,20240827,160000,24,24,24,24,50,0
PAS,60,20240828,100000,23.9,23.9,23.9,23.9,1,0
PAS,60,20240828,110000,24,24,24,24,1,0
PAS,60,20240828,120000,24,24,24,24,3,0
PAS,60,20240829,100000,23.5,23.5,23.5,23.5,40,0
PAS,60,20240829,110000,23.5,23.5,23.5,23.5,3,0
PAS,60,20240829,130000,23.3,23.3,23.3,23.3,17,0
PAS,60,20240830,100000,23.3,23.3,23.3,23.3,3,0
PAS,60,20240830,110000,23.7,23.7,23.7,23.7,5,0
PAS,60,20240830,120000,23.7,23.9,23.7,23.9,15,0
PAS,60,20240830,130000,23.3,23.3,23.3,23.3,20,0
PAS,60,20240830,140000,23.9,24,23.9,24,4,0
PAS,60,20240830,170000,23.5,24,23.5,24,1136,0
PAS,60,20240902,110000,23.6,23.6,23.6,23.6,4,0
PAS,60,20240902,120000,24,24,24,24,5,0
PAS,60,20240902,170000,24.1,24.1,24.1,24.1,1,0
PAS,60,20240903,110000,24.1,24.1,24,24,23,0
PAS,60,20240903,120000,23.8,23.8,23.5,23.5,87,0
PAS,60,20240904,100000,24.1,24.1,24.1,24.1,1,0
PAS,60,20240904,130000,24.1,24.6,24.1,24.6,57,0
PAS,60,20240904,140000,24.6,24.7,23.7,24.7,161,0
PAS,60,20240904,160000,24.8,25.8,24.8,25.8,296,0
PAS,60,20240905,110000,24.9,24.9,24.9,24.9,5,0
PAS,60,20240905,120000,24.2,24.2,24.2,24.2,103,0
PAS,60,20240905,140000,24.4,24.4,24.4,24.4,23,0
PAS,60,20240905,160000,24.3,24.3,24.2,24.2,101,0
PAS,60,20240905,170000,24.4,24.4,24.4,24.4,56,0
PAS,60,20240906,100000,25.1,25.1,25.1,25.1,5,0
PAS,60,20240906,110000,24.9,25,24.9,25,80,0
PAS,60,20240906,160000,24.9,27.6,24.9,27.6,1465,0
PAS,60,20240906,170000,27.7,28.5,26.9,27,601,0
PAS,60,20240909,100000,26.8,26.8,25.2,25.2,126,0
PAS,60,20240909,120000,26,26,26,26,1,0
PAS,60,20240909,140000,25.6,25.6,25.2,25.6,274,0
PAS,60,20240910,100000,25.6,25.6,25,25,136,0
PAS,60,20240910,110000,24.9,24.9,24.5,24.5,118,0
PAS,60,20240910,120000,24.6,24.6,24.2,24.2,159,0
PAS,60,20240910,160000,24.8,24.8,24.8,24.8,70,0
PAS,60,20240911,100000,24.9,24.9,24.9,24.9,1,0
PAS,60,20240911,120000,24.9,25.7,24.4,25.5,149,0
PAS,60,20240911,130000,28.6,28.6,27.2,27.6,638,0
PAS,60,20240911,140000,27.6,27.6,26.6,26.6,25,0
PAS,60,20240911,150000,26.5,26.5,25.7,25.7,164,0
PAS,60,20240911,170000,25.7,25.7,25.7,25.7,28,0
PAS,60,20240912,130000,26,26,26,26,141,0
PAS,60,20240912,140000,26,26,26,26,75,0
PAS,60,20240912,160000,26,26.5,26,26.1,324,0
PAS,60,20240912,170000,26.2,26.2,26,26,608,0
PAS,60,20240913,120000,26.6,26.6,26.6,26.6,20,0
PAS,60,20240916,100000,26.5,26.5,26.5,26.5,52,0
PAS,60,20240916,140000,26.5,26.5,26.5,26.5,59,0
PAS,60,20240917,100000,26.7,26.7,26.7,26.7,7,0
PAS,60,20240917,110000,26.7,26.7,26.7,26.7,8,0
PAS,60,20240917,140000,26.7,26.7,26.7,26.7,2,0
PAS,60,20240918,100000,26.8,26.8,26.5,26.5,21,0
PAS,60,20240918,110000,26.5,26.5,26.5,26.5,100,0
PAS,60,20240918,140000,26.6,26.6,26.6,26.6,68,0
PAS,60,20240919,100000,26.6,26.6,26,26,388,0
PAS,60,20240919,110000,25.8,26.6,25.4,26.6,105,0
PAS,60,20240919,140000,26.6,26.6,26.6,26.6,20,0
PAS,60,20240919,170000,26.6,26.6,26.6,26.6,1,0
PAS,60,20240920,100000,25.3,25.3,25.3,25.3,1,0
PAS,60,20240920,130000,25.4,25.4,25.3,25.3,64,0
PAS,60,20240920,160000,26.5,26.5,26.5,26.5,1,0
PAS,60,20240923,100000,26.5,26.5,26.5,26.5,4,0
PAS,60,20240923,130000,26.8,26.8,26.8,26.8,1,0
PAS,60,20240923,150000,26.8,26.8,26.8,26.8,8,0
PAS,60,20240923,170000,25.3,25.3,25.2,25.2,100,0
PAS,60,20240924,100000,25.9,25.9,25.9,25.9,2,0
PAS,60,20240924,140000,25.8,25.8,25.8,25.8,10,0
PAS,60,20240924,160000,25.9,25.9,25.9,25.9,8,0
PAS,60,20240925,100000,25.3,26,25.3,26,135,0
PAS,60,20240925,110000,26,26,26,26,248,0
PAS,60,20240925,120000,26,26,26,26,646,0
PAS,60,20240925,130000,26.2,26.2,26.2,26.2,4,0
PAS,60,20240925,170000,26.5,26.6,26.5,26.6,10,0
PAS,60,20240926,120000,26.6,26.7,26.6,26.7,16,0
PAS,60,20240926,140000,27,27,27,27,2,0
PAS,60,20240926,150000,26.7,26.7,26.7,26.7,100,0
PAS,60,20240927,110000,26.8,27,26.8,27,253,0
PAS,60,20240927,150000,26.7,26.7,26.7,26.7,10,0
PAS,60,20240930,100000,26.7,27.9,26.7,27.9,346,0
PAS,60,20240930,120000,27.9,28,27.9,28,50,0
PAS,60,20240930,130000,27.8,27.8,27.8,27.8,10,0
PAS,60,20240930,140000,27.2,27.2,27,27,236,0
PAS,60,20240930,170000,26.9,26.9,26.9,26.9,1,0
PAS,60,20241001,100000,27.1,27.1,26.7,26.7,205,0
PAS,60,20241001,140000,27,27,27,27,50,0
PAS,60,20241001,150000,27,27,27,27,44,0
PAS,60,20241002,140000,27.2,27.2,27.2,27.2,10,0
PAS,60,20241003,110000,27.2,27.2,27,27,30,0
PAS,60,20241003,120000,26.8,26.8,26.7,26.7,44,0
PAS,60,20241003,130000,26.7,26.7,26.6,26.6,122,0
PAS,60,20241003,140000,26.6,26.6,26.2,26.2,300,0
PAS,60,20241004,110000,26.2,26.2,26.2,26.2,130,0
PAS,60,20241007,100000,26.3,26.3,26.3,26.3,15,0
PAS,60,20241007,110000,26.3,26.3,26.2,26.2,127,0
PAS,60,20241007,150000,26.2,26.2,25.7,25.7,100,0
PAS,60,20241007,170000,25.8,25.8,25.8,25.8,40,0
PAS,60,20241008,110000,26.3,26.3,26.3,26.3,5,0
PAS,60,20241008,130000,26,26,26,26,2,0
PAS,60,20241008,150000,25.9,25.9,25.9,25.9,20,0
PAS,60,20241009,100000,26.3,26.3,26.3,26.3,5,0
PAS,60,20241009,120000,26.2,26.3,26.2,26.3,141,0
PAS,60,20241009,130000,26.4,26.4,26.4,26.4,40,0
PAS,60,20241009,140000,26.3,26.3,26.3,26.3,200,0
PAS,60,20241010,100000,26.3,26.5,26.3,26.5,32,0
PAS,60,20241010,150000,26.5,26.5,26.5,26.5,4,0
PAS,60,20241011,100000,26,26,26,26,66,0
PAS,60,20241011,110000,26,26,26,26,50,0
PAS,60,20241011,120000,26,26.9,26,26.9,80,0
PAS,60,20241011,160000,26.1,26.1,26,26,50,0
PAS,60,20241014,100000,26.9,26.9,26.9,26.9,2,0
PAS,60,20241014,110000,26,26.1,26,26,148,0
PAS,60,20241014,120000,26,26,26,26,2,0
PAS,60,20241014,130000,26.8,26.8,26.8,26.8,3,0
PAS,60,20241014,140000,26.8,26.8,26.8,26.8,5,0
PAS,60,20241015,100000,26.8,26.9,26.8,26.9,15,0
PAS,60,20241015,120000,27,27,27,27,13,0
PAS,60,20241015,150000,27,27.9,27,27.9,99,0
PAS,60,20241015,170000,27.2,27.2,27.2,27.2,40,0
PAS,60,20241016,100000,27.2,27.2,27.2,27.2,5,0
PAS,60,20241016,110000,27.2,27.2,27.2,27.2,5,0
PAS,60,20241016,140000,27.2,27.2,27.2,27.2,4,0
PAS,60,20241017,100000,27,27,27,27,20,0
PAS,60,20241017,110000,27,27,27,27,4,0
PAS,60,20241017,140000,27,27,27,27,91,0
PAS,60,20241017,160000,26.8,26.8,26.8,26.8,100,0
PAS,60,20241017,170000,26.7,26.7,26.6,26.6,12,0
PAS,60,20241018,100000,26.6,26.6,26.6,26.6,6,0
PAS,60,20241018,110000,26.6,26.6,26.3,26.3,41,0
PAS,60,20241018,120000,26.7,26.7,26.7,26.7,5,0
PAS,60,20241018,130000,26.8,27.2,26.8,27.2,123,0
PAS,60,20241018,150000,27.2,27.2,27.2,27.2,30,0
PAS,60,20241018,160000,27.2,27.3,27.2,27.3,68,0
PAS,60,20241018,170000,27.4,27.6,27.4,27.6,30,0
PAS,60,20241021,100000,26.8,26.8,26.8,26.8,25,0
PAS,60,20241021,110000,26.8,26.8,26.8,26.8,11,0
PAS,60,20241022,100000,26.8,26.8,26,26,206,0
PAS,60,20241022,120000,26.7,27.9,26.7,27.9,237,0
PAS,60,20241023,100000,27,27,25.5,25.5,800,0
PAS,60,20241023,110000,25.8,26,24.3,26,1586,0
PAS,60,20241023,130000,26,26.3,26,26.3,81,0
PAS,60,20241023,140000,25.3,26.3,24.4,26.3,739,0
PAS,60,20241023,150000,25.7,25.7,25.7,25.7,3,0
PAS,60,20241023,160000,24.8,24.8,24.6,24.6,59,0
PAS,60,20241023,170000,24.6,25.3,24.3,25,1561,0
PAS,60,20241024,100000,24.7,26.2,24.6,26.2,224,0
PAS,60,20241024,110000,26.1,26.2,26.1,26.2,23,0
PAS,60,20241024,120000,26.2,26.2,26.2,26.2,80,0
PAS,60,20241024,140000,25.3,25.3,25.3,25.3,4,0
PAS,60,20241025,100000,25.3,26.2,24.1,24.1,293,0
PAS,60,20241025,120000,24.6,25.8,24.6,25.8,20,0
PAS,60,20241025,140000,25.6,25.6,25.6,25.6,2,0
PAS,60,20241025,150000,25.6,25.6,25.6,25.6,1,0
PAS,60,20241028,140000,25.8,26.3,25.8,26.3,195,0
PAS,60,20241028,170000,25.5,25.5,25.5,25.5,3,0
PAS,60,20241029,100000,25.5,25.5,25.3,25.5,342,0
PAS,60,20241029,120000,25.5,25.5,25.5,25.5,300,0
PAS,60,20241029,130000,25.5,25.5,24.2,24.2,500,0
PAS,60,20241029,160000,25,25,25,25,11,0
PAS,60,20241030,100000,25,25,25,25,10,0
PAS,60,20241030,110000,25,25,25,25,105,0
PAS,60,20241030,120000,25,25,24.2,24.2,250,0
PAS,60,20241030,150000,24.6,24.6,24.5,24.5,117,0
PAS,60,20241030,160000,24.5,24.5,24.4,24.4,143,0
PAS,60,20241030,170000,24.4,24.4,24.4,24.4,2,0
PAS,60,20241031,100000,24.4,24.4,23.3,24,545,0
PAS,60,20241031,120000,23.9,24.1,23.9,24.1,97,0
PAS,60,20241031,130000,24.1,24.1,24.1,24.1,1,0
PAS,60,20241031,140000,24.1,25,23.5,23.6,225,0
PAS,60,20241031,150000,24.1,24.1,24.1,24.1,1,0
PAS,60,20241031,160000,24.2,24.2,24.2,24.2,5,0
PAS,60,20241104,100000,24.4,25,24.4,25,242,0
PAS,60,20241104,110000,24.4,24.9,24.4,24.9,34,0
PAS,60,20241105,100000,24.1,24.8,23.8,24.8,125,0
PAS,60,20241105,140000,24.7,24.7,24.7,24.7,1,0
PAS,60,20241105,150000,24.7,25,24.7,25,118,0
PAS,60,20241106,160000,24.1,24.1,24.1,24.1,42,0
PAS,60,20241107,100000,24.1,24.9,24.1,24.9,61,0
PAS,60,20241107,160000,24.9,24.9,24.9,24.9,19,0
PAS,60,20241112,100000,24.9,24.9,24,24,44,0
PAS,60,20241112,130000,24.5,24.5,24.5,24.5,120,0
PAS,60,20241112,140000,24.5,24.5,24.5,24.5,6,0
PAS,60,20241112,160000,24,24.4,24,24.4,4,0
PAS,60,20241112,170000,24,24,24,24,3,0
PAS,60,20241113,100000,24,24,24,24,87,0
PAS,60,20241113,120000,24,24,24,24,13,0
PAS,60,20241113,140000,24,24,24,24,7,0
PAS,60,20241113,160000,23.8,23.8,23.8,23.8,20,0
PAS,60,20241113,170000,23.8,23.8,23.7,23.7,4,0
PAS,60,20241114,100000,23.7,23.7,23.7,23.7,21,0
PAS,60,20241114,120000,23.7,23.9,23.7,23.9,86,0
PAS,60,20241118,110000,24,24,23.9,24,26,0
PAS,60,20241118,120000,23.9,23.9,23.8,23.8,75,0
PAS,60,20241118,130000,23.8,23.8,23.8,23.8,40,0
PAS,60,20241118,150000,24.3,24.3,23.7,23.7,157,0
PAS,60,20241119,110000,24.2,24.2,24.2,24.2,2,0
PAS,60,20241119,140000,24.2,24.2,24.2,24.2,5,0
PAS,60,20241119,160000,24.2,24.2,24.2,24.2,6,0
PAS,60,20241119,170000,24.3,24.4,24.2,24.2,59,0
PAS,60,20241120,100000,24,24,23.9,23.9,10,0
PAS,60,20241120,110000,23.9,23.9,23.9,23.9,155,0
PAS,60,20241120,170000,24.2,24.4,24.2,24.4,93,0
PAS,60,20241121,100000,24.4,25,24.4,24.4,684,0
PAS,60,20241121,110000,24.9,24.9,24.9,24.9,11,0
PAS,60,20241121,120000,24.9,26.8,24.9,26.8,1763,0
PAS,60,20241121,130000,26.8,27,26.8,27,767,0
PAS,60,20241121,140000,27,27,26.1,26.1,150,0
PAS,60,20241121,150000,26.2,26.8,26.2,26.8,120,0
PAS,60,20241121,160000,26.7,26.9,26.7,26.9,259,0
PAS,60,20241121,170000,27.4,27.9,27.4,27.9,571,0
PAS,60,20241122,100000,27.9,27.9,26.5,27,74,0
PAS,60,20241122,110000,27,27,27,27,5,0
PAS,60,20241122,120000,26.7,26.7,26.7,26.7,7,0
PAS,60,20241122,130000,27,27,27,27,6,0
PAS,60,20241122,170000,27,27,27,27,161,0
PAS,60,20241125,100000,27.4,28.4,27.4,28.4,77,0
PAS,60,20241125,110000,28.2,28.2,28.2,28.2,35,0
PAS,60,20241125,120000,28.2,28.2,28.2,28.2,130,0
PAS,60,20241125,130000,28.6,28.8,28.2,28.2,652,0
PAS,60,20241125,140000,28.8,29,28.8,29,105,0
PAS,60,20241125,160000,28.5,28.5,28.5,28.5,5,0
PAS,60,20241125,170000,28.6,28.9,28.6,28.9,39,0
PAS,60,20241126,100000,29,29.2,28.5,29.2,395,0
PAS,60,20241126,120000,28.7,28.7,28.7,28.7,3,0
PAS,60,20241126,130000,28.7,30,28.7,29,677,0
PAS,60,20241126,140000,29.8,31.5,29.8,31.5,1410,0
PAS,60,20241126,150000,31.5,31.5,31.5,31.5,1,0
PAS,60,20241126,160000,31.4,31.9,30,31.9,1176,0
PAS,60,20241126,170000,32,32,29.7,30.8,888,0
PAS,60,20241127,100000,29.9,31.8,29.9,29.9,78,0
PAS,60,20241127,110000,30,30,29.6,29.6,536,0
PAS,60,20241127,120000,30.7,30.8,30.7,30.8,37,0
PAS,60,20241127,130000,29.7,29.7,28.2,29.2,495,0
PAS,60,20241127,140000,29.2,31.8,29.2,31.8,622,0
PAS,60,20241127,150000,30.5,30.5,29.6,29.6,302,0
PAS,60,20241127,170000,30,31.5,30,31.5,50,0
PAS,60,20241128,100000,31.5,31.5,31.5,31.5,1,0
PAS,60,20241128,140000,31.5,32,31.5,31.6,92,0
PAS,60,20241128,170000,30.6,30.6,30.6,30.6,101,0
PAS,60,20241129,100000,31.6,32.3,31.6,32.3,147,0
PAS,60,20241129,110000,32.2,32.5,32.2,32.5,50,0
PAS,60,20241129,120000,31.1,31.1,31,31,135,0
PAS,60,20241129,150000,32,32,32,32,135,0
PAS,60,20241129,160000,31.1,31.1,31.1,31.1,44,0
PAS,60,20241129,170000,32,32.4,31,31,1455,0
PAS,60,20241202,100000,32.3,32.3,31.3,31.3,22,0
PAS,60,20241202,110000,32.2,32.2,32.2,32.2,42,0
PAS,60,20241202,120000,32.1,32.1,32.1,32.1,80,0
PAS,60,20241202,130000,31.4,31.4,31.3,31.3,20,0
PAS,60,20241202,170000,32.2,32.9,31.5,32.7,677,0
PAS,60,20241203,100000,32.7,32.7,31.4,31.4,122,0
PAS,60,20241203,120000,31.3,31.3,31.3,31.3,10,0
PAS,60,20241203,130000,31,31,30.2,30.2,100,0
PAS,60,20241203,140000,31.1,31.1,31.1,31.1,1,0
PAS,60,20241203,170000,30.2,30.2,30.2,30.2,18,0
PAS,60,20241204,100000,31,31,30.9,30.9,15,0
PAS,60,20241204,110000,30.9,31.4,30.9,31.4,154,0
PAS,60,20241204,140000,31.1,31.1,31.1,31.1,69,0
PAS,60,20241204,150000,31.1,31.1,31.1,31.1,13,0
PAS,60,20241204,160000,31.1,31.1,31,31,379,0
PAS,60,20241205,130000,31,31,30.8,30.8,18,0
PAS,60,20241205,150000,30.8,30.8,30.8,30.8,2,0
PAS,60,20241205,160000,30.8,30.8,30.8,30.8,15,0
PAS,60,20241205,170000,30.8,30.8,30.8,30.8,32,0
PAS,60,20241206,100000,31.4,31.4,31.4,31.4,1,0
PAS,60,20241206,130000,30.6,30.6,30.5,30.5,20,0
PAS,60,20241206,160000,30.4,30.6,30.4,30.6,144,0
PAS,60,20241206,170000,31.2,32.2,31.2,32.2,177,0
PAS,60,20241209,100000,32,32,31,31,1451,0
PAS,60,20241209,110000,31,31,31,31,11,0
PAS,60,20241209,120000,31,31.4,31,31.4,54,0
PAS,60,20241209,130000,31.8,31.8,31.8,31.8,200,0
PAS,60,20241209,150000,31.8,31.9,31.2,31.2,132,0
PAS,60,20241210,100000,31.1,32.2,31.1,32.2,62,0
PAS,60,20241210,110000,32.2,32.4,32.2,32.4,121,0
PAS,60,20241210,120000,32.4,32.4,32.4,32.4,16,0
PAS,60,20241210,130000,32.5,32.5,32.4,32.5,25,0
PAS,60,20241210,140000,32.5,32.5,32.5,32.5,15,0
PAS,60,20241210,150000,32.4,32.4,32.4,32.4,30,0
PAS,60,20241210,170000,32.3,32.9,32,32,1489,0
PAS,60,20241211,120000,31.7,31.7,31.5,31.5,42,0
PAS,60,20241211,130000,31.5,31.5,31.1,31.1,110,0
PAS,60,20241211,140000,31.1,31.5,31.1,31.5,108,0
PAS,60,20241211,170000,31.1,31.1,31.1,31.1,45,0
PAS,60,20241212,100000,31.5,31.5,31.5,31.5,1,0
PAS,60,20241212,130000,31.8,31.8,31.8,31.8,1,0
PAS,60,20241212,160000,31.5,31.5,30.9,30.9,45,0
PAS,60,20241212,170000,31.1,31.1,30.4,30.4,200,0
PAS,60,20241213,100000,30.4,30.4,29,29,300,0
PAS,60,20241213,110000,30.7,31,30.7,31,55,0
PAS,60,20241213,130000,29.6,29.6,29.6,29.6,7,0
PAS,60,20241213,140000,29.5,29.6,29.5,29.6,82,0
PAS,60,20241213,150000,29.6,29.6,29,29,191,0
PAS,60,20241213,160000,29,29,29,29,10,0
PAS,60,20241216,100000,29,30.5,29,30.5,342,0
PAS,60,20241216,130000,29.3,29.3,29.2,29.2,175,0
PAS,60,20241216,140000,29.3,29.3,29.2,29.2,41,0
PAS,60,20241217,100000,30.1,30.1,30.1,30.1,3,0
PAS,60,20241217,140000,29.4,29.4,29,29,1129,0
PAS,60,20241218,110000,30.1,30.1,30.1,30.1,14,0
PAS,60,20241218,140000,30,30,30,30,3,0
PAS,60,20241218,160000,29.2,29.2,29.2,29.2,62,0
PAS,60,20241218,170000,29.9,29.9,29.9,29.9,10,0
PAS,60,20241219,100000,30,30,30,30,60,0
PAS,60,20241219,140000,29.3,29.3,29.3,29.3,180,0
PAS,60,20241219,170000,29.1,29.1,28.6,28.6,451,0
PAS,60,20241220,100000,29.8,30.4,29.8,30.4,50,0
PAS,60,20241220,120000,29.2,29.2,29,29,42,0
PAS,60,20241220,130000,28.8,28.8,28,28,333,0
PAS,60,20241220,150000,28,29,28,29,6755,0
PAS,60,20241223,100000,29.1,29.1,29.1,29.1,5,0
PAS,60,20241223,130000,28.2,28.2,28.2,28.2,2,0
PAS,60,20241223,150000,28.2,28.2,28,28,39,0
PAS,60,20241223,160000,28,29,28,29,11,0
PAS,60,20241223,170000,29,29,29,29,40,0
PAS,60,20241227,100000,29,29,29,29,1,0
PAS,60,20241227,110000,28,28,27.5,28,51,0
PAS,60,20241227,130000,28,28,28,28,17,0
PAS,60,20241227,140000,28,28.4,28,28.4,136,0
PAS,60,20241227,160000,28,28.5,28,28.5,32,0
PAS,60,20241230,100000,28.5,28.6,27.5,28.6,247,0
PAS,60,20241230,150000,28.6,29,28.6,29,200,0
PAS,60,20241230,170000,27.6,27.6,27.6,27.6,10,0
PAS,60,20250102,100000,29,30,28.8,29.9,110,0
PAS,60,20250102,120000,29.9,30.2,29.9,30.2,509,0
PAS,60,20250102,130000,30.2,31,30.2,31,252,0
PAS,60,20250102,140000,30,31,30,31,84,0
PAS,60,20250102,150000,30.8,31,30.8,31,233,0
PAS,60,20250102,160000,31,31,31,31,234,0
PAS,60,20250103,100000,31.3,31.4,31.3,31.4,31,0
PAS,60,20250103,110000,31.4,31.8,31.4,31.8,70,0
PAS,60,20250103,120000,31.5,31.8,31.5,31.8,128,0
PAS,60,20250103,150000,31.8,32,31.8,32,266,0
PAS,60,20250103,160000,32,33.2,32,33.2,333,0
PAS,60,20250103,170000,33.7,33.9,33.5,33.5,311,0
PAS,60,20250107,100000,33.9,34.5,33.5,33.5,357,0
PAS,60,20250107,110000,34.7,35,34.7,35,193,0
PAS,60,20250107,120000,35,35.5,35,35.4,296,0
PAS,60,20250107,130000,35.4,35.4,35.2,35.2,156,0
PAS,60,20250107,140000,35.2,35.2,35,35,20,0
PAS,60,20250107,150000,35,35,35,35,111,0
PAS,60,20250107,170000,34.9,34.9,34.9,34.9,16,0
PAS,60,20250108,100000,34.9,34.9,33.7,33.7,347,0
PAS,60,20250108,110000,33.5,33.7,32.4,33.7,187,0
PAS,60,20250108,120000,32.8,33,32.8,32.8,96,0
PAS,60,20250108,130000,33.1,33.1,33,33,40,0
PAS,60,20250108,150000,33.5,33.5,32.9,32.9,165,0
PAS,60,20250108,170000,33.5,33.6,33.5,33.6,24,0
PAS,60,20250109,100000,33.1,34.3,33.1,34.3,175,0
PAS,60,20250109,110000,34.4,34.8,34.4,34.5,99,0
PAS,60,20250109,120000,34,34,34,34,90,0
PAS,60,20250109,130000,33.6,33.8,33.5,33.8,81,0
PAS,60,20250109,150000,33.5,33.5,33.4,33.4,36,0
PAS,60,20250109,160000,33.5,33.5,32.2,33.5,412,0
PAS,60,20250109,170000,32.7,33.5,32.6,33.5,47,0
PAS,60,20250110,100000,33.4,33.4,33.4,33.4,25,0
PAS,60,20250110,120000,33.2,33.2,33.2,33.2,21,0
PAS,60,20250110,130000,33.2,33.2,33.2,33.2,2,0
PAS,60,20250110,140000,33.2,33.2,33.2,33.2,1,0
PAS,60,20250110,150000,32.8,33,32.4,33,209,0
PAS,60,20250110,170000,33.4,33.4,33.4,33.4,50,0
PAS,60,20250113,100000,32.5,32.5,32.2,32.2,95,0
PAS,60,20250113,120000,33.2,33.2,33.2,33.2,10,0
PAS,60,20250113,130000,32.9,32.9,32.2,32.2,286,0
PAS,60,20250113,140000,33.1,33.2,33.1,33.2,24,0
PAS,60,20250113,150000,32.3,32.3,32,32,70,0
PAS,60,20250113,160000,31.8,33,31,31,167,0
PAS,60,20250114,100000,32.7,32.7,32,32.7,28,0
PAS,60,20250114,110000,32.7,32.7,32.7,32.7,1,0
PAS,60,20250114,120000,32.5,32.5,32.5,32.5,152,0
PAS,60,20250114,140000,32.5,32.5,32.5,32.5,15,0
PAS,60,20250114,150000,32.7,33.7,32.7,33.7,264,0
PAS,60,20250114,160000,33.5,33.5,33,33,1000,0
PAS,60,20250114,170000,33.5,33.5,33.5,33.5,8,0
PAS,60,20250115,100000,33,33.6,33,33.5,175,0
PAS,60,20250115,110000,33,33,32.5,32.5,50,0
PAS,60,20250115,120000,32.5,32.5,32.5,32.5,9,0
PAS,60,20250115,130000,32.5,33.1,32.5,33.1,7,0
PAS,60,20250115,160000,32.4,32.4,32,32,103,0
PAS,60,20250115,170000,31.8,32.6,31.6,32.6,55,0
PAS,60,20250116,100000,32.5,32.6,32.5,32.6,23,0
PAS,60,20250116,110000,32.6,32.6,32.6,32.6,1,0
PAS,60,20250116,130000,32.4,32.4,32.4,32.4,32,0
PAS,60,20250116,150000,32.4,32.5,32.4,32.5,40,0
PAS,60,20250116,160000,32,32.2,32,32.2,261,0
PAS,60,20250117,100000,32.2,32.2,32.2,32.2,51,0
PAS,60,20250117,130000,31.1,31.1,31.1,31.1,70,0
PAS,60,20250117,140000,31.1,31.1,31,31,320,0
PAS,60,20250117,160000,31,31,30.8,30.8,432,0
PAS,60,20250117,170000,30.8,31,30.8,31,75,0
PAS,60,20250120,100000,31,31,31,31,2,0
PAS,60,20250120,110000,30.3,32.4,30.1,32.1,1200,0
PAS,60,20250120,120000,32,32,32,32,84,0
PAS,60,20250120,140000,31.1,31.1,31.1,31.1,125,0
PAS,60,20250120,160000,31.1,31.1,31,31,175,0
PAS,60,20250120,170000,31,31,30.9,30.9,130,0
PAS,60,20250121,100000,31.6,31.9,31.5,31.6,95,0
PAS,60,20250121,110000,31.4,31.5,31.4,31.5,12,0
PAS,60,20250121,120000,31.4,31.4,31.4,31.4,29,0
PAS,60,20250121,140000,31,31,30.2,30.2,367,0
PAS,60,20250121,160000,30.5,30.5,30.5,30.5,2,0
PAS,60,20250122,100000,31.1,33.9,31.1,33.9,627,0
PAS,60,20250122,110000,33.9,33.9,33.8,33.8,61,0
PAS,60,20250122,130000,32.6,32.6,32.6,32.6,39,0
PAS,60,20250122,140000,32.5,32.5,32.5,32.5,31,0
PAS,60,20250122,160000,32.6,32.6,32.6,32.6,20,0
PAS,60,20250122,170000,32.5,32.5,31.9,32.5,169,0
PAS,60,20250123,100000,32.8,32.8,32.8,32.8,200,0
PAS,60,20250123,110000,32.9,32.9,32.8,32.8,4,0
PAS,60,20250123,130000,32.7,33.1,32.7,33.1,750,0
PAS,60,20250123,140000,33,33.2,33,33.2,179,0
PAS,60,20250123,150000,33.3,33.7,33,33,200,0
PAS,60,20250124,100000,32.5,33.6,32.5,33.6,227,0
PAS,60,20250124,110000,32.7,32.7,32,32,454,0
PAS,60,20250124,120000,31.8,31.8,31,31,412,0
PAS,60,20250124,130000,31.1,31.8,31.1,31.8,133,0
PAS,60,20250124,140000,31.8,31.9,31.6,31.6,427,0
PAS,60,20250127,130000,32,32.1,32,32.1,50,0
PAS,60,20250127,150000,31,31,30.7,30.7,490,0
PAS,60,20250127,170000,30.8,30.8,30.1,30.1,1200,0
PAS,60,20250128,100000,31,32,31,32,65,0
PAS,60,20250128,120000,30.6,30.6,30.6,30.6,150,0
PAS,60,20250128,140000,31.8,31.8,31.8,31.8,73,0
PAS,60,20250128,150000,31.7,31.8,31.3,31.3,120,0
PAS,60,20250128,160000,31.2,31.2,31.2,31.2,80,0
PAS,60,20250128,170000,31.7,32.5,31.2,31.2,348,0
PAS,60,20250129,100000,32.5,32.5,31.2,31.2,310,0
PAS,60,20250129,120000,31.2,31.2,31.2,31.2,55,0
PAS,60,20250129,140000,31.2,31.2,31.2,31.2,3,0
PAS,60,20250129,150000,31.2,31.2,30.1,31,620,0
PAS,60,20250129,160000,31,31,31,31,15,0
PAS,60,20250129,170000,31,31,30.3,30.3,115,0
PAS,60,20250130,100000,31.5,31.5,31.5,31.5,3,0
PAS,60,20250130,140000,31.3,31.3,31.3,31.3,1,0
PAS,60,20250130,160000,31.3,31.3,31.3,31.3,30,0
PAS,60,20250131,100000,31.4,31.4,30.5,30.5,505,0
PAS,60,20250131,130000,31,32.5,31,31,397,0
PAS,60,20250131,140000,31.2,31.2,31.2,31.2,20,0
PAS,60,20250131,150000,32.5,32.5,32.5,32.5,2,0
PAS,60,20250131,160000,32.5,32.5,32.5,32.5,3,0
PAS,60,20250131,170000,32.5,32.7,32.5,32.7,109,0
PAS,60,20250203,100000,32.5,32.6,31.1,31.1,150,0
PAS,60,20250203,110000,32.5,32.5,31,31,233,0
PAS,60,20250203,120000,30.8,31.1,30.3,30.3,500,0
PAS,60,20250204,100000,32,32,32,32,42,0
PAS,60,20250204,110000,32,32.5,32,32.5,72,0
PAS,60,20250204,120000,32.5,32.6,32.5,32.6,55,0
PAS,60,20250204,130000,32.7,32.7,32.7,32.7,5,0
PAS,60,20250204,140000,32.5,32.5,32.5,32.5,3,0
PAS,60,20250204,170000,32.5,32.5,32,32,515,0
PAS,60,20250205,100000,32,33.2,32,32.5,1171,0
PAS,60,20250205,120000,32.5,32.5,31.6,31.6,709,0
PAS,60,20250205,130000,32.7,32.7,32.7,32.7,8,0
PAS,60,20250205,140000,32.7,33,32.7,33,333,0
PAS,60,20250205,150000,32.8,33,32.8,33,375,0
PAS,60,20250205,160000,32.2,32.6,32,32.6,875,0
PAS,60,20250206,100000,32.6,32.8,31.6,31.6,624,0
PAS,60,20250206,130000,32.2,33,32.2,33,1000,0
PAS,60,20250206,140000,32.9,32.9,32.6,32.6,25,0
PAS,60,20250206,150000,32.6,32.9,32.6,32.9,102,0
PAS,60,20250206,160000,32.8,32.8,32.8,32.8,73,0
PAS,60,20250207,100000,32.9,32.9,32.2,32.2,36,0
PAS,60,20250207,110000,32.4,32.4,32.4,32.4,200,0
PAS,60,20250207,120000,32.4,32.4,32.4,32.4,30,0
PAS,60,20250207,130000,32.4,32.4,32.4,32.4,3,0
PAS,60,20250207,140000,32.2,32.2,32.1,32.1,250,0
PAS,60,20250207,150000,32.1,33,32.1,33,193,0
PAS,60,20250210,100000,33,33,33,33,5,0
PAS,60,20250210,110000,32.6,32.6,32.6,32.6,20,0
PAS,60,20250210,120000,33,33,33,33,20,0
PAS,60,20250210,130000,33,33.3,33,33.3,16,0
PAS,60,20250210,160000,33.3,33.3,33.3,33.3,18,0
PAS,60,20250210,170000,33.5,33.7,33.5,33.7,18,0
PAS,60,20250211,100000,33.6,34.4,33.6,34.4,209,0
PAS,60,20250211,110000,33.6,34,32.2,34,403,0
PAS,60,20250211,130000,33.6,33.6,33.6,33.6,1,0
PAS,60,20250211,160000,33.6,33.7,33.6,33.7,165,0
PAS,60,20250212,100000,32.5,34.2,32.5,34.2,613,0
PAS,60,20250212,120000,33.8,33.8,33.8,33.8,8,0
PAS,60,20250212,130000,33.8,33.8,33.8,33.8,4,0
PAS,60,20250212,170000,34.2,34.2,34.2,34.2,2,0
PAS,60,20250213,100000,34.2,34.2,32.6,33.5,376,0
PAS,60,20250213,140000,33.7,33.7,33.7,33.7,100,0
PAS,60,20250213,160000,33.5,33.5,33.5,33.5,10,0
PAS,60,20250214,120000,33.6,33.6,33.6,33.6,100,0
PAS,60,20250214,130000,33.8,33.8,33.8,33.8,13,0
PAS,60,20250214,140000,33.6,33.6,33.6,33.6,20,0
PAS,60,20250214,150000,33.5,33.8,33.5,33.8,45,0
PAS,60,20250214,160000,33.8,33.8,33.8,33.8,37,0
PAS,60,20250214,170000,33.6,33.6,33.6,33.6,18,0
PAS,60,20250217,100000,33.4,33.5,33.4,33.5,842,0
PAS,60,20250217,110000,33.5,33.5,33.5,33.5,50,0
PAS,60,20250217,120000,33,33,33,33,12,0
PAS,60,20250217,130000,33,33,33,33,22,0
PAS,60,20250218,100000,33,33,33,33,400,0
PAS,60,20250218,110000,33.2,33.2,32.8,32.8,207,0
PAS,60,20250218,120000,32.9,32.9,32.9,32.9,769,0
PAS,60,20250218,130000,32.9,32.9,32.9,32.9,1,0
PAS,60,20250218,150000,32.9,32.9,32.9,32.9,230,0
PAS,60,20250218,160000,32.9,33.5,32.5,32.5,370,0
PAS,60,20250218,170000,32.6,33.5,32.5,33.5,110,0
PAS,60,20250219,100000,33.3,33.4,33.3,33.4,312,0
PAS,60,20250219,110000,33.4,33.4,33.4,33.4,119,0
PAS,60,20250219,130000,33.4,33.4,33,33,209,0
PAS,60,20250219,140000,32.6,33.4,32.5,33.4,362,0
PAS,60,20250219,160000,33.4,33.4,33.4,33.4,18,0
PAS,60,20250220,100000,32.6,32.6,32.6,32.6,300,0
PAS,60,20250220,140000,32.6,32.6,32.6,32.6,5,0
PAS,60,20250220,170000,32.6,32.6,31.8,32.6,492,0
PAS,60,20250221,100000,32.6,32.6,32.6,32.6,1,0
PAS,60,20250221,130000,31.8,33.3,31.8,33.2,448,0
PAS,60,20250221,140000,33.2,33.5,33.2,33.5,165,0
PAS,60,20250224,100000,32,32,31,31.9,1790,0
PAS,60,20250224,110000,31.3,32.5,30.9,32.5,1276,0
PAS,60,20250224,120000,31.9,32.4,31.4,31.4,462,0
PAS,60,20250224,140000,31.9,31.9,31.9,31.9,55,0
PAS,60,20250224,150000,32,32,32,32,20,0
PAS,60,20250224,160000,32,32.5,31.4,31.4,645,0
PAS,60,20250224,170000,32.1,32.2,32.1,32.1,26,0
PAS,60,20250225,100000,32.3,32.6,31.1,32.6,354,0
PAS,60,20250225,110000,32.6,32.6,32.6,32.6,134,0
PAS,60,20250225,130000,32.8,32.8,32.2,32.2,100,0
PAS,60,20250225,150000,33,33.5,32.2,32.2,1728,0
PAS,60,20250226,100000,32,32,32,32,500,0
PAS,60,20250226,140000,32.3,33.2,32,33.2,301,0
PAS,60,20250226,160000,33.2,33.2,33.2,33.2,2,0
PAS,60,20250226,170000,33,33,31.9,31.9,11,0
PAS,60,20250227,100000,33,33.6,32,33.6,54,0
PAS,60,20250227,110000,32.2,32.2,32.2,32.2,150,0
PAS,60,20250227,120000,33,33,32.2,32.2,505,0
PAS,60,20250227,130000,32.5,32.5,32.5,32.5,11,0
PAS,60,20250227,170000,32.2,32.3,32.2,32.2,71,0
PAS,60,20250228,120000,32.6,32.6,32.2,32.2,502,0
PAS,60,20250228,140000,32.9,33.4,32.9,33.4,33,0
PAS,60,20250228,150000,32.2,32.2,32.2,32.2,132,0
PAS,60,20250228,160000,32.2,32.2,31.6,31.6,700,0
PAS,60,20250228,170000,31.7,31.8,31.7,31.7,271,0
PAS,60,20250303,100000,31.8,32,31.8,32,19,0
PAS,60,20250303,110000,32.7,32.8,32,32,130,0
PAS,60,20250303,130000,32,32.6,32,32,365,0
PAS,60,20250303,140000,31.9,32,31.1,31.3,1761,0
PAS,60,20250303,150000,31.4,31.4,31.2,31.4,412,0
PAS,60,20250303,170000,32.2,32.2,32.2,32.2,47,0
PAS,60,20250304,100000,31.5,31.5,31,31,300,0
PAS,60,20250304,120000,31.1,31.1,31,31,150,0
PAS,60,20250304,130000,31.8,31.8,31.8,31.8,1,0
PAS,60,20250304,150000,31.2,31.2,31.2,31.2,165,0
PAS,60,20250304,160000,31.3,31.3,31.3,31.3,1,0
PAS,60,20250305,100000,31.4,31.7,31.4,31.7,1080,0
PAS,60,20250305,110000,32.1,32.2,32.1,32.2,300,0
PAS,60,20250305,120000,32.3,32.7,32,32,56,0
PAS,60,20250305,170000,32.1,32.1,32.1,32.1,400,0
PAS,60,20250306,100000,32.2,32.2,32.2,32.2,5,0
PAS,60,20250306,110000,32.2,32.2,32.2,32.2,87,0
PAS,60,20250306,120000,32.3,32.3,32.3,32.3,38,0
PAS,60,20250306,130000,32.4,32.4,32.4,32.4,10,0
PAS,60,20250306,140000,32.6,33.3,32.6,33.3,578,0
PAS,60,20250306,150000,33.3,33.3,33.3,33.3,82,0
PAS,60,20250306,160000,32.8,32.8,32.8,32.8,1,0
PAS,60,20250306,170000,32.8,32.8,32.7,32.7,10,0
PAS,60,20250307,110000,33,33,33,33,500,0
PAS,60,20250307,120000,33.3,33.3,33.3,33.3,50,0
PAS,60,20250307,130000,33.2,33.3,33.2,33.3,1000,0
PAS,60,20250307,140000,33.3,33.3,33.3,33.3,25,0
PAS,60,20250307,150000,33.3,34.1,33.3,34.1,1658,0
PAS,60,20250307,160000,33.5,33.5,33,33,385,0
PAS,60,20250310,100000,32.9,32.9,32.9,32.9,192,0
PAS,60,20250310,110000,32.8,33.9,32.8,33.9,107,0
PAS,60,20250310,120000,32.9,32.9,32.9,32.9,222,0
PAS,60,20250311,100000,32.9,32.9,32.9,32.9,150,0
PAS,60,20250311,120000,32.6,32.6,32.6,32.6,30,0
PAS,60,20250311,130000,32.7,32.7,32.7,32.7,17,0
PAS,60,20250311,160000,32.7,32.7,32.7,32.7,13,0
PAS,60,20250311,170000,32.7,32.7,32.7,32.7,30,0
PAS,60,20250312,100000,32.9,33.1,32.9,33,69,0
PAS,60,20250312,110000,33,33,33,33,540,0
PAS,60,20250312,120000,33,33,33,33,3,0
PAS,60,20250312,130000,33,33,33,33,4,0
PAS,60,20250312,140000,33,33,33,33,4,0
PAS,60,20250312,150000,33.1,33.1,33.1,33.1,230,0
PAS,60,20250313,100000,33,33,33,33,500,0
PAS,60,20250313,120000,33,33,33,33,2,0
PAS,60,20250313,170000,33,33,33,33,30,0
PAS,60,20250314,100000,32.7,32.8,32.7,32.7,140,0
PAS,60,20250314,110000,32.5,32.7,32.4,32.7,61,0
PAS,60,20250314,120000,33,33,33,33,104,0
PAS,60,20250314,130000,33,33,33,33,150,0
PAS,60,20250314,140000,33,33,33,33,72,0
PAS,60,20250314,150000,33.1,33.1,33.1,33.1,95,0
PAS,60,20250314,160000,33.2,33.4,33.2,33.4,217,0
PAS,60,20250314,170000,33.4,33.5,33.4,33.5,1626,0
PAS,60,20250317,100000,33.2,33.2,33.2,33.2,75,0
PAS,60,20250317,110000,33.5,33.5,33.5,33.5,15,0
PAS,60,20250317,120000,33.7,34.1,33.7,34.1,678,0
PAS,60,20250317,130000,34.1,34.1,34.1,34.1,28,0
PAS,60,20250317,150000,33.9,33.9,33.9,33.9,313,0
PAS,60,20250317,160000,33.6,33.6,33.2,33.2,500,0
PAS,60,20250317,170000,33.8,33.8,33.8,33.8,40,0
PAS,60,20250318,100000,33.8,34.2,33.8,34.2,64,0
PAS,60,20250318,120000,34,34.2,34,34.2,587,0
PAS,60,20250318,130000,34.1,34.2,34.1,34.2,853,0
PAS,60,20250318,140000,34.2,34.2,34.2,34.2,1000,0
PAS,60,20250318,160000,33.5,33.5,33.5,33.5,5,0
PAS,60,20250318,170000,33.5,33.5,33.5,33.5,32,0
PAS,60,20250319,100000,34,34,33.8,33.9,1071,0
PAS,60,20250319,110000,33.7,33.9,33.5,33.5,669,0
PAS,60,20250319,140000,33.6,33.6,33.6,33.6,848,0
PAS,60,20250319,150000,33.6,33.6,33.5,33.5,1367,0
PAS,60,20250319,160000,33.5,33.5,33.5,33.5,670,0
PAS,60,20250319,170000,33.5,33.6,33.5,33.6,280,0
PAS,60,20250320,100000,33.4,33.4,33.4,33.4,500,0
PAS,60,20250320,120000,33.5,33.5,33.5,33.5,222,0
PAS,60,20250320,130000,33.5,33.5,33.5,33.5,48,0
PAS,60,20250320,140000,33.5,33.5,33.5,33.5,102,0
PAS,60,20250320,150000,33.5,33.5,33.5,33.5,23,0
PAS,60,20250321,110000,33.3,33.3,33,33,922,0
PAS,60,20250321,120000,33,33.2,33,33.2,59,0
PAS,60,20250321,140000,33.2,33.2,33.2,33.2,2,0
PAS,60,20250321,150000,32.9,32.9,32.9,32.9,131,0
PAS,60,20250321,170000,32.5,32.5,32.5,32.5,50,0
PAS,60,20250324,100000,33,33,33,33,1,0
PAS,60,20250324,110000,32.9,32.9,32.9,32.9,20,0
PAS,60,20250324,120000,32.5,33,32.5,33,317,0
PAS,60,20250324,130000,33.2,33.2,33.2,33.2,1,0
PAS,60,20250324,160000,33.1,33.1,33.1,33.1,215,0
PAS,60,20250324,170000,33.2,33.2,33.2,33.2,1066,0
PAS,60,20250325,110000,33.2,33.2,33.2,33.2,1,0
PAS,60,20250325,120000,33,33,33,33,17,0
PAS,60,20250326,100000,32.7,32.7,32.7,32.7,1,0
PAS,60,20250326,110000,33,33,33,33,100,0
PAS,60,20250326,130000,32.8,33,32.8,33,37,0
PAS,60,20250326,140000,32.8,32.8,32.8,32.8,80,0
PAS,60,20250326,150000,33,33,33,33,40,0
PAS,60,20250326,160000,33,33,33,33,99,0
PAS,60,20250326,170000,33.1,33.2,33.1,33.2,620,0
PAS,60,20250327,100000,33.1,33.1,33.1,33.1,6,0
PAS,60,20250327,110000,33.1,33.1,33.1,33.1,40,0
PAS,60,20250327,120000,33.1,33.2,33.1,33.2,583,0
PAS,60,20250327,150000,33.2,33.2,33.2,33.2,380,0
PAS,60,20250327,170000,32.9,32.9,32.9,32.9,25,0
PAS,60,20250328,100000,32.9,32.9,32.8,32.8,310,0
PAS,60,20250328,110000,32.8,32.8,32.7,32.7,60,0
PAS,60,20250328,120000,32.7,32.7,32.6,32.6,81,0
PAS,60,20250328,140000,32.9,32.9,32.9,32.9,168,0
PAS,60,20250328,160000,33.1,33.1,33.1,33.1,210,0
PAS,60,20250331,100000,33.1,33.1,33.1,33.1,152,0
PAS,60,20250331,110000,33.1,33.1,33.1,33.1,300,0
PAS,60,20250331,120000,33,33.1,33,33.1,12,0
PAS,60,20250331,130000,33,33,33,33,253,0
PAS,60,20250331,150000,33.1,33.1,33.1,33.1,295,0
PAS,60,20250331,160000,33.1,33.1,33.1,33.1,447,0
PAS,60,20250331,170000,33.1,33.1,33.1,33.1,8,0
PAS,60,20250401,100000,33.1,33.4,33.1,33.4,166,0
PAS,60,20250401,110000,33.6,33.9,33,33,544,0
PAS,60,20250401,120000,33,33,32.5,32.6,683,0
PAS,60,20250401,160000,33,33,32.9,32.9,300,0
PAS,60,20250402,100000,33.7,34.5,33.7,34.5,324,0
PAS,60,20250402,110000,34.6,35,34,34,1154,0
PAS,60,20250402,120000,34.4,34.4,34.4,34.4,40,0
PAS,60,20250402,130000,34.4,35,34.4,35,105,0
PAS,60,20250402,140000,35,35,35,35,132,0
PAS,60,20250402,150000,35,35,34.1,34.1,285,0
PAS,60,20250402,170000,35,35.4,35,35.4,60,0
PAS,60,20250403,100000,34.2,34.9,34.2,34.5,472,0
PAS,60,20250403,120000,34.4,34.4,34.4,34.4,83,0
PAS,60,20250403,130000,34.3,34.3,33.8,33.8,152,0
PAS,60,20250403,140000,34.1,34.1,34.1,34.1,81,0
PAS,60,20250403,150000,34.1,34.3,34.1,34.3,468,0
PAS,60,20250403,160000,34.1,34.1,33.8,34.1,68,0
PAS,60,20250404,100000,34.1,34.6,34.1,34.6,500,0
PAS,60,20250404,120000,34,35.7,34,35.7,474,0
PAS,60,20250404,130000,35.3,35.3,33.6,33.6,378,0
PAS,60,20250404,140000,34,34,33.7,33.7,98,0
PAS,60,20250404,150000,33.8,33.8,33.8,33.8,150,0
PAS,60,20250404,160000,33.7,33.7,33.4,33.5,370,0
PAS,60,20250404,170000,33.5,33.6,33.5,33.6,10,0
PAS,60,20250407,100000,33,33.2,32.9,33,1470,0
PAS,60,20250407,110000,32.9,32.9,32.6,32.6,1347,0
PAS,60,20250407,160000,33.2,33.2,32.7,32.7,30,0
PAS,60,20250407,170000,33.4,33.4,33.4,33.4,47,0
PAS,60,20250408,100000,33.5,34.3,33.5,33.6,378,0
PAS,60,20250409,130000,33,33.9,33,33.9,150,0
PAS,60,20250409,140000,33.1,33.1,33.1,33.1,38,0
PAS,60,20250410,100000,34.6,34.9,34.6,34.9,128,0
PAS,60,20250410,110000,34.9,34.9,34.9,34.9,8,0
PAS,60,20250410,120000,34.6,34.6,34.6,34.6,66,0
PAS,60,20250410,130000,34.8,34.8,34.8,34.8,1,0
PAS,60,20250410,160000,34.6,34.6,34.6,34.6,10,0
PAS,60,20250410,170000,34.1,34.5,34,34.5,185,0
PAS,60,20250411,110000,34,34,34,34,189,0
PAS,60,20250411,120000,34,34,34,34,88,0
PAS,60,20250411,150000,34,34.6,34,34.6,743,0
PAS,60,20250414,100000,34,34.9,34,34.9,573,0
PAS,60,20250414,110000,34.9,35,34.5,35,127,0
PAS,60,20250414,120000,35.3,35.7,35.3,35.7,212,0
PAS,60,20250414,130000,35,35,35,35,48,0
PAS,60,20250414,140000,35,35,35,35,1,0
PAS,60,20250414,150000,35,35,34.5,34.5,835,0
PAS,60,20250414,160000,35.3,35.4,35.3,35.4,50,0
PAS,60,20250414,170000,34.7,35.4,34.7,35.4,80,0
PAS,60,20250415,100000,38.4,38.9,37.2,37.2,3842,0
PAS,60,20250415,110000,37.5,37.9,37.4,37.9,674,0
PAS,60,20250415,120000,37.4,37.4,37,37.4,407,0
PAS,60,20250415,130000,37.4,37.8,36.4,36.4,1560,0
PAS,60,20250415,140000,36.4,36.6,36.4,36.6,260,0
PAS,60,20250415,150000,36.8,36.9,36.8,36.9,137,0
PAS,60,20250415,160000,36.4,37.5,36.2,36.9,2119,0
PAS,60,20250415,170000,36.4,36.7,36.3,36.3,266,0
PAS,60,20250416,100000,36.1,36.9,36.1,36.9,1010,0
PAS,60,20250416,110000,36.6,36.6,36.6,36.6,95,0
PAS,60,20250416,120000,36.5,37,36.4,37,1263,0
PAS,60,20250416,130000,36.9,37,36.9,37,1080,0
PAS,60,20250416,140000,37,37.2,37,37.1,884,0
PAS,60,20250416,150000,36.7,36.7,36.7,36.7,609,0
PAS,60,20250416,160000,36.7,37.1,36.7,37,573,0
PAS,60,20250416,170000,37,37,37,37,259,0
PAS,60,20250417,100000,37.4,38.9,37.2,38.8,2499,0
PAS,60,20250417,110000,38.8,39.8,37.4,39.8,4776,0
PAS,60,20250417,120000,39.8,39.8,39.2,39.8,567,0
PAS,60,20250417,130000,39.7,39.8,39.3,39.8,752,0
PAS,60,20250417,140000,39.5,39.5,39.5,39.5,12,0
PAS,60,20250417,150000,39.5,39.6,39.4,39.6,224,0
PAS,60,20250417,160000,39.6,39.8,39.4,39.8,337,0
PAS,60,20250417,170000,39.8,40.8,39.8,40.8,1381,0
PAS,60,20250422,100000,41,44,41,42.1,2667,0
PAS,60,20250422,110000,41.6,42.1,41.5,41.5,756,0
PAS,60,20250422,120000,42,43.5,42,43.5,1311,0
PAS,60,20250422,130000,43.3,43.3,42.2,42.8,347,0
PAS,60,20250422,140000,42.8,43.4,42.8,43.4,406,0
PAS,60,20250422,150000,42.6,43.7,42.5,43,653,0
PAS,60,20250422,160000,43,43,42.7,43,596,0
PAS,60,20250422,170000,42.7,42.9,42.7,42.9,46,0
PAS,60,20250423,100000,42.5,43.8,42.5,43.8,402,0
PAS,60,20250423,110000,43.2,43.7,43,43,263,0
PAS,60,20250423,120000,43,43.8,43,43.8,198,0
PAS,60,20250423,130000,43.8,44.5,43.6,44.5,355,0
PAS,60,20250423,140000,44.1,44.1,44.1,44.1,5,0
PAS,60,20250423,150000,44.1,44.1,44,44,82,0
PAS,60,20250423,160000,44.1,44.1,44.1,44.1,1,0
PAS,60,20250423,170000,43.8,44.1,43,44.1,1097,0
PAS,60,20250424,100000,44,44,43,43.5,601,0
PAS,60,20250424,110000,43.6,45,43.6,44.9,767,0
PAS,60,20250424,120000,44.9,44.9,44.9,44.9,17,0
PAS,60,20250424,130000,44.9,45,44.9,45,577,0
PAS,60,20250424,140000,44.3,45,44.3,45,41,0
PAS,60,20250424,150000,44.3,44.3,44.1,44.1,150,0
PAS,60,20250424,160000,44.1,44.1,43.7,44.1,265,0
PAS,60,20250424,170000,44.9,45,44.9,45,100,0
PAS,60,20250425,100000,45,46.8,45,46.8,1742,0
PAS,60,20250425,110000,46.3,46.8,46.3,46.8,155,0
PAS,60,20250425,120000,46.8,46.8,46.8,46.8,2,0
PAS,60,20250425,130000,46.8,47.9,46.8,47.8,699,0
PAS,60,20250425,140000,47.2,48,47,48,674,0
PAS,60,20250425,150000,47.6,47.6,47.6,47.6,40,0
PAS,60,20250425,160000,47.9,48,47,47.9,509,0
PAS,60,20250425,170000,48.8,48.8,48,48.5,60,0
PAS,60,20250428,100000,47.9,50,47.2,50,3084,0
PAS,60,20250428,120000,49.9,49.9,46.1,46.8,1224,0
PAS,60,20250428,130000,46.2,47,45,47,1454,0
PAS,60,20250428,140000,46.3,46.9,46,46.1,218,0
PAS,60,20250428,150000,46.8,48.4,46.8,48,407,0
PAS,60,20250428,160000,47,47,47,47,160,0
PAS,60,20250428,170000,47,48,47,48,28,0
PAS,60,20250429,100000,47,47,46,46.2,335,0
PAS,60,20250429,110000,46.2,47,46.2,47,169,0
PAS,60,20250429,120000,46.3,46.3,45,45,399,0
PAS,60,20250429,130000,45,46,45,46,391,0
PAS,60,20250429,140000,45.2,46,45.2,46,172,0
PAS,60,20250429,150000,45.5,46,45.5,46,190,0
PAS,60,20250430,100000,46,49.6,46,49.6,3086,0
PAS,60,20250430,110000,49.5,49.9,47,49.9,2027,0
PAS,60,20250430,120000,49.8,49.8,48,48.7,1817,0
PAS,60,20250430,130000,48.3,49,48.1,48.1,678,0
PAS,60,20250430,140000,48.2,49.7,48,49.7,1890,0
PAS,60,20250430,150000,48.4,50,47.9,49.8,2584,0
PAS,60,20250430,170000,49.1,49.5,49.1,49.5,189,0
PAS,60,20250502,100000,50,50,49,49.1,1111,0
PAS,60,20250502,110000,49.9,50,49.4,50,1322,0
PAS,60,20250502,120000,49.9,50,49,49.3,592,0
PAS,60,20250502,130000,49.3,49.9,49.3,49.9,414,0
PAS,60,20250502,140000,49.9,50,49.9,49.9,537,0
PAS,60,20250502,150000,49.9,50,49.5,49.5,301,0
PAS,60,20250502,170000,49.6,50,49.6,50,1674,0
PAS,60,20250505,100000,50,53.6,50,53,8659,0
PAS,60,20250505,110000,54,55,51,52.2,2104,0
PAS,60,20250505,120000,54,54.4,53,53,357,0
PAS,60,20250505,130000,54.4,54.4,52.6,54.4,211,0
PAS,60,20250505,140000,54.2,54.2,52.2,52.2,579,0
PAS,60,20250505,150000,53.4,53.6,52.2,53.4,303,0
PAS,60,20250505,160000,53.2,53.2,50,51.2,3567,0
PAS,60,20250505,170000,51,51.2,50.4,51,646,0
PAS,60,20250506,100000,51.8,52,50,50,1352,0
PAS,60,20250506,110000,50.2,51.2,50.2,51.2,113,0
PAS,60,20250506,120000,51.2,51.4,51.2,51.2,64,0
PAS,60,20250506,130000,51,51,51,51,1,0
PAS,60,20250506,140000,51,51,51,51,905,0
PAS,60,20250506,150000,51,52.4,51,52.4,989,0
PAS,60,20250506,160000,52.2,52.2,50.6,50.6,208,0
PAS,60,20250506,170000,51.6,51.6,50.4,50.8,54,0
