<TICKER>,<PER>,<DATE>,<TIME>,<OPEN>,<HIGH>,<LOW>,<CLOSE>,<VOL>,<OPENINT>
PHR,60,20240411,100000,7.5,7.6,7.3,7.6,5913,0
PHR,60,20240411,110000,7.5,7.5,7.34,7.5,4955,0
PHR,60,20240411,120000,7.4,7.5,7.2,7.2,6923,0
PHR,60,20240411,130000,7.3,7.3,7.2,7.2,8492,0
PHR,60,20240411,140000,7.2,7.3,7.18,7.18,8768,0
PHR,60,20240411,150000,7.2,7.2,7.18,7.18,724,0
PHR,60,20240411,160000,7.2,7.3,7.18,7.3,4180,0
PHR,60,20240411,170000,7.3,7.3,7.24,7.24,889,0
PHR,60,20240412,100000,7.24,7.4,7.02,7.18,6198,0
PHR,60,20240412,110000,7.1,7.18,7.08,7.18,616,0
PHR,60,20240412,120000,7.12,7.22,7.1,7.22,1337,0
PHR,60,20240412,130000,7.22,7.22,7.1,7.16,1785,0
PHR,60,20240412,140000,7.16,7.2,7.16,7.2,658,0
PHR,60,20240412,160000,7.2,7.22,7.2,7.22,1350,0
PHR,60,20240412,170000,7.16,7.2,7.16,7.2,1865,0
PHR,60,20240415,100000,7.2,7.2,7.08,7.18,3000,0
PHR,60,20240415,110000,7.18,7.18,7.08,7.08,512,0
PHR,60,20240415,120000,7.08,7.1,7.08,7.1,516,0
PHR,60,20240415,130000,7.08,7.08,6.96,7,6958,0
PHR,60,20240415,140000,7,7,6.96,6.96,1141,0
PHR,60,20240415,150000,7.06,7.06,7.04,7.04,3135,0
PHR,60,20240415,160000,7,7.06,6.98,7.06,739,0
PHR,60,20240415,170000,7.06,7.06,6.98,6.98,2196,0
PHR,60,20240416,100000,6.98,7.04,6.98,6.98,2037,0
PHR,60,20240416,110000,7,7,7,7,393,0
PHR,60,20240416,120000,6.96,6.96,6.96,6.96,45,0
PHR,60,20240416,130000,7,7,6.88,6.9,951,0
PHR,60,20240416,140000,6.88,6.92,6.88,6.88,399,0
PHR,60,20240416,150000,6.92,6.92,6.92,6.92,2,0
PHR,60,20240416,160000,6.92,6.92,6.88,6.88,587,0
PHR,60,20240416,170000,6.84,6.92,6.84,6.92,723,0
PHR,60,20240417,100000,6.9,6.9,6.9,6.9,305,0
PHR,60,20240417,110000,6.9,6.9,6.8,6.8,1790,0
PHR,60,20240417,120000,6.8,6.8,6.8,6.8,65,0
PHR,60,20240417,130000,6.8,6.9,6.8,6.9,2501,0
PHR,60,20240417,140000,6.8,6.88,6.76,6.88,1072,0
PHR,60,20240417,160000,6.88,6.88,6.88,6.88,40,0
PHR,60,20240417,170000,6.82,6.82,6.82,6.82,110,0
PHR,60,20240418,100000,6.88,6.88,6.82,6.82,1066,0
PHR,60,20240418,110000,6.8,6.84,6.68,6.84,2876,0
PHR,60,20240418,120000,6.78,6.8,6.7,6.7,1035,0
PHR,60,20240418,130000,6.78,6.78,6.68,6.78,1195,0
PHR,60,20240418,140000,6.68,6.68,6.68,6.68,1074,0
PHR,60,20240418,150000,6.64,6.78,6.64,6.78,2424,0
PHR,60,20240418,160000,6.78,6.78,6.7,6.7,3265,0
PHR,60,20240418,170000,6.7,6.78,6.64,6.7,4944,0
PHR,60,20240419,100000,6.76,6.76,6.64,6.64,450,0
PHR,60,20240419,110000,6.78,6.78,6.78,6.78,50,0
PHR,60,20240419,120000,6.78,6.78,6.78,6.78,18,0
PHR,60,20240419,130000,6.72,6.78,6.7,6.7,256,0
PHR,60,20240419,140000,6.76,6.76,6.76,6.76,2,0
PHR,60,20240419,150000,6.76,6.76,6.76,6.76,161,0
PHR,60,20240419,170000,6.7,6.78,6.66,6.78,1336,0
PHR,60,20240422,100000,6.72,6.72,6.66,6.66,131,0
PHR,60,20240422,110000,6.76,6.76,6.76,6.76,4,0
PHR,60,20240422,120000,6.68,6.68,6.6,6.6,4532,0
PHR,60,20240422,130000,6.7,6.74,6.7,6.7,485,0
PHR,60,20240422,140000,6.74,6.74,6.74,6.74,180,0
PHR,60,20240422,170000,6.74,6.74,6.74,6.74,3,0
PHR,60,20240423,100000,6.7,6.74,6.7,6.74,1296,0
PHR,60,20240423,110000,6.74,6.84,6.74,6.78,5790,0
PHR,60,20240423,120000,6.74,6.78,6.72,6.78,596,0
PHR,60,20240423,130000,6.78,6.78,6.78,6.78,243,0
PHR,60,20240423,140000,6.76,6.76,6.76,6.76,15,0
PHR,60,20240423,150000,6.78,6.78,6.74,6.78,9875,0
PHR,60,20240423,160000,6.76,6.78,6.76,6.78,1200,0
PHR,60,20240423,170000,6.76,6.76,6.76,6.76,196,0
PHR,60,20240424,100000,6.76,6.76,6.74,6.74,513,0
PHR,60,20240424,120000,6.74,6.78,6.66,6.66,3870,0
PHR,60,20240424,130000,6.78,6.84,6.66,6.84,2069,0
PHR,60,20240424,140000,6.82,6.82,6.68,6.82,557,0
PHR,60,20240424,150000,6.82,6.82,6.66,6.74,1116,0
PHR,60,20240424,170000,6.8,6.84,6.8,6.84,800,0
PHR,60,20240425,100000,6.82,6.84,6.82,6.84,1971,0
PHR,60,20240425,110000,6.84,6.84,6.78,6.8,178,0
PHR,60,20240425,120000,6.78,6.78,6.74,6.78,1402,0
PHR,60,20240425,130000,6.78,6.78,6.78,6.78,139,0
PHR,60,20240425,160000,6.74,6.78,6.7,6.7,1951,0
PHR,60,20240425,170000,6.7,6.78,6.7,6.78,52,0
PHR,60,20240426,100000,6.76,6.78,6.7,6.78,530,0
PHR,60,20240426,110000,6.78,6.78,6.78,6.78,54,0
PHR,60,20240426,120000,6.76,6.76,6.52,6.6,3392,0
PHR,60,20240426,130000,6.56,6.6,6.24,6.48,6134,0
PHR,60,20240426,140000,6.5,6.5,6.44,6.48,524,0
PHR,60,20240426,150000,6.48,6.48,6.48,6.48,1204,0
PHR,60,20240426,160000,6.54,6.54,6.42,6.54,226,0
PHR,60,20240426,170000,6.5,6.5,6.5,6.5,4,0
PHR,60,20240429,100000,6.5,6.5,6.4,6.4,4163,0
PHR,60,20240429,110000,6.4,6.48,6.4,6.4,2192,0
PHR,60,20240429,120000,6.48,6.48,6.48,6.48,400,0
PHR,60,20240429,130000,6.46,6.46,6.4,6.4,28,0
PHR,60,20240429,140000,6.42,6.42,6.4,6.4,500,0
PHR,60,20240429,150000,6.46,6.46,6.46,6.46,2,0
PHR,60,20240429,160000,6.4,6.46,6.4,6.46,6704,0
PHR,60,20240429,170000,6.44,6.46,6.44,6.46,3,0
PHR,60,20240430,100000,6.36,6.42,6.3,6.36,5575,0
PHR,60,20240430,120000,6.3,6.32,6.1,6.18,6786,0
PHR,60,20240430,130000,6.2,6.26,6.18,6.2,1572,0
PHR,60,20240430,140000,6.2,6.26,6.2,6.26,105,0
PHR,60,20240430,150000,6.24,6.24,6.18,6.24,1142,0
PHR,60,20240430,170000,6.24,6.24,6.24,6.24,104,0
PHR,60,20240502,100000,6.26,6.26,6.26,6.26,325,0
PHR,60,20240502,110000,6.2,6.26,6.2,6.26,279,0
PHR,60,20240502,120000,6.2,6.24,6.18,6.24,207,0
PHR,60,20240502,130000,6.18,6.18,6.18,6.18,30,0
PHR,60,20240502,140000,6.2,6.2,6.2,6.2,500,0
PHR,60,20240502,150000,6.24,6.24,6.24,6.24,393,0
PHR,60,20240502,160000,6.26,6.26,6.26,6.26,500,0
PHR,60,20240502,170000,6.24,6.26,6.22,6.26,225,0
PHR,60,20240506,100000,6.2,6.26,6.18,6.18,3075,0
PHR,60,20240506,110000,6.2,6.22,6.2,6.2,1154,0
PHR,60,20240506,120000,6.22,6.22,6.2,6.2,1156,0
PHR,60,20240506,130000,6.2,6.2,6.2,6.2,35,0
PHR,60,20240506,140000,6.2,6.2,6.2,6.2,256,0
PHR,60,20240506,150000,6.2,6.22,6.2,6.22,566,0
PHR,60,20240506,160000,6.22,6.26,6.2,6.26,2781,0
PHR,60,20240506,170000,6.26,6.26,6.26,6.26,165,0
PHR,60,20240507,100000,6.2,6.26,6.2,6.26,1320,0
PHR,60,20240507,110000,6.26,6.28,6.2,6.28,773,0
PHR,60,20240507,120000,6.22,6.22,6.22,6.22,88,0
PHR,60,20240507,130000,6.28,6.28,6.24,6.24,539,0
PHR,60,20240507,140000,6.28,6.28,6.24,6.28,150,0
PHR,60,20240507,150000,6.22,6.26,6.2,6.26,2002,0
PHR,60,20240507,160000,6.26,6.26,6.26,6.26,20,0
PHR,60,20240507,170000,6.26,6.26,6.2,6.26,525,0
PHR,60,20240508,100000,6.26,6.26,6.18,6.24,2858,0
PHR,60,20240508,110000,6.22,6.5,6.22,6.46,7674,0
PHR,60,20240508,120000,6.4,6.42,6.26,6.3,413,0
PHR,60,20240508,130000,6.4,6.46,6.34,6.46,362,0
PHR,60,20240508,140000,6.46,6.46,6.46,6.46,218,0
PHR,60,20240508,150000,6.46,6.46,6.38,6.38,175,0
PHR,60,20240508,160000,6.44,6.44,6.44,6.44,2,0
PHR,60,20240508,170000,6.38,6.38,6.3,6.36,1287,0
PHR,60,20240509,100000,6.32,6.54,6.32,6.52,4493,0
PHR,60,20240509,110000,6.52,6.52,6.52,6.52,2,0
PHR,60,20240509,120000,6.52,6.56,6.5,6.56,355,0
PHR,60,20240509,130000,6.56,6.58,6.56,6.58,1650,0
PHR,60,20240509,140000,6.56,6.64,6.56,6.62,2568,0
PHR,60,20240509,150000,6.62,6.62,6.6,6.62,1230,0
PHR,60,20240509,160000,6.62,6.62,6.6,6.6,657,0
PHR,60,20240509,170000,6.62,6.62,6.62,6.62,265,0
PHR,60,20240510,100000,6.62,6.62,6.6,6.6,668,0
PHR,60,20240510,110000,6.6,6.6,6.56,6.56,6306,0
PHR,60,20240510,120000,6.56,6.58,6.44,6.44,1207,0
PHR,60,20240510,130000,6.44,6.5,6.42,6.5,296,0
PHR,60,20240510,140000,6.44,6.48,6.44,6.48,771,0
PHR,60,20240510,150000,6.48,6.48,6.44,6.46,974,0
PHR,60,20240510,160000,6.46,6.5,6.44,6.5,180,0
PHR,60,20240510,170000,6.5,6.5,6.44,6.5,2107,0
PHR,60,20240513,100000,6.44,6.46,6,6.32,7883,0
PHR,60,20240513,110000,6.4,6.62,6.28,6.56,1079,0
PHR,60,20240513,120000,6.28,6.64,6.28,6.62,7362,0
PHR,60,20240513,130000,6.6,6.6,6.6,6.6,5,0
PHR,60,20240513,140000,6.6,6.6,6.44,6.46,1200,0
PHR,60,20240513,150000,6.38,6.38,6.3,6.3,400,0
PHR,60,20240513,160000,6.32,6.48,6.32,6.48,123,0
PHR,60,20240513,170000,6.32,6.44,6.28,6.44,1418,0
PHR,60,20240514,100000,6.44,6.44,6.3,6.3,414,0
PHR,60,20240514,110000,6.34,6.34,6.34,6.34,100,0
PHR,60,20240514,120000,6.34,6.34,6.22,6.22,5786,0
PHR,60,20240514,130000,6.24,6.26,6.24,6.26,170,0
PHR,60,20240514,140000,6.26,6.3,6.26,6.3,496,0
PHR,60,20240514,150000,6.3,6.3,6.3,6.3,200,0
PHR,60,20240514,160000,6.22,6.26,6.2,6.26,485,0
PHR,60,20240514,170000,6.22,6.26,6.2,6.2,1652,0
PHR,60,20240515,100000,6.36,6.5,6.2,6.46,6945,0
PHR,60,20240515,110000,6.46,6.5,6.46,6.5,1662,0
PHR,60,20240515,120000,6.5,6.52,6.46,6.46,287,0
PHR,60,20240515,130000,6.34,6.42,6.32,6.42,1696,0
PHR,60,20240515,140000,6.38,6.38,6.38,6.38,5,0
PHR,60,20240515,150000,6.38,6.38,6.3,6.38,634,0
PHR,60,20240515,160000,6.32,6.32,6.2,6.22,5956,0
PHR,60,20240515,170000,6.34,6.34,6.3,6.32,1136,0
PHR,60,20240516,100000,6.24,6.32,6.2,6.32,3191,0
PHR,60,20240516,110000,6.24,6.24,6.24,6.24,120,0
PHR,60,20240516,120000,6.3,6.6,6.3,6.58,9152,0
PHR,60,20240516,130000,6.58,6.68,6.36,6.36,4363,0
PHR,60,20240516,140000,6.5,6.5,6.38,6.38,1094,0
PHR,60,20240516,150000,6.38,6.44,6.36,6.42,1723,0
PHR,60,20240516,160000,6.4,6.4,6.4,6.4,100,0
PHR,60,20240516,170000,6.4,6.4,6.36,6.36,1045,0
PHR,60,20240517,100000,6.38,6.48,6.38,6.38,3164,0
PHR,60,20240517,110000,6.44,6.44,6.44,6.44,2,0
PHR,60,20240517,120000,6.42,6.42,6.38,6.38,1680,0
PHR,60,20240517,130000,6.44,6.44,6.44,6.44,20,0
PHR,60,20240517,140000,6.44,6.44,6.44,6.44,20,0
PHR,60,20240517,150000,6.42,6.42,6.38,6.38,618,0
PHR,60,20240517,160000,6.4,6.44,6.4,6.44,863,0
PHR,60,20240517,170000,6.44,6.44,6.44,6.44,1380,0
PHR,60,20240520,100000,6.44,6.44,6.38,6.38,4874,0
PHR,60,20240520,110000,6.42,6.42,6.38,6.38,234,0
PHR,60,20240520,120000,6.4,6.4,6.4,6.4,500,0
PHR,60,20240520,130000,6.38,6.42,6.34,6.42,1460,0
PHR,60,20240520,150000,6.36,6.36,6.36,6.36,1072,0
PHR,60,20240520,160000,6.36,6.4,6.34,6.4,1504,0
PHR,60,20240520,170000,6.38,6.38,6.3,6.38,5003,0
PHR,60,20240521,100000,6.4,6.4,6.28,6.4,397,0
PHR,60,20240521,110000,6.4,6.4,6.4,6.4,79,0
PHR,60,20240521,120000,6.4,6.4,6.4,6.4,219,0
PHR,60,20240521,140000,6.34,6.34,6.34,6.34,579,0
PHR,60,20240521,160000,6.34,6.34,6.34,6.34,127,0
PHR,60,20240521,170000,6.34,6.4,6.34,6.38,588,0
PHR,60,20240522,100000,6.38,6.42,6.38,6.4,667,0
PHR,60,20240522,110000,6.4,6.5,6.4,6.5,4180,0
PHR,60,20240522,120000,6.48,6.48,6.48,6.48,356,0
PHR,60,20240522,130000,6.46,6.46,6.42,6.42,657,0
PHR,60,20240522,140000,6.36,6.36,6.24,6.24,6231,0
PHR,60,20240522,150000,6.4,6.4,6.28,6.28,5796,0
PHR,60,20240522,160000,6.3,6.32,6.3,6.32,1504,0
PHR,60,20240522,170000,6.38,6.38,6.34,6.38,361,0
PHR,60,20240523,100000,6.3,6.38,6.3,6.38,452,0
PHR,60,20240523,110000,6.38,6.4,6.38,6.4,165,0
PHR,60,20240523,120000,6.38,6.38,6.38,6.38,500,0
PHR,60,20240523,150000,6.4,6.4,6.34,6.34,167,0
PHR,60,20240523,170000,6.4,6.4,6.4,6.4,214,0
PHR,60,20240524,100000,6.38,6.38,6.36,6.38,1863,0
PHR,60,20240524,110000,6.3,6.3,6.3,6.3,24,0
PHR,60,20240524,120000,6.3,6.34,6.3,6.34,23,0
PHR,60,20240524,130000,6.34,6.34,6.34,6.34,2,0
PHR,60,20240524,140000,6.34,6.34,6.34,6.34,5,0
PHR,60,20240524,150000,6.34,6.34,6.34,6.34,2,0
PHR,60,20240524,160000,6.34,6.34,6.34,6.34,20,0
PHR,60,20240524,170000,6.34,6.34,6.26,6.34,166,0
PHR,60,20240527,100000,6.2,6.2,6.16,6.18,6634,0
PHR,60,20240527,110000,6.18,6.22,6.18,6.22,630,0
PHR,60,20240527,120000,6.26,6.26,6.26,6.26,288,0
PHR,60,20240527,130000,6.2,6.2,6.16,6.16,1289,0
PHR,60,20240527,140000,6.24,6.24,6.18,6.18,202,0
PHR,60,20240527,150000,6.18,6.18,6.18,6.18,8,0
PHR,60,20240527,170000,6.2,6.22,6.2,6.22,811,0
PHR,60,20240528,100000,6.22,6.22,6.1,6.2,2357,0
PHR,60,20240528,120000,6.14,6.14,6.12,6.12,98,0
PHR,60,20240528,150000,6.2,6.2,6,6,5196,0
PHR,60,20240528,160000,6.08,6.08,6.02,6.02,115,0
PHR,60,20240528,170000,6.08,6.08,6.08,6.08,2,0
PHR,60,20240529,100000,6.04,6.12,6.04,6.04,1183,0
PHR,60,20240529,110000,6.04,6.08,5.92,5.92,3292,0
PHR,60,20240529,120000,5.98,5.98,5.92,5.98,46,0
PHR,60,20240529,130000,5.92,5.92,5.86,5.88,3904,0
PHR,60,20240529,140000,5.88,5.9,5.88,5.9,740,0
PHR,60,20240529,150000,5.94,5.94,5.94,5.94,90,0
PHR,60,20240529,160000,5.96,5.96,5.84,5.84,1110,0
PHR,60,20240529,170000,5.86,5.96,5.86,5.94,2003,0
PHR,60,20240531,100000,5.94,5.94,5.84,5.92,1583,0
PHR,60,20240531,110000,5.92,5.94,5.92,5.94,461,0
PHR,60,20240531,120000,5.96,5.96,5.96,5.96,90,0
PHR,60,20240531,130000,5.96,5.96,5.84,5.84,1512,0
PHR,60,20240531,150000,5.96,5.96,5.96,5.96,30,0
PHR,60,20240531,160000,5.96,5.96,5.96,5.96,3118,0
PHR,60,20240531,170000,5.92,5.92,5.92,5.92,49,0
PHR,60,20240603,100000,5.94,6.3,5.94,6.3,2304,0
PHR,60,20240603,110000,6.24,6.28,6.24,6.28,200,0
PHR,60,20240603,120000,6.26,6.26,6.22,6.24,512,0
PHR,60,20240603,130000,6.16,6.16,6.16,6.16,65,0
PHR,60,20240603,140000,6.1,6.14,6.08,6.14,849,0
PHR,60,20240603,150000,6.14,6.14,6.14,6.14,20,0
PHR,60,20240603,170000,6.12,6.14,6.04,6.04,774,0
PHR,60,20240604,100000,6.1,6.12,6.1,6.12,4,0
PHR,60,20240604,110000,6.12,6.12,6.12,6.12,233,0
PHR,60,20240604,120000,6.12,6.12,6.12,6.12,163,0
PHR,60,20240604,140000,6.12,6.12,6.12,6.12,43,0
PHR,60,20240604,150000,6.12,6.12,6.12,6.12,5,0
PHR,60,20240604,160000,6.1,6.1,6.1,6.1,161,0
PHR,60,20240604,170000,6.08,6.12,6.08,6.12,45,0
PHR,60,20240605,100000,6.18,6.18,6.18,6.18,194,0
PHR,60,20240605,110000,6.18,6.18,6.04,6.18,1053,0
PHR,60,20240605,120000,6.16,6.16,6.16,6.16,35,0
PHR,60,20240605,130000,6.16,6.18,6.02,6.18,192,0
PHR,60,20240605,140000,6.16,6.22,6.16,6.22,1042,0
PHR,60,20240605,150000,6.08,6.08,6.06,6.06,235,0
PHR,60,20240605,170000,6.16,6.18,6.16,6.18,7,0
PHR,60,20240606,100000,6.06,6.18,6.06,6.18,219,0
PHR,60,20240606,120000,6.14,6.14,6.14,6.14,3,0
PHR,60,20240606,150000,6.12,6.18,6.12,6.18,752,0
PHR,60,20240606,160000,6.14,6.14,6.14,6.14,85,0
PHR,60,20240606,170000,6.18,6.18,6.16,6.16,31,0
PHR,60,20240607,100000,6.16,6.16,6.1,6.1,649,0
PHR,60,20240607,110000,6.1,6.1,6.06,6.06,5814,0
PHR,60,20240607,120000,6.1,6.1,6.1,6.1,2,0
PHR,60,20240607,130000,6.06,6.12,6.04,6.12,641,0
PHR,60,20240607,150000,6.12,6.12,6.12,6.12,367,0
PHR,60,20240607,160000,6.12,6.12,6.12,6.12,4,0
PHR,60,20240607,170000,6.12,6.12,6.12,6.12,17,0
PHR,60,20240610,100000,6.12,6.14,6.02,6.14,576,0
PHR,60,20240610,120000,6.14,6.14,6.12,6.12,19,0
PHR,60,20240610,130000,6.12,6.12,6.12,6.12,30,0
PHR,60,20240610,150000,6.12,6.16,6.12,6.16,705,0
PHR,60,20240611,100000,6.14,6.14,6.04,6.14,26,0
PHR,60,20240611,110000,6.12,6.12,6.12,6.12,516,0
PHR,60,20240611,120000,6.1,6.1,6.02,6.1,271,0
PHR,60,20240611,130000,6.1,6.1,6.1,6.1,100,0
PHR,60,20240611,140000,6.1,6.1,6.1,6.1,2,0
PHR,60,20240611,160000,6.02,6.08,5.96,6.08,1280,0
PHR,60,20240612,100000,6.06,6.06,5.98,6.04,403,0
PHR,60,20240612,110000,6.04,6.04,6.04,6.04,80,0
PHR,60,20240612,160000,6.04,6.04,6.04,6.04,2,0
PHR,60,20240613,100000,6,6.06,6,6.06,112,0
PHR,60,20240613,120000,6.04,6.04,5.98,5.98,236,0
PHR,60,20240613,130000,5.98,6.02,5.98,6.02,10,0
PHR,60,20240614,100000,6.02,6.02,6.02,6.02,130,0
PHR,60,20240614,110000,6.02,6.02,6.02,6.02,300,0
PHR,60,20240614,150000,6,6,6,6,420,0
PHR,60,20240614,160000,6,6,6,6,5,0
PHR,60,20240614,170000,6,6,6,6,75,0
PHR,60,20240617,100000,5.98,6.08,5.98,6.04,2225,0
PHR,60,20240617,110000,6.04,6.04,5.96,5.96,2057,0
PHR,60,20240617,120000,6,6,6,6,22,0
PHR,60,20240617,150000,6,6,5.94,5.94,1302,0
PHR,60,20240617,160000,6,6,6,6,860,0
PHR,60,20240618,100000,6,6,6,6,13,0
PHR,60,20240618,130000,5.94,5.94,5.9,5.9,1887,0
PHR,60,20240618,140000,5.88,5.88,5.86,5.86,227,0
PHR,60,20240618,150000,5.84,5.9,5.8,5.8,304,0
PHR,60,20240618,160000,5.9,5.96,5.9,5.96,1829,0
PHR,60,20240619,100000,5.9,5.9,5.9,5.9,445,0
PHR,60,20240619,110000,5.96,5.96,5.96,5.96,2,0
PHR,60,20240619,120000,5.96,5.96,5.96,5.96,64,0
PHR,60,20240619,130000,5.88,5.88,5.86,5.86,767,0
PHR,60,20240619,140000,5.96,5.96,5.86,5.94,806,0
PHR,60,20240619,150000,5.94,5.94,5.94,5.94,107,0
PHR,60,20240619,170000,5.86,5.92,5.86,5.92,1402,0
PHR,60,20240620,100000,5.92,5.92,5.92,5.92,9,0
PHR,60,20240620,110000,5.86,5.92,5.86,5.92,1012,0
PHR,60,20240620,150000,5.9,5.9,5.82,5.82,255,0
PHR,60,20240620,170000,5.88,5.9,5.88,5.9,2780,0
PHR,60,20240621,100000,5.92,5.92,5.86,5.92,11,0
PHR,60,20240621,110000,5.92,6.1,5.92,6.1,1467,0
PHR,60,20240621,120000,6,6,6,6,200,0
PHR,60,20240621,140000,5.94,5.94,5.9,5.9,130,0
PHR,60,20240621,150000,5.98,6,5.98,6,270,0
PHR,60,20240621,160000,5.92,5.92,5.92,5.92,349,0
PHR,60,20240624,100000,6.06,6.06,6.04,6.04,168,0
PHR,60,20240624,130000,6.02,6.02,6.02,6.02,180,0
PHR,60,20240624,140000,6.02,6.06,5.94,5.94,2908,0
PHR,60,20240624,150000,5.94,5.94,5.94,5.94,7,0
PHR,60,20240624,160000,6.02,6.02,6.02,6.02,2,0
PHR,60,20240625,100000,6.02,6.02,6,6,12,0
PHR,60,20240625,120000,6,6.02,6,6,884,0
PHR,60,20240625,130000,6.02,6.04,6.02,6.04,15,0
PHR,60,20240625,140000,6.02,6.02,6.02,6.02,656,0
PHR,60,20240625,150000,5.94,5.94,5.94,5.94,100,0
PHR,60,20240625,160000,6.02,6.02,6.02,6.02,2,0
PHR,60,20240626,100000,6.02,6.02,5.9,6,3378,0
PHR,60,20240626,170000,6.02,6.04,6.02,6.02,1332,0
PHR,60,20240627,100000,6.04,6.04,6.02,6.04,579,0
PHR,60,20240627,130000,6,6,6,6,500,0
PHR,60,20240627,140000,5.96,5.96,5.96,5.96,150,0
PHR,60,20240627,150000,6.02,6.02,6.02,6.02,2,0
PHR,60,20240627,160000,6.02,6.02,6.02,6.02,1200,0
PHR,60,20240627,170000,6,6.1,6,6.1,912,0
PHR,60,20240628,100000,6.1,6.1,6.1,6.1,356,0
PHR,60,20240628,110000,6.08,6.08,6.08,6.08,8,0
PHR,60,20240628,160000,6.04,6.04,6,6,300,0
PHR,60,20240628,170000,6.02,6.04,6,6.04,359,0
PHR,60,20240701,100000,6.04,6.04,5.8,6.04,2723,0
PHR,60,20240701,120000,6.02,6.02,6,6,493,0
PHR,60,20240701,130000,6,6,6,6,5,0
PHR,60,20240701,140000,6,6,6,6,50,0
PHR,60,20240701,170000,6,6.04,6,6.04,2238,0
PHR,60,20240702,100000,6.02,6.02,5.96,5.96,19,0
PHR,60,20240702,110000,5.96,6.04,5.96,5.96,1499,0
PHR,60,20240702,140000,5.98,5.98,5.98,5.98,122,0
PHR,60,20240702,150000,5.98,6,5.98,6,35,0
PHR,60,20240703,100000,6,6.04,6,6.04,101,0
PHR,60,20240703,110000,6.04,6.08,6.04,6.08,1600,0
PHR,60,20240703,120000,6.08,6.1,6.08,6.1,1824,0
PHR,60,20240703,130000,6.12,6.26,6.12,6.26,497,0
PHR,60,20240703,140000,6.2,6.22,6.12,6.22,174,0
PHR,60,20240703,160000,6.18,6.18,6.18,6.18,4,0
PHR,60,20240703,170000,6.18,6.22,6.12,6.22,405,0
PHR,60,20240704,100000,6.2,6.2,6.2,6.2,4,0
PHR,60,20240704,130000,6.16,6.16,6.08,6.08,208,0
PHR,60,20240704,150000,6.18,6.2,6.18,6.2,1300,0
PHR,60,20240704,170000,6.2,6.22,6.2,6.22,12,0
PHR,60,20240705,100000,6.2,6.2,6.2,6.2,2,0
PHR,60,20240705,130000,6.1,6.1,6.1,6.1,59,0
PHR,60,20240705,140000,6.1,6.1,6.1,6.1,6,0
PHR,60,20240705,170000,6.16,6.2,6.16,6.2,25,0
PHR,60,20240708,100000,6.2,6.42,6.2,6.42,2252,0
PHR,60,20240708,110000,6.42,6.42,6.34,6.34,254,0
PHR,60,20240708,120000,6.1,6.34,6.1,6.34,1263,0
PHR,60,20240708,130000,6.32,6.32,6.32,6.32,11,0
PHR,60,20240708,150000,6.26,6.42,6.26,6.42,993,0
PHR,60,20240708,160000,6.42,6.42,6.36,6.36,480,0
PHR,60,20240708,170000,6.32,6.32,6.32,6.32,690,0
PHR,60,20240709,100000,6.4,6.4,6.4,6.4,10,0
PHR,60,20240709,120000,6.4,6.4,6.38,6.4,1773,0
PHR,60,20240709,130000,6.4,6.48,6.4,6.48,14965,0
PHR,60,20240709,140000,6.44,6.44,6.44,6.44,100,0
PHR,60,20240709,150000,6.5,6.5,6.44,6.44,191,0
PHR,60,20240709,160000,6.5,6.6,6.5,6.6,1875,0
PHR,60,20240709,170000,6.62,6.62,6.5,6.6,1278,0
PHR,60,20240710,100000,6.46,6.46,6.28,6.4,4647,0
PHR,60,20240710,110000,6.54,6.54,6.54,6.54,5,0
PHR,60,20240710,120000,6.5,6.5,6.4,6.4,231,0
PHR,60,20240710,140000,6.54,6.54,6.54,6.54,815,0
PHR,60,20240710,150000,6.54,6.54,6.38,6.38,100,0
PHR,60,20240710,160000,6.4,6.5,6.38,6.5,12,0
PHR,60,20240710,170000,6.5,6.5,6.5,6.5,220,0
PHR,60,20240711,100000,6.48,6.56,6.42,6.42,606,0
PHR,60,20240711,110000,6.46,6.46,6.46,6.46,2,0
PHR,60,20240711,120000,6.46,6.46,6.46,6.46,438,0
PHR,60,20240711,170000,6.54,6.56,6.54,6.56,1002,0
PHR,60,20240712,100000,6.56,6.64,6.52,6.64,1684,0
PHR,60,20240712,110000,6.6,6.6,6.6,6.6,71,0
PHR,60,20240712,130000,6.6,6.6,6.6,6.6,5,0
PHR,60,20240712,150000,6.6,6.6,6.6,6.6,17772,0
PHR,60,20240712,160000,6.5,6.5,6.5,6.5,1000,0
PHR,60,20240712,170000,6.58,6.58,6.58,6.58,2,0
PHR,60,20240715,100000,6.62,6.62,6.62,6.62,14,0
PHR,60,20240715,110000,6.62,6.62,6.46,6.46,360,0
PHR,60,20240715,120000,6.6,6.6,6.34,6.34,912,0
PHR,60,20240715,130000,6.4,6.4,6.4,6.4,492,0
PHR,60,20240715,140000,6.6,6.6,6.6,6.6,210,0
PHR,60,20240715,150000,6.6,6.6,6.6,6.6,90,0
PHR,60,20240715,160000,6.58,6.58,6.58,6.58,1,0
PHR,60,20240716,110000,6.56,6.56,6.56,6.56,2,0
PHR,60,20240716,120000,6.42,6.56,6.42,6.56,67,0
PHR,60,20240716,130000,6.42,6.42,6.38,6.38,1105,0
PHR,60,20240716,140000,6.36,6.36,6.36,6.36,50,0
PHR,60,20240716,150000,6.5,6.5,6.5,6.5,15,0
PHR,60,20240716,170000,6.5,6.5,6.5,6.5,200,0
PHR,60,20240717,130000,6.36,6.36,6.36,6.36,640,0
PHR,60,20240717,140000,6.36,6.36,6.36,6.36,120,0
PHR,60,20240717,150000,6.36,6.36,6.34,6.34,783,0
PHR,60,20240717,160000,6.36,6.36,6.32,6.32,9,0
PHR,60,20240717,170000,6.36,6.46,6.36,6.46,199,0
PHR,60,20240718,100000,6.18,6.38,6.18,6.28,1001,0
PHR,60,20240718,110000,6.26,6.26,6.26,6.26,657,0
PHR,60,20240718,130000,6.26,6.26,6.12,6.12,1000,0
PHR,60,20240718,140000,6.16,6.18,6.14,6.18,1797,0
PHR,60,20240718,150000,6.2,6.2,6.18,6.18,410,0
PHR,60,20240718,160000,6.16,6.16,6.16,6.16,498,0
PHR,60,20240718,170000,6.16,6.34,6.16,6.34,344,0
PHR,60,20240719,100000,6.12,6.28,6.04,6.28,1517,0
PHR,60,20240719,110000,6.12,6.3,6.1,6.1,501,0
PHR,60,20240719,120000,6.12,6.12,6.12,6.12,71,0
PHR,60,20240719,130000,6.24,6.28,6.24,6.28,682,0
PHR,60,20240719,140000,6.36,6.36,6.28,6.28,151,0
PHR,60,20240719,150000,6.16,6.16,6.16,6.16,40,0
PHR,60,20240719,160000,6.18,6.18,6.14,6.14,1588,0
PHR,60,20240719,170000,6.16,6.26,6.14,6.26,687,0
PHR,60,20240722,100000,6.14,6.18,6.02,6.18,1453,0
PHR,60,20240722,110000,6.02,6.04,6.02,6.02,430,0
PHR,60,20240722,120000,6.14,6.14,6.14,6.14,80,0
PHR,60,20240722,130000,6.12,6.12,6.12,6.12,2,0
PHR,60,20240722,140000,6.06,6.06,6.06,6.06,10,0
PHR,60,20240722,150000,6.12,6.12,6.06,6.06,303,0
PHR,60,20240722,160000,6.08,6.08,6.08,6.08,500,0
PHR,60,20240722,170000,6.08,6.14,6.08,6.14,373,0
PHR,60,20240723,100000,6.14,6.14,6.1,6.1,233,0
PHR,60,20240723,120000,6.1,6.12,6.1,6.12,200,0
PHR,60,20240723,140000,6.06,6.12,6.06,6.12,200,0
PHR,60,20240723,150000,6.12,6.12,6.12,6.12,17,0
PHR,60,20240723,160000,6.06,6.06,5.98,5.98,1781,0
PHR,60,20240723,170000,6.1,6.1,6.1,6.1,3,0
PHR,60,20240724,100000,6,6.1,6,6.1,1241,0
PHR,60,20240724,120000,6.1,6.1,6.1,6.1,1,0
PHR,60,20240724,130000,6.2,6.22,6.2,6.22,550,0
PHR,60,20240724,140000,6.12,6.12,6.12,6.12,2,0
PHR,60,20240724,150000,6.2,6.2,6.2,6.2,167,0
PHR,60,20240724,160000,6.12,6.12,6.02,6.02,5,0
PHR,60,20240724,170000,6.2,6.2,6.02,6.2,304,0
PHR,60,20240725,100000,6.16,6.16,6.16,6.16,16,0
PHR,60,20240725,110000,6.02,6.02,6.02,6.02,100,0
PHR,60,20240725,160000,6.1,6.1,6.06,6.06,350,0
PHR,60,20240725,170000,6.04,6.1,6.04,6.1,102,0
PHR,60,20240726,100000,6.12,6.12,6.12,6.12,17,0
PHR,60,20240726,110000,6,6.18,6,6.18,1166,0
PHR,60,20240726,120000,6.18,6.2,6.18,6.2,337,0
PHR,60,20240726,130000,6.2,6.2,6.2,6.2,3,0
PHR,60,20240726,140000,6.2,6.48,6.2,6.48,2793,0
PHR,60,20240726,150000,6.44,6.52,6.4,6.4,1190,0
PHR,60,20240726,160000,6.4,6.5,6.4,6.48,300,0
PHR,60,20240726,170000,6.48,6.48,6.48,6.48,4,0
PHR,60,20240729,100000,6.54,6.54,6.4,6.5,3342,0
PHR,60,20240729,110000,6.46,6.46,6.46,6.46,350,0
PHR,60,20240729,120000,6.42,6.42,6.4,6.4,2639,0
PHR,60,20240729,150000,6.4,6.4,6.4,6.4,48,0
PHR,60,20240729,170000,6.42,6.42,6.4,6.4,16,0
PHR,60,20240730,100000,6.5,6.5,6.26,6.26,463,0
PHR,60,20240730,110000,6.26,6.26,6.26,6.26,133,0
PHR,60,20240730,130000,6.38,6.38,6.38,6.38,22,0
PHR,60,20240730,170000,6.26,6.26,6.24,6.24,234,0
PHR,60,20240731,130000,6.32,6.32,6.32,6.32,387,0
PHR,60,20240731,140000,6.3,6.34,6.3,6.34,828,0
PHR,60,20240731,160000,6.26,6.26,6.26,6.26,142,0
PHR,60,20240731,170000,6.32,6.32,6.32,6.32,3,0
PHR,60,20240801,100000,6.36,6.46,6.28,6.3,2700,0
PHR,60,20240801,110000,6.28,6.28,6.28,6.28,39,0
PHR,60,20240801,120000,6.24,6.26,6.22,6.26,514,0
PHR,60,20240801,140000,6.28,6.28,6.28,6.28,8,0
PHR,60,20240801,170000,6.24,6.38,6.24,6.34,1040,0
PHR,60,20240802,100000,6.28,6.28,6.28,6.28,3,0
PHR,60,20240802,110000,6.14,6.14,6.14,6.14,226,0
PHR,60,20240802,130000,6.14,6.28,6.14,6.28,32,0
PHR,60,20240805,100000,6.24,6.24,6.08,6.1,3314,0
PHR,60,20240805,110000,6.1,6.1,6,6,2509,0
PHR,60,20240805,120000,6,6.1,6,6.1,513,0
PHR,60,20240805,130000,6.06,6.06,5.98,5.98,522,0
PHR,60,20240805,140000,5.9,5.9,5.78,5.9,873,0
PHR,60,20240805,150000,5.84,5.9,5.8,5.9,1320,0
PHR,60,20240805,160000,5.9,5.9,5.86,5.9,355,0
PHR,60,20240805,170000,5.9,6,5.9,6,1305,0
PHR,60,20240806,100000,6,6.2,6,6.1,3816,0
PHR,60,20240806,110000,6.18,6.18,6.04,6.04,854,0
PHR,60,20240806,160000,6.14,6.14,6.14,6.14,88,0
PHR,60,20240806,170000,6.16,6.18,6.16,6.18,303,0
PHR,60,20240807,100000,6.16,6.28,6.06,6.06,4027,0
PHR,60,20240807,110000,6.12,6.12,6.12,6.12,2,0
PHR,60,20240807,140000,6.1,6.1,6.1,6.1,2,0
PHR,60,20240807,160000,6.02,6.02,6.02,6.02,122,0
PHR,60,20240807,170000,6.08,6.08,6.08,6.08,12,0
PHR,60,20240808,100000,6.16,6.16,5.84,5.84,1093,0
PHR,60,20240808,120000,6.08,6.08,6.08,6.08,1,0
PHR,60,20240808,160000,6.08,6.1,6.08,6.1,12,0
PHR,60,20240809,110000,6.06,6.06,6.06,6.06,2,0
PHR,60,20240809,130000,6,6,6,6,2,0
PHR,60,20240809,150000,6.06,6.06,6.06,6.06,1214,0
PHR,60,20240809,160000,6.06,6.06,6.06,6.06,184,0
PHR,60,20240809,170000,6.08,6.08,6.08,6.08,156,0
PHR,60,20240812,100000,5.96,6.08,5.9,6.08,704,0
PHR,60,20240812,110000,5.94,5.94,5.62,5.8,5323,0
PHR,60,20240812,120000,5.82,5.84,5.76,5.76,457,0
PHR,60,20240812,130000,5.82,5.9,5.7,5.7,4377,0
PHR,60,20240812,140000,5.84,5.88,5.84,5.88,270,0
PHR,60,20240812,160000,5.88,5.9,5.88,5.88,304,0
PHR,60,20240812,170000,5.88,5.88,5.88,5.88,100,0
PHR,60,20240813,100000,5.88,5.88,5.88,5.88,94,0
PHR,60,20240813,110000,5.9,5.94,5.9,5.94,320,0
PHR,60,20240813,130000,5.92,6,5.92,6,7,0
PHR,60,20240813,160000,5.98,6,5.98,6,102,0
PHR,60,20240814,100000,5.98,5.98,5.98,5.98,127,0
PHR,60,20240814,110000,5.98,6.16,5.98,6.16,723,0
PHR,60,20240814,140000,5.94,5.94,5.84,5.84,1079,0
PHR,60,20240814,170000,5.94,5.94,5.94,5.94,50,0
PHR,60,20240816,100000,5.96,5.96,5.84,5.9,1898,0
PHR,60,20240816,110000,5.9,5.9,5.9,5.9,300,0
PHR,60,20240816,130000,5.84,5.84,5.8,5.8,1009,0
PHR,60,20240816,150000,5.88,5.94,5.88,5.94,306,0
PHR,60,20240816,160000,5.94,5.96,5.88,5.88,1046,0
PHR,60,20240816,170000,5.9,5.9,5.9,5.9,170,0
PHR,60,20240819,100000,5.8,5.88,5.8,5.88,402,0
PHR,60,20240819,110000,5.82,5.88,5.82,5.88,45,0
PHR,60,20240819,120000,5.88,5.88,5.88,5.88,50,0
PHR,60,20240819,130000,5.88,5.88,5.88,5.88,59,0
PHR,60,20240819,160000,5.98,6.06,5.98,6.06,35,0
PHR,60,20240819,170000,5.88,6,5.84,6,530,0
PHR,60,20240820,100000,6,6,6,6,143,0
PHR,60,20240820,110000,6,6,6,6,3,0
PHR,60,20240820,120000,5.9,5.9,5.9,5.9,400,0
PHR,60,20240820,130000,5.96,6,5.9,6,1224,0
PHR,60,20240820,140000,5.9,5.9,5.88,5.88,862,0
PHR,60,20240820,150000,5.88,5.88,5.88,5.88,97,0
PHR,60,20240820,160000,5.9,5.9,5.9,5.9,130,0
PHR,60,20240820,170000,5.9,6,5.9,6,9,0
PHR,60,20240821,100000,5.9,5.9,5.9,5.9,37,0
PHR,60,20240821,110000,5.9,5.9,5.9,5.9,273,0
PHR,60,20240821,140000,5.9,5.9,5.9,5.9,16,0
PHR,60,20240821,150000,5.98,6,5.88,5.92,3687,0
PHR,60,20240821,160000,5.9,6,5.9,6,669,0
PHR,60,20240822,100000,6.06,6.06,5.88,5.88,956,0
PHR,60,20240822,130000,6,6,5.98,5.98,24,0
PHR,60,20240822,140000,6,6,6,6,2,0
PHR,60,20240822,170000,5.98,5.98,5.98,5.98,7,0
PHR,60,20240823,100000,5.88,5.88,5.86,5.88,460,0
PHR,60,20240823,150000,5.98,5.98,5.98,5.98,350,0
PHR,60,20240823,170000,5.98,6,5.86,6,198,0
PHR,60,20240826,100000,6,6,6,6,50,0
PHR,60,20240826,130000,5.98,5.98,5.88,5.88,519,0
PHR,60,20240826,140000,5.88,5.88,5.88,5.88,417,0
PHR,60,20240826,160000,5.98,5.98,5.98,5.98,4,0
PHR,60,20240828,100000,5.98,6,5.84,5.84,5587,0
PHR,60,20240828,110000,5.84,5.84,5.8,5.82,1278,0
PHR,60,20240828,120000,5.8,5.82,5.8,5.82,824,0
PHR,60,20240828,140000,5.82,5.82,5.82,5.82,12,0
PHR,60,20240828,150000,5.82,5.82,5.8,5.8,574,0
PHR,60,20240828,160000,5.84,5.84,5.84,5.84,332,0
PHR,60,20240828,170000,5.84,5.96,5.84,5.96,608,0
PHR,60,20240829,120000,5.96,5.96,5.96,5.96,83,0
PHR,60,20240829,140000,5.96,6,5.96,6,118,0
PHR,60,20240829,150000,5.96,5.96,5.96,5.96,15,0
PHR,60,20240829,170000,5.98,5.98,5.98,5.98,20,0
PHR,60,20240830,100000,5.98,6,5.8,5.8,569,0
PHR,60,20240830,110000,5.9,6,5.9,6,1000,0
PHR,60,20240830,120000,6,6,6,6,350,0
PHR,60,20240830,130000,5.98,5.98,5.98,5.98,10,0
PHR,60,20240830,160000,5.98,5.98,5.98,5.98,76,0
PHR,60,20240830,170000,5.98,6,5.98,6,186,0
PHR,60,20240902,100000,6,6,6,6,17,0
PHR,60,20240902,120000,6,6,6,6,27,0
PHR,60,20240902,140000,6,6,5.88,5.88,702,0
PHR,60,20240902,150000,5.86,5.88,5.86,5.88,15,0
PHR,60,20240902,160000,5.88,5.88,5.88,5.88,46,0
PHR,60,20240902,170000,5.96,5.96,5.96,5.96,2,0
PHR,60,20240903,120000,5.88,5.88,5.88,5.88,11,0
PHR,60,20240903,130000,5.9,5.9,5.88,5.88,652,0
PHR,60,20240903,140000,5.86,5.86,5.86,5.86,24,0
PHR,60,20240904,100000,5.9,5.92,5.62,5.62,5264,0
PHR,60,20240904,110000,5.7,5.7,5.7,5.7,3,0
PHR,60,20240904,120000,5.84,5.84,5.82,5.82,220,0
PHR,60,20240904,130000,5.82,5.82,5.62,5.82,3061,0
PHR,60,20240904,140000,5.84,5.88,5.52,5.64,5041,0
PHR,60,20240904,150000,5.6,5.74,5.6,5.74,724,0
PHR,60,20240904,160000,5.74,5.74,5.7,5.7,211,0
PHR,60,20240904,170000,5.78,5.8,5.78,5.8,286,0
PHR,60,20240905,100000,5.7,5.76,5.68,5.76,291,0
PHR,60,20240905,110000,5.8,5.84,5.8,5.84,213,0
PHR,60,20240905,120000,5.84,5.84,5.84,5.84,25,0
PHR,60,20240905,130000,5.84,5.84,5.84,5.84,40,0
PHR,60,20240905,150000,5.84,5.84,5.84,5.84,120,0
PHR,60,20240905,160000,5.76,5.78,5.76,5.78,230,0
PHR,60,20240905,170000,5.78,5.82,5.78,5.82,80,0
PHR,60,20240906,100000,5.82,5.9,5.66,5.66,750,0
PHR,60,20240906,110000,5.88,5.88,5.88,5.88,2,0
PHR,60,20240906,130000,5.72,5.82,5.72,5.82,307,0
PHR,60,20240906,140000,5.82,5.82,5.82,5.82,10,0
PHR,60,20240906,160000,5.74,5.74,5.72,5.72,112,0
PHR,60,20240906,170000,5.72,5.78,5.7,5.78,652,0
PHR,60,20240909,100000,5.78,5.82,5.78,5.82,171,0
PHR,60,20240909,110000,5.78,5.78,5.78,5.78,141,0
PHR,60,20240909,120000,5.8,5.8,5.8,5.8,1000,0
PHR,60,20240909,130000,5.78,5.78,5.78,5.78,200,0
PHR,60,20240909,140000,5.82,5.82,5.82,5.82,3,0
PHR,60,20240909,160000,5.72,5.8,5.66,5.8,914,0
PHR,60,20240910,100000,5.66,5.82,5.66,5.82,12,0
PHR,60,20240910,110000,5.8,5.8,5.8,5.8,5,0
PHR,60,20240910,120000,5.8,5.8,5.8,5.8,2,0
PHR,60,20240910,130000,5.66,5.66,5.66,5.66,278,0
PHR,60,20240910,150000,5.78,5.78,5.78,5.78,2,0
PHR,60,20240910,160000,5.78,5.78,5.78,5.78,4,0
PHR,60,20240910,170000,5.7,5.7,5.56,5.7,130,0
PHR,60,20240911,100000,5.7,5.7,5.52,5.56,893,0
PHR,60,20240911,110000,5.56,5.58,5.5,5.5,2193,0
PHR,60,20240911,120000,5.7,5.7,5.6,5.6,151,0
PHR,60,20240911,170000,5.7,5.7,5.7,5.7,14,0
PHR,60,20240912,100000,5.72,5.72,5.5,5.5,3880,0
PHR,60,20240912,110000,5.66,5.68,5.66,5.68,201,0
PHR,60,20240912,120000,5.68,5.78,5.68,5.78,172,0
PHR,60,20240912,130000,5.76,5.76,5.58,5.62,247,0
PHR,60,20240912,140000,5.64,5.64,5.64,5.64,2,0
PHR,60,20240912,150000,5.6,5.74,5.6,5.74,731,0
PHR,60,20240913,100000,5.72,5.72,5.64,5.64,1000,0
PHR,60,20240913,110000,5.64,5.64,5.64,5.64,250,0
PHR,60,20240913,120000,5.7,5.7,5.7,5.7,2,0
PHR,60,20240913,150000,5.7,5.7,5.7,5.7,5,0
PHR,60,20240913,170000,5.7,5.7,5.7,5.7,62,0
PHR,60,20240916,100000,5.74,5.74,5.74,5.74,14,0
PHR,60,20240916,110000,5.74,5.74,5.74,5.74,7,0
PHR,60,20240917,100000,5.72,5.72,5.72,5.72,23,0
PHR,60,20240917,160000,5.7,5.7,5.7,5.7,297,0
PHR,60,20240917,170000,5.7,5.72,5.7,5.72,133,0
PHR,60,20240918,100000,5.7,5.72,5.58,5.58,219,0
PHR,60,20240918,110000,5.74,5.74,5.74,5.74,1,0
PHR,60,20240918,120000,5.74,5.74,5.74,5.74,876,0
PHR,60,20240918,140000,5.76,5.76,5.5,5.5,1134,0
PHR,60,20240918,150000,5.52,5.52,5.5,5.5,1500,0
PHR,60,20240918,160000,5.68,5.68,5.68,5.68,139,0
PHR,60,20240918,170000,5.68,5.68,5.54,5.54,253,0
PHR,60,20240919,100000,5.54,5.74,5.54,5.74,1005,0
PHR,60,20240919,130000,5.62,5.7,5.62,5.7,36,0
PHR,60,20240919,150000,5.6,5.6,5.6,5.6,10,0
PHR,60,20240919,160000,5.7,5.7,5.7,5.7,14,0
PHR,60,20240919,170000,5.72,5.72,5.72,5.72,89,0
PHR,60,20240920,120000,5.72,5.72,5.72,5.72,539,0
PHR,60,20240920,150000,5.72,5.72,5.72,5.72,114,0
PHR,60,20240920,160000,5.7,5.7,5.7,5.7,40,0
PHR,60,20240923,100000,5.6,5.6,5.6,5.6,901,0
PHR,60,20240923,110000,5.7,5.7,5.6,5.6,20,0
PHR,60,20240923,150000,5.6,5.6,5.6,5.6,463,0
PHR,60,20240923,170000,5.64,5.64,5.64,5.64,12,0
PHR,60,20240924,100000,5.64,5.72,5.64,5.72,189,0
PHR,60,20240925,110000,5.56,5.56,5.56,5.56,1028,0
PHR,60,20240925,120000,5.56,5.7,5.56,5.7,820,0
PHR,60,20240926,100000,5.62,5.68,5.62,5.68,216,0
PHR,60,20240926,120000,5.58,5.58,5.54,5.54,18,0
PHR,60,20240926,130000,5.54,5.54,5.54,5.54,515,0
PHR,60,20240926,140000,5.68,5.68,5.68,5.68,15,0
PHR,60,20240927,100000,5.62,5.72,5.54,5.54,150,0
PHR,60,20240927,110000,5.58,5.6,5.58,5.6,77,0
PHR,60,20240927,120000,5.6,5.6,5.6,5.6,302,0
PHR,60,20240927,140000,5.54,5.54,5.5,5.5,7950,0
PHR,60,20240927,150000,5.5,5.58,5.42,5.42,750,0
PHR,60,20240927,160000,5.6,5.7,5.6,5.6,200,0
PHR,60,20240927,170000,5.7,5.7,5.7,5.7,100,0
PHR,60,20240930,100000,5.76,5.76,5.76,5.76,3,0
PHR,60,20240930,110000,5.6,5.6,5.6,5.6,529,0
PHR,60,20240930,150000,5.6,5.6,5.6,5.6,871,0
PHR,60,20240930,160000,5.62,5.7,5.62,5.7,585,0
PHR,60,20240930,170000,5.62,5.7,5.6,5.7,1349,0
PHR,60,20241001,130000,5.66,5.66,5.66,5.66,2,0
PHR,60,20241002,100000,5.66,5.66,5.56,5.56,2089,0
PHR,60,20241002,110000,5.5,5.5,5.42,5.42,317,0
PHR,60,20241002,120000,5.54,5.54,5.54,5.54,2000,0
PHR,60,20241002,130000,5.56,5.56,5.42,5.42,600,0
PHR,60,20241002,140000,5.44,5.44,5.44,5.44,453,0
PHR,60,20241002,160000,5.46,5.6,5.46,5.6,1202,0
PHR,60,20241002,170000,5.6,5.6,5.6,5.6,66,0
PHR,60,20241003,100000,5.6,5.6,5.5,5.58,1503,0
PHR,60,20241003,150000,5.56,5.56,5.46,5.46,38,0
PHR,60,20241003,160000,5.5,5.5,5.5,5.5,100,0
PHR,60,20241003,170000,5.5,5.56,5.5,5.56,64,0
PHR,60,20241004,100000,5.46,5.46,5.42,5.42,300,0
PHR,60,20241004,160000,5.56,5.56,5.56,5.56,14,0
PHR,60,20241007,100000,5.44,5.44,5.44,5.44,1,0
PHR,60,20241007,110000,5.44,5.44,5.44,5.44,966,0
PHR,60,20241007,120000,5.4,5.4,5.4,5.4,20,0
PHR,60,20241007,130000,5.4,5.4,5.4,5.4,15,0
PHR,60,20241007,140000,5.54,5.54,5.4,5.4,202,0
PHR,60,20241007,160000,5.4,5.52,5.28,5.28,432,0
PHR,60,20241007,170000,5.5,5.5,5.5,5.5,10,0
PHR,60,20241008,100000,5.3,5.3,5.3,5.3,900,0
PHR,60,20241008,110000,5.28,5.34,5.2,5.32,2678,0
PHR,60,20241008,120000,5.4,5.4,5.4,5.4,200,0
PHR,60,20241008,130000,5.5,5.5,5.5,5.5,10,0
PHR,60,20241008,150000,5.5,5.5,5.5,5.5,2,0
PHR,60,20241008,160000,5.5,5.5,5.5,5.5,20,0
PHR,60,20241008,170000,5.5,5.5,5.5,5.5,250,0
PHR,60,20241009,100000,5.28,5.48,5.2,5.24,804,0
PHR,60,20241009,120000,5.3,5.3,5.3,5.3,100,0
PHR,60,20241009,140000,5.3,5.3,5.3,5.3,330,0
PHR,60,20241009,150000,5.3,5.3,5.3,5.3,505,0
PHR,60,20241009,160000,5.3,5.48,5.3,5.48,1105,0
PHR,60,20241010,100000,5.26,5.44,5.26,5.44,32,0
PHR,60,20241010,130000,5.44,5.44,5.44,5.44,10,0
PHR,60,20241010,140000,5.44,5.44,5.44,5.44,35,0
PHR,60,20241010,150000,5.3,5.3,5.26,5.26,870,0
PHR,60,20241010,160000,5.4,5.4,5.4,5.4,12,0
PHR,60,20241011,100000,5.38,5.4,5.38,5.4,24,0
PHR,60,20241011,130000,5.4,5.4,5.4,5.4,650,0
PHR,60,20241011,160000,5.4,5.4,5.4,5.4,11,0
PHR,60,20241014,100000,5.3,5.38,5.3,5.38,394,0
PHR,60,20241014,130000,5.38,5.38,5.38,5.38,2,0
PHR,60,20241014,140000,5.38,5.4,5.38,5.4,1139,0
PHR,60,20241014,150000,5.26,5.26,5.26,5.26,10,0
PHR,60,20241014,160000,5.4,5.4,5.4,5.4,114,0
PHR,60,20241014,170000,5.26,5.4,5.26,5.4,139,0
PHR,60,20241015,100000,5.3,5.4,5.3,5.4,19,0
PHR,60,20241015,120000,5.36,5.5,5.26,5.26,5013,0
PHR,60,20241015,160000,5.48,5.48,5.48,5.48,14,0
PHR,60,20241017,120000,5.48,5.54,5.4,5.46,6015,0
PHR,60,20241017,130000,5.46,5.46,5.46,5.46,50,0
PHR,60,20241017,160000,5.34,5.34,5.34,5.34,914,0
PHR,60,20241018,100000,5.44,5.44,5.44,5.44,5,0
PHR,60,20241018,120000,5.44,5.44,5.44,5.44,2,0
PHR,60,20241021,100000,5.44,5.44,5.34,5.34,9,0
PHR,60,20241021,130000,5.44,5.44,5.42,5.42,1540,0
PHR,60,20241021,140000,5.4,5.4,5.4,5.4,773,0
PHR,60,20241021,170000,5.42,5.42,5.42,5.42,59,0
PHR,60,20241022,110000,5.4,5.4,5.4,5.4,100,0
PHR,60,20241022,120000,5.42,5.42,5.42,5.42,6,0
PHR,60,20241022,140000,5.38,5.38,5.38,5.38,49,0
PHR,60,20241022,160000,5.4,5.4,5.4,5.4,50,0
PHR,60,20241023,100000,5.44,5.44,5.44,5.44,40,0
PHR,60,20241023,120000,5.38,5.38,5.38,5.38,150,0
PHR,60,20241023,140000,5.44,5.44,5.44,5.44,79,0
PHR,60,20241023,150000,5.44,5.44,5.44,5.44,33,0
PHR,60,20241023,160000,5.44,5.44,5.44,5.44,2,0
PHR,60,20241023,170000,5.44,5.48,5.44,5.48,897,0
PHR,60,20241024,100000,5.38,5.42,5.18,5.42,1680,0
PHR,60,20241024,150000,5.22,5.42,5.22,5.42,142,0
PHR,60,20241024,160000,5.44,5.44,5.44,5.44,99,0
PHR,60,20241024,170000,5.3,5.46,5.3,5.46,176,0
PHR,60,20241025,100000,5.48,5.54,5.48,5.54,100,0
PHR,60,20241025,130000,5.32,5.32,5.32,5.32,4,0
PHR,60,20241025,150000,5.32,5.32,5.32,5.32,287,0
PHR,60,20241025,170000,5.32,5.34,5.32,5.34,219,0
PHR,60,20241028,100000,5.34,5.6,5.34,5.6,8,0
PHR,60,20241028,110000,5.54,5.54,5.54,5.54,11,0
PHR,60,20241028,120000,5.46,5.46,5.46,5.46,2,0
PHR,60,20241028,140000,5.44,5.44,5.44,5.44,155,0
PHR,60,20241029,100000,5.44,5.56,5.44,5.56,220,0
PHR,60,20241029,110000,5.48,5.48,5.48,5.48,500,0
PHR,60,20241030,100000,5.48,5.48,5.28,5.48,365,0
PHR,60,20241030,110000,5.28,5.42,5.28,5.42,71,0
PHR,60,20241030,130000,5.4,5.4,5.4,5.4,2,0
PHR,60,20241030,140000,5.3,5.3,5.3,5.3,500,0
PHR,60,20241030,150000,5.4,5.4,5.4,5.4,184,0
PHR,60,20241031,100000,5.4,5.42,5.32,5.42,1155,0
PHR,60,20241031,110000,5.3,5.3,5.3,5.3,891,0
PHR,60,20241031,120000,5.28,5.28,5.26,5.26,714,0
PHR,60,20241031,140000,5.26,5.26,5.26,5.26,1198,0
PHR,60,20241031,150000,5.26,5.36,5.24,5.24,1025,0
PHR,60,20241031,170000,5.36,5.36,5.36,5.36,120,0
PHR,60,20241104,110000,5.36,5.36,5.36,5.36,80,0
PHR,60,20241104,150000,5.3,5.3,5.18,5.18,5894,0
PHR,60,20241104,160000,5.18,5.18,5.18,5.18,341,0
PHR,60,20241104,170000,5.18,5.2,5.18,5.2,337,0
PHR,60,20241105,100000,5.16,5.18,5.16,5.18,303,0
PHR,60,20241105,110000,5.18,5.18,5.18,5.18,207,0
PHR,60,20241105,130000,5.18,5.18,5.18,5.18,5,0
PHR,60,20241105,140000,5.16,5.16,5.14,5.14,490,0
PHR,60,20241105,170000,5.18,5.18,5.18,5.18,14,0
PHR,60,20241106,100000,5.18,5.2,5.16,5.16,767,0
PHR,60,20241106,130000,5.14,5.16,5.14,5.16,5462,0
PHR,60,20241106,140000,5.14,5.16,5,5.16,8256,0
PHR,60,20241106,150000,5.16,5.16,5,5,220,0
PHR,60,20241106,160000,5.14,5.14,5.14,5.14,20,0
PHR,60,20241107,110000,5.12,5.12,5.02,5.12,904,0
PHR,60,20241107,130000,5.12,5.14,5.12,5.14,1041,0
PHR,60,20241107,140000,5.12,5.12,5.12,5.12,10,0
PHR,60,20241107,160000,5.12,5.12,5.12,5.12,100,0
PHR,60,20241107,170000,5.12,5.12,5.12,5.12,2,0
PHR,60,20241108,100000,5.24,5.24,5.24,5.24,38,0
PHR,60,20241108,110000,5.16,5.18,5.16,5.18,400,0
PHR,60,20241108,120000,5.06,5.18,5.04,5.18,153,0
PHR,60,20241108,130000,5.04,5.16,5.02,5.02,1414,0
PHR,60,20241108,140000,5.02,5.08,5.02,5.04,36,0
PHR,60,20241108,150000,5.16,5.16,5.16,5.16,50,0
PHR,60,20241108,160000,5.1,5.1,5.1,5.1,3000,0
PHR,60,20241108,170000,5.12,5.16,5.12,5.16,664,0
PHR,60,20241112,100000,5.16,5.16,5.16,5.16,100,0
PHR,60,20241112,110000,5.12,5.12,4.65,4.92,3103,0
PHR,60,20241112,120000,4.94,4.98,4.94,4.98,409,0
PHR,60,20241112,140000,4.98,4.98,4.98,4.98,200,0
PHR,60,20241112,150000,4.98,5.02,4.98,4.98,120,0
PHR,60,20241112,160000,4.96,5.06,4.91,4.91,54,0
PHR,60,20241112,170000,5.04,5.04,5.04,5.04,24,0
PHR,60,20241113,100000,5.02,5.02,5.02,5.02,33,0
PHR,60,20241113,110000,5.02,5.02,5.02,5.02,10,0
PHR,60,20241113,120000,5.02,5.02,5.02,5.02,100,0
PHR,60,20241113,140000,5.02,5.02,4.88,4.88,44,0
PHR,60,20241114,100000,4.87,5.02,4.86,5.02,184,0
PHR,60,20241114,130000,4.99,4.99,4.99,4.99,100,0
PHR,60,20241114,150000,4.99,4.99,4.91,4.99,56,0
PHR,60,20241114,160000,4.91,4.91,4.91,4.91,300,0
PHR,60,20241114,170000,4.98,4.98,4.98,4.98,814,0
PHR,60,20241115,100000,5,5.14,4.98,5.08,2202,0
PHR,60,20241115,120000,5.06,5.06,5.06,5.06,81,0
PHR,60,20241118,100000,5.04,5.06,5.04,5.06,175,0
PHR,60,20241118,130000,4.92,4.92,4.72,4.72,360,0
PHR,60,20241118,150000,4.9,4.9,4.9,4.9,14,0
PHR,60,20241118,170000,4.88,5,4.83,4.83,342,0
PHR,60,20241119,100000,5.04,5.04,4.82,5.04,103,0
PHR,60,20241119,110000,4.82,4.82,4.82,4.82,100,0
PHR,60,20241119,150000,4.88,4.88,4.88,4.88,13,0
PHR,60,20241119,160000,4.93,4.93,4.82,4.82,211,0
PHR,60,20241119,170000,4.9,4.9,4.82,4.9,437,0
PHR,60,20241120,100000,4.9,4.9,4.78,4.78,91,0
PHR,60,20241120,110000,4.87,4.87,4.87,4.87,3,0
PHR,60,20241120,120000,4.83,4.87,4.78,4.78,730,0
PHR,60,20241120,150000,4.89,4.89,4.88,4.88,23,0
PHR,60,20241120,170000,4.83,4.86,4.76,4.85,235,0
PHR,60,20241121,100000,4.88,4.88,4.85,4.85,25,0
PHR,60,20241121,110000,4.82,4.82,4.79,4.79,470,0
PHR,60,20241121,120000,4.72,4.72,4.72,4.72,62,0
PHR,60,20241121,130000,4.83,4.83,4.83,4.83,120,0
PHR,60,20241121,140000,4.84,4.84,4.84,4.84,3,0
PHR,60,20241121,170000,4.84,4.97,4.84,4.97,132,0
PHR,60,20241122,100000,4.97,4.97,4.97,4.97,10,0
PHR,60,20241122,110000,4.94,4.94,4.72,4.72,221,0
PHR,60,20241122,130000,4.9,4.9,4.9,4.9,1,0
PHR,60,20241122,150000,4.72,4.84,4.71,4.71,136,0
PHR,60,20241122,160000,4.87,4.87,4.87,4.87,14,0
PHR,60,20241122,170000,4.87,4.93,4.87,4.93,594,0
PHR,60,20241125,100000,5,5,5,5,475,0
PHR,60,20241125,110000,5,5.12,5,5.12,600,0
PHR,60,20241125,120000,5.1,5.1,5.08,5.08,12,0
PHR,60,20241125,130000,4.8,4.8,4.8,4.8,23,0
PHR,60,20241125,140000,4.8,4.8,4.8,4.8,47,0
PHR,60,20241125,150000,5.04,5.04,5.02,5.02,103,0
PHR,60,20241126,100000,5,5,5,5,5,0
PHR,60,20241126,130000,5,5,5,5,20,0
PHR,60,20241126,170000,5,5,5,5,10,0
PHR,60,20241127,100000,4.8,4.99,4.8,4.99,5005,0
PHR,60,20241127,110000,4.9,4.9,4.9,4.9,100,0
PHR,60,20241127,120000,4.86,4.86,4.8,4.8,590,0
PHR,60,20241127,130000,4.8,4.8,4.78,4.78,446,0
PHR,60,20241127,140000,4.78,4.78,4.78,4.78,414,0
PHR,60,20241128,100000,4.35,4.72,4.35,4.71,3515,0
PHR,60,20241128,110000,4.6,4.64,4.5,4.64,434,0
PHR,60,20241128,120000,4.7,4.77,4.52,4.65,505,0
PHR,60,20241128,130000,4.7,4.7,4.67,4.67,6,0
PHR,60,20241128,150000,4.5,4.59,4.5,4.59,62,0
PHR,60,20241128,160000,4.48,4.59,4.48,4.52,1189,0
PHR,60,20241129,100000,4.6,4.65,4.4,4.6,185,0
PHR,60,20241129,120000,4.59,4.59,4.59,4.59,34,0
PHR,60,20241129,130000,4.64,4.64,4.64,4.64,108,0
PHR,60,20241129,160000,4.54,4.64,4.54,4.64,49,0
PHR,60,20241202,100000,4.62,4.62,4.62,4.62,68,0
PHR,60,20241202,120000,4.61,4.61,4.61,4.61,20,0
PHR,60,20241202,130000,4.52,4.6,4.52,4.6,83,0
PHR,60,20241202,140000,4.42,4.42,4.3,4.3,1388,0
PHR,60,20241202,150000,4.59,4.59,4.59,4.59,3,0
PHR,60,20241202,170000,4.59,4.59,4.59,4.59,180,0
PHR,60,20241203,100000,4.59,4.59,4.59,4.59,14,0
PHR,60,20241203,110000,4.58,4.58,4.41,4.41,1125,0
PHR,60,20241203,120000,4.58,4.58,4.58,4.58,3,0
PHR,60,20241203,150000,4.5,4.58,4.5,4.58,1522,0
PHR,60,20241203,170000,4.54,4.54,4.54,4.54,6,0
PHR,60,20241204,110000,4.51,4.51,4.51,4.51,48,0
PHR,60,20241204,120000,4.51,4.51,4.51,4.51,3,0
PHR,60,20241204,130000,4.51,4.53,4.33,4.53,614,0
PHR,60,20241204,140000,4.52,4.52,4.52,4.52,22,0
PHR,60,20241204,160000,4.52,4.52,4.52,4.52,5,0
PHR,60,20241205,100000,4.52,4.53,4.44,4.44,283,0
PHR,60,20241205,110000,4.52,4.52,4.44,4.52,567,0
PHR,60,20241205,170000,4.49,4.49,4.49,4.49,3,0
PHR,60,20241206,100000,4.42,4.47,4.4,4.42,793,0
PHR,60,20241206,110000,4.4,4.47,4.32,4.47,3186,0
PHR,60,20241206,130000,4.47,4.47,4.47,4.47,311,0
PHR,60,20241206,140000,4.47,4.48,4.47,4.48,16,0
PHR,60,20241206,160000,4.46,4.47,4.46,4.47,211,0
PHR,60,20241209,100000,4.35,4.47,4.3,4.47,326,0
PHR,60,20241209,110000,4.47,4.47,4.45,4.47,57,0
PHR,60,20241209,120000,4.41,4.47,4.31,4.47,344,0
PHR,60,20241209,140000,4.31,4.31,4.3,4.3,807,0
PHR,60,20241209,150000,4.3,4.3,4.3,4.3,342,0
PHR,60,20241209,160000,4.3,4.45,4.3,4.45,3,0
PHR,60,20241210,100000,4.44,4.44,4.3,4.4,2013,0
PHR,60,20241210,110000,4.25,4.39,4.14,4.38,1440,0
PHR,60,20241210,120000,4.34,4.34,4.14,4.34,287,0
PHR,60,20241210,130000,4.17,4.17,4.14,4.14,500,0
PHR,60,20241210,140000,4.15,4.15,4.15,4.15,357,0
PHR,60,20241210,150000,4.23,4.24,4.23,4.24,4,0
PHR,60,20241210,170000,4.24,4.24,4.2,4.2,374,0
PHR,60,20241211,100000,4.2,4.28,4.2,4.28,811,0
PHR,60,20241211,110000,4.28,4.28,4.14,4.2,1351,0
PHR,60,20241211,120000,4.2,4.28,4.15,4.28,387,0
PHR,60,20241211,130000,4.27,4.27,4.14,4.14,1036,0
PHR,60,20241211,140000,4.2,4.26,4.2,4.26,567,0
PHR,60,20241211,150000,4.2,4.2,4.2,4.2,2,0
PHR,60,20241211,170000,4.25,4.26,4.14,4.14,118,0
PHR,60,20241212,100000,4.2,4.2,4.2,4.2,2,0
PHR,60,20241212,110000,4.15,4.25,4.12,4.25,887,0
PHR,60,20241212,130000,4.15,4.22,4.12,4.22,42,0
PHR,60,20241212,140000,4.22,4.22,4.12,4.16,481,0
PHR,60,20241212,150000,4.22,4.27,4.22,4.27,2887,0
PHR,60,20241212,160000,4.27,4.27,4.25,4.25,255,0
PHR,60,20241212,170000,4.25,4.25,4.25,4.25,4,0
PHR,60,20241213,100000,4.27,4.32,4.2,4.32,417,0
PHR,60,20241213,110000,4.32,4.32,4.32,4.32,218,0
PHR,60,20241213,120000,4.39,4.39,4.31,4.31,1174,0
PHR,60,20241213,130000,4.31,4.31,4.31,4.31,143,0
PHR,60,20241213,140000,4.3,4.3,4.2,4.2,1917,0
PHR,60,20241213,150000,4.3,4.3,4.3,4.3,2,0
PHR,60,20241213,160000,4.32,4.32,4.32,4.32,5,0
PHR,60,20241213,170000,4.32,4.32,4.32,4.32,5,0
PHR,60,20241216,100000,4.15,4.3,4.06,4.1,6072,0
PHR,60,20241216,110000,4.08,4.3,4.02,4.29,5102,0
PHR,60,20241216,140000,4.28,4.28,4.1,4.1,1864,0
PHR,60,20241216,150000,4.26,4.26,4.26,4.26,25,0
PHR,60,20241216,160000,4.08,4.22,4.08,4.22,32,0
PHR,60,20241216,170000,4.22,4.22,4.22,4.22,8,0
PHR,60,20241217,100000,4.1,4.1,4.1,4.1,1000,0
PHR,60,20241217,110000,4.21,4.21,4.21,4.21,34,0
PHR,60,20241217,120000,4.08,4.2,4.08,4.2,26,0
PHR,60,20241217,130000,4.2,4.2,4.2,4.2,3,0
PHR,60,20241217,160000,4.16,4.16,4.06,4.06,1541,0
PHR,60,20241217,170000,4.13,4.13,4.13,4.13,2,0
PHR,60,20241218,100000,4.02,4.13,4,4,1088,0
PHR,60,20241218,110000,4.11,4.11,4.1,4.1,1008,0
PHR,60,20241218,120000,4.1,4.1,4.1,4.1,125,0
PHR,60,20241218,140000,4.1,4.1,4.1,4.1,26,0
PHR,60,20241218,150000,4.02,4.02,4.02,4.02,1703,0
PHR,60,20241218,160000,4,4.03,4,4,2258,0
PHR,60,20241218,170000,4,4.03,3.98,4,1684,0
PHR,60,20241219,100000,4.03,4.03,4.03,4.03,114,0
PHR,60,20241219,110000,4.02,4.03,4.02,4.03,450,0
PHR,60,20241219,130000,4.03,4.04,4.03,4.03,560,0
PHR,60,20241219,140000,4.02,4.04,4,4,10914,0
PHR,60,20241219,150000,3.92,4,3.92,4,241,0
PHR,60,20241220,110000,3.99,3.99,3.93,3.93,1641,0
PHR,60,20241220,120000,3.97,3.97,3.97,3.97,2,0
PHR,60,20241220,130000,3.97,3.97,3.95,3.95,60,0
PHR,60,20241220,140000,3.93,3.93,3.92,3.93,2842,0
PHR,60,20241220,150000,3.92,3.93,3.86,3.93,1107,0
PHR,60,20241220,160000,3.9,3.9,3.84,3.84,265,0
PHR,60,20241220,170000,3.84,3.86,3.6,3.86,1056,0
PHR,60,20241223,100000,3.84,3.84,3.52,3.68,8492,0
PHR,60,20241223,110000,3.62,3.68,3.62,3.68,1284,0
PHR,60,20241223,120000,3.68,3.68,3.65,3.65,1176,0
PHR,60,20241223,130000,3.64,3.67,3.6,3.67,3763,0
PHR,60,20241223,140000,3.6,3.65,3.6,3.65,913,0
PHR,60,20241223,150000,3.64,3.68,3.6,3.68,5390,0
PHR,60,20241223,160000,3.68,3.68,3.6,3.68,3542,0
PHR,60,20241223,170000,3.64,3.68,3.6,3.68,5455,0
PHR,60,20241227,100000,3.84,3.84,3.61,3.8,1827,0
PHR,60,20241227,110000,3.62,3.64,3.62,3.64,110,0
PHR,60,20241227,120000,3.64,3.83,3.64,3.83,577,0
PHR,60,20241227,130000,3.65,3.85,3.62,3.69,3460,0
PHR,60,20241227,140000,3.63,3.69,3.63,3.65,1875,0
PHR,60,20241227,150000,3.66,3.66,3.66,3.66,100,0
PHR,60,20241227,160000,3.62,3.66,3.62,3.63,630,0
PHR,60,20241227,170000,3.64,3.86,3.64,3.85,2098,0
PHR,60,20241230,100000,3.84,3.85,3.63,3.85,559,0
PHR,60,20241230,110000,3.85,3.85,3.84,3.84,292,0
PHR,60,20241230,120000,3.84,3.86,3.84,3.86,1169,0
PHR,60,20241230,130000,3.86,3.86,3.86,3.86,55,0
PHR,60,20241230,140000,3.8,3.86,3.8,3.86,526,0
PHR,60,20241230,160000,3.84,3.84,3.84,3.84,2,0
PHR,60,20241230,170000,3.71,3.83,3.65,3.83,1002,0
PHR,60,20250102,100000,3.7,3.88,3.53,3.85,2132,0
PHR,60,20250102,130000,4.17,4.17,4.16,4.17,48,0
PHR,60,20250102,140000,4.17,4.25,4.17,4.25,1950,0
PHR,60,20250102,150000,4.17,4.17,4.17,4.17,107,0
PHR,60,20250102,170000,4.17,4.25,3.85,4.25,1918,0
PHR,60,20250103,100000,4.25,4.25,3.88,3.88,240,0
PHR,60,20250103,110000,4.1,4.1,4.1,4.1,43,0
PHR,60,20250103,120000,4.1,4.25,4,4,482,0
PHR,60,20250103,130000,4.23,4.23,4.23,4.23,14,0
PHR,60,20250103,160000,4.18,4.23,4.18,4.23,400,0
PHR,60,20250103,170000,4.23,4.23,4.23,4.23,123,0
PHR,60,20250107,100000,4.23,4.23,4.23,4.23,80,0
PHR,60,20250107,110000,4,4.23,4,4.23,9025,0
PHR,60,20250107,120000,4.01,4.24,4,4.24,2899,0
PHR,60,20250107,130000,4.24,4.25,4.23,4.23,1549,0
PHR,60,20250107,140000,4.23,4.23,4.16,4.16,71,0
PHR,60,20250107,150000,4.23,4.23,4.21,4.22,154,0
PHR,60,20250107,160000,4.22,4.22,4.22,4.22,5,0
PHR,60,20250107,170000,4.22,4.23,4.22,4.22,413,0
PHR,60,20250108,100000,4.22,4.22,4.08,4.15,322,0
PHR,60,20250108,110000,4.15,4.2,4.08,4.08,412,0
PHR,60,20250108,120000,4.2,4.21,4.2,4.21,55,0
PHR,60,20250108,140000,4.21,4.21,4.21,4.21,10,0
PHR,60,20250108,150000,4.08,4.08,4.08,4.08,50,0
PHR,60,20250108,160000,4.2,4.2,4.2,4.2,2,0
PHR,60,20250108,170000,4.19,4.19,4.19,4.19,4,0
PHR,60,20250109,100000,4.19,4.19,4.19,4.19,713,0
PHR,60,20250109,120000,4.1,4.17,4.1,4.17,1002,0
PHR,60,20250109,130000,4.17,4.17,4.1,4.16,743,0
PHR,60,20250109,140000,4.16,4.2,4.16,4.2,82,0
PHR,60,20250109,170000,4.2,4.2,4.2,4.2,137,0
PHR,60,20250110,100000,4.2,4.2,4.2,4.2,38,0
PHR,60,20250110,120000,4.2,4.2,4.2,4.2,70,0
PHR,60,20250110,140000,4.2,4.2,4.2,4.2,3,0
PHR,60,20250110,160000,4.2,4.2,4.2,4.2,359,0
PHR,60,20250110,170000,4.16,4.16,4.16,4.16,2,0
PHR,60,20250113,110000,4.11,4.16,4.11,4.16,420,0
PHR,60,20250113,130000,4.11,4.16,4.11,4.16,102,0
PHR,60,20250113,150000,4.16,4.16,4.16,4.16,3,0
PHR,60,20250113,160000,4.16,4.16,4.16,4.16,53,0
PHR,60,20250114,100000,4.16,4.16,4.16,4.16,250,0
PHR,60,20250114,120000,4.17,4.17,4.17,4.17,3,0
PHR,60,20250114,130000,4.17,4.17,4.17,4.17,120,0
PHR,60,20250114,140000,4.17,4.18,4.17,4.18,402,0
PHR,60,20250115,100000,4.18,4.18,4.18,4.18,34,0
PHR,60,20250115,110000,4.18,4.18,4.18,4.18,20,0
PHR,60,20250115,150000,4.17,4.18,4.11,4.18,130,0
PHR,60,20250115,160000,4.11,4.18,4.07,4.07,286,0
PHR,60,20250115,170000,4.08,4.18,4.05,4.18,5553,0
PHR,60,20250116,100000,4.06,4.11,4.04,4.11,990,0
PHR,60,20250116,120000,4.05,4.11,4.05,4.11,94,0
PHR,60,20250116,130000,4.05,4.09,4.05,4.09,20,0
PHR,60,20250116,140000,4.09,4.1,4.09,4.1,510,0
PHR,60,20250116,150000,4.1,4.1,4.1,4.1,13,0
PHR,60,20250116,170000,4.06,4.06,4.06,4.06,5,0
PHR,60,20250117,100000,4.17,4.22,4.16,4.22,2049,0
PHR,60,20250117,130000,4.22,4.22,4.18,4.22,334,0
PHR,60,20250117,140000,4.22,4.23,4.22,4.23,148,0
PHR,60,20250117,150000,4.22,4.23,4.22,4.23,215,0
PHR,60,20250117,160000,4.23,4.23,4.23,4.23,3,0
PHR,60,20250120,100000,4.24,4.24,4.17,4.24,4524,0
PHR,60,20250120,110000,4.24,4.24,4.24,4.24,152,0
PHR,60,20250120,120000,4.2,4.23,4.2,4.23,2020,0
PHR,60,20250120,130000,4.24,4.24,4.24,4.24,45,0
PHR,60,20250120,170000,4.17,4.24,4.17,4.24,510,0
PHR,60,20250121,100000,4.28,4.35,4.28,4.35,984,0
PHR,60,20250121,110000,4.35,4.35,4.15,4.15,51,0
PHR,60,20250121,120000,4.34,4.35,4.34,4.35,837,0
PHR,60,20250121,160000,4.34,4.34,4.33,4.33,203,0
PHR,60,20250122,100000,4.35,4.44,4.35,4.44,1312,0
PHR,60,20250122,110000,4.43,4.43,4.43,4.43,111,0
PHR,60,20250122,120000,4.44,4.44,4.44,4.44,150,0
PHR,60,20250122,130000,4.45,4.45,4.35,4.35,121,0
PHR,60,20250122,140000,4.44,4.44,4.31,4.38,204,0
PHR,60,20250122,150000,4.31,4.38,4.31,4.38,598,0
PHR,60,20250122,160000,4.38,4.42,4.38,4.42,1302,0
PHR,60,20250122,170000,4.42,4.42,4.42,4.42,15,0
PHR,60,20250123,100000,4.44,4.54,4.44,4.54,857,0
PHR,60,20250123,110000,4.44,4.54,4.4,4.54,35,0
PHR,60,20250123,120000,4.3,4.54,4.27,4.54,261,0
PHR,60,20250123,130000,4.53,4.79,4.36,4.53,3012,0
PHR,60,20250123,140000,4.4,4.55,4.35,4.49,266,0
PHR,60,20250123,160000,4.4,4.4,4.32,4.32,237,0
PHR,60,20250123,170000,4.41,4.48,4.32,4.48,719,0
PHR,60,20250124,100000,4.48,4.48,4.48,4.48,17,0
PHR,60,20250124,120000,4.47,4.47,4.47,4.47,300,0
PHR,60,20250124,130000,4.47,4.47,4.47,4.47,300,0
PHR,60,20250124,150000,4.47,4.48,4.3,4.3,750,0
PHR,60,20250124,160000,4.48,4.48,4.32,4.48,133,0
PHR,60,20250127,100000,4.48,4.48,4.43,4.43,3047,0
PHR,60,20250127,110000,4.35,4.35,4.04,4.18,3400,0
PHR,60,20250127,120000,4.32,4.32,4.32,4.32,2,0
PHR,60,20250127,130000,4.32,4.32,4.32,4.32,369,0
PHR,60,20250127,170000,4.32,4.42,4.32,4.42,164,0
PHR,60,20250128,100000,4.42,4.42,4.42,4.42,288,0
PHR,60,20250128,110000,4.42,4.45,4.42,4.45,229,0
PHR,60,20250128,140000,4.44,4.47,4.44,4.45,1125,0
PHR,60,20250128,160000,4.45,4.45,4.45,4.45,50,0
PHR,60,20250129,100000,4.45,4.45,4.4,4.45,125,0
PHR,60,20250129,130000,4.44,4.78,4.44,4.78,3474,0
PHR,60,20250129,140000,4.76,4.76,4.6,4.72,4960,0
PHR,60,20250129,150000,4.6,4.72,4.6,4.7,1375,0
PHR,60,20250129,160000,4.72,4.72,4.55,4.7,901,0
PHR,60,20250129,170000,4.7,4.72,4.7,4.72,1872,0
PHR,60,20250130,100000,4.72,4.72,4.51,4.72,875,0
PHR,60,20250130,120000,4.6,4.6,4.52,4.52,193,0
PHR,60,20250130,140000,4.53,4.72,4.53,4.6,354,0
PHR,60,20250130,150000,4.6,4.6,4.42,4.42,1123,0
PHR,60,20250130,160000,4.45,4.45,4.45,4.45,5,0
PHR,60,20250130,170000,4.6,4.76,4.6,4.75,1230,0
PHR,60,20250131,100000,4.7,4.7,4.7,4.7,20,0
PHR,60,20250131,110000,4.69,4.69,4.69,4.69,423,0
PHR,60,20250131,130000,4.69,4.69,4.69,4.69,150,0
PHR,60,20250131,140000,4.68,4.68,4.68,4.68,50,0
PHR,60,20250203,100000,4.68,4.68,4.68,4.68,105,0
PHR,60,20250203,110000,4.53,4.68,4.5,4.68,1907,0
PHR,60,20250203,120000,4.5,4.66,4.42,4.66,628,0
PHR,60,20250203,130000,4.6,4.6,4.6,4.6,100,0
PHR,60,20250203,140000,4.6,4.6,4.6,4.6,5,0
PHR,60,20250203,150000,4.6,4.6,4.36,4.6,456,0
PHR,60,20250203,160000,4.37,4.6,4.37,4.6,102,0
PHR,60,20250204,100000,4.6,4.6,4.4,4.6,586,0
PHR,60,20250204,110000,4.6,4.6,4.6,4.6,10,0
PHR,60,20250204,120000,4.6,4.6,4.6,4.6,6,0
PHR,60,20250204,160000,4.44,4.44,4.42,4.42,10,0
PHR,60,20250204,170000,4.42,4.59,4.42,4.59,12,0
PHR,60,20250205,100000,4.59,4.59,4.59,4.59,89,0
PHR,60,20250205,130000,4.59,4.74,4.59,4.73,5639,0
PHR,60,20250205,140000,4.68,4.68,4.68,4.68,3,0
PHR,60,20250205,160000,4.68,4.69,4.68,4.69,2432,0
PHR,60,20250206,100000,4.53,4.69,4.53,4.69,1058,0
PHR,60,20250206,110000,4.69,4.69,4.69,4.69,25,0
PHR,60,20250206,120000,4.58,4.69,4.52,4.52,267,0
PHR,60,20250206,130000,4.68,4.68,4.5,4.68,554,0
PHR,60,20250206,140000,4.52,4.52,4.52,4.52,1,0
PHR,60,20250206,150000,4.52,4.52,4.52,4.52,61,0
PHR,60,20250206,160000,4.52,4.65,4.52,4.65,233,0
PHR,60,20250206,170000,4.65,4.65,4.65,4.65,105,0
PHR,60,20250207,100000,4.65,4.65,4.65,4.65,65,0
PHR,60,20250207,110000,4.51,4.52,4.51,4.52,549,0
PHR,60,20250207,120000,4.6,4.6,4.52,4.6,14,0
PHR,60,20250207,150000,4.6,4.6,4.52,4.52,49,0
PHR,60,20250207,160000,4.59,4.6,4.59,4.6,100,0
PHR,60,20250210,100000,4.6,4.6,4.6,4.6,185,0
PHR,60,20250210,130000,4.56,4.56,4.56,4.56,100,0
PHR,60,20250210,140000,4.56,4.56,4.56,4.56,150,0
PHR,60,20250210,150000,4.56,4.56,4.56,4.56,250,0
PHR,60,20250210,160000,4.56,4.56,4.5,4.5,555,0
PHR,60,20250210,170000,4.5,4.5,4.48,4.48,597,0
PHR,60,20250211,100000,4.5,4.58,4.45,4.55,889,0
PHR,60,20250211,110000,4.58,4.58,4.45,4.57,1144,0
PHR,60,20250211,120000,4.57,4.57,4.45,4.45,671,0
PHR,60,20250211,130000,4.51,4.51,4.51,4.51,10,0
PHR,60,20250211,170000,4.46,4.51,4.46,4.51,1302,0
PHR,60,20250212,100000,4.51,4.51,4.51,4.51,18,0
PHR,60,20250212,110000,4.51,4.51,4.51,4.51,483,0
PHR,60,20250212,170000,4.49,4.49,4.42,4.49,606,0
PHR,60,20250213,100000,4.5,4.52,4.41,4.52,991,0
PHR,60,20250213,110000,4.41,4.41,4.41,4.41,109,0
PHR,60,20250213,120000,4.41,4.5,4.4,4.4,146,0
PHR,60,20250213,130000,4.39,4.5,4.34,4.5,6504,0
PHR,60,20250213,140000,4.5,4.6,4.5,4.6,1080,0
PHR,60,20250213,160000,4.5,4.5,4.5,4.5,350,0
PHR,60,20250213,170000,4.47,4.5,4.4,4.5,1454,0
PHR,60,20250214,100000,4.4,4.51,4.38,4.51,68,0
PHR,60,20250214,110000,4.38,4.51,4.38,4.51,58,0
PHR,60,20250214,120000,4.51,4.53,4.51,4.53,800,0
PHR,60,20250214,170000,4.53,4.53,4.53,4.53,20,0
PHR,60,20250217,100000,4.54,4.54,4.54,4.54,17,0
PHR,60,20250217,120000,4.53,4.53,4.53,4.53,4,0
PHR,60,20250217,130000,4.53,4.53,4.53,4.53,10,0
PHR,60,20250217,170000,4.39,4.43,4.39,4.43,68,0
PHR,60,20250218,100000,4.43,4.43,4.38,4.38,605,0
PHR,60,20250218,110000,4.41,4.41,4.38,4.41,534,0
PHR,60,20250218,120000,4.41,4.41,4.41,4.41,500,0
PHR,60,20250218,130000,4.43,4.43,4.43,4.43,119,0
PHR,60,20250218,150000,4.43,4.5,4.43,4.5,4553,0
PHR,60,20250218,170000,4.5,4.5,4.5,4.5,15,0
PHR,60,20250219,100000,4.5,4.5,4.4,4.5,475,0
PHR,60,20250219,110000,4.5,4.7,4.5,4.68,7329,0
PHR,60,20250219,120000,4.6,4.6,4.6,4.6,2,0
PHR,60,20250219,140000,4.6,4.6,4.6,4.6,7,0
PHR,60,20250219,160000,4.44,4.44,4.44,4.44,140,0
PHR,60,20250219,170000,4.44,4.6,4.44,4.6,83,0
PHR,60,20250220,100000,4.44,4.61,4.44,4.61,447,0
PHR,60,20250220,120000,4.44,4.44,4.44,4.44,3,0
PHR,60,20250220,130000,4.61,4.61,4.61,4.61,102,0
PHR,60,20250221,100000,4.61,4.61,4.6,4.61,16,0
PHR,60,20250221,110000,4.61,4.61,4.61,4.61,5,0
PHR,60,20250221,120000,4.52,4.52,4.49,4.49,3077,0
PHR,60,20250221,130000,4.61,4.61,4.61,4.61,48,0
PHR,60,20250221,140000,4.49,4.49,4.49,4.49,10,0
PHR,60,20250221,160000,4.6,4.6,4.6,4.6,2,0
PHR,60,20250221,170000,4.5,4.6,4.5,4.6,102,0
PHR,60,20250224,110000,4.6,4.6,4.6,4.6,51,0
PHR,60,20250224,120000,4.6,4.6,4.6,4.6,100,0
PHR,60,20250224,130000,4.59,4.6,4.59,4.6,526,0
PHR,60,20250224,140000,4.49,4.6,4.41,4.6,1579,0
PHR,60,20250224,160000,4.59,4.59,4.59,4.59,10,0
PHR,60,20250224,170000,4.5,4.59,4.5,4.59,1002,0
PHR,60,20250225,100000,4.57,4.57,4.5,4.5,2232,0
PHR,60,20250225,110000,4.5,4.5,4.5,4.5,20,0
PHR,60,20250225,130000,4.45,4.5,4.45,4.5,42,0
PHR,60,20250225,170000,4.5,4.5,4.5,4.5,71,0
PHR,60,20250226,100000,4.45,4.55,4.42,4.55,1035,0
PHR,60,20250226,110000,4.46,4.55,4.43,4.55,302,0
PHR,60,20250226,120000,4.55,4.55,4.55,4.55,377,0
PHR,60,20250226,130000,4.43,4.43,4.43,4.43,310,0
PHR,60,20250226,140000,4.43,4.5,4.43,4.5,8,0
PHR,60,20250226,150000,4.5,4.5,4.5,4.5,23,0
PHR,60,20250226,160000,4.5,4.5,4.5,4.5,51,0
PHR,60,20250227,100000,4.5,4.5,4.43,4.5,22,0
PHR,60,20250227,110000,4.5,4.5,4.5,4.5,5,0
PHR,60,20250227,150000,4.43,4.43,4.43,4.43,25,0
PHR,60,20250227,160000,4.5,4.5,4.5,4.5,2,0
PHR,60,20250228,100000,4.55,4.59,4.51,4.59,32,0
PHR,60,20250228,110000,4.59,4.59,4.59,4.59,20,0
PHR,60,20250228,120000,4.5,4.5,4.49,4.49,1043,0
PHR,60,20250303,100000,4.48,4.48,4.48,4.48,45,0
PHR,60,20250303,110000,4.43,4.48,4.4,4.48,2320,0
PHR,60,20250303,150000,4.42,4.48,4.42,4.46,1472,0
PHR,60,20250303,160000,4.46,4.48,4.46,4.48,100,0
PHR,60,20250303,170000,4.4,4.4,4.4,4.4,251,0
PHR,60,20250304,100000,4.4,4.4,4.38,4.38,435,0
PHR,60,20250304,140000,4.38,4.38,4.38,4.38,3,0
PHR,60,20250304,150000,4.47,4.47,4.47,4.47,2,0
PHR,60,20250304,160000,4.38,4.38,4.36,4.36,1353,0
PHR,60,20250305,100000,4.47,4.47,4.47,4.47,2,0
PHR,60,20250305,120000,4.44,4.44,4.44,4.44,1000,0
PHR,60,20250305,140000,4.36,4.36,4.3,4.3,931,0
PHR,60,20250305,160000,4.3,4.3,4.3,4.3,190,0
PHR,60,20250306,100000,4.47,4.47,4.47,4.47,14,0
PHR,60,20250306,140000,4.46,4.46,4.46,4.46,5,0
PHR,60,20250306,150000,4.46,4.46,4.46,4.46,30,0
PHR,60,20250306,170000,4.3,4.46,4.3,4.46,1199,0
PHR,60,20250307,100000,4.45,4.45,4.45,4.45,2,0
PHR,60,20250307,140000,4.32,4.46,4.3,4.46,209,0
PHR,60,20250307,150000,4.47,4.47,4.47,4.47,953,0
PHR,60,20250307,160000,4.45,4.45,4.45,4.45,225,0
PHR,60,20250307,170000,4.46,4.46,4.46,4.46,3,0
PHR,60,20250310,100000,4.47,4.47,4.47,4.47,2,0
PHR,60,20250310,120000,4.46,4.46,4.46,4.46,5,0
PHR,60,20250311,100000,4.31,4.47,4.31,4.47,9,0
PHR,60,20250311,120000,4.47,4.47,4.47,4.47,30,0
PHR,60,20250311,140000,4.47,4.47,4.47,4.47,1000,0
PHR,60,20250311,150000,4.31,4.31,4.31,4.31,20,0
PHR,60,20250311,170000,4.38,4.38,4.38,4.38,2,0
PHR,60,20250312,100000,4.38,4.38,4.38,4.38,6,0
PHR,60,20250312,120000,4.36,4.36,4.36,4.36,22,0
PHR,60,20250312,140000,4.38,4.38,4.38,4.38,231,0
PHR,60,20250312,160000,4.46,4.46,4.46,4.46,3,0
PHR,60,20250313,100000,4.46,4.46,4.46,4.46,100,0
PHR,60,20250313,110000,4.46,4.46,4.46,4.46,5,0
PHR,60,20250313,120000,4.41,4.41,4.4,4.4,928,0
PHR,60,20250313,130000,4.4,4.4,4.4,4.4,82,0
PHR,60,20250313,160000,4.39,4.39,4.39,4.39,8,0
PHR,60,20250313,170000,4.38,4.38,4.38,4.38,160,0
PHR,60,20250314,100000,4.31,4.31,4.31,4.31,20,0
PHR,60,20250314,110000,4.4,4.4,4.4,4.4,14,0
PHR,60,20250314,140000,4.45,4.45,4.45,4.45,487,0
PHR,60,20250314,170000,4.45,4.45,4.45,4.45,10,0
PHR,60,20250317,100000,4.33,4.33,4.33,4.33,240,0
PHR,60,20250317,110000,4.45,4.45,4.33,4.45,41,0
PHR,60,20250317,120000,4.45,4.45,4.45,4.45,10,0
PHR,60,20250317,150000,4.33,4.33,4.33,4.33,50,0
PHR,60,20250317,160000,4.45,4.45,4.45,4.45,502,0
PHR,60,20250317,170000,4.35,4.46,4.33,4.46,282,0
PHR,60,20250318,100000,4.46,4.46,4.46,4.46,24,0
PHR,60,20250318,110000,4.46,4.7,4.42,4.64,7763,0
PHR,60,20250318,120000,4.5,4.6,4.4,4.6,2629,0
PHR,60,20250318,130000,4.6,4.6,4.5,4.5,2141,0
PHR,60,20250318,160000,4.5,4.5,4.49,4.49,1000,0
PHR,60,20250318,170000,4.6,4.6,4.59,4.59,222,0
PHR,60,20250319,100000,4.6,4.6,4.43,4.43,502,0
PHR,60,20250319,110000,4.43,4.43,4.38,4.38,2414,0
PHR,60,20250319,120000,4.58,4.58,4.58,4.58,2,0
PHR,60,20250319,140000,4.38,4.38,4.38,4.38,15,0
PHR,60,20250319,150000,4.58,4.58,4.58,4.58,2,0
PHR,60,20250319,170000,4.58,4.58,4.58,4.58,23,0
PHR,60,20250320,150000,4.56,4.56,4.56,4.56,200,0
PHR,60,20250320,170000,4.39,4.56,4.39,4.56,402,0
PHR,60,20250321,100000,4.56,4.56,4.56,4.56,2,0
PHR,60,20250321,110000,4.39,4.52,4.38,4.52,550,0
PHR,60,20250321,120000,4.38,4.38,4.34,4.34,1071,0
PHR,60,20250324,170000,4.46,4.46,4.44,4.44,723,0
PHR,60,20250325,100000,4.45,4.48,4.45,4.48,1353,0
PHR,60,20250325,130000,4.48,4.48,4.48,4.48,500,0
PHR,60,20250325,160000,4.4,4.46,4.4,4.46,36,0
PHR,60,20250325,170000,4.46,4.46,4.46,4.46,306,0
PHR,60,20250326,100000,4.4,4.4,4.4,4.4,105,0
PHR,60,20250326,110000,4.4,4.4,4.4,4.4,10,0
PHR,60,20250326,140000,4.44,4.44,4.44,4.44,2,0
PHR,60,20250327,100000,4.48,4.57,4.48,4.57,42,0
PHR,60,20250327,110000,4.57,4.57,4.57,4.57,232,0
PHR,60,20250327,170000,4.56,4.56,4.55,4.56,125,0
PHR,60,20250328,100000,4.56,4.56,4.56,4.56,7,0
PHR,60,20250328,160000,4.56,4.56,4.56,4.56,165,0
PHR,60,20250331,100000,4.56,4.56,4.56,4.56,100,0
PHR,60,20250331,110000,4.56,4.57,4.56,4.57,304,0
PHR,60,20250331,130000,4.42,4.42,4.42,4.42,100,0
PHR,60,20250331,170000,4.56,4.56,4.56,4.56,4,0
PHR,60,20250401,100000,4.43,4.58,4.43,4.57,1516,0
PHR,60,20250401,110000,4.43,4.43,4.43,4.43,1964,0
PHR,60,20250401,120000,4.42,4.42,4.42,4.42,500,0
PHR,60,20250401,160000,4.4,4.4,4.4,4.4,500,0
PHR,60,20250403,100000,4.51,4.51,4.38,4.38,155,0
PHR,60,20250403,110000,4.38,4.38,4.38,4.38,50,0
PHR,60,20250403,120000,4.34,4.38,4.32,4.38,602,0
PHR,60,20250403,140000,4.38,4.38,4.38,4.38,16,0
PHR,60,20250403,170000,4.32,4.32,4.32,4.32,6,0
PHR,60,20250404,100000,4.32,4.32,4.3,4.3,3335,0
PHR,60,20250404,110000,4.35,4.35,4.35,4.35,2000,0
PHR,60,20250404,150000,4.3,4.3,4.3,4.3,200,0
PHR,60,20250404,160000,4.35,4.35,4.35,4.35,2,0
PHR,60,20250404,170000,4.3,4.35,4.3,4.35,505,0
PHR,60,20250407,100000,4.3,4.3,4.03,4.03,2527,0
PHR,60,20250407,110000,4.03,4.12,4.03,4.04,1027,0
PHR,60,20250407,120000,4.04,4.04,4.04,4.04,296,0
PHR,60,20250407,130000,4.1,4.11,4.1,4.11,346,0
PHR,60,20250407,170000,4.11,4.12,4.11,4.12,8,0
PHR,60,20250408,100000,4.12,4.12,4.12,4.12,2,0
PHR,60,20250408,110000,4.12,4.36,4.12,4.36,301,0
PHR,60,20250408,120000,4.4,4.4,4.4,4.4,231,0
PHR,60,20250408,150000,4.35,4.35,4.35,4.35,23,0
PHR,60,20250408,160000,4.3,4.3,4.3,4.3,3,0
PHR,60,20250408,170000,4.35,4.35,4.35,4.35,7,0
PHR,60,20250409,100000,4.38,4.4,4.38,4.4,172,0
PHR,60,20250409,130000,4.4,4.4,4.4,4.4,2,0
PHR,60,20250410,100000,4.4,4.49,4.4,4.49,293,0
PHR,60,20250410,110000,4.31,4.47,4.31,4.47,602,0
PHR,60,20250410,130000,4.32,4.45,4.09,4.3,729,0
PHR,60,20250410,170000,4.26,4.42,4.26,4.42,992,0
PHR,60,20250411,100000,4.45,4.45,4.45,4.45,2,0
PHR,60,20250411,130000,4.17,4.17,4.15,4.15,244,0
PHR,60,20250411,150000,4.31,4.31,4.31,4.31,1,0
PHR,60,20250411,170000,4.31,4.31,4.31,4.31,12,0
PHR,60,20250414,100000,4.41,4.45,4.16,4.45,3054,0
PHR,60,20250414,110000,4.44,4.44,4.44,4.44,15,0
PHR,60,20250414,130000,4.19,4.44,4.19,4.44,2301,0
PHR,60,20250415,100000,4.3,4.3,4.3,4.3,500,0
PHR,60,20250415,160000,4.27,4.4,4.27,4.4,512,0
PHR,60,20250415,170000,4.26,4.4,4.26,4.4,402,0
PHR,60,20250416,100000,4.4,4.41,4.22,4.4,787,0
PHR,60,20250416,110000,4.4,4.4,4.4,4.4,3,0
PHR,60,20250416,120000,4.26,4.26,4.26,4.26,255,0
PHR,60,20250416,130000,4.4,4.4,4.4,4.4,2,0
PHR,60,20250416,140000,4.38,4.38,4.38,4.38,30,0
PHR,60,20250416,170000,4.35,4.35,4.35,4.35,10,0
PHR,60,20250417,100000,4.38,4.38,4.38,4.38,179,0
PHR,60,20250417,110000,4.38,4.38,4.38,4.38,4,0
PHR,60,20250417,150000,4.35,4.35,4.26,4.26,402,0
PHR,60,20250417,170000,4.38,4.38,4.38,4.38,12,0
PHR,60,20250422,100000,4.38,4.38,4.25,4.36,439,0
PHR,60,20250422,110000,4.36,4.36,4.36,4.36,8,0
PHR,60,20250422,150000,4.27,4.27,4.27,4.27,1000,0
PHR,60,20250422,160000,4.36,4.36,4.36,4.36,2,0
PHR,60,20250423,100000,4.36,4.36,4.3,4.3,396,0
PHR,60,20250423,120000,4.28,4.28,4.2,4.2,1355,0
PHR,60,20250423,130000,4.2,4.2,4.2,4.2,200,0
PHR,60,20250423,140000,4.2,4.2,4.2,4.2,120,0
PHR,60,20250423,150000,4.2,4.3,4.18,4.18,1695,0
PHR,60,20250423,160000,4.3,4.3,4.22,4.3,22,0
PHR,60,20250424,100000,4.18,4.34,4.18,4.33,112,0
PHR,60,20250424,110000,4.34,4.34,4.2,4.34,347,0
PHR,60,20250424,120000,4.21,4.34,4.21,4.34,12,0
PHR,60,20250424,130000,4.3,4.3,4.3,4.3,46,0
PHR,60,20250424,150000,4.3,4.3,4.3,4.3,254,0
PHR,60,20250424,160000,4.34,4.34,4.34,4.34,5,0
PHR,60,20250424,170000,4.3,4.33,4.3,4.33,25,0
PHR,60,20250425,100000,4.31,4.31,4.19,4.19,55,0
PHR,60,20250425,120000,4.3,4.31,4.21,4.31,34,0
PHR,60,20250425,130000,4.31,4.34,4.31,4.33,522,0
PHR,60,20250425,160000,4.3,4.3,4.3,4.3,1503,0
PHR,60,20250425,170000,4.3,4.3,4.3,4.3,10,0
PHR,60,20250428,100000,4.31,4.31,4.3,4.3,162,0
PHR,60,20250428,110000,4.3,4.3,4.3,4.3,2088,0
PHR,60,20250428,120000,4.3,4.31,4.3,4.3,712,0
PHR,60,20250428,140000,4.28,4.28,4.28,4.28,340,0
PHR,60,20250428,150000,4.28,4.28,4.28,4.28,660,0
PHR,60,20250428,160000,4.28,4.3,4.28,4.3,240,0
PHR,60,20250428,170000,4.28,4.28,4.28,4.28,100,0
PHR,60,20250429,100000,4.31,4.31,4.31,4.31,1311,0
PHR,60,20250429,120000,4.31,4.33,4.31,4.33,202,0
PHR,60,20250429,130000,4.32,4.32,4.32,4.32,117,0
PHR,60,20250429,140000,4.33,4.4,4.33,4.4,523,0
PHR,60,20250430,100000,4.4,4.4,4.3,4.3,402,0
PHR,60,20250430,110000,4.4,4.4,4.4,4.4,2,0
PHR,60,20250430,120000,4.3,4.3,4.28,4.28,1924,0
PHR,60,20250430,130000,4.3,4.3,4.28,4.28,525,0
PHR,60,20250430,140000,4.28,4.3,4.27,4.3,1690,0
PHR,60,20250430,150000,4.26,4.26,4.26,4.26,1,0
PHR,60,20250430,170000,4.3,4.4,4.3,4.4,186,0
PHR,60,20250502,100000,4.4,4.4,4.4,4.4,200,0
PHR,60,20250502,120000,4.26,4.26,4.2,4.25,2202,0
PHR,60,20250502,130000,4.25,4.25,4.25,4.25,3,0
PHR,60,20250502,160000,4.25,4.39,4.25,4.39,695,0
PHR,60,20250502,170000,4.39,4.39,4.39,4.39,9,0
PHR,60,20250505,100000,4.35,4.35,4.35,4.35,582,0
PHR,60,20250505,120000,4.19,4.35,4.19,4.35,22,0
PHR,60,20250505,140000,4.35,4.35,4.35,4.35,51,0
PHR,60,20250506,100000,4.34,4.34,4.34,4.34,8,0
PHR,60,20250506,110000,4.34,4.34,4.34,4.34,5,0
PHR,60,20250506,130000,4.34,4.34,4.34,4.34,14,0
PHR,60,20250506,140000,4.34,4.34,4.34,4.34,375,0
PHR,60,20250506,160000,4.34,4.34,4.34,4.34,122,0
