<TICKER>,<PER>,<DATE>,<TIME>,<OPEN>,<HIGH>,<LOW>,<CLOSE>,<VOL>,<OPENINT>
PLZ,60,20240411,100000,3.02,3.07,2.96,2.96,1799,0
PLZ,60,20240411,110000,2.98,3,2.97,2.97,3751,0
PLZ,60,20240411,120000,2.995,2.995,2.96,2.96,719,0
PLZ,60,20240411,130000,2.995,2.995,2.92,2.995,642,0
PLZ,60,20240411,150000,2.995,3,2.995,3,1700,0
PLZ,60,20240411,160000,3,3.03,2.91,2.94,3449,0
PLZ,60,20240411,170000,2.91,2.99,2.88,2.99,2105,0
PLZ,60,20240412,100000,2.985,2.99,2.91,2.99,1528,0
PLZ,60,20240412,110000,3,3,2.98,2.98,211,0
PLZ,60,20240412,120000,2.94,2.94,2.9,2.94,6478,0
PLZ,60,20240412,130000,2.94,2.97,2.9,2.97,2976,0
PLZ,60,20240412,140000,2.94,2.97,2.94,2.97,225,0
PLZ,60,20240412,150000,2.905,2.97,2.85,2.85,6157,0
PLZ,60,20240412,160000,2.96,2.96,2.83,2.93,12450,0
PLZ,60,20240412,170000,2.875,2.94,2.855,2.9,4259,0
PLZ,60,20240415,100000,2.96,2.96,2.84,2.95,3421,0
PLZ,60,20240415,110000,2.9,2.95,2.9,2.95,1050,0
PLZ,60,20240415,140000,2.9,2.9,2.9,2.9,68,0
PLZ,60,20240415,150000,2.875,2.95,2.855,2.86,8611,0
PLZ,60,20240415,160000,2.9,2.94,2.85,2.85,3366,0
PLZ,60,20240415,170000,2.855,2.89,2.83,2.85,11106,0
PLZ,60,20240416,100000,2.88,2.89,2.88,2.89,150,0
PLZ,60,20240416,120000,2.89,2.94,2.89,2.94,2210,0
PLZ,60,20240416,150000,2.92,2.92,2.92,2.92,3775,0
PLZ,60,20240416,170000,2.855,2.915,2.85,2.915,2981,0
PLZ,60,20240417,100000,2.915,2.94,2.88,2.94,4003,0
PLZ,60,20240417,110000,2.93,2.94,2.93,2.94,1613,0
PLZ,60,20240417,120000,2.92,2.92,2.9,2.9,7151,0
PLZ,60,20240417,130000,2.9,2.9,2.9,2.9,100,0
PLZ,60,20240417,140000,2.895,2.895,2.85,2.85,2201,0
PLZ,60,20240417,150000,2.89,2.89,2.89,2.89,1,0
PLZ,60,20240417,160000,2.85,2.85,2.85,2.85,700,0
PLZ,60,20240417,170000,2.85,2.89,2.85,2.86,5460,0
PLZ,60,20240418,100000,2.89,2.9,2.89,2.9,171,0
PLZ,60,20240418,110000,2.89,2.9,2.89,2.9,590,0
PLZ,60,20240418,120000,2.86,2.9,2.86,2.9,1001,0
PLZ,60,20240418,130000,2.85,2.85,2.85,2.85,1500,0
PLZ,60,20240418,140000,2.855,2.9,2.855,2.9,210,0
PLZ,60,20240418,170000,2.9,2.9,2.9,2.9,100,0
PLZ,60,20240419,100000,2.845,2.9,2.845,2.845,819,0
PLZ,60,20240419,120000,2.9,2.9,2.81,2.82,3824,0
PLZ,60,20240419,130000,2.9,2.9,2.9,2.9,32,0
PLZ,60,20240419,140000,2.85,2.9,2.85,2.9,152,0
PLZ,60,20240419,150000,2.9,2.92,2.82,2.92,3802,0
PLZ,60,20240419,160000,2.82,2.9,2.82,2.9,1193,0
PLZ,60,20240419,170000,2.835,2.835,2.835,2.835,1137,0
PLZ,60,20240422,100000,2.835,2.945,2.82,2.82,9094,0
PLZ,60,20240422,110000,2.85,2.89,2.84,2.89,1327,0
PLZ,60,20240422,140000,2.89,2.935,2.89,2.925,1615,0
PLZ,60,20240422,150000,2.92,2.95,2.9,2.95,13989,0
PLZ,60,20240422,160000,2.97,3.11,2.95,2.98,47429,0
PLZ,60,20240422,170000,3.08,3.08,3.045,3.045,1661,0
PLZ,60,20240423,100000,3.045,3.05,3,3.05,2207,0
PLZ,60,20240423,110000,3,3,2.96,2.96,3901,0
PLZ,60,20240423,120000,2.96,2.97,2.93,2.97,3155,0
PLZ,60,20240423,130000,2.97,2.97,2.97,2.97,153,0
PLZ,60,20240423,140000,2.93,2.97,2.93,2.97,131,0
PLZ,60,20240423,150000,2.94,2.95,2.94,2.95,600,0
PLZ,60,20240423,160000,2.94,2.97,2.9,2.97,2100,0
PLZ,60,20240423,170000,2.905,2.945,2.87,2.88,10001,0
PLZ,60,20240424,100000,2.96,2.96,2.86,2.86,2175,0
PLZ,60,20240424,110000,2.86,2.925,2.85,2.925,3720,0
PLZ,60,20240424,120000,2.86,2.925,2.83,2.925,6110,0
PLZ,60,20240424,130000,2.83,2.91,2.83,2.87,3542,0
PLZ,60,20240424,140000,2.83,2.87,2.83,2.83,1196,0
PLZ,60,20240424,150000,2.85,2.86,2.85,2.86,498,0
PLZ,60,20240424,160000,2.825,2.9,2.82,2.9,1583,0
PLZ,60,20240424,170000,2.88,2.88,2.84,2.87,816,0
PLZ,60,20240425,100000,2.895,2.895,2.83,2.83,229,0
PLZ,60,20240425,110000,2.885,2.885,2.885,2.885,8,0
PLZ,60,20240425,120000,2.88,2.88,2.83,2.88,352,0
PLZ,60,20240425,130000,2.83,2.88,2.83,2.88,344,0
PLZ,60,20240425,140000,2.88,2.885,2.88,2.885,40,0
PLZ,60,20240425,150000,2.85,2.89,2.835,2.88,2198,0
PLZ,60,20240425,160000,2.84,2.87,2.8,2.87,20530,0
PLZ,60,20240425,170000,2.88,2.89,2.88,2.89,766,0
PLZ,60,20240426,100000,2.96,2.96,2.845,2.845,370,0
PLZ,60,20240426,110000,2.88,2.955,2.88,2.955,3000,0
PLZ,60,20240426,140000,2.93,2.93,2.93,2.93,50,0
PLZ,60,20240426,150000,2.875,2.875,2.87,2.87,1167,0
PLZ,60,20240426,170000,2.865,2.91,2.865,2.91,201,0
PLZ,60,20240429,100000,2.91,3,2.88,2.88,5916,0
PLZ,60,20240429,110000,2.94,2.94,2.94,2.94,20,0
PLZ,60,20240429,130000,2.925,2.93,2.925,2.93,801,0
PLZ,60,20240429,150000,2.9,2.94,2.9,2.94,3000,0
PLZ,60,20240429,160000,2.9,2.94,2.9,2.94,328,0
PLZ,60,20240429,170000,2.945,2.945,2.805,2.9,9816,0
PLZ,60,20240430,100000,2.91,2.91,2.84,2.84,376,0
PLZ,60,20240430,110000,2.88,2.9,2.88,2.9,300,0
PLZ,60,20240430,120000,2.895,2.895,2.895,2.895,849,0
PLZ,60,20240430,130000,2.895,2.895,2.84,2.84,951,0
PLZ,60,20240430,140000,2.895,2.9,2.895,2.9,500,0
PLZ,60,20240502,110000,2.895,2.92,2.895,2.92,7020,0
PLZ,60,20240502,120000,2.92,2.955,2.92,2.945,834,0
PLZ,60,20240502,130000,2.93,2.93,2.93,2.93,468,0
PLZ,60,20240502,140000,2.93,2.98,2.93,2.98,3213,0
PLZ,60,20240502,150000,2.93,2.96,2.93,2.96,2001,0
PLZ,60,20240502,160000,2.96,2.96,2.96,2.96,700,0
PLZ,60,20240502,170000,2.95,3.03,2.95,3.03,15110,0
PLZ,60,20240506,100000,3.03,3.03,2.925,3.03,2768,0
PLZ,60,20240506,120000,2.95,3.05,2.94,3.05,2040,0
PLZ,60,20240506,130000,3,3,2.99,2.99,409,0
PLZ,60,20240506,140000,2.99,3.05,2.99,3.05,2276,0
PLZ,60,20240506,150000,3.05,3.15,3.05,3.14,16219,0
PLZ,60,20240506,160000,3.095,3.095,3.05,3.06,6811,0
PLZ,60,20240506,170000,3.01,3.08,3,3.08,2298,0
PLZ,60,20240507,100000,3.08,3.13,3.08,3.11,5944,0
PLZ,60,20240507,110000,3.11,3.11,3.06,3.08,2141,0
PLZ,60,20240507,120000,3.11,3.11,3.06,3.06,1401,0
PLZ,60,20240507,130000,3.09,3.09,3.09,3.09,8037,0
PLZ,60,20240507,140000,3.09,3.09,3.06,3.06,1100,0
PLZ,60,20240507,150000,3.05,3.09,3.05,3.09,401,0
PLZ,60,20240507,160000,3.05,3.09,2.98,3.09,5596,0
PLZ,60,20240507,170000,3.085,3.085,3.085,3.085,8,0
PLZ,60,20240508,100000,3.09,3.09,3.09,3.09,12,0
PLZ,60,20240508,140000,3.08,3.08,2.995,2.995,183,0
PLZ,60,20240508,150000,3.05,3.08,2.995,2.995,314,0
PLZ,60,20240508,160000,3.08,3.08,2.985,2.985,1507,0
PLZ,60,20240508,170000,3.05,3.05,3.05,3.05,65,0
PLZ,60,20240509,100000,3.09,3.09,2.94,3.05,4085,0
PLZ,60,20240509,110000,3.05,3.05,3.005,3.05,335,0
PLZ,60,20240509,130000,3.01,3.1,3.01,3.1,5624,0
PLZ,60,20240509,140000,3.01,3.1,3.01,3.1,341,0
PLZ,60,20240509,170000,3.095,3.1,3.095,3.1,2041,0
PLZ,60,20240510,100000,3.105,3.15,3.055,3.14,6495,0
PLZ,60,20240510,110000,3.13,3.13,3.11,3.11,1448,0
PLZ,60,20240510,120000,3.105,3.11,3.05,3.11,499,0
PLZ,60,20240510,130000,3.11,3.14,3.11,3.14,1300,0
PLZ,60,20240510,140000,3.05,3.05,2.9,2.915,16228,0
PLZ,60,20240510,150000,2.93,3.175,2.9,3.095,37870,0
PLZ,60,20240510,160000,3.16,3.16,3.05,3.1,8215,0
PLZ,60,20240510,170000,3.09,3.09,3.03,3.09,4649,0
PLZ,60,20240513,100000,3.1,3.1,3.06,3.06,1100,0
PLZ,60,20240513,110000,3.06,3.09,3.01,3.01,4045,0
PLZ,60,20240513,120000,3.09,3.09,3,3.01,10851,0
PLZ,60,20240513,130000,3.07,3.07,3.07,3.07,50,0
PLZ,60,20240513,140000,3.065,3.065,3.065,3.065,50,0
PLZ,60,20240513,150000,3.03,3.065,3.03,3.065,4187,0
PLZ,60,20240513,160000,3.015,3.015,3.015,3.015,988,0
PLZ,60,20240513,170000,3.06,3.06,3.01,3.01,2457,0
PLZ,60,20240514,100000,3.06,3.09,3.01,3.01,246,0
PLZ,60,20240514,110000,3.03,3.09,3.01,3.09,600,0
PLZ,60,20240514,120000,3.05,3.05,3.015,3.015,2857,0
PLZ,60,20240514,140000,3.08,3.09,3.08,3.09,200,0
PLZ,60,20240514,150000,3.015,3.015,3.01,3.01,500,0
PLZ,60,20240514,160000,3.08,3.08,3.08,3.08,1,0
PLZ,60,20240514,170000,3.08,3.2,3.08,3.14,26930,0
PLZ,60,20240515,100000,3.14,3.15,3.14,3.15,291,0
PLZ,60,20240515,110000,3.1,3.1,3.1,3.1,1156,0
PLZ,60,20240515,120000,3.1,3.15,3.04,3.15,3100,0
PLZ,60,20240515,130000,3.15,3.165,3.15,3.16,1800,0
PLZ,60,20240515,150000,3.16,3.16,3.16,3.16,1500,0
PLZ,60,20240515,160000,3.1,3.1,3.1,3.1,1000,0
PLZ,60,20240515,170000,3.11,3.14,3.06,3.14,1841,0
PLZ,60,20240516,100000,3.08,3.14,3.08,3.08,2490,0
PLZ,60,20240516,110000,3.14,3.14,3.1,3.1,2061,0
PLZ,60,20240516,120000,3.12,3.12,3.12,3.12,1614,0
PLZ,60,20240516,130000,3.11,3.115,3.08,3.08,2305,0
PLZ,60,20240516,140000,3.08,3.08,3.08,3.08,306,0
PLZ,60,20240516,150000,3.055,3.1,3.04,3.05,2251,0
PLZ,60,20240516,160000,3.1,3.19,3.1,3.19,3544,0
PLZ,60,20240516,170000,3.065,3.17,3.055,3.17,81,0
PLZ,60,20240517,100000,3.145,3.18,3.145,3.18,3644,0
PLZ,60,20240517,110000,3.14,3.14,3.14,3.14,500,0
PLZ,60,20240517,120000,3.12,3.12,3.12,3.12,1000,0
PLZ,60,20240517,130000,3.085,3.085,3.08,3.08,550,0
PLZ,60,20240517,140000,3.08,3.11,3.08,3.11,1498,0
PLZ,60,20240517,150000,3.11,3.14,3.11,3.14,91,0
PLZ,60,20240517,160000,3.14,3.14,3.03,3.03,1500,0
PLZ,60,20240517,170000,3.14,3.14,3.1,3.1,505,0
PLZ,60,20240520,100000,3.12,3.17,3.12,3.17,2000,0
PLZ,60,20240520,110000,3.06,3.06,3.06,3.06,100,0
PLZ,60,20240520,120000,3.06,3.115,3.055,3.115,1326,0
PLZ,60,20240520,150000,3.115,3.115,3.06,3.07,1617,0
PLZ,60,20240520,160000,3.07,3.14,3.07,3.14,1340,0
PLZ,60,20240521,100000,3.14,3.14,3.14,3.14,500,0
PLZ,60,20240521,120000,3.085,3.1,3.085,3.1,236,0
PLZ,60,20240521,140000,3.1,3.105,3,3.05,14299,0
PLZ,60,20240521,160000,3.07,3.095,3.07,3.095,384,0
PLZ,60,20240521,170000,3.08,3.09,3.06,3.09,292,0
PLZ,60,20240522,100000,3.085,3.085,3.085,3.085,1013,0
PLZ,60,20240522,110000,3.09,3.12,3.09,3.12,2515,0
PLZ,60,20240522,120000,3.06,3.06,3.06,3.06,82,0
PLZ,60,20240522,130000,3.095,3.095,3.06,3.06,1001,0
PLZ,60,20240522,140000,3.08,3.08,3.08,3.08,1500,0
PLZ,60,20240522,150000,3.06,3.09,3.01,3.085,5502,0
PLZ,60,20240522,160000,3.01,3.08,3.01,3.08,730,0
PLZ,60,20240522,170000,3.03,3.085,3.01,3.085,1111,0
PLZ,60,20240523,100000,3.02,3.02,3.02,3.02,3117,0
PLZ,60,20240523,110000,3.08,3.08,3.08,3.08,4,0
PLZ,60,20240523,120000,3.085,3.085,3.01,3.01,1001,0
PLZ,60,20240523,130000,3.045,3.05,3.045,3.05,2,0
PLZ,60,20240523,140000,3.05,3.05,3.04,3.05,1199,0
PLZ,60,20240523,150000,3.015,3.05,3.005,3.005,4001,0
PLZ,60,20240523,170000,3.045,3.08,3.045,3.08,4069,0
PLZ,60,20240524,100000,3.085,3.095,3.035,3.095,2635,0
PLZ,60,20240524,120000,3.03,3.075,3,3.075,7651,0
PLZ,60,20240524,140000,3.015,3.015,3.015,3.015,35,0
PLZ,60,20240524,150000,3.03,3.03,3.03,3.03,150,0
PLZ,60,20240524,160000,3.05,3.065,3,3,7630,0
PLZ,60,20240524,170000,3.01,3.05,3.01,3.04,1390,0
PLZ,60,20240527,100000,3.04,3.075,3.04,3.075,500,0
PLZ,60,20240527,110000,3.03,3.03,3,3,8360,0
PLZ,60,20240527,120000,3,3,3,3,929,0
PLZ,60,20240527,130000,3,3,2.99,2.99,2626,0
PLZ,60,20240527,140000,2.99,2.99,2.98,2.98,1300,0
PLZ,60,20240527,150000,2.98,2.98,2.97,2.97,750,0
PLZ,60,20240527,160000,2.98,3.03,2.98,3.03,3248,0
PLZ,60,20240527,170000,3,3.02,2.975,3,3460,0
PLZ,60,20240528,100000,3.02,3.02,3.02,3.02,745,0
PLZ,60,20240528,120000,2.975,2.975,2.975,2.975,30,0
PLZ,60,20240528,130000,3,3,3,3,9111,0
PLZ,60,20240528,140000,2.975,3.01,2.975,3.01,310,0
PLZ,60,20240528,150000,3,3.01,3,3,3939,0
PLZ,60,20240528,160000,2.985,2.985,2.98,2.98,1000,0
PLZ,60,20240528,170000,2.98,3,2.98,3,1319,0
PLZ,60,20240529,100000,2.965,2.985,2.945,2.945,3546,0
PLZ,60,20240529,110000,2.97,2.97,2.94,2.94,5413,0
PLZ,60,20240529,120000,2.95,2.95,2.95,2.95,500,0
PLZ,60,20240529,130000,2.95,2.965,2.95,2.965,233,0
PLZ,60,20240529,140000,2.965,2.995,2.94,2.99,760,0
PLZ,60,20240529,150000,2.99,3,2.99,3,3600,0
PLZ,60,20240529,160000,2.955,2.955,2.95,2.95,1700,0
PLZ,60,20240529,170000,2.975,2.985,2.93,2.985,2587,0
PLZ,60,20240531,100000,2.985,2.985,2.925,2.98,4706,0
PLZ,60,20240531,110000,2.985,3,2.98,3,1827,0
PLZ,60,20240531,120000,3,3.04,3,3.04,1592,0
PLZ,60,20240531,130000,2.98,2.98,2.98,2.98,24,0
PLZ,60,20240531,150000,2.98,3.04,2.95,3.04,1002,0
PLZ,60,20240531,170000,3.02,3.04,3.02,3.04,100,0
PLZ,60,20240603,100000,3.04,3.06,3.04,3.06,1570,0
PLZ,60,20240603,110000,2.955,3.055,2.955,3.055,101,0
PLZ,60,20240603,120000,3.045,3.045,3.045,3.045,2,0
PLZ,60,20240603,130000,3,3,3,3,300,0
PLZ,60,20240603,140000,2.955,3,2.955,3,1232,0
PLZ,60,20240603,160000,2.955,2.96,2.95,2.96,1400,0
PLZ,60,20240603,170000,2.95,3.02,2.88,3.02,5390,0
PLZ,60,20240604,110000,2.995,2.995,2.995,2.995,40,0
PLZ,60,20240604,120000,2.935,2.935,2.93,2.93,422,0
PLZ,60,20240604,130000,2.98,2.98,2.98,2.98,33,0
PLZ,60,20240604,140000,2.98,3.005,2.98,3,2066,0
PLZ,60,20240604,150000,2.995,2.995,2.925,2.925,770,0
PLZ,60,20240604,160000,2.925,2.98,2.925,2.98,391,0
PLZ,60,20240605,100000,3,3,2.91,2.91,10500,0
PLZ,60,20240605,110000,2.91,2.91,2.91,2.91,1080,0
PLZ,60,20240605,120000,2.965,2.965,2.965,2.965,13,0
PLZ,60,20240605,130000,2.965,2.965,2.965,2.965,5,0
PLZ,60,20240605,150000,2.965,2.965,2.965,2.965,700,0
PLZ,60,20240605,160000,2.965,3,2.965,3,2000,0
PLZ,60,20240605,170000,2.995,3,2.995,3,1188,0
PLZ,60,20240606,100000,3.03,3.04,3.03,3.04,1340,0
PLZ,60,20240606,110000,2.935,3.04,2.935,3.04,403,0
PLZ,60,20240606,150000,2.95,3,2.95,2.95,3280,0
PLZ,60,20240606,160000,3.02,3.03,3.02,3.03,1400,0
PLZ,60,20240606,170000,3.03,3.03,2.92,2.975,7129,0
PLZ,60,20240607,100000,2.94,2.94,2.94,2.94,180,0
PLZ,60,20240607,110000,2.94,2.94,2.93,2.93,2126,0
PLZ,60,20240607,120000,2.975,2.975,2.975,2.975,1,0
PLZ,60,20240607,130000,2.98,2.98,2.98,2.98,1,0
PLZ,60,20240607,150000,2.89,2.97,2.89,2.97,1001,0
PLZ,60,20240607,160000,2.91,2.94,2.88,2.94,2850,0
PLZ,60,20240607,170000,2.88,2.935,2.86,2.87,2008,0
PLZ,60,20240610,100000,2.85,2.945,2.85,2.94,1967,0
PLZ,60,20240610,130000,2.87,2.87,2.87,2.87,300,0
PLZ,60,20240610,150000,2.87,2.93,2.85,2.925,8444,0
PLZ,60,20240610,160000,2.93,2.935,2.9,2.925,6701,0
PLZ,60,20240610,170000,2.925,2.94,2.9,2.935,8649,0
PLZ,60,20240611,110000,2.85,2.85,2.85,2.85,100,0
PLZ,60,20240611,120000,2.92,2.92,2.92,2.92,36,0
PLZ,60,20240611,130000,2.86,2.86,2.86,2.86,150,0
PLZ,60,20240611,150000,2.92,2.92,2.86,2.9,302,0
PLZ,60,20240611,160000,2.9,2.9,2.9,2.9,3400,0
PLZ,60,20240611,170000,2.89,2.92,2.89,2.92,833,0
PLZ,60,20240612,120000,2.91,2.91,2.91,2.91,35,0
PLZ,60,20240612,130000,2.85,2.9,2.825,2.89,10782,0
PLZ,60,20240612,140000,2.89,2.92,2.89,2.92,2000,0
PLZ,60,20240612,150000,2.9,2.91,2.9,2.91,629,0
PLZ,60,20240612,160000,2.91,2.91,2.875,2.9,802,0
PLZ,60,20240612,170000,2.865,2.9,2.865,2.9,4000,0
PLZ,60,20240613,100000,2.94,2.94,2.83,2.83,4915,0
PLZ,60,20240613,110000,2.87,2.87,2.81,2.855,4568,0
PLZ,60,20240613,130000,2.86,2.9,2.86,2.9,7030,0
PLZ,60,20240613,140000,2.9,2.91,2.9,2.91,602,0
PLZ,60,20240613,150000,2.91,2.94,2.91,2.93,2102,0
PLZ,60,20240613,160000,2.93,2.945,2.93,2.93,461,0
PLZ,60,20240613,170000,2.86,2.9,2.86,2.9,6,0
PLZ,60,20240614,100000,2.845,2.845,2.845,2.845,60,0
PLZ,60,20240614,110000,2.895,2.9,2.895,2.9,80,0
PLZ,60,20240614,120000,2.9,2.9,2.9,2.9,1000,0
PLZ,60,20240614,130000,2.9,2.9,2.9,2.9,100,0
PLZ,60,20240614,140000,2.9,2.91,2.9,2.91,930,0
PLZ,60,20240614,150000,2.9,2.9,2.9,2.9,103,0
PLZ,60,20240614,160000,2.91,2.91,2.91,2.91,13,0
PLZ,60,20240614,170000,2.9,2.9,2.84,2.89,1398,0
PLZ,60,20240617,100000,2.89,2.89,2.84,2.84,1420,0
PLZ,60,20240617,110000,2.85,2.89,2.85,2.88,1967,0
PLZ,60,20240617,120000,2.86,2.87,2.71,2.8,16561,0
PLZ,60,20240617,130000,2.805,2.805,2.75,2.75,2928,0
PLZ,60,20240617,140000,2.77,2.795,2.755,2.795,1703,0
PLZ,60,20240617,150000,2.795,2.795,2.77,2.795,295,0
PLZ,60,20240617,160000,2.77,2.795,2.77,2.795,407,0
PLZ,60,20240617,170000,2.785,2.795,2.785,2.795,1139,0
PLZ,60,20240618,100000,2.795,2.795,2.73,2.795,2296,0
PLZ,60,20240618,110000,2.795,2.89,2.795,2.89,5091,0
PLZ,60,20240618,120000,2.85,2.895,2.77,2.895,3451,0
PLZ,60,20240618,140000,2.83,2.83,2.83,2.83,1,0
PLZ,60,20240618,160000,2.8,2.8,2.8,2.8,775,0
PLZ,60,20240618,170000,2.77,2.77,2.765,2.765,1859,0
PLZ,60,20240619,100000,2.75,2.75,2.745,2.745,652,0
PLZ,60,20240619,110000,2.8,2.8,2.78,2.78,300,0
PLZ,60,20240619,120000,2.8,2.84,2.8,2.8,600,0
PLZ,60,20240619,130000,2.78,2.8,2.78,2.8,392,0
PLZ,60,20240619,140000,2.8,2.86,2.8,2.86,1453,0
PLZ,60,20240619,150000,2.87,2.88,2.805,2.805,102,0
PLZ,60,20240619,160000,2.805,2.86,2.805,2.86,33,0
PLZ,60,20240619,170000,2.86,2.86,2.78,2.78,4000,0
PLZ,60,20240620,100000,2.83,2.83,2.83,2.83,444,0
PLZ,60,20240620,110000,2.8,2.8,2.8,2.8,500,0
PLZ,60,20240620,120000,2.79,2.8,2.75,2.8,1905,0
PLZ,60,20240620,160000,2.79,2.79,2.79,2.79,10,0
PLZ,60,20240620,170000,2.76,2.795,2.76,2.795,1090,0
PLZ,60,20240621,100000,2.83,2.83,2.685,2.685,9904,0
PLZ,60,20240621,110000,2.79,2.79,2.79,2.79,293,0
PLZ,60,20240621,130000,2.79,2.79,2.79,2.79,100,0
PLZ,60,20240621,160000,2.73,2.755,2.73,2.755,699,0
PLZ,60,20240621,170000,2.76,2.79,2.76,2.79,1540,0
PLZ,60,20240624,100000,2.79,2.79,2.79,2.79,100,0
PLZ,60,20240624,110000,2.79,2.88,2.79,2.88,910,0
PLZ,60,20240624,120000,2.79,2.79,2.73,2.73,1296,0
PLZ,60,20240624,130000,2.735,2.79,2.735,2.79,95,0
PLZ,60,20240624,160000,2.74,2.74,2.74,2.74,100,0
PLZ,60,20240624,170000,2.775,2.78,2.735,2.78,1746,0
PLZ,60,20240625,100000,2.78,2.78,2.71,2.71,4610,0
PLZ,60,20240625,120000,2.765,2.765,2.765,2.765,122,0
PLZ,60,20240625,130000,2.74,2.74,2.72,2.72,1567,0
PLZ,60,20240625,140000,2.72,2.75,2.71,2.71,4661,0
PLZ,60,20240625,150000,2.71,2.71,2.71,2.71,2057,0
PLZ,60,20240625,160000,2.73,2.85,2.73,2.83,6719,0
PLZ,60,20240625,170000,2.83,2.85,2.83,2.85,1134,0
PLZ,60,20240626,110000,2.82,2.82,2.82,2.82,750,0
PLZ,60,20240626,130000,2.745,2.745,2.74,2.74,2000,0
PLZ,60,20240626,150000,2.78,2.8,2.78,2.8,620,0
PLZ,60,20240626,170000,2.8,2.825,2.75,2.825,2397,0
PLZ,60,20240627,100000,2.825,2.825,2.825,2.825,1411,0
PLZ,60,20240627,110000,2.82,2.825,2.82,2.82,1500,0
PLZ,60,20240627,120000,2.82,2.82,2.82,2.82,13,0
PLZ,60,20240627,130000,2.82,2.82,2.745,2.75,2039,0
PLZ,60,20240627,140000,2.795,2.82,2.795,2.82,1254,0
PLZ,60,20240627,160000,2.805,2.805,2.805,2.805,2000,0
PLZ,60,20240628,100000,2.805,2.85,2.805,2.85,1038,0
PLZ,60,20240628,150000,2.765,2.84,2.765,2.84,1001,0
PLZ,60,20240628,170000,2.76,2.76,2.76,2.76,1,0
PLZ,60,20240701,100000,2.84,3.39,2.84,3.3,183866,0
PLZ,60,20240701,110000,3.3,3.3,3.185,3.265,42611,0
PLZ,60,20240701,120000,3.235,3.27,3.16,3.26,27071,0
PLZ,60,20240701,130000,3.26,3.265,3.16,3.22,10500,0
PLZ,60,20240701,140000,3.225,3.24,3.11,3.19,10039,0
PLZ,60,20240701,150000,3.15,3.265,3.105,3.265,22848,0
PLZ,60,20240701,160000,3.24,3.25,3.175,3.24,3807,0
PLZ,60,20240701,170000,3.24,3.26,3.12,3.17,21818,0
PLZ,60,20240702,100000,3.24,3.28,3.07,3.07,41620,0
PLZ,60,20240702,110000,3.13,3.28,3.13,3.265,56528,0
PLZ,60,20240702,120000,3.25,3.25,3,3,41007,0
PLZ,60,20240702,130000,3.05,3.075,3.005,3.03,19132,0
PLZ,60,20240702,140000,3.02,3.035,3.01,3.035,6528,0
PLZ,60,20240702,150000,3.035,3.035,2.965,3.025,22802,0
PLZ,60,20240702,160000,3.025,3.035,2.955,2.98,17555,0
PLZ,60,20240702,170000,2.965,2.965,2.85,2.87,47495,0
PLZ,60,20240703,100000,2.9,2.945,2.9,2.915,12321,0
PLZ,60,20240703,110000,2.915,2.945,2.915,2.935,2381,0
PLZ,60,20240703,120000,2.9,2.94,2.875,2.94,5837,0
PLZ,60,20240703,130000,2.94,2.94,2.875,2.94,530,0
PLZ,60,20240703,150000,2.9,2.9,2.88,2.88,830,0
PLZ,60,20240703,160000,2.88,2.88,2.85,2.85,3708,0
PLZ,60,20240703,170000,2.85,2.91,2.84,2.91,2190,0
PLZ,60,20240704,100000,2.9,2.9,2.85,2.895,4091,0
PLZ,60,20240704,110000,2.87,2.895,2.87,2.895,830,0
PLZ,60,20240704,140000,2.86,2.86,2.86,2.86,439,0
PLZ,60,20240704,150000,2.86,2.895,2.855,2.86,2327,0
PLZ,60,20240704,160000,2.86,2.86,2.855,2.855,2000,0
PLZ,60,20240704,170000,2.855,2.9,2.85,2.9,5376,0
PLZ,60,20240705,100000,2.855,2.89,2.83,2.89,2120,0
PLZ,60,20240705,110000,2.89,2.9,2.89,2.9,1000,0
PLZ,60,20240705,140000,2.85,2.86,2.84,2.85,5284,0
PLZ,60,20240705,150000,2.85,2.88,2.85,2.88,2960,0
PLZ,60,20240705,170000,2.88,2.9,2.85,2.9,2002,0
PLZ,60,20240708,100000,2.94,2.96,2.94,2.96,708,0
PLZ,60,20240708,120000,2.9,2.94,2.9,2.94,1008,0
PLZ,60,20240708,140000,2.86,2.94,2.86,2.94,2667,0
PLZ,60,20240708,150000,2.92,2.92,2.92,2.92,24,0
PLZ,60,20240708,160000,2.9,2.93,2.9,2.93,421,0
PLZ,60,20240708,170000,2.87,2.92,2.87,2.92,387,0
PLZ,60,20240709,100000,2.87,2.92,2.85,2.92,5535,0
PLZ,60,20240709,110000,2.86,2.91,2.83,2.88,8708,0
PLZ,60,20240709,130000,2.83,2.83,2.81,2.81,2760,0
PLZ,60,20240709,140000,2.82,2.87,2.82,2.87,1007,0
PLZ,60,20240709,150000,2.87,2.87,2.8,2.85,7768,0
PLZ,60,20240709,160000,2.85,2.89,2.78,2.89,5148,0
PLZ,60,20240710,100000,2.785,2.87,2.785,2.87,224,0
PLZ,60,20240710,110000,2.85,2.865,2.79,2.865,101,0
PLZ,60,20240710,140000,2.8,2.8,2.8,2.8,300,0
PLZ,60,20240710,150000,2.8,2.8,2.76,2.76,8000,0
PLZ,60,20240710,160000,2.79,2.84,2.775,2.83,5106,0
PLZ,60,20240710,170000,2.83,2.83,2.83,2.83,10,0
PLZ,60,20240711,100000,2.87,2.87,2.85,2.85,446,0
PLZ,60,20240711,110000,2.87,2.89,2.8,2.89,1227,0
PLZ,60,20240711,130000,2.87,2.87,2.87,2.87,3,0
PLZ,60,20240711,140000,2.88,2.88,2.88,2.88,2,0
PLZ,60,20240711,150000,2.88,2.88,2.88,2.88,10,0
PLZ,60,20240711,160000,2.83,2.87,2.83,2.87,559,0
PLZ,60,20240712,110000,2.87,2.87,2.87,2.87,100,0
PLZ,60,20240712,120000,2.83,2.86,2.83,2.86,1050,0
PLZ,60,20240712,130000,2.85,2.88,2.85,2.88,2530,0
PLZ,60,20240712,140000,2.87,2.87,2.805,2.87,509,0
PLZ,60,20240712,150000,2.87,2.9,2.805,2.895,915,0
PLZ,60,20240712,160000,2.815,2.88,2.815,2.88,61,0
PLZ,60,20240712,170000,2.89,2.89,2.89,2.89,380,0
PLZ,60,20240715,100000,2.9,2.9,2.825,2.885,2465,0
PLZ,60,20240715,110000,2.875,2.875,2.875,2.875,150,0
PLZ,60,20240715,120000,2.84,2.84,2.83,2.83,500,0
PLZ,60,20240715,130000,2.83,2.83,2.83,2.83,770,0
PLZ,60,20240715,140000,2.83,2.84,2.83,2.84,303,0
PLZ,60,20240715,150000,2.83,2.83,2.75,2.8,5706,0
PLZ,60,20240715,160000,2.8,2.8,2.8,2.8,339,0
PLZ,60,20240715,170000,2.83,2.85,2.83,2.85,834,0
PLZ,60,20240716,100000,2.9,2.9,2.8,2.85,1521,0
PLZ,60,20240716,120000,2.795,2.83,2.76,2.83,5044,0
PLZ,60,20240716,130000,2.77,2.83,2.76,2.775,8154,0
PLZ,60,20240716,140000,2.775,2.8,2.765,2.795,436,0
PLZ,60,20240716,150000,2.795,2.81,2.77,2.81,416,0
PLZ,60,20240716,170000,2.795,2.795,2.795,2.795,457,0
PLZ,60,20240717,100000,2.75,2.82,2.72,2.795,4834,0
PLZ,60,20240717,110000,2.795,3.245,2.76,3.16,150634,0
PLZ,60,20240717,120000,3.14,3.18,2.75,2.8,84785,0
PLZ,60,20240717,130000,2.88,2.88,2.82,2.82,1425,0
PLZ,60,20240717,140000,2.82,2.82,2.725,2.78,22952,0
PLZ,60,20240717,150000,2.76,2.78,2.72,2.73,20998,0
PLZ,60,20240717,160000,2.73,2.76,2.685,2.685,33454,0
PLZ,60,20240717,170000,2.7,2.76,2.68,2.68,10674,0
PLZ,60,20240718,100000,2.75,2.75,2.695,2.73,8643,0
PLZ,60,20240718,110000,2.73,2.745,2.73,2.745,396,0
PLZ,60,20240718,120000,2.7,2.75,2.7,2.75,1323,0
PLZ,60,20240718,130000,2.75,2.75,2.7,2.73,3573,0
PLZ,60,20240718,140000,2.74,2.75,2.705,2.75,685,0
PLZ,60,20240718,150000,2.75,2.75,2.75,2.75,207,0
PLZ,60,20240718,160000,2.71,2.71,2.71,2.71,670,0
PLZ,60,20240718,170000,2.71,2.74,2.7,2.74,3470,0
PLZ,60,20240719,100000,2.75,2.75,2.68,2.735,685,0
PLZ,60,20240719,110000,2.735,2.74,2.735,2.74,1218,0
PLZ,60,20240719,120000,2.7,2.7,2.68,2.68,7775,0
PLZ,60,20240719,130000,2.7,2.7,2.685,2.7,5726,0
PLZ,60,20240719,140000,2.685,2.725,2.505,2.715,13242,0
PLZ,60,20240719,170000,2.68,2.715,2.625,2.715,1278,0
PLZ,60,20240722,100000,2.7,2.7,2.5,2.59,21600,0
PLZ,60,20240722,110000,2.58,2.61,2.58,2.61,3691,0
PLZ,60,20240722,120000,2.61,2.62,2.6,2.615,1439,0
PLZ,60,20240722,130000,2.615,2.65,2.5,2.56,15428,0
PLZ,60,20240722,140000,2.57,2.58,2.55,2.575,1380,0
PLZ,60,20240722,150000,2.575,2.58,2.525,2.56,5157,0
PLZ,60,20240722,160000,2.555,2.565,2.54,2.56,830,0
PLZ,60,20240722,170000,2.55,2.6,2.55,2.6,8601,0
PLZ,60,20240723,100000,2.62,2.62,2.5,2.5,7270,0
PLZ,60,20240723,110000,2.5,2.51,2.42,2.46,13313,0
PLZ,60,20240723,120000,2.49,2.51,2.49,2.49,3568,0
PLZ,60,20240723,140000,2.5,2.5,2.47,2.47,622,0
PLZ,60,20240723,150000,2.46,2.54,2.43,2.54,7816,0
PLZ,60,20240723,160000,2.535,2.58,2.52,2.545,2876,0
PLZ,60,20240723,170000,2.52,2.57,2.49,2.57,2933,0
PLZ,60,20240724,100000,2.565,2.565,2.47,2.475,1547,0
PLZ,60,20240724,120000,2.49,2.49,2.49,2.49,2353,0
PLZ,60,20240724,130000,2.49,2.53,2.49,2.5,4705,0
PLZ,60,20240724,140000,2.5,2.53,2.48,2.53,1688,0
PLZ,60,20240724,150000,2.53,2.53,2.525,2.525,17,0
PLZ,60,20240724,160000,2.5,2.53,2.5,2.53,330,0
PLZ,60,20240724,170000,2.53,2.53,2.53,2.53,1092,0
PLZ,60,20240725,100000,2.5,2.53,2.4,2.52,4019,0
PLZ,60,20240725,110000,2.45,2.52,2.45,2.515,530,0
PLZ,60,20240725,170000,2.51,2.51,2.42,2.47,5833,0
PLZ,60,20240726,100000,2.5,2.5,2.46,2.495,1693,0
PLZ,60,20240726,110000,2.495,2.5,2.495,2.5,571,0
PLZ,60,20240726,120000,2.5,2.5,2.5,2.5,480,0
PLZ,60,20240726,140000,2.495,2.495,2.495,2.495,5,0
PLZ,60,20240726,160000,2.495,2.52,2.495,2.52,2867,0
PLZ,60,20240726,170000,2.52,2.56,2.5,2.56,2228,0
PLZ,60,20240729,100000,2.55,2.55,2.55,2.55,1499,0
PLZ,60,20240729,110000,2.55,2.55,2.55,2.55,1088,0
PLZ,60,20240729,140000,2.53,2.55,2.53,2.55,279,0
PLZ,60,20240729,150000,2.56,2.58,2.56,2.58,1012,0
PLZ,60,20240730,100000,2.505,2.58,2.41,2.56,2689,0
PLZ,60,20240730,120000,2.555,2.59,2.555,2.59,1153,0
PLZ,60,20240730,130000,2.555,2.59,2.5,2.59,3020,0
PLZ,60,20240730,140000,2.58,2.59,2.58,2.59,1088,0
PLZ,60,20240730,150000,2.59,2.67,2.59,2.67,5215,0
PLZ,60,20240730,160000,2.66,2.66,2.6,2.6,702,0
PLZ,60,20240730,170000,2.65,2.66,2.65,2.66,208,0
PLZ,60,20240731,100000,2.675,2.675,2.675,2.675,50,0
PLZ,60,20240731,110000,2.675,2.675,2.61,2.61,489,0
PLZ,60,20240731,120000,2.675,2.675,2.675,2.675,9,0
PLZ,60,20240731,150000,2.61,2.61,2.61,2.61,139,0
PLZ,60,20240731,160000,2.545,2.585,2.545,2.56,1464,0
PLZ,60,20240731,170000,2.59,2.61,2.57,2.6,628,0
PLZ,60,20240801,100000,2.545,2.65,2.545,2.65,411,0
PLZ,60,20240801,110000,2.56,2.56,2.56,2.56,2000,0
PLZ,60,20240801,120000,2.635,2.635,2.62,2.62,2,0
PLZ,60,20240801,140000,2.6,2.6,2.6,2.6,429,0
PLZ,60,20240801,150000,2.62,2.62,2.62,2.62,2,0
PLZ,60,20240802,100000,2.65,2.65,2.6,2.6,22,0
PLZ,60,20240802,110000,2.55,2.59,2.55,2.59,531,0
PLZ,60,20240802,170000,2.59,2.59,2.59,2.59,3,0
PLZ,60,20240805,100000,2.6,2.6,2.57,2.57,1210,0
PLZ,60,20240805,110000,2.555,2.555,2.555,2.555,10,0
PLZ,60,20240805,120000,2.555,2.555,2.555,2.555,740,0
PLZ,60,20240805,130000,2.435,2.52,2.42,2.5,3323,0
PLZ,60,20240805,140000,2.5,2.5,2.5,2.5,400,0
PLZ,60,20240805,150000,2.44,2.475,2.38,2.38,1485,0
PLZ,60,20240805,160000,2.415,2.43,2.35,2.4,8439,0
PLZ,60,20240805,170000,2.4,2.4,2.37,2.4,5777,0
PLZ,60,20240806,100000,2.47,2.5,2.47,2.495,1918,0
PLZ,60,20240806,120000,2.485,2.485,2.485,2.485,398,0
PLZ,60,20240806,130000,2.48,2.48,2.48,2.48,492,0
PLZ,60,20240806,150000,2.465,2.465,2.465,2.465,1,0
PLZ,60,20240806,170000,2.46,2.46,2.46,2.46,120,0
PLZ,60,20240807,100000,2.415,2.485,2.41,2.485,1526,0
PLZ,60,20240807,130000,2.45,2.46,2.45,2.46,1483,0
PLZ,60,20240807,140000,2.45,2.46,2.45,2.46,108,0
PLZ,60,20240807,150000,2.425,2.435,2.385,2.435,2511,0
PLZ,60,20240807,160000,2.4,2.46,2.4,2.46,2219,0
PLZ,60,20240808,110000,2.4,2.46,2.39,2.455,575,0
PLZ,60,20240808,130000,2.395,2.45,2.395,2.45,74,0
PLZ,60,20240808,140000,2.455,2.46,2.455,2.46,66,0
PLZ,60,20240808,150000,2.4,2.46,2.385,2.46,1120,0
PLZ,60,20240809,100000,2.46,2.49,2.41,2.49,1693,0
PLZ,60,20240809,110000,2.44,2.5,2.44,2.5,1716,0
PLZ,60,20240809,120000,2.495,2.495,2.495,2.495,1,0
PLZ,60,20240809,140000,2.485,2.485,2.485,2.485,200,0
PLZ,60,20240809,150000,2.44,2.475,2.44,2.475,761,0
PLZ,60,20240809,170000,2.46,2.46,2.46,2.46,125,0
PLZ,60,20240812,100000,2.46,2.475,2.46,2.475,1201,0
PLZ,60,20240812,110000,2.43,2.465,2.43,2.465,1743,0
PLZ,60,20240812,120000,2.42,2.445,2.41,2.44,2856,0
PLZ,60,20240812,150000,2.44,2.445,2.44,2.445,39,0
PLZ,60,20240812,170000,2.42,2.44,2.42,2.44,872,0
PLZ,60,20240813,100000,2.46,2.46,2.46,2.46,51,0
PLZ,60,20240813,110000,2.415,2.45,2.39,2.445,2066,0
PLZ,60,20240813,120000,2.445,2.445,2.445,2.445,3,0
PLZ,60,20240813,130000,2.44,2.445,2.44,2.445,2020,0
PLZ,60,20240813,170000,2.445,2.445,2.445,2.445,280,0
PLZ,60,20240814,100000,2.4,2.4,2.4,2.4,411,0
PLZ,60,20240814,110000,2.43,2.445,2.4,2.4,5264,0
PLZ,60,20240814,120000,2.43,2.43,2.43,2.43,100,0
PLZ,60,20240814,150000,2.42,2.42,2.42,2.42,1,0
PLZ,60,20240814,160000,2.4,2.4,2.4,2.4,3199,0
PLZ,60,20240814,170000,2.43,2.5,2.43,2.5,12000,0
PLZ,60,20240816,100000,2.5,2.555,2.5,2.52,1440,0
PLZ,60,20240816,110000,2.52,2.54,2.52,2.53,918,0
PLZ,60,20240816,120000,2.53,2.54,2.53,2.54,2000,0
PLZ,60,20240816,130000,2.53,2.58,2.53,2.58,5660,0
PLZ,60,20240816,150000,2.505,2.57,2.47,2.565,3544,0
PLZ,60,20240816,160000,2.48,2.555,2.44,2.555,10439,0
PLZ,60,20240816,170000,2.54,2.54,2.54,2.54,380,0
PLZ,60,20240819,100000,2.545,2.545,2.465,2.545,1464,0
PLZ,60,20240819,110000,2.47,2.52,2.44,2.52,993,0
PLZ,60,20240819,130000,2.5,2.58,2.5,2.58,5227,0
PLZ,60,20240819,140000,2.58,2.58,2.47,2.47,2750,0
PLZ,60,20240819,150000,2.47,2.575,2.47,2.53,5301,0
PLZ,60,20240819,160000,2.57,2.57,2.57,2.57,1,0
PLZ,60,20240819,170000,2.485,2.56,2.48,2.48,892,0
PLZ,60,20240820,100000,2.555,2.555,2.42,2.43,8088,0
PLZ,60,20240820,110000,2.52,2.52,2.52,2.52,20,0
PLZ,60,20240820,120000,2.44,2.44,2.44,2.44,500,0
PLZ,60,20240820,150000,2.44,2.44,2.44,2.44,500,0
PLZ,60,20240820,160000,2.45,2.45,2.42,2.42,1280,0
PLZ,60,20240820,170000,2.42,2.51,2.42,2.51,1830,0
PLZ,60,20240821,100000,2.51,2.51,2.44,2.51,1013,0
PLZ,60,20240821,110000,2.45,2.51,2.45,2.51,1142,0
PLZ,60,20240821,140000,2.5,2.5,2.5,2.5,200,0
PLZ,60,20240821,150000,2.5,2.5,2.5,2.5,300,0
PLZ,60,20240821,160000,2.44,2.5,2.44,2.5,2121,0
PLZ,60,20240821,170000,2.46,2.5,2.4,2.4,2033,0
PLZ,60,20240822,100000,2.42,2.49,2.42,2.49,4823,0
PLZ,60,20240822,110000,2.43,2.51,2.43,2.51,2001,0
PLZ,60,20240822,160000,2.49,2.49,2.43,2.43,300,0
PLZ,60,20240822,170000,2.5,2.51,2.5,2.51,1002,0
PLZ,60,20240823,100000,2.51,2.51,2.51,2.51,4,0
PLZ,60,20240823,120000,2.51,2.52,2.51,2.52,180,0
PLZ,60,20240823,140000,2.44,2.52,2.36,2.5,4042,0
PLZ,60,20240823,150000,2.49,2.51,2.49,2.51,3017,0
PLZ,60,20240823,160000,2.42,2.48,2.42,2.48,2110,0
PLZ,60,20240823,170000,2.425,2.425,2.425,2.425,804,0
PLZ,60,20240826,100000,2.51,2.51,2.4,2.51,424,0
PLZ,60,20240826,110000,2.43,2.51,2.42,2.51,1155,0
PLZ,60,20240826,160000,2.44,2.51,2.44,2.51,235,0
PLZ,60,20240827,100000,2.44,2.51,2.44,2.51,205,0
PLZ,60,20240827,130000,2.505,2.505,2.44,2.44,1065,0
PLZ,60,20240827,150000,2.44,2.44,2.44,2.44,1300,0
PLZ,60,20240827,160000,2.44,2.44,2.44,2.44,700,0
PLZ,60,20240827,170000,2.42,2.42,2.42,2.42,414,0
PLZ,60,20240828,100000,2.505,2.505,2.505,2.505,40,0
PLZ,60,20240828,120000,2.49,2.49,2.49,2.49,200,0
PLZ,60,20240828,130000,2.49,2.51,2.44,2.51,2704,0
PLZ,60,20240828,140000,2.495,2.495,2.43,2.43,2246,0
PLZ,60,20240828,150000,2.43,2.48,2.43,2.48,1525,0
PLZ,60,20240828,170000,2.43,2.51,2.43,2.51,2546,0
PLZ,60,20240829,100000,2.505,2.505,2.43,2.43,270,0
PLZ,60,20240829,110000,2.49,2.5,2.49,2.5,617,0
PLZ,60,20240829,170000,2.45,2.5,2.45,2.5,2690,0
PLZ,60,20240830,100000,2.505,2.65,2.505,2.615,13069,0
PLZ,60,20240830,110000,2.56,2.62,2.555,2.605,931,0
PLZ,60,20240830,120000,2.59,2.6,2.59,2.6,1906,0
PLZ,60,20240830,130000,2.555,2.58,2.53,2.58,5361,0
PLZ,60,20240830,140000,2.58,2.65,2.57,2.57,6892,0
PLZ,60,20240830,150000,2.645,2.645,2.58,2.58,101,0
PLZ,60,20240830,160000,2.64,2.64,2.55,2.55,2129,0
PLZ,60,20240830,170000,2.575,2.645,2.575,2.645,1200,0
PLZ,60,20240902,100000,2.635,2.67,2.635,2.65,1892,0
PLZ,60,20240902,110000,2.56,2.575,2.56,2.575,1232,0
PLZ,60,20240902,120000,2.645,2.645,2.55,2.55,19,0
PLZ,60,20240902,130000,2.55,2.64,2.55,2.64,103,0
PLZ,60,20240902,150000,2.57,2.615,2.56,2.615,262,0
PLZ,60,20240902,160000,2.57,2.635,2.515,2.515,4262,0
PLZ,60,20240902,170000,2.6,2.62,2.6,2.62,979,0
PLZ,60,20240903,100000,2.6,2.6,2.55,2.55,4600,0
PLZ,60,20240903,110000,2.55,2.55,2.55,2.55,536,0
PLZ,60,20240903,120000,2.6,2.6,2.6,2.6,1000,0
PLZ,60,20240903,130000,2.545,2.545,2.545,2.545,62,0
PLZ,60,20240903,140000,2.545,2.595,2.545,2.595,9,0
PLZ,60,20240903,160000,2.55,2.585,2.51,2.51,2795,0
PLZ,60,20240903,170000,2.575,2.575,2.56,2.56,342,0
PLZ,60,20240904,100000,2.55,2.64,2.55,2.56,5179,0
PLZ,60,20240904,110000,2.51,2.51,2.505,2.505,1000,0
PLZ,60,20240904,140000,2.545,2.545,2.545,2.545,200,0
PLZ,60,20240904,150000,2.51,2.51,2.505,2.505,2000,0
PLZ,60,20240904,160000,2.545,2.545,2.545,2.545,411,0
PLZ,60,20240904,170000,2.51,2.535,2.505,2.535,1862,0
PLZ,60,20240905,100000,2.5,2.5,2.5,2.5,2025,0
PLZ,60,20240905,110000,2.505,2.505,2.5,2.5,343,0
PLZ,60,20240905,130000,2.535,2.535,2.535,2.535,2,0
PLZ,60,20240905,140000,2.5,2.535,2.5,2.5,2102,0
PLZ,60,20240905,150000,2.5,2.5,2.485,2.485,1054,0
PLZ,60,20240905,160000,2.53,2.53,2.53,2.53,79,0
PLZ,60,20240905,170000,2.465,2.52,2.465,2.52,334,0
PLZ,60,20240906,100000,2.55,2.55,2.55,2.55,5,0
PLZ,60,20240906,110000,2.5,2.5,2.5,2.5,200,0
PLZ,60,20240906,120000,2.53,2.53,2.53,2.53,22,0
PLZ,60,20240906,140000,2.48,2.515,2.45,2.51,2211,0
PLZ,60,20240906,160000,2.48,2.485,2.48,2.485,1107,0
PLZ,60,20240906,170000,2.44,2.485,2.44,2.485,618,0
PLZ,60,20240909,100000,2.505,2.505,2.505,2.505,1164,0
PLZ,60,20240909,110000,2.5,2.5,2.5,2.5,1000,0
PLZ,60,20240909,140000,2.485,2.485,2.485,2.485,70,0
PLZ,60,20240909,170000,2.5,2.5,2.485,2.485,116,0
PLZ,60,20240910,100000,2.43,2.51,2.41,2.51,1382,0
PLZ,60,20240910,110000,2.42,2.51,2.42,2.51,411,0
PLZ,60,20240910,120000,2.42,2.42,2.42,2.42,1,0
PLZ,60,20240910,130000,2.5,2.5,2.5,2.5,2,0
PLZ,60,20240910,160000,2.43,2.43,2.43,2.43,130,0
PLZ,60,20240910,170000,2.48,2.5,2.48,2.5,3001,0
PLZ,60,20240911,130000,2.485,2.485,2.485,2.485,100,0
PLZ,60,20240911,150000,2.42,2.46,2.42,2.46,1400,0
PLZ,60,20240911,160000,2.485,2.49,2.485,2.49,111,0
PLZ,60,20240912,100000,2.49,2.5,2.44,2.5,990,0
PLZ,60,20240912,110000,2.5,2.65,2.5,2.56,14391,0
PLZ,60,20240912,120000,2.64,2.64,2.62,2.62,192,0
PLZ,60,20240912,130000,2.615,2.615,2.615,2.615,38,0
PLZ,60,20240912,140000,2.6,2.605,2.56,2.605,922,0
PLZ,60,20240912,160000,2.59,2.595,2.54,2.54,2674,0
PLZ,60,20240912,170000,2.585,2.585,2.51,2.515,565,0
PLZ,60,20240913,100000,2.54,2.54,2.515,2.515,3500,0
PLZ,60,20240913,110000,2.515,2.515,2.515,2.515,3000,0
PLZ,60,20240913,140000,2.515,2.515,2.51,2.51,1545,0
PLZ,60,20240913,150000,2.505,2.505,2.505,2.505,1000,0
PLZ,60,20240913,160000,2.51,2.51,2.51,2.51,2,0
PLZ,60,20240913,170000,2.5,2.55,2.48,2.48,4566,0
PLZ,60,20240916,110000,2.48,2.48,2.48,2.48,400,0
PLZ,60,20240916,120000,2.55,2.55,2.55,2.55,3,0
PLZ,60,20240916,170000,2.52,2.52,2.52,2.52,1,0
PLZ,60,20240917,100000,2.48,2.48,2.48,2.48,436,0
PLZ,60,20240917,110000,2.48,2.48,2.48,2.48,9,0
PLZ,60,20240917,120000,2.44,2.55,2.43,2.55,8056,0
PLZ,60,20240917,130000,2.5,2.5,2.5,2.5,1200,0
PLZ,60,20240917,160000,2.53,2.6,2.53,2.6,6202,0
PLZ,60,20240917,170000,2.55,2.55,2.55,2.55,1,0
PLZ,60,20240918,120000,2.58,2.58,2.58,2.58,4,0
PLZ,60,20240918,150000,2.505,2.505,2.5,2.5,5000,0
PLZ,60,20240918,170000,2.51,2.55,2.5,2.55,8535,0
PLZ,60,20240919,110000,2.56,2.56,2.56,2.56,3,0
PLZ,60,20240919,140000,2.505,2.505,2.505,2.505,117,0
PLZ,60,20240919,150000,2.505,2.55,2.5,2.55,1502,0
PLZ,60,20240919,160000,2.55,2.555,2.5,2.55,1588,0
PLZ,60,20240919,170000,2.5,2.54,2.5,2.54,2824,0
PLZ,60,20240920,100000,2.505,2.505,2.5,2.5,3099,0
PLZ,60,20240920,110000,2.54,2.54,2.54,2.54,1,0
PLZ,60,20240920,120000,2.5,2.5,2.5,2.5,3468,0
PLZ,60,20240920,140000,2.5,2.5,2.5,2.5,5304,0
PLZ,60,20240923,100000,2.5,2.5,2.5,2.5,402,0
PLZ,60,20240923,140000,2.5,2.5,2.5,2.5,181,0
PLZ,60,20240923,170000,2.44,2.49,2.41,2.49,1464,0
PLZ,60,20240924,100000,2.45,2.48,2.45,2.48,499,0
PLZ,60,20240924,110000,2.415,2.415,2.31,2.41,5687,0
PLZ,60,20240924,120000,2.41,2.47,2.41,2.47,2891,0
PLZ,60,20240924,160000,2.46,2.46,2.46,2.46,600,0
PLZ,60,20240924,170000,2.42,2.42,2.41,2.41,263,0
PLZ,60,20240925,100000,2.49,2.49,2.49,2.49,33,0
PLZ,60,20240925,110000,2.36,2.36,2.36,2.36,81,0
PLZ,60,20240925,120000,2.48,2.48,2.4,2.48,1051,0
PLZ,60,20240926,100000,2.36,2.46,2.36,2.46,501,0
PLZ,60,20240926,120000,2.36,2.45,2.36,2.45,381,0
PLZ,60,20240926,140000,2.36,2.44,2.36,2.44,801,0
PLZ,60,20240927,100000,2.465,2.465,2.33,2.33,1732,0
PLZ,60,20240927,110000,2.34,2.34,2.34,2.34,200,0
PLZ,60,20240927,120000,2.4,2.4,2.35,2.35,822,0
PLZ,60,20240927,140000,2.37,2.37,2.37,2.37,399,0
PLZ,60,20240927,150000,2.43,2.43,2.35,2.4,320,0
PLZ,60,20240927,160000,2.37,2.37,2.34,2.34,2583,0
PLZ,60,20240927,170000,2.34,2.42,2.34,2.42,2313,0
PLZ,60,20240930,100000,2.42,2.43,2.42,2.42,700,0
PLZ,60,20240930,140000,2.42,2.42,2.42,2.42,100,0
PLZ,60,20240930,150000,2.42,2.42,2.42,2.42,5,0
PLZ,60,20240930,170000,2.34,2.415,2.34,2.415,13,0
PLZ,60,20241001,130000,2.33,2.33,2.31,2.31,2400,0
PLZ,60,20241001,140000,2.395,2.395,2.395,2.395,80,0
PLZ,60,20241001,150000,2.33,2.33,2.29,2.29,12000,0
PLZ,60,20241001,160000,2.38,2.38,2.28,2.28,44,0
PLZ,60,20241001,170000,2.3,2.32,2.285,2.32,3038,0
PLZ,60,20241002,100000,2.37,2.37,2.37,2.37,11,0
PLZ,60,20241002,130000,2.355,2.355,2.355,2.355,400,0
PLZ,60,20241002,140000,2.36,2.36,2.36,2.36,520,0
PLZ,60,20241002,150000,2.36,2.365,2.36,2.365,967,0
PLZ,60,20241002,160000,2.29,2.29,2.29,2.29,80,0
PLZ,60,20241002,170000,2.365,2.365,2.365,2.365,10,0
PLZ,60,20241004,100000,2.365,2.365,2.295,2.295,1812,0
PLZ,60,20241004,110000,2.36,2.36,2.36,2.36,1,0
PLZ,60,20241004,160000,2.295,2.295,2.29,2.29,2321,0
PLZ,60,20241004,170000,2.345,2.345,2.29,2.29,8,0
PLZ,60,20241007,100000,2.345,2.37,2.2,2.3,8110,0
PLZ,60,20241007,120000,2.28,2.28,2.28,2.28,229,0
PLZ,60,20241007,130000,2.28,2.28,2.28,2.28,756,0
PLZ,60,20241007,140000,2.28,2.28,2.28,2.28,341,0
PLZ,60,20241007,170000,2.315,2.315,2.315,2.315,511,0
PLZ,60,20241008,100000,2.365,2.6,2.365,2.49,36398,0
PLZ,60,20241008,110000,2.495,2.505,2.415,2.415,10024,0
PLZ,60,20241008,120000,2.475,2.475,2.36,2.445,5405,0
PLZ,60,20241008,130000,2.435,2.435,2.435,2.435,633,0
PLZ,60,20241008,140000,2.44,2.44,2.36,2.38,5730,0
PLZ,60,20241008,150000,2.425,2.44,2.36,2.44,9604,0
PLZ,60,20241008,170000,2.38,2.38,2.38,2.38,119,0
PLZ,60,20241009,100000,2.31,2.31,2.31,2.31,1,0
PLZ,60,20241009,110000,2.31,2.345,2.23,2.345,6860,0
PLZ,60,20241009,120000,2.29,2.29,2.29,2.29,1004,0
PLZ,60,20241009,130000,2.29,2.29,2.25,2.29,1624,0
PLZ,60,20241009,140000,2.285,2.285,2.285,2.285,455,0
PLZ,60,20241009,160000,2.285,2.285,2.28,2.28,5,0
PLZ,60,20241009,170000,2.25,2.28,2.19,2.2,9893,0
PLZ,60,20241010,100000,2.2,2.265,2.2,2.24,8128,0
PLZ,60,20241010,140000,2.225,2.225,2.225,2.225,477,0
PLZ,60,20241010,150000,2.215,2.225,2.215,2.225,2117,0
PLZ,60,20241010,160000,2.23,2.4,2.23,2.4,19703,0
PLZ,60,20241010,170000,2.4,2.415,2.25,2.3,10352,0
PLZ,60,20241011,100000,2.29,2.33,2.29,2.33,2179,0
PLZ,60,20241011,160000,2.32,2.39,2.32,2.38,6038,0
PLZ,60,20241011,170000,2.38,2.38,2.275,2.285,6868,0
PLZ,60,20241014,100000,2.4,2.4,2.26,2.39,14852,0
PLZ,60,20241014,140000,2.3,2.38,2.3,2.375,1721,0
PLZ,60,20241014,150000,2.375,2.375,2.3,2.3,1355,0
PLZ,60,20241014,160000,2.37,2.375,2.32,2.375,179,0
PLZ,60,20241014,170000,2.3,2.33,2.22,2.295,21415,0
PLZ,60,20241015,100000,2.295,2.295,2.295,2.295,19,0
PLZ,60,20241015,110000,2.295,2.295,2.295,2.295,270,0
PLZ,60,20241015,120000,2.295,2.33,2.24,2.3,5358,0
PLZ,60,20241015,130000,2.33,2.33,2.3,2.3,2008,0
PLZ,60,20241015,140000,2.295,2.295,2.295,2.295,1,0
PLZ,60,20241015,150000,2.295,2.295,2.295,2.295,50,0
PLZ,60,20241015,160000,2.3,2.3,2.29,2.29,6,0
PLZ,60,20241015,170000,2.225,2.225,2.225,2.225,1157,0
PLZ,60,20241016,100000,2.3,2.3,2.2,2.29,1982,0
PLZ,60,20241016,110000,2.285,2.285,2.28,2.28,2,0
PLZ,60,20241016,120000,2.28,2.285,2.225,2.225,2180,0
PLZ,60,20241016,130000,2.21,2.26,2.2,2.26,2667,0
PLZ,60,20241016,140000,2.26,2.27,2.26,2.27,508,0
PLZ,60,20241016,150000,2.21,2.25,2.2,2.21,1208,0
PLZ,60,20241016,160000,2.25,2.26,2.25,2.26,1117,0
PLZ,60,20241016,170000,2.28,2.28,2.28,2.28,140,0
PLZ,60,20241017,100000,2.27,2.27,2.27,2.27,15,0
PLZ,60,20241017,110000,2.2,2.25,2.2,2.25,2045,0
PLZ,60,20241017,130000,2.215,2.215,2.215,2.215,190,0
PLZ,60,20241017,140000,2.24,2.24,2.24,2.24,200,0
PLZ,60,20241017,160000,2.215,2.24,2.195,2.24,2776,0
PLZ,60,20241017,170000,2.195,2.225,2.165,2.225,5951,0
PLZ,60,20241018,100000,2.18,2.225,2.13,2.225,4285,0
PLZ,60,20241018,130000,2.18,2.18,2.18,2.18,23,0
PLZ,60,20241018,140000,2.15,2.18,2.12,2.18,1504,0
PLZ,60,20241018,150000,2.18,2.18,2.18,2.18,560,0
PLZ,60,20241018,160000,2.18,2.22,2.16,2.22,2759,0
PLZ,60,20241018,170000,2.19,2.225,2.185,2.225,703,0
PLZ,60,20241021,100000,2.225,2.225,2.2,2.2,2424,0
PLZ,60,20241021,110000,2.2,2.2,2.19,2.2,2213,0
PLZ,60,20241021,120000,2.175,2.225,2.17,2.225,122,0
PLZ,60,20241021,170000,2.225,2.225,2.225,2.225,16,0
PLZ,60,20241022,100000,2.24,2.33,2.215,2.27,17223,0
PLZ,60,20241022,110000,2.29,2.29,2.29,2.29,6,0
PLZ,60,20241022,120000,2.24,2.26,2.24,2.26,1042,0
PLZ,60,20241022,130000,2.225,2.225,2.2,2.2,2416,0
PLZ,60,20241022,140000,2.2,2.2,2.19,2.19,139,0
PLZ,60,20241022,150000,2.24,2.24,2.24,2.24,1000,0
PLZ,60,20241022,170000,2.22,2.24,2.19,2.24,1094,0
PLZ,60,20241023,100000,2.2,2.24,2.2,2.24,1509,0
PLZ,60,20241023,160000,2.19,2.23,2.11,2.23,4520,0
PLZ,60,20241023,170000,2.13,2.22,2.11,2.21,3109,0
PLZ,60,20241024,100000,2.205,2.21,2.205,2.21,3060,0
PLZ,60,20241024,130000,2.21,2.21,2.15,2.21,1307,0
PLZ,60,20241024,160000,2.21,2.21,2.21,2.21,300,0
PLZ,60,20241024,170000,2.15,2.21,2.145,2.21,1150,0
PLZ,60,20241025,100000,2.15,2.22,2.12,2.22,1029,0
PLZ,60,20241025,110000,2.21,2.21,2.21,2.21,24,0
PLZ,60,20241025,130000,2.2,2.2,2.2,2.2,400,0
PLZ,60,20241025,160000,2.2,2.205,2.2,2.205,1004,0
PLZ,60,20241025,170000,2.205,2.205,2.145,2.205,465,0
PLZ,60,20241028,100000,2.205,2.215,2.205,2.215,2057,0
PLZ,60,20241028,150000,2.16,2.16,2.16,2.16,300,0
PLZ,60,20241028,160000,2.21,2.21,2.21,2.21,9,0
PLZ,60,20241028,170000,2.145,2.205,2.145,2.205,1674,0
PLZ,60,20241029,100000,2.14,2.215,2.14,2.215,1300,0
PLZ,60,20241029,120000,2.15,2.215,2.14,2.215,2830,0
PLZ,60,20241029,130000,2.165,2.2,2.155,2.2,1305,0
PLZ,60,20241029,140000,2.14,2.19,2.14,2.19,3007,0
PLZ,60,20241029,160000,2.165,2.17,2.165,2.17,499,0
PLZ,60,20241029,170000,2.14,2.16,2.12,2.16,1252,0
PLZ,60,20241030,100000,2.15,2.165,2.15,2.165,2186,0
PLZ,60,20241030,110000,2.165,2.195,2.165,2.17,3298,0
PLZ,60,20241030,120000,2.195,2.195,2.195,2.195,16,0
PLZ,60,20241030,150000,2.15,2.15,2.15,2.15,500,0
PLZ,60,20241030,160000,2.195,2.195,2.195,2.195,1,0
PLZ,60,20241030,170000,2.195,2.195,2.195,2.195,2,0
PLZ,60,20241031,100000,2.19,2.22,2.19,2.22,2999,0
PLZ,60,20241031,110000,2.21,2.21,2.145,2.145,445,0
PLZ,60,20241031,120000,2.215,2.22,2.215,2.22,177,0
PLZ,60,20241031,130000,2.22,2.22,2.22,2.22,4478,0
PLZ,60,20241031,140000,2.23,2.34,2.22,2.34,8666,0
PLZ,60,20241031,150000,2.34,2.34,2.245,2.33,3145,0
PLZ,60,20241031,160000,2.3,2.325,2.3,2.3,2322,0
PLZ,60,20241031,170000,2.3,2.33,2.3,2.33,2939,0
PLZ,60,20241104,100000,2.31,2.78,2.31,2.75,83802,0
PLZ,60,20241104,110000,2.7,2.79,2.625,2.79,47648,0
PLZ,60,20241104,120000,2.87,2.87,2.74,2.835,53365,0
PLZ,60,20241104,130000,2.835,2.85,2.78,2.8,21662,0
PLZ,60,20241104,140000,2.79,2.79,2.685,2.75,5588,0
PLZ,60,20241104,150000,2.76,2.8,2.705,2.75,7836,0
PLZ,60,20241104,160000,2.75,2.8,2.655,2.785,13874,0
PLZ,60,20241104,170000,2.665,2.76,2.655,2.745,5850,0
PLZ,60,20241105,100000,2.74,2.74,2.56,2.65,41030,0
PLZ,60,20241105,110000,2.61,2.66,2.505,2.57,19658,0
PLZ,60,20241105,120000,2.59,2.59,2.53,2.59,11977,0
PLZ,60,20241105,130000,2.53,2.59,2.52,2.56,7321,0
PLZ,60,20241105,140000,2.535,2.735,2.535,2.71,53856,0
PLZ,60,20241105,150000,2.73,2.73,2.71,2.72,3500,0
PLZ,60,20241105,160000,2.64,2.705,2.56,2.705,1767,0
PLZ,60,20241105,170000,2.605,2.705,2.585,2.705,8658,0
PLZ,60,20241106,100000,2.705,2.71,2.6,2.705,16325,0
PLZ,60,20241106,110000,2.72,2.72,2.72,2.72,1101,0
PLZ,60,20241106,130000,2.72,2.765,2.67,2.74,5976,0
PLZ,60,20241106,140000,2.73,2.745,2.73,2.745,2200,0
PLZ,60,20241106,160000,2.73,2.74,2.72,2.74,2538,0
PLZ,60,20241106,170000,2.725,2.73,2.725,2.725,103,0
PLZ,60,20241107,100000,2.665,2.725,2.62,2.72,1139,0
PLZ,60,20241107,110000,2.625,2.715,2.56,2.57,8691,0
PLZ,60,20241107,130000,2.61,2.66,2.61,2.66,1032,0
PLZ,60,20241107,140000,2.62,2.66,2.55,2.66,14695,0
PLZ,60,20241107,150000,2.56,2.66,2.54,2.66,4771,0
PLZ,60,20241107,160000,2.55,2.68,2.55,2.655,1524,0
PLZ,60,20241107,170000,2.6,2.68,2.58,2.68,4287,0
PLZ,60,20241108,100000,2.69,2.69,2.56,2.58,1488,0
PLZ,60,20241108,110000,2.61,2.63,2.55,2.59,11536,0
PLZ,60,20241108,120000,2.55,2.59,2.55,2.55,811,0
PLZ,60,20241108,130000,2.59,2.61,2.59,2.61,1400,0
PLZ,60,20241108,150000,2.57,2.64,2.57,2.64,2373,0
PLZ,60,20241108,160000,2.62,2.62,2.62,2.62,303,0
PLZ,60,20241108,170000,2.62,2.63,2.54,2.63,3418,0
PLZ,60,20241112,100000,2.61,2.67,2.5,2.595,15661,0
PLZ,60,20241112,110000,2.575,2.575,2.5,2.5,3588,0
PLZ,60,20241112,120000,2.5,2.56,2.5,2.56,2386,0
PLZ,60,20241112,130000,2.56,2.59,2.55,2.59,1399,0
PLZ,60,20241112,150000,2.53,2.575,2.53,2.575,3003,0
PLZ,60,20241112,160000,2.565,2.565,2.565,2.565,290,0
PLZ,60,20241112,170000,2.525,2.55,2.51,2.55,1809,0
PLZ,60,20241113,100000,2.505,2.59,2.505,2.59,4889,0
PLZ,60,20241113,110000,2.61,2.61,2.58,2.58,2383,0
PLZ,60,20241113,120000,2.58,2.61,2.58,2.61,2516,0
PLZ,60,20241113,130000,2.58,2.63,2.55,2.63,744,0
PLZ,60,20241113,170000,2.58,2.6,2.55,2.595,2419,0
PLZ,60,20241114,100000,2.535,2.58,2.535,2.58,1501,0
PLZ,60,20241114,110000,2.58,2.59,2.53,2.59,4250,0
PLZ,60,20241114,120000,2.59,2.61,2.52,2.52,3500,0
PLZ,60,20241114,130000,2.56,2.59,2.56,2.58,2950,0
PLZ,60,20241114,140000,2.525,2.57,2.52,2.57,666,0
PLZ,60,20241114,160000,2.52,2.52,2.52,2.52,150,0
PLZ,60,20241114,170000,2.57,2.57,2.57,2.57,271,0
PLZ,60,20241115,100000,2.59,2.62,2.59,2.59,1399,0
PLZ,60,20241115,110000,2.535,2.535,2.535,2.535,100,0
PLZ,60,20241115,120000,2.545,2.545,2.535,2.535,1411,0
PLZ,60,20241115,130000,2.535,2.6,2.53,2.6,2308,0
PLZ,60,20241115,140000,2.595,2.62,2.595,2.62,2204,0
PLZ,60,20241115,170000,2.61,2.63,2.61,2.63,6635,0
PLZ,60,20241118,100000,2.63,2.67,2.565,2.67,6687,0
PLZ,60,20241118,110000,2.66,2.67,2.66,2.67,1500,0
PLZ,60,20241118,130000,2.61,2.61,2.575,2.575,1480,0
PLZ,60,20241118,140000,2.64,2.64,2.64,2.64,19,0
PLZ,60,20241118,150000,2.64,2.65,2.64,2.65,1000,0
PLZ,60,20241118,160000,2.63,2.65,2.63,2.65,7000,0
PLZ,60,20241118,170000,2.59,2.59,2.57,2.57,2590,0
PLZ,60,20241119,100000,2.57,2.67,2.57,2.65,1884,0
PLZ,60,20241119,110000,2.57,2.645,2.505,2.645,5543,0
PLZ,60,20241119,150000,2.54,2.54,2.54,2.54,1467,0
PLZ,60,20241119,160000,2.56,2.64,2.56,2.6,13073,0
PLZ,60,20241119,170000,2.65,2.75,2.61,2.75,28268,0
PLZ,60,20241120,100000,2.79,2.95,2.79,2.88,51635,0
PLZ,60,20241120,110000,2.84,2.86,2.8,2.86,7301,0
PLZ,60,20241120,120000,2.86,2.86,2.86,2.86,1194,0
PLZ,60,20241120,130000,2.8,2.87,2.8,2.87,656,0
PLZ,60,20241120,140000,2.84,2.87,2.8,2.87,1260,0
PLZ,60,20241120,150000,2.8,2.85,2.77,2.77,2236,0
PLZ,60,20241120,160000,2.77,2.83,2.77,2.83,100,0
PLZ,60,20241120,170000,2.77,2.77,2.77,2.77,31,0
PLZ,60,20241121,100000,2.86,2.86,2.66,2.77,2116,0
PLZ,60,20241121,110000,2.68,2.74,2.65,2.74,6477,0
PLZ,60,20241121,130000,2.74,2.75,2.74,2.75,569,0
PLZ,60,20241121,140000,2.69,2.745,2.575,2.575,9452,0
PLZ,60,20241121,150000,2.7,2.7,2.7,2.7,1,0
PLZ,60,20241121,160000,2.615,2.7,2.615,2.7,413,0
PLZ,60,20241121,170000,2.68,2.68,2.68,2.68,32,0
PLZ,60,20241122,100000,2.62,2.72,2.6,2.72,2263,0
PLZ,60,20241122,110000,2.64,2.695,2.64,2.695,813,0
PLZ,60,20241122,140000,2.695,2.695,2.695,2.695,32,0
PLZ,60,20241122,160000,2.695,2.695,2.695,2.695,3,0
PLZ,60,20241122,170000,2.695,2.695,2.645,2.695,797,0
PLZ,60,20241125,100000,2.63,2.73,2.6,2.73,2852,0
PLZ,60,20241125,110000,2.72,2.725,2.72,2.725,1225,0
PLZ,60,20241125,120000,2.73,2.73,2.73,2.73,1564,0
PLZ,60,20241125,150000,2.615,2.68,2.6,2.68,4006,0
PLZ,60,20241125,170000,2.61,2.68,2.6,2.68,1057,0
PLZ,60,20241126,100000,2.65,2.695,2.65,2.695,200,0
PLZ,60,20241126,120000,2.695,2.695,2.695,2.695,16,0
PLZ,60,20241126,130000,2.655,2.695,2.65,2.695,1503,0
PLZ,60,20241126,170000,2.69,2.69,2.69,2.69,260,0
PLZ,60,20241127,100000,2.69,2.77,2.69,2.7,7039,0
PLZ,60,20241127,110000,2.7,2.745,2.69,2.745,3700,0
PLZ,60,20241127,140000,2.705,2.705,2.705,2.705,500,0
PLZ,60,20241127,150000,2.705,2.705,2.705,2.705,300,0
PLZ,60,20241127,160000,2.745,2.82,2.745,2.79,12522,0
PLZ,60,20241127,170000,2.775,2.775,2.775,2.775,1,0
PLZ,60,20241128,100000,2.79,2.86,2.79,2.85,37525,0
PLZ,60,20241128,110000,2.84,2.91,2.83,2.91,27374,0
PLZ,60,20241128,120000,2.93,3.06,2.885,2.885,94023,0
PLZ,60,20241128,130000,2.95,2.96,2.79,2.815,18804,0
PLZ,60,20241128,140000,2.92,2.96,2.92,2.96,19668,0
PLZ,60,20241128,150000,2.95,2.96,2.95,2.96,3530,0
PLZ,60,20241128,160000,2.95,2.95,2.85,2.9,4192,0
PLZ,60,20241128,170000,2.905,2.935,2.905,2.935,320,0
PLZ,60,20241129,100000,2.94,2.94,2.86,2.86,3092,0
PLZ,60,20241129,110000,2.945,2.98,2.945,2.98,1475,0
PLZ,60,20241129,120000,2.9,2.955,2.9,2.955,914,0
PLZ,60,20241129,140000,2.955,2.955,2.955,2.955,86,0
PLZ,60,20241129,150000,2.905,2.94,2.86,2.94,2659,0
PLZ,60,20241129,160000,2.85,2.955,2.85,2.905,3249,0
PLZ,60,20241129,170000,2.955,2.955,2.9,2.95,2626,0
PLZ,60,20241202,100000,2.97,2.97,2.765,2.93,10212,0
PLZ,60,20241202,120000,2.9,2.93,2.9,2.93,3919,0
PLZ,60,20241202,130000,2.865,2.92,2.865,2.92,218,0
PLZ,60,20241202,150000,2.85,2.895,2.85,2.895,420,0
PLZ,60,20241202,160000,2.855,2.89,2.85,2.89,51,0
PLZ,60,20241202,170000,2.85,2.885,2.85,2.885,673,0
PLZ,60,20241203,100000,2.9,2.9,2.9,2.9,2322,0
PLZ,60,20241203,110000,2.8,2.8,2.8,2.8,1200,0
PLZ,60,20241203,150000,2.835,2.835,2.83,2.83,3786,0
PLZ,60,20241203,160000,2.805,2.87,2.77,2.87,6148,0
PLZ,60,20241203,170000,2.86,2.86,2.86,2.86,20,0
PLZ,60,20241204,100000,2.765,2.855,2.765,2.855,240,0
PLZ,60,20241204,110000,2.87,2.87,2.87,2.87,28,0
PLZ,60,20241204,140000,2.85,2.85,2.75,2.75,1930,0
PLZ,60,20241204,150000,2.87,2.87,2.8,2.8,4001,0
PLZ,60,20241204,160000,2.84,2.84,2.78,2.78,1133,0
PLZ,60,20241204,170000,2.825,2.855,2.825,2.855,627,0
PLZ,60,20241205,100000,2.875,2.875,2.735,2.84,1578,0
PLZ,60,20241205,110000,2.84,2.85,2.84,2.85,700,0
PLZ,60,20241205,160000,2.8,2.8,2.8,2.8,7,0
PLZ,60,20241205,170000,2.84,2.85,2.84,2.85,1242,0
PLZ,60,20241206,100000,2.875,2.955,2.875,2.92,3985,0
PLZ,60,20241206,110000,2.88,2.885,2.78,2.88,1211,0
PLZ,60,20241206,130000,2.805,2.805,2.8,2.8,400,0
PLZ,60,20241206,140000,2.8,2.8,2.78,2.8,1723,0
PLZ,60,20241206,150000,2.78,2.84,2.75,2.84,2739,0
PLZ,60,20241206,160000,2.8,2.83,2.8,2.83,2846,0
PLZ,60,20241206,170000,2.8,2.8,2.8,2.8,790,0
PLZ,60,20241209,100000,2.82,2.82,2.69,2.795,26875,0
PLZ,60,20241209,110000,2.79,2.79,2.79,2.79,9,0
PLZ,60,20241209,120000,2.7,2.76,2.66,2.76,3196,0
PLZ,60,20241209,130000,2.71,2.71,2.71,2.71,182,0
PLZ,60,20241209,140000,2.71,2.71,2.71,2.71,2000,0
PLZ,60,20241209,150000,2.72,2.72,2.72,2.72,2200,0
PLZ,60,20241209,160000,2.72,2.72,2.72,2.72,2014,0
PLZ,60,20241209,170000,2.71,2.75,2.71,2.75,3890,0
PLZ,60,20241210,100000,2.75,2.75,2.66,2.67,2458,0
PLZ,60,20241210,110000,2.68,2.69,2.66,2.67,2438,0
PLZ,60,20241210,120000,2.68,2.68,2.68,2.68,463,0
PLZ,60,20241210,130000,2.7,2.7,2.7,2.7,500,0
PLZ,60,20241210,140000,2.7,2.715,2.66,2.66,2375,0
PLZ,60,20241210,150000,2.66,2.66,2.66,2.66,2000,0
PLZ,60,20241210,160000,2.67,2.71,2.67,2.71,1273,0
PLZ,60,20241210,170000,2.71,2.71,2.71,2.71,18,0
PLZ,60,20241211,110000,2.7,2.7,2.69,2.69,2145,0
PLZ,60,20241211,120000,2.725,2.78,2.725,2.78,2453,0
PLZ,60,20241211,150000,2.715,2.715,2.715,2.715,700,0
PLZ,60,20241211,160000,2.71,2.71,2.71,2.71,539,0
PLZ,60,20241211,170000,2.715,2.75,2.71,2.75,1662,0
PLZ,60,20241212,100000,2.7,2.75,2.7,2.75,154,0
PLZ,60,20241212,110000,2.7,2.7,2.7,2.7,800,0
PLZ,60,20241212,120000,2.7,2.75,2.65,2.725,4000,0
PLZ,60,20241212,140000,2.665,2.665,2.665,2.665,16,0
PLZ,60,20241212,160000,2.725,2.725,2.725,2.725,5,0
PLZ,60,20241212,170000,2.675,2.675,2.675,2.675,261,0
PLZ,60,20241213,100000,2.68,2.745,2.68,2.745,71,0
PLZ,60,20241213,110000,2.745,2.75,2.6,2.61,25217,0
PLZ,60,20241213,130000,2.675,2.675,2.675,2.675,3,0
PLZ,60,20241213,140000,2.65,2.675,2.6,2.675,5002,0
PLZ,60,20241213,170000,2.675,2.675,2.675,2.675,18,0
PLZ,60,20241216,100000,2.675,2.675,2.675,2.675,53,0
PLZ,60,20241216,110000,2.59,2.59,2.515,2.59,7600,0
PLZ,60,20241216,120000,2.59,2.595,2.59,2.595,1202,0
PLZ,60,20241216,130000,2.595,2.655,2.595,2.655,1094,0
PLZ,60,20241216,140000,2.655,2.655,2.655,2.655,151,0
PLZ,60,20241216,150000,2.655,2.655,2.655,2.655,849,0
PLZ,60,20241216,170000,2.615,2.645,2.61,2.645,1543,0
PLZ,60,20241217,120000,2.64,2.67,2.64,2.67,2764,0
PLZ,60,20241217,130000,2.67,2.715,2.67,2.715,2523,0
PLZ,60,20241217,140000,2.715,2.75,2.64,2.64,4663,0
PLZ,60,20241217,160000,2.605,2.605,2.605,2.605,1,0
PLZ,60,20241217,170000,2.67,2.7,2.615,2.69,9022,0
PLZ,60,20241218,100000,2.655,2.685,2.61,2.61,2029,0
PLZ,60,20241218,110000,2.61,2.61,2.61,2.61,624,0
PLZ,60,20241218,120000,2.68,2.68,2.6,2.65,4006,0
PLZ,60,20241218,150000,2.63,2.685,2.63,2.685,3613,0
PLZ,60,20241218,170000,2.65,2.685,2.645,2.685,674,0
PLZ,60,20241219,100000,2.685,2.685,2.6,2.685,2729,0
PLZ,60,20241219,110000,2.6,2.685,2.6,2.68,818,0
PLZ,60,20241219,130000,2.67,2.68,2.67,2.68,221,0
PLZ,60,20241219,140000,2.605,2.65,2.6,2.65,615,0
PLZ,60,20241219,170000,2.6,2.65,2.6,2.6,1523,0
PLZ,60,20241220,100000,2.67,2.67,2.555,2.555,303,0
PLZ,60,20241220,110000,2.65,2.65,2.55,2.64,812,0
PLZ,60,20241220,140000,2.595,2.64,2.595,2.64,651,0
PLZ,60,20241220,150000,2.64,2.64,2.55,2.55,1286,0
PLZ,60,20241220,160000,2.6,2.64,2.6,2.64,505,0
PLZ,60,20241220,170000,2.64,2.64,2.64,2.64,65,0
PLZ,60,20241223,100000,2.55,2.63,2.5,2.52,7334,0
PLZ,60,20241223,110000,2.6,2.6,2.3,2.595,39765,0
PLZ,60,20241223,120000,2.48,2.485,2.47,2.485,815,0
PLZ,60,20241223,130000,2.495,2.54,2.495,2.54,5411,0
PLZ,60,20241223,140000,2.54,2.54,2.54,2.54,400,0
PLZ,60,20241223,150000,2.5,2.5,2.5,2.5,300,0
PLZ,60,20241223,160000,2.5,2.5,2.475,2.475,2001,0
PLZ,60,20241223,170000,2.54,2.595,2.47,2.595,4573,0
PLZ,60,20241227,100000,2.595,2.595,2.595,2.595,307,0
PLZ,60,20241227,130000,2.59,2.59,2.59,2.59,250,0
PLZ,60,20241227,150000,2.47,2.53,2.435,2.53,1530,0
PLZ,60,20241227,160000,2.53,2.53,2.53,2.53,10,0
PLZ,60,20241227,170000,2.53,2.53,2.53,2.53,9,0
PLZ,60,20241230,100000,2.53,2.53,2.53,2.53,8,0
PLZ,60,20241230,130000,2.44,2.51,2.44,2.51,401,0
PLZ,60,20241230,140000,2.51,2.51,2.45,2.45,370,0
PLZ,60,20241230,150000,2.455,2.51,2.45,2.51,1412,0
PLZ,60,20241230,170000,2.51,2.51,2.51,2.51,12,0
PLZ,60,20250102,100000,2.51,2.51,2.425,2.51,371,0
PLZ,60,20250102,120000,2.46,2.49,2.46,2.49,256,0
PLZ,60,20250102,130000,2.49,2.49,2.49,2.49,300,0
PLZ,60,20250102,160000,2.49,2.49,2.49,2.49,32,0
PLZ,60,20250102,170000,2.49,2.5,2.46,2.5,2833,0
PLZ,60,20250103,100000,2.64,2.64,2.55,2.6,2962,0
PLZ,60,20250103,120000,2.595,2.61,2.595,2.6,4131,0
PLZ,60,20250103,130000,2.56,2.6,2.56,2.6,203,0
PLZ,60,20250103,140000,2.565,2.565,2.475,2.475,4000,0
PLZ,60,20250103,150000,2.595,2.595,2.505,2.59,1174,0
PLZ,60,20250103,170000,2.57,2.63,2.51,2.63,11151,0
PLZ,60,20250107,100000,2.595,2.7,2.595,2.7,3000,0
PLZ,60,20250107,130000,2.6,2.65,2.56,2.65,4479,0
PLZ,60,20250107,170000,2.565,2.62,2.54,2.54,1704,0
PLZ,60,20250108,100000,2.64,2.7,2.64,2.7,6301,0
PLZ,60,20250108,110000,2.68,2.68,2.68,2.68,969,0
PLZ,60,20250108,120000,2.64,2.64,2.58,2.64,2001,0
PLZ,60,20250108,130000,2.58,2.64,2.58,2.64,2006,0
PLZ,60,20250108,140000,2.64,2.64,2.585,2.64,729,0
PLZ,60,20250108,170000,2.64,2.64,2.64,2.64,107,0
PLZ,60,20250109,100000,2.64,2.64,2.59,2.59,980,0
PLZ,60,20250109,110000,2.59,2.59,2.59,2.59,342,0
PLZ,60,20250109,140000,2.58,2.58,2.58,2.58,282,0
PLZ,60,20250109,170000,2.6,2.6,2.6,2.6,34,0
PLZ,60,20250110,100000,2.555,2.555,2.53,2.53,1491,0
PLZ,60,20250110,120000,2.535,2.595,2.515,2.585,3436,0
PLZ,60,20250110,150000,2.585,2.585,2.585,2.585,200,0
PLZ,60,20250110,160000,2.55,2.55,2.55,2.55,13,0
PLZ,60,20250110,170000,2.57,2.57,2.57,2.57,14,0
PLZ,60,20250113,100000,2.57,2.57,2.455,2.57,3318,0
PLZ,60,20250113,110000,2.46,2.545,2.455,2.545,11,0
PLZ,60,20250113,130000,2.475,2.545,2.475,2.545,129,0
PLZ,60,20250113,140000,2.5,2.55,2.5,2.55,734,0
PLZ,60,20250113,150000,2.495,2.495,2.48,2.48,1299,0
PLZ,60,20250113,170000,2.52,2.52,2.52,2.52,2225,0
PLZ,60,20250114,100000,2.55,2.78,2.5,2.78,17449,0
PLZ,60,20250114,110000,2.77,2.77,2.67,2.7,3735,0
PLZ,60,20250114,120000,2.7,2.8,2.63,2.8,23366,0
PLZ,60,20250114,130000,2.8,2.805,2.725,2.725,5465,0
PLZ,60,20250114,140000,2.725,2.76,2.715,2.75,5133,0
PLZ,60,20250114,150000,2.75,2.765,2.75,2.765,1784,0
PLZ,60,20250114,160000,2.76,2.76,2.71,2.71,7010,0
PLZ,60,20250114,170000,2.725,2.73,2.66,2.66,2063,0
PLZ,60,20250115,100000,2.66,2.675,2.61,2.67,3601,0
PLZ,60,20250115,110000,2.625,2.625,2.625,2.625,400,0
PLZ,60,20250115,120000,2.67,2.67,2.67,2.67,1,0
PLZ,60,20250115,130000,2.645,2.68,2.645,2.68,1161,0
PLZ,60,20250115,150000,2.68,2.68,2.6,2.6,5503,0
PLZ,60,20250115,160000,2.61,2.61,2.61,2.61,200,0
PLZ,60,20250115,170000,2.6,2.665,2.58,2.665,3634,0
PLZ,60,20250116,100000,2.665,2.665,2.565,2.565,1140,0
PLZ,60,20250116,120000,2.665,2.665,2.64,2.64,2135,0
PLZ,60,20250116,130000,2.66,2.71,2.66,2.71,2951,0
PLZ,60,20250116,160000,2.695,2.73,2.695,2.73,1994,0
PLZ,60,20250116,170000,2.76,2.88,2.76,2.86,8918,0
PLZ,60,20250117,100000,2.85,2.85,2.85,2.85,33,0
PLZ,60,20250117,120000,2.735,2.735,2.735,2.735,40,0
PLZ,60,20250117,130000,2.735,2.735,2.735,2.735,600,0
PLZ,60,20250117,140000,2.735,2.75,2.735,2.75,280,0
PLZ,60,20250117,150000,2.825,2.825,2.775,2.825,702,0
PLZ,60,20250117,170000,2.825,2.825,2.825,2.825,32,0
PLZ,60,20250120,100000,2.825,2.835,2.825,2.835,500,0
PLZ,60,20250120,110000,2.825,2.91,2.825,2.9,16315,0
PLZ,60,20250120,120000,2.89,2.89,2.89,2.89,1000,0
PLZ,60,20250120,130000,2.885,2.895,2.88,2.895,4105,0
PLZ,60,20250120,140000,2.895,2.895,2.84,2.895,3551,0
PLZ,60,20250120,150000,2.84,2.89,2.735,2.89,2888,0
PLZ,60,20250120,160000,2.89,2.89,2.89,2.89,240,0
PLZ,60,20250120,170000,2.885,2.885,2.885,2.885,9,0
PLZ,60,20250121,100000,2.89,2.89,2.85,2.85,618,0
PLZ,60,20250121,110000,2.875,2.875,2.875,2.875,500,0
PLZ,60,20250121,120000,2.845,2.85,2.845,2.85,300,0
PLZ,60,20250121,150000,2.76,2.82,2.76,2.82,501,0
PLZ,60,20250121,160000,2.76,2.76,2.71,2.71,4428,0
PLZ,60,20250121,170000,2.7,2.84,2.7,2.84,5066,0
PLZ,60,20250122,100000,2.785,2.79,2.785,2.79,201,0
PLZ,60,20250122,110000,2.79,2.795,2.79,2.795,300,0
PLZ,60,20250122,120000,2.72,2.795,2.72,2.795,2,0
PLZ,60,20250122,130000,2.78,2.78,2.78,2.78,21,0
PLZ,60,20250122,140000,2.72,2.77,2.64,2.64,12701,0
PLZ,60,20250122,150000,2.7,2.7,2.6,2.7,12183,0
PLZ,60,20250122,160000,2.7,2.73,2.7,2.7,2929,0
PLZ,60,20250122,170000,2.7,2.7,2.66,2.69,3576,0
PLZ,60,20250123,100000,2.73,2.73,2.62,2.63,3849,0
PLZ,60,20250123,110000,2.7,2.73,2.63,2.73,1102,0
PLZ,60,20250123,150000,2.68,2.72,2.68,2.72,378,0
PLZ,60,20250123,160000,2.69,2.7,2.69,2.7,124,0
PLZ,60,20250123,170000,2.67,2.72,2.67,2.72,113,0
PLZ,60,20250124,110000,2.67,2.7,2.63,2.68,1197,0
PLZ,60,20250124,120000,2.655,2.7,2.65,2.7,3350,0
PLZ,60,20250124,140000,2.655,2.68,2.64,2.68,1402,0
PLZ,60,20250124,150000,2.68,2.69,2.68,2.69,393,0
PLZ,60,20250124,160000,2.69,2.69,2.645,2.69,310,0
PLZ,60,20250124,170000,2.69,2.69,2.69,2.69,3,0
PLZ,60,20250127,130000,2.66,2.66,2.66,2.66,200,0
PLZ,60,20250127,140000,2.605,2.66,2.6,2.66,2101,0
PLZ,60,20250127,150000,2.6,2.6,2.6,2.6,200,0
PLZ,60,20250127,160000,2.6,2.6,2.6,2.6,200,0
PLZ,60,20250127,170000,2.6,2.67,2.595,2.655,2404,0
PLZ,60,20250128,100000,2.655,2.665,2.655,2.665,741,0
PLZ,60,20250128,120000,2.63,2.64,2.59,2.64,1194,0
PLZ,60,20250128,130000,2.59,2.59,2.59,2.59,1872,0
PLZ,60,20250128,140000,2.615,2.62,2.615,2.62,621,0
PLZ,60,20250128,150000,2.615,2.615,2.61,2.61,4853,0
PLZ,60,20250128,160000,2.6,2.65,2.55,2.56,20072,0
PLZ,60,20250128,170000,2.58,2.58,2.52,2.56,7817,0
PLZ,60,20250129,100000,2.6,2.67,2.6,2.64,466,0
PLZ,60,20250129,110000,2.6,2.64,2.52,2.64,1866,0
PLZ,60,20250129,140000,2.55,2.64,2.55,2.64,2,0
PLZ,60,20250129,150000,2.64,2.64,2.55,2.64,3178,0
PLZ,60,20250129,170000,2.635,2.635,2.635,2.635,3,0
PLZ,60,20250130,100000,2.56,2.61,2.56,2.61,600,0
PLZ,60,20250130,110000,2.635,2.635,2.635,2.635,11,0
PLZ,60,20250130,140000,2.61,2.635,2.6,2.635,366,0
PLZ,60,20250130,150000,2.635,2.64,2.635,2.64,389,0
PLZ,60,20250130,160000,2.64,2.64,2.57,2.57,1475,0
PLZ,60,20250130,170000,2.64,2.64,2.64,2.64,105,0
PLZ,60,20250131,110000,2.64,2.65,2.64,2.65,1004,0
PLZ,60,20250131,120000,2.65,2.65,2.63,2.65,1037,0
PLZ,60,20250131,140000,2.63,2.64,2.63,2.64,104,0
PLZ,60,20250131,150000,2.63,2.63,2.63,2.63,76,0
PLZ,60,20250131,170000,2.58,2.63,2.58,2.63,607,0
PLZ,60,20250203,100000,2.63,2.63,2.63,2.63,500,0
PLZ,60,20250203,120000,2.625,2.625,2.625,2.625,100,0
PLZ,60,20250203,140000,2.625,2.625,2.625,2.625,100,0
PLZ,60,20250203,150000,2.625,2.625,2.625,2.625,253,0
PLZ,60,20250203,160000,2.6,2.625,2.6,2.625,774,0
PLZ,60,20250203,170000,2.6,2.6,2.6,2.6,1,0
PLZ,60,20250204,110000,2.645,2.645,2.64,2.64,2,0
PLZ,60,20250204,120000,2.56,2.63,2.54,2.63,401,0
PLZ,60,20250204,130000,2.62,2.62,2.62,2.62,33,0
PLZ,60,20250204,150000,2.62,2.62,2.62,2.62,303,0
PLZ,60,20250204,160000,2.62,2.62,2.62,2.62,5,0
PLZ,60,20250205,140000,2.625,2.625,2.625,2.625,4,0
PLZ,60,20250205,150000,2.625,2.64,2.625,2.64,4382,0
PLZ,60,20250205,170000,2.68,2.705,2.625,2.625,425,0
PLZ,60,20250206,100000,2.705,2.705,2.705,2.705,11,0
PLZ,60,20250206,130000,2.695,2.695,2.695,2.695,9,0
PLZ,60,20250206,140000,2.695,2.695,2.695,2.695,140,0
PLZ,60,20250206,150000,2.695,2.695,2.69,2.69,101,0
PLZ,60,20250206,160000,2.69,2.69,2.69,2.69,4,0
PLZ,60,20250206,170000,2.62,2.69,2.62,2.68,157,0
PLZ,60,20250207,100000,2.57,2.68,2.57,2.68,1661,0
PLZ,60,20250207,120000,2.65,2.68,2.64,2.68,1005,0
PLZ,60,20250207,150000,2.68,2.68,2.68,2.68,184,0
PLZ,60,20250207,160000,2.68,2.68,2.68,2.68,42,0
PLZ,60,20250207,170000,2.68,2.68,2.64,2.68,1994,0
PLZ,60,20250210,100000,2.6,2.68,2.6,2.68,705,0
PLZ,60,20250210,110000,2.675,2.68,2.675,2.68,800,0
PLZ,60,20250210,120000,2.68,2.68,2.68,2.68,100,0
PLZ,60,20250210,140000,2.65,2.675,2.6,2.675,307,0
PLZ,60,20250210,150000,2.675,2.675,2.675,2.675,290,0
PLZ,60,20250210,160000,2.67,2.67,2.67,2.67,761,0
PLZ,60,20250211,100000,2.605,2.68,2.605,2.67,712,0
PLZ,60,20250211,110000,2.67,2.7,2.67,2.7,537,0
PLZ,60,20250212,100000,2.69,2.69,2.69,2.69,44,0
PLZ,60,20250212,140000,2.66,2.66,2.66,2.66,5,0
PLZ,60,20250212,160000,2.66,2.69,2.65,2.69,557,0
PLZ,60,20250213,100000,2.635,2.635,2.635,2.635,1336,0
PLZ,60,20250213,110000,2.635,2.69,2.635,2.69,211,0
PLZ,60,20250213,130000,2.63,2.63,2.63,2.63,800,0
PLZ,60,20250213,140000,2.69,2.69,2.63,2.65,64,0
PLZ,60,20250213,170000,2.65,2.69,2.62,2.69,2561,0
PLZ,60,20250214,100000,2.66,2.66,2.66,2.66,1,0
PLZ,60,20250214,110000,2.61,2.66,2.61,2.66,804,0
PLZ,60,20250214,120000,2.65,2.65,2.61,2.61,400,0
PLZ,60,20250214,130000,2.66,2.66,2.66,2.66,400,0
PLZ,60,20250214,140000,2.66,2.66,2.66,2.66,8000,0
PLZ,60,20250214,160000,2.66,2.66,2.66,2.66,148,0
PLZ,60,20250214,170000,2.69,2.69,2.69,2.69,350,0
PLZ,60,20250217,100000,2.69,2.74,2.69,2.74,6379,0
PLZ,60,20250217,110000,2.61,2.74,2.61,2.61,5122,0
PLZ,60,20250217,130000,2.68,2.68,2.68,2.68,1,0
PLZ,60,20250217,140000,2.62,2.68,2.62,2.68,4,0
PLZ,60,20250217,160000,2.63,2.66,2.63,2.66,112,0
PLZ,60,20250218,100000,2.63,2.68,2.63,2.68,80,0
PLZ,60,20250218,110000,2.68,2.68,2.68,2.68,11,0
PLZ,60,20250218,140000,2.63,2.65,2.6,2.6,1347,0
PLZ,60,20250218,150000,2.645,2.645,2.645,2.645,114,0
PLZ,60,20250218,160000,2.645,2.65,2.6,2.6,1005,0
PLZ,60,20250218,170000,2.65,2.65,2.605,2.605,2722,0
PLZ,60,20250219,100000,2.605,2.605,2.605,2.605,147,0
PLZ,60,20250219,120000,2.605,2.63,2.5,2.5,12067,0
PLZ,60,20250219,130000,2.4,2.64,2.4,2.63,13168,0
PLZ,60,20250219,140000,2.63,2.63,2.63,2.63,9,0
PLZ,60,20250219,160000,2.62,2.62,2.62,2.62,1,0
PLZ,60,20250219,170000,2.62,2.64,2.52,2.52,4815,0
PLZ,60,20250220,100000,2.6,2.6,2.6,2.6,300,0
PLZ,60,20250220,110000,2.52,2.595,2.52,2.595,81,0
PLZ,60,20250220,120000,2.595,2.595,2.595,2.595,383,0
PLZ,60,20250220,130000,2.52,2.59,2.52,2.52,211,0
PLZ,60,20250220,140000,2.52,2.595,2.52,2.595,201,0
PLZ,60,20250220,170000,2.52,2.59,2.46,2.52,1117,0
PLZ,60,20250221,100000,2.52,2.59,2.49,2.49,1413,0
PLZ,60,20250221,110000,2.55,2.59,2.55,2.59,199,0
PLZ,60,20250221,120000,2.59,2.59,2.59,2.59,5,0
PLZ,60,20250221,140000,2.49,2.59,2.49,2.59,2,0
PLZ,60,20250221,150000,2.49,2.49,2.49,2.49,2,0
PLZ,60,20250221,160000,2.585,2.585,2.49,2.58,906,0
PLZ,60,20250221,170000,2.465,2.575,2.45,2.575,2633,0
PLZ,60,20250224,100000,2.57,2.585,2.57,2.585,1000,0
PLZ,60,20250224,110000,2.575,2.575,2.5,2.5,2099,0
PLZ,60,20250224,120000,2.535,2.535,2.535,2.535,1887,0
PLZ,60,20250224,130000,2.535,2.535,2.535,2.535,200,0
PLZ,60,20250224,150000,2.535,2.535,2.535,2.535,285,0
PLZ,60,20250224,170000,2.48,2.53,2.48,2.53,474,0
PLZ,60,20250225,100000,2.47,2.62,2.47,2.62,9065,0
PLZ,60,20250225,110000,2.595,2.67,2.54,2.65,4306,0
PLZ,60,20250225,120000,2.625,2.63,2.625,2.63,303,0
PLZ,60,20250225,150000,2.575,2.63,2.56,2.62,926,0
PLZ,60,20250225,160000,2.6,2.6,2.6,2.6,400,0
PLZ,60,20250225,170000,2.595,2.595,2.595,2.595,11,0
PLZ,60,20250226,100000,2.535,2.59,2.535,2.59,639,0
PLZ,60,20250226,170000,2.59,2.59,2.53,2.53,563,0
PLZ,60,20250227,100000,2.45,2.495,2.4,2.495,6918,0
PLZ,60,20250227,110000,2.495,2.495,2.495,2.495,250,0
PLZ,60,20250227,120000,2.495,2.55,2.495,2.55,3500,0
PLZ,60,20250227,130000,2.45,2.45,2.45,2.45,5,0
PLZ,60,20250227,140000,2.54,2.54,2.54,2.54,100,0
PLZ,60,20250227,170000,2.54,2.54,2.455,2.49,117,0
PLZ,60,20250228,110000,2.465,2.465,2.465,2.465,5,0
PLZ,60,20250228,130000,2.47,2.47,2.465,2.465,2000,0
PLZ,60,20250228,140000,2.54,2.54,2.54,2.54,5,0
PLZ,60,20250228,160000,2.54,2.55,2.54,2.55,500,0
PLZ,60,20250228,170000,2.54,2.54,2.54,2.54,5,0
PLZ,60,20250303,100000,2.47,2.535,2.41,2.535,4601,0
PLZ,60,20250303,110000,2.455,2.5,2.45,2.5,1900,0
PLZ,60,20250303,120000,2.45,2.5,2.45,2.5,41,0
PLZ,60,20250303,130000,2.5,2.5,2.5,2.5,13,0
PLZ,60,20250303,140000,2.5,2.5,2.5,2.5,6,0
PLZ,60,20250303,160000,2.5,2.5,2.5,2.5,500,0
PLZ,60,20250303,170000,2.5,2.515,2.5,2.5,336,0
PLZ,60,20250304,100000,2.42,2.42,2.42,2.42,659,0
PLZ,60,20250304,110000,2.435,2.44,2.435,2.435,1221,0
PLZ,60,20250304,120000,2.52,2.535,2.52,2.53,1622,0
PLZ,60,20250304,150000,2.54,2.54,2.54,2.54,8,0
PLZ,60,20250305,100000,2.47,2.54,2.47,2.54,41,0
PLZ,60,20250305,110000,2.54,2.565,2.54,2.565,600,0
PLZ,60,20250305,130000,2.475,2.475,2.475,2.475,400,0
PLZ,60,20250305,140000,2.54,2.54,2.54,2.54,1,0
PLZ,60,20250305,150000,2.54,2.54,2.54,2.54,2,0
PLZ,60,20250305,160000,2.5,2.5,2.5,2.5,400,0
PLZ,60,20250305,170000,2.475,2.475,2.475,2.475,4,0
PLZ,60,20250306,130000,2.5,2.5,2.5,2.5,79,0
PLZ,60,20250306,160000,2.46,2.5,2.46,2.46,337,0
PLZ,60,20250306,170000,2.45,2.45,2.45,2.45,256,0
PLZ,60,20250307,140000,2.49,2.49,2.49,2.49,444,0
PLZ,60,20250307,170000,2.48,2.495,2.44,2.495,1862,0
PLZ,60,20250310,100000,2.46,2.68,2.46,2.6,12168,0
PLZ,60,20250310,140000,2.52,2.52,2.5,2.5,300,0
PLZ,60,20250310,160000,2.505,2.505,2.5,2.5,3408,0
PLZ,60,20250310,170000,2.55,2.555,2.55,2.555,31,0
PLZ,60,20250311,110000,2.5,2.5,2.485,2.485,300,0
PLZ,60,20250311,140000,2.515,2.52,2.515,2.52,1060,0
PLZ,60,20250312,100000,2.5,2.5,2.5,2.5,190,0
PLZ,60,20250312,120000,2.5,2.52,2.5,2.52,611,0
PLZ,60,20250312,140000,2.52,2.52,2.52,2.52,256,0
PLZ,60,20250312,150000,2.485,2.54,2.485,2.54,590,0
PLZ,60,20250312,170000,2.515,2.53,2.515,2.53,1022,0
PLZ,60,20250313,100000,2.53,2.53,2.53,2.53,77,0
PLZ,60,20250313,120000,2.52,2.53,2.52,2.53,1300,0
PLZ,60,20250313,140000,2.5,2.5,2.5,2.5,81,0
PLZ,60,20250313,170000,2.495,2.495,2.495,2.495,2,0
PLZ,60,20250314,100000,2.5,2.515,2.5,2.515,500,0
PLZ,60,20250314,120000,2.515,2.515,2.515,2.515,5,0
PLZ,60,20250314,130000,2.5,2.5,2.5,2.5,500,0
PLZ,60,20250314,150000,2.5,2.5,2.5,2.5,500,0
PLZ,60,20250314,160000,2.5,2.5,2.5,2.5,520,0
PLZ,60,20250314,170000,2.5,2.62,2.5,2.62,14332,0
PLZ,60,20250317,100000,2.62,2.62,2.5,2.5,2707,0
PLZ,60,20250317,110000,2.535,2.535,2.535,2.535,370,0
PLZ,60,20250317,120000,2.535,2.59,2.535,2.535,220,0
PLZ,60,20250317,140000,2.59,2.59,2.59,2.59,2,0
PLZ,60,20250317,170000,2.59,2.59,2.59,2.59,60,0
PLZ,60,20250318,100000,2.59,2.62,2.59,2.62,402,0
PLZ,60,20250318,130000,2.59,2.6,2.59,2.6,280,0
PLZ,60,20250318,160000,2.52,2.52,2.52,2.52,280,0
PLZ,60,20250318,170000,2.59,2.59,2.59,2.59,31,0
PLZ,60,20250319,100000,2.52,2.52,2.52,2.52,100,0
PLZ,60,20250319,150000,2.59,2.59,2.59,2.59,3,0
PLZ,60,20250319,160000,2.59,2.59,2.59,2.59,5,0
PLZ,60,20250319,170000,2.59,2.59,2.59,2.59,21,0
PLZ,60,20250320,100000,2.55,2.6,2.525,2.57,2273,0
PLZ,60,20250320,110000,2.56,2.56,2.55,2.55,20,0
PLZ,60,20250320,120000,2.53,2.53,2.53,2.53,60,0
PLZ,60,20250320,150000,2.58,2.58,2.58,2.58,13,0
PLZ,60,20250320,160000,2.55,2.565,2.55,2.565,1313,0
PLZ,60,20250320,170000,2.565,2.565,2.565,2.565,13,0
PLZ,60,20250321,100000,2.53,2.59,2.53,2.59,2508,0
PLZ,60,20250321,110000,2.52,2.565,2.52,2.565,1257,0
PLZ,60,20250321,170000,2.565,2.57,2.56,2.56,277,0
PLZ,60,20250324,100000,2.61,2.61,2.6,2.6,1005,0
PLZ,60,20250324,110000,2.6,2.6,2.6,2.6,400,0
PLZ,60,20250324,120000,2.6,2.6,2.6,2.6,1000,0
PLZ,60,20250324,130000,2.605,2.605,2.555,2.555,29,0
PLZ,60,20250324,140000,2.6,2.6,2.6,2.6,3,0
PLZ,60,20250324,150000,2.6,2.61,2.6,2.61,3421,0
PLZ,60,20250324,160000,2.61,2.68,2.61,2.68,7240,0
PLZ,60,20250324,170000,2.675,2.675,2.675,2.675,36,0
PLZ,60,20250325,100000,2.65,2.675,2.575,2.675,544,0
PLZ,60,20250325,120000,2.6,2.64,2.53,2.64,3422,0
PLZ,60,20250325,130000,2.56,2.65,2.56,2.65,130,0
PLZ,60,20250325,170000,2.56,2.64,2.53,2.64,1794,0
PLZ,60,20250326,150000,2.55,2.55,2.55,2.55,34,0
PLZ,60,20250326,160000,2.55,2.595,2.515,2.515,3690,0
PLZ,60,20250326,170000,2.515,2.595,2.515,2.595,270,0
PLZ,60,20250327,100000,2.595,2.595,2.51,2.51,1212,0
PLZ,60,20250327,120000,2.575,2.575,2.575,2.575,5,0
PLZ,60,20250327,140000,2.515,2.55,2.51,2.55,1475,0
PLZ,60,20250327,170000,2.56,2.56,2.56,2.56,30,0
PLZ,60,20250328,110000,2.555,2.555,2.555,2.555,400,0
PLZ,60,20250328,120000,2.555,2.56,2.555,2.56,200,0
PLZ,60,20250328,140000,2.525,2.525,2.525,2.525,217,0
PLZ,60,20250328,150000,2.56,2.56,2.56,2.56,8,0
PLZ,60,20250328,160000,2.56,2.58,2.56,2.58,154,0
PLZ,60,20250328,170000,2.58,2.58,2.58,2.58,166,0
PLZ,60,20250331,100000,2.575,2.575,2.575,2.575,6,0
PLZ,60,20250331,110000,2.52,2.575,2.5,2.57,1009,0
PLZ,60,20250331,120000,2.51,2.51,2.5,2.5,2181,0
PLZ,60,20250331,140000,2.5,2.5,2.5,2.5,300,0
PLZ,60,20250331,150000,2.5,2.5,2.5,2.5,16,0
PLZ,60,20250331,160000,2.5,2.565,2.5,2.565,30,0
PLZ,60,20250401,100000,2.565,2.565,2.565,2.565,15,0
PLZ,60,20250401,120000,2.535,2.535,2.535,2.535,420,0
PLZ,60,20250401,130000,2.525,2.54,2.525,2.54,702,0
PLZ,60,20250401,140000,2.53,2.545,2.53,2.545,1500,0
PLZ,60,20250401,150000,2.57,2.58,2.57,2.58,46,0
PLZ,60,20250401,160000,2.575,2.58,2.575,2.58,779,0
PLZ,60,20250401,170000,2.585,2.585,2.585,2.585,114,0
PLZ,60,20250402,100000,2.585,2.585,2.585,2.585,2,0
PLZ,60,20250402,110000,2.5,2.55,2.5,2.55,116,0
PLZ,60,20250402,130000,2.55,2.55,2.525,2.525,195,0
PLZ,60,20250402,150000,2.555,2.555,2.51,2.555,17,0
PLZ,60,20250402,170000,2.56,2.56,2.56,2.56,130,0
PLZ,60,20250403,100000,2.56,2.56,2.56,2.56,3,0
PLZ,60,20250403,130000,2.51,2.55,2.505,2.55,315,0
PLZ,60,20250403,150000,2.52,2.52,2.52,2.52,6,0
PLZ,60,20250403,170000,2.54,2.54,2.54,2.54,235,0
PLZ,60,20250404,150000,2.53,2.53,2.53,2.53,211,0
PLZ,60,20250404,170000,2.54,2.54,2.54,2.54,235,0
PLZ,60,20250407,100000,2.47,2.47,2.47,2.47,4,0
PLZ,60,20250407,110000,2.47,2.47,2.47,2.47,300,0
PLZ,60,20250407,120000,2.44,2.44,2.39,2.4,5312,0
PLZ,60,20250407,130000,2.4,2.4,2.4,2.4,3482,0
PLZ,60,20250407,140000,2.4,2.45,2.4,2.45,781,0
PLZ,60,20250408,130000,2.49,2.5,2.49,2.5,1468,0
PLZ,60,20250408,150000,2.5,2.5,2.5,2.5,96,0
PLZ,60,20250408,170000,2.445,2.5,2.445,2.5,620,0
PLZ,60,20250409,110000,2.445,2.445,2.445,2.445,505,0
PLZ,60,20250409,120000,2.42,2.445,2.3,2.445,2106,0
PLZ,60,20250409,130000,2.435,2.435,2.435,2.435,282,0
PLZ,60,20250409,160000,2.41,2.41,2.41,2.41,1613,0
PLZ,60,20250410,100000,2.44,2.485,2.35,2.435,1593,0
PLZ,60,20250410,150000,2.435,2.435,2.435,2.435,32,0
PLZ,60,20250410,160000,2.355,2.355,2.355,2.355,433,0
PLZ,60,20250410,170000,2.4,2.4,2.4,2.4,120,0
PLZ,60,20250411,100000,2.4,2.415,2.4,2.415,1499,0
PLZ,60,20250411,110000,2.42,2.42,2.42,2.42,400,0
PLZ,60,20250411,120000,2.41,2.41,2.41,2.41,911,0
PLZ,60,20250411,130000,2.41,2.47,2.4,2.47,3317,0
PLZ,60,20250411,150000,2.44,2.46,2.44,2.46,650,0
PLZ,60,20250411,170000,2.405,2.405,2.4,2.4,7000,0
PLZ,60,20250414,100000,2.46,2.5,2.405,2.485,1505,0
PLZ,60,20250414,120000,2.485,2.7,2.485,2.61,23250,0
PLZ,60,20250414,130000,2.63,2.68,2.63,2.68,6898,0
PLZ,60,20250414,140000,2.67,2.68,2.67,2.68,357,0
PLZ,60,20250414,150000,2.6,2.675,2.59,2.675,2293,0
PLZ,60,20250414,160000,2.655,2.655,2.655,2.655,1115,0
PLZ,60,20250414,170000,2.68,2.68,2.68,2.68,3500,0
PLZ,60,20250415,100000,2.68,2.68,2.56,2.65,3862,0
PLZ,60,20250415,110000,2.66,2.68,2.65,2.65,7332,0
PLZ,60,20250415,120000,2.68,2.68,2.68,2.68,4,0
PLZ,60,20250415,130000,2.68,2.68,2.68,2.68,810,0
PLZ,60,20250415,140000,2.68,2.68,2.68,2.68,890,0
PLZ,60,20250415,150000,2.68,2.68,2.68,2.68,108,0
PLZ,60,20250415,170000,2.68,2.68,2.68,2.68,100,0
PLZ,60,20250416,100000,2.6,2.6,2.6,2.6,400,0
PLZ,60,20250416,110000,2.67,2.685,2.67,2.685,1005,0
PLZ,60,20250416,170000,2.64,2.64,2.64,2.64,14,0
PLZ,60,20250417,150000,2.625,2.68,2.625,2.68,1980,0
PLZ,60,20250417,160000,2.68,2.69,2.68,2.69,3200,0
PLZ,60,20250417,170000,2.7,2.74,2.7,2.715,5276,0
PLZ,60,20250422,110000,2.6,2.6,2.6,2.6,690,0
PLZ,60,20250422,120000,2.615,2.695,2.615,2.695,995,0
PLZ,60,20250422,170000,2.68,2.68,2.68,2.68,40,0
PLZ,60,20250423,100000,2.6,2.675,2.6,2.675,560,0
PLZ,60,20250423,110000,2.675,2.675,2.675,2.675,21,0
PLZ,60,20250423,120000,2.6,2.675,2.575,2.575,5580,0
PLZ,60,20250423,130000,2.67,2.67,2.66,2.66,503,0
PLZ,60,20250423,170000,2.605,2.605,2.605,2.605,1082,0
PLZ,60,20250425,100000,2.605,2.605,2.52,2.605,5193,0
PLZ,60,20250425,110000,2.6,2.6,2.6,2.6,180,0
PLZ,60,20250425,130000,2.53,2.53,2.52,2.52,1465,0
PLZ,60,20250425,140000,2.59,2.59,2.525,2.525,501,0
PLZ,60,20250425,150000,2.53,2.53,2.53,2.53,343,0
PLZ,60,20250425,160000,2.58,2.58,2.58,2.58,100,0
PLZ,60,20250425,170000,2.58,2.8,2.58,2.685,25472,0
PLZ,60,20250428,100000,2.71,2.77,2.67,2.75,11392,0
PLZ,60,20250428,110000,2.75,2.75,2.75,2.75,2772,0
PLZ,60,20250428,120000,2.61,2.71,2.585,2.71,10200,0
PLZ,60,20250428,170000,2.615,2.695,2.615,2.695,180,0
PLZ,60,20250429,100000,2.69,2.695,2.64,2.695,4793,0
PLZ,60,20250429,110000,2.7,2.84,2.7,2.76,14408,0
PLZ,60,20250429,120000,2.73,2.81,2.73,2.8,1023,0
PLZ,60,20250429,130000,2.73,2.78,2.7,2.78,3139,0
PLZ,60,20250429,140000,2.7,2.78,2.7,2.78,1004,0
PLZ,60,20250429,170000,2.67,2.72,2.67,2.72,2513,0
PLZ,60,20250430,100000,2.75,2.78,2.61,2.765,4188,0
PLZ,60,20250430,110000,2.77,2.775,2.7,2.72,4177,0
PLZ,60,20250430,120000,2.685,2.685,2.62,2.68,2870,0
PLZ,60,20250430,140000,2.68,2.68,2.68,2.68,860,0
PLZ,60,20250430,150000,2.66,2.66,2.625,2.655,5501,0
PLZ,60,20250430,160000,2.65,2.655,2.65,2.655,2907,0
PLZ,60,20250430,170000,2.655,2.7,2.655,2.7,560,0
PLZ,60,20250502,100000,2.66,2.66,2.65,2.65,1313,0
PLZ,60,20250502,110000,2.64,2.64,2.62,2.62,265,0
PLZ,60,20250502,120000,2.69,2.71,2.69,2.71,2607,0
PLZ,60,20250502,130000,2.735,2.735,2.65,2.7,8514,0
PLZ,60,20250502,150000,2.645,2.645,2.645,2.645,200,0
PLZ,60,20250502,160000,2.695,2.695,2.695,2.695,4,0
PLZ,60,20250502,170000,2.695,2.7,2.645,2.7,649,0
PLZ,60,20250505,100000,2.7,2.7,2.7,2.7,316,0
PLZ,60,20250505,110000,2.675,2.695,2.625,2.625,5249,0
PLZ,60,20250505,120000,2.695,2.7,2.695,2.7,8,0
PLZ,60,20250505,130000,2.65,2.69,2.65,2.69,3508,0
PLZ,60,20250505,160000,2.63,2.65,2.63,2.65,2993,0
PLZ,60,20250505,170000,2.65,2.68,2.58,2.68,2078,0
PLZ,60,20250506,100000,2.68,2.73,2.55,2.58,8615,0
PLZ,60,20250506,110000,2.605,2.605,2.59,2.59,1000,0
PLZ,60,20250506,120000,2.63,2.645,2.63,2.645,1200,0
PLZ,60,20250506,150000,2.61,2.64,2.6,2.605,1841,0
PLZ,60,20250506,160000,2.6,2.635,2.535,2.58,13338,0
PLZ,60,20250506,170000,2.53,2.63,2.51,2.63,4832,0
