<TICKER>,<PER>,<DATE>,<TIME>,<OPEN>,<HIGH>,<LOW>,<CLOSE>,<VOL>,<OPENINT>
PPS,60,20240411,100000,1.13,1.13,1.13,1.13,2,0
PPS,60,20240411,120000,1.13,1.13,1.13,1.13,200,0
PPS,60,20240411,130000,1.13,1.13,1.12,1.13,4430,0
PPS,60,20240412,100000,1.13,1.13,1.13,1.13,2202,0
PPS,60,20240412,110000,1.13,1.145,1.13,1.13,4116,0
PPS,60,20240412,120000,1.13,1.13,1.13,1.13,9,0
PPS,60,20240412,150000,1.145,1.145,1.145,1.145,350,0
PPS,60,20240412,170000,1.14,1.14,1.14,1.14,420,0
PPS,60,20240415,100000,1.14,1.14,1.14,1.14,2,0
PPS,60,20240415,110000,1.13,1.13,1.13,1.13,50,0
PPS,60,20240415,120000,1.12,1.12,1.12,1.12,1400,0
PPS,60,20240415,150000,1.13,1.13,1.13,1.13,120,0
PPS,60,20240415,160000,1.13,1.13,1.13,1.13,400,0
PPS,60,20240415,170000,1.12,1.12,1.12,1.12,7483,0
PPS,60,20240416,100000,1.13,1.13,1.12,1.12,1268,0
PPS,60,20240416,110000,1.13,1.13,1.13,1.13,1000,0
PPS,60,20240416,120000,1.13,1.13,1.13,1.13,200,0
PPS,60,20240416,130000,1.12,1.12,1.12,1.12,717,0
PPS,60,20240416,150000,1.12,1.12,1.12,1.12,500,0
PPS,60,20240416,160000,1.12,1.12,1.12,1.12,783,0
PPS,60,20240417,100000,1.13,1.13,1.13,1.13,15,0
PPS,60,20240417,110000,1.115,1.115,1.115,1.115,2960,0
PPS,60,20240417,120000,1.115,1.115,1.115,1.115,1000,0
PPS,60,20240417,130000,1.115,1.115,1.115,1.115,2000,0
PPS,60,20240417,170000,1.115,1.115,1.02,1.115,52066,0
PPS,60,20240418,100000,1.11,1.11,1.11,1.11,813,0
PPS,60,20240418,110000,1.085,1.085,1.085,1.085,2000,0
PPS,60,20240418,130000,1.105,1.115,1.105,1.115,1000,0
PPS,60,20240418,170000,1.115,1.115,1.09,1.09,5197,0
PPS,60,20240419,100000,1.09,1.09,1.09,1.09,2002,0
PPS,60,20240419,150000,1.09,1.09,1.09,1.09,3500,0
PPS,60,20240419,160000,1.09,1.09,1.09,1.09,3870,0
PPS,60,20240419,170000,1.09,1.09,1.09,1.09,100,0
PPS,60,20240422,100000,1.08,1.08,1.08,1.08,700,0
PPS,60,20240422,140000,1.08,1.08,1.08,1.08,200,0
PPS,60,20240423,100000,1.09,1.09,1.08,1.09,5700,0
PPS,60,20240423,130000,1.09,1.09,1.09,1.09,20,0
PPS,60,20240423,140000,1.09,1.09,1.09,1.09,10,0
PPS,60,20240423,150000,1.09,1.09,1.09,1.09,30,0
PPS,60,20240423,170000,1.085,1.085,1.085,1.085,150,0
PPS,60,20240424,100000,1.09,1.09,1.09,1.09,346,0
PPS,60,20240424,110000,1.09,1.09,1.09,1.09,500,0
PPS,60,20240424,130000,1.085,1.085,1.08,1.08,1796,0
PPS,60,20240424,160000,1.06,1.06,1.05,1.05,5850,0
PPS,60,20240424,170000,1.04,1.04,1.04,1.04,3000,0
PPS,60,20240425,100000,1.08,1.08,1.08,1.08,2,0
PPS,60,20240425,110000,1.055,1.09,1.05,1.09,30030,0
PPS,60,20240425,120000,1.09,1.09,1.09,1.09,400,0
PPS,60,20240425,130000,1.09,1.09,1.09,1.09,20,0
PPS,60,20240425,160000,1.06,1.06,1.055,1.055,300,0
PPS,60,20240425,170000,1.085,1.085,1.085,1.085,10,0
PPS,60,20240426,100000,1.055,1.06,1.04,1.04,5513,0
PPS,60,20240426,110000,1.085,1.085,1.085,1.085,200,0
PPS,60,20240426,120000,1.05,1.05,1.05,1.05,5500,0
PPS,60,20240426,160000,1.06,1.06,1.06,1.06,150,0
PPS,60,20240426,170000,1.06,1.07,1.05,1.07,9245,0
PPS,60,20240429,100000,1.07,1.07,1.07,1.07,2,0
PPS,60,20240429,120000,1.07,1.07,1.07,1.07,470,0
PPS,60,20240429,140000,1.065,1.065,1.065,1.065,18,0
PPS,60,20240430,100000,1.07,1.07,1.05,1.05,2011,0
PPS,60,20240430,110000,1.065,1.065,1.05,1.05,4861,0
PPS,60,20240430,130000,1.065,1.065,1.065,1.065,500,0
PPS,60,20240430,140000,1.065,1.065,1.065,1.065,100,0
PPS,60,20240502,100000,1.07,1.07,1.065,1.065,52,0
PPS,60,20240502,140000,1.05,1.05,1.05,1.05,3000,0
PPS,60,20240502,170000,1.065,1.065,1.065,1.065,10,0
PPS,60,20240506,110000,1.06,1.06,1.06,1.06,1500,0
PPS,60,20240506,120000,1.065,1.065,1.065,1.065,470,0
PPS,60,20240506,140000,1.05,1.05,1.05,1.05,1250,0
PPS,60,20240506,170000,1.04,1.05,1.04,1.05,483,0
PPS,60,20240507,100000,1.07,1.07,1.07,1.07,10,0
PPS,60,20240507,130000,1.055,1.055,1.055,1.055,18,0
PPS,60,20240507,140000,1.055,1.055,1.055,1.055,275,0
PPS,60,20240507,170000,1.055,1.065,1.055,1.065,30,0
PPS,60,20240508,100000,1.07,1.07,1.07,1.07,21613,0
PPS,60,20240508,120000,1.075,1.075,1.075,1.075,2428,0
PPS,60,20240508,130000,1.075,1.075,1.075,1.075,1072,0
PPS,60,20240508,150000,1.075,1.075,1.075,1.075,300,0
PPS,60,20240508,160000,1.075,1.08,1.075,1.08,1029,0
PPS,60,20240513,100000,1.08,1.105,1.08,1.105,2678,0
PPS,60,20240513,150000,1.105,1.105,1.105,1.105,500,0
PPS,60,20240514,100000,1.105,1.105,1.085,1.085,282,0
PPS,60,20240514,110000,1.1,1.1,1.1,1.1,100,0
PPS,60,20240515,100000,1.1,1.1,1.1,1.1,2,0
PPS,60,20240515,110000,1.1,1.1,1.1,1.1,2000,0
PPS,60,20240515,130000,1.085,1.085,1.085,1.085,300,0
PPS,60,20240515,140000,1.085,1.085,1.085,1.085,176,0
PPS,60,20240515,170000,1.1,1.1,1.1,1.1,787,0
PPS,60,20240516,100000,1.1,1.1,1.1,1.1,10,0
PPS,60,20240516,120000,1.08,1.08,1.08,1.08,2681,0
PPS,60,20240516,150000,1.08,1.08,1.08,1.08,819,0
PPS,60,20240516,160000,1.08,1.08,1.08,1.08,1500,0
PPS,60,20240517,100000,1.1,1.1,1.1,1.1,2,0
PPS,60,20240517,120000,1.075,1.075,1.075,1.075,11,0
PPS,60,20240517,170000,1.08,1.08,1.08,1.08,10,0
PPS,60,20240520,100000,1.09,1.09,1.05,1.05,9772,0
PPS,60,20240520,110000,1.045,1.05,1.02,1.05,7478,0
PPS,60,20240520,120000,1.05,1.05,1.05,1.05,9,0
PPS,60,20240520,130000,1.05,1.06,1.03,1.03,5795,0
PPS,60,20240520,140000,1.045,1.045,1.04,1.04,2427,0
PPS,60,20240520,150000,1.035,1.035,1.02,1.02,10881,0
PPS,60,20240520,160000,1.02,1.04,1.02,1.03,11219,0
PPS,60,20240520,170000,1.04,1.04,1.04,1.04,10,0
PPS,60,20240521,100000,1.04,1.04,1.04,1.04,2,0
PPS,60,20240521,110000,1.04,1.04,1.04,1.04,1500,0
PPS,60,20240521,120000,1.025,1.025,1.02,1.02,1119,0
PPS,60,20240521,130000,1.045,1.08,1.045,1.08,1090,0
PPS,60,20240521,140000,1.025,1.025,1.025,1.025,1000,0
PPS,60,20240521,160000,1.06,1.06,1.06,1.06,139,0
PPS,60,20240521,170000,1.06,1.065,1.06,1.065,2861,0
PPS,60,20240522,100000,1.075,1.075,1.075,1.075,95,0
PPS,60,20240522,140000,1.03,1.03,1.025,1.025,807,0
PPS,60,20240522,160000,1.065,1.065,1.065,1.065,500,0
PPS,60,20240523,100000,1.065,1.065,1.065,1.065,2,0
PPS,60,20240523,150000,1.05,1.05,1.05,1.05,100,0
PPS,60,20240523,170000,1.05,1.05,1.05,1.05,1111,0
PPS,60,20240524,100000,1.05,1.05,1.045,1.045,102,0
PPS,60,20240524,110000,1.05,1.05,1.03,1.03,2095,0
PPS,60,20240524,160000,1.05,1.05,1.05,1.05,90,0
PPS,60,20240527,100000,1.05,1.05,1.05,1.05,4000,0
PPS,60,20240527,160000,1.05,1.05,1.05,1.05,10,0
PPS,60,20240527,170000,1.05,1.05,1.05,1.05,20,0
PPS,60,20240528,100000,1.06,1.06,1.05,1.05,1542,0
PPS,60,20240528,110000,1.05,1.05,1.05,1.05,200,0
PPS,60,20240528,150000,1.07,1.07,1.07,1.07,100,0
PPS,60,20240528,170000,1.06,1.06,1.05,1.05,360,0
PPS,60,20240529,100000,1.05,1.05,1.05,1.05,519,0
PPS,60,20240529,140000,1.04,1.05,1.03,1.05,4751,0
PPS,60,20240529,150000,1.05,1.05,1.05,1.05,1500,0
PPS,60,20240529,170000,1.04,1.04,1.04,1.04,300,0
PPS,60,20240605,100000,1.07,1.07,1.045,1.045,312,0
PPS,60,20240605,130000,1.045,1.045,1.045,1.045,39,0
PPS,60,20240605,170000,1.05,1.05,1.05,1.05,10,0
PPS,60,20240606,100000,1.06,1.06,1.06,1.06,10,0
PPS,60,20240606,120000,1.065,1.065,1.065,1.065,10,0
PPS,60,20240606,140000,1.065,1.065,1.065,1.065,10,0
PPS,60,20240606,160000,1.065,1.065,1.065,1.065,200,0
PPS,60,20240607,100000,1.065,1.065,1.065,1.065,2,0
PPS,60,20240607,160000,1.065,1.065,1.065,1.065,10,0
PPS,60,20240610,100000,1.065,1.065,1.065,1.065,1000,0
PPS,60,20240610,110000,1.065,1.065,1.065,1.065,20,0
PPS,60,20240610,130000,1.065,1.065,1.065,1.065,20,0
PPS,60,20240610,140000,1.065,1.065,1.065,1.065,524,0
PPS,60,20240610,170000,1.06,1.06,1.06,1.06,494,0
PPS,60,20240611,100000,1.05,1.05,1.05,1.05,60,0
PPS,60,20240611,150000,1.045,1.045,1.045,1.045,188,0
PPS,60,20240611,170000,1.045,1.045,1.03,1.03,4249,0
PPS,60,20240612,100000,1.05,1.05,1.05,1.05,10,0
PPS,60,20240612,130000,1.05,1.05,1.045,1.045,330,0
PPS,60,20240612,160000,1.05,1.05,1.05,1.05,10,0
PPS,60,20240613,100000,1.035,1.035,1.03,1.03,10,0
PPS,60,20240613,160000,1.04,1.05,1.04,1.05,590,0
PPS,60,20240614,100000,1.035,1.035,1.03,1.03,30,0
PPS,60,20240614,170000,1.045,1.05,1.035,1.05,146,0
PPS,60,20240617,100000,1.05,1.05,1.05,1.05,10,0
PPS,60,20240617,160000,1.04,1.04,1.04,1.04,200,0
PPS,60,20240617,170000,1.035,1.035,1.035,1.035,54,0
PPS,60,20240618,100000,1.04,1.04,1.04,1.04,10,0
PPS,60,20240618,110000,1.035,1.035,1.035,1.035,20,0
PPS,60,20240618,170000,1.04,1.04,1.04,1.04,10,0
PPS,60,20240619,100000,1.04,1.04,1.04,1.04,2,0
PPS,60,20240619,110000,1.035,1.035,1.035,1.035,268,0
PPS,60,20240619,120000,1.04,1.04,1.04,1.04,200,0
PPS,60,20240619,130000,1.035,1.035,1.03,1.03,9146,0
PPS,60,20240620,100000,1.02,1.02,1.015,1.015,14347,0
PPS,60,20240620,110000,1.025,1.025,1.025,1.025,10,0
PPS,60,20240620,160000,1.025,1.025,1.025,1.025,10,0
PPS,60,20240620,170000,1.03,1.03,1.03,1.03,30,0
PPS,60,20240621,100000,1.04,1.04,1.005,1.005,5010,0
PPS,60,20240621,110000,1.015,1.015,1.015,1.015,10,0
PPS,60,20240621,150000,1.03,1.035,1.03,1.035,20,0
PPS,60,20240624,100000,1.035,1.035,1.035,1.035,2,0
PPS,60,20240624,110000,1.035,1.035,1.035,1.035,1978,0
PPS,60,20240624,140000,1.03,1.03,1.03,1.03,1000,0
PPS,60,20240625,100000,1.03,1.03,1.03,1.03,2,0
PPS,60,20240625,130000,1.03,1.03,1.03,1.03,30,0
PPS,60,20240625,140000,1.025,1.025,1.02,1.02,3000,0
PPS,60,20240626,100000,1.03,1.03,1.03,1.03,2,0
PPS,60,20240626,110000,1.03,1.03,1.03,1.03,9282,0
PPS,60,20240626,150000,1.02,1.02,1.02,1.02,4000,0
PPS,60,20240626,160000,1.015,1.015,1.015,1.015,43,0
PPS,60,20240626,170000,1.03,1.05,1.015,1.05,2147,0
PPS,60,20240627,100000,1.03,1.03,1.03,1.03,10,0
PPS,60,20240627,150000,1.025,1.03,1.025,1.03,200,0
PPS,60,20240627,170000,1.03,1.03,1.03,1.03,1000,0
PPS,60,20240628,100000,1.03,1.03,1.03,1.03,10,0
PPS,60,20240628,110000,1.03,1.03,1.03,1.03,1200,0
PPS,60,20240628,130000,1.03,1.03,1.03,1.03,1000,0
PPS,60,20240701,100000,1.035,1.035,1.035,1.035,2,0
PPS,60,20240701,110000,1.035,1.035,1.035,1.035,8,0
PPS,60,20240701,150000,1.04,1.04,1.04,1.04,10,0
PPS,60,20240701,160000,1.035,1.035,1.035,1.035,5,0
PPS,60,20240701,170000,1.035,1.04,1.035,1.04,355,0
PPS,60,20240703,100000,1.04,1.04,1.04,1.04,282,0
PPS,60,20240703,140000,1.02,1.02,1.015,1.015,140,0
PPS,60,20240703,170000,1.05,1.05,1.05,1.05,380,0
PPS,60,20240705,100000,1.05,1.05,1.05,1.05,12,0
PPS,60,20240705,150000,1.05,1.05,1.05,1.05,961,0
PPS,60,20240705,170000,1.05,1.05,1.05,1.05,200,0
PPS,60,20240708,100000,1.05,1.05,1.05,1.05,10,0
PPS,60,20240708,110000,1.05,1.05,1.05,1.05,10,0
PPS,60,20240710,100000,1.05,1.05,1.03,1.03,445,0
PPS,60,20240710,110000,1.03,1.03,1.03,1.03,200,0
PPS,60,20240710,130000,1.03,1.05,1.02,1.02,7600,0
PPS,60,20240710,150000,1.02,1.02,1.02,1.02,547,0
PPS,60,20240710,170000,1.02,1.035,1.02,1.035,1163,0
PPS,60,20240711,100000,1.035,1.035,1.02,1.02,849,0
PPS,60,20240711,110000,1.02,1.02,1.02,1.02,4153,0
PPS,60,20240711,120000,1.03,1.03,1.03,1.03,973,0
PPS,60,20240711,160000,1.03,1.03,1.03,1.03,1527,0
PPS,60,20240712,100000,1.035,1.035,1.035,1.035,2,0
PPS,60,20240712,170000,1.02,1.02,1.02,1.02,560,0
PPS,60,20240716,100000,1.045,1.045,1.04,1.04,20,0
PPS,60,20240716,120000,1.025,1.025,1.02,1.02,30,0
PPS,60,20240716,140000,1.035,1.035,1.035,1.035,600,0
PPS,60,20240717,100000,1.035,1.035,1.035,1.035,7815,0
PPS,60,20240717,170000,1.025,1.035,1.025,1.035,93,0
PPS,60,20240719,100000,1.035,1.035,1.02,1.02,1911,0
PPS,60,20240719,120000,1.02,1.02,1.02,1.02,1000,0
PPS,60,20240719,130000,1.015,1.02,1.015,1.02,4131,0
PPS,60,20240722,140000,1.04,1.04,1.04,1.04,3,0
PPS,60,20240723,100000,1.03,1.03,1.03,1.03,2,0
PPS,60,20240723,120000,1.02,1.02,1.02,1.02,2800,0
PPS,60,20240723,150000,1.01,1.01,1.005,1.005,230,0
PPS,60,20240723,160000,1.015,1.02,1.015,1.02,135,0
PPS,60,20240724,100000,1.01,1.01,1.005,1.005,200,0
PPS,60,20240724,140000,1.02,1.035,1.02,1.035,1000,0
PPS,60,20240726,100000,1.03,1.03,1.03,1.03,7,0
PPS,60,20240726,150000,1.01,1.01,1.01,1.01,300,0
PPS,60,20240726,160000,1.03,1.035,1.03,1.035,10,0
PPS,60,20240729,100000,1.005,1.005,1.005,1.005,4800,0
PPS,60,20240729,110000,1.015,1.03,1.015,1.03,200,0
PPS,60,20240729,120000,1.01,1.01,1.01,1.01,3000,0
PPS,60,20240729,140000,1.01,1.01,1.01,1.01,1500,0
PPS,60,20240729,150000,1.005,1.01,0.998,1.01,16840,0
PPS,60,20240729,160000,1.01,1.01,1.01,1.01,3000,0
PPS,60,20240730,100000,1.01,1.01,1.01,1.01,1002,0
PPS,60,20240730,130000,1.01,1.01,1.01,1.01,1302,0
PPS,60,20240730,160000,1.01,1.01,1.01,1.01,2800,0
PPS,60,20240731,100000,1.005,1.01,1.005,1.01,12,0
PPS,60,20240731,170000,1,1.01,1,1.01,3010,0
PPS,60,20240801,100000,1.01,1.01,1.01,1.01,2,0
PPS,60,20240801,150000,1.01,1.01,1.01,1.01,500,0
PPS,60,20240802,100000,1.01,1.01,0.97,0.97,8511,0
PPS,60,20240802,140000,1.005,1.005,1.005,1.005,614,0
PPS,60,20240802,170000,1.01,1.01,1.01,1.01,10,0
PPS,60,20240805,100000,1.03,1.03,0.992,0.992,830,0
PPS,60,20240805,120000,1,1,0.998,0.998,750,0
PPS,60,20240805,130000,0.998,0.998,0.998,0.998,1485,0
PPS,60,20240805,150000,0.996,0.996,0.996,0.996,1000,0
PPS,60,20240806,100000,0.98,0.98,0.97,0.976,15385,0
PPS,60,20240806,140000,0.98,0.98,0.98,0.98,10,0
PPS,60,20240806,150000,0.998,1,0.998,1,200,0
PPS,60,20240806,160000,0.99,0.99,0.98,0.98,3162,0
PPS,60,20240806,170000,0.998,0.998,0.998,0.998,10,0
PPS,60,20240807,100000,0.998,0.998,0.998,0.998,2,0
PPS,60,20240807,150000,0.998,0.998,0.998,0.998,100,0
PPS,60,20240809,100000,0.998,1,0.996,0.998,2004,0
PPS,60,20240809,150000,0.996,0.996,0.996,0.996,200,0
PPS,60,20240813,100000,1.05,1.05,1.04,1.04,14,0
PPS,60,20240813,120000,0.992,0.992,0.99,0.99,1130,0
PPS,60,20240813,130000,0.99,0.99,0.99,0.99,502,0
PPS,60,20240813,140000,0.99,0.99,0.99,0.99,148,0
PPS,60,20240813,150000,1.01,1.01,1.01,1.01,30,0
PPS,60,20240813,170000,1.01,1.04,1.01,1.04,117,0
PPS,60,20240816,100000,1.02,1.02,0.982,0.982,3321,0
PPS,60,20240816,170000,0.994,0.994,0.98,0.98,6719,0
PPS,60,20240819,100000,0.998,0.998,0.98,0.98,4932,0
PPS,60,20240819,130000,0.998,1,0.998,1,10,0
PPS,60,20240819,170000,0.974,0.998,0.974,0.998,21,0
PPS,60,20240820,100000,0.996,0.996,0.97,0.984,6404,0
PPS,60,20240820,170000,0.988,1,0.988,1,182,0
PPS,60,20240822,100000,1,1,0.996,0.996,12,0
PPS,60,20240822,110000,0.988,0.988,0.986,0.986,5000,0
PPS,60,20240822,120000,0.996,0.996,0.996,0.996,20,0
PPS,60,20240822,170000,0.992,0.992,0.986,0.986,4042,0
PPS,60,20240823,100000,0.988,0.998,0.988,0.998,951,0
PPS,60,20240823,110000,0.98,0.98,0.98,0.98,20,0
PPS,60,20240823,130000,0.98,0.98,0.98,0.98,923,0
PPS,60,20240827,100000,0.998,0.998,0.996,0.996,202,0
PPS,60,20240827,110000,0.996,0.996,0.996,0.996,1000,0
PPS,60,20240827,160000,0.996,0.996,0.996,0.996,200,0
PPS,60,20240830,100000,0.996,0.996,0.996,0.996,222,0
PPS,60,20240830,110000,0.986,0.986,0.986,0.986,150,0
PPS,60,20240830,120000,0.986,0.986,0.986,0.986,170,0
PPS,60,20240830,140000,0.986,0.986,0.986,0.986,11,0
PPS,60,20240830,170000,0.986,0.986,0.986,0.986,1973,0
PPS,60,20240902,100000,0.99,0.99,0.99,0.99,368,0
PPS,60,20240902,110000,0.99,0.99,0.988,0.988,145,0
PPS,60,20240902,130000,0.984,0.988,0.98,0.98,4217,0
PPS,60,20240903,100000,0.98,0.98,0.98,0.98,2,0
PPS,60,20240903,130000,0.98,0.98,0.98,0.98,3000,0
PPS,60,20240903,160000,0.98,0.98,0.98,0.98,100,0
PPS,60,20240905,100000,0.98,0.98,0.98,0.98,27,0
PPS,60,20240905,110000,0.98,0.98,0.98,0.98,3080,0
PPS,60,20240906,100000,0.98,0.98,0.98,0.98,2244,0
PPS,60,20240906,110000,0.974,0.974,0.974,0.974,100,0
PPS,60,20240906,140000,0.974,0.974,0.974,0.974,415,0
PPS,60,20240906,170000,0.974,0.98,0.974,0.98,200,0
PPS,60,20240909,100000,0.998,0.998,0.998,0.998,10,0
PPS,60,20240909,120000,0.98,0.98,0.98,0.98,1000,0
PPS,60,20240910,100000,0.98,0.98,0.98,0.98,1510,0
PPS,60,20240910,130000,0.98,0.98,0.972,0.972,22,0
PPS,60,20240910,160000,0.98,0.98,0.98,0.98,250,0
PPS,60,20240911,100000,0.98,0.98,0.98,0.98,2,0
PPS,60,20240912,110000,0.972,0.972,0.97,0.97,5142,0
PPS,60,20240912,130000,0.98,0.98,0.98,0.98,2000,0
PPS,60,20240912,170000,0.98,0.98,0.97,0.97,45822,0
PPS,60,20240916,100000,0.98,0.98,0.96,0.96,77,0
PPS,60,20240916,150000,0.974,0.974,0.96,0.96,6458,0
PPS,60,20240916,170000,0.96,0.996,0.96,0.996,1020,0
PPS,60,20240917,100000,0.96,0.96,0.96,0.96,1176,0
PPS,60,20240917,150000,0.978,0.98,0.978,0.98,1000,0
PPS,60,20240918,100000,0.98,0.98,0.98,0.98,2,0
PPS,60,20240918,110000,0.98,0.98,0.96,0.96,740,0
PPS,60,20240918,170000,0.98,0.98,0.98,0.98,110,0
PPS,60,20240920,100000,0.98,0.98,0.978,0.978,1520,0
PPS,60,20240920,140000,0.978,0.978,0.978,0.978,17,0
PPS,60,20240920,170000,0.96,0.976,0.96,0.976,887,0
PPS,60,20240923,100000,0.976,0.976,0.976,0.976,21,0
PPS,60,20240923,140000,0.97,0.97,0.97,0.97,45,0
PPS,60,20240923,170000,0.974,0.976,0.974,0.976,270,0
PPS,60,20240924,100000,0.976,0.976,0.976,0.976,2,0
PPS,60,20240924,140000,0.97,0.97,0.97,0.97,335,0
PPS,60,20240924,170000,0.976,0.976,0.976,0.976,10,0
PPS,60,20240925,100000,0.976,0.976,0.976,0.976,2,0
PPS,60,20240925,120000,0.976,0.98,0.976,0.98,4082,0
PPS,60,20240925,170000,0.98,0.98,0.98,0.98,195,0
PPS,60,20240926,100000,0.98,0.98,0.98,0.98,2,0
PPS,60,20240926,130000,0.98,0.98,0.98,0.98,1665,0
PPS,60,20240926,160000,0.98,0.98,0.98,0.98,1000,0
PPS,60,20240927,100000,0.98,0.98,0.98,0.98,150,0
PPS,60,20240927,110000,0.98,0.98,0.98,0.98,253,0
PPS,60,20240927,120000,0.96,0.962,0.96,0.962,50,0
PPS,60,20240927,130000,0.98,0.98,0.98,0.98,150,0
PPS,60,20240927,140000,0.98,0.98,0.98,0.98,2500,0
PPS,60,20240930,100000,0.98,0.98,0.98,0.98,50,0
PPS,60,20240930,170000,0.98,0.98,0.98,0.98,300,0
PPS,60,20241001,100000,0.98,0.98,0.98,0.98,10,0
PPS,60,20241001,120000,0.98,0.98,0.98,0.98,4990,0
PPS,60,20241002,100000,0.98,0.98,0.98,0.98,2,0
PPS,60,20241002,120000,0.98,0.98,0.98,0.98,200,0
PPS,60,20241003,100000,0.978,0.978,0.978,0.978,2,0
PPS,60,20241003,120000,0.978,0.978,0.97,0.97,1190,0
PPS,60,20241003,130000,0.978,0.978,0.978,0.978,34,0
PPS,60,20241003,150000,0.978,0.978,0.978,0.978,21,0
PPS,60,20241004,100000,0.978,0.978,0.978,0.978,2,0
PPS,60,20241004,120000,0.978,0.978,0.978,0.978,1341,0
PPS,60,20241004,150000,0.978,0.978,0.978,0.978,509,0
PPS,60,20241007,100000,0.98,0.98,0.98,0.98,2,0
PPS,60,20241007,120000,0.98,1,0.98,1,6000,0
PPS,60,20241008,100000,0.98,0.98,0.98,0.98,2,0
PPS,60,20241008,160000,0.98,0.98,0.98,0.98,268,0
PPS,60,20241009,100000,0.97,0.97,0.97,0.97,95,0
PPS,60,20241009,120000,0.97,0.97,0.96,0.96,9104,0
PPS,60,20241009,130000,0.952,0.952,0.95,0.95,30,0
PPS,60,20241009,140000,0.954,0.954,0.954,0.954,11,0
PPS,60,20241009,150000,0.97,0.97,0.97,0.97,2089,0
PPS,60,20241009,160000,0.97,0.97,0.97,0.97,5000,0
PPS,60,20241009,170000,0.98,0.98,0.98,0.98,20,0
PPS,60,20241010,100000,0.98,0.98,0.98,0.98,2,0
PPS,60,20241010,110000,0.978,0.98,0.978,0.98,45,0
PPS,60,20241010,140000,0.98,0.98,0.962,0.964,42,0
PPS,60,20241010,150000,0.962,0.962,0.962,0.962,154,0
PPS,60,20241010,170000,0.962,0.962,0.962,0.962,839,0
PPS,60,20241011,100000,0.964,0.964,0.964,0.964,10,0
PPS,60,20241011,110000,0.964,0.964,0.964,0.964,154,0
PPS,60,20241011,170000,0.98,0.98,0.98,0.98,20,0
PPS,60,20241015,100000,0.98,0.98,0.978,0.978,200,0
PPS,60,20241015,110000,0.97,0.97,0.97,0.97,1210,0
PPS,60,20241015,130000,0.97,0.97,0.946,0.946,7928,0
PPS,60,20241015,140000,0.954,0.98,0.954,0.98,2000,0
PPS,60,20241016,100000,0.97,0.97,0.944,0.944,253,0
PPS,60,20241016,110000,0.954,0.954,0.954,0.954,11,0
PPS,60,20241016,150000,0.962,0.962,0.96,0.96,1985,0
PPS,60,20241017,100000,0.968,0.968,0.968,0.968,5,0
PPS,60,20241017,120000,0.968,0.968,0.968,0.968,100,0
PPS,60,20241017,150000,0.946,0.946,0.94,0.94,4500,0
PPS,60,20241017,160000,0.954,0.968,0.954,0.968,20,0
PPS,60,20241018,100000,0.968,0.968,0.968,0.968,2,0
PPS,60,20241018,110000,0.966,0.968,0.966,0.968,25,0
PPS,60,20241018,150000,0.966,0.966,0.966,0.966,300,0
PPS,60,20241021,100000,0.966,0.966,0.966,0.966,10,0
PPS,60,20241021,110000,0.95,0.95,0.95,0.95,82,0
PPS,60,20241021,130000,0.964,0.978,0.942,0.942,1103,0
PPS,60,20241021,150000,0.958,0.988,0.958,0.988,70,0
PPS,60,20241022,100000,0.98,0.98,0.95,0.95,10948,0
PPS,60,20241022,130000,0.976,0.98,0.976,0.98,60,0
PPS,60,20241022,170000,0.944,0.944,0.944,0.944,170,0
PPS,60,20241024,100000,0.97,0.97,0.958,0.958,1310,0
PPS,60,20241024,150000,0.956,0.958,0.956,0.958,349,0
PPS,60,20241024,160000,0.966,0.966,0.966,0.966,1038,0
PPS,60,20241025,100000,0.968,0.968,0.968,0.968,2,0
PPS,60,20241025,110000,0.96,0.96,0.954,0.954,254,0
PPS,60,20241025,120000,0.944,0.95,0.94,0.95,2615,0
PPS,60,20241025,130000,0.95,0.95,0.95,0.95,68,0
PPS,60,20241025,140000,0.942,0.942,0.94,0.94,6000,0
PPS,60,20241025,170000,0.95,0.95,0.95,0.95,30,0
PPS,60,20241028,100000,0.904,0.95,0.904,0.95,1723,0
PPS,60,20241028,110000,0.916,0.916,0.916,0.916,4211,0
PPS,60,20241028,120000,0.916,0.95,0.916,0.95,1000,0
PPS,60,20241029,100000,0.95,0.95,0.95,0.95,10,0
PPS,60,20241029,120000,0.914,0.914,0.914,0.914,30,0
PPS,60,20241029,160000,0.95,0.95,0.95,0.95,10,0
PPS,60,20241029,170000,0.916,0.95,0.916,0.95,2814,0
PPS,60,20241030,100000,0.95,0.95,0.95,0.95,2,0
PPS,60,20241030,120000,0.95,0.95,0.95,0.95,16,0
PPS,60,20241030,140000,0.95,0.95,0.95,0.95,16099,0
PPS,60,20241031,100000,0.95,0.95,0.95,0.95,10,0
PPS,60,20241031,110000,0.95,0.95,0.95,0.95,150,0
PPS,60,20241104,100000,0.95,0.95,0.95,0.95,10,0
PPS,60,20241104,110000,0.95,0.95,0.92,0.92,2088,0
PPS,60,20241104,140000,0.948,0.948,0.948,0.948,111,0
PPS,60,20241106,100000,0.95,0.95,0.94,0.94,18,0
PPS,60,20241106,140000,0.95,0.95,0.95,0.95,1000,0
PPS,60,20241106,170000,0.94,0.94,0.938,0.938,800,0
PPS,60,20241107,100000,0.95,0.95,0.95,0.95,2,0
PPS,60,20241107,120000,0.95,0.95,0.95,0.95,23500,0
PPS,60,20241107,140000,0.95,0.95,0.95,0.95,1000,0
PPS,60,20241107,150000,0.95,0.95,0.95,0.95,700,0
PPS,60,20241108,100000,0.95,0.95,0.95,0.95,2,0
PPS,60,20241108,120000,0.95,0.95,0.95,0.95,63,0
PPS,60,20241108,160000,0.95,0.95,0.95,0.95,182,0
PPS,60,20241112,100000,0.95,0.95,0.95,0.95,10,0
PPS,60,20241112,120000,0.95,0.95,0.95,0.95,70,0
PPS,60,20241112,150000,0.948,0.948,0.948,0.948,60,0
PPS,60,20241112,160000,0.948,0.948,0.948,0.948,997,0
PPS,60,20241113,100000,0.95,0.95,0.95,0.95,10,0
PPS,60,20241113,140000,0.95,0.95,0.95,0.95,200,0
PPS,60,20241113,150000,0.95,0.95,0.924,0.924,4745,0
PPS,60,20241113,170000,0.908,0.946,0.904,0.946,150,0
PPS,60,20241114,100000,0.946,0.95,0.946,0.95,330,0
PPS,60,20241114,110000,0.916,0.95,0.916,0.95,800,0
PPS,60,20241114,120000,0.92,0.92,0.92,0.92,17,0
PPS,60,20241114,170000,0.948,0.948,0.948,0.948,20,0
PPS,60,20241115,100000,0.948,0.948,0.948,0.948,2,0
PPS,60,20241115,150000,0.92,0.92,0.92,0.92,547,0
PPS,60,20241118,100000,0.946,0.946,0.946,0.946,2,0
PPS,60,20241118,130000,0.92,0.92,0.92,0.92,72,0
PPS,60,20241118,150000,0.92,0.92,0.904,0.904,8500,0
PPS,60,20241118,170000,0.946,0.946,0.946,0.946,10,0
PPS,60,20241119,100000,0.946,0.946,0.946,0.946,2,0
PPS,60,20241119,130000,0.946,0.946,0.904,0.904,386,0
PPS,60,20241119,140000,0.946,0.946,0.946,0.946,15,0
PPS,60,20241120,100000,0.946,0.946,0.946,0.946,2,0
PPS,60,20241120,160000,0.904,0.904,0.904,0.904,11,0
PPS,60,20241120,170000,0.946,0.946,0.946,0.946,10,0
PPS,60,20241121,100000,0.946,0.946,0.946,0.946,2,0
PPS,60,20241121,110000,0.906,0.908,0.906,0.908,4000,0
PPS,60,20241121,120000,0.91,0.91,0.904,0.904,1824,0
PPS,60,20241121,130000,0.904,0.946,0.904,0.946,7000,0
PPS,60,20241121,140000,0.906,0.906,0.906,0.906,200,0
PPS,60,20241121,150000,0.906,0.906,0.906,0.906,2050,0
PPS,60,20241121,160000,0.904,0.904,0.904,0.904,100,0
PPS,60,20241121,170000,0.906,0.906,0.906,0.906,30,0
PPS,60,20241126,100000,0.946,0.946,0.936,0.936,54,0
PPS,60,20241126,120000,0.908,0.908,0.908,0.908,30,0
PPS,60,20241126,130000,0.936,0.936,0.936,0.936,63,0
PPS,60,20241126,140000,0.936,0.936,0.936,0.936,11,0
PPS,60,20241126,150000,0.908,0.908,0.908,0.908,63,0
PPS,60,20241126,170000,0.91,0.91,0.91,0.91,10,0
PPS,60,20241127,100000,0.93,0.93,0.93,0.93,2,0
PPS,60,20241127,130000,0.91,0.91,0.91,0.91,1037,0
PPS,60,20241127,150000,0.91,0.91,0.91,0.91,1100,0
PPS,60,20241127,170000,0.924,0.924,0.924,0.924,10,0
PPS,60,20241128,100000,0.922,0.922,0.922,0.922,2,0
PPS,60,20241128,160000,0.922,0.922,0.922,0.922,50,0
PPS,60,20241202,100000,0.928,0.928,0.928,0.928,102,0
PPS,60,20241202,150000,0.906,0.92,0.88,0.92,12100,0
PPS,60,20241202,160000,0.908,0.92,0.908,0.92,50,0
PPS,60,20241202,170000,0.918,0.918,0.918,0.918,10,0
PPS,60,20241203,100000,0.918,0.918,0.9,0.9,2047,0
PPS,60,20241203,130000,0.9,0.9,0.9,0.9,1455,0
PPS,60,20241203,150000,0.898,0.898,0.898,0.898,100,0
PPS,60,20241203,160000,0.898,0.898,0.898,0.898,590,0
PPS,60,20241203,170000,0.9,0.9,0.9,0.9,81,0
PPS,60,20241204,100000,0.898,0.898,0.898,0.898,621,0
PPS,60,20241204,110000,0.89,0.89,0.89,0.89,2400,0
PPS,60,20241204,120000,0.89,0.89,0.88,0.88,14440,0
PPS,60,20241204,130000,0.882,0.882,0.88,0.88,15110,0
PPS,60,20241204,140000,0.888,0.888,0.888,0.888,227,0
PPS,60,20241205,100000,0.888,0.888,0.842,0.85,4098,0
PPS,60,20241205,110000,0.85,0.85,0.85,0.85,1598,0
PPS,60,20241205,150000,0.85,0.85,0.85,0.85,50,0
PPS,60,20241205,170000,0.886,0.888,0.886,0.888,20,0
PPS,60,20241206,100000,0.888,0.89,0.888,0.89,23000,0
PPS,60,20241206,120000,0.872,0.872,0.872,0.872,500,0
PPS,60,20241206,130000,0.89,0.89,0.89,0.89,8337,0
PPS,60,20241206,150000,0.9,0.9,0.9,0.9,1660,0
PPS,60,20241209,100000,0.896,0.896,0.896,0.896,2,0
PPS,60,20241209,120000,0.896,0.896,0.896,0.896,25,0
PPS,60,20241209,130000,0.896,0.896,0.896,0.896,100,0
PPS,60,20241210,100000,0.896,0.896,0.896,0.896,2,0
PPS,60,20241210,130000,0.88,0.898,0.88,0.898,3000,0
PPS,60,20241211,100000,0.88,0.898,0.88,0.88,30000,0
PPS,60,20241211,110000,0.88,0.88,0.8,0.84,25280,0
PPS,60,20241211,120000,0.85,0.86,0.85,0.86,2727,0
PPS,60,20241211,130000,0.86,0.86,0.86,0.86,2325,0
PPS,60,20241211,140000,0.852,0.852,0.85,0.85,5000,0
PPS,60,20241212,100000,0.87,0.87,0.85,0.85,643,0
PPS,60,20241212,120000,0.85,0.85,0.85,0.85,81,0
PPS,60,20241212,170000,0.87,0.87,0.87,0.87,10,0
PPS,60,20241213,160000,0.85,0.85,0.85,0.85,30,0
PPS,60,20241213,170000,0.87,0.87,0.87,0.87,13,0
PPS,60,20241216,100000,0.87,0.87,0.87,0.87,2,0
PPS,60,20241216,140000,0.87,0.87,0.87,0.87,73,0
PPS,60,20241217,100000,0.864,0.864,0.864,0.864,2,0
PPS,60,20241217,140000,0.85,0.85,0.85,0.85,1093,0
PPS,60,20241217,160000,0.852,0.852,0.85,0.85,2000,0
PPS,60,20241217,170000,0.85,0.864,0.85,0.864,1210,0
PPS,60,20241218,100000,0.85,0.85,0.85,0.85,122,0
PPS,60,20241218,110000,0.85,0.85,0.85,0.85,13,0
PPS,60,20241218,130000,0.848,0.85,0.848,0.85,6103,0
PPS,60,20241218,140000,0.84,0.84,0.84,0.84,62,0
PPS,60,20241218,150000,0.84,0.85,0.84,0.84,7950,0
PPS,60,20241218,170000,0.84,0.85,0.84,0.85,574,0
PPS,60,20241219,100000,0.87,0.87,0.87,0.87,2,0
PPS,60,20241219,120000,0.842,0.844,0.842,0.844,1150,0
PPS,60,20241219,130000,0.842,0.842,0.84,0.842,1024,0
PPS,60,20241219,150000,0.87,0.87,0.87,0.87,10,0
PPS,60,20241219,170000,0.868,0.88,0.868,0.88,10010,0
PPS,60,20241223,100000,0.88,0.88,0.88,0.88,4,0
PPS,60,20241223,140000,0.86,0.86,0.85,0.85,1520,0
PPS,60,20241223,150000,0.85,0.85,0.85,0.85,95,0
PPS,60,20241223,160000,0.878,0.88,0.878,0.88,30,0
PPS,60,20241227,100000,0.85,0.85,0.85,0.85,1235,0
PPS,60,20241227,150000,0.858,0.858,0.858,0.858,100,0
PPS,60,20241227,160000,0.846,0.846,0.846,0.846,12,0
PPS,60,20241227,170000,0.84,0.84,0.84,0.84,1023,0
PPS,60,20241230,100000,0.86,0.86,0.86,0.86,2,0
PPS,60,20241230,110000,0.86,0.86,0.86,0.86,848,0
PPS,60,20241230,120000,0.892,0.892,0.892,0.892,164,0
PPS,60,20241230,130000,0.89,0.89,0.89,0.89,33,0
PPS,60,20241230,170000,0.87,0.87,0.87,0.87,1150,0
PPS,60,20250102,100000,0.9,0.9,0.85,0.85,2423,0
PPS,60,20250102,120000,0.888,0.892,0.888,0.892,3000,0
PPS,60,20250102,160000,0.854,0.854,0.854,0.854,150,0
PPS,60,20250103,100000,0.9,0.9,0.9,0.9,2,0
PPS,60,20250107,110000,0.868,0.868,0.868,0.868,400,0
PPS,60,20250107,150000,0.874,0.874,0.874,0.874,6000,0
PPS,60,20250107,170000,0.874,0.874,0.874,0.874,1000,0
PPS,60,20250108,100000,0.874,0.874,0.874,0.874,362,0
PPS,60,20250108,110000,0.874,0.874,0.874,0.874,1638,0
PPS,60,20250108,120000,0.874,0.874,0.874,0.874,12,0
PPS,60,20250109,100000,0.874,0.874,0.87,0.874,3405,0
PPS,60,20250109,110000,0.87,0.87,0.87,0.87,3000,0
PPS,60,20250109,140000,0.874,0.874,0.874,0.874,20,0
PPS,60,20250109,160000,0.862,0.88,0.86,0.88,6928,0
PPS,60,20250110,100000,0.88,0.88,0.88,0.88,10,0
PPS,60,20250110,120000,0.874,0.874,0.874,0.874,12,0
PPS,60,20250110,140000,0.874,0.874,0.874,0.874,140,0
PPS,60,20250113,100000,0.874,0.874,0.874,0.874,200,0
PPS,60,20250113,110000,0.874,0.874,0.874,0.874,550,0
PPS,60,20250113,120000,0.86,0.86,0.86,0.86,15,0
PPS,60,20250113,130000,0.86,0.86,0.86,0.86,2100,0
PPS,60,20250113,170000,0.86,0.86,0.86,0.86,885,0
PPS,60,20250114,100000,0.86,0.86,0.86,0.86,2,0
PPS,60,20250114,110000,0.86,0.86,0.858,0.858,1522,0
PPS,60,20250114,120000,0.86,0.86,0.86,0.86,1000,0
PPS,60,20250114,140000,0.86,0.86,0.86,0.86,150,0
PPS,60,20250114,150000,0.86,0.86,0.86,0.86,83,0
PPS,60,20250115,100000,0.86,0.86,0.86,0.86,1602,0
PPS,60,20250115,150000,0.858,0.858,0.85,0.85,5800,0
PPS,60,20250115,170000,0.86,0.86,0.86,0.86,10,0
PPS,60,20250116,100000,0.86,0.86,0.86,0.86,4120,0
PPS,60,20250116,120000,0.86,0.86,0.86,0.86,1500,0
PPS,60,20250116,140000,0.852,0.852,0.852,0.852,600,0
PPS,60,20250116,150000,0.852,0.852,0.852,0.852,1426,0
PPS,60,20250116,160000,0.86,0.86,0.86,0.86,114,0
PPS,60,20250120,100000,0.858,0.858,0.85,0.85,2399,0
PPS,60,20250120,110000,0.852,0.852,0.85,0.85,5871,0
PPS,60,20250120,130000,0.858,0.858,0.858,0.858,108,0
PPS,60,20250120,150000,0.852,0.852,0.852,0.852,20,0
PPS,60,20250120,160000,0.858,0.858,0.858,0.858,400,0
PPS,60,20250120,170000,0.858,0.858,0.858,0.858,1436,0
PPS,60,20250121,100000,0.858,0.858,0.858,0.858,2,0
PPS,60,20250121,140000,0.852,0.852,0.852,0.852,105,0
PPS,60,20250121,160000,0.858,0.86,0.84,0.84,9081,0
PPS,60,20250121,170000,0.874,0.874,0.874,0.874,10,0
PPS,60,20250122,100000,0.87,0.87,0.87,0.87,2,0
PPS,60,20250122,110000,0.87,0.87,0.87,0.87,4998,0
PPS,60,20250122,120000,0.874,0.874,0.874,0.874,210,0
PPS,60,20250122,130000,0.874,0.876,0.874,0.876,1455,0
PPS,60,20250122,150000,0.876,0.876,0.876,0.876,545,0
PPS,60,20250123,100000,0.87,0.87,0.87,0.87,2,0
PPS,60,20250123,160000,0.87,0.87,0.87,0.87,170,0
PPS,60,20250124,100000,0.876,0.876,0.876,0.876,2,0
PPS,60,20250124,140000,0.844,0.844,0.844,0.844,30,0
PPS,60,20250124,170000,0.876,0.876,0.876,0.876,100,0
PPS,60,20250128,100000,0.874,0.874,0.874,0.874,2,0
PPS,60,20250128,120000,0.85,0.85,0.84,0.84,6862,0
PPS,60,20250128,170000,0.858,0.858,0.858,0.858,30,0
PPS,60,20250129,100000,0.85,0.852,0.85,0.852,2000,0
PPS,60,20250129,170000,0.86,0.86,0.86,0.86,100,0
PPS,60,20250203,100000,0.86,0.86,0.852,0.852,6,0
PPS,60,20250203,110000,0.846,0.846,0.844,0.844,800,0
PPS,60,20250203,120000,0.844,0.844,0.84,0.84,2000,0
PPS,60,20250203,130000,0.848,0.848,0.848,0.848,12,0
PPS,60,20250204,100000,0.842,0.842,0.842,0.842,200,0
PPS,60,20250204,150000,0.848,0.85,0.848,0.85,200,0
PPS,60,20250204,160000,0.85,0.85,0.85,0.85,100,0
PPS,60,20250205,100000,0.85,0.85,0.85,0.85,2,0
PPS,60,20250205,110000,0.85,0.85,0.85,0.85,65,0
PPS,60,20250206,100000,0.85,0.85,0.85,0.85,1000,0
PPS,60,20250206,110000,0.85,0.85,0.85,0.85,275,0
PPS,60,20250206,130000,0.85,0.85,0.85,0.85,586,0
PPS,60,20250207,100000,0.85,0.85,0.85,0.85,2,0
PPS,60,20250207,110000,0.85,0.85,0.85,0.85,23,0
PPS,60,20250207,140000,0.85,0.85,0.85,0.85,19,0
PPS,60,20250207,160000,0.85,0.85,0.842,0.842,2100,0
PPS,60,20250207,170000,0.85,0.85,0.85,0.85,10,0
PPS,60,20250210,100000,0.85,0.85,0.842,0.85,3393,0
PPS,60,20250210,110000,0.84,0.84,0.84,0.84,19736,0
PPS,60,20250210,160000,0.848,0.85,0.848,0.85,103,0
PPS,60,20250210,170000,0.85,0.85,0.85,0.85,2879,0
PPS,60,20250211,100000,0.85,0.852,0.85,0.852,1038,0
PPS,60,20250211,110000,0.852,0.852,0.842,0.842,2128,0
PPS,60,20250211,160000,0.844,0.844,0.84,0.84,11708,0
PPS,60,20250211,170000,0.85,0.854,0.85,0.854,1669,0
PPS,60,20250212,100000,0.856,0.856,0.856,0.856,952,0
PPS,60,20250212,160000,0.844,0.844,0.844,0.844,548,0
PPS,60,20250214,100000,0.848,0.848,0.848,0.848,289,0
PPS,60,20250214,110000,0.85,0.85,0.85,0.85,24,0
PPS,60,20250214,120000,0.85,0.85,0.848,0.848,1547,0
PPS,60,20250214,130000,0.85,0.85,0.848,0.848,5376,0
PPS,60,20250214,140000,0.85,0.85,0.848,0.85,3115,0
PPS,60,20250214,150000,0.85,0.85,0.85,0.85,233,0
PPS,60,20250214,160000,0.85,0.85,0.85,0.85,156,0
PPS,60,20250214,170000,0.87,0.876,0.87,0.872,3670,0
PPS,60,20250217,100000,0.87,0.88,0.87,0.88,21002,0
PPS,60,20250217,110000,0.86,0.86,0.86,0.86,233,0
PPS,60,20250217,130000,0.852,0.852,0.85,0.85,546,0
PPS,60,20250217,140000,0.868,0.868,0.868,0.868,200,0
PPS,60,20250217,150000,0.86,0.86,0.86,0.86,1200,0
PPS,60,20250218,100000,0.87,0.87,0.852,0.852,1417,0
PPS,60,20250218,130000,0.852,0.852,0.852,0.852,124,0
PPS,60,20250218,160000,0.856,0.856,0.856,0.856,5000,0
PPS,60,20250218,170000,0.868,0.868,0.868,0.868,300,0
PPS,60,20250219,100000,0.85,0.85,0.85,0.85,11000,0
PPS,60,20250219,110000,0.868,0.868,0.868,0.868,200,0
PPS,60,20250219,130000,0.866,0.866,0.866,0.866,12,0
PPS,60,20250219,140000,0.868,0.868,0.868,0.868,50,0
PPS,60,20250219,150000,0.856,0.856,0.854,0.854,92,0
PPS,60,20250219,160000,0.854,0.854,0.854,0.854,12,0
PPS,60,20250219,170000,0.868,0.868,0.868,0.868,10,0
PPS,60,20250220,100000,0.868,0.868,0.868,0.868,10,0
PPS,60,20250220,120000,0.868,0.87,0.868,0.87,164,0
PPS,60,20250221,100000,0.868,0.868,0.856,0.856,182,0
PPS,60,20250221,170000,0.868,0.868,0.868,0.868,10,0
PPS,60,20250224,100000,0.868,0.868,0.868,0.868,390,0
PPS,60,20250224,120000,0.868,0.868,0.868,0.868,240,0
PPS,60,20250224,130000,0.86,0.86,0.86,0.86,60,0
PPS,60,20250225,100000,0.866,0.866,0.866,0.866,2,0
PPS,60,20250225,110000,0.866,0.868,0.866,0.868,200,0
PPS,60,20250225,120000,0.862,0.862,0.862,0.862,30,0
PPS,60,20250225,130000,0.86,0.86,0.86,0.86,1120,0
PPS,60,20250226,100000,0.868,0.868,0.868,0.868,2,0
PPS,60,20250226,130000,0.868,0.868,0.862,0.862,45,0
PPS,60,20250226,150000,0.86,0.862,0.854,0.854,7105,0
PPS,60,20250226,170000,0.854,0.854,0.854,0.854,2895,0
PPS,60,20250227,100000,0.854,0.854,0.852,0.852,30,0
PPS,60,20250227,130000,0.866,0.866,0.866,0.866,24,0
PPS,60,20250227,140000,0.86,0.866,0.86,0.86,74,0
PPS,60,20250303,100000,0.86,0.86,0.86,0.86,12,0
PPS,60,20250303,140000,0.864,0.864,0.864,0.864,60,0
PPS,60,20250303,170000,0.864,0.864,0.858,0.858,330,0
PPS,60,20250304,100000,0.864,0.864,0.864,0.864,10,0
PPS,60,20250304,110000,0.858,0.858,0.858,0.858,697,0
PPS,60,20250304,120000,0.858,0.858,0.858,0.858,12,0
PPS,60,20250304,130000,0.856,0.856,0.856,0.856,3244,0
PPS,60,20250304,140000,0.856,0.856,0.856,0.856,16,0
PPS,60,20250306,100000,0.856,0.86,0.856,0.858,7492,0
PPS,60,20250306,120000,0.858,0.858,0.858,0.858,12,0
PPS,60,20250306,130000,0.858,0.858,0.858,0.858,12,0
PPS,60,20250306,150000,0.858,0.858,0.858,0.858,770,0
PPS,60,20250306,160000,0.86,0.86,0.86,0.86,1500,0
PPS,60,20250306,170000,0.858,0.858,0.858,0.858,1730,0
PPS,60,20250307,100000,0.858,0.86,0.858,0.86,60,0
PPS,60,20250307,120000,0.86,0.862,0.86,0.862,3125,0
PPS,60,20250307,160000,0.854,0.854,0.854,0.854,50,0
PPS,60,20250307,170000,0.854,0.854,0.854,0.854,30,0
PPS,60,20250311,100000,0.864,0.864,0.86,0.86,104,0
PPS,60,20250311,140000,0.86,0.86,0.86,0.86,88,0
PPS,60,20250311,170000,0.86,0.86,0.86,0.86,20,0
PPS,60,20250312,100000,0.86,0.86,0.86,0.86,2,0
PPS,60,20250312,140000,0.854,0.854,0.854,0.854,1500,0
PPS,60,20250312,160000,0.858,0.86,0.858,0.86,80,0
PPS,60,20250314,100000,0.858,0.858,0.854,0.854,54,0
PPS,60,20250314,160000,0.854,0.854,0.854,0.854,4774,0
PPS,60,20250314,170000,0.858,0.858,0.858,0.858,10,0
PPS,60,20250317,100000,0.858,0.858,0.858,0.858,2,0
PPS,60,20250317,150000,0.852,0.852,0.852,0.852,20,0
PPS,60,20250317,170000,0.858,0.858,0.858,0.858,50,0
PPS,60,20250318,100000,0.858,0.858,0.858,0.858,2,0
PPS,60,20250318,120000,0.858,0.86,0.858,0.86,1530,0
PPS,60,20250318,140000,0.852,0.852,0.852,0.852,88,0
PPS,60,20250319,100000,0.858,0.858,0.858,0.858,2,0
PPS,60,20250319,110000,0.852,0.852,0.85,0.85,450,0
PPS,60,20250319,130000,0.85,0.85,0.85,0.85,100,0
PPS,60,20250320,100000,0.858,0.858,0.858,0.858,10,0
PPS,60,20250320,140000,0.858,0.86,0.858,0.86,2415,0
PPS,60,20250320,170000,0.862,0.864,0.862,0.864,1200,0
PPS,60,20250324,100000,0.86,0.86,0.854,0.856,988,0
PPS,60,20250324,120000,0.856,0.856,0.856,0.856,240,0
PPS,60,20250324,170000,0.856,0.856,0.856,0.856,738,0
PPS,60,20250325,100000,0.858,0.858,0.858,0.858,2,0
PPS,60,20250325,110000,0.858,0.86,0.858,0.86,1022,0
PPS,60,20250325,150000,0.86,0.86,0.86,0.86,1378,0
PPS,60,20250326,100000,0.86,0.86,0.86,0.86,7000,0
PPS,60,20250326,130000,0.86,0.86,0.86,0.86,154,0
PPS,60,20250326,170000,0.852,0.852,0.85,0.85,2440,0
PPS,60,20250328,100000,0.858,0.858,0.856,0.856,1510,0
PPS,60,20250328,130000,0.856,0.856,0.856,0.856,455,0
PPS,60,20250328,140000,0.856,0.86,0.856,0.86,4470,0
PPS,60,20250331,100000,0.86,0.86,0.86,0.86,1950,0
PPS,60,20250331,110000,0.86,0.86,0.86,0.86,543,0
PPS,60,20250331,170000,0.856,0.856,0.856,0.856,1949,0
PPS,60,20250401,100000,0.93,0.93,0.855,0.855,1500,0
PPS,60,20250401,110000,0.86,0.86,0.86,0.86,1200,0
PPS,60,20250401,140000,0.86,0.86,0.86,0.86,727,0
PPS,60,20250401,150000,0.86,0.86,0.86,0.86,2000,0
PPS,60,20250402,100000,0.86,0.86,0.86,0.86,1934,0
PPS,60,20250402,150000,0.855,0.855,0.855,0.855,2000,0
PPS,60,20250403,100000,0.86,0.86,0.86,0.86,873,0
PPS,60,20250403,160000,0.85,0.85,0.85,0.85,11,0
PPS,60,20250404,100000,0.85,0.85,0.85,0.85,989,0
PPS,60,20250404,110000,0.86,0.86,0.86,0.86,9465,0
PPS,60,20250407,100000,0.86,0.86,0.84,0.84,4002,0
PPS,60,20250407,110000,0.83,0.83,0.82,0.82,6990,0
PPS,60,20250407,120000,0.81,0.81,0.81,0.81,2000,0
PPS,60,20250407,140000,0.85,0.85,0.85,0.85,240,0
PPS,60,20250407,170000,0.85,0.85,0.85,0.85,35,0
PPS,60,20250411,100000,0.85,0.855,0.85,0.855,1194,0
PPS,60,20250411,110000,0.81,0.81,0.81,0.81,4304,0
PPS,60,20250411,130000,0.855,0.855,0.855,0.855,8762,0
PPS,60,20250411,160000,0.835,0.835,0.825,0.825,2311,0
PPS,60,20250414,100000,0.86,0.86,0.86,0.86,10,0
PPS,60,20250414,110000,0.86,0.86,0.825,0.825,24,0
PPS,60,20250414,120000,0.825,0.825,0.82,0.82,200,0
PPS,60,20250414,170000,0.845,0.845,0.845,0.845,100,0
PPS,60,20250415,100000,0.845,0.845,0.82,0.82,702,0
PPS,60,20250415,120000,0.825,0.825,0.825,0.825,13,0
PPS,60,20250415,150000,0.845,0.845,0.845,0.845,13,0
PPS,60,20250415,160000,0.845,0.845,0.845,0.845,27,0
PPS,60,20250416,100000,0.85,0.85,0.85,0.85,10,0
PPS,60,20250416,110000,0.85,0.86,0.85,0.86,5000,0
PPS,60,20250416,140000,0.86,0.86,0.86,0.86,5346,0
PPS,60,20250417,100000,0.865,0.865,0.865,0.865,10,0
PPS,60,20250417,140000,0.85,0.85,0.825,0.825,1497,0
PPS,60,20250417,170000,0.86,0.86,0.86,0.86,13,0
PPS,60,20250422,100000,0.86,0.86,0.86,0.86,50,0
PPS,60,20250422,120000,0.86,0.86,0.86,0.86,1008,0
PPS,60,20250423,100000,0.86,0.86,0.86,0.86,2,0
PPS,60,20250423,120000,0.86,0.86,0.86,0.86,580,0
PPS,60,20250423,130000,0.86,0.86,0.86,0.86,20,0
PPS,60,20250423,170000,0.86,0.86,0.86,0.86,5000,0
PPS,60,20250424,100000,0.84,0.84,0.835,0.835,1606,0
PPS,60,20250424,110000,0.86,0.86,0.86,0.86,1737,0
PPS,60,20250425,100000,0.855,0.855,0.855,0.855,2,0
PPS,60,20250425,120000,0.845,0.845,0.84,0.84,7513,0
PPS,60,20250425,130000,0.835,0.835,0.835,0.835,1375,0
PPS,60,20250425,150000,0.85,0.85,0.85,0.85,1875,0
PPS,60,20250428,110000,0.84,0.84,0.84,0.84,50,0
PPS,60,20250429,100000,0.845,0.845,0.845,0.845,2,0
PPS,60,20250429,110000,0.84,0.84,0.84,0.84,569,0
PPS,60,20250429,120000,0.84,0.84,0.84,0.84,1215,0
PPS,60,20250429,130000,0.835,0.835,0.835,0.835,26,0
PPS,60,20250429,140000,0.835,0.835,0.835,0.835,1170,0
PPS,60,20250429,150000,0.835,0.835,0.82,0.82,7400,0
PPS,60,20250429,160000,0.82,0.82,0.82,0.82,600,0
PPS,60,20250430,100000,0.84,0.84,0.84,0.84,1000,0
PPS,60,20250430,110000,0.84,0.84,0.84,0.84,3673,0
PPS,60,20250430,120000,0.84,0.84,0.835,0.835,1948,0
PPS,60,20250430,140000,0.835,0.84,0.835,0.84,20,0
PPS,60,20250430,160000,0.825,0.825,0.82,0.82,1645,0
PPS,60,20250430,170000,0.82,0.82,0.815,0.815,27,0
PPS,60,20250502,100000,0.84,0.84,0.82,0.82,15,0
PPS,60,20250502,110000,0.82,0.82,0.82,0.82,1823,0
PPS,60,20250502,130000,0.84,0.84,0.84,0.84,24,0
PPS,60,20250505,100000,0.845,0.85,0.845,0.85,102,0
PPS,60,20250505,110000,0.85,0.85,0.85,0.85,1000,0
PPS,60,20250505,150000,0.84,0.84,0.84,0.84,200,0
PPS,60,20250506,100000,0.84,0.84,0.83,0.83,86,0
PPS,60,20250506,160000,0.83,0.83,0.83,0.83,1586,0
