<TICKER>,<PER>,<DATE>,<TIME>,<OPEN>,<HIGH>,<LOW>,<CLOSE>,<VOL>,<OPENINT>
PWX,60,20240411,100000,1.845,1.845,1.845,1.845,10,0
PWX,60,20240411,120000,1.845,1.845,1.845,1.845,50,0
PWX,60,20240411,140000,1.845,1.855,1.845,1.855,1004,0
PWX,60,20240411,160000,1.84,1.855,1.84,1.855,1153,0
PWX,60,20240412,100000,1.855,1.855,1.805,1.84,4702,0
PWX,60,20240412,120000,1.815,1.815,1.815,1.815,5,0
PWX,60,20240412,140000,1.84,1.84,1.84,1.84,99,0
PWX,60,20240415,100000,1.84,1.84,1.81,1.81,997,0
PWX,60,20240415,110000,1.81,1.81,1.795,1.795,550,0
PWX,60,20240415,130000,1.835,1.84,1.835,1.84,400,0
PWX,60,20240416,100000,1.84,1.84,1.815,1.815,1005,0
PWX,60,20240416,140000,1.815,1.815,1.8,1.8,3447,0
PWX,60,20240416,150000,1.81,1.81,1.8,1.81,1507,0
PWX,60,20240416,160000,1.8,1.8,1.8,1.8,1000,0
PWX,60,20240417,100000,1.815,1.815,1.81,1.81,3250,0
PWX,60,20240417,110000,1.815,1.815,1.815,1.815,6,0
PWX,60,20240417,130000,1.815,1.815,1.81,1.81,1500,0
PWX,60,20240417,150000,1.805,1.805,1.8,1.8,1000,0
PWX,60,20240417,170000,1.81,1.81,1.81,1.81,100,0
PWX,60,20240418,100000,1.815,1.815,1.81,1.81,2506,0
PWX,60,20240418,110000,1.81,1.81,1.81,1.81,200,0
PWX,60,20240418,120000,1.81,1.81,1.81,1.81,1008,0
PWX,60,20240418,140000,1.81,1.81,1.81,1.81,1500,0
PWX,60,20240418,170000,1.805,1.805,1.805,1.805,500,0
PWX,60,20240419,100000,1.83,1.83,1.83,1.83,6,0
PWX,60,20240419,130000,1.81,1.81,1.81,1.81,1500,0
PWX,60,20240419,170000,1.805,1.805,1.805,1.805,259,0
PWX,60,20240422,100000,1.805,1.805,1.805,1.805,553,0
PWX,60,20240422,130000,1.805,1.805,1.8,1.8,1856,0
PWX,60,20240422,140000,1.8,1.8,1.8,1.8,644,0
PWX,60,20240423,100000,1.8,1.8,1.8,1.8,356,0
PWX,60,20240423,110000,1.8,1.8,1.8,1.8,1300,0
PWX,60,20240423,140000,1.8,1.8,1.8,1.8,100,0
PWX,60,20240423,150000,1.8,1.8,1.8,1.8,2000,0
PWX,60,20240423,160000,1.805,1.805,1.8,1.8,1590,0
PWX,60,20240424,100000,1.8,1.8,1.8,1.8,50,0
PWX,60,20240424,140000,1.8,1.8,1.8,1.8,20,0
PWX,60,20240424,160000,1.8,1.8,1.8,1.8,50,0
PWX,60,20240424,170000,1.8,1.8,1.8,1.8,1919,0
PWX,60,20240425,100000,1.8,1.8,1.795,1.8,1632,0
PWX,60,20240425,120000,1.795,1.795,1.795,1.795,250,0
PWX,60,20240425,140000,1.795,1.795,1.785,1.785,15000,0
PWX,60,20240425,150000,1.8,1.8,1.8,1.8,50,0
PWX,60,20240425,170000,1.785,1.785,1.785,1.785,271,0
PWX,60,20240426,100000,1.81,1.81,1.8,1.8,606,0
PWX,60,20240426,150000,1.8,1.8,1.8,1.8,400,0
PWX,60,20240426,160000,1.79,1.79,1.79,1.79,10,0
PWX,60,20240426,170000,1.785,1.81,1.77,1.81,2975,0
PWX,60,20240429,100000,1.8,1.8,1.79,1.8,4200,0
PWX,60,20240429,110000,1.8,1.8,1.8,1.8,3000,0
PWX,60,20240429,120000,1.8,1.805,1.8,1.805,2555,0
PWX,60,20240429,130000,1.805,1.805,1.805,1.805,1000,0
PWX,60,20240429,140000,1.8,1.8,1.8,1.8,1000,0
PWX,60,20240429,170000,1.805,1.805,1.8,1.8,690,0
PWX,60,20240430,100000,1.79,1.8,1.78,1.8,4428,0
PWX,60,20240430,110000,1.8,1.8,1.795,1.795,2626,0
PWX,60,20240430,130000,1.79,1.795,1.79,1.795,1000,0
PWX,60,20240430,140000,1.79,1.79,1.79,1.79,1000,0
PWX,60,20240430,160000,1.79,1.79,1.79,1.79,700,0
PWX,60,20240430,170000,1.79,1.79,1.77,1.77,13662,0
PWX,60,20240502,100000,1.775,1.775,1.775,1.775,5,0
PWX,60,20240502,110000,1.775,1.775,1.77,1.77,8667,0
PWX,60,20240502,120000,1.765,1.765,1.75,1.755,4019,0
PWX,60,20240502,130000,1.755,1.755,1.755,1.755,1000,0
PWX,60,20240502,150000,1.755,1.755,1.755,1.755,4900,0
PWX,60,20240502,160000,1.775,1.775,1.775,1.775,1500,0
PWX,60,20240506,100000,1.775,1.775,1.775,1.775,737,0
PWX,60,20240506,170000,1.78,1.78,1.78,1.78,1500,0
PWX,60,20240507,100000,1.785,1.785,1.77,1.77,2329,0
PWX,60,20240507,130000,1.76,1.76,1.75,1.75,6507,0
PWX,60,20240507,140000,1.75,1.75,1.75,1.75,2000,0
PWX,60,20240507,150000,1.76,1.76,1.74,1.74,2043,0
PWX,60,20240507,160000,1.75,1.765,1.75,1.765,2903,0
PWX,60,20240507,170000,1.75,1.75,1.75,1.75,70,0
PWX,60,20240508,100000,1.75,1.77,1.74,1.75,2442,0
PWX,60,20240508,170000,1.765,1.765,1.765,1.765,500,0
PWX,60,20240509,100000,1.77,1.77,1.745,1.75,3321,0
PWX,60,20240509,110000,1.74,1.74,1.65,1.665,32482,0
PWX,60,20240509,120000,1.675,1.675,1.65,1.66,15338,0
PWX,60,20240509,130000,1.66,1.67,1.66,1.67,174,0
PWX,60,20240509,140000,1.665,1.665,1.665,1.665,506,0
PWX,60,20240509,150000,1.665,1.67,1.665,1.67,3224,0
PWX,60,20240509,160000,1.66,1.67,1.63,1.67,9338,0
PWX,60,20240509,170000,1.665,1.665,1.665,1.665,500,0
PWX,60,20240510,100000,1.6,1.6,1.45,1.45,53961,0
PWX,60,20240510,110000,1.495,1.52,1.455,1.46,53533,0
PWX,60,20240510,120000,1.49,1.495,1.44,1.45,30208,0
PWX,60,20240510,130000,1.46,1.46,1.44,1.46,9131,0
PWX,60,20240510,140000,1.45,1.53,1.45,1.5,37112,0
PWX,60,20240510,150000,1.5,1.52,1.48,1.52,8050,0
PWX,60,20240510,160000,1.51,1.525,1.5,1.5,10236,0
PWX,60,20240510,170000,1.5,1.5,1.49,1.5,5837,0
PWX,60,20240513,100000,1.5,1.54,1.5,1.51,18375,0
PWX,60,20240513,110000,1.51,1.51,1.505,1.51,3360,0
PWX,60,20240513,120000,1.51,1.51,1.51,1.51,2000,0
PWX,60,20240513,140000,1.51,1.51,1.5,1.505,3491,0
PWX,60,20240513,150000,1.515,1.515,1.5,1.5,5230,0
PWX,60,20240513,160000,1.505,1.505,1.505,1.505,400,0
PWX,60,20240513,170000,1.505,1.505,1.5,1.505,17001,0
PWX,60,20240514,100000,1.595,1.595,1.52,1.52,19200,0
PWX,60,20240514,110000,1.52,1.52,1.505,1.52,317,0
PWX,60,20240514,120000,1.505,1.505,1.505,1.505,226,0
PWX,60,20240514,140000,1.51,1.51,1.51,1.51,1000,0
PWX,60,20240514,150000,1.51,1.51,1.51,1.51,7,0
PWX,60,20240514,160000,1.52,1.52,1.51,1.51,1712,0
PWX,60,20240514,170000,1.51,1.52,1.5,1.52,14513,0
PWX,60,20240515,100000,1.54,1.54,1.5,1.5,4512,0
PWX,60,20240515,110000,1.51,1.51,1.51,1.51,1580,0
PWX,60,20240515,120000,1.52,1.52,1.51,1.51,490,0
PWX,60,20240515,140000,1.51,1.51,1.51,1.51,448,0
PWX,60,20240515,150000,1.51,1.51,1.51,1.51,1260,0
PWX,60,20240515,160000,1.51,1.52,1.51,1.52,870,0
PWX,60,20240516,100000,1.53,1.53,1.5,1.5,5595,0
PWX,60,20240516,110000,1.49,1.49,1.49,1.49,3000,0
PWX,60,20240516,120000,1.49,1.5,1.49,1.5,10467,0
PWX,60,20240516,130000,1.505,1.505,1.505,1.505,900,0
PWX,60,20240516,160000,1.505,1.505,1.505,1.505,673,0
PWX,60,20240516,170000,1.505,1.52,1.505,1.52,3000,0
PWX,60,20240517,100000,1.52,1.53,1.51,1.53,4197,0
PWX,60,20240517,110000,1.53,1.54,1.53,1.53,7418,0
PWX,60,20240517,140000,1.52,1.53,1.51,1.53,560,0
PWX,60,20240517,150000,1.53,1.53,1.53,1.53,338,0
PWX,60,20240517,160000,1.53,1.53,1.515,1.515,3262,0
PWX,60,20240520,100000,1.51,1.51,1.5,1.5,7052,0
PWX,60,20240520,110000,1.495,1.495,1.495,1.495,1100,0
PWX,60,20240520,120000,1.5,1.5,1.5,1.5,1000,0
PWX,60,20240520,140000,1.53,1.53,1.53,1.53,1000,0
PWX,60,20240520,150000,1.5,1.515,1.5,1.515,1120,0
PWX,60,20240520,160000,1.515,1.515,1.515,1.515,1190,0
PWX,60,20240520,170000,1.515,1.53,1.51,1.51,3189,0
PWX,60,20240521,100000,1.515,1.525,1.515,1.515,5517,0
PWX,60,20240521,110000,1.525,1.525,1.525,1.525,389,0
PWX,60,20240521,140000,1.525,1.525,1.525,1.525,718,0
PWX,60,20240521,150000,1.52,1.52,1.5,1.5,4000,0
PWX,60,20240521,170000,1.505,1.505,1.505,1.505,1000,0
PWX,60,20240522,100000,1.52,1.52,1.505,1.505,1957,0
PWX,60,20240522,110000,1.51,1.52,1.51,1.52,4260,0
PWX,60,20240522,120000,1.52,1.535,1.51,1.535,3998,0
PWX,60,20240522,130000,1.535,1.535,1.535,1.535,616,0
PWX,60,20240522,140000,1.52,1.52,1.52,1.52,1940,0
PWX,60,20240522,160000,1.515,1.535,1.515,1.535,1361,0
PWX,60,20240522,170000,1.535,1.55,1.535,1.55,2371,0
PWX,60,20240523,100000,1.55,1.56,1.54,1.56,15976,0
PWX,60,20240523,110000,1.56,1.58,1.56,1.58,14382,0
PWX,60,20240523,120000,1.58,1.58,1.565,1.565,3211,0
PWX,60,20240523,130000,1.56,1.56,1.56,1.56,65,0
PWX,60,20240523,140000,1.56,1.56,1.56,1.56,200,0
PWX,60,20240523,150000,1.58,1.59,1.58,1.58,12900,0
PWX,60,20240523,170000,1.57,1.57,1.56,1.56,1750,0
PWX,60,20240524,100000,1.58,1.61,1.55,1.6,7520,0
PWX,60,20240524,110000,1.55,1.56,1.55,1.56,3869,0
PWX,60,20240524,120000,1.56,1.56,1.56,1.56,700,0
PWX,60,20240524,130000,1.555,1.555,1.55,1.55,600,0
PWX,60,20240524,140000,1.555,1.555,1.55,1.55,1600,0
PWX,60,20240524,150000,1.55,1.59,1.55,1.585,2141,0
PWX,60,20240524,160000,1.585,1.6,1.58,1.6,3262,0
PWX,60,20240524,170000,1.59,1.6,1.58,1.58,4240,0
PWX,60,20240527,100000,1.655,1.96,1.655,1.895,87732,0
PWX,60,20240527,110000,1.9,1.94,1.815,1.85,21434,0
PWX,60,20240527,120000,1.85,1.89,1.84,1.86,17321,0
PWX,60,20240527,130000,1.84,1.86,1.815,1.815,7220,0
PWX,60,20240527,140000,1.83,1.83,1.8,1.8,6992,0
PWX,60,20240527,150000,1.8,1.82,1.8,1.81,4511,0
PWX,60,20240527,160000,1.805,1.805,1.78,1.78,4392,0
PWX,60,20240527,170000,1.78,1.805,1.77,1.805,8467,0
PWX,60,20240528,100000,1.805,1.805,1.74,1.8,4949,0
PWX,60,20240528,110000,1.76,1.87,1.75,1.755,20624,0
PWX,60,20240528,120000,1.75,1.765,1.75,1.765,282,0
PWX,60,20240528,130000,1.745,1.765,1.745,1.765,1310,0
PWX,60,20240528,140000,1.765,1.765,1.7,1.7,1974,0
PWX,60,20240528,150000,1.675,1.72,1.64,1.7,3010,0
PWX,60,20240528,160000,1.695,1.7,1.69,1.695,9431,0
PWX,60,20240528,170000,1.7,1.7,1.7,1.7,1203,0
PWX,60,20240529,100000,1.72,1.72,1.69,1.69,6371,0
PWX,60,20240529,110000,1.69,1.69,1.6,1.6,12000,0
PWX,60,20240529,130000,1.665,1.69,1.665,1.69,736,0
PWX,60,20240529,150000,1.69,1.69,1.69,1.69,15,0
PWX,60,20240529,160000,1.69,1.69,1.64,1.64,226,0
PWX,60,20240531,100000,1.64,1.735,1.64,1.735,5168,0
PWX,60,20240531,110000,1.705,1.8,1.7,1.8,25295,0
PWX,60,20240531,120000,1.8,1.8,1.73,1.74,30734,0
PWX,60,20240531,130000,1.78,1.785,1.75,1.785,8702,0
PWX,60,20240531,140000,1.76,1.76,1.76,1.76,106,0
PWX,60,20240531,150000,1.76,1.76,1.755,1.76,461,0
PWX,60,20240531,160000,1.755,1.755,1.75,1.75,2252,0
PWX,60,20240603,100000,1.785,1.785,1.68,1.68,7734,0
PWX,60,20240603,120000,1.695,1.695,1.695,1.695,5,0
PWX,60,20240603,130000,1.695,1.695,1.69,1.695,3000,0
PWX,60,20240603,140000,1.7,1.7,1.7,1.7,1000,0
PWX,60,20240603,150000,1.69,1.7,1.69,1.7,318,0
PWX,60,20240603,170000,1.69,1.71,1.69,1.71,693,0
PWX,60,20240604,100000,1.73,1.73,1.7,1.7,1987,0
PWX,60,20240604,110000,1.7,1.7,1.685,1.685,1939,0
PWX,60,20240604,120000,1.685,1.685,1.685,1.685,1792,0
PWX,60,20240604,140000,1.68,1.68,1.68,1.68,1000,0
PWX,60,20240604,150000,1.68,1.68,1.68,1.68,999,0
PWX,60,20240604,160000,1.68,1.68,1.67,1.68,1167,0
PWX,60,20240604,170000,1.68,1.69,1.68,1.69,2370,0
PWX,60,20240605,100000,1.65,1.68,1.65,1.68,4525,0
PWX,60,20240605,120000,1.65,1.65,1.65,1.65,3000,0
PWX,60,20240605,140000,1.65,1.65,1.65,1.65,90,0
PWX,60,20240605,170000,1.655,1.655,1.65,1.65,2448,0
PWX,60,20240606,100000,1.685,1.78,1.685,1.77,5907,0
PWX,60,20240606,110000,1.77,1.84,1.77,1.82,21746,0
PWX,60,20240606,120000,1.82,1.82,1.8,1.82,23082,0
PWX,60,20240606,130000,1.82,1.82,1.8,1.8,252,0
PWX,60,20240606,140000,1.8,1.8,1.8,1.8,100,0
PWX,60,20240606,150000,1.805,1.81,1.805,1.81,430,0
PWX,60,20240606,160000,1.8,1.85,1.8,1.85,10835,0
PWX,60,20240606,170000,1.855,1.98,1.85,1.97,72107,0
PWX,60,20240607,100000,1.97,1.98,1.91,1.92,52263,0
PWX,60,20240607,110000,1.955,1.955,1.89,1.89,10435,0
PWX,60,20240607,120000,1.88,1.89,1.82,1.82,14258,0
PWX,60,20240607,130000,1.87,1.88,1.81,1.84,13452,0
PWX,60,20240607,140000,1.82,1.82,1.805,1.805,980,0
PWX,60,20240607,150000,1.83,1.84,1.8,1.8,4220,0
PWX,60,20240607,160000,1.795,1.795,1.785,1.785,7946,0
PWX,60,20240607,170000,1.83,1.88,1.83,1.88,5231,0
PWX,60,20240610,100000,1.88,1.88,1.785,1.8,7152,0
PWX,60,20240610,110000,1.8,1.8,1.8,1.8,65,0
PWX,60,20240610,120000,1.82,1.825,1.82,1.82,2655,0
PWX,60,20240610,130000,1.825,1.885,1.825,1.885,3738,0
PWX,60,20240610,140000,1.885,1.89,1.835,1.835,940,0
PWX,60,20240610,150000,1.85,1.88,1.82,1.88,2878,0
PWX,60,20240610,170000,1.82,1.83,1.82,1.83,6500,0
PWX,60,20240611,100000,1.84,1.885,1.84,1.885,3431,0
PWX,60,20240611,110000,1.87,1.88,1.84,1.84,1246,0
PWX,60,20240611,120000,1.84,1.89,1.82,1.82,2704,0
PWX,60,20240611,140000,1.835,1.88,1.835,1.865,8573,0
PWX,60,20240611,150000,1.845,1.845,1.845,1.845,271,0
PWX,60,20240611,160000,1.84,1.84,1.82,1.82,6873,0
PWX,60,20240612,100000,1.82,1.82,1.785,1.815,6950,0
PWX,60,20240612,120000,1.815,1.85,1.79,1.79,1900,0
PWX,60,20240612,150000,1.835,1.84,1.835,1.84,2000,0
PWX,60,20240612,170000,1.845,1.845,1.845,1.845,5890,0
PWX,60,20240613,100000,1.85,1.85,1.78,1.78,23609,0
PWX,60,20240613,110000,1.79,1.795,1.79,1.795,463,0
PWX,60,20240613,120000,1.78,1.78,1.78,1.78,25,0
PWX,60,20240613,130000,1.78,1.78,1.77,1.77,1702,0
PWX,60,20240613,140000,1.785,1.825,1.785,1.825,1668,0
PWX,60,20240613,150000,1.805,1.82,1.8,1.82,15562,0
PWX,60,20240614,100000,1.8,1.8,1.775,1.775,118,0
PWX,60,20240614,120000,1.775,1.775,1.73,1.765,8115,0
PWX,60,20240614,140000,1.765,1.765,1.765,1.765,1059,0
PWX,60,20240614,160000,1.75,1.75,1.74,1.74,1000,0
PWX,60,20240617,100000,1.74,1.74,1.73,1.74,899,0
PWX,60,20240617,170000,1.76,1.76,1.76,1.76,91,0
PWX,60,20240618,100000,1.76,1.76,1.72,1.72,3655,0
PWX,60,20240618,110000,1.75,1.75,1.75,1.75,10,0
PWX,60,20240618,120000,1.73,1.75,1.73,1.75,50,0
PWX,60,20240618,130000,1.75,1.75,1.75,1.75,1600,0
PWX,60,20240618,140000,1.75,1.75,1.7,1.705,17441,0
PWX,60,20240618,150000,1.72,1.72,1.705,1.705,3000,0
PWX,60,20240618,170000,1.72,1.72,1.72,1.72,3166,0
PWX,60,20240619,100000,1.72,1.755,1.68,1.75,5280,0
PWX,60,20240619,120000,1.695,1.695,1.695,1.695,932,0
PWX,60,20240619,130000,1.705,1.705,1.705,1.705,318,0
PWX,60,20240619,140000,1.72,1.72,1.7,1.705,2577,0
PWX,60,20240619,150000,1.705,1.735,1.705,1.735,260,0
PWX,60,20240620,100000,1.74,1.85,1.74,1.825,17991,0
PWX,60,20240620,110000,1.825,1.85,1.82,1.82,2533,0
PWX,60,20240620,120000,1.84,1.84,1.82,1.82,1904,0
PWX,60,20240620,130000,1.84,1.84,1.79,1.79,4048,0
PWX,60,20240620,140000,1.79,1.79,1.745,1.75,3167,0
PWX,60,20240620,150000,1.785,1.785,1.785,1.785,42,0
PWX,60,20240621,100000,1.785,1.785,1.785,1.785,10,0
PWX,60,20240621,110000,1.76,1.785,1.76,1.785,142,0
PWX,60,20240621,140000,1.785,1.785,1.785,1.785,800,0
PWX,60,20240621,160000,1.785,1.785,1.785,1.785,400,0
PWX,60,20240624,100000,1.78,1.78,1.76,1.76,3270,0
PWX,60,20240624,110000,1.75,1.75,1.75,1.75,6,0
PWX,60,20240624,120000,1.75,1.75,1.75,1.75,14,0
PWX,60,20240624,150000,1.75,1.75,1.75,1.75,96,0
PWX,60,20240624,160000,1.76,1.825,1.76,1.825,6133,0
PWX,60,20240624,170000,1.835,1.86,1.835,1.86,1381,0
PWX,60,20240625,100000,1.85,1.85,1.85,1.85,1005,0
PWX,60,20240625,110000,1.845,1.86,1.81,1.81,5563,0
PWX,60,20240625,140000,1.855,1.86,1.855,1.86,214,0
PWX,60,20240625,170000,1.84,1.84,1.805,1.805,2103,0
PWX,60,20240626,100000,1.805,1.85,1.805,1.85,1411,0
PWX,60,20240626,110000,1.85,1.85,1.79,1.79,7850,0
PWX,60,20240626,120000,1.8,1.815,1.79,1.79,2300,0
PWX,60,20240626,130000,1.785,1.785,1.77,1.77,1000,0
PWX,60,20240626,150000,1.775,1.8,1.775,1.8,2653,0
PWX,60,20240627,100000,1.8,1.805,1.775,1.775,2612,0
PWX,60,20240627,110000,1.77,1.775,1.77,1.775,1505,0
PWX,60,20240627,120000,1.78,1.78,1.78,1.78,405,0
PWX,60,20240627,140000,1.765,1.765,1.75,1.75,100,0
PWX,60,20240627,150000,1.755,1.78,1.755,1.78,519,0
PWX,60,20240627,170000,1.78,1.78,1.78,1.78,383,0
PWX,60,20240628,100000,1.785,1.785,1.785,1.785,5,0
PWX,60,20240628,140000,1.78,1.78,1.78,1.78,1000,0
PWX,60,20240628,160000,1.78,1.78,1.78,1.78,500,0
PWX,60,20240701,100000,1.785,1.785,1.785,1.785,5,0
PWX,60,20240701,110000,1.77,1.77,1.755,1.755,200,0
PWX,60,20240701,150000,1.76,1.76,1.76,1.76,190,0
PWX,60,20240701,160000,1.78,1.78,1.78,1.78,10,0
PWX,60,20240701,170000,1.785,1.785,1.785,1.785,800,0
PWX,60,20240702,100000,1.78,1.78,1.78,1.78,553,0
PWX,60,20240702,110000,1.78,1.78,1.78,1.78,112,0
PWX,60,20240702,120000,1.785,1.785,1.785,1.785,1711,0
PWX,60,20240702,130000,1.78,1.78,1.78,1.78,800,0
PWX,60,20240702,140000,1.785,1.785,1.78,1.78,1765,0
PWX,60,20240702,160000,1.78,1.78,1.78,1.78,935,0
PWX,60,20240702,170000,1.79,1.84,1.79,1.84,2793,0
PWX,60,20240703,100000,1.83,1.83,1.83,1.83,5,0
PWX,60,20240703,110000,1.825,1.825,1.795,1.825,223,0
PWX,60,20240703,120000,1.795,1.795,1.795,1.795,300,0
PWX,60,20240703,130000,1.795,1.795,1.76,1.76,5430,0
PWX,60,20240703,140000,1.765,1.77,1.76,1.77,1705,0
PWX,60,20240703,170000,1.79,1.795,1.77,1.77,287,0
PWX,60,20240704,100000,1.795,1.795,1.78,1.78,1364,0
PWX,60,20240704,110000,1.78,1.8,1.78,1.8,1633,0
PWX,60,20240704,120000,1.78,1.805,1.77,1.805,570,0
PWX,60,20240704,130000,1.8,1.8,1.775,1.775,212,0
PWX,60,20240704,140000,1.775,1.795,1.77,1.795,980,0
PWX,60,20240704,160000,1.795,1.8,1.75,1.795,1049,0
PWX,60,20240704,170000,1.795,1.795,1.795,1.795,1200,0
PWX,60,20240705,100000,1.795,1.795,1.795,1.795,5,0
PWX,60,20240705,150000,1.78,1.785,1.78,1.785,1110,0
PWX,60,20240705,170000,1.765,1.765,1.765,1.765,150,0
PWX,60,20240708,100000,1.78,1.78,1.76,1.76,1033,0
PWX,60,20240708,110000,1.75,1.75,1.75,1.75,1047,0
PWX,60,20240708,120000,1.75,1.75,1.75,1.75,363,0
PWX,60,20240708,130000,1.75,1.75,1.74,1.74,2231,0
PWX,60,20240709,100000,1.775,1.775,1.73,1.73,309,0
PWX,60,20240709,110000,1.74,1.74,1.74,1.74,1000,0
PWX,60,20240709,140000,1.745,1.745,1.745,1.745,87,0
PWX,60,20240709,150000,1.735,1.735,1.73,1.73,1000,0
PWX,60,20240709,170000,1.74,1.74,1.74,1.74,302,0
PWX,60,20240710,100000,1.72,1.72,1.72,1.72,107,0
PWX,60,20240710,110000,1.735,1.735,1.735,1.735,821,0
PWX,60,20240710,150000,1.73,1.73,1.73,1.73,600,0
PWX,60,20240710,160000,1.73,1.735,1.73,1.735,1900,0
PWX,60,20240711,100000,1.75,1.75,1.735,1.735,1422,0
PWX,60,20240711,110000,1.74,1.74,1.735,1.735,1474,0
PWX,60,20240711,120000,1.75,1.75,1.75,1.75,50,0
PWX,60,20240711,130000,1.74,1.74,1.74,1.74,1961,0
PWX,60,20240711,140000,1.745,1.745,1.745,1.745,1050,0
PWX,60,20240711,150000,1.74,1.74,1.74,1.74,210,0
PWX,60,20240711,170000,1.745,1.745,1.735,1.735,1000,0
PWX,60,20240712,100000,1.75,1.76,1.75,1.76,620,0
PWX,60,20240712,120000,1.745,1.745,1.735,1.735,1143,0
PWX,60,20240712,160000,1.745,1.77,1.745,1.745,2376,0
PWX,60,20240715,100000,1.78,1.78,1.78,1.78,3381,0
PWX,60,20240715,110000,1.78,1.79,1.78,1.79,461,0
PWX,60,20240715,150000,1.78,1.78,1.78,1.78,1000,0
PWX,60,20240715,170000,1.765,1.775,1.765,1.775,157,0
PWX,60,20240716,100000,1.785,1.785,1.75,1.75,2125,0
PWX,60,20240716,110000,1.75,1.77,1.75,1.77,1820,0
PWX,60,20240716,130000,1.77,1.785,1.77,1.785,45,0
PWX,60,20240716,140000,1.77,1.77,1.77,1.77,1085,0
PWX,60,20240716,170000,1.76,1.76,1.75,1.75,3341,0
PWX,60,20240717,100000,1.775,1.775,1.76,1.76,1020,0
PWX,60,20240717,110000,1.765,1.765,1.765,1.765,1000,0
PWX,60,20240717,140000,1.76,1.76,1.75,1.75,1944,0
PWX,60,20240717,170000,1.73,1.73,1.7,1.7,3090,0
PWX,60,20240718,100000,1.7,1.755,1.7,1.71,5409,0
PWX,60,20240718,110000,1.71,1.71,1.71,1.71,789,0
PWX,60,20240718,120000,1.72,1.72,1.72,1.72,488,0
PWX,60,20240718,140000,1.745,1.765,1.745,1.765,2024,0
PWX,60,20240718,170000,1.76,1.82,1.725,1.725,23350,0
PWX,60,20240719,100000,1.805,1.85,1.785,1.79,15802,0
PWX,60,20240719,110000,1.83,1.84,1.795,1.795,2901,0
PWX,60,20240719,130000,1.835,1.835,1.805,1.805,2042,0
PWX,60,20240719,140000,1.835,1.835,1.815,1.815,509,0
PWX,60,20240719,150000,1.815,1.815,1.815,1.815,3800,0
PWX,60,20240719,160000,1.805,1.805,1.805,1.805,150,0
PWX,60,20240719,170000,1.805,1.805,1.805,1.805,130,0
PWX,60,20240722,100000,1.83,1.83,1.825,1.825,1005,0
PWX,60,20240722,110000,1.82,1.82,1.82,1.82,1000,0
PWX,60,20240722,130000,1.81,1.81,1.8,1.8,2000,0
PWX,60,20240722,140000,1.795,1.795,1.79,1.79,1522,0
PWX,60,20240722,150000,1.79,1.79,1.77,1.77,6808,0
PWX,60,20240723,100000,1.78,1.785,1.78,1.785,1060,0
PWX,60,20240723,110000,1.79,1.79,1.79,1.79,704,0
PWX,60,20240723,120000,1.78,1.8,1.78,1.8,2308,0
PWX,60,20240723,130000,1.8,1.81,1.8,1.81,2630,0
PWX,60,20240723,140000,1.81,1.82,1.81,1.82,2800,0
PWX,60,20240723,150000,1.81,1.81,1.8,1.8,4208,0
PWX,60,20240723,160000,1.82,1.82,1.82,1.82,1000,0
PWX,60,20240723,170000,1.8,1.8,1.78,1.78,13302,0
PWX,60,20240724,100000,1.785,1.785,1.785,1.785,5,0
PWX,60,20240724,110000,1.805,1.805,1.805,1.805,8,0
PWX,60,20240724,160000,1.79,1.795,1.79,1.795,435,0
PWX,60,20240724,170000,1.795,1.795,1.785,1.785,1660,0
PWX,60,20240725,100000,1.805,1.805,1.78,1.78,1005,0
PWX,60,20240725,110000,1.78,1.78,1.78,1.78,800,0
PWX,60,20240725,120000,1.78,1.78,1.77,1.77,1402,0
PWX,60,20240725,130000,1.77,1.77,1.77,1.77,566,0
PWX,60,20240725,150000,1.775,1.775,1.775,1.775,1000,0
PWX,60,20240726,100000,1.775,1.775,1.775,1.775,20,0
PWX,60,20240726,120000,1.8,1.8,1.77,1.77,156,0
PWX,60,20240729,100000,1.775,1.775,1.775,1.775,997,0
PWX,60,20240729,120000,1.775,1.775,1.76,1.76,2750,0
PWX,60,20240729,130000,1.77,1.77,1.76,1.76,3133,0
PWX,60,20240729,140000,1.76,1.76,1.76,1.76,55,0
PWX,60,20240729,150000,1.79,1.795,1.79,1.795,271,0
PWX,60,20240730,100000,1.795,1.795,1.75,1.75,3774,0
PWX,60,20240730,140000,1.775,1.775,1.775,1.775,50,0
PWX,60,20240731,100000,1.775,1.775,1.775,1.775,1682,0
PWX,60,20240731,110000,1.75,1.75,1.75,1.75,1300,0
PWX,60,20240801,100000,1.765,1.765,1.765,1.765,5,0
PWX,60,20240801,130000,1.79,1.795,1.79,1.795,35,0
PWX,60,20240801,170000,1.775,1.79,1.73,1.79,2803,0
PWX,60,20240802,100000,1.79,1.79,1.72,1.72,12589,0
PWX,60,20240802,120000,1.775,1.775,1.775,1.775,1,0
PWX,60,20240802,160000,1.74,1.74,1.74,1.74,120,0
PWX,60,20240805,100000,1.75,1.75,1.7,1.75,9529,0
PWX,60,20240805,120000,1.7,1.7,1.695,1.7,700,0
PWX,60,20240805,130000,1.71,1.71,1.7,1.7,2001,0
PWX,60,20240805,140000,1.745,1.745,1.71,1.71,479,0
PWX,60,20240805,150000,1.71,1.71,1.7,1.7,1980,0
PWX,60,20240805,160000,1.7,1.745,1.7,1.745,2000,0
PWX,60,20240806,100000,1.72,1.72,1.72,1.72,5,0
PWX,60,20240806,110000,1.69,1.69,1.69,1.69,300,0
PWX,60,20240806,120000,1.69,1.69,1.69,1.69,90,0
PWX,60,20240806,150000,1.7,1.72,1.7,1.72,692,0
PWX,60,20240806,160000,1.74,1.75,1.74,1.75,2020,0
PWX,60,20240806,170000,1.725,1.765,1.725,1.765,660,0
PWX,60,20240807,100000,1.765,1.765,1.765,1.765,5,0
PWX,60,20240807,110000,1.76,1.76,1.76,1.76,50,0
PWX,60,20240807,120000,1.765,1.765,1.765,1.765,1000,0
PWX,60,20240807,130000,1.765,1.765,1.765,1.765,2000,0
PWX,60,20240807,140000,1.76,1.76,1.76,1.76,800,0
PWX,60,20240807,150000,1.765,1.765,1.755,1.755,779,0
PWX,60,20240807,160000,1.755,1.755,1.755,1.755,700,0
PWX,60,20240807,170000,1.75,1.75,1.75,1.75,1000,0
PWX,60,20240808,100000,1.76,1.76,1.76,1.76,830,0
PWX,60,20240808,120000,1.72,1.72,1.72,1.72,1511,0
PWX,60,20240808,130000,1.725,1.725,1.72,1.72,3613,0
PWX,60,20240808,160000,1.715,1.715,1.7,1.7,2200,0
PWX,60,20240808,170000,1.7,1.7,1.7,1.7,708,0
PWX,60,20240809,100000,1.7,1.7,1.7,1.7,5,0
PWX,60,20240809,110000,1.7,1.71,1.7,1.71,2020,0
PWX,60,20240809,120000,1.75,1.75,1.75,1.75,108,0
PWX,60,20240809,130000,1.75,1.75,1.75,1.75,822,0
PWX,60,20240809,140000,1.755,1.755,1.755,1.755,910,0
PWX,60,20240809,160000,1.755,1.755,1.755,1.755,1090,0
PWX,60,20240809,170000,1.75,1.75,1.75,1.75,150,0
PWX,60,20240812,100000,1.76,1.76,1.72,1.72,23,0
PWX,60,20240812,110000,1.72,1.725,1.72,1.725,591,0
PWX,60,20240812,140000,1.715,1.715,1.715,1.715,500,0
PWX,60,20240812,150000,1.72,1.72,1.72,1.72,60,0
PWX,60,20240812,160000,1.745,1.745,1.745,1.745,12,0
PWX,60,20240812,170000,1.72,1.72,1.72,1.72,642,0
PWX,60,20240813,100000,1.76,1.76,1.7,1.7,9137,0
PWX,60,20240813,110000,1.7,1.71,1.7,1.71,6086,0
PWX,60,20240813,120000,1.75,1.75,1.75,1.75,1160,0
PWX,60,20240813,140000,1.75,1.75,1.715,1.715,1161,0
PWX,60,20240813,160000,1.715,1.715,1.67,1.67,36010,0
PWX,60,20240813,170000,1.68,1.715,1.66,1.715,6018,0
PWX,60,20240816,100000,1.715,1.745,1.705,1.705,2946,0
PWX,60,20240816,110000,1.715,1.715,1.715,1.715,1000,0
PWX,60,20240816,170000,1.71,1.71,1.71,1.71,953,0
PWX,60,20240819,100000,1.705,1.705,1.68,1.68,4170,0
PWX,60,20240819,110000,1.68,1.68,1.68,1.68,2060,0
PWX,60,20240819,140000,1.71,1.71,1.71,1.71,6,0
PWX,60,20240820,100000,1.685,1.71,1.685,1.71,187,0
PWX,60,20240820,170000,1.715,1.72,1.715,1.72,3500,0
PWX,60,20240821,100000,1.735,1.735,1.735,1.735,5,0
PWX,60,20240821,120000,1.7,1.72,1.7,1.72,2900,0
PWX,60,20240821,130000,1.715,1.715,1.715,1.715,1390,0
PWX,60,20240821,150000,1.72,1.725,1.715,1.715,1400,0
PWX,60,20240821,160000,1.715,1.715,1.715,1.715,500,0
PWX,60,20240822,100000,1.735,1.735,1.7,1.725,17,0
PWX,60,20240822,120000,1.7,1.7,1.7,1.7,42,0
PWX,60,20240822,150000,1.7,1.7,1.7,1.7,150,0
PWX,60,20240823,100000,1.7,1.7,1.7,1.7,26,0
PWX,60,20240823,110000,1.71,1.71,1.705,1.705,2000,0
PWX,60,20240823,120000,1.705,1.71,1.705,1.71,15230,0
PWX,60,20240823,130000,1.72,1.725,1.72,1.725,2000,0
PWX,60,20240823,140000,1.715,1.715,1.715,1.715,1120,0
PWX,60,20240823,150000,1.715,1.725,1.715,1.725,3661,0
PWX,60,20240823,160000,1.72,1.72,1.715,1.715,7000,0
PWX,60,20240826,100000,1.735,1.735,1.735,1.735,105,0
PWX,60,20240826,110000,1.715,1.72,1.715,1.715,9600,0
PWX,60,20240826,120000,1.72,1.72,1.715,1.715,2600,0
PWX,60,20240826,130000,1.71,1.71,1.71,1.71,2130,0
PWX,60,20240826,170000,1.71,1.71,1.71,1.71,1000,0
PWX,60,20240827,100000,1.72,1.72,1.72,1.72,5,0
PWX,60,20240827,110000,1.7,1.7,1.695,1.695,1548,0
PWX,60,20240827,120000,1.695,1.695,1.67,1.67,18728,0
PWX,60,20240827,130000,1.67,1.715,1.67,1.715,901,0
PWX,60,20240827,170000,1.67,1.67,1.66,1.66,91,0
PWX,60,20240828,100000,1.66,1.66,1.66,1.66,5,0
PWX,60,20240828,110000,1.7,1.7,1.7,1.7,1,0
PWX,60,20240828,170000,1.67,1.67,1.67,1.67,300,0
PWX,60,20240829,100000,1.67,1.7,1.67,1.7,50,0
PWX,60,20240829,120000,1.67,1.67,1.66,1.66,303,0
PWX,60,20240829,140000,1.7,1.7,1.7,1.7,754,0
PWX,60,20240829,150000,1.705,1.715,1.705,1.715,935,0
PWX,60,20240829,160000,1.715,1.715,1.715,1.715,1932,0
PWX,60,20240830,100000,1.72,1.72,1.72,1.72,5,0
PWX,60,20240830,120000,1.72,1.72,1.72,1.72,100,0
PWX,60,20240830,140000,1.715,1.72,1.715,1.72,259,0
PWX,60,20240902,100000,1.72,1.72,1.68,1.715,3736,0
PWX,60,20240902,110000,1.715,1.715,1.715,1.715,315,0
PWX,60,20240902,120000,1.7,1.7,1.7,1.7,700,0
PWX,60,20240902,140000,1.705,1.705,1.705,1.705,20,0
PWX,60,20240902,160000,1.71,1.71,1.705,1.705,2066,0
PWX,60,20240903,100000,1.705,1.705,1.705,1.705,2500,0
PWX,60,20240903,110000,1.715,1.715,1.69,1.69,2426,0
PWX,60,20240903,130000,1.715,1.715,1.715,1.715,881,0
PWX,60,20240903,140000,1.72,1.72,1.72,1.72,359,0
PWX,60,20240904,100000,1.72,1.72,1.68,1.71,2600,0
PWX,60,20240904,130000,1.685,1.685,1.68,1.68,5712,0
PWX,60,20240904,140000,1.7,1.7,1.7,1.7,1500,0
PWX,60,20240904,150000,1.695,1.695,1.69,1.69,4241,0
PWX,60,20240904,170000,1.71,1.725,1.71,1.725,3000,0
PWX,60,20240905,100000,1.685,1.715,1.64,1.67,34188,0
PWX,60,20240905,110000,1.665,1.665,1.665,1.665,1884,0
PWX,60,20240905,120000,1.67,1.67,1.665,1.665,555,0
PWX,60,20240905,140000,1.69,1.69,1.69,1.69,1135,0
PWX,60,20240906,100000,1.695,1.695,1.69,1.69,530,0
PWX,60,20240906,130000,1.69,1.69,1.69,1.69,9,0
PWX,60,20240906,140000,1.695,1.695,1.695,1.695,190,0
PWX,60,20240906,160000,1.71,1.71,1.71,1.71,25,0
PWX,60,20240909,100000,1.705,1.705,1.695,1.695,1663,0
PWX,60,20240909,110000,1.695,1.695,1.695,1.695,56,0
PWX,60,20240909,160000,1.695,1.695,1.69,1.69,1111,0
PWX,60,20240909,170000,1.69,1.69,1.69,1.69,1400,0
PWX,60,20240910,100000,1.705,1.705,1.685,1.685,1498,0
PWX,60,20240910,140000,1.68,1.68,1.66,1.66,14313,0
PWX,60,20240910,150000,1.69,1.695,1.69,1.695,150,0
PWX,60,20240910,170000,1.69,1.69,1.69,1.69,174,0
PWX,60,20240911,100000,1.65,1.66,1.65,1.66,1400,0
PWX,60,20240911,120000,1.67,1.69,1.665,1.69,2900,0
PWX,60,20240911,130000,1.69,1.69,1.69,1.69,34,0
PWX,60,20240911,140000,1.705,1.705,1.705,1.705,893,0
PWX,60,20240911,160000,1.705,1.705,1.705,1.705,893,0
PWX,60,20240912,100000,1.71,1.71,1.71,1.71,5,0
PWX,60,20240912,110000,1.7,1.7,1.7,1.7,1073,0
PWX,60,20240912,130000,1.7,1.71,1.7,1.71,1107,0
PWX,60,20240912,170000,1.71,1.71,1.71,1.71,500,0
PWX,60,20240913,100000,1.71,1.71,1.71,1.71,5,0
PWX,60,20240913,130000,1.7,1.7,1.7,1.7,50,0
PWX,60,20240913,140000,1.7,1.7,1.7,1.7,1214,0
PWX,60,20240913,160000,1.71,1.71,1.71,1.71,1885,0
PWX,60,20240913,170000,1.72,1.72,1.72,1.72,1889,0
PWX,60,20240916,100000,1.725,1.725,1.725,1.725,3,0
PWX,60,20240916,110000,1.725,1.725,1.725,1.725,500,0
PWX,60,20240916,140000,1.7,1.7,1.7,1.7,85,0
PWX,60,20240917,100000,1.7,1.7,1.7,1.7,1225,0
PWX,60,20240917,110000,1.71,1.725,1.71,1.725,1084,0
PWX,60,20240917,120000,1.725,1.755,1.725,1.755,10650,0
PWX,60,20240917,130000,1.74,1.78,1.74,1.78,4350,0
PWX,60,20240917,160000,1.78,1.78,1.78,1.78,4850,0
PWX,60,20240918,100000,1.78,1.78,1.71,1.725,571,0
PWX,60,20240918,110000,1.74,1.77,1.74,1.77,2875,0
PWX,60,20240918,130000,1.77,1.77,1.77,1.77,500,0
PWX,60,20240920,100000,1.775,1.775,1.71,1.71,3033,0
PWX,60,20240920,120000,1.71,1.71,1.7,1.7,1151,0
PWX,60,20240923,100000,1.74,1.74,1.74,1.74,1010,0
PWX,60,20240923,150000,1.76,1.76,1.76,1.76,1,0
PWX,60,20240924,100000,1.76,1.76,1.76,1.76,10,0
PWX,60,20240924,150000,1.75,1.75,1.75,1.75,1500,0
PWX,60,20240924,160000,1.75,1.75,1.75,1.75,850,0
PWX,60,20240925,100000,1.75,1.75,1.69,1.69,4375,0
PWX,60,20240925,110000,1.7,1.73,1.7,1.73,776,0
PWX,60,20240925,120000,1.73,1.73,1.73,1.73,650,0
PWX,60,20240925,130000,1.7,1.7,1.695,1.695,12,0
PWX,60,20240925,170000,1.695,1.695,1.69,1.69,3255,0
PWX,60,20240926,100000,1.72,1.72,1.66,1.66,39379,0
PWX,60,20240926,110000,1.675,1.675,1.675,1.675,1500,0
PWX,60,20240926,120000,1.675,1.675,1.655,1.655,35956,0
PWX,60,20240927,100000,1.66,1.66,1.66,1.66,558,0
PWX,60,20240927,120000,1.66,1.66,1.66,1.66,1500,0
PWX,60,20240927,150000,1.685,1.685,1.685,1.685,40,0
PWX,60,20240930,100000,1.65,1.65,1.64,1.64,9941,0
PWX,60,20240930,110000,1.63,1.64,1.63,1.64,983,0
PWX,60,20240930,120000,1.64,1.64,1.64,1.64,1800,0
PWX,60,20240930,140000,1.67,1.67,1.67,1.67,1900,0
PWX,60,20241001,100000,1.68,1.68,1.68,1.68,10,0
PWX,60,20241001,160000,1.65,1.65,1.65,1.65,100,0
PWX,60,20241002,100000,1.68,1.68,1.63,1.63,2510,0
PWX,60,20241002,160000,1.64,1.64,1.64,1.64,1200,0
PWX,60,20241002,170000,1.64,1.64,1.64,1.64,2,0
PWX,60,20241003,100000,1.64,1.64,1.64,1.64,10,0
PWX,60,20241003,130000,1.64,1.64,1.64,1.64,145,0
PWX,60,20241003,140000,1.64,1.64,1.625,1.625,5255,0
PWX,60,20241003,150000,1.625,1.625,1.625,1.625,2318,0
PWX,60,20241004,100000,1.675,1.675,1.63,1.63,2130,0
PWX,60,20241004,140000,1.62,1.62,1.62,1.62,1650,0
PWX,60,20241004,150000,1.625,1.625,1.625,1.625,30,0
PWX,60,20241007,100000,1.67,1.67,1.67,1.67,4900,0
PWX,60,20241007,110000,1.67,1.67,1.67,1.67,522,0
PWX,60,20241007,120000,1.675,1.675,1.675,1.675,588,0
PWX,60,20241007,130000,1.63,1.665,1.61,1.665,26255,0
PWX,60,20241007,140000,1.615,1.615,1.615,1.615,139,0
PWX,60,20241008,100000,1.67,1.67,1.67,1.67,5,0
PWX,60,20241008,150000,1.665,1.665,1.665,1.665,100,0
PWX,60,20241008,170000,1.62,1.62,1.62,1.62,7,0
PWX,60,20241009,100000,1.66,1.67,1.655,1.655,6092,0
PWX,60,20241009,110000,1.64,1.64,1.64,1.64,968,0
PWX,60,20241009,120000,1.64,1.64,1.61,1.61,5348,0
PWX,60,20241010,100000,1.655,1.66,1.655,1.66,1043,0
PWX,60,20241010,110000,1.66,1.66,1.66,1.66,9,0
PWX,60,20241010,120000,1.665,1.665,1.66,1.66,1319,0
PWX,60,20241010,130000,1.67,1.67,1.67,1.67,30,0
PWX,60,20241014,100000,1.67,1.68,1.65,1.68,4487,0
PWX,60,20241014,130000,1.655,1.655,1.65,1.65,2000,0
PWX,60,20241014,140000,1.675,1.675,1.675,1.675,1000,0
PWX,60,20241014,160000,1.675,1.675,1.65,1.65,7010,0
PWX,60,20241014,170000,1.65,1.65,1.65,1.65,289,0
PWX,60,20241015,100000,1.65,1.65,1.65,1.65,5,0
PWX,60,20241015,130000,1.665,1.665,1.65,1.65,5500,0
PWX,60,20241015,160000,1.655,1.655,1.655,1.655,13,0
PWX,60,20241015,170000,1.655,1.655,1.655,1.655,64,0
PWX,60,20241017,100000,1.68,1.68,1.655,1.655,1510,0
PWX,60,20241017,120000,1.655,1.655,1.655,1.655,450,0
PWX,60,20241017,150000,1.66,1.66,1.66,1.66,300,0
PWX,60,20241018,100000,1.66,1.66,1.66,1.66,5,0
PWX,60,20241018,110000,1.65,1.65,1.635,1.635,800,0
PWX,60,20241018,160000,1.64,1.64,1.64,1.64,1000,0
PWX,60,20241018,170000,1.645,1.645,1.645,1.645,1400,0
PWX,60,20241021,100000,1.645,1.645,1.645,1.645,5,0
PWX,60,20241021,130000,1.65,1.65,1.645,1.645,2100,0
PWX,60,20241021,150000,1.65,1.66,1.65,1.66,2997,0
PWX,60,20241022,100000,1.66,1.66,1.66,1.66,5,0
PWX,60,20241022,170000,1.63,1.63,1.63,1.63,100,0
PWX,60,20241023,100000,1.63,1.63,1.63,1.63,5,0
PWX,60,20241023,140000,1.655,1.655,1.655,1.655,14,0
PWX,60,20241024,100000,1.655,1.655,1.655,1.655,305,0
PWX,60,20241024,130000,1.655,1.655,1.655,1.655,120,0
PWX,60,20241024,150000,1.655,1.675,1.655,1.675,2430,0
PWX,60,20241025,100000,1.675,1.675,1.675,1.675,1000,0
PWX,60,20241025,150000,1.675,1.675,1.675,1.675,60,0
PWX,60,20241025,170000,1.65,1.65,1.61,1.61,45700,0
PWX,60,20241028,100000,1.64,1.64,1.6,1.6,10740,0
PWX,60,20241028,130000,1.62,1.62,1.605,1.605,860,0
PWX,60,20241028,160000,1.62,1.62,1.62,1.62,1692,0
PWX,60,20241029,100000,1.62,1.62,1.62,1.62,5,0
PWX,60,20241029,120000,1.62,1.62,1.62,1.62,1,0
PWX,60,20241029,150000,1.605,1.605,1.605,1.605,1500,0
PWX,60,20241029,170000,1.605,1.605,1.6,1.6,1500,0
PWX,60,20241030,100000,1.6,1.6,1.58,1.58,690,0
PWX,60,20241030,140000,1.58,1.58,1.57,1.57,1000,0
PWX,60,20241030,170000,1.58,1.58,1.57,1.57,1270,0
PWX,60,20241031,100000,1.59,1.59,1.58,1.58,710,0
PWX,60,20241031,110000,1.59,1.59,1.59,1.59,750,0
PWX,60,20241031,160000,1.595,1.595,1.58,1.58,450,0
PWX,60,20241031,170000,1.595,1.6,1.595,1.6,6001,0
PWX,60,20241104,100000,1.575,1.575,1.575,1.575,291,0
PWX,60,20241104,110000,1.59,1.59,1.59,1.59,115,0
PWX,60,20241104,130000,1.59,1.59,1.54,1.54,5080,0
PWX,60,20241104,140000,1.54,1.59,1.5,1.59,38356,0
PWX,60,20241104,150000,1.585,1.585,1.585,1.585,775,0
PWX,60,20241104,170000,1.58,1.58,1.58,1.58,41,0
PWX,60,20241105,100000,1.58,1.58,1.515,1.525,3317,0
PWX,60,20241105,110000,1.53,1.55,1.53,1.545,4323,0
PWX,60,20241105,130000,1.55,1.55,1.51,1.51,11938,0
PWX,60,20241105,140000,1.51,1.51,1.51,1.51,1195,0
PWX,60,20241105,160000,1.565,1.58,1.565,1.58,298,0
PWX,60,20241105,170000,1.585,1.585,1.58,1.585,669,0
PWX,60,20241106,100000,1.595,1.595,1.55,1.55,1943,0
PWX,60,20241106,110000,1.555,1.555,1.555,1.555,7,0
PWX,60,20241106,140000,1.56,1.56,1.56,1.56,1000,0
PWX,60,20241106,150000,1.555,1.585,1.555,1.585,1380,0
PWX,60,20241106,160000,1.565,1.565,1.565,1.565,1220,0
PWX,60,20241107,100000,1.58,1.58,1.555,1.555,505,0
PWX,60,20241107,110000,1.555,1.555,1.555,1.555,500,0
PWX,60,20241107,120000,1.55,1.55,1.52,1.52,750,0
PWX,60,20241107,140000,1.535,1.535,1.535,1.535,40,0
PWX,60,20241107,160000,1.54,1.54,1.54,1.54,40,0
PWX,60,20241108,100000,1.545,1.545,1.545,1.545,7,0
PWX,60,20241108,150000,1.555,1.555,1.555,1.555,927,0
PWX,60,20241108,160000,1.555,1.555,1.555,1.555,922,0
PWX,60,20241108,170000,1.55,1.55,1.55,1.55,1450,0
PWX,60,20241112,100000,1.575,1.575,1.545,1.545,1440,0
PWX,60,20241112,110000,1.575,1.575,1.575,1.575,60,0
PWX,60,20241112,120000,1.575,1.575,1.575,1.575,67,0
PWX,60,20241112,160000,1.55,1.55,1.55,1.55,250,0
PWX,60,20241112,170000,1.565,1.565,1.565,1.565,500,0
PWX,60,20241113,100000,1.55,1.55,1.51,1.54,2159,0
PWX,60,20241113,110000,1.515,1.515,1.48,1.485,2093,0
PWX,60,20241113,120000,1.51,1.52,1.51,1.52,1001,0
PWX,60,20241113,150000,1.52,1.52,1.52,1.52,200,0
PWX,60,20241113,170000,1.515,1.56,1.515,1.56,1200,0
PWX,60,20241114,100000,1.56,1.56,1.56,1.56,7,0
PWX,60,20241114,110000,1.55,1.55,1.55,1.55,1000,0
PWX,60,20241115,100000,1.55,1.56,1.55,1.55,1137,0
PWX,60,20241115,140000,1.56,1.56,1.52,1.52,430,0
PWX,60,20241115,150000,1.535,1.535,1.535,1.535,445,0
PWX,60,20241115,170000,1.53,1.56,1.53,1.56,945,0
PWX,60,20241118,100000,1.56,1.56,1.56,1.56,7,0
PWX,60,20241118,120000,1.55,1.55,1.55,1.55,125,0
PWX,60,20241118,130000,1.55,1.555,1.515,1.515,1339,0
PWX,60,20241118,140000,1.555,1.555,1.555,1.555,1,0
PWX,60,20241118,150000,1.52,1.52,1.52,1.52,1469,0
PWX,60,20241118,160000,1.52,1.52,1.52,1.52,3200,0
PWX,60,20241118,170000,1.515,1.52,1.515,1.52,595,0
PWX,60,20241119,100000,1.52,1.53,1.52,1.52,920,0
PWX,60,20241119,120000,1.52,1.52,1.52,1.52,2480,0
PWX,60,20241119,140000,1.52,1.52,1.51,1.51,4887,0
PWX,60,20241119,150000,1.51,1.51,1.51,1.51,2235,0
PWX,60,20241119,170000,1.51,1.52,1.495,1.52,2867,0
PWX,60,20241120,100000,1.49,1.515,1.49,1.515,875,0
PWX,60,20241120,110000,1.52,1.52,1.52,1.52,225,0
PWX,60,20241120,120000,1.53,1.53,1.53,1.53,1000,0
PWX,60,20241120,150000,1.52,1.53,1.52,1.53,1800,0
PWX,60,20241121,100000,1.53,1.53,1.53,1.53,5,0
PWX,60,20241121,110000,1.53,1.53,1.53,1.53,750,0
PWX,60,20241121,130000,1.525,1.53,1.525,1.53,1200,0
PWX,60,20241121,150000,1.52,1.52,1.52,1.52,1000,0
PWX,60,20241121,170000,1.535,1.54,1.535,1.54,598,0
PWX,60,20241122,100000,1.54,1.54,1.48,1.48,2245,0
PWX,60,20241122,110000,1.475,1.475,1.475,1.475,350,0
PWX,60,20241122,120000,1.48,1.48,1.48,1.48,350,0
PWX,60,20241122,130000,1.495,1.495,1.495,1.495,210,0
PWX,60,20241122,140000,1.48,1.48,1.48,1.48,3000,0
PWX,60,20241122,150000,1.49,1.49,1.49,1.49,2420,0
PWX,60,20241122,160000,1.5,1.5,1.5,1.5,329,0
PWX,60,20241122,170000,1.5,1.5,1.5,1.5,90,0
PWX,60,20241125,100000,1.54,1.54,1.535,1.535,307,0
PWX,60,20241125,110000,1.53,1.53,1.53,1.53,300,0
PWX,60,20241125,170000,1.485,1.485,1.48,1.48,904,0
PWX,60,20241126,100000,1.47,1.52,1.47,1.52,21,0
PWX,60,20241126,120000,1.5,1.54,1.5,1.54,4420,0
PWX,60,20241126,130000,1.505,1.505,1.505,1.505,2000,0
PWX,60,20241126,170000,1.49,1.49,1.49,1.49,100,0
PWX,60,20241127,100000,1.485,1.495,1.485,1.495,2424,0
PWX,60,20241127,130000,1.49,1.49,1.49,1.49,200,0
PWX,60,20241127,150000,1.49,1.49,1.49,1.49,1000,0
PWX,60,20241127,160000,1.49,1.49,1.485,1.485,1000,0
PWX,60,20241127,170000,1.495,1.495,1.495,1.495,1000,0
PWX,60,20241128,100000,1.495,1.495,1.49,1.49,2007,0
PWX,60,20241128,110000,1.485,1.485,1.485,1.485,427,0
PWX,60,20241128,140000,1.485,1.485,1.485,1.485,7,0
PWX,60,20241128,170000,1.485,1.49,1.485,1.49,1624,0
PWX,60,20241129,100000,1.49,1.49,1.49,1.49,7,0
PWX,60,20241129,110000,1.49,1.5,1.49,1.5,1200,0
PWX,60,20241129,130000,1.49,1.49,1.49,1.49,1388,0
PWX,60,20241129,140000,1.49,1.49,1.49,1.49,560,0
PWX,60,20241129,150000,1.495,1.495,1.495,1.495,5844,0
PWX,60,20241129,160000,1.5,1.5,1.49,1.49,2797,0
PWX,60,20241202,100000,1.49,1.495,1.49,1.495,907,0
PWX,60,20241202,110000,1.495,1.495,1.485,1.49,1500,0
PWX,60,20241202,120000,1.495,1.495,1.495,1.495,200,0
PWX,60,20241203,100000,1.48,1.48,1.48,1.48,1300,0
PWX,60,20241203,110000,1.48,1.48,1.48,1.48,700,0
PWX,60,20241203,120000,1.48,1.48,1.465,1.47,273,0
PWX,60,20241203,130000,1.475,1.475,1.475,1.475,120,0
PWX,60,20241203,140000,1.48,1.48,1.46,1.46,2085,0
PWX,60,20241203,150000,1.465,1.465,1.46,1.46,1127,0
PWX,60,20241203,160000,1.465,1.465,1.465,1.465,17,0
PWX,60,20241203,170000,1.46,1.46,1.46,1.46,277,0
PWX,60,20241204,100000,1.46,1.46,1.46,1.46,1071,0
PWX,60,20241204,110000,1.46,1.46,1.44,1.44,1200,0
PWX,60,20241204,140000,1.445,1.445,1.43,1.44,8722,0
PWX,60,20241204,150000,1.44,1.44,1.44,1.44,10,0
PWX,60,20241204,170000,1.44,1.44,1.43,1.43,1314,0
PWX,60,20241205,100000,1.435,1.44,1.435,1.44,2250,0
PWX,60,20241205,110000,1.435,1.435,1.43,1.43,530,0
PWX,60,20241205,120000,1.43,1.45,1.43,1.45,2020,0
PWX,60,20241205,130000,1.46,1.46,1.45,1.45,6100,0
PWX,60,20241205,140000,1.45,1.45,1.45,1.45,131997,0
PWX,60,20241205,150000,1.44,1.44,1.43,1.43,1500,0
PWX,60,20241205,160000,1.43,1.43,1.43,1.43,1000,0
PWX,60,20241205,170000,1.43,1.43,1.43,1.43,1041,0
PWX,60,20241206,100000,1.44,1.44,1.42,1.42,1507,0
PWX,60,20241206,120000,1.43,1.43,1.43,1.43,8,0
PWX,60,20241206,160000,1.43,1.43,1.42,1.43,25691,0
PWX,60,20241206,170000,1.43,1.43,1.43,1.43,1921,0
PWX,60,20241209,100000,1.43,1.43,1.425,1.425,2275,0
PWX,60,20241209,110000,1.42,1.42,1.42,1.42,1250,0
PWX,60,20241209,120000,1.405,1.41,1.395,1.41,6011,0
PWX,60,20241209,130000,1.41,1.41,1.39,1.39,291,0
PWX,60,20241209,150000,1.395,1.41,1.395,1.41,3532,0
PWX,60,20241209,160000,1.4,1.4,1.395,1.395,3752,0
PWX,60,20241209,170000,1.395,1.395,1.395,1.395,1451,0
PWX,60,20241210,100000,1.395,1.4,1.39,1.39,6879,0
PWX,60,20241210,110000,1.39,1.39,1.38,1.385,2738,0
PWX,60,20241210,120000,1.4,1.4,1.4,1.4,1018,0
PWX,60,20241210,130000,1.4,1.4,1.4,1.4,10,0
PWX,60,20241210,150000,1.4,1.4,1.39,1.39,2604,0
PWX,60,20241210,170000,1.39,1.39,1.39,1.39,100,0
PWX,60,20241211,100000,1.4,1.4,1.38,1.38,13801,0
PWX,60,20241211,110000,1.38,1.38,1.375,1.375,3101,0
PWX,60,20241211,120000,1.38,1.38,1.38,1.38,500,0
PWX,60,20241211,130000,1.375,1.375,1.37,1.37,3279,0
PWX,60,20241211,140000,1.37,1.37,1.36,1.36,2052,0
PWX,60,20241211,150000,1.37,1.37,1.37,1.37,1508,0
PWX,60,20241211,160000,1.37,1.37,1.37,1.37,508,0
PWX,60,20241211,170000,1.37,1.37,1.37,1.37,390,0
PWX,60,20241212,100000,1.36,1.37,1.36,1.365,5152,0
PWX,60,20241212,110000,1.365,1.365,1.365,1.365,1420,0
PWX,60,20241212,120000,1.365,1.365,1.33,1.33,5596,0
PWX,60,20241212,130000,1.31,1.31,1.31,1.31,38,0
PWX,60,20241212,150000,1.365,1.365,1.365,1.365,480,0
PWX,60,20241212,170000,1.315,1.315,1.315,1.315,600,0
PWX,60,20241213,100000,1.315,1.315,1.315,1.315,961,0
PWX,60,20241213,110000,1.315,1.315,1.315,1.315,1500,0
PWX,60,20241213,120000,1.315,1.33,1.315,1.33,7431,0
PWX,60,20241213,130000,1.33,1.365,1.33,1.365,1094,0
PWX,60,20241213,150000,1.35,1.35,1.33,1.33,24483,0
PWX,60,20241213,160000,1.33,1.355,1.33,1.355,1264,0
PWX,60,20241213,170000,1.355,1.37,1.355,1.37,5220,0
PWX,60,20241216,100000,1.38,1.38,1.38,1.38,7,0
PWX,60,20241216,110000,1.37,1.37,1.33,1.33,10251,0
PWX,60,20241216,120000,1.37,1.37,1.37,1.37,510,0
PWX,60,20241216,130000,1.34,1.34,1.33,1.33,5912,0
PWX,60,20241216,140000,1.33,1.37,1.33,1.37,2500,0
PWX,60,20241216,150000,1.37,1.37,1.37,1.37,50,0
PWX,60,20241216,160000,1.33,1.33,1.32,1.32,4400,0
PWX,60,20241216,170000,1.33,1.36,1.325,1.36,4100,0
PWX,60,20241217,100000,1.36,1.36,1.33,1.33,1482,0
PWX,60,20241217,110000,1.33,1.365,1.33,1.365,11374,0
PWX,60,20241217,120000,1.335,1.335,1.335,1.335,700,0
PWX,60,20241217,130000,1.365,1.365,1.31,1.32,18180,0
PWX,60,20241217,140000,1.32,1.32,1.31,1.32,9519,0
PWX,60,20241217,150000,1.315,1.32,1.3,1.3,15393,0
PWX,60,20241217,160000,1.315,1.315,1.3,1.3,1418,0
PWX,60,20241217,170000,1.31,1.31,1.31,1.31,1000,0
PWX,60,20241218,100000,1.3,1.31,1.3,1.31,2620,0
PWX,60,20241218,120000,1.31,1.31,1.31,1.31,500,0
PWX,60,20241218,130000,1.305,1.305,1.305,1.305,43273,0
PWX,60,20241218,140000,1.3,1.3,1.29,1.29,5648,0
PWX,60,20241218,150000,1.28,1.31,1.28,1.31,53517,0
PWX,60,20241218,160000,1.31,1.31,1.31,1.31,14750,0
PWX,60,20241218,170000,1.3,1.3,1.3,1.3,1000,0
PWX,60,20241219,100000,1.3,1.31,1.3,1.3,4212,0
PWX,60,20241219,120000,1.27,1.295,1.27,1.295,3450,0
PWX,60,20241219,130000,1.28,1.295,1.28,1.295,832,0
PWX,60,20241219,150000,1.28,1.285,1.27,1.27,3490,0
PWX,60,20241219,160000,1.265,1.3,1.265,1.3,6573,0
PWX,60,20241219,170000,1.295,1.295,1.295,1.295,50,0
PWX,60,20241220,100000,1.28,1.28,1.25,1.25,13981,0
PWX,60,20241220,110000,1.24,1.275,1.24,1.26,9868,0
PWX,60,20241220,120000,1.285,1.29,1.26,1.29,5656,0
PWX,60,20241220,130000,1.26,1.26,1.25,1.26,8000,0
PWX,60,20241220,140000,1.29,1.29,1.28,1.28,2050,0
PWX,60,20241220,150000,1.28,1.29,1.26,1.26,16879,0
PWX,60,20241220,160000,1.25,1.26,1.22,1.22,38294,0
PWX,60,20241220,170000,1.22,1.28,1.2,1.28,7804,0
PWX,60,20241223,100000,1.27,1.28,1.25,1.25,10859,0
PWX,60,20241223,110000,1.255,1.27,1.255,1.27,4834,0
PWX,60,20241223,120000,1.27,1.27,1.22,1.23,5416,0
PWX,60,20241223,130000,1.265,1.27,1.23,1.23,15750,0
PWX,60,20241223,140000,1.22,1.245,1.21,1.245,25212,0
PWX,60,20241223,150000,1.22,1.235,1.22,1.225,12136,0
PWX,60,20241223,160000,1.225,1.23,1.225,1.23,989,0
PWX,60,20241223,170000,1.225,1.25,1.22,1.24,12850,0
PWX,60,20241227,100000,1.24,1.24,1.225,1.225,1170,0
PWX,60,20241227,110000,1.225,1.28,1.21,1.225,9319,0
PWX,60,20241227,120000,1.225,1.225,1.21,1.22,4852,0
PWX,60,20241227,140000,1.25,1.28,1.25,1.28,390,0
PWX,60,20241227,150000,1.25,1.25,1.25,1.25,425,0
PWX,60,20241227,160000,1.25,1.25,1.235,1.235,2300,0
PWX,60,20241227,170000,1.25,1.28,1.25,1.28,3426,0
PWX,60,20241230,100000,1.32,1.375,1.32,1.32,8894,0
PWX,60,20241230,110000,1.32,1.32,1.32,1.32,680,0
PWX,60,20241230,130000,1.345,1.345,1.345,1.345,30,0
PWX,60,20241230,140000,1.345,1.345,1.34,1.34,7130,0
PWX,60,20241230,150000,1.34,1.345,1.34,1.345,1577,0
PWX,60,20241230,170000,1.345,1.345,1.34,1.34,745,0
PWX,60,20250102,100000,1.34,1.34,1.34,1.34,277,0
PWX,60,20250102,110000,1.32,1.34,1.32,1.34,1723,0
PWX,60,20250102,130000,1.35,1.35,1.35,1.35,77,0
PWX,60,20250102,140000,1.36,1.46,1.36,1.455,11566,0
PWX,60,20250102,150000,1.45,1.45,1.44,1.45,2916,0
PWX,60,20250102,160000,1.45,1.45,1.45,1.45,1000,0
PWX,60,20250102,170000,1.4,1.4,1.4,1.4,200,0
PWX,60,20250103,100000,1.45,1.55,1.365,1.55,11190,0
PWX,60,20250103,110000,1.545,1.545,1.53,1.53,192,0
PWX,60,20250103,120000,1.5,1.54,1.495,1.495,6011,0
PWX,60,20250103,130000,1.495,1.495,1.495,1.495,2551,0
PWX,60,20250103,140000,1.495,1.53,1.495,1.53,501,0
PWX,60,20250103,150000,1.495,1.495,1.49,1.495,2512,0
PWX,60,20250103,160000,1.49,1.49,1.49,1.49,1014,0
PWX,60,20250103,170000,1.49,1.5,1.49,1.5,4000,0
PWX,60,20250107,100000,1.52,1.52,1.5,1.51,820,0
PWX,60,20250107,110000,1.51,1.51,1.51,1.51,270,0
PWX,60,20250107,120000,1.5,1.505,1.48,1.505,1045,0
PWX,60,20250107,140000,1.5,1.5,1.5,1.5,4000,0
PWX,60,20250107,170000,1.48,1.48,1.475,1.475,4348,0
PWX,60,20250108,100000,1.5,1.5,1.46,1.46,2100,0
PWX,60,20250108,120000,1.51,1.51,1.46,1.46,4050,0
PWX,60,20250108,130000,1.45,1.45,1.45,1.45,279,0
PWX,60,20250108,140000,1.485,1.485,1.435,1.435,364,0
PWX,60,20250108,160000,1.445,1.445,1.445,1.445,199,0
PWX,60,20250108,170000,1.445,1.445,1.405,1.405,205,0
PWX,60,20250109,100000,1.47,1.48,1.425,1.425,18214,0
PWX,60,20250109,110000,1.475,1.48,1.44,1.44,5786,0
PWX,60,20250109,120000,1.44,1.48,1.435,1.48,20289,0
PWX,60,20250109,130000,1.48,1.48,1.48,1.48,17225,0
PWX,60,20250109,140000,1.48,1.49,1.475,1.49,41743,0
PWX,60,20250109,150000,1.49,1.49,1.485,1.485,1118,0
PWX,60,20250109,160000,1.485,1.485,1.465,1.465,1744,0
PWX,60,20250109,170000,1.475,1.475,1.47,1.475,11353,0
PWX,60,20250110,100000,1.48,1.5,1.47,1.47,17407,0
PWX,60,20250110,110000,1.48,1.48,1.47,1.47,1501,0
PWX,60,20250110,120000,1.47,1.47,1.47,1.47,7400,0
PWX,60,20250110,130000,1.47,1.47,1.47,1.47,3700,0
PWX,60,20250110,140000,1.48,1.485,1.46,1.485,4800,0
PWX,60,20250110,150000,1.485,1.495,1.48,1.48,8733,0
PWX,60,20250110,170000,1.495,1.495,1.48,1.48,9219,0
PWX,60,20250113,100000,1.47,1.49,1.47,1.485,7080,0
PWX,60,20250113,110000,1.485,1.485,1.485,1.485,2135,0
PWX,60,20250113,120000,1.485,1.485,1.485,1.485,4400,0
PWX,60,20250113,130000,1.47,1.47,1.47,1.47,2430,0
PWX,60,20250113,140000,1.485,1.485,1.485,1.485,1912,0
PWX,60,20250113,150000,1.48,1.485,1.48,1.485,960,0
PWX,60,20250113,170000,1.47,1.47,1.47,1.47,141,0
PWX,60,20250114,100000,1.47,1.47,1.46,1.46,1510,0
PWX,60,20250114,110000,1.46,1.46,1.46,1.46,161,0
PWX,60,20250114,120000,1.46,1.46,1.46,1.46,140,0
PWX,60,20250114,130000,1.46,1.46,1.45,1.45,10000,0
PWX,60,20250114,160000,1.46,1.46,1.45,1.45,7169,0
PWX,60,20250115,100000,1.47,1.47,1.47,1.47,7,0
PWX,60,20250115,120000,1.445,1.445,1.445,1.445,1000,0
PWX,60,20250115,170000,1.445,1.445,1.445,1.445,1000,0
PWX,60,20250116,100000,1.45,1.47,1.45,1.47,2007,0
PWX,60,20250116,110000,1.47,1.5,1.47,1.47,4703,0
PWX,60,20250116,130000,1.5,1.55,1.5,1.55,4698,0
PWX,60,20250116,140000,1.56,1.58,1.55,1.55,7253,0
PWX,60,20250116,150000,1.54,1.555,1.5,1.555,3033,0
PWX,60,20250116,160000,1.555,1.555,1.53,1.53,1693,0
PWX,60,20250116,170000,1.54,1.54,1.495,1.54,16066,0
PWX,60,20250117,100000,1.58,1.595,1.58,1.59,9639,0
PWX,60,20250117,110000,1.59,1.59,1.59,1.59,11400,0
PWX,60,20250117,120000,1.59,1.59,1.57,1.57,2000,0
PWX,60,20250117,130000,1.56,1.56,1.53,1.53,9000,0
PWX,60,20250117,140000,1.57,1.585,1.57,1.585,2010,0
PWX,60,20250117,160000,1.575,1.575,1.55,1.575,6072,0
PWX,60,20250117,170000,1.55,1.55,1.53,1.55,1559,0
PWX,60,20250120,100000,1.49,1.56,1.485,1.525,79320,0
PWX,60,20250120,110000,1.55,1.55,1.55,1.55,1,0
PWX,60,20250120,130000,1.51,1.545,1.485,1.545,20001,0
PWX,60,20250120,170000,1.545,1.55,1.545,1.55,70,0
PWX,60,20250121,100000,1.55,1.55,1.55,1.55,7,0
PWX,60,20250121,120000,1.525,1.525,1.525,1.525,1497,0
PWX,60,20250121,130000,1.525,1.525,1.485,1.485,5692,0
PWX,60,20250121,140000,1.49,1.515,1.49,1.515,3300,0
PWX,60,20250121,150000,1.51,1.51,1.51,1.51,600,0
PWX,60,20250122,100000,1.52,1.545,1.52,1.545,27,0
PWX,60,20250122,110000,1.51,1.51,1.475,1.48,9063,0
PWX,60,20250122,120000,1.48,1.48,1.48,1.48,4000,0
PWX,60,20250122,140000,1.475,1.505,1.47,1.505,544,0
PWX,60,20250122,170000,1.495,1.52,1.495,1.52,34,0
PWX,60,20250123,100000,1.52,1.52,1.52,1.52,5,0
PWX,60,20250123,110000,1.505,1.51,1.505,1.51,200,0
PWX,60,20250123,120000,1.51,1.51,1.5,1.5,4820,0
PWX,60,20250123,130000,1.49,1.49,1.49,1.49,6,0
PWX,60,20250123,140000,1.49,1.49,1.49,1.49,4325,0
PWX,60,20250123,150000,1.51,1.51,1.51,1.51,2410,0
PWX,60,20250123,160000,1.485,1.485,1.485,1.485,100,0
PWX,60,20250123,170000,1.485,1.485,1.485,1.485,4900,0
PWX,60,20250124,100000,1.485,1.485,1.45,1.46,13704,0
PWX,60,20250124,110000,1.46,1.46,1.46,1.46,6194,0
PWX,60,20250124,120000,1.46,1.46,1.45,1.45,2028,0
PWX,60,20250124,130000,1.45,1.46,1.45,1.46,1257,0
PWX,60,20250124,150000,1.45,1.45,1.44,1.44,5300,0
PWX,60,20250124,160000,1.46,1.46,1.445,1.445,136,0
PWX,60,20250124,170000,1.44,1.44,1.43,1.44,2435,0
PWX,60,20250127,100000,1.44,1.44,1.44,1.44,2007,0
PWX,60,20250127,110000,1.44,1.44,1.44,1.44,520,0
PWX,60,20250127,120000,1.44,1.44,1.44,1.44,18,0
PWX,60,20250127,130000,1.46,1.46,1.46,1.46,1,0
PWX,60,20250128,100000,1.46,1.46,1.43,1.46,72,0
PWX,60,20250128,160000,1.46,1.46,1.405,1.405,5329,0
PWX,60,20250128,170000,1.45,1.46,1.41,1.455,1151,0
PWX,60,20250129,100000,1.46,1.47,1.46,1.47,200,0
PWX,60,20250129,110000,1.445,1.445,1.44,1.44,126,0
PWX,60,20250129,140000,1.44,1.44,1.44,1.44,1000,0
PWX,60,20250129,160000,1.46,1.46,1.45,1.45,7000,0
PWX,60,20250129,170000,1.44,1.44,1.425,1.425,1112,0
PWX,60,20250130,100000,1.44,1.44,1.44,1.44,1305,0
PWX,60,20250130,110000,1.42,1.45,1.4,1.45,5195,0
PWX,60,20250130,170000,1.42,1.42,1.4,1.4,2150,0
PWX,60,20250131,100000,1.41,1.41,1.41,1.41,107,0
PWX,60,20250131,170000,1.43,1.43,1.43,1.43,70,0
PWX,60,20250203,100000,1.43,1.43,1.43,1.43,7,0
PWX,60,20250203,120000,1.41,1.425,1.405,1.425,2251,0
PWX,60,20250203,160000,1.425,1.425,1.425,1.425,76,0
PWX,60,20250203,170000,1.425,1.425,1.41,1.415,4067,0
PWX,60,20250204,100000,1.44,1.44,1.4,1.43,7553,0
PWX,60,20250204,120000,1.4,1.4,1.4,1.4,500,0
PWX,60,20250204,130000,1.4,1.4,1.375,1.38,2841,0
PWX,60,20250204,140000,1.4,1.41,1.4,1.41,243,0
PWX,60,20250204,150000,1.41,1.41,1.41,1.41,1000,0
PWX,60,20250204,160000,1.41,1.41,1.41,1.41,102,0
PWX,60,20250204,170000,1.39,1.39,1.39,1.39,1210,0
PWX,60,20250205,100000,1.39,1.39,1.39,1.39,3015,0
PWX,60,20250205,120000,1.385,1.385,1.385,1.385,1216,0
PWX,60,20250205,130000,1.385,1.39,1.385,1.39,1916,0
PWX,60,20250205,140000,1.39,1.39,1.39,1.39,700,0
PWX,60,20250205,150000,1.39,1.39,1.385,1.385,1030,0
PWX,60,20250206,100000,1.39,1.415,1.39,1.415,1661,0
PWX,60,20250206,120000,1.415,1.415,1.4,1.4,2500,0
PWX,60,20250206,130000,1.415,1.42,1.415,1.42,1100,0
PWX,60,20250206,140000,1.415,1.415,1.395,1.395,3645,0
PWX,60,20250206,150000,1.415,1.415,1.415,1.415,200,0
PWX,60,20250207,100000,1.42,1.43,1.42,1.43,1998,0
PWX,60,20250207,130000,1.43,1.43,1.43,1.43,300,0
PWX,60,20250207,150000,1.415,1.415,1.39,1.4,3187,0
PWX,60,20250207,160000,1.39,1.39,1.39,1.39,506,0
PWX,60,20250207,170000,1.4,1.4,1.4,1.4,1008,0
PWX,60,20250210,100000,1.4,1.4,1.4,1.4,595,0
PWX,60,20250210,110000,1.4,1.4,1.4,1.4,1000,0
PWX,60,20250210,120000,1.4,1.4,1.4,1.4,300,0
PWX,60,20250210,130000,1.4,1.4,1.4,1.4,721,0
PWX,60,20250210,140000,1.4,1.4,1.4,1.4,572,0
PWX,60,20250210,150000,1.4,1.4,1.4,1.4,50,0
PWX,60,20250211,100000,1.4,1.425,1.4,1.425,927,0
PWX,60,20250211,110000,1.435,1.435,1.435,1.435,8,0
PWX,60,20250211,140000,1.415,1.415,1.39,1.39,11700,0
PWX,60,20250212,100000,1.415,1.415,1.415,1.415,88,0
PWX,60,20250212,110000,1.42,1.42,1.42,1.42,2293,0
PWX,60,20250212,120000,1.415,1.415,1.4,1.4,4092,0
PWX,60,20250212,150000,1.39,1.39,1.385,1.385,4573,0
PWX,60,20250212,160000,1.38,1.38,1.375,1.375,427,0
PWX,60,20250212,170000,1.395,1.42,1.395,1.42,7190,0
PWX,60,20250213,100000,1.42,1.42,1.41,1.42,2376,0
PWX,60,20250213,110000,1.41,1.435,1.41,1.435,2949,0
PWX,60,20250213,120000,1.405,1.405,1.39,1.39,10306,0
PWX,60,20250213,130000,1.4,1.4,1.39,1.4,3061,0
PWX,60,20250213,150000,1.4,1.4,1.4,1.4,11,0
PWX,60,20250213,160000,1.4,1.4,1.37,1.37,19141,0
PWX,60,20250213,170000,1.37,1.375,1.355,1.36,8403,0
PWX,60,20250214,100000,1.37,1.39,1.37,1.39,6,0
PWX,60,20250214,110000,1.39,1.39,1.39,1.39,1000,0
PWX,60,20250214,130000,1.39,1.39,1.39,1.39,2810,0
PWX,60,20250214,140000,1.4,1.4,1.4,1.4,1000,0
PWX,60,20250214,170000,1.4,1.4,1.39,1.39,247,0
PWX,60,20250217,100000,1.39,1.39,1.39,1.39,10,0
PWX,60,20250217,110000,1.38,1.4,1.37,1.4,2002,0
PWX,60,20250217,120000,1.38,1.38,1.38,1.38,20,0
PWX,60,20250217,130000,1.38,1.385,1.38,1.385,246,0
PWX,60,20250217,150000,1.39,1.39,1.39,1.39,3716,0
PWX,60,20250218,100000,1.385,1.385,1.36,1.36,9914,0
PWX,60,20250218,110000,1.38,1.38,1.36,1.36,9685,0
PWX,60,20250218,120000,1.36,1.36,1.35,1.35,46912,0
PWX,60,20250218,130000,1.35,1.35,1.35,1.35,2000,0
PWX,60,20250218,140000,1.35,1.37,1.35,1.37,4444,0
PWX,60,20250218,150000,1.36,1.37,1.36,1.37,912,0
PWX,60,20250218,160000,1.35,1.35,1.35,1.35,742,0
PWX,60,20250218,170000,1.35,1.365,1.35,1.35,4487,0
PWX,60,20250219,100000,1.35,1.385,1.345,1.35,19237,0
PWX,60,20250219,110000,1.345,1.375,1.345,1.375,2285,0
PWX,60,20250219,120000,1.35,1.35,1.35,1.35,3935,0
PWX,60,20250219,130000,1.35,1.35,1.35,1.35,7238,0
PWX,60,20250219,140000,1.35,1.35,1.35,1.35,1200,0
PWX,60,20250219,150000,1.345,1.345,1.315,1.315,27683,0
PWX,60,20250219,160000,1.315,1.34,1.315,1.34,1420,0
PWX,60,20250219,170000,1.315,1.315,1.315,1.315,1033,0
PWX,60,20250220,100000,1.32,1.34,1.32,1.34,11832,0
PWX,60,20250220,110000,1.34,1.34,1.32,1.32,43605,0
PWX,60,20250220,130000,1.335,1.34,1.335,1.34,2588,0
PWX,60,20250220,140000,1.315,1.34,1.31,1.34,3694,0
PWX,60,20250220,150000,1.33,1.33,1.32,1.32,3000,0
PWX,60,20250220,170000,1.34,1.34,1.34,1.34,500,0
PWX,60,20250221,100000,1.35,1.35,1.34,1.34,3760,0
PWX,60,20250221,110000,1.34,1.34,1.34,1.34,89501,0
PWX,60,20250221,130000,1.33,1.33,1.33,1.33,1794,0
PWX,60,20250221,140000,1.33,1.33,1.32,1.32,800,0
PWX,60,20250221,160000,1.33,1.33,1.3,1.3,75459,0
PWX,60,20250221,170000,1.33,1.33,1.33,1.33,340,0
PWX,60,20250224,100000,1.33,1.34,1.33,1.33,147,0
PWX,60,20250224,110000,1.31,1.32,1.3,1.32,15507,0
PWX,60,20250224,120000,1.3,1.3,1.3,1.3,9600,0
PWX,60,20250224,160000,1.305,1.32,1.3,1.3,7702,0
PWX,60,20250225,100000,1.285,1.375,1.285,1.375,1313,0
PWX,60,20250225,110000,1.355,1.355,1.355,1.355,90,0
PWX,60,20250225,140000,1.31,1.355,1.3,1.3,13927,0
PWX,60,20250225,150000,1.295,1.31,1.295,1.31,2902,0
PWX,60,20250225,160000,1.29,1.295,1.29,1.295,1985,0
PWX,60,20250225,170000,1.295,1.295,1.28,1.28,2636,0
PWX,60,20250226,100000,1.28,1.305,1.28,1.305,8078,0
PWX,60,20250226,110000,1.305,1.305,1.305,1.305,1000,0
PWX,60,20250226,120000,1.305,1.305,1.305,1.305,500,0
PWX,60,20250226,140000,1.305,1.305,1.305,1.305,2145,0
PWX,60,20250226,150000,1.305,1.305,1.305,1.305,7484,0
PWX,60,20250226,160000,1.305,1.305,1.305,1.305,1000,0
PWX,60,20250226,170000,1.305,1.305,1.305,1.305,325,0
PWX,60,20250227,100000,1.31,1.31,1.3,1.31,160,0
PWX,60,20250227,110000,1.325,1.345,1.325,1.345,60,0
PWX,60,20250227,150000,1.34,1.34,1.34,1.34,200,0
PWX,60,20250227,170000,1.34,1.34,1.34,1.34,578,0
PWX,60,20250228,100000,1.34,1.34,1.28,1.28,20481,0
PWX,60,20250228,110000,1.3,1.315,1.28,1.315,9518,0
PWX,60,20250228,130000,1.315,1.315,1.315,1.315,100,0
PWX,60,20250228,140000,1.315,1.315,1.315,1.315,1515,0
PWX,60,20250228,170000,1.29,1.29,1.28,1.28,5425,0
PWX,60,20250303,100000,1.28,1.28,1.28,1.28,7,0
PWX,60,20250303,130000,1.32,1.34,1.32,1.34,863,0
PWX,60,20250303,150000,1.34,1.34,1.34,1.34,1700,0
PWX,60,20250303,160000,1.34,1.345,1.33,1.33,4400,0
PWX,60,20250303,170000,1.34,1.345,1.34,1.345,2000,0
PWX,60,20250304,100000,1.34,1.34,1.32,1.32,305,0
PWX,60,20250304,130000,1.34,1.345,1.34,1.345,2180,0
PWX,60,20250304,160000,1.335,1.335,1.33,1.33,1000,0
PWX,60,20250304,170000,1.36,1.36,1.36,1.36,1143,0
PWX,60,20250305,100000,1.38,1.38,1.38,1.38,10,0
PWX,60,20250305,110000,1.345,1.345,1.345,1.345,1500,0
PWX,60,20250305,120000,1.35,1.365,1.35,1.365,20357,0
PWX,60,20250305,130000,1.36,1.36,1.36,1.36,10,0
PWX,60,20250305,140000,1.35,1.35,1.345,1.345,4000,0
PWX,60,20250305,160000,1.36,1.36,1.35,1.36,21954,0
PWX,60,20250305,170000,1.36,1.36,1.36,1.36,3700,0
PWX,60,20250306,100000,1.365,1.365,1.33,1.35,3005,0
PWX,60,20250306,120000,1.35,1.35,1.35,1.35,1500,0
PWX,60,20250306,130000,1.35,1.35,1.35,1.35,97,0
PWX,60,20250306,170000,1.34,1.35,1.34,1.35,2607,0
PWX,60,20250307,100000,1.365,1.365,1.33,1.33,9700,0
PWX,60,20250307,110000,1.335,1.335,1.335,1.335,4014,0
PWX,60,20250307,120000,1.34,1.34,1.34,1.34,1250,0
PWX,60,20250307,150000,1.35,1.35,1.35,1.35,40,0
PWX,60,20250307,160000,1.34,1.34,1.34,1.34,1111,0
PWX,60,20250310,100000,1.31,1.34,1.31,1.34,2487,0
PWX,60,20250310,110000,1.31,1.31,1.31,1.31,99,0
PWX,60,20250310,170000,1.32,1.32,1.315,1.315,3078,0
PWX,60,20250311,100000,1.35,1.35,1.34,1.34,32,0
PWX,60,20250311,130000,1.32,1.32,1.3,1.3,5000,0
PWX,60,20250311,150000,1.335,1.34,1.31,1.315,2134,0
PWX,60,20250311,170000,1.335,1.34,1.335,1.34,100,0
PWX,60,20250312,100000,1.34,1.34,1.28,1.28,18487,0
PWX,60,20250312,110000,1.315,1.315,1.315,1.315,32300,0
PWX,60,20250312,120000,1.3,1.3,1.3,1.3,1850,0
PWX,60,20250312,130000,1.3,1.3,1.29,1.29,11741,0
PWX,60,20250312,140000,1.29,1.315,1.285,1.315,5300,0
PWX,60,20250312,150000,1.29,1.29,1.29,1.29,2025,0
PWX,60,20250312,160000,1.315,1.315,1.315,1.315,1000,0
PWX,60,20250313,100000,1.32,1.32,1.32,1.32,5,0
PWX,60,20250313,110000,1.285,1.285,1.285,1.285,19,0
PWX,60,20250313,120000,1.285,1.3,1.25,1.25,12300,0
PWX,60,20250313,130000,1.27,1.275,1.27,1.27,3450,0
PWX,60,20250313,140000,1.26,1.3,1.26,1.3,1111,0
PWX,60,20250313,160000,1.27,1.3,1.27,1.3,4088,0
PWX,60,20250313,170000,1.3,1.3,1.3,1.3,500,0
PWX,60,20250314,100000,1.3,1.3,1.28,1.28,165,0
PWX,60,20250314,120000,1.3,1.3,1.285,1.3,1848,0
PWX,60,20250314,140000,1.285,1.285,1.285,1.285,3901,0
PWX,60,20250314,160000,1.3,1.3,1.3,1.3,5875,0
PWX,60,20250314,170000,1.3,1.3,1.285,1.285,1063,0
PWX,60,20250317,100000,1.285,1.285,1.285,1.285,505,0
PWX,60,20250317,110000,1.285,1.285,1.285,1.285,9,0
PWX,60,20250317,150000,1.305,1.305,1.305,1.305,1240,0
PWX,60,20250317,170000,1.31,1.31,1.31,1.31,1365,0
PWX,60,20250318,100000,1.31,1.32,1.31,1.315,4533,0
PWX,60,20250318,110000,1.32,1.33,1.32,1.33,3331,0
PWX,60,20250318,140000,1.33,1.33,1.32,1.32,11600,0
PWX,60,20250318,150000,1.32,1.32,1.32,1.32,5000,0
PWX,60,20250318,160000,1.32,1.32,1.31,1.31,2181,0
PWX,60,20250318,170000,1.335,1.335,1.335,1.335,12,0
PWX,60,20250319,100000,1.335,1.365,1.335,1.36,8007,0
PWX,60,20250319,130000,1.36,1.36,1.34,1.36,5372,0
PWX,60,20250319,160000,1.36,1.36,1.36,1.36,3000,0
PWX,60,20250320,100000,1.365,1.365,1.35,1.35,3520,0
PWX,60,20250320,110000,1.36,1.36,1.36,1.36,1285,0
PWX,60,20250320,120000,1.36,1.36,1.36,1.36,1400,0
PWX,60,20250320,150000,1.36,1.36,1.36,1.36,300,0
PWX,60,20250320,170000,1.34,1.34,1.34,1.34,1000,0
PWX,60,20250321,100000,1.36,1.36,1.36,1.36,5,0
PWX,60,20250321,120000,1.345,1.345,1.345,1.345,30,0
PWX,60,20250321,140000,1.345,1.345,1.345,1.345,300,0
PWX,60,20250321,170000,1.33,1.33,1.32,1.32,3600,0
PWX,60,20250324,100000,1.32,1.34,1.32,1.34,1005,0
PWX,60,20250324,120000,1.34,1.34,1.34,1.34,200,0
PWX,60,20250324,130000,1.32,1.32,1.32,1.32,575,0
PWX,60,20250324,140000,1.315,1.315,1.315,1.315,380,0
PWX,60,20250324,160000,1.34,1.34,1.34,1.34,96,0
PWX,60,20250324,170000,1.35,1.35,1.35,1.35,10,0
PWX,60,20250325,100000,1.36,1.36,1.31,1.31,6179,0
PWX,60,20250325,110000,1.31,1.31,1.31,1.31,4011,0
PWX,60,20250325,120000,1.315,1.315,1.31,1.31,3779,0
PWX,60,20250325,140000,1.31,1.31,1.31,1.31,500,0
PWX,60,20250325,170000,1.31,1.31,1.31,1.31,10060,0
PWX,60,20250326,100000,1.34,1.34,1.34,1.34,5,0
PWX,60,20250326,160000,1.335,1.335,1.31,1.31,5770,0
PWX,60,20250326,170000,1.31,1.31,1.31,1.31,44,0
PWX,60,20250327,100000,1.31,1.31,1.305,1.305,2144,0
PWX,60,20250327,110000,1.305,1.305,1.305,1.305,61,0
PWX,60,20250327,120000,1.305,1.36,1.305,1.36,5219,0
PWX,60,20250327,160000,1.33,1.33,1.33,1.33,250,0
PWX,60,20250327,170000,1.33,1.33,1.32,1.32,1030,0
PWX,60,20250328,100000,1.32,1.32,1.32,1.32,10,0
PWX,60,20250328,160000,1.33,1.33,1.33,1.33,220,0
PWX,60,20250331,100000,1.33,1.355,1.33,1.34,2015,0
PWX,60,20250331,120000,1.34,1.34,1.34,1.34,1000,0
PWX,60,20250331,150000,1.34,1.34,1.34,1.34,2000,0
PWX,60,20250331,160000,1.335,1.335,1.33,1.33,2500,0
PWX,60,20250401,100000,1.33,1.33,1.31,1.31,4991,0
PWX,60,20250401,110000,1.315,1.315,1.315,1.315,2385,0
PWX,60,20250401,120000,1.325,1.325,1.32,1.32,2174,0
PWX,60,20250401,140000,1.32,1.325,1.32,1.325,2300,0
PWX,60,20250401,160000,1.31,1.31,1.31,1.31,5493,0
PWX,60,20250402,100000,1.31,1.31,1.3,1.3,10005,0
PWX,60,20250402,110000,1.3,1.3,1.3,1.3,4000,0
PWX,60,20250402,120000,1.3,1.3,1.285,1.285,14089,0
PWX,60,20250402,130000,1.325,1.325,1.325,1.325,8,0
PWX,60,20250402,150000,1.29,1.29,1.285,1.285,12621,0
PWX,60,20250402,170000,1.28,1.28,1.28,1.28,825,0
PWX,60,20250403,100000,1.28,1.32,1.28,1.32,18,0
PWX,60,20250403,130000,1.31,1.31,1.31,1.31,2208,0
PWX,60,20250403,140000,1.285,1.285,1.285,1.285,400,0
PWX,60,20250403,160000,1.285,1.29,1.28,1.28,5515,0
PWX,60,20250404,100000,1.285,1.285,1.285,1.285,397,0
PWX,60,20250404,110000,1.285,1.285,1.28,1.28,10586,0
PWX,60,20250404,120000,1.28,1.28,1.28,1.28,11000,0
PWX,60,20250404,150000,1.28,1.305,1.255,1.255,9859,0
PWX,60,20250404,160000,1.255,1.29,1.255,1.26,6253,0
PWX,60,20250404,170000,1.26,1.26,1.26,1.26,110,0
PWX,60,20250407,100000,1.26,1.32,1.26,1.27,1874,0
PWX,60,20250407,110000,1.27,1.27,1.255,1.255,2000,0
PWX,60,20250407,120000,1.29,1.29,1.29,1.29,75,0
PWX,60,20250407,140000,1.265,1.265,1.26,1.26,24,0
PWX,60,20250407,150000,1.26,1.26,1.26,1.26,1171,0
PWX,60,20250407,170000,1.25,1.25,1.25,1.25,6238,0
PWX,60,20250408,100000,1.25,1.25,1.25,1.25,5,0
PWX,60,20250408,110000,1.28,1.29,1.28,1.29,2250,0
PWX,60,20250408,130000,1.27,1.27,1.25,1.25,14701,0
PWX,60,20250408,140000,1.25,1.25,1.25,1.25,2640,0
PWX,60,20250408,150000,1.25,1.25,1.25,1.25,1877,0
PWX,60,20250409,100000,1.25,1.29,1.25,1.29,1560,0
PWX,60,20250409,110000,1.28,1.28,1.28,1.28,877,0
PWX,60,20250409,140000,1.29,1.29,1.28,1.28,554,0
PWX,60,20250409,150000,1.28,1.28,1.28,1.28,1833,0
PWX,60,20250409,170000,1.26,1.26,1.26,1.26,1000,0
PWX,60,20250410,100000,1.27,1.305,1.27,1.275,44,0
PWX,60,20250410,120000,1.285,1.285,1.275,1.275,3000,0
PWX,60,20250411,100000,1.3,1.3,1.29,1.295,7050,0
PWX,60,20250411,130000,1.28,1.295,1.275,1.295,3008,0
PWX,60,20250411,150000,1.295,1.295,1.295,1.295,1381,0
PWX,60,20250414,100000,1.305,1.305,1.29,1.305,5011,0
PWX,60,20250414,110000,1.29,1.29,1.28,1.28,5500,0
PWX,60,20250414,120000,1.275,1.3,1.275,1.28,3050,0
PWX,60,20250414,150000,1.3,1.3,1.3,1.3,150,0
PWX,60,20250414,160000,1.28,1.28,1.28,1.28,1000,0
PWX,60,20250415,100000,1.3,1.3,1.3,1.3,255,0
PWX,60,20250415,130000,1.275,1.275,1.27,1.27,12871,0
PWX,60,20250415,150000,1.265,1.3,1.265,1.3,2758,0
PWX,60,20250415,160000,1.27,1.27,1.27,1.27,1020,0
PWX,60,20250415,170000,1.3,1.3,1.3,1.3,1,0
PWX,60,20250416,100000,1.3,1.3,1.275,1.275,4015,0
PWX,60,20250416,110000,1.275,1.275,1.27,1.27,7010,0
PWX,60,20250416,120000,1.285,1.285,1.285,1.285,1597,0
PWX,60,20250416,130000,1.285,1.285,1.285,1.285,1500,0
PWX,60,20250416,140000,1.285,1.285,1.285,1.285,3200,0
PWX,60,20250416,150000,1.275,1.275,1.275,1.275,3500,0
PWX,60,20250416,160000,1.275,1.275,1.275,1.275,100,0
PWX,60,20250416,170000,1.27,1.27,1.27,1.27,3409,0
PWX,60,20250417,100000,1.29,1.3,1.27,1.27,2283,0
PWX,60,20250417,110000,1.27,1.28,1.27,1.28,4285,0
PWX,60,20250417,120000,1.275,1.275,1.275,1.275,945,0
PWX,60,20250417,130000,1.275,1.275,1.275,1.275,1030,0
PWX,60,20250417,140000,1.27,1.27,1.25,1.25,76134,0
PWX,60,20250417,150000,1.275,1.275,1.25,1.275,16712,0
PWX,60,20250417,160000,1.275,1.275,1.245,1.25,16040,0
PWX,60,20250417,170000,1.25,1.255,1.25,1.25,15497,0
PWX,60,20250422,100000,1.295,1.295,1.275,1.275,2320,0
PWX,60,20250422,110000,1.275,1.275,1.26,1.26,5508,0
PWX,60,20250422,120000,1.255,1.29,1.255,1.29,494,0
PWX,60,20250422,130000,1.27,1.27,1.27,1.27,3200,0
PWX,60,20250422,140000,1.27,1.27,1.27,1.27,2000,0
PWX,60,20250423,100000,1.28,1.295,1.28,1.295,455,0
PWX,60,20250423,110000,1.295,1.3,1.29,1.29,7476,0
PWX,60,20250423,120000,1.28,1.28,1.275,1.275,52705,0
PWX,60,20250423,130000,1.275,1.275,1.275,1.275,4000,0
PWX,60,20250423,160000,1.275,1.285,1.275,1.285,1960,0
PWX,60,20250424,100000,1.29,1.3,1.29,1.3,5066,0
PWX,60,20250424,110000,1.28,1.28,1.275,1.275,4000,0
PWX,60,20250424,120000,1.28,1.28,1.27,1.27,50625,0
PWX,60,20250424,130000,1.27,1.27,1.27,1.27,5500,0
PWX,60,20250424,140000,1.27,1.27,1.27,1.27,3938,0
PWX,60,20250424,150000,1.27,1.29,1.27,1.27,2422,0
PWX,60,20250424,160000,1.27,1.28,1.27,1.27,3000,0
PWX,60,20250425,100000,1.27,1.3,1.27,1.275,1517,0
PWX,60,20250425,110000,1.29,1.29,1.29,1.29,1100,0
PWX,60,20250425,130000,1.29,1.29,1.27,1.27,1988,0
PWX,60,20250425,140000,1.29,1.29,1.29,1.29,8,0
PWX,60,20250425,150000,1.29,1.29,1.29,1.29,3000,0
PWX,60,20250425,160000,1.29,1.29,1.29,1.29,10,0
PWX,60,20250428,100000,1.3,1.3,1.27,1.27,6698,0
PWX,60,20250428,110000,1.27,1.27,1.26,1.26,7021,0
PWX,60,20250428,130000,1.285,1.285,1.285,1.285,28,0
PWX,60,20250428,140000,1.285,1.285,1.26,1.26,1416,0
PWX,60,20250428,150000,1.26,1.26,1.255,1.255,4657,0
PWX,60,20250428,160000,1.275,1.275,1.245,1.245,8043,0
PWX,60,20250428,170000,1.27,1.27,1.27,1.27,4510,0
PWX,60,20250429,100000,1.295,1.295,1.24,1.24,6900,0
PWX,60,20250429,130000,1.27,1.27,1.27,1.27,441,0
PWX,60,20250429,140000,1.285,1.285,1.285,1.285,20,0
PWX,60,20250429,150000,1.29,1.29,1.29,1.29,1,0
PWX,60,20250429,160000,1.3,1.3,1.3,1.3,1,0
PWX,60,20250429,170000,1.27,1.27,1.27,1.27,139,0
PWX,60,20250430,100000,1.3,1.3,1.3,1.3,335,0
PWX,60,20250430,120000,1.3,1.3,1.3,1.3,8,0
PWX,60,20250430,130000,1.27,1.3,1.27,1.3,1418,0
PWX,60,20250430,170000,1.27,1.27,1.27,1.27,8,0
PWX,60,20250502,100000,1.3,1.3,1.3,1.3,2,0
PWX,60,20250502,110000,1.3,1.3,1.3,1.3,2187,0
PWX,60,20250502,130000,1.295,1.295,1.295,1.295,100,0
PWX,60,20250502,140000,1.295,1.295,1.295,1.295,2420,0
PWX,60,20250505,100000,1.3,1.3,1.27,1.27,18312,0
PWX,60,20250505,110000,1.27,1.27,1.265,1.27,14699,0
PWX,60,20250505,120000,1.285,1.285,1.28,1.285,890,0
PWX,60,20250505,150000,1.27,1.285,1.27,1.285,2170,0
PWX,60,20250505,160000,1.285,1.285,1.285,1.285,2000,0
PWX,60,20250506,100000,1.285,1.285,1.27,1.27,43,0
PWX,60,20250506,110000,1.28,1.28,1.27,1.28,3045,0
PWX,60,20250506,120000,1.28,1.28,1.28,1.28,1028,0
PWX,60,20250506,130000,1.28,1.28,1.28,1.28,1367,0
PWX,60,20250506,140000,1.27,1.27,1.265,1.265,3908,0
PWX,60,20250506,150000,1.275,1.275,1.265,1.27,6001,0
PWX,60,20250506,160000,1.28,1.28,1.28,1.28,20,0
