<TICKER>,<PER>,<DATE>,<TIME>,<OPEN>,<HIGH>,<LOW>,<CLOSE>,<VOL>,<OPENINT>
RAE,60,20240411,100000,0.664,0.696,0.66,0.66,5278,0
RAE,60,20240411,110000,0.66,0.696,0.655,0.655,9232,0
RAE,60,20240411,120000,0.69,0.69,0.668,0.668,650,0
RAE,60,20240411,130000,0.666,0.678,0.66,0.676,2661,0
RAE,60,20240411,140000,0.662,0.662,0.662,0.662,1595,0
RAE,60,20240411,160000,0.665,0.665,0.656,0.656,9460,0
RAE,60,20240411,170000,0.662,0.662,0.658,0.658,150,0
RAE,60,20240412,100000,0.655,0.658,0.612,0.658,4015,0
RAE,60,20240412,120000,0.652,0.652,0.615,0.615,33704,0
RAE,60,20240412,130000,0.649,0.649,0.615,0.615,6919,0
RAE,60,20240412,140000,0.647,0.647,0.647,0.647,700,0
RAE,60,20240412,150000,0.646,0.647,0.646,0.647,160,0
RAE,60,20240412,170000,0.642,0.647,0.624,0.624,11732,0
RAE,60,20240415,100000,0.62,0.62,0.61,0.61,18271,0
RAE,60,20240415,110000,0.612,0.612,0.612,0.612,20,0
RAE,60,20240415,120000,0.62,0.642,0.62,0.64,7736,0
RAE,60,20240415,130000,0.64,0.64,0.64,0.64,4608,0
RAE,60,20240415,140000,0.644,0.668,0.64,0.664,2607,0
RAE,60,20240415,160000,0.654,0.666,0.65,0.666,13089,0
RAE,60,20240415,170000,0.65,0.662,0.65,0.66,1617,0
RAE,60,20240416,100000,0.668,0.668,0.65,0.668,19045,0
RAE,60,20240416,110000,0.68,0.71,0.676,0.688,43076,0
RAE,60,20240416,120000,0.688,0.71,0.684,0.688,12254,0
RAE,60,20240416,130000,0.688,0.688,0.686,0.686,5318,0
RAE,60,20240416,140000,0.676,0.688,0.676,0.688,1530,0
RAE,60,20240416,160000,0.678,0.7,0.678,0.7,4482,0
RAE,60,20240416,170000,0.692,0.699,0.69,0.699,5083,0
RAE,60,20240417,100000,0.71,0.71,0.699,0.699,5941,0
RAE,60,20240417,110000,0.69,0.69,0.686,0.686,3429,0
RAE,60,20240417,120000,0.69,0.69,0.69,0.69,237,0
RAE,60,20240417,140000,0.686,0.686,0.686,0.686,1960,0
RAE,60,20240417,150000,0.7,0.7,0.7,0.7,8169,0
RAE,60,20240417,160000,0.71,0.71,0.705,0.707,9983,0
RAE,60,20240417,170000,0.69,0.69,0.686,0.688,2707,0
RAE,60,20240418,110000,0.696,0.696,0.696,0.696,1,0
RAE,60,20240418,120000,0.696,0.698,0.696,0.698,6736,0
RAE,60,20240418,130000,0.698,0.698,0.696,0.696,2264,0
RAE,60,20240418,140000,0.696,0.699,0.696,0.699,7340,0
RAE,60,20240418,150000,0.699,0.699,0.699,0.699,1311,0
RAE,60,20240418,160000,0.696,0.699,0.68,0.68,4110,0
RAE,60,20240418,170000,0.699,0.71,0.699,0.71,22450,0
RAE,60,20240419,100000,0.74,0.78,0.74,0.766,205366,0
RAE,60,20240419,110000,0.756,0.762,0.742,0.742,39628,0
RAE,60,20240419,120000,0.746,0.749,0.72,0.72,45738,0
RAE,60,20240419,130000,0.735,0.738,0.73,0.73,16381,0
RAE,60,20240419,140000,0.738,0.74,0.73,0.74,16737,0
RAE,60,20240419,150000,0.74,0.74,0.72,0.72,7136,0
RAE,60,20240419,160000,0.72,0.73,0.716,0.73,9695,0
RAE,60,20240419,170000,0.726,0.726,0.695,0.726,116817,0
RAE,60,20240422,100000,0.75,0.78,0.75,0.75,96635,0
RAE,60,20240422,110000,0.77,0.77,0.731,0.734,13702,0
RAE,60,20240422,120000,0.734,0.766,0.734,0.766,9411,0
RAE,60,20240422,130000,0.766,0.766,0.758,0.758,3840,0
RAE,60,20240422,140000,0.74,0.75,0.73,0.75,8025,0
RAE,60,20240422,150000,0.74,0.74,0.731,0.731,2906,0
RAE,60,20240422,160000,0.749,0.75,0.728,0.728,8848,0
RAE,60,20240422,170000,0.734,0.736,0.72,0.736,16408,0
RAE,60,20240423,100000,0.722,0.722,0.702,0.702,1437,0
RAE,60,20240423,120000,0.72,0.72,0.72,0.72,680,0
RAE,60,20240423,140000,0.72,0.72,0.72,0.72,1400,0
RAE,60,20240423,150000,0.716,0.716,0.706,0.706,50,0
RAE,60,20240423,170000,0.706,0.721,0.706,0.72,8550,0
RAE,60,20240424,100000,0.748,0.748,0.71,0.711,2452,0
RAE,60,20240424,110000,0.73,0.73,0.695,0.7,13552,0
RAE,60,20240424,120000,0.7,0.7,0.678,0.678,6487,0
RAE,60,20240424,130000,0.656,0.679,0.656,0.679,38702,0
RAE,60,20240424,140000,0.679,0.679,0.66,0.67,1666,0
RAE,60,20240424,150000,0.67,0.679,0.66,0.66,20821,0
RAE,60,20240424,160000,0.661,0.678,0.66,0.661,17483,0
RAE,60,20240424,170000,0.662,0.678,0.66,0.678,12580,0
RAE,60,20240425,100000,0.677,0.677,0.67,0.67,1870,0
RAE,60,20240425,110000,0.662,0.662,0.662,0.662,4546,0
RAE,60,20240425,120000,0.662,0.67,0.66,0.67,8549,0
RAE,60,20240425,130000,0.677,0.693,0.67,0.67,4700,0
RAE,60,20240425,140000,0.671,0.671,0.67,0.67,4000,0
RAE,60,20240425,150000,0.683,0.685,0.67,0.67,17224,0
RAE,60,20240425,160000,0.67,0.67,0.67,0.67,9290,0
RAE,60,20240425,170000,0.67,0.684,0.662,0.682,21828,0
RAE,60,20240426,100000,0.69,0.69,0.67,0.67,91700,0
RAE,60,20240426,110000,0.68,0.68,0.68,0.68,1050,0
RAE,60,20240426,120000,0.672,0.672,0.67,0.67,2850,0
RAE,60,20240426,140000,0.67,0.67,0.67,0.67,4950,0
RAE,60,20240426,150000,0.67,0.67,0.67,0.67,1000,0
RAE,60,20240426,170000,0.672,0.698,0.67,0.698,36981,0
RAE,60,20240429,100000,0.698,0.7,0.698,0.7,5613,0
RAE,60,20240429,110000,0.7,0.7,0.7,0.7,500,0
RAE,60,20240429,120000,0.698,0.71,0.698,0.71,9527,0
RAE,60,20240429,130000,0.706,0.706,0.706,0.706,400,0
RAE,60,20240429,140000,0.71,0.724,0.7,0.7,12391,0
RAE,60,20240429,150000,0.722,0.747,0.7,0.746,47786,0
RAE,60,20240429,160000,0.748,0.75,0.724,0.748,44183,0
RAE,60,20240429,170000,0.746,0.75,0.732,0.75,29950,0
RAE,60,20240430,100000,0.759,0.759,0.73,0.73,17553,0
RAE,60,20240430,110000,0.712,0.732,0.712,0.732,2160,0
RAE,60,20240430,120000,0.742,0.75,0.742,0.749,18160,0
RAE,60,20240430,130000,0.732,0.748,0.732,0.748,1753,0
RAE,60,20240430,140000,0.732,0.732,0.732,0.732,3316,0
RAE,60,20240430,150000,0.736,0.74,0.732,0.74,453,0
RAE,60,20240430,160000,0.74,0.75,0.74,0.75,26266,0
RAE,60,20240430,170000,0.75,0.756,0.74,0.756,25893,0
RAE,60,20240502,100000,0.732,0.732,0.72,0.722,5921,0
RAE,60,20240502,110000,0.724,0.73,0.722,0.722,5846,0
RAE,60,20240502,130000,0.738,0.74,0.726,0.73,193,0
RAE,60,20240502,140000,0.728,0.73,0.724,0.724,715,0
RAE,60,20240502,150000,0.724,0.724,0.72,0.72,18000,0
RAE,60,20240502,170000,0.726,0.74,0.724,0.738,15116,0
RAE,60,20240506,100000,0.736,0.756,0.736,0.755,17306,0
RAE,60,20240506,110000,0.744,0.755,0.738,0.738,11524,0
RAE,60,20240506,120000,0.734,0.738,0.734,0.738,7712,0
RAE,60,20240506,130000,0.75,0.75,0.75,0.75,300,0
RAE,60,20240506,140000,0.738,0.738,0.736,0.736,4936,0
RAE,60,20240506,150000,0.748,0.749,0.734,0.734,6068,0
RAE,60,20240506,160000,0.734,0.755,0.734,0.74,26268,0
RAE,60,20240506,170000,0.75,0.75,0.74,0.746,13697,0
RAE,60,20240507,100000,0.732,0.75,0.732,0.732,6135,0
RAE,60,20240507,110000,0.732,0.748,0.732,0.748,2165,0
RAE,60,20240507,120000,0.734,0.734,0.732,0.732,1000,0
RAE,60,20240507,150000,0.744,0.75,0.744,0.75,5433,0
RAE,60,20240507,160000,0.75,0.754,0.75,0.754,4495,0
RAE,60,20240507,170000,0.738,0.75,0.734,0.75,8156,0
RAE,60,20240508,100000,0.754,0.754,0.754,0.754,10,0
RAE,60,20240508,110000,0.736,0.75,0.736,0.75,1301,0
RAE,60,20240508,130000,0.75,0.75,0.75,0.75,73,0
RAE,60,20240508,140000,0.75,0.754,0.75,0.754,8808,0
RAE,60,20240508,150000,0.754,0.754,0.75,0.752,3192,0
RAE,60,20240508,160000,0.738,0.752,0.736,0.752,3600,0
RAE,60,20240508,170000,0.738,0.78,0.738,0.778,73719,0
RAE,60,20240509,100000,0.778,0.778,0.742,0.75,76030,0
RAE,60,20240509,110000,0.744,0.744,0.73,0.73,27224,0
RAE,60,20240509,120000,0.74,0.74,0.724,0.74,12776,0
RAE,60,20240509,130000,0.74,0.74,0.74,0.74,5020,0
RAE,60,20240509,140000,0.746,0.758,0.745,0.758,46208,0
RAE,60,20240509,150000,0.742,0.742,0.742,0.742,3972,0
RAE,60,20240509,170000,0.742,0.756,0.732,0.732,30928,0
RAE,60,20240510,100000,0.746,0.746,0.746,0.746,78,0
RAE,60,20240510,110000,0.74,0.74,0.726,0.726,10193,0
RAE,60,20240510,120000,0.734,0.742,0.726,0.742,1000,0
RAE,60,20240510,140000,0.73,0.744,0.73,0.732,9476,0
RAE,60,20240510,150000,0.74,0.74,0.74,0.74,9564,0
RAE,60,20240510,170000,0.74,0.744,0.74,0.744,37966,0
RAE,60,20240513,100000,0.758,0.778,0.758,0.77,3895,0
RAE,60,20240513,110000,0.76,0.76,0.75,0.75,728,0
RAE,60,20240513,120000,0.748,0.748,0.746,0.746,4780,0
RAE,60,20240513,130000,0.756,0.756,0.756,0.756,3000,0
RAE,60,20240513,140000,0.748,0.748,0.746,0.746,1873,0
RAE,60,20240513,150000,0.748,0.766,0.748,0.748,25520,0
RAE,60,20240513,160000,0.765,0.765,0.765,0.765,600,0
RAE,60,20240514,100000,0.766,0.766,0.748,0.748,209,0
RAE,60,20240514,110000,0.744,0.746,0.744,0.744,370,0
RAE,60,20240514,120000,0.746,0.746,0.746,0.746,550,0
RAE,60,20240514,130000,0.746,0.746,0.74,0.741,5750,0
RAE,60,20240514,140000,0.741,0.741,0.736,0.736,8074,0
RAE,60,20240514,160000,0.734,0.742,0.734,0.742,9316,0
RAE,60,20240514,170000,0.742,0.748,0.742,0.748,1377,0
RAE,60,20240515,100000,0.75,0.762,0.748,0.762,3523,0
RAE,60,20240515,110000,0.738,0.738,0.738,0.738,1,0
RAE,60,20240515,120000,0.748,0.748,0.74,0.74,3051,0
RAE,60,20240515,130000,0.738,0.746,0.734,0.734,8461,0
RAE,60,20240515,170000,0.736,0.746,0.735,0.746,367,0
RAE,60,20240516,100000,0.759,0.76,0.759,0.76,9950,0
RAE,60,20240516,110000,0.738,0.738,0.73,0.73,29173,0
RAE,60,20240516,120000,0.732,0.732,0.732,0.732,20,0
RAE,60,20240516,130000,0.734,0.756,0.73,0.73,3508,0
RAE,60,20240516,140000,0.74,0.74,0.74,0.74,1200,0
RAE,60,20240516,150000,0.75,0.75,0.75,0.75,1010,0
RAE,60,20240517,100000,0.75,0.75,0.728,0.73,8654,0
RAE,60,20240517,110000,0.73,0.749,0.73,0.749,235,0
RAE,60,20240517,130000,0.748,0.748,0.74,0.74,2950,0
RAE,60,20240517,140000,0.73,0.73,0.73,0.73,2652,0
RAE,60,20240517,150000,0.73,0.73,0.73,0.73,46,0
RAE,60,20240517,160000,0.74,0.74,0.74,0.74,166,0
RAE,60,20240517,170000,0.74,0.744,0.74,0.744,3072,0
RAE,60,20240520,100000,0.74,0.744,0.72,0.72,22408,0
RAE,60,20240520,110000,0.722,0.722,0.718,0.72,10164,0
RAE,60,20240520,120000,0.72,0.72,0.701,0.72,9986,0
RAE,60,20240520,130000,0.72,0.72,0.72,0.72,80,0
RAE,60,20240520,140000,0.72,0.72,0.72,0.72,22351,0
RAE,60,20240520,150000,0.718,0.718,0.71,0.71,3700,0
RAE,60,20240520,160000,0.714,0.715,0.71,0.715,6600,0
RAE,60,20240520,170000,0.715,0.715,0.698,0.7,45400,0
RAE,60,20240521,100000,0.695,0.7,0.69,0.69,11841,0
RAE,60,20240521,110000,0.7,0.702,0.69,0.702,2054,0
RAE,60,20240521,120000,0.7,0.7,0.7,0.7,2925,0
RAE,60,20240521,130000,0.7,0.7,0.692,0.692,113,0
RAE,60,20240521,160000,0.698,0.698,0.698,0.698,1457,0
RAE,60,20240521,170000,0.698,0.702,0.698,0.702,18418,0
RAE,60,20240522,100000,0.7,0.7,0.7,0.7,10533,0
RAE,60,20240522,120000,0.705,0.705,0.7,0.7,22100,0
RAE,60,20240522,130000,0.702,0.702,0.7,0.702,4015,0
RAE,60,20240522,140000,0.7,0.702,0.7,0.702,8425,0
RAE,60,20240522,150000,0.7,0.7,0.698,0.698,5467,0
RAE,60,20240522,160000,0.698,0.7,0.698,0.7,2533,0
RAE,60,20240523,100000,0.7,0.702,0.7,0.702,12466,0
RAE,60,20240523,110000,0.702,0.702,0.702,0.702,1500,0
RAE,60,20240523,140000,0.7,0.7,0.7,0.7,1500,0
RAE,60,20240523,160000,0.7,0.7,0.7,0.7,9534,0
RAE,60,20240523,170000,0.698,0.698,0.69,0.69,7480,0
RAE,60,20240524,100000,0.686,0.686,0.684,0.684,14913,0
RAE,60,20240524,110000,0.694,0.696,0.688,0.688,452,0
RAE,60,20240524,120000,0.69,0.69,0.69,0.69,16154,0
RAE,60,20240524,130000,0.706,0.71,0.706,0.71,4642,0
RAE,60,20240524,140000,0.692,0.692,0.692,0.692,13,0
RAE,60,20240524,150000,0.712,0.714,0.712,0.714,515,0
RAE,60,20240524,160000,0.712,0.714,0.692,0.714,4989,0
RAE,60,20240527,100000,0.694,0.694,0.694,0.694,513,0
RAE,60,20240527,110000,0.694,0.694,0.692,0.692,7977,0
RAE,60,20240527,130000,0.692,0.692,0.692,0.692,1625,0
RAE,60,20240527,150000,0.692,0.692,0.69,0.69,5002,0
RAE,60,20240527,170000,0.712,0.713,0.712,0.713,221,0
RAE,60,20240528,100000,0.694,0.694,0.684,0.684,3050,0
RAE,60,20240528,120000,0.685,0.685,0.685,0.685,3209,0
RAE,60,20240528,140000,0.69,0.69,0.69,0.69,850,0
RAE,60,20240528,150000,0.69,0.69,0.69,0.69,3150,0
RAE,60,20240528,160000,0.694,0.694,0.686,0.686,3984,0
RAE,60,20240528,170000,0.685,0.69,0.685,0.69,3052,0
RAE,60,20240529,100000,0.69,0.69,0.685,0.685,2987,0
RAE,60,20240529,140000,0.693,0.702,0.69,0.702,341,0
RAE,60,20240529,170000,0.702,0.71,0.696,0.696,4853,0
RAE,60,20240531,100000,0.697,0.706,0.696,0.706,6712,0
RAE,60,20240531,110000,0.706,0.718,0.706,0.718,1500,0
RAE,60,20240531,120000,0.71,0.71,0.71,0.71,2000,0
RAE,60,20240531,130000,0.71,0.71,0.71,0.71,19351,0
RAE,60,20240531,150000,0.712,0.714,0.712,0.714,216,0
RAE,60,20240531,160000,0.71,0.71,0.71,0.71,8784,0
RAE,60,20240531,170000,0.71,0.714,0.71,0.714,1550,0
RAE,60,20240603,100000,0.714,0.72,0.706,0.706,1403,0
RAE,60,20240603,130000,0.719,0.719,0.719,0.719,300,0
RAE,60,20240603,140000,0.718,0.726,0.718,0.726,11907,0
RAE,60,20240603,150000,0.726,0.726,0.726,0.726,1620,0
RAE,60,20240603,160000,0.726,0.73,0.726,0.73,506,0
RAE,60,20240603,170000,0.72,0.73,0.72,0.73,1600,0
RAE,60,20240604,100000,0.72,0.738,0.72,0.737,8170,0
RAE,60,20240604,110000,0.735,0.736,0.735,0.735,1350,0
RAE,60,20240604,130000,0.73,0.73,0.726,0.726,4646,0
RAE,60,20240604,140000,0.732,0.732,0.726,0.726,320,0
RAE,60,20240604,150000,0.726,0.726,0.726,0.726,379,0
RAE,60,20240604,170000,0.726,0.726,0.726,0.726,398,0
RAE,60,20240605,100000,0.726,0.726,0.726,0.726,4730,0
RAE,60,20240605,110000,0.722,0.722,0.718,0.718,13419,0
RAE,60,20240605,130000,0.718,0.718,0.718,0.718,100,0
RAE,60,20240605,170000,0.718,0.73,0.718,0.718,48966,0
RAE,60,20240606,100000,0.718,0.73,0.712,0.716,30289,0
RAE,60,20240606,110000,0.736,0.736,0.736,0.736,500,0
RAE,60,20240606,120000,0.735,0.735,0.735,0.735,34,0
RAE,60,20240606,130000,0.734,0.734,0.734,0.734,5956,0
RAE,60,20240606,150000,0.73,0.73,0.722,0.73,231,0
RAE,60,20240606,170000,0.722,0.73,0.715,0.73,6343,0
RAE,60,20240607,100000,0.73,0.73,0.71,0.71,8400,0
RAE,60,20240607,110000,0.71,0.722,0.71,0.722,6690,0
RAE,60,20240607,150000,0.724,0.724,0.72,0.722,1318,0
RAE,60,20240607,170000,0.722,0.722,0.722,0.722,1134,0
RAE,60,20240610,100000,0.73,0.73,0.73,0.73,1950,0
RAE,60,20240610,120000,0.728,0.728,0.728,0.728,228,0
RAE,60,20240610,130000,0.724,0.724,0.717,0.717,4705,0
RAE,60,20240611,110000,0.723,0.723,0.723,0.723,90,0
RAE,60,20240611,130000,0.712,0.712,0.684,0.699,6700,0
RAE,60,20240611,140000,0.7,0.7,0.7,0.7,5000,0
RAE,60,20240611,150000,0.706,0.712,0.706,0.706,6693,0
RAE,60,20240611,160000,0.712,0.712,0.706,0.706,88,0
RAE,60,20240611,170000,0.706,0.712,0.7,0.712,4996,0
RAE,60,20240612,100000,0.712,0.712,0.684,0.684,3686,0
RAE,60,20240612,110000,0.699,0.7,0.699,0.7,7870,0
RAE,60,20240612,120000,0.69,0.698,0.685,0.698,1619,0
RAE,60,20240612,130000,0.697,0.697,0.697,0.697,200,0
RAE,60,20240612,140000,0.697,0.697,0.691,0.691,4799,0
RAE,60,20240612,170000,0.697,0.697,0.697,0.697,450,0
RAE,60,20240613,100000,0.69,0.69,0.69,0.69,165,0
RAE,60,20240613,110000,0.692,0.692,0.692,0.692,20,0
RAE,60,20240613,120000,0.692,0.702,0.692,0.702,5000,0
RAE,60,20240613,140000,0.692,0.7,0.68,0.7,31392,0
RAE,60,20240613,150000,0.69,0.69,0.679,0.679,14000,0
RAE,60,20240613,160000,0.679,0.679,0.678,0.678,1720,0
RAE,60,20240613,170000,0.677,0.686,0.66,0.66,39063,0
RAE,60,20240614,100000,0.684,0.684,0.62,0.623,29075,0
RAE,60,20240614,110000,0.634,0.676,0.63,0.65,15603,0
RAE,60,20240614,120000,0.674,0.674,0.674,0.674,125,0
RAE,60,20240614,140000,0.67,0.67,0.67,0.67,500,0
RAE,60,20240614,150000,0.646,0.646,0.62,0.636,39128,0
RAE,60,20240614,160000,0.618,0.623,0.616,0.623,34302,0
RAE,60,20240614,170000,0.616,0.616,0.613,0.613,7277,0
RAE,60,20240617,100000,0.624,0.642,0.624,0.642,14499,0
RAE,60,20240617,110000,0.64,0.64,0.64,0.64,2515,0
RAE,60,20240617,120000,0.639,0.64,0.639,0.639,1550,0
RAE,60,20240617,150000,0.639,0.639,0.639,0.639,2453,0
RAE,60,20240617,160000,0.64,0.64,0.639,0.639,362,0
RAE,60,20240617,170000,0.632,0.632,0.631,0.631,1400,0
RAE,60,20240618,100000,0.638,0.642,0.63,0.642,4479,0
RAE,60,20240618,110000,0.633,0.633,0.62,0.62,23407,0
RAE,60,20240618,120000,0.616,0.616,0.596,0.61,41610,0
RAE,60,20240618,130000,0.61,0.618,0.6,0.6,13009,0
RAE,60,20240618,150000,0.605,0.605,0.605,0.605,1536,0
RAE,60,20240618,160000,0.605,0.605,0.598,0.598,27621,0
RAE,60,20240618,170000,0.6,0.601,0.595,0.6,17832,0
RAE,60,20240619,100000,0.6,0.606,0.6,0.606,3893,0
RAE,60,20240619,110000,0.604,0.61,0.604,0.61,7485,0
RAE,60,20240619,120000,0.609,0.609,0.609,0.609,580,0
RAE,60,20240619,130000,0.611,0.611,0.6,0.6,4949,0
RAE,60,20240619,150000,0.609,0.609,0.609,0.609,100,0
RAE,60,20240619,160000,0.608,0.608,0.608,0.608,87,0
RAE,60,20240620,100000,0.601,0.601,0.601,0.601,50,0
RAE,60,20240620,110000,0.604,0.604,0.604,0.604,66,0
RAE,60,20240620,120000,0.602,0.602,0.601,0.601,3000,0
RAE,60,20240620,130000,0.604,0.604,0.601,0.601,4094,0
RAE,60,20240620,140000,0.601,0.605,0.601,0.605,2106,0
RAE,60,20240620,150000,0.602,0.602,0.6,0.6,6800,0
RAE,60,20240620,160000,0.6,0.6,0.6,0.6,13000,0
RAE,60,20240620,170000,0.6,0.6,0.598,0.598,1332,0
RAE,60,20240621,100000,0.605,0.605,0.605,0.605,2000,0
RAE,60,20240621,110000,0.601,0.601,0.6,0.6,1320,0
RAE,60,20240621,130000,0.604,0.604,0.604,0.604,100,0
RAE,60,20240621,140000,0.604,0.606,0.601,0.601,2156,0
RAE,60,20240621,150000,0.605,0.605,0.605,0.605,104,0
RAE,60,20240621,160000,0.604,0.608,0.602,0.602,2620,0
RAE,60,20240621,170000,0.604,0.604,0.602,0.602,4389,0
RAE,60,20240624,100000,0.627,0.627,0.627,0.627,10000,0
RAE,60,20240624,120000,0.604,0.604,0.602,0.602,3176,0
RAE,60,20240625,140000,0.622,0.622,0.6,0.6,8092,0
RAE,60,20240625,160000,0.61,0.61,0.61,0.61,2000,0
RAE,60,20240626,100000,0.614,0.614,0.6,0.6,5416,0
RAE,60,20240626,110000,0.598,0.598,0.596,0.596,1400,0
RAE,60,20240626,130000,0.595,0.595,0.58,0.58,21582,0
RAE,60,20240626,140000,0.594,0.594,0.593,0.593,3516,0
RAE,60,20240626,150000,0.583,0.583,0.582,0.582,2000,0
RAE,60,20240626,170000,0.584,0.595,0.582,0.595,7334,0
RAE,60,20240627,100000,0.582,0.59,0.582,0.59,2544,0
RAE,60,20240627,110000,0.59,0.595,0.59,0.595,11432,0
RAE,60,20240627,120000,0.595,0.595,0.595,0.595,1431,0
RAE,60,20240627,130000,0.596,0.596,0.594,0.594,943,0
RAE,60,20240627,140000,0.594,0.594,0.594,0.594,400,0
RAE,60,20240627,150000,0.596,0.596,0.596,0.596,457,0
RAE,60,20240627,170000,0.596,0.607,0.594,0.607,2632,0
RAE,60,20240628,100000,0.607,0.607,0.606,0.606,40,0
RAE,60,20240628,140000,0.602,0.606,0.602,0.602,8190,0
RAE,60,20240628,160000,0.602,0.607,0.602,0.607,11246,0
RAE,60,20240628,170000,0.592,0.603,0.58,0.582,285877,0
RAE,60,20240701,100000,0.581,0.599,0.581,0.599,5400,0
RAE,60,20240701,120000,0.589,0.59,0.589,0.59,3207,0
RAE,60,20240701,130000,0.583,0.59,0.58,0.58,12867,0
RAE,60,20240701,140000,0.588,0.588,0.588,0.588,523,0
RAE,60,20240701,170000,0.582,0.586,0.578,0.578,245953,0
RAE,60,20240702,100000,0.584,0.586,0.576,0.582,7735,0
RAE,60,20240702,110000,0.582,0.582,0.573,0.573,14941,0
RAE,60,20240702,130000,0.579,0.58,0.579,0.58,6123,0
RAE,60,20240702,170000,0.574,0.574,0.571,0.571,4122,0
RAE,60,20240703,110000,0.571,0.571,0.564,0.565,1477,0
RAE,60,20240703,120000,0.566,0.575,0.565,0.575,2018,0
RAE,60,20240703,140000,0.565,0.565,0.565,0.565,30,0
RAE,60,20240703,150000,0.566,0.573,0.565,0.573,3790,0
RAE,60,20240703,160000,0.565,0.565,0.563,0.563,1550,0
RAE,60,20240703,170000,0.565,0.565,0.565,0.565,2500,0
RAE,60,20240704,100000,0.575,0.577,0.563,0.563,35342,0
RAE,60,20240704,110000,0.563,0.57,0.56,0.57,21507,0
RAE,60,20240704,120000,0.569,0.579,0.569,0.579,25790,0
RAE,60,20240704,140000,0.579,0.579,0.579,0.579,1700,0
RAE,60,20240704,160000,0.574,0.574,0.574,0.574,1550,0
RAE,60,20240705,100000,0.573,0.573,0.57,0.573,8700,0
RAE,60,20240705,110000,0.567,0.567,0.566,0.566,3000,0
RAE,60,20240705,120000,0.573,0.574,0.573,0.574,14679,0
RAE,60,20240705,130000,0.57,0.575,0.57,0.575,5910,0
RAE,60,20240705,170000,0.569,0.569,0.565,0.565,4000,0
RAE,60,20240708,100000,0.56,0.57,0.56,0.57,3981,0
RAE,60,20240708,110000,0.56,0.57,0.56,0.57,31286,0
RAE,60,20240708,120000,0.57,0.57,0.56,0.56,7510,0
RAE,60,20240708,140000,0.56,0.57,0.56,0.57,11389,0
RAE,60,20240708,150000,0.56,0.56,0.56,0.56,1,0
RAE,60,20240708,160000,0.56,0.56,0.56,0.56,2000,0
RAE,60,20240708,170000,0.56,0.56,0.56,0.56,1578,0
RAE,60,20240709,100000,0.563,0.563,0.523,0.53,259545,0
RAE,60,20240709,110000,0.53,0.55,0.53,0.54,50012,0
RAE,60,20240709,120000,0.546,0.547,0.546,0.547,2200,0
RAE,60,20240709,130000,0.547,0.557,0.547,0.557,8150,0
RAE,60,20240709,140000,0.557,0.557,0.55,0.556,3535,0
RAE,60,20240709,150000,0.556,0.556,0.545,0.545,2000,0
RAE,60,20240709,170000,0.545,0.545,0.545,0.545,1400,0
RAE,60,20240710,100000,0.55,0.56,0.55,0.558,10650,0
RAE,60,20240710,110000,0.558,0.565,0.558,0.561,23867,0
RAE,60,20240710,120000,0.563,0.563,0.563,0.563,240,0
RAE,60,20240710,140000,0.563,0.563,0.563,0.563,100,0
RAE,60,20240710,150000,0.555,0.555,0.555,0.555,400,0
RAE,60,20240710,160000,0.555,0.555,0.555,0.555,3410,0
RAE,60,20240710,170000,0.555,0.555,0.553,0.553,11448,0
RAE,60,20240711,100000,0.553,0.554,0.551,0.554,1768,0
RAE,60,20240711,120000,0.554,0.554,0.554,0.554,632,0
RAE,60,20240711,150000,0.551,0.554,0.55,0.554,2418,0
RAE,60,20240712,100000,0.55,0.55,0.549,0.55,4000,0
RAE,60,20240712,110000,0.553,0.553,0.553,0.553,689,0
RAE,60,20240712,120000,0.553,0.56,0.55,0.553,10300,0
RAE,60,20240712,130000,0.55,0.55,0.55,0.55,172,0
RAE,60,20240712,150000,0.55,0.553,0.55,0.553,8841,0
RAE,60,20240712,160000,0.553,0.553,0.553,0.553,260,0
RAE,60,20240712,170000,0.556,0.556,0.553,0.553,1258,0
RAE,60,20240715,100000,0.548,0.548,0.541,0.541,13361,0
RAE,60,20240715,110000,0.55,0.55,0.55,0.55,3218,0
RAE,60,20240715,120000,0.55,0.55,0.55,0.55,3529,0
RAE,60,20240715,140000,0.545,0.55,0.545,0.55,4400,0
RAE,60,20240715,150000,0.55,0.552,0.55,0.552,1800,0
RAE,60,20240716,110000,0.542,0.542,0.535,0.535,8403,0
RAE,60,20240716,120000,0.535,0.535,0.535,0.535,1597,0
RAE,60,20240716,130000,0.542,0.542,0.533,0.533,7500,0
RAE,60,20240717,100000,0.54,0.54,0.53,0.53,12820,0
RAE,60,20240717,110000,0.53,0.532,0.519,0.52,26829,0
RAE,60,20240717,130000,0.52,0.52,0.52,0.52,351,0
RAE,60,20240717,140000,0.521,0.521,0.52,0.52,2050,0
RAE,60,20240717,150000,0.518,0.529,0.516,0.529,10109,0
RAE,60,20240717,160000,0.517,0.528,0.516,0.528,1585,0
RAE,60,20240718,100000,0.528,0.53,0.52,0.52,4000,0
RAE,60,20240718,110000,0.519,0.529,0.51,0.529,25343,0
RAE,60,20240718,120000,0.528,0.532,0.528,0.532,24980,0
RAE,60,20240718,140000,0.53,0.53,0.53,0.53,8,0
RAE,60,20240718,150000,0.528,0.528,0.517,0.517,10085,0
RAE,60,20240718,160000,0.537,0.537,0.537,0.537,100,0
RAE,60,20240718,170000,0.536,0.536,0.51,0.532,8994,0
RAE,60,20240719,120000,0.531,0.531,0.531,0.531,2000,0
RAE,60,20240719,130000,0.52,0.52,0.514,0.514,11000,0
RAE,60,20240719,140000,0.514,0.53,0.512,0.527,19546,0
RAE,60,20240719,150000,0.52,0.52,0.52,0.52,800,0
RAE,60,20240719,170000,0.52,0.52,0.509,0.509,17905,0
RAE,60,20240722,100000,0.51,0.51,0.48,0.48,120725,0
RAE,60,20240722,110000,0.48,0.52,0.476,0.49,3195160,0
RAE,60,20240722,120000,0.49,0.52,0.482,0.51,2478692,0
RAE,60,20240722,130000,0.51,0.51,0.49,0.505,339998,0
RAE,60,20240722,140000,0.505,0.509,0.4825,0.499,1077672,0
RAE,60,20240722,150000,0.499,0.503,0.48,0.502,1206275,0
RAE,60,20240722,160000,0.4995,0.4995,0.4995,0.4995,1945,0
RAE,60,20240722,170000,0.4995,0.5,0.49,0.499,78204,0
RAE,60,20240723,100000,0.4975,0.4975,0.49,0.49,15662,0
RAE,60,20240723,110000,0.49,0.49,0.49,0.49,6078,0
RAE,60,20240723,120000,0.4875,0.488,0.486,0.486,18757,0
RAE,60,20240723,130000,0.49,0.49,0.49,0.49,7114,0
RAE,60,20240723,140000,0.49,0.49,0.49,0.49,1300,0
RAE,60,20240723,150000,0.488,0.488,0.486,0.486,8455,0
RAE,60,20240723,160000,0.493,0.493,0.493,0.493,1000,0
RAE,60,20240723,170000,0.493,0.493,0.4815,0.4815,21700,0
RAE,60,20240724,100000,0.484,0.484,0.484,0.484,1000,0
RAE,60,20240724,130000,0.49,0.49,0.49,0.49,50,0
RAE,60,20240724,140000,0.4845,0.4895,0.484,0.4895,6607,0
RAE,60,20240724,150000,0.4845,0.4905,0.4845,0.4905,16621,0
RAE,60,20240724,160000,0.49,0.49,0.49,0.49,1008,0
RAE,60,20240724,170000,0.4905,0.493,0.4905,0.492,6403,0
RAE,60,20240725,100000,0.492,0.492,0.49,0.492,4501,0
RAE,60,20240725,110000,0.492,0.492,0.492,0.492,4260,0
RAE,60,20240725,140000,0.486,0.486,0.486,0.486,500,0
RAE,60,20240725,150000,0.4895,0.4895,0.4895,0.4895,900,0
RAE,60,20240725,170000,0.4895,0.492,0.4895,0.492,9963,0
RAE,60,20240726,100000,0.492,0.492,0.485,0.485,2929,0
RAE,60,20240726,110000,0.49,0.49,0.49,0.49,9806,0
RAE,60,20240726,160000,0.4865,0.4965,0.485,0.4965,18860,0
RAE,60,20240726,170000,0.4945,0.4945,0.4945,0.4945,535,0
RAE,60,20240729,100000,0.497,0.497,0.491,0.497,38441,0
RAE,60,20240729,110000,0.4965,0.497,0.4965,0.497,3500,0
RAE,60,20240729,120000,0.4965,0.4965,0.4965,0.4965,1000,0
RAE,60,20240729,130000,0.4965,0.509,0.4865,0.509,221558,0
RAE,60,20240729,140000,0.491,0.4985,0.4775,0.486,228591,0
RAE,60,20240729,150000,0.486,0.489,0.48,0.489,41567,0
RAE,60,20240729,170000,0.48,0.48,0.48,0.48,35072,0
RAE,60,20240730,100000,0.4775,0.48,0.4775,0.48,7494,0
RAE,60,20240730,110000,0.48,0.48,0.48,0.48,2800,0
RAE,60,20240730,130000,0.4825,0.4825,0.4825,0.4825,1284,0
RAE,60,20240730,140000,0.479,0.479,0.479,0.479,15000,0
RAE,60,20240730,150000,0.479,0.479,0.478,0.478,13259,0
RAE,60,20240730,160000,0.482,0.4825,0.482,0.4825,3000,0
RAE,60,20240730,170000,0.48,0.48,0.478,0.478,11828,0
RAE,60,20240731,100000,0.478,0.483,0.476,0.48,14989,0
RAE,60,20240731,110000,0.48,0.48,0.48,0.48,1411,0
RAE,60,20240731,120000,0.4765,0.4795,0.4765,0.4795,10550,0
RAE,60,20240731,130000,0.48,0.48,0.48,0.48,808,0
RAE,60,20240731,140000,0.48,0.48,0.48,0.48,1200,0
RAE,60,20240731,160000,0.48,0.48,0.48,0.48,5596,0
RAE,60,20240731,170000,0.478,0.478,0.4765,0.4765,21695,0
RAE,60,20240801,130000,0.4795,0.4795,0.4795,0.4795,978,0
RAE,60,20240801,160000,0.477,0.477,0.477,0.477,2047,0
RAE,60,20240801,170000,0.478,0.478,0.478,0.478,95,0
RAE,60,20240802,100000,0.478,0.478,0.478,0.478,220,0
RAE,60,20240802,110000,0.477,0.478,0.476,0.478,1410,0
RAE,60,20240802,120000,0.479,0.479,0.479,0.479,600,0
RAE,60,20240802,130000,0.479,0.479,0.479,0.479,2296,0
RAE,60,20240802,140000,0.478,0.478,0.478,0.478,3371,0
RAE,60,20240805,100000,0.476,0.476,0.4625,0.463,68027,0
RAE,60,20240805,110000,0.463,0.465,0.4625,0.465,13387,0
RAE,60,20240805,120000,0.465,0.47,0.4625,0.47,17992,0
RAE,60,20240805,150000,0.47,0.47,0.47,0.47,404,0
RAE,60,20240805,170000,0.469,0.469,0.469,0.469,2500,0
RAE,60,20240806,110000,0.475,0.475,0.464,0.474,6370,0
RAE,60,20240806,130000,0.4645,0.4645,0.4645,0.4645,1100,0
RAE,60,20240806,140000,0.473,0.473,0.473,0.473,144,0
RAE,60,20240806,150000,0.47,0.4735,0.47,0.473,1700,0
RAE,60,20240806,170000,0.4735,0.4735,0.4735,0.4735,200,0
RAE,60,20240807,100000,0.473,0.477,0.47,0.477,7681,0
RAE,60,20240807,110000,0.47,0.47,0.47,0.47,9526,0
RAE,60,20240807,120000,0.47,0.472,0.47,0.472,4596,0
RAE,60,20240807,130000,0.47,0.4715,0.47,0.4715,7611,0
RAE,60,20240807,140000,0.47,0.47,0.47,0.47,5000,0
RAE,60,20240808,100000,0.4775,0.4775,0.4685,0.4685,912,0
RAE,60,20240808,110000,0.4765,0.477,0.4765,0.477,8615,0
RAE,60,20240808,130000,0.479,0.479,0.47,0.47,13600,0
RAE,60,20240808,140000,0.4685,0.4685,0.4685,0.4685,4188,0
RAE,60,20240808,150000,0.4685,0.47,0.4685,0.47,1735,0
RAE,60,20240808,160000,0.47,0.47,0.47,0.47,1000,0
RAE,60,20240808,170000,0.47,0.47,0.47,0.47,3000,0
RAE,60,20240809,100000,0.48,0.482,0.47,0.476,19857,0
RAE,60,20240809,120000,0.472,0.4725,0.472,0.4725,6931,0
RAE,60,20240809,140000,0.48,0.48,0.48,0.48,3000,0
RAE,60,20240809,160000,0.4715,0.4715,0.4715,0.4715,3700,0
RAE,60,20240809,170000,0.4715,0.4785,0.4715,0.4785,4100,0
RAE,60,20240812,110000,0.479,0.479,0.479,0.479,10,0
RAE,60,20240812,120000,0.476,0.476,0.476,0.476,2101,0
RAE,60,20240812,150000,0.476,0.476,0.476,0.476,6979,0
RAE,60,20240812,160000,0.48,0.506,0.48,0.49,48861,0
RAE,60,20240812,170000,0.5,0.516,0.4855,0.509,40355,0
RAE,60,20240813,110000,0.507,0.507,0.507,0.507,472,0
RAE,60,20240813,130000,0.504,0.504,0.504,0.504,155,0
RAE,60,20240814,100000,0.5,0.5,0.5,0.5,20,0
RAE,60,20240814,110000,0.49,0.49,0.488,0.4885,5335,0
RAE,60,20240814,120000,0.497,0.4995,0.497,0.499,14806,0
RAE,60,20240814,130000,0.499,0.499,0.489,0.498,947,0
RAE,60,20240814,140000,0.4995,0.4995,0.49,0.499,1121,0
RAE,60,20240814,150000,0.49,0.492,0.48,0.492,9965,0
RAE,60,20240814,160000,0.493,0.496,0.493,0.496,12453,0
RAE,60,20240814,170000,0.495,0.51,0.495,0.51,72208,0
RAE,60,20240816,100000,0.52,0.572,0.52,0.569,185199,0
RAE,60,20240816,110000,0.57,0.622,0.56,0.622,218384,0
RAE,60,20240816,120000,0.622,0.629,0.599,0.608,89118,0
RAE,60,20240816,130000,0.6,0.609,0.582,0.582,37644,0
RAE,60,20240816,140000,0.584,0.625,0.58,0.615,145941,0
RAE,60,20240816,150000,0.608,0.629,0.606,0.628,93941,0
RAE,60,20240816,160000,0.624,0.629,0.624,0.629,32934,0
RAE,60,20240816,170000,0.65,0.65,0.65,0.65,99432,0
RAE,60,20240819,100000,0.651,0.716,0.641,0.656,734664,0
RAE,60,20240819,110000,0.655,0.655,0.592,0.599,252090,0
RAE,60,20240819,120000,0.6,0.634,0.6,0.624,84349,0
RAE,60,20240819,130000,0.624,0.624,0.6,0.618,30500,0
RAE,60,20240819,140000,0.604,0.615,0.6,0.6,46213,0
RAE,60,20240819,150000,0.613,0.614,0.598,0.609,61065,0
RAE,60,20240819,160000,0.599,0.61,0.592,0.593,52009,0
RAE,60,20240819,170000,0.594,0.61,0.593,0.599,54291,0
RAE,60,20240820,100000,0.599,0.632,0.59,0.617,93508,0
RAE,60,20240820,110000,0.601,0.613,0.596,0.608,35729,0
RAE,60,20240820,120000,0.598,0.608,0.596,0.6,27433,0
RAE,60,20240820,130000,0.6,0.61,0.59,0.61,17179,0
RAE,60,20240820,140000,0.61,0.61,0.59,0.59,18783,0
RAE,60,20240820,150000,0.6,0.6,0.6,0.6,8,0
RAE,60,20240820,160000,0.603,0.603,0.592,0.602,6412,0
RAE,60,20240820,170000,0.591,0.604,0.591,0.604,1805,0
RAE,60,20240821,100000,0.602,0.602,0.591,0.591,12044,0
RAE,60,20240821,110000,0.592,0.592,0.59,0.592,13020,0
RAE,60,20240821,120000,0.59,0.592,0.57,0.588,20094,0
RAE,60,20240821,130000,0.57,0.587,0.558,0.583,20550,0
RAE,60,20240821,140000,0.584,0.586,0.57,0.57,8470,0
RAE,60,20240821,150000,0.575,0.575,0.575,0.575,3414,0
RAE,60,20240821,160000,0.578,0.585,0.578,0.585,3120,0
RAE,60,20240821,170000,0.575,0.585,0.57,0.585,4244,0
RAE,60,20240822,100000,0.587,0.594,0.56,0.589,52182,0
RAE,60,20240822,110000,0.566,0.589,0.561,0.589,20976,0
RAE,60,20240822,130000,0.57,0.57,0.566,0.57,5500,0
RAE,60,20240822,140000,0.562,0.585,0.561,0.584,16326,0
RAE,60,20240822,150000,0.562,0.562,0.562,0.562,33,0
RAE,60,20240822,160000,0.562,0.57,0.562,0.57,4005,0
RAE,60,20240822,170000,0.562,0.571,0.562,0.571,2195,0
RAE,60,20240823,100000,0.57,0.588,0.566,0.566,18786,0
RAE,60,20240823,110000,0.566,0.576,0.566,0.576,3000,0
RAE,60,20240823,120000,0.57,0.576,0.57,0.576,3215,0
RAE,60,20240823,130000,0.576,0.576,0.576,0.576,110,0
RAE,60,20240823,150000,0.576,0.576,0.576,0.576,95,0
RAE,60,20240823,160000,0.576,0.576,0.575,0.575,218,0
RAE,60,20240823,170000,0.57,0.57,0.565,0.565,6300,0
RAE,60,20240826,100000,0.565,0.604,0.565,0.604,37141,0
RAE,60,20240826,110000,0.604,0.606,0.585,0.585,17329,0
RAE,60,20240826,120000,0.585,0.596,0.576,0.596,6520,0
RAE,60,20240826,130000,0.596,0.596,0.58,0.58,3035,0
RAE,60,20240826,140000,0.58,0.59,0.58,0.581,4905,0
RAE,60,20240826,150000,0.59,0.59,0.576,0.576,4691,0
RAE,60,20240826,160000,0.59,0.59,0.59,0.59,5859,0
RAE,60,20240826,170000,0.59,0.597,0.58,0.592,6220,0
RAE,60,20240827,100000,0.592,0.6,0.57,0.57,37617,0
RAE,60,20240827,110000,0.57,0.58,0.562,0.562,26205,0
RAE,60,20240827,120000,0.571,0.571,0.571,0.571,1,0
RAE,60,20240827,130000,0.571,0.576,0.571,0.576,10178,0
RAE,60,20240827,150000,0.57,0.57,0.565,0.565,21310,0
RAE,60,20240827,160000,0.571,0.571,0.571,0.571,1000,0
RAE,60,20240827,170000,0.568,0.57,0.568,0.568,10020,0
RAE,60,20240828,100000,0.565,0.565,0.56,0.56,7057,0
RAE,60,20240828,110000,0.556,0.556,0.55,0.55,2980,0
RAE,60,20240828,120000,0.56,0.568,0.56,0.568,14401,0
RAE,60,20240828,130000,0.568,0.575,0.568,0.57,14472,0
RAE,60,20240828,140000,0.562,0.562,0.541,0.55,6812,0
RAE,60,20240828,150000,0.55,0.566,0.55,0.55,16178,0
RAE,60,20240828,160000,0.567,0.567,0.567,0.567,48,0
RAE,60,20240828,170000,0.555,0.566,0.555,0.566,52,0
RAE,60,20240829,100000,0.566,0.566,0.555,0.555,34250,0
RAE,60,20240829,110000,0.555,0.556,0.555,0.555,3432,0
RAE,60,20240829,120000,0.555,0.555,0.54,0.54,20105,0
RAE,60,20240829,130000,0.56,0.56,0.56,0.56,27,0
RAE,60,20240829,140000,0.56,0.56,0.545,0.555,5700,0
RAE,60,20240829,150000,0.555,0.555,0.55,0.554,4319,0
RAE,60,20240829,170000,0.554,0.565,0.554,0.565,17140,0
RAE,60,20240830,100000,0.566,0.588,0.562,0.585,19610,0
RAE,60,20240830,110000,0.585,0.59,0.571,0.578,36558,0
RAE,60,20240830,120000,0.571,0.571,0.559,0.57,11184,0
RAE,60,20240830,130000,0.561,0.57,0.56,0.57,10074,0
RAE,60,20240830,140000,0.57,0.572,0.57,0.572,450,0
RAE,60,20240830,150000,0.572,0.584,0.572,0.584,3520,0
RAE,60,20240830,160000,0.584,0.59,0.584,0.585,10018,0
RAE,60,20240830,170000,0.573,0.587,0.572,0.587,2229,0
RAE,60,20240902,100000,0.587,0.599,0.587,0.594,43578,0
RAE,60,20240902,110000,0.594,0.632,0.594,0.63,141818,0
RAE,60,20240902,120000,0.629,0.632,0.61,0.632,42129,0
RAE,60,20240902,130000,0.628,0.64,0.615,0.615,37688,0
RAE,60,20240902,140000,0.636,0.636,0.612,0.629,15091,0
RAE,60,20240902,150000,0.629,0.637,0.61,0.637,33141,0
RAE,60,20240902,160000,0.616,0.62,0.615,0.62,9012,0
RAE,60,20240902,170000,0.612,0.612,0.612,0.612,4,0
RAE,60,20240903,100000,0.611,0.649,0.611,0.638,65097,0
RAE,60,20240903,110000,0.628,0.638,0.628,0.636,10310,0
RAE,60,20240903,120000,0.622,0.638,0.615,0.636,26823,0
RAE,60,20240903,130000,0.63,0.63,0.63,0.63,100,0
RAE,60,20240903,140000,0.618,0.626,0.616,0.626,2438,0
RAE,60,20240903,150000,0.626,0.627,0.62,0.627,3700,0
RAE,60,20240903,160000,0.626,0.626,0.616,0.616,6100,0
RAE,60,20240903,170000,0.603,0.618,0.602,0.618,2965,0
RAE,60,20240904,100000,0.58,0.605,0.58,0.6,32665,0
RAE,60,20240904,110000,0.6,0.618,0.596,0.618,11435,0
RAE,60,20240904,120000,0.615,0.645,0.615,0.643,41427,0
RAE,60,20240904,130000,0.62,0.633,0.618,0.633,4440,0
RAE,60,20240904,140000,0.633,0.633,0.618,0.618,1529,0
RAE,60,20240904,150000,0.617,0.617,0.6,0.6,28995,0
RAE,60,20240904,160000,0.6,0.6,0.58,0.6,24513,0
RAE,60,20240904,170000,0.591,0.597,0.58,0.597,23320,0
RAE,60,20240905,100000,0.597,0.613,0.59,0.613,4979,0
RAE,60,20240905,110000,0.594,0.609,0.592,0.609,2942,0
RAE,60,20240905,120000,0.609,0.615,0.599,0.61,7530,0
RAE,60,20240905,130000,0.598,0.613,0.595,0.613,2373,0
RAE,60,20240905,140000,0.612,0.612,0.612,0.612,831,0
RAE,60,20240905,170000,0.598,0.598,0.58,0.597,24944,0
RAE,60,20240906,100000,0.6,0.612,0.6,0.6,5662,0
RAE,60,20240906,110000,0.59,0.6,0.586,0.6,4100,0
RAE,60,20240906,120000,0.586,0.586,0.583,0.584,19712,0
RAE,60,20240906,130000,0.584,0.585,0.583,0.584,10059,0
RAE,60,20240906,140000,0.585,0.596,0.584,0.584,16271,0
RAE,60,20240906,150000,0.598,0.598,0.598,0.598,10,0
RAE,60,20240906,160000,0.586,0.586,0.586,0.586,955,0
RAE,60,20240906,170000,0.58,0.58,0.58,0.58,35975,0
RAE,60,20240909,100000,0.58,0.582,0.57,0.57,15348,0
RAE,60,20240909,110000,0.574,0.58,0.574,0.58,10256,0
RAE,60,20240909,120000,0.578,0.578,0.575,0.575,11150,0
RAE,60,20240909,130000,0.575,0.575,0.57,0.57,1550,0
RAE,60,20240909,150000,0.571,0.579,0.56,0.579,35806,0
RAE,60,20240910,100000,0.577,0.577,0.567,0.567,662,0
RAE,60,20240910,110000,0.566,0.569,0.56,0.561,2598,0
RAE,60,20240910,120000,0.561,0.561,0.561,0.561,40,0
RAE,60,20240910,130000,0.56,0.561,0.56,0.561,140,0
RAE,60,20240910,140000,0.561,0.561,0.561,0.561,3196,0
RAE,60,20240910,150000,0.561,0.561,0.56,0.561,2475,0
RAE,60,20240910,160000,0.561,0.561,0.557,0.557,1040,0
RAE,60,20240910,170000,0.561,0.565,0.56,0.56,10000,0
RAE,60,20240911,100000,0.56,0.563,0.56,0.563,5984,0
RAE,60,20240911,110000,0.56,0.56,0.556,0.556,6526,0
RAE,60,20240911,120000,0.56,0.562,0.56,0.562,3538,0
RAE,60,20240911,130000,0.557,0.56,0.545,0.56,9051,0
RAE,60,20240911,170000,0.551,0.551,0.551,0.551,1951,0
RAE,60,20240912,100000,0.55,0.55,0.55,0.55,8000,0
RAE,60,20240912,120000,0.554,0.554,0.554,0.554,44,0
RAE,60,20240912,140000,0.554,0.556,0.55,0.55,8000,0
RAE,60,20240912,150000,0.552,0.552,0.55,0.55,772,0
RAE,60,20240912,170000,0.55,0.55,0.55,0.55,8666,0
RAE,60,20240913,100000,0.549,0.549,0.549,0.549,407,0
RAE,60,20240913,110000,0.55,0.555,0.547,0.555,11555,0
RAE,60,20240913,130000,0.555,0.559,0.555,0.559,4507,0
RAE,60,20240913,150000,0.552,0.557,0.548,0.557,2720,0
RAE,60,20240913,160000,0.553,0.553,0.553,0.553,2000,0
RAE,60,20240913,170000,0.55,0.55,0.55,0.55,1799,0
RAE,60,20240916,100000,0.55,0.55,0.55,0.55,3441,0
RAE,60,20240916,110000,0.548,0.548,0.548,0.548,4841,0
RAE,60,20240916,120000,0.546,0.546,0.546,0.546,931,0
RAE,60,20240916,140000,0.546,0.546,0.544,0.544,3000,0
RAE,60,20240916,150000,0.544,0.544,0.543,0.543,4069,0
RAE,60,20240916,160000,0.543,0.565,0.543,0.563,26681,0
RAE,60,20240917,100000,0.55,0.55,0.496,0.501,145414,0
RAE,60,20240917,110000,0.501,0.516,0.498,0.516,34233,0
RAE,60,20240917,120000,0.517,0.517,0.514,0.515,6518,0
RAE,60,20240917,130000,0.514,0.517,0.51,0.517,4500,0
RAE,60,20240917,140000,0.517,0.517,0.501,0.511,8786,0
RAE,60,20240917,150000,0.505,0.51,0.505,0.51,19640,0
RAE,60,20240917,160000,0.504,0.515,0.504,0.515,72,0
RAE,60,20240917,170000,0.506,0.515,0.501,0.515,24077,0
RAE,60,20240918,100000,0.515,0.516,0.515,0.516,1625,0
RAE,60,20240918,110000,0.516,0.523,0.516,0.523,7425,0
RAE,60,20240918,120000,0.519,0.529,0.519,0.529,6873,0
RAE,60,20240918,140000,0.517,0.517,0.516,0.516,2602,0
RAE,60,20240918,160000,0.519,0.526,0.519,0.526,8322,0
RAE,60,20240919,100000,0.513,0.524,0.507,0.524,6115,0
RAE,60,20240919,110000,0.524,0.54,0.524,0.54,25386,0
RAE,60,20240919,120000,0.536,0.54,0.536,0.54,16249,0
RAE,60,20240919,130000,0.537,0.538,0.537,0.538,3089,0
RAE,60,20240919,140000,0.528,0.537,0.528,0.537,505,0
RAE,60,20240919,160000,0.527,0.533,0.52,0.533,15730,0
RAE,60,20240919,170000,0.523,0.529,0.52,0.529,31668,0
RAE,60,20240920,110000,0.522,0.529,0.52,0.529,5620,0
RAE,60,20240920,120000,0.521,0.521,0.521,0.521,1000,0
RAE,60,20240920,130000,0.521,0.521,0.521,0.521,3000,0
RAE,60,20240920,160000,0.529,0.529,0.529,0.529,20,0
RAE,60,20240923,100000,0.529,0.529,0.526,0.526,152,0
RAE,60,20240923,110000,0.515,0.52,0.51,0.51,17236,0
RAE,60,20240923,120000,0.518,0.518,0.518,0.518,2750,0
RAE,60,20240923,130000,0.512,0.512,0.51,0.51,4000,0
RAE,60,20240923,140000,0.517,0.517,0.517,0.517,20,0
RAE,60,20240923,160000,0.511,0.515,0.502,0.515,15020,0
RAE,60,20240923,170000,0.515,0.516,0.502,0.502,2056,0
RAE,60,20240924,100000,0.51,0.51,0.51,0.51,1000,0
RAE,60,20240924,130000,0.509,0.509,0.4705,0.499,81675,0
RAE,60,20240924,140000,0.497,0.5,0.497,0.5,26600,0
RAE,60,20240924,150000,0.5,0.5,0.4905,0.498,27480,0
RAE,60,20240924,160000,0.495,0.498,0.477,0.477,38466,0
RAE,60,20240924,170000,0.4805,0.495,0.475,0.495,76737,0
RAE,60,20240925,100000,0.493,0.493,0.485,0.485,8525,0
RAE,60,20240925,110000,0.4895,0.493,0.485,0.485,4680,0
RAE,60,20240925,120000,0.485,0.485,0.485,0.485,1315,0
RAE,60,20240925,130000,0.485,0.489,0.485,0.489,1090,0
RAE,60,20240925,150000,0.4855,0.4855,0.4855,0.4855,400,0
RAE,60,20240926,100000,0.486,0.495,0.486,0.495,40135,0
RAE,60,20240926,110000,0.488,0.488,0.486,0.486,24316,0
RAE,60,20240926,120000,0.486,0.487,0.48,0.48,11394,0
RAE,60,20240926,130000,0.486,0.486,0.486,0.486,50,0
RAE,60,20240926,150000,0.48,0.48,0.476,0.476,3105,0
RAE,60,20240926,170000,0.47,0.475,0.46,0.475,20617,0
RAE,60,20240927,100000,0.4745,0.4745,0.465,0.466,7053,0
RAE,60,20240927,110000,0.4745,0.4745,0.467,0.467,1800,0
RAE,60,20240927,120000,0.4745,0.475,0.45,0.466,60649,0
RAE,60,20240927,130000,0.46,0.46,0.46,0.46,4320,0
RAE,60,20240927,140000,0.465,0.465,0.465,0.465,50,0
RAE,60,20240927,150000,0.465,0.465,0.45,0.45,59241,0
RAE,60,20240927,160000,0.4595,0.509,0.4595,0.4895,116982,0
RAE,60,20240927,170000,0.485,0.4895,0.473,0.477,14510,0
RAE,60,20240930,100000,0.477,0.488,0.45,0.45,40610,0
RAE,60,20240930,110000,0.46,0.468,0.455,0.455,14711,0
RAE,60,20240930,120000,0.467,0.467,0.467,0.467,4,0
RAE,60,20240930,130000,0.4555,0.465,0.45,0.465,32005,0
RAE,60,20240930,140000,0.4645,0.4645,0.4645,0.4645,10000,0
RAE,60,20240930,150000,0.4555,0.4555,0.455,0.455,3000,0
RAE,60,20240930,160000,0.454,0.454,0.452,0.452,8040,0
RAE,60,20240930,170000,0.455,0.46,0.455,0.46,10160,0
RAE,60,20241001,100000,0.46,0.46,0.46,0.46,57,0
RAE,60,20241001,120000,0.4525,0.46,0.45,0.46,15388,0
RAE,60,20241001,130000,0.46,0.46,0.46,0.46,12575,0
RAE,60,20241001,140000,0.461,0.462,0.461,0.462,637,0
RAE,60,20241001,150000,0.46,0.46,0.46,0.46,332,0
RAE,60,20241001,160000,0.462,0.462,0.462,0.462,3000,0
RAE,60,20241001,170000,0.465,0.465,0.46,0.46,16168,0
RAE,60,20241002,100000,0.452,0.466,0.452,0.466,36343,0
RAE,60,20241002,110000,0.465,0.465,0.465,0.465,7500,0
RAE,60,20241002,120000,0.466,0.4665,0.465,0.465,3385,0
RAE,60,20241002,130000,0.469,0.478,0.469,0.478,14523,0
RAE,60,20241002,140000,0.479,0.487,0.479,0.486,4800,0
RAE,60,20241002,160000,0.4855,0.486,0.4795,0.4795,10173,0
RAE,60,20241002,170000,0.4795,0.499,0.47,0.499,20619,0
RAE,60,20241003,100000,0.514,0.514,0.501,0.509,12433,0
RAE,60,20241003,110000,0.509,0.509,0.509,0.509,460,0
RAE,60,20241003,130000,0.501,0.506,0.5,0.506,4540,0
RAE,60,20241003,140000,0.5,0.5,0.496,0.496,3046,0
RAE,60,20241003,150000,0.496,0.505,0.496,0.505,860,0
RAE,60,20241003,160000,0.505,0.506,0.5,0.5,10500,0
RAE,60,20241003,170000,0.5,0.504,0.495,0.504,5627,0
RAE,60,20241004,100000,0.504,0.504,0.504,0.504,589,0
RAE,60,20241004,130000,0.5,0.504,0.495,0.504,3250,0
RAE,60,20241004,140000,0.503,0.504,0.503,0.504,3540,0
RAE,60,20241004,160000,0.496,0.502,0.495,0.502,3060,0
RAE,60,20241007,100000,0.496,0.496,0.49,0.49,5600,0
RAE,60,20241007,120000,0.49,0.49,0.482,0.482,6073,0
RAE,60,20241007,140000,0.48,0.48,0.48,0.48,21,0
RAE,60,20241007,170000,0.48,0.48,0.479,0.479,1950,0
RAE,60,20241008,100000,0.474,0.476,0.4425,0.445,43303,0
RAE,60,20241008,110000,0.446,0.451,0.44,0.441,60361,0
RAE,60,20241008,120000,0.451,0.4605,0.451,0.46,1195,0
RAE,60,20241008,140000,0.455,0.455,0.45,0.45,8099,0
RAE,60,20241008,160000,0.454,0.455,0.454,0.455,6700,0
RAE,60,20241008,170000,0.45,0.45,0.426,0.426,119787,0
RAE,60,20241009,100000,0.428,0.4595,0.428,0.45,5284,0
RAE,60,20241009,120000,0.455,0.455,0.4295,0.4295,56184,0
RAE,60,20241009,140000,0.44,0.44,0.44,0.44,1351,0
RAE,60,20241009,160000,0.431,0.4365,0.4295,0.4365,20637,0
RAE,60,20241009,170000,0.436,0.436,0.43,0.43,16070,0
RAE,60,20241010,100000,0.43,0.4305,0.419,0.43,39038,0
RAE,60,20241010,110000,0.43,0.431,0.43,0.43,14004,0
RAE,60,20241010,120000,0.43,0.431,0.43,0.431,9200,0
RAE,60,20241010,130000,0.43,0.431,0.43,0.431,4300,0
RAE,60,20241010,140000,0.431,0.431,0.431,0.431,3980,0
RAE,60,20241010,150000,0.4245,0.4245,0.4245,0.4245,1000,0
RAE,60,20241010,160000,0.424,0.4285,0.4195,0.4285,12241,0
RAE,60,20241010,170000,0.4255,0.4255,0.412,0.412,800,0
RAE,60,20241011,100000,0.412,0.42,0.402,0.42,35825,0
RAE,60,20241011,110000,0.424,0.424,0.41,0.418,43102,0
RAE,60,20241011,120000,0.418,0.42,0.418,0.42,10499,0
RAE,60,20241011,130000,0.42,0.42,0.41,0.4195,3700,0
RAE,60,20241011,150000,0.4195,0.426,0.4195,0.426,14490,0
RAE,60,20241011,160000,0.425,0.429,0.4145,0.416,11906,0
RAE,60,20241011,170000,0.4285,0.429,0.411,0.429,9843,0
RAE,60,20241014,100000,0.429,0.429,0.425,0.425,2930,0
RAE,60,20241014,110000,0.425,0.425,0.425,0.425,600,0
RAE,60,20241014,120000,0.428,0.428,0.428,0.428,1150,0
RAE,60,20241014,150000,0.414,0.427,0.414,0.427,3000,0
RAE,60,20241014,160000,0.415,0.415,0.414,0.414,6500,0
RAE,60,20241014,170000,0.414,0.414,0.414,0.414,1500,0
RAE,60,20241015,100000,0.42,0.462,0.42,0.462,204747,0
RAE,60,20241015,110000,0.469,0.4955,0.4595,0.495,131118,0
RAE,60,20241015,120000,0.4945,0.495,0.48,0.48,27961,0
RAE,60,20241015,130000,0.48,0.508,0.478,0.508,72707,0
RAE,60,20241015,150000,0.522,0.55,0.52,0.53,270351,0
RAE,60,20241015,160000,0.53,0.558,0.526,0.558,88634,0
RAE,60,20241016,100000,0.56,0.58,0.508,0.535,238761,0
RAE,60,20241016,110000,0.527,0.527,0.48,0.483,114756,0
RAE,60,20241016,120000,0.483,0.4935,0.47,0.48,139277,0
RAE,60,20241016,130000,0.48,0.498,0.47,0.49,61020,0
RAE,60,20241016,140000,0.488,0.498,0.48,0.492,61419,0
RAE,60,20241016,150000,0.495,0.4985,0.49,0.4985,12507,0
RAE,60,20241016,160000,0.4985,0.5,0.48,0.4865,34764,0
RAE,60,20241016,170000,0.4955,0.515,0.48,0.5,47941,0
RAE,60,20241017,100000,0.515,0.539,0.492,0.526,206580,0
RAE,60,20241017,110000,0.537,0.559,0.514,0.559,221938,0
RAE,60,20241017,120000,0.559,0.595,0.55,0.577,413547,0
RAE,60,20241017,130000,0.577,0.585,0.56,0.58,115188,0
RAE,60,20241017,140000,0.58,0.622,0.564,0.622,424441,0
RAE,60,20241017,150000,0.622,0.622,0.581,0.592,329893,0
RAE,60,20241017,160000,0.586,0.606,0.584,0.604,96803,0
RAE,60,20241017,170000,0.602,0.622,0.602,0.61,199048,0
RAE,60,20241018,100000,0.64,0.66,0.621,0.63,463919,0
RAE,60,20241018,110000,0.627,0.627,0.581,0.581,257907,0
RAE,60,20241018,120000,0.581,0.65,0.58,0.64,307841,0
RAE,60,20241018,130000,0.64,0.64,0.61,0.621,154391,0
RAE,60,20241018,140000,0.626,0.633,0.601,0.604,89228,0
RAE,60,20241018,150000,0.618,0.619,0.605,0.614,31263,0
RAE,60,20241018,160000,0.614,0.618,0.6,0.618,72790,0
RAE,60,20241018,170000,0.604,0.62,0.601,0.614,55232,0
RAE,60,20241021,100000,0.616,0.64,0.614,0.62,165731,0
RAE,60,20241021,110000,0.621,0.625,0.597,0.62,133084,0
RAE,60,20241021,120000,0.618,0.623,0.602,0.616,38949,0
RAE,60,20241021,130000,0.609,0.614,0.6,0.6,32515,0
RAE,60,20241021,140000,0.614,0.62,0.59,0.59,47363,0
RAE,60,20241021,150000,0.595,0.614,0.59,0.59,13841,0
RAE,60,20241021,160000,0.591,0.61,0.591,0.609,3589,0
RAE,60,20241021,170000,0.608,0.608,0.591,0.6,13080,0
RAE,60,20241022,100000,0.6,0.61,0.586,0.588,137267,0
RAE,60,20241022,110000,0.588,0.596,0.573,0.59,60960,0
RAE,60,20241022,120000,0.59,0.6,0.582,0.582,25993,0
RAE,60,20241022,130000,0.584,0.596,0.575,0.575,18904,0
RAE,60,20241022,140000,0.575,0.594,0.56,0.594,68162,0
RAE,60,20241022,150000,0.59,0.596,0.59,0.596,29774,0
RAE,60,20241022,160000,0.596,0.596,0.596,0.596,38110,0
RAE,60,20241022,170000,0.583,0.584,0.558,0.575,137716,0
RAE,60,20241023,100000,0.575,0.575,0.548,0.56,96333,0
RAE,60,20241023,110000,0.56,0.575,0.549,0.569,111835,0
RAE,60,20241023,120000,0.569,0.57,0.556,0.57,14206,0
RAE,60,20241023,130000,0.57,0.57,0.554,0.554,18578,0
RAE,60,20241023,140000,0.554,0.575,0.55,0.573,48152,0
RAE,60,20241023,150000,0.573,0.574,0.573,0.574,591,0
RAE,60,20241023,160000,0.574,0.575,0.568,0.575,7717,0
RAE,60,20241023,170000,0.575,0.575,0.568,0.57,16908,0
RAE,60,20241024,100000,0.57,0.578,0.57,0.578,2631,0
RAE,60,20241024,110000,0.577,0.59,0.577,0.59,47654,0
RAE,60,20241024,120000,0.581,0.581,0.532,0.546,147521,0
RAE,60,20241024,130000,0.547,0.559,0.547,0.558,42448,0
RAE,60,20241024,140000,0.558,0.559,0.547,0.558,11802,0
RAE,60,20241024,150000,0.55,0.556,0.541,0.541,14687,0
RAE,60,20241024,160000,0.542,0.551,0.541,0.551,2601,0
RAE,60,20241024,170000,0.547,0.547,0.54,0.54,74370,0
RAE,60,20241025,100000,0.55,0.55,0.531,0.532,23859,0
RAE,60,20241025,110000,0.532,0.539,0.53,0.539,14080,0
RAE,60,20241025,120000,0.539,0.542,0.531,0.542,4683,0
RAE,60,20241025,130000,0.545,0.55,0.544,0.55,14093,0
RAE,60,20241025,140000,0.55,0.55,0.532,0.532,15572,0
RAE,60,20241025,160000,0.547,0.547,0.547,0.547,285,0
RAE,60,20241025,170000,0.537,0.537,0.537,0.537,99,0
RAE,60,20241028,100000,0.547,0.547,0.526,0.528,30892,0
RAE,60,20241028,110000,0.539,0.539,0.536,0.536,7120,0
RAE,60,20241028,120000,0.539,0.539,0.493,0.504,115972,0
RAE,60,20241028,130000,0.504,0.511,0.495,0.503,34818,0
RAE,60,20241028,140000,0.503,0.513,0.503,0.503,6878,0
RAE,60,20241028,150000,0.512,0.512,0.512,0.512,359,0
RAE,60,20241028,160000,0.512,0.52,0.51,0.519,24048,0
RAE,60,20241028,170000,0.519,0.52,0.51,0.52,15708,0
RAE,60,20241029,100000,0.524,0.63,0.524,0.586,373559,0
RAE,60,20241029,110000,0.595,0.613,0.567,0.586,154914,0
RAE,60,20241029,120000,0.586,0.609,0.582,0.6,62974,0
RAE,60,20241029,130000,0.604,0.613,0.593,0.595,104617,0
RAE,60,20241029,140000,0.594,0.606,0.58,0.58,71056,0
RAE,60,20241029,150000,0.593,0.599,0.589,0.598,63130,0
RAE,60,20241029,160000,0.599,0.599,0.571,0.58,75364,0
RAE,60,20241029,170000,0.58,0.595,0.562,0.584,85800,0
RAE,60,20241030,100000,0.596,0.61,0.55,0.565,232412,0
RAE,60,20241030,110000,0.557,0.57,0.552,0.57,40277,0
RAE,60,20241030,120000,0.568,0.583,0.568,0.571,14675,0
RAE,60,20241030,130000,0.571,0.571,0.57,0.57,13063,0
RAE,60,20241030,140000,0.568,0.583,0.565,0.582,44499,0
RAE,60,20241030,150000,0.58,0.582,0.57,0.581,24156,0
RAE,60,20241030,160000,0.58,0.581,0.58,0.581,10553,0
RAE,60,20241030,170000,0.58,0.582,0.58,0.582,8100,0
RAE,60,20241031,100000,0.583,0.583,0.582,0.583,1650,0
RAE,60,20241031,110000,0.572,0.574,0.57,0.574,7753,0
RAE,60,20241031,120000,0.574,0.574,0.569,0.569,6045,0
RAE,60,20241031,130000,0.574,0.579,0.574,0.579,5174,0
RAE,60,20241031,140000,0.572,0.58,0.572,0.58,10810,0
RAE,60,20241031,150000,0.58,0.582,0.58,0.58,10143,0
RAE,60,20241031,160000,0.58,0.58,0.574,0.579,21417,0
RAE,60,20241031,170000,0.572,0.572,0.572,0.572,18569,0
RAE,60,20241104,100000,0.57,0.582,0.57,0.58,7443,0
RAE,60,20241104,110000,0.573,0.576,0.552,0.576,26185,0
RAE,60,20241104,120000,0.576,0.576,0.557,0.574,3021,0
RAE,60,20241104,130000,0.573,0.573,0.573,0.573,500,0
RAE,60,20241104,150000,0.573,0.573,0.561,0.572,546,0
RAE,60,20241104,160000,0.562,0.57,0.562,0.57,5027,0
RAE,60,20241104,170000,0.57,0.572,0.57,0.572,3145,0
RAE,60,20241105,100000,0.572,0.575,0.544,0.571,61884,0
RAE,60,20241105,110000,0.556,0.56,0.55,0.55,34692,0
RAE,60,20241105,120000,0.547,0.547,0.54,0.54,19508,0
RAE,60,20241105,130000,0.55,0.55,0.55,0.55,1000,0
RAE,60,20241105,140000,0.54,0.54,0.54,0.54,5000,0
RAE,60,20241105,150000,0.539,0.539,0.539,0.539,2922,0
RAE,60,20241105,160000,0.55,0.55,0.537,0.537,11184,0
RAE,60,20241105,170000,0.549,0.556,0.543,0.556,11683,0
RAE,60,20241106,100000,0.556,0.562,0.556,0.562,3196,0
RAE,60,20241106,130000,0.562,0.562,0.562,0.562,1000,0
RAE,60,20241106,140000,0.548,0.548,0.544,0.544,5100,0
RAE,60,20241106,150000,0.543,0.544,0.543,0.543,2285,0
RAE,60,20241106,160000,0.55,0.55,0.53,0.54,29750,0
RAE,60,20241106,170000,0.531,0.539,0.522,0.539,6666,0
RAE,60,20241107,100000,0.531,0.535,0.525,0.525,10600,0
RAE,60,20241107,110000,0.539,0.542,0.53,0.53,6341,0
RAE,60,20241107,120000,0.524,0.536,0.524,0.524,6737,0
RAE,60,20241107,130000,0.524,0.531,0.52,0.531,22300,0
RAE,60,20241107,140000,0.532,0.539,0.521,0.521,15511,0
RAE,60,20241107,150000,0.536,0.542,0.536,0.542,5840,0
RAE,60,20241107,160000,0.536,0.54,0.536,0.54,622,0
RAE,60,20241107,170000,0.531,0.531,0.53,0.53,9700,0
RAE,60,20241108,100000,0.523,0.53,0.519,0.523,11236,0
RAE,60,20241108,110000,0.53,0.53,0.503,0.51,25256,0
RAE,60,20241108,120000,0.524,0.524,0.51,0.524,5500,0
RAE,60,20241108,130000,0.522,0.522,0.52,0.52,3219,0
RAE,60,20241108,140000,0.511,0.52,0.511,0.52,7008,0
RAE,60,20241108,150000,0.511,0.511,0.51,0.51,11365,0
RAE,60,20241108,160000,0.52,0.52,0.507,0.52,3390,0
RAE,60,20241108,170000,0.508,0.52,0.508,0.52,6250,0
RAE,60,20241112,100000,0.52,0.52,0.505,0.505,4383,0
RAE,60,20241112,110000,0.506,0.52,0.506,0.515,6207,0
RAE,60,20241112,120000,0.507,0.507,0.5,0.501,16687,0
RAE,60,20241112,130000,0.51,0.51,0.5,0.5,66700,0
RAE,60,20241112,140000,0.51,0.512,0.51,0.512,1750,0
RAE,60,20241112,150000,0.512,0.512,0.501,0.501,8881,0
RAE,60,20241112,160000,0.504,0.515,0.502,0.502,10559,0
RAE,60,20241112,170000,0.502,0.512,0.502,0.512,1347,0
RAE,60,20241113,100000,0.512,0.525,0.504,0.525,17714,0
RAE,60,20241113,110000,0.525,0.529,0.514,0.514,6616,0
RAE,60,20241113,120000,0.524,0.524,0.523,0.524,13113,0
RAE,60,20241113,130000,0.524,0.525,0.524,0.525,12500,0
RAE,60,20241113,140000,0.525,0.525,0.512,0.512,4084,0
RAE,60,20241113,150000,0.513,0.525,0.513,0.525,3110,0
RAE,60,20241113,160000,0.514,0.514,0.514,0.514,40,0
RAE,60,20241113,170000,0.524,0.524,0.515,0.515,545,0
RAE,60,20241114,100000,0.524,0.529,0.482,0.506,92105,0
RAE,60,20241114,120000,0.498,0.5,0.485,0.4855,15896,0
RAE,60,20241114,130000,0.495,0.495,0.495,0.495,385,0
RAE,60,20241114,140000,0.4945,0.506,0.4945,0.506,11115,0
RAE,60,20241114,150000,0.508,0.512,0.506,0.512,20537,0
RAE,60,20241114,160000,0.512,0.512,0.51,0.51,3668,0
RAE,60,20241114,170000,0.51,0.51,0.51,0.51,500,0
RAE,60,20241115,100000,0.51,0.51,0.5,0.5,6544,0
RAE,60,20241115,110000,0.501,0.508,0.4825,0.4825,25750,0
RAE,60,20241115,120000,0.5,0.501,0.486,0.486,4886,0
RAE,60,20241115,130000,0.5,0.503,0.5,0.503,4088,0
RAE,60,20241115,140000,0.503,0.503,0.5,0.5,1508,0
RAE,60,20241115,150000,0.5,0.5,0.5,0.5,3512,0
RAE,60,20241115,160000,0.5,0.504,0.5,0.504,4232,0
RAE,60,20241115,170000,0.5,0.5,0.5,0.5,247,0
RAE,60,20241118,100000,0.5,0.5,0.5,0.5,500,0
RAE,60,20241118,110000,0.4915,0.499,0.49,0.499,9680,0
RAE,60,20241118,120000,0.49,0.49,0.49,0.49,400,0
RAE,60,20241118,130000,0.49,0.49,0.49,0.49,225,0
RAE,60,20241118,140000,0.49,0.499,0.49,0.499,5100,0
RAE,60,20241118,150000,0.49,0.49,0.49,0.49,720,0
RAE,60,20241118,160000,0.499,0.5,0.499,0.4995,25140,0
RAE,60,20241118,170000,0.499,0.4995,0.499,0.4995,4860,0
RAE,60,20241119,100000,0.49,0.49,0.484,0.484,6330,0
RAE,60,20241119,110000,0.485,0.49,0.484,0.49,6355,0
RAE,60,20241119,120000,0.486,0.486,0.486,0.486,623,0
RAE,60,20241119,140000,0.4895,0.4895,0.486,0.486,538,0
RAE,60,20241119,150000,0.486,0.486,0.486,0.486,416,0
RAE,60,20241119,160000,0.486,0.49,0.486,0.49,1139,0
RAE,60,20241119,170000,0.49,0.49,0.49,0.49,4052,0
RAE,60,20241120,100000,0.485,0.4885,0.4815,0.4825,16952,0
RAE,60,20241120,120000,0.488,0.488,0.488,0.488,3000,0
RAE,60,20241120,130000,0.4855,0.488,0.4735,0.4735,20450,0
RAE,60,20241120,140000,0.483,0.483,0.483,0.483,115,0
RAE,60,20241120,150000,0.483,0.483,0.46,0.46,41499,0
RAE,60,20241120,160000,0.4795,0.4795,0.46,0.469,8639,0
RAE,60,20241120,170000,0.473,0.473,0.465,0.465,914,0
RAE,60,20241121,100000,0.465,0.481,0.46,0.481,64524,0
RAE,60,20241121,110000,0.477,0.477,0.47,0.47,222,0
RAE,60,20241121,120000,0.47,0.47,0.465,0.465,10400,0
RAE,60,20241121,130000,0.465,0.465,0.463,0.463,2965,0
RAE,60,20241121,140000,0.463,0.464,0.461,0.461,6414,0
RAE,60,20241121,150000,0.464,0.464,0.4595,0.464,10443,0
RAE,60,20241121,160000,0.46,0.46,0.444,0.45,35716,0
RAE,60,20241121,170000,0.45,0.456,0.441,0.456,14907,0
RAE,60,20241122,100000,0.458,0.458,0.451,0.451,1112,0
RAE,60,20241122,110000,0.4525,0.4525,0.448,0.448,730,0
RAE,60,20241122,120000,0.449,0.449,0.4245,0.427,90374,0
RAE,60,20241122,130000,0.427,0.435,0.427,0.43,15990,0
RAE,60,20241122,140000,0.4415,0.453,0.432,0.432,35000,0
RAE,60,20241122,150000,0.4345,0.4345,0.4345,0.4345,1000,0
RAE,60,20241122,160000,0.45,0.45,0.44,0.44,1000,0
RAE,60,20241125,100000,0.44,0.44,0.4315,0.44,5710,0
RAE,60,20241125,110000,0.432,0.44,0.432,0.44,3400,0
RAE,60,20241125,120000,0.438,0.438,0.43,0.43,6455,0
RAE,60,20241125,130000,0.437,0.437,0.43,0.43,3100,0
RAE,60,20241125,140000,0.4375,0.46,0.425,0.46,123338,0
RAE,60,20241125,150000,0.46,0.4645,0.4595,0.46,18846,0
RAE,60,20241125,160000,0.4635,0.4635,0.447,0.45,15599,0
RAE,60,20241125,170000,0.46,0.46,0.447,0.447,400,0
RAE,60,20241126,100000,0.46,0.46,0.459,0.46,4200,0
RAE,60,20241126,110000,0.46,0.46,0.448,0.4595,3660,0
RAE,60,20241126,120000,0.4595,0.484,0.446,0.483,76906,0
RAE,60,20241126,130000,0.482,0.482,0.4555,0.4555,74,0
RAE,60,20241126,150000,0.472,0.472,0.4715,0.4715,615,0
RAE,60,20241126,160000,0.47,0.4735,0.47,0.4735,850,0
RAE,60,20241126,170000,0.475,0.482,0.472,0.482,8555,0
RAE,60,20241127,100000,0.479,0.479,0.455,0.46,17842,0
RAE,60,20241127,110000,0.458,0.4605,0.458,0.459,330,0
RAE,60,20241127,140000,0.469,0.469,0.469,0.469,1115,0
RAE,60,20241127,150000,0.469,0.479,0.469,0.47,18017,0
RAE,60,20241127,160000,0.47,0.482,0.47,0.482,1378,0
RAE,60,20241127,170000,0.467,0.482,0.467,0.482,1050,0
RAE,60,20241128,100000,0.4775,0.4775,0.4775,0.4775,21,0
RAE,60,20241128,110000,0.462,0.462,0.462,0.462,455,0
RAE,60,20241128,120000,0.462,0.466,0.45,0.466,61344,0
RAE,60,20241128,130000,0.4515,0.4515,0.45,0.45,400,0
RAE,60,20241128,140000,0.4645,0.466,0.4645,0.466,1255,0
RAE,60,20241128,150000,0.4525,0.4525,0.45,0.45,11349,0
RAE,60,20241128,160000,0.45,0.4625,0.45,0.4505,24124,0
RAE,60,20241128,170000,0.4615,0.4625,0.4615,0.4625,1544,0
RAE,60,20241129,100000,0.451,0.451,0.451,0.451,200,0
RAE,60,20241129,110000,0.46,0.461,0.46,0.461,2638,0
RAE,60,20241129,130000,0.4595,0.4595,0.4595,0.4595,200,0
RAE,60,20241129,140000,0.4595,0.4595,0.4595,0.4595,50,0
RAE,60,20241129,150000,0.4585,0.4585,0.4585,0.4585,25,0
RAE,60,20241129,160000,0.4585,0.4595,0.4585,0.4595,5061,0
RAE,60,20241129,170000,0.451,0.4575,0.446,0.4575,7580,0
RAE,60,20241202,100000,0.446,0.4465,0.441,0.441,6579,0
RAE,60,20241202,110000,0.4445,0.4445,0.44,0.44,11426,0
RAE,60,20241202,130000,0.441,0.442,0.44,0.442,2400,0
RAE,60,20241202,140000,0.451,0.451,0.448,0.448,3297,0
RAE,60,20241202,150000,0.45,0.45,0.4425,0.4425,2740,0
RAE,60,20241202,160000,0.4495,0.4495,0.4495,0.4495,244,0
RAE,60,20241202,170000,0.449,0.449,0.444,0.444,340,0
RAE,60,20241203,100000,0.45,0.455,0.45,0.4545,5994,0
RAE,60,20241203,110000,0.4525,0.4525,0.452,0.452,125,0
RAE,60,20241203,120000,0.452,0.452,0.45,0.45,5870,0
RAE,60,20241203,130000,0.45,0.454,0.45,0.454,136,0
RAE,60,20241203,140000,0.454,0.4575,0.4535,0.4575,3238,0
RAE,60,20241203,150000,0.4545,0.4545,0.4545,0.4545,210,0
RAE,60,20241203,160000,0.4545,0.4545,0.4545,0.4545,713,0
RAE,60,20241203,170000,0.4575,0.459,0.4575,0.4585,2857,0
RAE,60,20241204,100000,0.455,0.461,0.455,0.461,3660,0
RAE,60,20241204,110000,0.457,0.457,0.4515,0.4515,3637,0
RAE,60,20241204,120000,0.4525,0.4525,0.44,0.44,18100,0
RAE,60,20241204,130000,0.445,0.445,0.445,0.445,1000,0
RAE,60,20241204,140000,0.446,0.446,0.433,0.433,17365,0
RAE,60,20241204,150000,0.434,0.439,0.434,0.434,1578,0
RAE,60,20241204,160000,0.434,0.434,0.431,0.4315,3323,0
RAE,60,20241204,170000,0.443,0.444,0.443,0.444,5850,0
RAE,60,20241205,100000,0.445,0.445,0.445,0.445,1115,0
RAE,60,20241205,120000,0.4445,0.4445,0.4445,0.4445,20,0
RAE,60,20241205,130000,0.44,0.44,0.44,0.44,215,0
RAE,60,20241205,140000,0.44,0.44,0.4395,0.4395,1970,0
RAE,60,20241205,150000,0.44,0.44,0.439,0.439,950,0
RAE,60,20241205,160000,0.44,0.442,0.436,0.442,7891,0
RAE,60,20241205,170000,0.442,0.442,0.4355,0.441,1645,0
RAE,60,20241206,100000,0.435,0.441,0.434,0.441,3467,0
RAE,60,20241206,110000,0.4355,0.441,0.4355,0.441,1050,0
RAE,60,20241206,120000,0.441,0.4415,0.441,0.4415,800,0
RAE,60,20241206,130000,0.441,0.441,0.441,0.441,23,0
RAE,60,20241206,160000,0.441,0.4415,0.441,0.4415,1248,0
RAE,60,20241206,170000,0.4415,0.4415,0.435,0.4415,5995,0
RAE,60,20241209,100000,0.4415,0.4415,0.432,0.4405,6693,0
RAE,60,20241209,110000,0.4405,0.441,0.4365,0.4365,986,0
RAE,60,20241209,120000,0.4365,0.444,0.43,0.43,17690,0
RAE,60,20241209,130000,0.43,0.442,0.4245,0.4245,16893,0
RAE,60,20241209,140000,0.4375,0.4375,0.4375,0.4375,3000,0
RAE,60,20241209,160000,0.438,0.442,0.438,0.442,745,0
RAE,60,20241209,170000,0.4415,0.442,0.4415,0.442,11188,0
RAE,60,20241210,100000,0.44,0.44,0.44,0.44,900,0
RAE,60,20241210,120000,0.44,0.44,0.44,0.44,600,0
RAE,60,20241210,140000,0.44,0.44,0.44,0.44,530,0
RAE,60,20241210,150000,0.438,0.438,0.4325,0.4325,2000,0
RAE,60,20241210,170000,0.437,0.44,0.4325,0.44,2180,0
RAE,60,20241211,100000,0.4395,0.4395,0.405,0.427,87469,0
RAE,60,20241211,110000,0.428,0.428,0.411,0.411,14801,0
RAE,60,20241211,120000,0.41,0.419,0.41,0.41,57995,0
RAE,60,20241211,130000,0.419,0.419,0.403,0.403,65038,0
RAE,60,20241211,140000,0.419,0.4195,0.419,0.419,7827,0
RAE,60,20241211,150000,0.42,0.42,0.42,0.42,600,0
RAE,60,20241211,160000,0.42,0.42,0.42,0.42,25,0
RAE,60,20241211,170000,0.42,0.423,0.419,0.419,2900,0
RAE,60,20241212,100000,0.4055,0.4055,0.4055,0.4055,281,0
RAE,60,20241212,110000,0.4105,0.42,0.4105,0.42,1699,0
RAE,60,20241212,120000,0.418,0.418,0.418,0.418,2000,0
RAE,60,20241212,140000,0.415,0.415,0.415,0.415,40,0
RAE,60,20241212,150000,0.415,0.415,0.4055,0.4055,5368,0
RAE,60,20241212,170000,0.41,0.417,0.41,0.417,141,0
RAE,60,20241213,100000,0.417,0.4175,0.4045,0.4175,4536,0
RAE,60,20241213,120000,0.4105,0.4105,0.4105,0.4105,100,0
RAE,60,20241213,130000,0.4165,0.4165,0.4165,0.4165,220,0
RAE,60,20241213,140000,0.4165,0.418,0.4165,0.418,3338,0
RAE,60,20241213,160000,0.418,0.422,0.418,0.422,1690,0
RAE,60,20241213,170000,0.42,0.42,0.4165,0.42,152000,0
RAE,60,20241216,100000,0.42,0.42,0.406,0.406,8548,0
RAE,60,20241216,110000,0.4065,0.4065,0.406,0.406,12360,0
RAE,60,20241216,120000,0.406,0.406,0.406,0.406,306,0
RAE,60,20241216,130000,0.4115,0.4195,0.406,0.4195,11038,0
RAE,60,20241216,140000,0.4195,0.42,0.4195,0.42,3319,0
RAE,60,20241216,160000,0.4195,0.4195,0.41,0.4105,3274,0
RAE,60,20241216,170000,0.41,0.4195,0.41,0.4195,1250,0
RAE,60,20241217,100000,0.407,0.41,0.406,0.406,29660,0
RAE,60,20241217,110000,0.405,0.406,0.4045,0.406,6718,0
RAE,60,20241217,120000,0.415,0.416,0.406,0.406,17040,0
RAE,60,20241217,130000,0.4065,0.4065,0.4,0.402,46145,0
RAE,60,20241217,140000,0.409,0.4095,0.409,0.409,3600,0
RAE,60,20241217,150000,0.4065,0.41,0.402,0.41,11537,0
RAE,60,20241217,160000,0.4095,0.41,0.407,0.407,3137,0
RAE,60,20241217,170000,0.409,0.41,0.409,0.41,12663,0
RAE,60,20241218,100000,0.41,0.4145,0.41,0.4145,145000,0
RAE,60,20241218,120000,0.404,0.4045,0.404,0.4045,9250,0
RAE,60,20241218,130000,0.413,0.413,0.413,0.413,33,0
RAE,60,20241218,150000,0.413,0.413,0.412,0.412,2974,0
RAE,60,20241218,160000,0.41,0.41,0.4045,0.4045,30000,0
RAE,60,20241218,170000,0.4115,0.418,0.405,0.418,37124,0
RAE,60,20241219,100000,0.418,0.42,0.418,0.419,6500,0
RAE,60,20241219,110000,0.4115,0.4115,0.41,0.41,9500,0
RAE,60,20241219,120000,0.4105,0.4195,0.41,0.413,24640,0
RAE,60,20241219,130000,0.4185,0.4185,0.4175,0.418,6528,0
RAE,60,20241219,140000,0.418,0.418,0.413,0.418,13697,0
RAE,60,20241219,150000,0.4175,0.419,0.409,0.41,123410,0
RAE,60,20241219,170000,0.4135,0.418,0.4135,0.418,6800,0
RAE,60,20241220,100000,0.4195,0.4195,0.4195,0.4195,580,0
RAE,60,20241220,110000,0.4185,0.419,0.4185,0.419,4675,0
RAE,60,20241220,140000,0.4185,0.419,0.4185,0.419,1000,0
RAE,60,20241220,150000,0.4125,0.4125,0.4125,0.4125,93000,0
RAE,60,20241220,160000,0.4125,0.4125,0.4125,0.4125,3000,0
RAE,60,20241220,170000,0.41,0.417,0.41,0.417,9423,0
RAE,60,20241223,100000,0.417,0.417,0.4,0.408,52938,0
RAE,60,20241223,110000,0.408,0.413,0.4,0.4125,12213,0
RAE,60,20241223,120000,0.4,0.411,0.3985,0.411,7435,0
RAE,60,20241223,130000,0.4005,0.409,0.4005,0.409,2000,0
RAE,60,20241223,140000,0.405,0.409,0.4005,0.409,9179,0
RAE,60,20241223,150000,0.4095,0.4095,0.4095,0.4095,260,0
RAE,60,20241223,160000,0.4095,0.4095,0.4,0.4085,10582,0
RAE,60,20241223,170000,0.406,0.406,0.4,0.4,55450,0
RAE,60,20241227,100000,0.4,0.4,0.3955,0.3995,19639,0
RAE,60,20241227,110000,0.4,0.4,0.4,0.4,2000,0
RAE,60,20241227,120000,0.3995,0.4,0.3955,0.4,16226,0
RAE,60,20241227,130000,0.4,0.4,0.4,0.4,5000,0
RAE,60,20241227,140000,0.397,0.4095,0.397,0.4095,16745,0
RAE,60,20241227,150000,0.409,0.409,0.409,0.409,500,0
RAE,60,20241227,160000,0.409,0.409,0.404,0.409,2900,0
RAE,60,20241227,170000,0.409,0.4105,0.409,0.41,1850,0
RAE,60,20241230,100000,0.41,0.41,0.41,0.41,3522,0
RAE,60,20241230,110000,0.4045,0.4045,0.401,0.401,3307,0
RAE,60,20241230,120000,0.401,0.4085,0.401,0.4085,1043,0
RAE,60,20241230,130000,0.403,0.403,0.4,0.401,20130,0
RAE,60,20241230,140000,0.408,0.408,0.4015,0.4015,1709,0
RAE,60,20241230,150000,0.407,0.407,0.407,0.407,59,0
RAE,60,20241230,160000,0.407,0.407,0.407,0.407,100,0
RAE,60,20241230,170000,0.407,0.4115,0.407,0.4115,44997,0
RAE,60,20250102,100000,0.4115,0.4115,0.404,0.41,1647,0
RAE,60,20250102,110000,0.41,0.41,0.404,0.404,2020,0
RAE,60,20250102,120000,0.4095,0.4095,0.404,0.406,2916,0
RAE,60,20250102,130000,0.407,0.407,0.407,0.407,341,0
RAE,60,20250102,140000,0.409,0.409,0.407,0.407,2681,0
RAE,60,20250102,160000,0.4095,0.4095,0.4095,0.4095,10800,0
RAE,60,20250102,170000,0.41,0.414,0.41,0.414,5572,0
RAE,60,20250103,100000,0.4105,0.418,0.4105,0.418,13860,0
RAE,60,20250103,110000,0.418,0.4235,0.418,0.4235,11659,0
RAE,60,20250103,120000,0.4235,0.4235,0.418,0.418,2540,0
RAE,60,20250103,140000,0.422,0.428,0.42,0.42,85919,0
RAE,60,20250103,160000,0.421,0.426,0.42,0.426,2700,0
RAE,60,20250103,170000,0.427,0.427,0.427,0.427,80,0
RAE,60,20250107,100000,0.43,0.509,0.43,0.47,163254,0
RAE,60,20250107,110000,0.482,0.482,0.4505,0.471,13622,0
RAE,60,20250107,120000,0.471,0.481,0.4605,0.476,80775,0
RAE,60,20250107,130000,0.476,0.51,0.476,0.509,93658,0
RAE,60,20250107,140000,0.499,0.508,0.4825,0.491,21270,0
RAE,60,20250107,150000,0.49,0.502,0.486,0.5,33957,0
RAE,60,20250107,160000,0.4985,0.5,0.4865,0.4865,11200,0
RAE,60,20250107,170000,0.486,0.5,0.484,0.497,26373,0
RAE,60,20250108,100000,0.499,0.499,0.45,0.46,67582,0
RAE,60,20250108,110000,0.46,0.467,0.46,0.467,16343,0
RAE,60,20250108,120000,0.4605,0.462,0.4555,0.462,7860,0
RAE,60,20250108,130000,0.462,0.467,0.462,0.467,2551,0
RAE,60,20250108,140000,0.462,0.479,0.46,0.475,21544,0
RAE,60,20250108,150000,0.47,0.47,0.47,0.47,1000,0
RAE,60,20250108,160000,0.47,0.47,0.46,0.47,3000,0
RAE,60,20250108,170000,0.464,0.47,0.464,0.47,7230,0
RAE,60,20250109,100000,0.47,0.47,0.469,0.469,320,0
RAE,60,20250109,110000,0.469,0.47,0.469,0.47,1510,0
RAE,60,20250109,120000,0.469,0.469,0.457,0.457,5557,0
RAE,60,20250109,130000,0.46,0.4685,0.46,0.4685,8651,0
RAE,60,20250109,140000,0.468,0.468,0.45,0.451,18300,0
RAE,60,20250109,150000,0.451,0.451,0.447,0.447,14989,0
RAE,60,20250109,160000,0.4485,0.4585,0.44,0.44,42706,0
RAE,60,20250109,170000,0.4405,0.45,0.44,0.45,19350,0
RAE,60,20250110,100000,0.458,0.4595,0.4545,0.4545,3722,0
RAE,60,20250110,110000,0.455,0.4585,0.455,0.4585,5750,0
RAE,60,20250110,120000,0.457,0.458,0.457,0.458,3,0
RAE,60,20250110,130000,0.454,0.4585,0.454,0.4585,6550,0
RAE,60,20250110,140000,0.4585,0.4585,0.452,0.452,227,0
RAE,60,20250110,150000,0.4525,0.4525,0.448,0.448,6400,0
RAE,60,20250110,170000,0.446,0.449,0.446,0.449,2300,0
RAE,60,20250113,100000,0.446,0.446,0.42,0.44,19233,0
RAE,60,20250113,110000,0.44,0.44,0.43,0.439,6930,0
RAE,60,20250113,120000,0.4305,0.4305,0.418,0.418,23985,0
RAE,60,20250113,130000,0.421,0.429,0.418,0.429,17830,0
RAE,60,20250113,140000,0.428,0.429,0.428,0.429,4476,0
RAE,60,20250113,150000,0.43,0.43,0.4195,0.4195,2350,0
RAE,60,20250113,160000,0.421,0.429,0.418,0.429,51212,0
RAE,60,20250114,100000,0.428,0.428,0.428,0.428,500,0
RAE,60,20250114,110000,0.426,0.426,0.41,0.41,45532,0
RAE,60,20250114,120000,0.413,0.413,0.41,0.41,13128,0
RAE,60,20250114,130000,0.4105,0.4105,0.41,0.41,14556,0
RAE,60,20250114,140000,0.4185,0.4185,0.418,0.418,4117,0
RAE,60,20250114,170000,0.418,0.4225,0.413,0.4225,7382,0
RAE,60,20250115,100000,0.421,0.421,0.413,0.421,2988,0
RAE,60,20250115,110000,0.421,0.422,0.42,0.42,5865,0
RAE,60,20250115,120000,0.42,0.422,0.413,0.413,13822,0
RAE,60,20250115,130000,0.4205,0.4205,0.4205,0.4205,24,0
RAE,60,20250115,170000,0.4205,0.422,0.42,0.422,5585,0
RAE,60,20250116,100000,0.422,0.422,0.42,0.42,35,0
RAE,60,20250116,120000,0.422,0.422,0.41,0.41,20362,0
RAE,60,20250116,130000,0.412,0.418,0.41,0.41,28455,0
RAE,60,20250116,140000,0.41,0.41,0.41,0.41,2500,0
RAE,60,20250116,150000,0.41,0.412,0.41,0.412,6806,0
RAE,60,20250116,160000,0.412,0.4175,0.41,0.41,3429,0
RAE,60,20250116,170000,0.41,0.4135,0.4095,0.4135,2718,0
RAE,60,20250117,100000,0.416,0.4165,0.4085,0.4165,18748,0
RAE,60,20250117,110000,0.416,0.4165,0.41,0.411,10686,0
RAE,60,20250117,120000,0.415,0.415,0.4105,0.4105,1200,0
RAE,60,20250117,130000,0.4155,0.4155,0.4155,0.4155,2500,0
RAE,60,20250117,140000,0.416,0.416,0.4155,0.4155,2034,0
RAE,60,20250117,150000,0.4155,0.4155,0.4085,0.41,8855,0
RAE,60,20250117,160000,0.4085,0.41,0.406,0.41,7369,0
RAE,60,20250117,170000,0.41,0.415,0.405,0.415,13919,0
RAE,60,20250120,100000,0.415,0.415,0.4045,0.4045,1722,0
RAE,60,20250120,110000,0.406,0.413,0.406,0.413,2374,0
RAE,60,20250120,120000,0.413,0.414,0.413,0.413,8613,0
RAE,60,20250120,130000,0.414,0.4255,0.4,0.424,155374,0
RAE,60,20250120,140000,0.4195,0.4195,0.4195,0.4195,30,0
RAE,60,20250120,150000,0.405,0.4155,0.4,0.4155,85807,0
RAE,60,20250120,160000,0.41,0.41,0.41,0.41,5376,0
RAE,60,20250120,170000,0.41,0.425,0.41,0.425,37417,0
RAE,60,20250121,100000,0.418,0.418,0.41,0.4165,15355,0
RAE,60,20250121,110000,0.419,0.425,0.419,0.425,3200,0
RAE,60,20250121,120000,0.418,0.418,0.418,0.418,240,0
RAE,60,20250121,170000,0.42,0.42,0.42,0.42,50,0
RAE,60,20250122,100000,0.4205,0.4235,0.4205,0.423,8673,0
RAE,60,20250122,110000,0.423,0.4235,0.42,0.42,18250,0
RAE,60,20250122,120000,0.4235,0.4235,0.42,0.42,2702,0
RAE,60,20250122,130000,0.42,0.4235,0.42,0.4235,1026,0
RAE,60,20250122,140000,0.4235,0.4265,0.4235,0.4265,25131,0
RAE,60,20250122,150000,0.4265,0.433,0.4265,0.43,14097,0
RAE,60,20250122,160000,0.43,0.4335,0.43,0.4335,8000,0
RAE,60,20250122,170000,0.4335,0.4335,0.433,0.433,5100,0
RAE,60,20250123,100000,0.43,0.438,0.43,0.438,11738,0
RAE,60,20250123,110000,0.438,0.438,0.433,0.438,11060,0
RAE,60,20250123,120000,0.436,0.436,0.436,0.436,10000,0
RAE,60,20250123,130000,0.434,0.438,0.434,0.438,10326,0
RAE,60,20250123,140000,0.438,0.438,0.436,0.436,4000,0
RAE,60,20250123,150000,0.434,0.434,0.425,0.4255,16999,0
RAE,60,20250123,160000,0.426,0.426,0.4235,0.4235,16666,0
RAE,60,20250123,170000,0.424,0.434,0.424,0.434,168,0
RAE,60,20250124,100000,0.427,0.427,0.427,0.427,25,0
RAE,60,20250124,110000,0.427,0.43,0.4265,0.43,820,0
RAE,60,20250124,120000,0.43,0.43,0.43,0.43,25,0
RAE,60,20250124,130000,0.428,0.4295,0.428,0.4295,1600,0
RAE,60,20250124,150000,0.4315,0.44,0.4315,0.44,12834,0
RAE,60,20250124,160000,0.439,0.439,0.439,0.439,179,0
RAE,60,20250124,170000,0.436,0.4365,0.436,0.4365,2050,0
RAE,60,20250127,120000,0.4315,0.4315,0.4315,0.4315,10,0
RAE,60,20250127,130000,0.4255,0.431,0.42,0.42,21556,0
RAE,60,20250127,140000,0.43,0.43,0.43,0.43,200,0
RAE,60,20250127,150000,0.4295,0.4295,0.4295,0.4295,57,0
RAE,60,20250127,170000,0.4185,0.4185,0.4185,0.4185,500,0
RAE,60,20250128,100000,0.4135,0.4195,0.4135,0.4195,5154,0
RAE,60,20250128,110000,0.4165,0.4165,0.4155,0.4155,521,0
RAE,60,20250128,120000,0.4155,0.42,0.412,0.414,10596,0
RAE,60,20250128,130000,0.4145,0.435,0.4,0.42,86767,0
RAE,60,20250128,140000,0.434,0.434,0.415,0.4275,25643,0
RAE,60,20250128,150000,0.427,0.427,0.402,0.4025,38259,0
RAE,60,20250128,160000,0.405,0.4135,0.4005,0.411,51913,0
RAE,60,20250128,170000,0.408,0.411,0.408,0.411,17184,0
RAE,60,20250129,100000,0.415,0.415,0.4135,0.414,3172,0
RAE,60,20250129,110000,0.4135,0.4135,0.4135,0.4135,685,0
RAE,60,20250129,120000,0.412,0.412,0.405,0.405,4025,0
RAE,60,20250129,130000,0.4115,0.4115,0.4115,0.4115,610,0
RAE,60,20250129,150000,0.4055,0.4055,0.401,0.405,21693,0
RAE,60,20250129,160000,0.406,0.406,0.4015,0.4015,10382,0
RAE,60,20250129,170000,0.401,0.4085,0.4,0.4,47431,0
RAE,60,20250130,100000,0.4,0.4105,0.4,0.4105,28124,0
RAE,60,20250130,110000,0.4105,0.416,0.4105,0.416,12042,0
RAE,60,20250130,120000,0.4065,0.4125,0.403,0.4125,3001,0
RAE,60,20250130,130000,0.4095,0.41,0.4095,0.41,1880,0
RAE,60,20250130,140000,0.4095,0.4095,0.4095,0.4095,1579,0
RAE,60,20250130,150000,0.41,0.41,0.409,0.409,1913,0
RAE,60,20250130,170000,0.41,0.41,0.41,0.41,1770,0
RAE,60,20250131,100000,0.4095,0.413,0.4035,0.4035,8693,0
RAE,60,20250131,110000,0.4035,0.412,0.402,0.405,11000,0
RAE,60,20250131,140000,0.4115,0.4115,0.4115,0.4115,55,0
RAE,60,20250131,150000,0.4065,0.4065,0.4,0.406,52000,0
RAE,60,20250131,160000,0.4005,0.4005,0.4,0.4,12307,0
RAE,60,20250131,170000,0.4,0.403,0.3985,0.401,12046,0
RAE,60,20250203,100000,0.401,0.403,0.4,0.4025,7262,0
RAE,60,20250203,110000,0.4025,0.4055,0.4025,0.403,13400,0
RAE,60,20250203,140000,0.402,0.402,0.4015,0.402,7500,0
RAE,60,20250203,160000,0.402,0.402,0.4005,0.4005,9000,0
RAE,60,20250204,100000,0.401,0.4025,0.4,0.402,32916,0
RAE,60,20250204,110000,0.401,0.401,0.401,0.401,200,0
RAE,60,20250204,120000,0.401,0.404,0.401,0.404,10000,0
RAE,60,20250204,130000,0.404,0.4085,0.404,0.4085,10510,0
RAE,60,20250204,150000,0.402,0.4065,0.402,0.4065,2100,0
RAE,60,20250204,160000,0.404,0.404,0.404,0.404,8371,0
RAE,60,20250204,170000,0.408,0.409,0.408,0.409,2000,0
RAE,60,20250205,100000,0.408,0.408,0.402,0.408,28687,0
RAE,60,20250205,110000,0.403,0.403,0.403,0.403,1000,0
RAE,60,20250205,120000,0.4035,0.4035,0.403,0.403,8524,0
RAE,60,20250205,130000,0.4075,0.4085,0.4075,0.4085,4438,0
RAE,60,20250205,140000,0.4085,0.409,0.4035,0.4035,18200,0
RAE,60,20250205,150000,0.4085,0.4095,0.406,0.406,11000,0
RAE,60,20250205,170000,0.4085,0.4085,0.4085,0.4085,50,0
RAE,60,20250206,100000,0.4085,0.4085,0.4085,0.4085,1000,0
RAE,60,20250206,110000,0.406,0.406,0.404,0.404,2300,0
RAE,60,20250206,120000,0.4045,0.407,0.404,0.407,11716,0
RAE,60,20250206,130000,0.405,0.405,0.404,0.404,8616,0
RAE,60,20250206,140000,0.404,0.404,0.402,0.402,22955,0
RAE,60,20250206,150000,0.404,0.404,0.404,0.404,202,0
RAE,60,20250206,160000,0.403,0.403,0.403,0.403,110,0
RAE,60,20250206,170000,0.403,0.403,0.4015,0.4015,3000,0
RAE,60,20250207,100000,0.4005,0.404,0.4,0.4,58311,0
RAE,60,20250207,110000,0.4,0.404,0.4,0.4035,10205,0
RAE,60,20250207,120000,0.4035,0.4035,0.4035,0.4035,26,0
RAE,60,20250207,130000,0.4035,0.4035,0.4035,0.4035,750,0
RAE,60,20250207,140000,0.4035,0.4035,0.401,0.401,2300,0
RAE,60,20250207,160000,0.4015,0.403,0.4,0.4,16046,0
RAE,60,20250207,170000,0.402,0.4025,0.4,0.401,20757,0
RAE,60,20250210,100000,0.401,0.4025,0.397,0.4015,28156,0
RAE,60,20250210,110000,0.3985,0.4,0.3985,0.3985,1545,0
RAE,60,20250210,120000,0.3985,0.399,0.3985,0.3985,9264,0
RAE,60,20250210,130000,0.3995,0.3995,0.3985,0.3985,9000,0
RAE,60,20250210,140000,0.399,0.399,0.399,0.399,500,0
RAE,60,20250210,150000,0.399,0.4,0.399,0.4,1459,0
RAE,60,20250210,160000,0.4,0.4015,0.4,0.4,17081,0
RAE,60,20250210,170000,0.4015,0.4015,0.4005,0.4005,5000,0
RAE,60,20250211,100000,0.4015,0.4015,0.4,0.4,1865,0
RAE,60,20250211,120000,0.4,0.4,0.398,0.3995,9515,0
RAE,60,20250211,130000,0.398,0.398,0.398,0.398,2914,0
RAE,60,20250211,140000,0.398,0.398,0.398,0.398,586,0
RAE,60,20250211,150000,0.4005,0.401,0.4005,0.401,2000,0
RAE,60,20250211,160000,0.3985,0.401,0.3985,0.4,454,0
RAE,60,20250211,170000,0.399,0.399,0.399,0.399,45,0
RAE,60,20250212,100000,0.3985,0.399,0.3985,0.3985,3600,0
RAE,60,20250212,110000,0.399,0.399,0.398,0.398,17224,0
RAE,60,20250212,130000,0.3985,0.4005,0.3985,0.4005,9841,0
RAE,60,20250212,150000,0.4,0.4,0.399,0.399,2144,0
RAE,60,20250212,160000,0.399,0.399,0.398,0.398,18700,0
RAE,60,20250212,170000,0.398,0.398,0.397,0.3975,23000,0
RAE,60,20250213,100000,0.4,0.4,0.397,0.4,34705,0
RAE,60,20250213,110000,0.397,0.3975,0.397,0.397,1350,0
RAE,60,20250213,120000,0.3995,0.3995,0.3995,0.3995,3255,0
RAE,60,20250213,130000,0.3995,0.3995,0.398,0.398,5071,0
RAE,60,20250213,140000,0.4,0.4,0.3995,0.4,8215,0
RAE,60,20250213,150000,0.3995,0.3995,0.3995,0.3995,1027,0
RAE,60,20250213,160000,0.3975,0.3975,0.39,0.395,33198,0
RAE,60,20250213,170000,0.398,0.3985,0.398,0.398,13400,0
RAE,60,20250214,100000,0.3955,0.399,0.3955,0.399,5120,0
RAE,60,20250214,110000,0.396,0.3965,0.39,0.393,48338,0
RAE,60,20250214,120000,0.393,0.398,0.393,0.393,600,0
RAE,60,20250214,130000,0.393,0.397,0.393,0.397,741,0
RAE,60,20250214,140000,0.394,0.394,0.393,0.393,3509,0
RAE,60,20250214,150000,0.393,0.395,0.393,0.395,5957,0
RAE,60,20250214,160000,0.395,0.3955,0.3905,0.3945,31380,0
RAE,60,20250214,170000,0.3945,0.3945,0.3945,0.3945,2017,0
RAE,60,20250217,100000,0.3955,0.3985,0.3905,0.392,76180,0
RAE,60,20250217,110000,0.394,0.394,0.394,0.394,20,0
RAE,60,20250217,120000,0.396,0.3965,0.39,0.39,20865,0
RAE,60,20250217,130000,0.3915,0.3945,0.39,0.3935,16557,0
RAE,60,20250217,160000,0.3935,0.3935,0.3935,0.3935,2000,0
RAE,60,20250217,170000,0.392,0.395,0.39,0.3945,21228,0
RAE,60,20250218,100000,0.39,0.395,0.39,0.3945,6100,0
RAE,60,20250218,110000,0.3945,0.3945,0.3945,0.3945,2500,0
RAE,60,20250218,120000,0.391,0.392,0.3905,0.392,7689,0
RAE,60,20250218,140000,0.3915,0.3915,0.391,0.391,2601,0
RAE,60,20250218,150000,0.391,0.391,0.389,0.389,16632,0
RAE,60,20250218,160000,0.3895,0.3935,0.38,0.3935,36460,0
RAE,60,20250218,170000,0.383,0.39,0.3825,0.3875,25000,0
RAE,60,20250219,100000,0.389,0.389,0.381,0.381,37050,0
RAE,60,20250219,110000,0.3815,0.382,0.38,0.38,15500,0
RAE,60,20250219,120000,0.384,0.3845,0.37,0.38,45300,0
RAE,60,20250219,130000,0.3715,0.372,0.371,0.371,4145,0
RAE,60,20250219,140000,0.3725,0.378,0.3725,0.378,8740,0
RAE,60,20250219,150000,0.375,0.3765,0.37,0.3765,33814,0
RAE,60,20250219,160000,0.378,0.378,0.378,0.378,50,0
RAE,60,20250219,170000,0.375,0.3785,0.375,0.375,13445,0
RAE,60,20250220,100000,0.371,0.379,0.371,0.379,6270,0
RAE,60,20250220,110000,0.378,0.379,0.378,0.379,3332,0
RAE,60,20250220,120000,0.3765,0.3785,0.3765,0.3785,6000,0
RAE,60,20250220,130000,0.379,0.4,0.379,0.396,72735,0
RAE,60,20250220,140000,0.3945,0.396,0.3875,0.396,20792,0
RAE,60,20250220,150000,0.395,0.4,0.395,0.395,6494,0
RAE,60,20250220,160000,0.393,0.4155,0.393,0.4155,139333,0
RAE,60,20250220,170000,0.415,0.421,0.401,0.418,53832,0
RAE,60,20250221,100000,0.417,0.42,0.406,0.419,70351,0
RAE,60,20250221,110000,0.419,0.419,0.406,0.4155,15000,0
RAE,60,20250221,130000,0.417,0.417,0.405,0.4095,41352,0
RAE,60,20250221,140000,0.4075,0.4075,0.4075,0.4075,1900,0
RAE,60,20250221,150000,0.4075,0.408,0.406,0.406,21600,0
RAE,60,20250221,160000,0.406,0.413,0.406,0.413,107,0
RAE,60,20250221,170000,0.4075,0.4075,0.4075,0.4075,2000,0
RAE,60,20250224,100000,0.4075,0.4075,0.4075,0.4075,1802,0
RAE,60,20250224,110000,0.4105,0.4105,0.4075,0.4075,3648,0
RAE,60,20250224,120000,0.404,0.404,0.402,0.402,4177,0
RAE,60,20250224,130000,0.407,0.407,0.407,0.407,25,0
RAE,60,20250224,140000,0.403,0.403,0.402,0.402,14700,0
RAE,60,20250224,150000,0.402,0.4065,0.402,0.4065,16022,0
RAE,60,20250224,170000,0.4025,0.4055,0.4005,0.4005,984,0
RAE,60,20250225,100000,0.402,0.402,0.4,0.4,12718,0
RAE,60,20250225,120000,0.4,0.4,0.4,0.4,14368,0
RAE,60,20250225,130000,0.3995,0.3995,0.3975,0.398,2800,0
RAE,60,20250225,140000,0.401,0.401,0.401,0.401,10,0
RAE,60,20250225,160000,0.401,0.403,0.3975,0.3975,22143,0
RAE,60,20250225,170000,0.3995,0.403,0.3995,0.403,244,0
RAE,60,20250226,100000,0.403,0.4035,0.397,0.401,18754,0
RAE,60,20250226,110000,0.4035,0.4035,0.4,0.4,19100,0
RAE,60,20250226,120000,0.4015,0.4015,0.389,0.392,36898,0
RAE,60,20250226,130000,0.395,0.399,0.3905,0.394,12776,0
RAE,60,20250226,140000,0.395,0.396,0.39,0.3935,18082,0
RAE,60,20250226,150000,0.3935,0.3935,0.388,0.388,70297,0
RAE,60,20250226,160000,0.386,0.39,0.386,0.39,11631,0
RAE,60,20250226,170000,0.3855,0.3885,0.3855,0.3855,19543,0
RAE,60,20250227,100000,0.39,0.4015,0.39,0.401,43974,0
RAE,60,20250227,110000,0.4005,0.4025,0.4005,0.4015,6351,0
RAE,60,20250227,120000,0.4,0.4,0.399,0.399,3700,0
RAE,60,20250227,140000,0.4,0.4,0.398,0.398,1300,0
RAE,60,20250227,150000,0.3975,0.4,0.3965,0.4,21400,0
RAE,60,20250227,160000,0.395,0.395,0.395,0.395,500,0
RAE,60,20250227,170000,0.4005,0.4005,0.4005,0.4005,18,0
RAE,60,20250228,100000,0.395,0.3995,0.3935,0.394,4269,0
RAE,60,20250228,110000,0.3995,0.3995,0.392,0.3935,15822,0
RAE,60,20250228,120000,0.396,0.396,0.396,0.396,129,0
RAE,60,20250228,130000,0.396,0.396,0.396,0.396,2236,0
RAE,60,20250228,150000,0.3955,0.3955,0.394,0.394,930,0
RAE,60,20250228,160000,0.3935,0.3945,0.392,0.3945,6055,0
RAE,60,20250228,170000,0.392,0.3945,0.3905,0.394,17873,0
RAE,60,20250303,100000,0.391,0.394,0.3895,0.3895,18587,0
RAE,60,20250303,110000,0.394,0.394,0.3895,0.3895,1866,0
RAE,60,20250303,120000,0.393,0.3935,0.393,0.3935,2500,0
RAE,60,20250303,130000,0.39,0.39,0.3855,0.3855,15080,0
RAE,60,20250303,140000,0.39,0.39,0.3855,0.3855,15373,0
RAE,60,20250303,150000,0.386,0.386,0.386,0.386,7010,0
RAE,60,20250303,170000,0.386,0.3925,0.386,0.3925,12889,0
RAE,60,20250304,100000,0.392,0.392,0.381,0.3885,16356,0
RAE,60,20250304,110000,0.3885,0.3885,0.3885,0.3885,26,0
RAE,60,20250304,130000,0.383,0.383,0.38,0.38,13765,0
RAE,60,20250304,140000,0.3805,0.3805,0.3795,0.3795,1800,0
RAE,60,20250304,150000,0.378,0.378,0.3765,0.3765,10000,0
RAE,60,20250304,160000,0.381,0.381,0.381,0.381,121,0
RAE,60,20250305,100000,0.3845,0.3845,0.38,0.384,12389,0
RAE,60,20250305,110000,0.3785,0.3835,0.376,0.383,34783,0
RAE,60,20250305,120000,0.384,0.384,0.384,0.384,2000,0
RAE,60,20250305,130000,0.3835,0.3845,0.3835,0.384,6300,0
RAE,60,20250305,140000,0.384,0.3845,0.38,0.382,3050,0
RAE,60,20250305,150000,0.38,0.38,0.38,0.38,10,0
RAE,60,20250306,100000,0.384,0.384,0.3755,0.3755,20975,0
RAE,60,20250306,110000,0.379,0.3795,0.379,0.3795,5429,0
RAE,60,20250306,120000,0.3795,0.38,0.3795,0.38,4738,0
RAE,60,20250306,130000,0.38,0.38,0.38,0.38,2959,0
RAE,60,20250306,170000,0.382,0.3845,0.382,0.3845,4133,0
RAE,60,20250307,100000,0.382,0.385,0.382,0.382,130,0
RAE,60,20250307,110000,0.383,0.383,0.3755,0.376,21326,0
RAE,60,20250307,120000,0.3765,0.38,0.372,0.3725,16575,0
RAE,60,20250307,130000,0.377,0.3835,0.377,0.3795,19800,0
RAE,60,20250307,140000,0.3765,0.3765,0.376,0.376,4350,0
RAE,60,20250307,150000,0.3765,0.3805,0.375,0.378,5000,0
RAE,60,20250307,170000,0.38,0.3805,0.378,0.3805,3710,0
RAE,60,20250310,100000,0.3805,0.3825,0.3755,0.3825,11882,0
RAE,60,20250310,110000,0.3775,0.381,0.3775,0.38,5648,0
RAE,60,20250310,120000,0.38,0.383,0.38,0.383,4000,0
RAE,60,20250310,130000,0.383,0.383,0.383,0.383,530,0
RAE,60,20250310,140000,0.3825,0.3825,0.3825,0.3825,3000,0
RAE,60,20250310,150000,0.383,0.383,0.383,0.383,4220,0
RAE,60,20250310,160000,0.379,0.379,0.378,0.378,1627,0
RAE,60,20250310,170000,0.382,0.382,0.382,0.382,27,0
RAE,60,20250311,100000,0.378,0.38,0.378,0.3795,15303,0
RAE,60,20250311,110000,0.38,0.3805,0.38,0.38,16863,0
RAE,60,20250311,120000,0.3795,0.3845,0.376,0.376,19551,0
RAE,60,20250311,150000,0.382,0.382,0.382,0.382,2000,0
RAE,60,20250311,160000,0.3815,0.3815,0.3815,0.3815,600,0
RAE,60,20250311,170000,0.38,0.3825,0.38,0.3825,74204,0
RAE,60,20250312,100000,0.3825,0.3825,0.3765,0.378,11111,0
RAE,60,20250312,120000,0.377,0.377,0.376,0.376,15265,0
RAE,60,20250312,130000,0.3795,0.3795,0.3795,0.3795,592,0
RAE,60,20250312,140000,0.38,0.3825,0.38,0.3825,11319,0
RAE,60,20250312,150000,0.382,0.385,0.382,0.384,6300,0
RAE,60,20250312,160000,0.384,0.384,0.384,0.384,1019,0
RAE,60,20250312,170000,0.384,0.385,0.3815,0.385,16958,0
RAE,60,20250313,100000,0.3855,0.388,0.385,0.388,11126,0
RAE,60,20250313,110000,0.3875,0.388,0.386,0.386,7117,0
RAE,60,20250313,120000,0.386,0.388,0.386,0.388,4783,0
RAE,60,20250313,130000,0.388,0.3885,0.388,0.3885,37164,0
RAE,60,20250313,140000,0.388,0.39,0.388,0.39,4240,0
RAE,60,20250313,150000,0.39,0.39,0.39,0.39,100,0
RAE,60,20250313,170000,0.385,0.385,0.385,0.385,6700,0
RAE,60,20250314,100000,0.385,0.385,0.385,0.385,30,0
RAE,60,20250314,120000,0.387,0.387,0.385,0.385,2535,0
RAE,60,20250314,140000,0.385,0.385,0.385,0.385,1765,0
RAE,60,20250314,150000,0.3885,0.3885,0.3885,0.3885,500,0
RAE,60,20250314,160000,0.389,0.389,0.389,0.389,30,0
RAE,60,20250314,170000,0.388,0.3885,0.384,0.3885,22644,0
RAE,60,20250317,100000,0.384,0.384,0.378,0.378,11101,0
RAE,60,20250317,110000,0.388,0.3885,0.388,0.3885,2000,0
RAE,60,20250317,130000,0.3885,0.3885,0.379,0.384,27225,0
RAE,60,20250317,140000,0.3875,0.3875,0.3805,0.3805,3200,0
RAE,60,20250317,160000,0.3875,0.3875,0.3815,0.3875,9331,0
RAE,60,20250317,170000,0.3835,0.3875,0.382,0.3875,1905,0
RAE,60,20250318,100000,0.3875,0.3875,0.3765,0.3765,23481,0
RAE,60,20250318,110000,0.377,0.377,0.373,0.373,20605,0
RAE,60,20250318,120000,0.379,0.379,0.379,0.379,6000,0
RAE,60,20250318,130000,0.3795,0.3795,0.3765,0.3765,3500,0
RAE,60,20250318,140000,0.3795,0.3795,0.3715,0.372,28045,0
RAE,60,20250318,150000,0.3785,0.3795,0.3785,0.3795,4000,0
RAE,60,20250318,160000,0.3745,0.38,0.3745,0.38,35174,0
RAE,60,20250318,170000,0.375,0.38,0.3745,0.38,13385,0
RAE,60,20250319,100000,0.38,0.38,0.3755,0.3755,1110,0
RAE,60,20250319,110000,0.3765,0.3765,0.375,0.375,18319,0
RAE,60,20250319,130000,0.3755,0.3755,0.375,0.375,1545,0
RAE,60,20250319,140000,0.3755,0.3785,0.374,0.3785,25500,0
RAE,60,20250319,150000,0.376,0.3765,0.376,0.3765,5600,0
RAE,60,20250319,160000,0.374,0.374,0.374,0.374,38,0
RAE,60,20250320,100000,0.3745,0.3745,0.3745,0.3745,1792,0
RAE,60,20250320,110000,0.3765,0.378,0.3765,0.378,17300,0
RAE,60,20250320,120000,0.378,0.3785,0.378,0.378,2500,0
RAE,60,20250320,130000,0.378,0.3785,0.378,0.3785,3718,0
RAE,60,20250320,140000,0.378,0.379,0.376,0.3775,2439,0
RAE,60,20250320,170000,0.3775,0.3785,0.3765,0.3785,1245,0
RAE,60,20250321,100000,0.3785,0.3785,0.373,0.3735,13922,0
RAE,60,20250321,120000,0.377,0.38,0.377,0.38,9114,0
RAE,60,20250321,160000,0.38,0.38,0.38,0.38,50,0
RAE,60,20250321,170000,0.375,0.3795,0.3735,0.3795,270,0
RAE,60,20250324,100000,0.381,0.381,0.3745,0.3745,6500,0
RAE,60,20250324,130000,0.3795,0.3795,0.378,0.378,120,0
RAE,60,20250324,140000,0.378,0.378,0.378,0.378,460,0
RAE,60,20250324,160000,0.3795,0.3795,0.3795,0.3795,900,0
RAE,60,20250324,170000,0.3795,0.3795,0.3795,0.3795,1520,0
RAE,60,20250325,100000,0.38,0.3815,0.3795,0.3815,2919,0
RAE,60,20250325,110000,0.3805,0.3805,0.3805,0.3805,2200,0
RAE,60,20250325,120000,0.3805,0.3805,0.38,0.38,16097,0
RAE,60,20250325,130000,0.3815,0.3835,0.3795,0.3795,22679,0
RAE,60,20250325,150000,0.379,0.383,0.379,0.379,3374,0
RAE,60,20250325,160000,0.383,0.383,0.383,0.383,40,0
RAE,60,20250325,170000,0.381,0.3825,0.379,0.3825,1695,0
RAE,60,20250326,100000,0.379,0.3825,0.3745,0.3745,11922,0
RAE,60,20250326,120000,0.378,0.378,0.378,0.378,8416,0
RAE,60,20250326,130000,0.3785,0.3785,0.378,0.378,18000,0
RAE,60,20250326,150000,0.3805,0.3805,0.3805,0.3805,27,0
RAE,60,20250326,160000,0.3785,0.3785,0.3785,0.3785,100,0
RAE,60,20250326,170000,0.38,0.38,0.38,0.38,30,0
RAE,60,20250327,100000,0.381,0.381,0.381,0.381,2000,0
RAE,60,20250327,110000,0.381,0.3815,0.38,0.3815,7852,0
RAE,60,20250327,120000,0.38,0.382,0.3785,0.3785,7830,0
RAE,60,20250327,130000,0.38,0.38,0.38,0.38,1500,0
RAE,60,20250327,140000,0.38,0.38,0.38,0.38,250,0
RAE,60,20250327,170000,0.3795,0.3815,0.3795,0.38,9995,0
RAE,60,20250328,100000,0.381,0.381,0.381,0.381,500,0
RAE,60,20250328,110000,0.3785,0.3785,0.3785,0.3785,974,0
RAE,60,20250328,120000,0.378,0.378,0.378,0.378,4000,0
RAE,60,20250328,130000,0.3775,0.3775,0.37,0.377,29570,0
RAE,60,20250328,140000,0.3775,0.3775,0.3775,0.3775,6000,0
RAE,60,20250328,150000,0.377,0.377,0.377,0.377,400,0
RAE,60,20250328,160000,0.373,0.3765,0.3685,0.3685,18358,0
RAE,60,20250328,170000,0.3685,0.3755,0.3685,0.3755,1567,0
RAE,60,20250331,100000,0.37,0.375,0.3685,0.375,3219,0
RAE,60,20250331,130000,0.37,0.37,0.3685,0.3685,2050,0
RAE,60,20250331,140000,0.3685,0.3685,0.3685,0.3685,1100,0
RAE,60,20250331,150000,0.3685,0.3685,0.366,0.366,3000,0
RAE,60,20250331,160000,0.3695,0.3695,0.3695,0.3695,1,0
RAE,60,20250401,100000,0.369,0.369,0.365,0.365,23003,0
RAE,60,20250401,110000,0.367,0.3675,0.364,0.364,4328,0
RAE,60,20250401,120000,0.364,0.364,0.364,0.364,920,0
RAE,60,20250401,130000,0.363,0.363,0.363,0.363,100,0
RAE,60,20250401,140000,0.3665,0.3665,0.3665,0.3665,28,0
RAE,60,20250401,160000,0.363,0.3635,0.3615,0.3615,7787,0
RAE,60,20250401,170000,0.3665,0.367,0.3615,0.3665,2154,0
RAE,60,20250402,100000,0.3615,0.3615,0.36,0.3605,31955,0
RAE,60,20250402,110000,0.361,0.361,0.35,0.36,88350,0
RAE,60,20250402,120000,0.36,0.36,0.3535,0.3535,17150,0
RAE,60,20250402,130000,0.359,0.361,0.359,0.361,31500,0
RAE,60,20250402,140000,0.3605,0.3605,0.3605,0.3605,41,0
RAE,60,20250402,150000,0.36,0.3605,0.36,0.3605,5459,0
RAE,60,20250402,160000,0.356,0.356,0.353,0.353,3054,0
RAE,60,20250403,100000,0.3535,0.383,0.3525,0.383,152756,0
RAE,60,20250403,110000,0.37,0.3885,0.3615,0.377,79157,0
RAE,60,20250403,120000,0.3745,0.3745,0.3625,0.365,8575,0
RAE,60,20250403,130000,0.362,0.362,0.361,0.361,7873,0
RAE,60,20250403,140000,0.359,0.36,0.354,0.36,30200,0
RAE,60,20250403,150000,0.355,0.355,0.355,0.355,5,0
RAE,60,20250403,160000,0.3575,0.361,0.3575,0.361,4500,0
RAE,60,20250403,170000,0.3595,0.36,0.358,0.36,2555,0
RAE,60,20250404,100000,0.3625,0.3625,0.3625,0.3625,60,0
RAE,60,20250404,110000,0.3625,0.3625,0.362,0.362,4850,0
RAE,60,20250404,120000,0.3625,0.3625,0.362,0.362,1550,0
RAE,60,20250404,130000,0.36,0.362,0.36,0.362,1288,0
RAE,60,20250404,140000,0.362,0.362,0.36,0.36,7308,0
RAE,60,20250404,150000,0.358,0.358,0.358,0.358,927,0
RAE,60,20250404,160000,0.36,0.36,0.36,0.36,528,0
RAE,60,20250407,100000,0.3565,0.3565,0.351,0.352,16300,0
RAE,60,20250407,110000,0.352,0.352,0.352,0.352,4500,0
RAE,60,20250407,120000,0.351,0.352,0.35,0.35,24751,0
RAE,60,20250407,130000,0.3495,0.3495,0.34,0.345,28930,0
RAE,60,20250407,140000,0.346,0.346,0.3455,0.3455,868,0
RAE,60,20250407,150000,0.342,0.347,0.34,0.344,29342,0
RAE,60,20250408,100000,0.346,0.348,0.339,0.348,27068,0
RAE,60,20250408,130000,0.343,0.347,0.343,0.347,780,0
RAE,60,20250408,140000,0.347,0.347,0.347,0.347,250,0
RAE,60,20250408,150000,0.343,0.343,0.3425,0.3425,2950,0
RAE,60,20250408,160000,0.3465,0.3465,0.3465,0.3465,500,0
RAE,60,20250408,170000,0.3465,0.349,0.3465,0.349,240,0
RAE,60,20250409,100000,0.3465,0.351,0.3465,0.351,2140,0
RAE,60,20250409,110000,0.3555,0.3555,0.355,0.355,10500,0
RAE,60,20250409,120000,0.356,0.3565,0.356,0.3565,6666,0
RAE,60,20250409,130000,0.354,0.354,0.354,0.354,5100,0
RAE,60,20250409,140000,0.354,0.354,0.351,0.351,28010,0
RAE,60,20250409,150000,0.351,0.351,0.351,0.351,6000,0
RAE,60,20250409,160000,0.351,0.351,0.3495,0.35,2400,0
RAE,60,20250409,170000,0.354,0.354,0.354,0.354,195,0
RAE,60,20250410,100000,0.356,0.357,0.356,0.357,3734,0
RAE,60,20250410,110000,0.3585,0.3585,0.351,0.351,4900,0
RAE,60,20250410,120000,0.358,0.358,0.358,0.358,10,0
RAE,60,20250411,100000,0.358,0.358,0.355,0.3575,3621,0
RAE,60,20250411,110000,0.3575,0.3575,0.3575,0.3575,100,0
RAE,60,20250411,120000,0.3575,0.3575,0.3575,0.3575,46,0
RAE,60,20250411,150000,0.358,0.358,0.3515,0.3515,8000,0
RAE,60,20250414,100000,0.36,0.3615,0.36,0.36,8049,0
RAE,60,20250414,110000,0.36,0.36,0.35,0.35,17193,0
RAE,60,20250414,120000,0.35,0.35,0.35,0.35,4480,0
RAE,60,20250414,140000,0.35,0.35,0.347,0.347,17295,0
RAE,60,20250414,160000,0.35,0.35,0.35,0.35,4292,0
RAE,60,20250414,170000,0.347,0.347,0.3425,0.3425,6756,0
RAE,60,20250415,100000,0.36,0.364,0.357,0.363,61377,0
RAE,60,20250415,110000,0.363,0.363,0.363,0.363,1000,0
RAE,60,20250415,120000,0.355,0.355,0.349,0.349,9599,0
RAE,60,20250415,130000,0.35,0.3595,0.35,0.3595,5001,0
RAE,60,20250415,150000,0.3505,0.3505,0.35,0.35,6000,0
RAE,60,20250415,160000,0.35,0.356,0.3425,0.356,14000,0
RAE,60,20250415,170000,0.358,0.358,0.345,0.355,14140,0
RAE,60,20250416,100000,0.341,0.342,0.341,0.342,2166,0
RAE,60,20250416,110000,0.3515,0.3515,0.3515,0.3515,4000,0
RAE,60,20250416,120000,0.3465,0.3465,0.341,0.341,14500,0
RAE,60,20250416,130000,0.343,0.35,0.3425,0.35,4400,0
RAE,60,20250416,150000,0.343,0.343,0.343,0.343,1000,0
RAE,60,20250416,170000,0.3425,0.359,0.3405,0.359,39000,0
RAE,60,20250417,100000,0.3585,0.3585,0.34,0.355,27151,0
RAE,60,20250417,120000,0.352,0.352,0.35,0.35,8466,0
RAE,60,20250417,150000,0.351,0.351,0.34,0.34,31171,0
RAE,60,20250417,160000,0.348,0.3545,0.348,0.3545,11129,0
RAE,60,20250417,170000,0.3405,0.354,0.34,0.354,29030,0
RAE,60,20250422,100000,0.354,0.354,0.3505,0.3505,2240,0
RAE,60,20250422,110000,0.352,0.352,0.3395,0.3395,97540,0
RAE,60,20250422,120000,0.34,0.34,0.34,0.34,36318,0
RAE,60,20250422,130000,0.34,0.344,0.34,0.34,17000,0
RAE,60,20250422,140000,0.34,0.34,0.3395,0.34,4095,0
RAE,60,20250422,150000,0.34,0.34,0.34,0.34,14000,0
RAE,60,20250422,160000,0.3395,0.3395,0.3395,0.3395,850,0
RAE,60,20250422,170000,0.34,0.34,0.34,0.34,623,0
RAE,60,20250423,100000,0.349,0.35,0.34,0.34,30000,0
RAE,60,20250423,110000,0.34,0.34,0.339,0.339,4195,0
RAE,60,20250423,120000,0.337,0.337,0.337,0.337,69862,0
RAE,60,20250423,130000,0.337,0.337,0.334,0.337,17000,0
RAE,60,20250423,140000,0.3365,0.337,0.3345,0.3345,6780,0
RAE,60,20250423,150000,0.3345,0.3345,0.334,0.334,55082,0
RAE,60,20250423,160000,0.334,0.337,0.334,0.337,3884,0
RAE,60,20250423,170000,0.337,0.337,0.337,0.337,30700,0
RAE,60,20250424,100000,0.339,0.346,0.336,0.346,64222,0
RAE,60,20250424,110000,0.3415,0.3415,0.3415,0.3415,100,0
RAE,60,20250424,120000,0.342,0.346,0.342,0.3435,46120,0
RAE,60,20250424,130000,0.343,0.346,0.343,0.343,14101,0
RAE,60,20250424,140000,0.343,0.343,0.343,0.343,2299,0
RAE,60,20250425,100000,0.3425,0.3425,0.339,0.339,10634,0
RAE,60,20250425,110000,0.3415,0.3415,0.339,0.339,5547,0
RAE,60,20250425,120000,0.3385,0.3385,0.3385,0.3385,5000,0
RAE,60,20250425,130000,0.339,0.339,0.3375,0.3375,900,0
RAE,60,20250425,140000,0.339,0.3395,0.335,0.337,24100,0
RAE,60,20250428,100000,0.338,0.349,0.338,0.349,78980,0
RAE,60,20250428,110000,0.352,0.3545,0.352,0.354,16280,0
RAE,60,20250428,120000,0.354,0.354,0.343,0.343,25001,0
RAE,60,20250428,130000,0.343,0.343,0.3425,0.3425,1825,0
RAE,60,20250428,140000,0.341,0.341,0.341,0.341,2000,0
RAE,60,20250428,150000,0.34,0.342,0.3395,0.342,27198,0
RAE,60,20250428,160000,0.338,0.3425,0.3365,0.338,38185,0
RAE,60,20250428,170000,0.345,0.345,0.332,0.341,53694,0
RAE,60,20250429,100000,0.341,0.341,0.332,0.34,134123,0
RAE,60,20250429,110000,0.3335,0.34,0.333,0.34,22664,0
RAE,60,20250429,120000,0.3395,0.3405,0.332,0.3405,77932,0
RAE,60,20250429,130000,0.3395,0.3395,0.3395,0.3395,2869,0
RAE,60,20250429,140000,0.34,0.34,0.34,0.34,2431,0
RAE,60,20250429,160000,0.3355,0.3395,0.335,0.3395,9701,0
RAE,60,20250429,170000,0.339,0.339,0.3325,0.3325,82200,0
RAE,60,20250430,100000,0.334,0.334,0.333,0.3335,26650,0
RAE,60,20250430,110000,0.3335,0.334,0.3335,0.334,4060,0
RAE,60,20250430,120000,0.334,0.334,0.334,0.334,1088,0
RAE,60,20250430,130000,0.334,0.334,0.334,0.334,8852,0
RAE,60,20250430,140000,0.334,0.334,0.334,0.334,1358,0
RAE,60,20250430,160000,0.333,0.3335,0.331,0.3335,30300,0
RAE,60,20250430,170000,0.3325,0.3325,0.331,0.331,16697,0
RAE,60,20250502,100000,0.331,0.331,0.33,0.33,26297,0
RAE,60,20250502,110000,0.333,0.3335,0.333,0.3335,4000,0
RAE,60,20250502,120000,0.3335,0.3335,0.3315,0.3315,2147,0
RAE,60,20250502,130000,0.3315,0.3315,0.331,0.331,5400,0
RAE,60,20250502,140000,0.3305,0.3305,0.3305,0.3305,1000,0
RAE,60,20250502,150000,0.33,0.33,0.33,0.33,1000,0
RAE,60,20250502,170000,0.331,0.3325,0.33,0.3325,2800,0
RAE,60,20250505,100000,0.3325,0.333,0.3325,0.333,3944,0
RAE,60,20250505,110000,0.333,0.333,0.333,0.333,4158,0
RAE,60,20250505,120000,0.331,0.332,0.331,0.332,4193,0
RAE,60,20250505,130000,0.333,0.335,0.333,0.335,13992,0
RAE,60,20250505,150000,0.3355,0.3355,0.335,0.335,1835,0
RAE,60,20250505,170000,0.335,0.335,0.335,0.335,60,0
RAE,60,20250506,100000,0.335,0.335,0.333,0.333,5517,0
RAE,60,20250506,110000,0.3345,0.3345,0.3305,0.3305,9031,0
RAE,60,20250506,120000,0.333,0.3335,0.333,0.3335,3000,0
RAE,60,20250506,150000,0.3335,0.3335,0.3335,0.3335,50,0
RAE,60,20250506,160000,0.332,0.332,0.329,0.329,40364,0
RAE,60,20250506,170000,0.3285,0.3285,0.3285,0.3285,50,0
