<TICKER>,<PER>,<DATE>,<TIME>,<OPEN>,<HIGH>,<LOW>,<CLOSE>,<VOL>,<OPENINT>
RDN,60,20240411,150000,0.315,0.315,0.315,0.315,100,0
RDN,60,20240411,170000,0.296,0.318,0.296,0.318,810,0
RDN,60,20240412,120000,0.318,0.318,0.318,0.318,5,0
RDN,60,20240415,170000,0.295,0.318,0.295,0.318,370,0
RDN,60,20240416,110000,0.295,0.295,0.295,0.295,1250,0
RDN,60,20240416,130000,0.315,0.315,0.315,0.315,200,0
RDN,60,20240416,160000,0.3,0.3,0.3,0.3,1000,0
RDN,60,20240416,170000,0.296,0.296,0.296,0.296,3000,0
RDN,60,20240417,110000,0.296,0.296,0.296,0.296,2589,0
RDN,60,20240417,120000,0.314,0.314,0.314,0.314,1000,0
RDN,60,20240417,130000,0.3,0.3,0.3,0.3,6000,0
RDN,60,20240417,170000,0.312,0.312,0.312,0.312,120,0
RDN,60,20240418,110000,0.311,0.311,0.311,0.311,8000,0
RDN,60,20240419,120000,0.296,0.296,0.296,0.296,1000,0
RDN,60,20240419,130000,0.312,0.312,0.312,0.312,1000,0
RDN,60,20240419,140000,0.312,0.312,0.296,0.296,1137,0
RDN,60,20240419,160000,0.312,0.312,0.312,0.312,252,0
RDN,60,20240422,100000,0.312,0.312,0.312,0.312,1000,0
RDN,60,20240422,110000,0.297,0.297,0.297,0.297,3000,0
RDN,60,20240422,120000,0.298,0.312,0.298,0.312,9097,0
RDN,60,20240422,130000,0.312,0.312,0.312,0.312,900,0
RDN,60,20240422,160000,0.312,0.319,0.312,0.319,10000,0
RDN,60,20240423,100000,0.319,0.32,0.319,0.32,16975,0
RDN,60,20240423,110000,0.319,0.319,0.319,0.319,910,0
RDN,60,20240423,120000,0.3,0.3,0.3,0.3,10000,0
RDN,60,20240423,130000,0.3,0.3,0.298,0.298,9097,0
RDN,60,20240423,170000,0.3,0.316,0.299,0.316,5510,0
RDN,60,20240424,100000,0.299,0.299,0.298,0.298,50,0
RDN,60,20240424,130000,0.298,0.298,0.298,0.298,500,0
RDN,60,20240424,150000,0.31,0.314,0.31,0.314,6000,0
RDN,60,20240425,120000,0.312,0.312,0.312,0.312,200,0
RDN,60,20240425,150000,0.298,0.298,0.298,0.298,600,0
RDN,60,20240425,170000,0.312,0.312,0.312,0.312,710,0
RDN,60,20240426,100000,0.298,0.298,0.298,0.298,2370,0
RDN,60,20240426,110000,0.298,0.298,0.293,0.293,5000,0
RDN,60,20240426,120000,0.29,0.29,0.29,0.29,1765,0
RDN,60,20240426,130000,0.31,0.31,0.31,0.31,110,0
RDN,60,20240426,170000,0.29,0.308,0.29,0.308,8392,0
RDN,60,20240429,110000,0.3,0.307,0.281,0.307,15000,0
RDN,60,20240430,100000,0.282,0.298,0.282,0.298,2799,0
RDN,60,20240430,110000,0.302,0.302,0.302,0.302,4951,0
RDN,60,20240430,120000,0.298,0.298,0.298,0.298,5701,0
RDN,60,20240430,150000,0.298,0.298,0.298,0.298,990,0
RDN,60,20240430,170000,0.298,0.298,0.298,0.298,1169,0
RDN,60,20240502,150000,0.298,0.298,0.298,0.298,100,0
RDN,60,20240502,160000,0.298,0.298,0.298,0.298,100,0
RDN,60,20240506,110000,0.29,0.292,0.29,0.292,2434,0
RDN,60,20240506,120000,0.292,0.292,0.292,0.292,1200,0
RDN,60,20240506,130000,0.292,0.298,0.292,0.298,1240,0
RDN,60,20240506,140000,0.298,0.298,0.298,0.298,600,0
RDN,60,20240507,100000,0.298,0.298,0.298,0.298,10000,0
RDN,60,20240507,120000,0.298,0.298,0.298,0.298,1000,0
RDN,60,20240507,150000,0.286,0.286,0.285,0.285,10214,0
RDN,60,20240507,160000,0.298,0.298,0.298,0.298,15880,0
RDN,60,20240508,100000,0.29,0.29,0.29,0.29,3250,0
RDN,60,20240508,110000,0.285,0.29,0.285,0.29,2390,0
RDN,60,20240508,130000,0.29,0.29,0.29,0.29,1000,0
RDN,60,20240508,170000,0.285,0.29,0.283,0.29,1793,0
RDN,60,20240509,100000,0.282,0.282,0.282,0.282,2199,0
RDN,60,20240509,110000,0.282,0.282,0.269,0.272,44501,0
RDN,60,20240509,120000,0.272,0.272,0.27,0.27,14735,0
RDN,60,20240509,140000,0.271,0.271,0.271,0.271,2000,0
RDN,60,20240509,170000,0.279,0.279,0.279,0.279,89776,0
RDN,60,20240510,100000,0.279,0.279,0.279,0.279,73,0
RDN,60,20240510,110000,0.279,0.279,0.279,0.279,2000,0
RDN,60,20240510,120000,0.279,0.279,0.279,0.279,1700,0
RDN,60,20240510,140000,0.276,0.276,0.262,0.262,22574,0
RDN,60,20240510,150000,0.28,0.28,0.28,0.28,12000,0
RDN,60,20240513,100000,0.267,0.267,0.267,0.267,5949,0
RDN,60,20240513,110000,0.267,0.267,0.267,0.267,10766,0
RDN,60,20240513,120000,0.293,0.293,0.293,0.293,79,0
RDN,60,20240513,130000,0.289,0.289,0.289,0.289,3000,0
RDN,60,20240513,140000,0.28,0.28,0.267,0.267,8665,0
RDN,60,20240513,170000,0.28,0.28,0.28,0.28,1,0
RDN,60,20240514,100000,0.284,0.284,0.284,0.284,2000,0
RDN,60,20240515,110000,0.285,0.29,0.285,0.29,5000,0
RDN,60,20240515,130000,0.289,0.289,0.289,0.289,500,0
RDN,60,20240515,140000,0.289,0.29,0.289,0.29,24600,0
RDN,60,20240516,100000,0.276,0.276,0.276,0.276,7294,0
RDN,60,20240516,110000,0.276,0.276,0.272,0.275,22669,0
RDN,60,20240516,120000,0.272,0.272,0.272,0.272,1585,0
RDN,60,20240516,140000,0.286,0.286,0.286,0.286,6000,0
RDN,60,20240516,160000,0.286,0.286,0.286,0.286,900,0
RDN,60,20240516,170000,0.285,0.289,0.28,0.289,4245,0
RDN,60,20240517,100000,0.289,0.289,0.289,0.289,1170,0
RDN,60,20240517,120000,0.281,0.281,0.28,0.28,13239,0
RDN,60,20240517,130000,0.289,0.289,0.274,0.274,17588,0
RDN,60,20240517,140000,0.273,0.273,0.27,0.27,15000,0
RDN,60,20240517,170000,0.273,0.279,0.272,0.279,19817,0
RDN,60,20240520,130000,0.272,0.272,0.272,0.272,13278,0
RDN,60,20240520,170000,0.272,0.28,0.272,0.28,261,0
RDN,60,20240521,100000,0.28,0.282,0.272,0.282,40787,0
RDN,60,20240521,120000,0.28,0.282,0.28,0.282,2090,0
RDN,60,20240521,130000,0.282,0.282,0.282,0.282,374,0
RDN,60,20240521,150000,0.282,0.282,0.282,0.282,4626,0
RDN,60,20240521,160000,0.283,0.283,0.283,0.283,27000,0
RDN,60,20240522,120000,0.282,0.282,0.282,0.282,374,0
RDN,60,20240523,100000,0.273,0.273,0.272,0.273,7084,0
RDN,60,20240523,110000,0.285,0.285,0.285,0.285,4000,0
RDN,60,20240523,120000,0.285,0.286,0.285,0.286,7500,0
RDN,60,20240523,130000,0.286,0.286,0.286,0.286,5000,0
RDN,60,20240523,140000,0.276,0.276,0.275,0.275,13922,0
RDN,60,20240523,170000,0.275,0.275,0.273,0.273,25000,0
RDN,60,20240524,100000,0.274,0.286,0.271,0.286,32428,0
RDN,60,20240524,110000,0.272,0.272,0.272,0.272,2,0
RDN,60,20240524,120000,0.273,0.273,0.272,0.272,20615,0
RDN,60,20240524,130000,0.284,0.284,0.284,0.284,6000,0
RDN,60,20240524,140000,0.284,0.284,0.284,0.284,16750,0
RDN,60,20240524,150000,0.284,0.284,0.284,0.284,765,0
RDN,60,20240524,160000,0.284,0.284,0.284,0.284,3000,0
RDN,60,20240524,170000,0.284,0.284,0.284,0.284,5600,0
RDN,60,20240527,110000,0.275,0.276,0.274,0.274,71345,0
RDN,60,20240527,120000,0.274,0.274,0.274,0.274,7000,0
RDN,60,20240528,100000,0.274,0.274,0.27,0.27,14449,0
RDN,60,20240528,110000,0.271,0.271,0.27,0.27,10308,0
RDN,60,20240528,120000,0.27,0.27,0.27,0.27,562,0
RDN,60,20240528,170000,0.274,0.274,0.274,0.274,80,0
RDN,60,20240529,150000,0.272,0.272,0.272,0.272,3000,0
RDN,60,20240529,160000,0.272,0.272,0.272,0.272,3000,0
RDN,60,20240531,100000,0.272,0.272,0.272,0.272,1000,0
RDN,60,20240531,140000,0.272,0.272,0.254,0.254,10000,0
RDN,60,20240531,170000,0.272,0.273,0.268,0.273,4111,0
RDN,60,20240603,140000,0.274,0.274,0.274,0.274,2500,0
RDN,60,20240603,170000,0.281,0.281,0.28,0.28,19102,0
RDN,60,20240604,110000,0.282,0.29,0.281,0.29,8839,0
RDN,60,20240604,120000,0.29,0.29,0.29,0.29,1280,0
RDN,60,20240604,140000,0.281,0.281,0.281,0.281,5000,0
RDN,60,20240605,100000,0.27,0.29,0.27,0.29,2323,0
RDN,60,20240605,110000,0.28,0.28,0.28,0.28,19000,0
RDN,60,20240605,120000,0.27,0.27,0.26,0.26,38761,0
RDN,60,20240605,130000,0.26,0.26,0.259,0.259,44709,0
RDN,60,20240605,140000,0.259,0.259,0.259,0.259,33757,0
RDN,60,20240605,150000,0.266,0.266,0.266,0.266,10000,0
RDN,60,20240605,170000,0.266,0.266,0.262,0.266,6856,0
RDN,60,20240606,100000,0.262,0.276,0.26,0.276,16144,0
RDN,60,20240606,120000,0.262,0.262,0.258,0.258,18401,0
RDN,60,20240606,130000,0.258,0.258,0.257,0.257,10799,0
RDN,60,20240606,150000,0.257,0.257,0.257,0.257,2220,0
RDN,60,20240606,170000,0.255,0.262,0.252,0.262,22066,0
RDN,60,20240607,100000,0.262,0.262,0.262,0.262,2500,0
RDN,60,20240607,160000,0.25,0.25,0.244,0.244,15030,0
RDN,60,20240607,170000,0.262,0.262,0.262,0.262,10,0
RDN,60,20240610,100000,0.262,0.262,0.262,0.262,6000,0
RDN,60,20240610,120000,0.244,0.246,0.244,0.244,2610,0
RDN,60,20240610,130000,0.246,0.246,0.24,0.24,44256,0
RDN,60,20240610,140000,0.24,0.258,0.238,0.258,44878,0
RDN,60,20240610,150000,0.25,0.258,0.25,0.258,5600,0
RDN,60,20240611,120000,0.245,0.245,0.245,0.245,200,0
RDN,60,20240611,130000,0.244,0.244,0.244,0.244,604,0
RDN,60,20240611,140000,0.244,0.244,0.241,0.241,17396,0
RDN,60,20240611,150000,0.238,0.238,0.23,0.23,28751,0
RDN,60,20240611,160000,0.238,0.238,0.237,0.237,6000,0
RDN,60,20240611,170000,0.237,0.237,0.237,0.237,2604,0
RDN,60,20240612,120000,0.242,0.242,0.242,0.242,25430,0
RDN,60,20240612,160000,0.242,0.242,0.242,0.242,23150,0
RDN,60,20240612,170000,0.25,0.25,0.25,0.25,790,0
RDN,60,20240613,120000,0.233,0.24,0.233,0.24,11000,0
RDN,60,20240613,130000,0.249,0.25,0.249,0.25,21199,0
RDN,60,20240614,110000,0.23,0.23,0.23,0.23,3000,0
RDN,60,20240614,120000,0.232,0.232,0.23,0.23,27200,0
RDN,60,20240614,170000,0.244,0.244,0.244,0.244,1,0
RDN,60,20240617,110000,0.245,0.245,0.245,0.245,4000,0
RDN,60,20240617,130000,0.236,0.236,0.236,0.236,3009,0
RDN,60,20240617,140000,0.236,0.236,0.236,0.236,1200,0
RDN,60,20240617,150000,0.236,0.236,0.236,0.236,2000,0
RDN,60,20240617,170000,0.244,0.244,0.244,0.244,420,0
RDN,60,20240618,100000,0.244,0.244,0.244,0.244,72470,0
RDN,60,20240618,110000,0.244,0.244,0.244,0.244,32311,0
RDN,60,20240618,130000,0.248,0.248,0.248,0.248,1200,0
RDN,60,20240618,140000,0.248,0.248,0.248,0.248,10041,0
RDN,60,20240618,150000,0.247,0.248,0.247,0.248,39090,0
RDN,60,20240618,160000,0.248,0.248,0.248,0.248,10000,0
RDN,60,20240618,170000,0.248,0.248,0.248,0.248,1000,0
RDN,60,20240619,100000,0.24,0.24,0.226,0.23,82132,0
RDN,60,20240619,110000,0.234,0.234,0.234,0.234,13200,0
RDN,60,20240619,120000,0.234,0.234,0.234,0.234,761,0
RDN,60,20240619,130000,0.236,0.236,0.236,0.236,8000,0
RDN,60,20240619,140000,0.234,0.234,0.233,0.233,13259,0
RDN,60,20240619,150000,0.235,0.235,0.235,0.235,2000,0
RDN,60,20240619,160000,0.248,0.248,0.248,0.248,1000,0
RDN,60,20240619,170000,0.235,0.235,0.235,0.235,4000,0
RDN,60,20240620,100000,0.231,0.231,0.23,0.23,15000,0
RDN,60,20240620,110000,0.248,0.248,0.248,0.248,1300,0
RDN,60,20240620,120000,0.247,0.247,0.247,0.247,3000,0
RDN,60,20240620,130000,0.247,0.247,0.247,0.247,4000,0
RDN,60,20240624,160000,0.248,0.248,0.248,0.248,5150,0
RDN,60,20240625,100000,0.248,0.248,0.248,0.248,150,0
RDN,60,20240625,150000,0.249,0.249,0.249,0.249,4509,0
RDN,60,20240627,130000,0.238,0.238,0.237,0.237,5365,0
RDN,60,20240627,170000,0.249,0.249,0.249,0.249,3900,0
RDN,60,20240628,160000,0.249,0.249,0.249,0.249,4722,0
RDN,60,20240701,100000,0.25,0.25,0.242,0.242,14442,0
RDN,60,20240701,110000,0.242,0.242,0.236,0.236,10000,0
RDN,60,20240702,120000,0.25,0.257,0.234,0.234,27835,0
RDN,60,20240702,130000,0.235,0.238,0.235,0.236,16700,0
RDN,60,20240702,140000,0.238,0.238,0.238,0.238,8546,0
RDN,60,20240702,150000,0.238,0.238,0.238,0.238,20009,0
RDN,60,20240702,160000,0.238,0.238,0.235,0.235,3900,0
RDN,60,20240702,170000,0.235,0.238,0.234,0.238,16781,0
RDN,60,20240703,100000,0.232,0.245,0.232,0.245,5900,0
RDN,60,20240703,120000,0.245,0.245,0.245,0.245,900,0
RDN,60,20240703,130000,0.245,0.245,0.245,0.245,5000,0
RDN,60,20240704,150000,0.243,0.245,0.243,0.245,2500,0
RDN,60,20240705,120000,0.239,0.239,0.238,0.238,8000,0
RDN,60,20240705,160000,0.238,0.238,0.238,0.238,12000,0
RDN,60,20240708,150000,0.24,0.24,0.24,0.24,709,0
RDN,60,20240709,100000,0.231,0.231,0.231,0.231,5505,0
RDN,60,20240709,120000,0.232,0.232,0.232,0.232,2655,0
RDN,60,20240709,160000,0.244,0.244,0.244,0.244,10000,0
RDN,60,20240709,170000,0.245,0.245,0.245,0.245,5244,0
RDN,60,20240710,100000,0.233,0.233,0.233,0.233,2989,0
RDN,60,20240710,110000,0.234,0.234,0.234,0.234,5000,0
RDN,60,20240710,120000,0.233,0.233,0.233,0.233,20061,0
RDN,60,20240710,130000,0.233,0.233,0.233,0.233,4050,0
RDN,60,20240710,160000,0.233,0.233,0.233,0.233,3000,0
RDN,60,20240710,170000,0.233,0.233,0.233,0.233,22100,0
RDN,60,20240711,100000,0.233,0.233,0.23,0.23,6345,0
RDN,60,20240711,110000,0.23,0.23,0.23,0.23,3616,0
RDN,60,20240712,120000,0.238,0.239,0.238,0.239,3606,0
RDN,60,20240712,130000,0.237,0.24,0.237,0.24,6251,0
RDN,60,20240712,140000,0.24,0.24,0.24,0.24,15000,0
RDN,60,20240712,150000,0.24,0.24,0.24,0.24,2260,0
RDN,60,20240715,100000,0.229,0.229,0.229,0.229,14499,0
RDN,60,20240715,120000,0.23,0.23,0.23,0.23,1,0
RDN,60,20240715,140000,0.231,0.236,0.231,0.236,2999,0
RDN,60,20240716,100000,0.234,0.234,0.231,0.231,1000,0
RDN,60,20240716,110000,0.231,0.231,0.229,0.231,10746,0
RDN,60,20240716,120000,0.231,0.231,0.231,0.231,1,0
RDN,60,20240716,130000,0.231,0.231,0.231,0.231,1000,0
RDN,60,20240716,150000,0.229,0.229,0.229,0.229,1,0
RDN,60,20240717,100000,0.235,0.235,0.22,0.22,15234,0
RDN,60,20240717,120000,0.222,0.231,0.222,0.231,5200,0
RDN,60,20240717,150000,0.228,0.228,0.228,0.228,3000,0
RDN,60,20240718,110000,0.226,0.227,0.226,0.227,8800,0
RDN,60,20240718,120000,0.228,0.228,0.228,0.228,33001,0
RDN,60,20240718,130000,0.228,0.228,0.228,0.228,2178,0
RDN,60,20240722,110000,0.231,0.231,0.231,0.231,3697,0
RDN,60,20240722,120000,0.231,0.231,0.22,0.231,121741,0
RDN,60,20240723,170000,0.231,0.231,0.231,0.231,1,0
RDN,60,20240724,100000,0.222,0.222,0.222,0.222,2000,0
RDN,60,20240724,110000,0.222,0.222,0.222,0.222,5500,0
RDN,60,20240724,130000,0.221,0.221,0.221,0.221,15222,0
RDN,60,20240724,140000,0.221,0.221,0.221,0.221,5030,0
RDN,60,20240724,150000,0.22,0.22,0.22,0.22,5452,0
RDN,60,20240724,160000,0.216,0.22,0.216,0.22,14947,0
RDN,60,20240724,170000,0.22,0.22,0.22,0.22,3000,0
RDN,60,20240725,110000,0.22,0.22,0.22,0.22,1500,0
RDN,60,20240725,140000,0.214,0.214,0.21,0.21,16639,0
RDN,60,20240725,170000,0.217,0.22,0.217,0.22,10000,0
RDN,60,20240726,130000,0.22,0.22,0.22,0.22,49,0
RDN,60,20240726,140000,0.22,0.22,0.22,0.22,17,0
RDN,60,20240726,150000,0.22,0.22,0.22,0.22,1934,0
RDN,60,20240726,160000,0.22,0.226,0.21,0.21,33090,0
RDN,60,20240729,120000,0.205,0.205,0.205,0.205,1948,0
RDN,60,20240729,130000,0.205,0.205,0.205,0.205,11385,0
RDN,60,20240729,140000,0.202,0.202,0.1845,0.1985,100995,0
RDN,60,20240729,150000,0.1895,0.1895,0.189,0.189,10000,0
RDN,60,20240729,160000,0.195,0.195,0.195,0.195,6200,0
RDN,60,20240729,170000,0.195,0.195,0.195,0.195,27104,0
RDN,60,20240730,100000,0.19,0.2,0.19,0.2,4997,0
RDN,60,20240730,130000,0.2,0.2,0.2,0.2,4498,0
RDN,60,20240730,160000,0.2,0.2,0.2,0.2,1500,0
RDN,60,20240730,170000,0.2,0.2,0.2,0.2,400,0
RDN,60,20240731,110000,0.2,0.2,0.19,0.19,26600,0
RDN,60,20240731,120000,0.2,0.21,0.19,0.19,20730,0
RDN,60,20240731,130000,0.19,0.2,0.19,0.2,7150,0
RDN,60,20240731,150000,0.191,0.191,0.191,0.191,24,0
RDN,60,20240731,170000,0.2,0.2,0.2,0.2,1,0
RDN,60,20240801,110000,0.2,0.2,0.19,0.19,26128,0
RDN,60,20240801,140000,0.203,0.203,0.203,0.203,1,0
RDN,60,20240802,160000,0.204,0.206,0.204,0.206,9637,0
RDN,60,20240802,170000,0.194,0.194,0.194,0.194,5000,0
RDN,60,20240805,100000,0.1925,0.1925,0.1925,0.1925,3000,0
RDN,60,20240805,120000,0.191,0.191,0.191,0.191,10000,0
RDN,60,20240805,130000,0.19,0.19,0.19,0.19,10000,0
RDN,60,20240806,110000,0.1995,0.1995,0.191,0.191,4000,0
RDN,60,20240806,160000,0.192,0.192,0.191,0.191,6000,0
RDN,60,20240808,100000,0.202,0.202,0.202,0.202,2477,0
RDN,60,20240808,120000,0.202,0.202,0.202,0.202,9695,0
RDN,60,20240808,140000,0.202,0.202,0.202,0.202,1000,0
RDN,60,20240808,150000,0.205,0.205,0.205,0.205,1439,0
RDN,60,20240809,100000,0.2,0.2,0.2,0.2,1000,0
RDN,60,20240809,130000,0.2,0.2,0.2,0.2,100,0
RDN,60,20240812,100000,0.202,0.202,0.202,0.202,6870,0
RDN,60,20240812,120000,0.202,0.202,0.202,0.202,1830,0
RDN,60,20240812,150000,0.202,0.202,0.202,0.202,170,0
RDN,60,20240813,100000,0.21,0.21,0.21,0.21,10,0
RDN,60,20240813,110000,0.202,0.202,0.201,0.201,11000,0
RDN,60,20240813,160000,0.2,0.2,0.2,0.2,4000,0
RDN,60,20240814,100000,0.21,0.21,0.21,0.21,13010,0
RDN,60,20240814,110000,0.21,0.22,0.21,0.22,14487,0
RDN,60,20240814,130000,0.218,0.218,0.204,0.204,2228,0
RDN,60,20240814,140000,0.217,0.242,0.217,0.242,130076,0
RDN,60,20240814,150000,0.242,0.252,0.242,0.252,38922,0
RDN,60,20240814,160000,0.252,0.252,0.249,0.249,5303,0
RDN,60,20240814,170000,0.249,0.249,0.236,0.236,9626,0
RDN,60,20240816,100000,0.248,0.258,0.24,0.258,19943,0
RDN,60,20240816,110000,0.242,0.25,0.242,0.25,9090,0
RDN,60,20240816,120000,0.25,0.272,0.25,0.26,93538,0
RDN,60,20240816,130000,0.272,0.272,0.272,0.272,7400,0
RDN,60,20240816,140000,0.272,0.272,0.27,0.27,21818,0
RDN,60,20240816,150000,0.27,0.272,0.26,0.272,5857,0
RDN,60,20240816,160000,0.27,0.27,0.27,0.27,638,0
RDN,60,20240816,170000,0.266,0.266,0.266,0.266,443,0
RDN,60,20240819,100000,0.266,0.266,0.251,0.263,18913,0
RDN,60,20240819,110000,0.252,0.252,0.24,0.24,50907,0
RDN,60,20240819,120000,0.24,0.248,0.232,0.232,23881,0
RDN,60,20240819,130000,0.244,0.249,0.244,0.249,4995,0
RDN,60,20240819,140000,0.24,0.255,0.24,0.255,666,0
RDN,60,20240819,150000,0.24,0.254,0.24,0.25,6190,0
RDN,60,20240819,160000,0.252,0.255,0.252,0.255,1382,0
RDN,60,20240820,100000,0.254,0.254,0.24,0.248,34210,0
RDN,60,20240820,110000,0.248,0.248,0.246,0.246,592,0
RDN,60,20240820,120000,0.232,0.246,0.232,0.232,20009,0
RDN,60,20240820,130000,0.23,0.23,0.23,0.23,7500,0
RDN,60,20240820,150000,0.24,0.24,0.24,0.24,100,0
RDN,60,20240820,170000,0.242,0.242,0.242,0.242,5500,0
RDN,60,20240821,100000,0.242,0.248,0.242,0.248,8018,0
RDN,60,20240821,170000,0.247,0.247,0.247,0.247,130,0
RDN,60,20240822,100000,0.246,0.246,0.246,0.246,1666,0
RDN,60,20240822,130000,0.23,0.231,0.23,0.231,5643,0
RDN,60,20240822,170000,0.233,0.233,0.233,0.233,2500,0
RDN,60,20240823,100000,0.232,0.232,0.232,0.232,2500,0
RDN,60,20240823,120000,0.232,0.232,0.231,0.231,11000,0
RDN,60,20240823,170000,0.238,0.238,0.238,0.238,1,0
RDN,60,20240826,100000,0.23,0.23,0.23,0.23,2900,0
RDN,60,20240826,110000,0.23,0.23,0.23,0.23,1000,0
RDN,60,20240826,130000,0.23,0.238,0.224,0.224,60227,0
RDN,60,20240826,140000,0.224,0.224,0.224,0.224,751,0
RDN,60,20240826,150000,0.225,0.225,0.224,0.224,9197,0
RDN,60,20240827,100000,0.237,0.237,0.237,0.237,400,0
RDN,60,20240827,110000,0.237,0.237,0.237,0.237,1200,0
RDN,60,20240828,100000,0.236,0.236,0.236,0.236,100,0
RDN,60,20240828,120000,0.235,0.235,0.235,0.235,80,0
RDN,60,20240828,170000,0.225,0.23,0.225,0.23,2454,0
RDN,60,20240829,100000,0.22,0.224,0.211,0.224,22939,0
RDN,60,20240829,120000,0.224,0.224,0.224,0.224,1310,0
RDN,60,20240829,140000,0.214,0.214,0.213,0.213,878,0
RDN,60,20240829,170000,0.224,0.224,0.224,0.224,56,0
RDN,60,20240830,100000,0.22,0.22,0.22,0.22,10000,0
RDN,60,20240830,120000,0.218,0.218,0.218,0.218,1442,0
RDN,60,20240830,160000,0.221,0.235,0.221,0.235,17993,0
RDN,60,20240830,170000,0.221,0.232,0.21,0.222,36609,0
RDN,60,20240902,100000,0.211,0.211,0.2,0.201,61836,0
RDN,60,20240902,110000,0.202,0.203,0.201,0.203,18001,0
RDN,60,20240902,120000,0.203,0.203,0.203,0.203,3999,0
RDN,60,20240902,130000,0.204,0.204,0.204,0.204,1500,0
RDN,60,20240902,150000,0.204,0.204,0.204,0.204,1190,0
RDN,60,20240902,160000,0.203,0.203,0.203,0.203,1700,0
RDN,60,20240902,170000,0.201,0.201,0.201,0.201,6448,0
RDN,60,20240903,100000,0.206,0.206,0.201,0.206,6367,0
RDN,60,20240903,110000,0.207,0.207,0.207,0.207,100,0
RDN,60,20240903,140000,0.203,0.203,0.197,0.197,5300,0
RDN,60,20240903,160000,0.2,0.2,0.197,0.198,16836,0
RDN,60,20240903,170000,0.195,0.205,0.195,0.205,38531,0
RDN,60,20240904,100000,0.207,0.207,0.207,0.207,1900,0
RDN,60,20240904,160000,0.21,0.21,0.21,0.21,5812,0
RDN,60,20240905,100000,0.204,0.204,0.204,0.204,1128,0
RDN,60,20240905,110000,0.214,0.214,0.206,0.206,3857,0
RDN,60,20240905,120000,0.212,0.212,0.212,0.212,2800,0
RDN,60,20240905,160000,0.207,0.207,0.206,0.206,6000,0
RDN,60,20240905,170000,0.205,0.205,0.203,0.204,13514,0
RDN,60,20240906,100000,0.22,0.22,0.22,0.22,8470,0
RDN,60,20240906,110000,0.21,0.21,0.204,0.204,9013,0
RDN,60,20240906,140000,0.204,0.204,0.204,0.204,3000,0
RDN,60,20240909,120000,0.204,0.204,0.204,0.204,200,0
RDN,60,20240909,170000,0.204,0.208,0.204,0.208,2520,0
RDN,60,20240910,100000,0.204,0.204,0.204,0.204,1830,0
RDN,60,20240910,130000,0.21,0.21,0.21,0.21,1000,0
RDN,60,20240910,150000,0.21,0.21,0.21,0.21,2000,0
RDN,60,20240910,170000,0.204,0.204,0.204,0.204,2000,0
RDN,60,20240911,140000,0.203,0.203,0.203,0.203,3000,0
RDN,60,20240911,150000,0.203,0.203,0.203,0.203,29000,0
RDN,60,20240912,100000,0.204,0.204,0.204,0.204,3555,0
RDN,60,20240912,110000,0.204,0.213,0.204,0.213,10999,0
RDN,60,20240912,130000,0.203,0.203,0.203,0.203,5500,0
RDN,60,20240912,170000,0.212,0.217,0.2,0.217,630,0
RDN,60,20240913,140000,0.202,0.211,0.202,0.211,939,0
RDN,60,20240913,170000,0.202,0.218,0.202,0.218,1501,0
RDN,60,20240917,110000,0.202,0.202,0.202,0.202,5650,0
RDN,60,20240917,120000,0.202,0.202,0.202,0.202,1001,0
RDN,60,20240917,130000,0.205,0.205,0.205,0.205,5649,0
RDN,60,20240917,140000,0.205,0.205,0.205,0.205,5057,0
RDN,60,20240917,150000,0.205,0.205,0.205,0.205,9944,0
RDN,60,20240917,160000,0.202,0.202,0.2,0.2,300,0
RDN,60,20240917,170000,0.205,0.205,0.205,0.205,10001,0
RDN,60,20240918,100000,0.216,0.216,0.216,0.216,1,0
RDN,60,20240918,120000,0.215,0.215,0.215,0.215,5085,0
RDN,60,20240918,150000,0.215,0.215,0.215,0.215,1000,0
RDN,60,20240918,160000,0.215,0.215,0.215,0.215,1000,0
RDN,60,20240919,110000,0.202,0.213,0.2,0.213,13487,0
RDN,60,20240919,120000,0.1965,0.1965,0.1965,0.1965,1,0
RDN,60,20240919,130000,0.21,0.21,0.21,0.21,1,0
RDN,60,20240920,100000,0.196,0.21,0.195,0.21,24710,0
RDN,60,20240920,110000,0.203,0.203,0.203,0.203,9574,0
RDN,60,20240920,130000,0.201,0.213,0.201,0.212,10700,0
RDN,60,20240923,100000,0.198,0.198,0.198,0.198,1500,0
RDN,60,20240923,110000,0.199,0.199,0.1985,0.1985,10260,0
RDN,60,20240923,120000,0.1985,0.1985,0.1985,0.1985,3500,0
RDN,60,20240923,130000,0.1975,0.199,0.1955,0.199,33758,0
RDN,60,20240923,140000,0.1995,0.1995,0.195,0.195,11629,0
RDN,60,20240923,160000,0.198,0.198,0.198,0.198,5000,0
RDN,60,20240923,170000,0.198,0.198,0.198,0.198,920,0
RDN,60,20240924,120000,0.198,0.198,0.198,0.198,4240,0
RDN,60,20240924,130000,0.1945,0.1945,0.194,0.194,17000,0
RDN,60,20240924,140000,0.195,0.195,0.195,0.195,1200,0
RDN,60,20240924,150000,0.1945,0.1945,0.194,0.1945,5556,0
RDN,60,20240924,160000,0.194,0.194,0.194,0.194,3944,0
RDN,60,20240924,170000,0.193,0.193,0.193,0.193,6000,0
RDN,60,20240925,100000,0.193,0.193,0.193,0.193,200,0
RDN,60,20240925,110000,0.191,0.191,0.1905,0.1905,12117,0
RDN,60,20240925,120000,0.1905,0.1905,0.19,0.19,7700,0
RDN,60,20240925,140000,0.19,0.19,0.19,0.19,268,0
RDN,60,20240925,150000,0.19,0.192,0.19,0.192,14232,0
RDN,60,20240925,170000,0.192,0.192,0.192,0.192,1,0
RDN,60,20240926,100000,0.197,0.197,0.197,0.197,3000,0
RDN,60,20240926,130000,0.187,0.187,0.185,0.185,17967,0
RDN,60,20240926,160000,0.185,0.185,0.185,0.185,1000,0
RDN,60,20240926,170000,0.185,0.185,0.1795,0.18,43404,0
RDN,60,20240927,100000,0.175,0.175,0.1705,0.1705,17000,0
RDN,60,20240927,110000,0.175,0.178,0.175,0.176,11289,0
RDN,60,20240927,140000,0.176,0.176,0.176,0.176,540,0
RDN,60,20240927,160000,0.176,0.18,0.176,0.18,10598,0
RDN,60,20240927,170000,0.187,0.187,0.187,0.187,1,0
RDN,60,20240930,140000,0.1735,0.187,0.1735,0.187,4001,0
RDN,60,20240930,170000,0.174,0.185,0.173,0.185,11750,0
RDN,60,20241001,100000,0.1875,0.1875,0.1875,0.1875,1,0
RDN,60,20241001,110000,0.1705,0.1705,0.17,0.17,21601,0
RDN,60,20241001,120000,0.17,0.1705,0.17,0.1705,3000,0
RDN,60,20241001,140000,0.17,0.17,0.17,0.17,17400,0
RDN,60,20241001,150000,0.17,0.1705,0.17,0.17,44428,0
RDN,60,20241001,160000,0.17,0.171,0.17,0.171,48725,0
RDN,60,20241001,170000,0.172,0.175,0.172,0.175,33350,0
RDN,60,20241010,100000,0.165,0.17,0.15,0.17,70308,0
RDN,60,20241010,110000,0.1695,0.1695,0.1605,0.1605,2595,0
RDN,60,20241010,120000,0.1605,0.161,0.1605,0.161,16000,0
RDN,60,20241010,130000,0.161,0.161,0.155,0.16,29592,0
RDN,60,20241010,140000,0.157,0.157,0.155,0.156,263142,0
RDN,60,20241010,150000,0.155,0.155,0.155,0.155,10000,0
RDN,60,20241010,160000,0.156,0.156,0.156,0.156,10000,0
RDN,60,20241010,170000,0.165,0.168,0.15,0.15,26000,0
RDN,60,20241011,100000,0.17,0.1855,0.158,0.158,84257,0
RDN,60,20241011,110000,0.158,0.173,0.153,0.17,22795,0
RDN,60,20241011,130000,0.168,0.17,0.168,0.17,10000,0
RDN,60,20241011,140000,0.17,0.179,0.17,0.179,8141,0
RDN,60,20241011,150000,0.17,0.17,0.17,0.17,8222,0
RDN,60,20241014,100000,0.177,0.177,0.177,0.177,6,0
RDN,60,20241014,120000,0.16,0.16,0.16,0.16,23000,0
RDN,60,20241014,130000,0.16,0.16,0.16,0.16,12000,0
RDN,60,20241014,140000,0.16,0.16,0.16,0.16,35999,0
RDN,60,20241014,150000,0.1615,0.1615,0.1615,0.1615,4177,0
RDN,60,20241014,160000,0.1615,0.177,0.1615,0.177,3900,0
RDN,60,20241015,100000,0.1765,0.1765,0.1765,0.1765,50,0
RDN,60,20241015,140000,0.165,0.165,0.155,0.155,35025,0
RDN,60,20241015,150000,0.155,0.155,0.155,0.155,112582,0
RDN,60,20241015,160000,0.155,0.155,0.155,0.155,37000,0
RDN,60,20241015,170000,0.155,0.155,0.154,0.154,55700,0
RDN,60,20241016,120000,0.1635,0.1635,0.1635,0.1635,1000,0
RDN,60,20241016,130000,0.1465,0.1465,0.1465,0.1465,222,0
RDN,60,20241016,140000,0.163,0.163,0.163,0.163,144,0
RDN,60,20241016,170000,0.162,0.162,0.162,0.162,1236,0
RDN,60,20241017,100000,0.1615,0.1635,0.16,0.1615,4474,0
RDN,60,20241017,110000,0.1615,0.1635,0.1615,0.1635,34530,0
RDN,60,20241017,130000,0.156,0.156,0.156,0.156,17778,0
RDN,60,20241017,160000,0.1565,0.1565,0.1565,0.1565,3476,0
RDN,60,20241017,170000,0.1565,0.16,0.1565,0.16,4024,0
RDN,60,20241018,100000,0.163,0.1635,0.163,0.1635,19820,0
RDN,60,20241018,120000,0.163,0.163,0.163,0.163,8196,0
RDN,60,20241018,130000,0.156,0.156,0.154,0.154,2850,0
RDN,60,20241018,150000,0.154,0.154,0.154,0.154,145,0
RDN,60,20241018,160000,0.154,0.154,0.154,0.154,14499,0
RDN,60,20241021,100000,0.154,0.154,0.154,0.154,2000,0
RDN,60,20241021,130000,0.154,0.154,0.1465,0.1465,15500,0
RDN,60,20241021,140000,0.1465,0.1465,0.1465,0.1465,4000,0
RDN,60,20241021,150000,0.1465,0.1465,0.1465,0.1465,8606,0
RDN,60,20241021,170000,0.147,0.147,0.147,0.147,4000,0
RDN,60,20241022,100000,0.147,0.147,0.147,0.147,33,0
RDN,60,20241022,120000,0.15,0.15,0.15,0.15,11000,0
RDN,60,20241022,130000,0.154,0.154,0.154,0.154,16175,0
RDN,60,20241022,160000,0.154,0.154,0.154,0.154,456,0
RDN,60,20241023,100000,0.148,0.148,0.148,0.148,1000,0
RDN,60,20241023,110000,0.152,0.152,0.152,0.152,5000,0
RDN,60,20241024,100000,0.154,0.154,0.154,0.154,1113,0
RDN,60,20241024,140000,0.1535,0.1535,0.1535,0.1535,1000,0
RDN,60,20241024,170000,0.1535,0.1535,0.1535,0.1535,1000,0
RDN,60,20241025,140000,0.148,0.148,0.145,0.145,8860,0
RDN,60,20241025,150000,0.1535,0.1535,0.1535,0.1535,100,0
RDN,60,20241025,160000,0.146,0.1535,0.146,0.1535,1347,0
RDN,60,20241028,100000,0.1535,0.1535,0.1535,0.1535,1701,0
RDN,60,20241028,110000,0.1535,0.1535,0.1535,0.1535,2000,0
RDN,60,20241028,130000,0.145,0.145,0.145,0.145,10,0
RDN,60,20241028,140000,0.145,0.145,0.145,0.145,1000,0
RDN,60,20241028,150000,0.153,0.153,0.153,0.153,500,0
RDN,60,20241029,100000,0.145,0.153,0.145,0.153,8500,0
RDN,60,20241029,110000,0.153,0.153,0.153,0.153,16500,0
RDN,60,20241029,130000,0.148,0.148,0.148,0.148,4000,0
RDN,60,20241029,140000,0.148,0.148,0.148,0.148,7000,0
RDN,60,20241030,100000,0.1455,0.1455,0.1455,0.1455,6000,0
RDN,60,20241030,120000,0.1455,0.148,0.1455,0.148,1020,0
RDN,60,20241030,150000,0.145,0.145,0.145,0.145,200,0
RDN,60,20241030,170000,0.148,0.148,0.148,0.148,72,0
RDN,60,20241031,100000,0.145,0.154,0.145,0.154,905,0
RDN,60,20241031,110000,0.154,0.154,0.154,0.154,2100,0
RDN,60,20241104,100000,0.155,0.156,0.155,0.156,4000,0
RDN,60,20241104,160000,0.1455,0.1455,0.1455,0.1455,450,0
RDN,60,20241104,170000,0.1545,0.1545,0.1545,0.1545,2200,0
RDN,60,20241105,100000,0.1455,0.146,0.1455,0.146,2750,0
RDN,60,20241105,110000,0.146,0.158,0.146,0.158,3567,0
RDN,60,20241105,140000,0.147,0.147,0.147,0.147,2380,0
RDN,60,20241105,170000,0.152,0.152,0.152,0.152,1,0
RDN,60,20241106,110000,0.16,0.16,0.16,0.16,50,0
RDN,60,20241106,120000,0.147,0.16,0.147,0.16,5164,0
RDN,60,20241106,130000,0.159,0.159,0.159,0.159,2000,0
RDN,60,20241106,140000,0.159,0.159,0.159,0.159,13010,0
RDN,60,20241106,170000,0.152,0.158,0.152,0.158,8692,0
RDN,60,20241107,100000,0.148,0.148,0.148,0.148,152,0
RDN,60,20241107,110000,0.148,0.148,0.145,0.145,21700,0
RDN,60,20241107,120000,0.145,0.145,0.145,0.145,3210,0
RDN,60,20241107,130000,0.147,0.147,0.147,0.147,1000,0
RDN,60,20241107,140000,0.1475,0.1475,0.1475,0.1475,3000,0
RDN,60,20241107,150000,0.148,0.148,0.148,0.148,15187,0
RDN,60,20241107,170000,0.15,0.15,0.15,0.15,2000,0
RDN,60,20241108,130000,0.152,0.152,0.15,0.15,2800,0
RDN,60,20241108,170000,0.15,0.15,0.15,0.15,7680,0
RDN,60,20241112,100000,0.15,0.15,0.148,0.15,61124,0
RDN,60,20241112,110000,0.145,0.145,0.145,0.145,10675,0
RDN,60,20241112,120000,0.145,0.145,0.145,0.145,1000,0
RDN,60,20241112,170000,0.15,0.15,0.15,0.15,1,0
RDN,60,20241113,100000,0.145,0.15,0.145,0.15,7373,0
RDN,60,20241113,160000,0.15,0.1575,0.145,0.1575,2856,0
RDN,60,20241113,170000,0.146,0.1575,0.146,0.1575,1501,0
RDN,60,20241114,120000,0.145,0.145,0.145,0.145,10000,0
RDN,60,20241114,130000,0.145,0.146,0.145,0.146,11245,0
RDN,60,20241114,170000,0.155,0.155,0.155,0.155,1,0
RDN,60,20241115,100000,0.1565,0.1565,0.1565,0.1565,8000,0
RDN,60,20241115,170000,0.146,0.1555,0.146,0.1555,7102,0
RDN,60,20241118,100000,0.144,0.144,0.1235,0.136,186915,0
RDN,60,20241118,110000,0.135,0.145,0.135,0.145,53305,0
RDN,60,20241118,120000,0.1475,0.1485,0.1475,0.1485,7986,0
RDN,60,20241118,130000,0.131,0.131,0.124,0.124,107295,0
RDN,60,20241118,140000,0.124,0.13,0.123,0.13,24684,0
RDN,60,20241118,150000,0.13,0.135,0.13,0.135,5200,0
RDN,60,20241118,160000,0.135,0.135,0.135,0.135,200,0
RDN,60,20241118,170000,0.135,0.135,0.13,0.13,20170,0
RDN,60,20241119,100000,0.123,0.123,0.123,0.123,4913,0
RDN,60,20241119,110000,0.125,0.135,0.125,0.135,10084,0
RDN,60,20241119,120000,0.139,0.139,0.139,0.139,322,0
RDN,60,20241119,140000,0.135,0.135,0.135,0.135,5498,0
RDN,60,20241119,150000,0.125,0.125,0.125,0.125,101,0
RDN,60,20241119,170000,0.129,0.135,0.129,0.135,2500,0
RDN,60,20241120,120000,0.129,0.129,0.1125,0.12,84775,0
RDN,60,20241120,150000,0.116,0.116,0.1125,0.115,45540,0
RDN,60,20241120,160000,0.115,0.12,0.115,0.12,7911,0
RDN,60,20241120,170000,0.12,0.12,0.12,0.12,23585,0
RDN,60,20241121,100000,0.1125,0.126,0.1125,0.113,12918,0
RDN,60,20241121,110000,0.12,0.127,0.113,0.127,47362,0
RDN,60,20241121,120000,0.1315,0.1315,0.1315,0.1315,1735,0
RDN,60,20241121,130000,0.114,0.114,0.114,0.114,9476,0
RDN,60,20241121,150000,0.124,0.124,0.124,0.124,323,0
RDN,60,20241122,100000,0.12,0.124,0.12,0.124,3310,0
RDN,60,20241122,130000,0.124,0.124,0.124,0.124,5102,0
RDN,60,20241122,150000,0.124,0.124,0.114,0.114,17000,0
RDN,60,20241122,160000,0.129,0.129,0.1125,0.1125,23000,0
RDN,60,20241122,170000,0.113,0.113,0.1125,0.1125,11551,0
RDN,60,20241125,100000,0.1125,0.1125,0.1125,0.1125,5560,0
RDN,60,20241125,130000,0.1175,0.1175,0.1175,0.1175,8000,0
RDN,60,20241125,160000,0.1175,0.1175,0.115,0.115,10100,0
RDN,60,20241126,120000,0.115,0.12,0.115,0.12,12000,0
RDN,60,20241126,170000,0.113,0.113,0.113,0.113,3000,0
RDN,60,20241127,100000,0.1125,0.1125,0.1125,0.1125,1000,0
RDN,60,20241127,130000,0.118,0.118,0.118,0.118,238,0
RDN,60,20241127,150000,0.118,0.118,0.118,0.118,4194,0
RDN,60,20241127,160000,0.118,0.118,0.118,0.118,11400,0
RDN,60,20241127,170000,0.113,0.114,0.113,0.114,8550,0
RDN,60,20241128,100000,0.118,0.118,0.118,0.118,320,0
RDN,60,20241128,140000,0.113,0.113,0.113,0.113,4733,0
RDN,60,20241128,150000,0.113,0.113,0.113,0.113,267,0
RDN,60,20241128,170000,0.1155,0.1155,0.1155,0.1155,33,0
RDN,60,20241129,130000,0.114,0.114,0.114,0.114,1550,0
RDN,60,20241129,170000,0.114,0.114,0.114,0.114,7600,0
RDN,60,20241202,100000,0.105,0.105,0.098,0.1,51500,0
RDN,60,20241202,110000,0.1015,0.103,0.098,0.103,27248,0
RDN,60,20241202,120000,0.1035,0.1035,0.098,0.098,178638,0
RDN,60,20241202,130000,0.0958,0.098,0.095,0.098,78133,0
RDN,60,20241202,140000,0.098,0.098,0.095,0.098,47017,0
RDN,60,20241202,150000,0.0976,0.101,0.0976,0.101,23477,0
RDN,60,20241202,160000,0.0986,0.1015,0.0986,0.1,31990,0
RDN,60,20241202,170000,0.1,0.1,0.098,0.098,89000,0
RDN,60,20241203,100000,0.098,0.1,0.098,0.098,44317,0
RDN,60,20241203,110000,0.099,0.1,0.098,0.099,60053,0
RDN,60,20241203,120000,0.099,0.099,0.098,0.099,38990,0
RDN,60,20241203,130000,0.099,0.099,0.098,0.098,103682,0
RDN,60,20241203,140000,0.098,0.099,0.095,0.099,42651,0
RDN,60,20241203,150000,0.099,0.1095,0.099,0.1095,85000,0
RDN,60,20241203,160000,0.1085,0.116,0.1085,0.116,126680,0
RDN,60,20241203,170000,0.116,0.116,0.115,0.115,22274,0
RDN,60,20241204,100000,0.11,0.11,0.0974,0.0974,90805,0
RDN,60,20241204,110000,0.0976,0.0976,0.0976,0.0976,50000,0
RDN,60,20241204,120000,0.0976,0.101,0.0974,0.101,25630,0
RDN,60,20241204,130000,0.101,0.101,0.101,0.101,1380,0
RDN,60,20241204,170000,0.101,0.101,0.101,0.101,8620,0
RDN,60,20241205,100000,0.101,0.101,0.0962,0.0962,3641,0
RDN,60,20241205,110000,0.1,0.1,0.1,0.1,364,0
RDN,60,20241205,140000,0.0966,0.0966,0.095,0.095,49547,0
RDN,60,20241205,150000,0.093,0.093,0.093,0.093,9300,0
RDN,60,20241205,160000,0.0922,0.094,0.091,0.094,127190,0
RDN,60,20241206,100000,0.094,0.094,0.094,0.094,843,0
RDN,60,20241206,120000,0.0992,0.0992,0.0992,0.0992,2000,0
RDN,60,20241206,130000,0.094,0.094,0.094,0.094,30000,0
RDN,60,20241206,140000,0.094,0.0994,0.091,0.0992,73246,0
RDN,60,20241206,150000,0.091,0.091,0.0874,0.0874,55000,0
RDN,60,20241206,170000,0.0974,0.0974,0.0974,0.0974,22399,0
RDN,60,20241209,130000,0.0974,0.098,0.09,0.0904,36863,0
RDN,60,20241209,150000,0.0904,0.0904,0.0904,0.0904,10533,0
RDN,60,20241209,160000,0.0904,0.0904,0.09,0.09,81679,0
RDN,60,20241209,170000,0.093,0.093,0.093,0.093,9900,0
RDN,60,20241210,110000,0.093,0.093,0.093,0.093,300,0
RDN,60,20241210,120000,0.0958,0.0958,0.093,0.093,16000,0
RDN,60,20241210,130000,0.093,0.093,0.09,0.09,30000,0
RDN,60,20241210,160000,0.092,0.092,0.092,0.092,2800,0
RDN,60,20241210,170000,0.092,0.092,0.092,0.092,11000,0
RDN,60,20241211,100000,0.093,0.094,0.09,0.094,35000,0
RDN,60,20241211,110000,0.092,0.092,0.092,0.092,1,0
RDN,60,20241211,120000,0.092,0.092,0.092,0.092,27811,0
RDN,60,20241211,140000,0.092,0.092,0.092,0.092,1900,0
RDN,60,20241211,160000,0.092,0.092,0.092,0.092,320,0
RDN,60,20241211,170000,0.095,0.095,0.095,0.095,7847,0
RDN,60,20241212,100000,0.095,0.096,0.095,0.095,14326,0
RDN,60,20241212,140000,0.092,0.092,0.092,0.092,2097,0
RDN,60,20241212,170000,0.095,0.095,0.095,0.095,2000,0
RDN,60,20241213,100000,0.092,0.092,0.092,0.092,8866,0
RDN,60,20241213,110000,0.092,0.092,0.092,0.092,2000,0
RDN,60,20241213,130000,0.092,0.092,0.092,0.092,4730,0
RDN,60,20241213,150000,0.092,0.092,0.0918,0.0918,20000,0
RDN,60,20241213,170000,0.0922,0.097,0.0922,0.097,9400,0
RDN,60,20241216,150000,0.097,0.098,0.097,0.098,10000,0
RDN,60,20241216,170000,0.096,0.098,0.095,0.098,5300,0
RDN,60,20241217,120000,0.097,0.097,0.097,0.097,2000,0
RDN,60,20241217,170000,0.092,0.097,0.092,0.097,15400,0
RDN,60,20241218,110000,0.093,0.093,0.092,0.092,6000,0
RDN,60,20241218,120000,0.092,0.092,0.09,0.09,50000,0
RDN,60,20241218,170000,0.0956,0.0956,0.0956,0.0956,1000,0
RDN,60,20241219,110000,0.091,0.0954,0.09,0.0954,20000,0
RDN,60,20241219,120000,0.093,0.093,0.0926,0.0926,3280,0
RDN,60,20241219,130000,0.093,0.093,0.093,0.093,1107,0
RDN,60,20241219,140000,0.093,0.093,0.091,0.091,10150,0
RDN,60,20241219,150000,0.0948,0.0948,0.0948,0.0948,12000,0
RDN,60,20241219,160000,0.094,0.094,0.0902,0.0902,44832,0
RDN,60,20241219,170000,0.091,0.091,0.091,0.091,22500,0
RDN,60,20241220,100000,0.09,0.09,0.09,0.09,31954,0
RDN,60,20241220,120000,0.088,0.088,0.088,0.088,5397,0
RDN,60,20241220,130000,0.0874,0.0874,0.085,0.085,19603,0
RDN,60,20241220,140000,0.0852,0.0852,0.085,0.085,33668,0
RDN,60,20241220,150000,0.0894,0.0894,0.0894,0.0894,4000,0
RDN,60,20241220,160000,0.086,0.086,0.086,0.086,16076,0
RDN,60,20241220,170000,0.086,0.09,0.086,0.09,14050,0
RDN,60,20241223,100000,0.0852,0.0852,0.0852,0.0852,10000,0
RDN,60,20241223,110000,0.0852,0.0898,0.0852,0.0898,10000,0
RDN,60,20241223,130000,0.0894,0.0894,0.0894,0.0894,19000,0
RDN,60,20241223,140000,0.0894,0.0894,0.0822,0.0824,19300,0
RDN,60,20241223,160000,0.0824,0.0824,0.0824,0.0824,10000,0
RDN,60,20241223,170000,0.0826,0.0892,0.0826,0.0892,16543,0
RDN,60,20241227,120000,0.086,0.086,0.086,0.086,1348,0
RDN,60,20241227,130000,0.086,0.086,0.086,0.086,8652,0
RDN,60,20241227,140000,0.086,0.086,0.083,0.083,15000,0
RDN,60,20241227,150000,0.083,0.083,0.083,0.083,1542,0
RDN,60,20241227,160000,0.088,0.088,0.088,0.088,1074,0
RDN,60,20241227,170000,0.089,0.089,0.089,0.089,20000,0
RDN,60,20241230,100000,0.0822,0.0822,0.0822,0.0822,10500,0
RDN,60,20241230,110000,0.0832,0.0832,0.0824,0.0824,20000,0
RDN,60,20241230,120000,0.0848,0.0848,0.083,0.083,3000,0
RDN,60,20241230,130000,0.0848,0.0848,0.083,0.083,5302,0
RDN,60,20241230,140000,0.0848,0.09,0.0848,0.09,23125,0
RDN,60,20250102,100000,0.065,0.065,0.052,0.053,245448,0
RDN,60,20250102,110000,0.053,0.06,0.053,0.06,371333,0
RDN,60,20250102,120000,0.06,0.0622,0.0588,0.062,157160,0
RDN,60,20250102,130000,0.061,0.062,0.06,0.062,265588,0
RDN,60,20250102,140000,0.0622,0.0622,0.061,0.061,47888,0
RDN,60,20250102,150000,0.061,0.061,0.06,0.06,14070,0
RDN,60,20250102,160000,0.06,0.065,0.059,0.065,244502,0
RDN,60,20250102,170000,0.064,0.064,0.064,0.064,12000,0
RDN,60,20250103,110000,0.06,0.06,0.0572,0.0574,53665,0
RDN,60,20250103,120000,0.058,0.062,0.058,0.058,98926,0
RDN,60,20250103,130000,0.0618,0.0618,0.06,0.06,15000,0
RDN,60,20250103,140000,0.06,0.06,0.058,0.058,11000,0
RDN,60,20250103,150000,0.062,0.062,0.0582,0.0582,4434,0
RDN,60,20250103,170000,0.06,0.06,0.058,0.058,29500,0
RDN,60,20250107,100000,0.058,0.058,0.0578,0.0578,9890,0
RDN,60,20250107,130000,0.058,0.058,0.0578,0.0578,2100,0
RDN,60,20250107,170000,0.058,0.058,0.058,0.058,13800,0
RDN,60,20250108,100000,0.0578,0.058,0.0578,0.058,31530,0
RDN,60,20250108,110000,0.058,0.0598,0.058,0.0598,13000,0
RDN,60,20250108,120000,0.0598,0.0598,0.0598,0.0598,2977,0
RDN,60,20250108,160000,0.058,0.058,0.058,0.058,562,0
RDN,60,20250109,120000,0.0598,0.0598,0.0598,0.0598,8831,0
RDN,60,20250109,140000,0.059,0.0598,0.058,0.0598,36156,0
RDN,60,20250109,150000,0.0598,0.074,0.0598,0.073,117947,0
RDN,60,20250109,160000,0.073,0.0776,0.071,0.0776,379974,0
RDN,60,20250109,170000,0.0798,0.0798,0.0798,0.0798,16573,0
RDN,60,20250110,100000,0.079,0.08,0.072,0.072,342424,0
RDN,60,20250110,110000,0.0776,0.0848,0.074,0.0848,18000,0
RDN,60,20250110,120000,0.08,0.082,0.08,0.082,3600,0
RDN,60,20250110,170000,0.08,0.08,0.08,0.08,15500,0
RDN,60,20250113,100000,0.075,0.075,0.07,0.071,114366,0
RDN,60,20250113,110000,0.071,0.071,0.07,0.07,302181,0
RDN,60,20250113,120000,0.0768,0.0768,0.076,0.0768,18000,0
RDN,60,20250113,130000,0.0768,0.0768,0.0764,0.0766,73000,0
RDN,60,20250113,140000,0.0764,0.0766,0.0764,0.0764,59300,0
RDN,60,20250113,150000,0.076,0.0764,0.076,0.076,36074,0
RDN,60,20250113,160000,0.071,0.071,0.071,0.071,50000,0
RDN,60,20250113,170000,0.076,0.076,0.076,0.076,100,0
RDN,60,20250114,110000,0.071,0.071,0.071,0.071,7600,0
RDN,60,20250114,120000,0.071,0.071,0.071,0.071,37352,0
RDN,60,20250114,150000,0.071,0.071,0.071,0.071,800,0
RDN,60,20250114,170000,0.075,0.075,0.075,0.075,388,0
RDN,60,20250115,100000,0.0748,0.0748,0.0748,0.0748,5555,0
RDN,60,20250115,110000,0.068,0.0746,0.068,0.0746,22668,0
RDN,60,20250115,140000,0.068,0.068,0.068,0.068,10000,0
RDN,60,20250115,150000,0.068,0.068,0.068,0.068,8,0
RDN,60,20250115,170000,0.0686,0.0736,0.0686,0.0734,3940,0
RDN,60,20250116,100000,0.0738,0.0738,0.0738,0.0738,5488,0
RDN,60,20250116,150000,0.0688,0.0688,0.0686,0.0686,14000,0
RDN,60,20250116,170000,0.0736,0.0736,0.0736,0.0736,28219,0
RDN,60,20250117,100000,0.0736,0.0736,0.0736,0.0736,4000,0
RDN,60,20250117,110000,0.0736,0.0736,0.0736,0.0736,13780,0
RDN,60,20250117,120000,0.073,0.073,0.073,0.073,23500,0
RDN,60,20250117,150000,0.073,0.073,0.073,0.073,170,0
RDN,60,20250120,120000,0.0688,0.0688,0.0688,0.0688,600,0
RDN,60,20250120,130000,0.0688,0.0688,0.0688,0.0688,25000,0
RDN,60,20250120,140000,0.069,0.069,0.069,0.069,6600,0
RDN,60,20250120,150000,0.07,0.0728,0.07,0.0728,5642,0
RDN,60,20250120,160000,0.0728,0.0728,0.0728,0.0728,35919,0
RDN,60,20250121,110000,0.0694,0.0694,0.0692,0.0694,51000,0
RDN,60,20250121,120000,0.069,0.069,0.069,0.069,35374,0
RDN,60,20250121,130000,0.069,0.069,0.0682,0.0682,46766,0
RDN,60,20250121,140000,0.068,0.068,0.068,0.068,9980,0
RDN,60,20250121,170000,0.072,0.072,0.072,0.072,100,0
RDN,60,20250122,110000,0.07,0.07,0.064,0.064,41450,0
RDN,60,20250122,120000,0.065,0.065,0.065,0.065,190,0
RDN,60,20250122,130000,0.065,0.065,0.065,0.065,20000,0
RDN,60,20250122,150000,0.066,0.066,0.066,0.066,1300,0
RDN,60,20250122,170000,0.066,0.07,0.066,0.07,10100,0
RDN,60,20250123,100000,0.07,0.07,0.07,0.07,500,0
RDN,60,20250123,120000,0.066,0.066,0.066,0.066,10000,0
RDN,60,20250123,130000,0.066,0.066,0.066,0.066,10000,0
RDN,60,20250123,140000,0.067,0.067,0.067,0.067,4400,0
RDN,60,20250123,170000,0.07,0.07,0.07,0.07,100,0
RDN,60,20250124,100000,0.065,0.065,0.065,0.065,4000,0
RDN,60,20250124,160000,0.065,0.065,0.065,0.065,2812,0
RDN,60,20250124,170000,0.069,0.069,0.069,0.069,100,0
RDN,60,20250127,100000,0.07,0.07,0.07,0.07,2000,0
RDN,60,20250127,110000,0.07,0.07,0.065,0.067,5100,0
RDN,60,20250127,120000,0.0652,0.0652,0.0652,0.0652,3000,0
RDN,60,20250127,130000,0.0652,0.0652,0.0652,0.0652,2500,0
RDN,60,20250127,140000,0.0652,0.0652,0.0652,0.0652,6060,0
RDN,60,20250127,150000,0.0652,0.0652,0.065,0.065,29740,0
RDN,60,20250127,160000,0.0602,0.0602,0.0602,0.0602,5000,0
RDN,60,20250127,170000,0.067,0.067,0.067,0.067,2200,0
RDN,60,20250128,100000,0.0608,0.0668,0.0608,0.0668,2176,0
RDN,60,20250128,120000,0.0666,0.067,0.0666,0.0668,11415,0
RDN,60,20250128,160000,0.0614,0.0614,0.0614,0.0614,3800,0
RDN,60,20250128,170000,0.0664,0.0664,0.0664,0.0664,100,0
RDN,60,20250129,100000,0.0664,0.0664,0.0664,0.0664,500,0
RDN,60,20250129,120000,0.0662,0.0662,0.0662,0.0662,7591,0
RDN,60,20250129,130000,0.0666,0.067,0.0666,0.067,7000,0
RDN,60,20250130,100000,0.068,0.068,0.068,0.068,100,0
RDN,60,20250130,110000,0.0674,0.068,0.0674,0.068,14509,0
RDN,60,20250130,120000,0.0698,0.0698,0.0698,0.0698,400,0
RDN,60,20250130,130000,0.0678,0.0678,0.0678,0.0678,5000,0
RDN,60,20250130,150000,0.0678,0.0678,0.0678,0.0678,2500,0
RDN,60,20250130,170000,0.0696,0.0696,0.0696,0.0696,3000,0
RDN,60,20250131,100000,0.07,0.08,0.07,0.0754,72066,0
RDN,60,20250131,110000,0.0752,0.098,0.0752,0.098,447758,0
RDN,60,20250131,120000,0.088,0.098,0.088,0.092,126925,0
RDN,60,20250131,130000,0.092,0.092,0.081,0.0814,106153,0
RDN,60,20250131,140000,0.0892,0.0898,0.0892,0.0894,7959,0
RDN,60,20250131,150000,0.0894,0.0894,0.0894,0.0894,29000,0
RDN,60,20250131,160000,0.089,0.0894,0.089,0.0894,14000,0
RDN,60,20250131,170000,0.0822,0.0822,0.08,0.08,93020,0
RDN,60,20250203,100000,0.08,0.08,0.07,0.0778,152007,0
RDN,60,20250203,110000,0.079,0.079,0.079,0.079,4200,0
RDN,60,20250203,120000,0.0794,0.0798,0.0794,0.0798,50000,0
RDN,60,20250203,140000,0.0798,0.08,0.0798,0.08,14448,0
RDN,60,20250203,150000,0.08,0.088,0.0798,0.0798,184340,0
RDN,60,20250203,160000,0.0798,0.0798,0.0798,0.0798,24938,0
RDN,60,20250203,170000,0.0736,0.0736,0.0736,0.0736,5010,0
RDN,60,20250204,100000,0.083,0.083,0.07,0.0718,46778,0
RDN,60,20250204,110000,0.072,0.072,0.0702,0.0702,53200,0
RDN,60,20250204,120000,0.0792,0.0792,0.0792,0.0792,1,0
RDN,60,20250204,130000,0.074,0.0782,0.074,0.0782,3196,0
RDN,60,20250204,150000,0.0712,0.0712,0.0712,0.0712,30000,0
RDN,60,20250204,170000,0.0712,0.0754,0.0712,0.0754,4000,0
RDN,60,20250205,100000,0.0754,0.078,0.0754,0.077,51000,0
RDN,60,20250205,140000,0.072,0.072,0.0706,0.0706,100000,0
RDN,60,20250205,150000,0.076,0.0762,0.075,0.075,28901,0
RDN,60,20250205,160000,0.0712,0.0712,0.0702,0.0702,57039,0
RDN,60,20250205,170000,0.07,0.0742,0.07,0.0742,31627,0
RDN,60,20250206,100000,0.0766,0.0766,0.0766,0.0766,3700,0
RDN,60,20250206,110000,0.073,0.073,0.073,0.073,10000,0
RDN,60,20250206,140000,0.07,0.07,0.07,0.07,5949,0
RDN,60,20250206,150000,0.075,0.075,0.075,0.075,1250,0
RDN,60,20250206,170000,0.073,0.0748,0.0702,0.0748,2000,0
RDN,60,20250207,100000,0.07,0.07,0.07,0.07,5200,0
RDN,60,20250207,110000,0.0702,0.076,0.0702,0.076,17000,0
RDN,60,20250207,160000,0.0702,0.0746,0.0702,0.0702,25603,0
RDN,60,20250207,170000,0.0704,0.0704,0.0702,0.0702,70000,0
RDN,60,20250210,100000,0.0738,0.0738,0.07,0.0704,99080,0
RDN,60,20250210,110000,0.077,0.077,0.077,0.077,48321,0
RDN,60,20250210,120000,0.0706,0.0738,0.0706,0.071,22092,0
RDN,60,20250210,130000,0.071,0.071,0.071,0.071,8000,0
RDN,60,20250210,170000,0.076,0.076,0.076,0.076,1908,0
RDN,60,20250211,110000,0.071,0.071,0.0682,0.07,230248,0
RDN,60,20250211,120000,0.07,0.07,0.07,0.07,164726,0
RDN,60,20250211,130000,0.07,0.07,0.07,0.07,65792,0
RDN,60,20250211,140000,0.07,0.07,0.07,0.07,34208,0
RDN,60,20250211,150000,0.07,0.07,0.07,0.07,11700,0
RDN,60,20250211,160000,0.07,0.07,0.069,0.069,2000,0
RDN,60,20250211,170000,0.0728,0.0728,0.0728,0.0728,15000,0
RDN,60,20250212,100000,0.07,0.07,0.07,0.07,18000,0
RDN,60,20250212,120000,0.0716,0.0716,0.0716,0.0716,500,0
RDN,60,20250212,150000,0.07,0.07,0.07,0.07,12000,0
RDN,60,20250212,160000,0.07,0.07,0.07,0.07,3000,0
RDN,60,20250212,170000,0.0714,0.0714,0.0714,0.0714,500,0
RDN,60,20250213,100000,0.07,0.07,0.07,0.07,5000,0
RDN,60,20250213,110000,0.07,0.07,0.07,0.07,3000,0
RDN,60,20250213,140000,0.0714,0.0714,0.0714,0.0714,10000,0
RDN,60,20250213,170000,0.0714,0.0714,0.0714,0.0714,14590,0
RDN,60,20250214,110000,0.071,0.0716,0.07,0.0716,10812,0
RDN,60,20250214,120000,0.0714,0.0714,0.0714,0.0714,10000,0
RDN,60,20250217,160000,0.069,0.069,0.069,0.069,18000,0
RDN,60,20250217,170000,0.07,0.07,0.07,0.07,277,0
RDN,60,20250218,100000,0.069,0.069,0.069,0.069,10371,0
RDN,60,20250218,110000,0.069,0.069,0.069,0.069,2500,0
RDN,60,20250218,120000,0.069,0.069,0.068,0.068,40129,0
RDN,60,20250218,130000,0.068,0.068,0.068,0.068,3188,0
RDN,60,20250218,140000,0.068,0.068,0.068,0.068,1812,0
RDN,60,20250218,170000,0.068,0.069,0.068,0.069,4688,0
RDN,60,20250219,110000,0.0662,0.0662,0.0662,0.0662,10000,0
RDN,60,20250219,140000,0.0662,0.0662,0.0662,0.0662,1000,0
RDN,60,20250219,160000,0.0662,0.0662,0.0662,0.0662,2000,0
RDN,60,20250220,100000,0.0686,0.0686,0.056,0.0598,231605,0
RDN,60,20250220,110000,0.0592,0.0598,0.0592,0.0598,32490,0
RDN,60,20250220,120000,0.06,0.06,0.06,0.06,10000,0
RDN,60,20250220,130000,0.06,0.06,0.06,0.06,5500,0
RDN,60,20250220,150000,0.0594,0.0594,0.0594,0.0594,3638,0
RDN,60,20250220,170000,0.06,0.06,0.06,0.06,51754,0
RDN,60,20250221,100000,0.0566,0.0632,0.0566,0.0632,283001,0
RDN,60,20250221,110000,0.0632,0.0632,0.0632,0.0632,1800,0
RDN,60,20250221,120000,0.057,0.064,0.057,0.064,39300,0
RDN,60,20250221,130000,0.064,0.069,0.064,0.0684,37400,0
RDN,60,20250221,140000,0.0606,0.062,0.0604,0.062,20000,0
RDN,60,20250221,150000,0.062,0.062,0.062,0.062,3000,0
RDN,60,20250221,170000,0.067,0.067,0.067,0.067,1000,0
RDN,60,20250225,100000,0.066,0.066,0.058,0.058,30144,0
RDN,60,20250225,120000,0.0582,0.0648,0.058,0.0648,44444,0
RDN,60,20250225,170000,0.0646,0.0646,0.0644,0.0644,10300,0
RDN,60,20250226,110000,0.0582,0.0628,0.0582,0.0628,10000,0
RDN,60,20250226,120000,0.0628,0.0628,0.0628,0.0628,11000,0
RDN,60,20250226,130000,0.059,0.059,0.0584,0.0584,11400,0
RDN,60,20250226,170000,0.0632,0.0632,0.0632,0.0632,1000,0
RDN,60,20250227,130000,0.0586,0.0642,0.0586,0.0642,18950,0
RDN,60,20250228,140000,0.06,0.0642,0.0588,0.0642,26000,0
RDN,60,20250303,100000,0.061,0.061,0.061,0.061,1915,0
RDN,60,20250303,110000,0.064,0.064,0.064,0.064,4253,0
RDN,60,20250303,120000,0.061,0.061,0.061,0.061,185,0
RDN,60,20250303,130000,0.061,0.064,0.061,0.064,28568,0
RDN,60,20250303,140000,0.0638,0.0682,0.0638,0.0682,135908,0
RDN,60,20250304,100000,0.0698,0.0698,0.0698,0.0698,10000,0
RDN,60,20250304,110000,0.0696,0.0696,0.0696,0.0696,13531,0
RDN,60,20250306,100000,0.061,0.061,0.061,0.061,17000,0
RDN,60,20250306,110000,0.0612,0.0612,0.061,0.061,16999,0
RDN,60,20250306,170000,0.06,0.066,0.06,0.066,682,0
RDN,60,20250307,100000,0.0602,0.0656,0.0602,0.0656,26500,0
RDN,60,20250307,130000,0.0612,0.0612,0.0612,0.0612,10000,0
RDN,60,20250307,140000,0.061,0.061,0.0602,0.0602,53829,0
RDN,60,20250310,100000,0.0606,0.0606,0.0606,0.0606,400,0
RDN,60,20250310,120000,0.064,0.064,0.064,0.064,4000,0
RDN,60,20250310,130000,0.064,0.064,0.064,0.064,90950,0
RDN,60,20250310,150000,0.0644,0.0644,0.0644,0.0644,489,0
RDN,60,20250312,100000,0.0602,0.0602,0.0602,0.0602,1045,0
RDN,60,20250312,110000,0.0644,0.0668,0.0644,0.0668,11112,0
RDN,60,20250312,130000,0.066,0.066,0.066,0.066,9000,0
RDN,60,20250312,140000,0.0602,0.0602,0.0602,0.0602,500,0
RDN,60,20250312,170000,0.0604,0.0658,0.0604,0.0658,800,0
RDN,60,20250314,100000,0.0656,0.0656,0.0654,0.0654,518,0
RDN,60,20250314,110000,0.0654,0.0654,0.0654,0.0654,80000,0
RDN,60,20250314,120000,0.0654,0.0668,0.0654,0.0668,73513,0
RDN,60,20250314,160000,0.0668,0.0668,0.0668,0.0668,81600,0
RDN,60,20250314,170000,0.065,0.066,0.065,0.066,49999,0
RDN,60,20250317,100000,0.0692,0.0692,0.0692,0.0692,5484,0
RDN,60,20250317,140000,0.0688,0.0688,0.0688,0.0688,3000,0
RDN,60,20250318,110000,0.064,0.064,0.064,0.064,15821,0
RDN,60,20250318,140000,0.064,0.064,0.064,0.064,174047,0
RDN,60,20250318,170000,0.066,0.066,0.066,0.066,30000,0
RDN,60,20250319,100000,0.066,0.066,0.066,0.066,2038,0
RDN,60,20250319,110000,0.066,0.066,0.061,0.061,30000,0
RDN,60,20250319,150000,0.0618,0.0618,0.0618,0.0618,300,0
RDN,60,20250319,170000,0.0662,0.0662,0.0662,0.0662,500,0
RDN,60,20250320,120000,0.0662,0.0662,0.0662,0.0662,45500,0
RDN,60,20250321,140000,0.0662,0.0662,0.0662,0.0662,1000,0
RDN,60,20250324,100000,0.0616,0.0662,0.0616,0.0662,2000,0
RDN,60,20250324,130000,0.0614,0.0614,0.0614,0.0614,287,0
RDN,60,20250324,170000,0.0662,0.0662,0.062,0.062,4,0
RDN,60,20250325,110000,0.062,0.066,0.062,0.066,5000,0
RDN,60,20250325,120000,0.0616,0.0616,0.0614,0.0614,10000,0
RDN,60,20250325,130000,0.0614,0.0614,0.0614,0.0614,1011,0
RDN,60,20250325,140000,0.0614,0.0614,0.058,0.058,238000,0
RDN,60,20250325,160000,0.0572,0.062,0.056,0.062,74013,0
RDN,60,20250326,110000,0.0618,0.0618,0.0618,0.0618,2400,0
RDN,60,20250327,100000,0.0618,0.0618,0.0618,0.0618,200,0
RDN,60,20250328,110000,0.0616,0.0616,0.061,0.061,22396,0
RDN,60,20250328,130000,0.06,0.06,0.06,0.06,116550,0
RDN,60,20250328,140000,0.057,0.057,0.057,0.057,3000,0
RDN,60,20250328,150000,0.059,0.059,0.059,0.059,1200,0
RDN,60,20250328,160000,0.059,0.059,0.059,0.059,500,0
RDN,60,20250331,100000,0.059,0.059,0.059,0.059,25,0
RDN,60,20250331,120000,0.059,0.059,0.059,0.059,5372,0
RDN,60,20250331,140000,0.06,0.06,0.06,0.06,1500,0
RDN,60,20250401,120000,0.059,0.059,0.059,0.059,30300,0
RDN,60,20250401,160000,0.0582,0.0582,0.0582,0.0582,28578,0
RDN,60,20250404,120000,0.0582,0.0582,0.058,0.058,123067,0
RDN,60,20250404,160000,0.0568,0.0568,0.0568,0.0568,15000,0
RDN,60,20250407,120000,0.055,0.055,0.055,0.055,17811,0
RDN,60,20250408,160000,0.0596,0.0596,0.0596,0.0596,20000,0
RDN,60,20250409,120000,0.0502,0.0502,0.0502,0.0502,10040,0
RDN,60,20250415,160000,0.0588,0.0588,0.0514,0.0514,44104,0
RDN,60,20250416,120000,0.0516,0.0516,0.0516,0.0516,45000,0
RDN,60,20250416,160000,0.0564,0.0564,0.0564,0.0564,2279,0
RDN,60,20250417,120000,0.0522,0.0522,0.0522,0.0522,15800,0
RDN,60,20250417,160000,0.0522,0.0522,0.0522,0.0522,21524,0
RDN,60,20250422,120000,0.0522,0.0522,0.0522,0.0522,32523,0
RDN,60,20250422,160000,0.0522,0.0522,0.0522,0.0522,9372,0
RDN,60,20250423,120000,0.0526,0.0526,0.0526,0.0526,11000,0
RDN,60,20250423,160000,0.0526,0.0526,0.0526,0.0526,31500,0
RDN,60,20250424,120000,0.0526,0.0526,0.0526,0.0526,17548,0
RDN,60,20250424,160000,0.055,0.055,0.055,0.055,53000,0
RDN,60,20250425,120000,0.055,0.055,0.055,0.055,24800,0
RDN,60,20250428,160000,0.055,0.055,0.0548,0.0548,5000,0
RDN,60,20250429,120000,0.0548,0.0548,0.0548,0.0548,2000,0
RDN,60,20250429,160000,0.054,0.054,0.054,0.054,7400,0
RDN,60,20250430,120000,0.054,0.054,0.054,0.054,3600,0
RDN,60,20250430,160000,0.05,0.05,0.05,0.05,10275,0
RDN,60,20250502,120000,0.05,0.05,0.05,0.05,112678,0
