<TICKER>,<PER>,<DATE>,<TIME>,<OPEN>,<HIGH>,<LOW>,<CLOSE>,<VOL>,<OPENINT>
RLP,60,20240411,100000,6.54,6.64,6.54,6.64,2561,0
RLP,60,20240411,110000,6.6,6.64,6.6,6.64,2681,0
RLP,60,20240411,120000,6.64,6.68,6.54,6.68,2889,0
RLP,60,20240411,130000,6.68,6.7,6.64,6.64,4540,0
RLP,60,20240411,140000,6.66,6.68,6.66,6.68,3301,0
RLP,60,20240411,150000,6.68,6.68,6.54,6.54,116,0
RLP,60,20240411,160000,6.54,6.54,6.54,6.54,134,0
RLP,60,20240411,170000,6.66,6.66,6.56,6.56,1003,0
RLP,60,20240412,100000,6.66,6.66,6.64,6.64,602,0
RLP,60,20240412,110000,6.64,6.66,6.64,6.66,1135,0
RLP,60,20240412,120000,6.62,6.62,6.62,6.62,97,0
RLP,60,20240412,140000,6.62,6.66,6.56,6.66,10465,0
RLP,60,20240412,150000,6.68,6.68,6.68,6.68,2,0
RLP,60,20240412,170000,6.56,6.56,6.56,6.56,600,0
RLP,60,20240415,100000,6.52,6.52,6.48,6.48,3041,0
RLP,60,20240415,110000,6.48,6.5,6.44,6.5,525,0
RLP,60,20240415,120000,6.5,6.6,6.5,6.5,986,0
RLP,60,20240415,140000,6.58,6.6,6.58,6.6,1020,0
RLP,60,20240415,160000,6.52,6.52,6.52,6.52,100,0
RLP,60,20240415,170000,6.62,6.62,6.62,6.62,520,0
RLP,60,20240416,100000,6.62,6.62,6.5,6.5,9102,0
RLP,60,20240416,110000,6.52,6.52,6.5,6.5,3631,0
RLP,60,20240416,120000,6.48,6.5,6.48,6.5,2449,0
RLP,60,20240416,130000,6.5,6.5,6.5,6.5,3016,0
RLP,60,20240416,170000,6.46,6.52,6.34,6.52,2001,0
RLP,60,20240417,100000,6.52,6.66,6.5,6.66,5010,0
RLP,60,20240417,110000,6.66,6.66,6.66,6.66,2243,0
RLP,60,20240417,120000,6.68,6.68,6.66,6.66,701,0
RLP,60,20240417,130000,6.66,6.68,6.66,6.68,541,0
RLP,60,20240417,140000,6.66,6.66,6.66,6.66,1709,0
RLP,60,20240417,160000,6.58,6.58,6.58,6.58,390,0
RLP,60,20240417,170000,6.58,6.58,6.58,6.58,218,0
RLP,60,20240418,100000,6.52,6.64,6.52,6.64,250,0
RLP,60,20240418,120000,6.52,6.52,6.5,6.5,34,0
RLP,60,20240418,150000,6.5,6.5,6.5,6.5,588,0
RLP,60,20240418,160000,6.64,6.64,6.64,6.64,100,0
RLP,60,20240419,140000,6.66,6.66,6.66,6.66,2,0
RLP,60,20240419,150000,6.66,6.66,6.66,6.66,38,0
RLP,60,20240419,170000,6.66,6.84,6.66,6.84,4300,0
RLP,60,20240422,100000,6.82,6.82,6.62,6.62,1258,0
RLP,60,20240422,120000,6.66,6.66,6.64,6.64,928,0
RLP,60,20240422,130000,6.64,6.64,6.62,6.62,1469,0
RLP,60,20240422,170000,6.72,6.72,6.72,6.72,1,0
RLP,60,20240423,100000,6.64,6.64,6.64,6.64,100,0
RLP,60,20240423,120000,6.72,6.72,6.7,6.7,18,0
RLP,60,20240423,130000,6.72,6.84,6.72,6.84,2000,0
RLP,60,20240423,150000,6.8,6.84,6.8,6.84,800,0
RLP,60,20240423,160000,6.72,6.72,6.72,6.72,72,0
RLP,60,20240423,170000,6.84,6.88,6.84,6.84,1411,0
RLP,60,20240424,100000,6.72,6.72,6.7,6.7,2185,0
RLP,60,20240424,110000,6.82,6.82,6.82,6.82,100,0
RLP,60,20240424,130000,6.82,6.82,6.82,6.82,500,0
RLP,60,20240424,160000,6.84,6.9,6.84,6.9,2200,0
RLP,60,20240425,100000,6.8,6.84,6.7,6.84,7103,0
RLP,60,20240425,110000,6.84,6.9,6.84,6.9,4117,0
RLP,60,20240425,120000,6.9,6.9,6.76,6.76,1555,0
RLP,60,20240425,130000,6.74,6.76,6.62,6.62,3800,0
RLP,60,20240425,150000,6.84,6.84,6.84,6.84,2,0
RLP,60,20240425,160000,6.7,6.7,6.7,6.7,200,0
RLP,60,20240425,170000,6.8,6.8,6.8,6.8,209,0
RLP,60,20240426,130000,6.8,6.8,6.8,6.8,20,0
RLP,60,20240426,150000,6.76,6.76,6.76,6.76,214,0
RLP,60,20240426,160000,6.7,6.7,6.7,6.7,883,0
RLP,60,20240429,100000,6.72,6.72,6.72,6.72,197,0
RLP,60,20240429,110000,6.62,6.62,6.62,6.62,48,0
RLP,60,20240429,130000,6.64,6.64,6.64,6.64,293,0
RLP,60,20240430,100000,6.72,6.72,6.7,6.7,7,0
RLP,60,20240430,110000,6.7,6.7,6.5,6.5,2315,0
RLP,60,20240502,120000,6.66,6.74,6.54,6.54,855,0
RLP,60,20240502,130000,6.54,6.54,6.54,6.54,400,0
RLP,60,20240502,150000,6.6,6.66,6.6,6.66,200,0
RLP,60,20240502,160000,6.66,6.66,6.66,6.66,16,0
RLP,60,20240506,100000,6.72,6.76,6.72,6.76,839,0
RLP,60,20240506,110000,6.76,6.76,6.6,6.6,5562,0
RLP,60,20240506,120000,6.68,6.68,6.68,6.68,333,0
RLP,60,20240506,130000,6.7,6.7,6.7,6.7,200,0
RLP,60,20240506,160000,6.7,6.7,6.7,6.7,480,0
RLP,60,20240506,170000,6.72,6.72,6.7,6.7,619,0
RLP,60,20240507,100000,6.7,6.7,6.7,6.7,500,0
RLP,60,20240507,110000,6.76,6.76,6.76,6.76,502,0
RLP,60,20240507,150000,6.7,6.7,6.7,6.7,124,0
RLP,60,20240507,160000,6.7,6.7,6.7,6.7,55,0
RLP,60,20240508,100000,6.62,6.78,6.62,6.78,41,0
RLP,60,20240508,120000,6.7,6.72,6.7,6.72,185,0
RLP,60,20240508,130000,6.72,6.74,6.72,6.74,306,0
RLP,60,20240508,140000,6.74,6.74,6.74,6.74,125,0
RLP,60,20240509,110000,6.74,6.74,6.7,6.7,54,0
RLP,60,20240509,120000,6.7,6.7,6.6,6.6,2631,0
RLP,60,20240509,140000,6.64,6.64,6.62,6.62,200,0
RLP,60,20240509,170000,6.76,6.76,6.76,6.76,471,0
RLP,60,20240510,100000,6.74,6.74,6.74,6.74,1163,0
RLP,60,20240510,110000,6.78,6.78,6.74,6.74,287,0
RLP,60,20240513,120000,6.8,6.88,6.8,6.88,816,0
RLP,60,20240513,130000,6.86,6.86,6.86,6.86,300,0
RLP,60,20240513,140000,6.86,6.86,6.86,6.86,100,0
RLP,60,20240513,160000,6.88,6.88,6.88,6.88,60,0
RLP,60,20240514,100000,6.86,6.88,6.86,6.86,1539,0
RLP,60,20240514,110000,6.72,6.72,6.7,6.72,1382,0
RLP,60,20240514,130000,6.72,6.84,6.72,6.84,1118,0
RLP,60,20240514,150000,6.82,6.9,6.82,6.9,2574,0
RLP,60,20240514,160000,6.9,6.9,6.9,6.9,100,0
RLP,60,20240514,170000,6.9,7,6.9,7,1962,0
RLP,60,20240515,100000,7,7,6.9,6.9,2295,0
RLP,60,20240515,110000,6.9,6.9,6.9,6.9,1000,0
RLP,60,20240515,120000,6.86,6.86,6.86,6.86,300,0
RLP,60,20240515,140000,6.9,6.9,6.9,6.9,4,0
RLP,60,20240515,150000,6.9,6.9,6.9,6.9,50,0
RLP,60,20240515,160000,6.9,6.9,6.9,6.9,26,0
RLP,60,20240516,100000,6.84,6.98,6.84,6.98,461,0
RLP,60,20240516,110000,6.98,6.98,6.98,6.98,6,0
RLP,60,20240516,130000,6.92,6.92,6.9,6.9,300,0
RLP,60,20240516,160000,6.98,6.98,6.54,6.54,7616,0
RLP,60,20240516,170000,6.52,6.54,6.24,6.38,18297,0
RLP,60,20240517,100000,6.22,6.32,6.1,6.18,18141,0
RLP,60,20240517,110000,6.1,6.18,5.92,6.18,14269,0
RLP,60,20240517,120000,6.18,6.26,6.12,6.12,1936,0
RLP,60,20240517,130000,6.12,6.12,6.1,6.1,1000,0
RLP,60,20240517,140000,6.2,6.2,6.2,6.2,31,0
RLP,60,20240517,150000,6.2,6.26,6.1,6.26,1761,0
RLP,60,20240517,160000,6.26,6.28,6.26,6.28,432,0
RLP,60,20240517,170000,6.22,6.22,6.1,6.16,592,0
RLP,60,20240520,100000,6.1,6.2,6.06,6.06,3786,0
RLP,60,20240520,110000,6.1,6.2,6.06,6.2,6412,0
RLP,60,20240520,120000,6.2,6.28,6.08,6.2,3844,0
RLP,60,20240520,130000,6.2,6.32,6.1,6.32,2350,0
RLP,60,20240520,140000,6.3,6.3,6.3,6.3,22,0
RLP,60,20240520,150000,6.14,6.14,6.14,6.14,467,0
RLP,60,20240520,160000,6.28,6.28,6.26,6.28,87,0
RLP,60,20240520,170000,6.18,6.18,6.18,6.18,659,0
RLP,60,20240521,100000,6.2,6.2,6.06,6.08,5521,0
RLP,60,20240521,110000,6.1,6.1,6.04,6.04,3209,0
RLP,60,20240521,120000,6.12,6.12,5.98,6.1,5632,0
RLP,60,20240521,130000,6.12,6.14,6.12,6.14,242,0
RLP,60,20240521,140000,6.18,6.18,6.18,6.18,422,0
RLP,60,20240521,150000,6.14,6.14,5.82,5.9,24809,0
RLP,60,20240521,160000,6,6.08,6,6.08,289,0
RLP,60,20240521,170000,6.08,6.08,5.94,6.08,224,0
RLP,60,20240522,100000,6.04,6.1,6.04,6.1,599,0
RLP,60,20240522,110000,6.04,6.04,6.04,6.04,165,0
RLP,60,20240522,120000,6,6,6,6,1235,0
RLP,60,20240522,130000,6.04,6.04,6.04,6.04,250,0
RLP,60,20240522,150000,6.08,6.08,6.08,6.08,476,0
RLP,60,20240522,160000,6.06,6.06,6,6,1000,0
RLP,60,20240522,170000,6.08,6.1,6,6,1325,0
RLP,60,20240523,100000,6,6.04,5.94,6.04,3125,0
RLP,60,20240523,110000,6.06,6.06,6.04,6.04,1015,0
RLP,60,20240523,120000,6,6,6,6,400,0
RLP,60,20240523,130000,6,6.06,5.94,5.94,1898,0
RLP,60,20240523,140000,5.92,6,5.9,5.9,2863,0
RLP,60,20240523,150000,5.98,5.98,5.9,5.9,2467,0
RLP,60,20240523,160000,5.9,6.06,5.9,5.94,3824,0
RLP,60,20240523,170000,6.06,6.18,5.98,6.18,2348,0
RLP,60,20240524,100000,6.14,6.14,5.92,6,4330,0
RLP,60,20240524,110000,5.94,5.98,5.9,5.98,2110,0
RLP,60,20240524,120000,6,6,6,6,1000,0
RLP,60,20240524,130000,6,6.14,6,6.14,4063,0
RLP,60,20240524,140000,6.02,6.1,6,6.1,723,0
RLP,60,20240524,160000,6.08,6.1,6,6,1127,0
RLP,60,20240524,170000,6.08,6.08,6.08,6.08,1,0
RLP,60,20240527,100000,6.1,6.14,6.08,6.14,1503,0
RLP,60,20240527,110000,6.14,6.14,6.14,6.14,250,0
RLP,60,20240527,130000,6.04,6.14,6,6.14,3001,0
RLP,60,20240527,140000,6.02,6.02,6,6,1323,0
RLP,60,20240527,150000,6,6,6,6,800,0
RLP,60,20240527,160000,6,6.12,5.98,6.12,1400,0
RLP,60,20240527,170000,6.06,6.06,6.06,6.06,189,0
RLP,60,20240528,100000,5.98,5.98,5.84,5.84,6500,0
RLP,60,20240528,110000,5.96,5.96,5.96,5.96,198,0
RLP,60,20240528,120000,5.98,5.98,5.98,5.98,400,0
RLP,60,20240528,130000,5.98,5.98,5.98,5.98,339,0
RLP,60,20240528,150000,5.9,5.98,5.9,5.98,2057,0
RLP,60,20240528,160000,5.9,5.9,5.9,5.9,300,0
RLP,60,20240528,170000,5.9,5.9,5.9,5.9,170,0
RLP,60,20240529,100000,5.88,5.9,5.82,5.9,5975,0
RLP,60,20240529,120000,5.82,5.82,5.76,5.76,2909,0
RLP,60,20240529,130000,5.86,5.88,5.76,5.8,471,0
RLP,60,20240529,140000,5.84,5.84,5.84,5.84,100,0
RLP,60,20240529,150000,5.84,5.84,5.8,5.8,950,0
RLP,60,20240529,170000,5.82,5.82,5.76,5.76,3843,0
RLP,60,20240531,100000,5.76,5.8,5.76,5.8,1280,0
RLP,60,20240531,110000,5.8,5.8,5.8,5.8,221,0
RLP,60,20240531,120000,5.8,5.8,5.8,5.8,683,0
RLP,60,20240531,130000,5.8,5.8,5.76,5.76,2620,0
RLP,60,20240531,150000,5.8,5.86,5.8,5.86,332,0
RLP,60,20240531,160000,5.84,5.86,5.84,5.86,385,0
RLP,60,20240531,170000,5.86,5.86,5.86,5.86,12,0
RLP,60,20240603,100000,5.82,5.86,5.72,5.72,2534,0
RLP,60,20240603,110000,5.72,5.8,5.72,5.8,1321,0
RLP,60,20240603,120000,5.72,5.8,5.72,5.74,380,0
RLP,60,20240603,130000,5.74,5.82,5.74,5.82,2024,0
RLP,60,20240603,160000,5.76,5.76,5.76,5.76,202,0
RLP,60,20240603,170000,5.82,5.82,5.82,5.82,17,0
RLP,60,20240604,100000,5.86,5.86,5.86,5.86,309,0
RLP,60,20240604,110000,5.86,5.86,5.86,5.86,2,0
RLP,60,20240604,140000,5.84,5.84,5.78,5.78,1436,0
RLP,60,20240604,150000,5.8,5.8,5.8,5.8,100,0
RLP,60,20240604,170000,5.78,5.84,5.76,5.84,6715,0
RLP,60,20240605,100000,5.78,5.78,5.78,5.78,125,0
RLP,60,20240605,110000,5.78,5.78,5.76,5.76,701,0
RLP,60,20240605,130000,5.76,5.76,5.74,5.74,2000,0
RLP,60,20240605,140000,5.84,5.96,5.74,5.96,810,0
RLP,60,20240605,170000,5.86,5.86,5.86,5.86,81,0
RLP,60,20240606,110000,5.92,5.96,5.92,5.96,589,0
RLP,60,20240606,130000,5.96,5.96,5.96,5.96,10,0
RLP,60,20240606,150000,5.92,5.92,5.92,5.92,220,0
RLP,60,20240607,170000,5.9,5.96,5.9,5.96,806,0
RLP,60,20240610,100000,5.96,5.96,5.96,5.96,700,0
RLP,60,20240610,120000,5.96,5.96,5.96,5.96,10,0
RLP,60,20240610,130000,5.96,5.96,5.96,5.96,2,0
RLP,60,20240611,110000,5.96,5.96,5.96,5.96,100,0
RLP,60,20240611,160000,5.86,5.86,5.76,5.76,627,0
RLP,60,20240611,170000,5.92,5.92,5.92,5.92,1,0
RLP,60,20240612,100000,5.86,5.88,5.86,5.88,521,0
RLP,60,20240612,110000,5.9,5.9,5.8,5.8,400,0
RLP,60,20240612,120000,5.8,5.8,5.8,5.8,200,0
RLP,60,20240612,150000,5.9,5.9,5.9,5.9,1,0
RLP,60,20240612,160000,5.9,5.92,5.9,5.9,350,0
RLP,60,20240613,100000,5.82,5.82,5.82,5.82,18,0
RLP,60,20240613,120000,5.82,5.82,5.82,5.82,40,0
RLP,60,20240613,130000,5.92,5.92,5.92,5.92,5,0
RLP,60,20240613,160000,5.84,5.84,5.84,5.84,2,0
RLP,60,20240613,170000,5.92,5.92,5.92,5.92,5,0
RLP,60,20240614,150000,5.92,5.92,5.92,5.92,260,0
RLP,60,20240617,100000,5.84,5.84,5.84,5.84,230,0
RLP,60,20240617,110000,5.84,5.84,5.84,5.84,10,0
RLP,60,20240617,130000,5.84,5.84,5.78,5.78,528,0
RLP,60,20240617,140000,5.78,5.78,5.76,5.76,100,0
RLP,60,20240617,150000,5.84,5.84,5.84,5.84,100,0
RLP,60,20240618,160000,5.8,5.84,5.8,5.84,1455,0
RLP,60,20240619,100000,5.84,5.84,5.8,5.8,363,0
RLP,60,20240619,110000,5.8,5.8,5.8,5.8,300,0
RLP,60,20240619,120000,5.8,5.8,5.8,5.8,700,0
RLP,60,20240619,140000,5.8,5.8,5.76,5.76,305,0
RLP,60,20240619,160000,5.8,5.8,5.76,5.76,402,0
RLP,60,20240619,170000,5.8,5.8,5.8,5.8,100,0
RLP,60,20240620,100000,5.8,5.8,5.8,5.8,1298,0
RLP,60,20240620,110000,5.8,5.8,5.8,5.8,702,0
RLP,60,20240620,150000,5.84,5.9,5.74,5.74,2073,0
RLP,60,20240620,170000,5.84,5.84,5.84,5.84,1,0
RLP,60,20240621,110000,5.84,5.84,5.84,5.84,20,0
RLP,60,20240621,130000,5.8,5.8,5.8,5.8,100,0
RLP,60,20240621,140000,5.84,5.84,5.84,5.84,5,0
RLP,60,20240621,170000,5.84,5.84,5.84,5.84,30,0
RLP,60,20240624,120000,5.84,5.84,5.84,5.84,5,0
RLP,60,20240624,130000,5.76,5.84,5.68,5.84,3187,0
RLP,60,20240624,140000,5.7,5.72,5.7,5.7,230,0
RLP,60,20240625,100000,5.72,5.72,5.68,5.68,1481,0
RLP,60,20240625,110000,5.7,5.7,5.6,5.7,5126,0
RLP,60,20240625,120000,5.7,5.7,5.62,5.62,62,0
RLP,60,20240625,130000,5.66,5.7,5.6,5.7,1104,0
RLP,60,20240625,150000,5.62,5.62,5.62,5.62,2,0
RLP,60,20240625,160000,5.62,5.62,5.62,5.62,202,0
RLP,60,20240625,170000,5.62,5.7,5.62,5.7,6,0
RLP,60,20240626,100000,5.74,5.8,5.6,5.6,2399,0
RLP,60,20240626,110000,5.58,5.58,5.56,5.56,2726,0
RLP,60,20240626,120000,5.6,5.62,5.56,5.62,317,0
RLP,60,20240626,130000,5.62,5.76,5.62,5.76,77,0
RLP,60,20240626,140000,5.76,5.76,5.76,5.76,39,0
RLP,60,20240626,170000,5.76,5.76,5.68,5.68,102,0
RLP,60,20240627,100000,5.78,5.82,5.54,5.58,6183,0
RLP,60,20240627,110000,5.64,5.64,5.64,5.64,30,0
RLP,60,20240627,160000,5.78,5.78,5.62,5.62,404,0
RLP,60,20240627,170000,5.78,5.78,5.78,5.78,1,0
RLP,60,20240628,100000,5.66,5.78,5.56,5.78,3013,0
RLP,60,20240628,130000,5.74,5.74,5.74,5.74,250,0
RLP,60,20240701,100000,5.62,5.62,5.62,5.62,200,0
RLP,60,20240701,120000,5.72,5.72,5.68,5.68,207,0
RLP,60,20240701,130000,5.68,5.76,5.68,5.74,1481,0
RLP,60,20240701,160000,5.74,5.74,5.64,5.64,1000,0
RLP,60,20240701,170000,5.64,5.8,5.64,5.8,401,0
RLP,60,20240702,100000,5.8,5.8,5.8,5.8,220,0
RLP,60,20240702,130000,5.78,5.8,5.68,5.68,1779,0
RLP,60,20240702,140000,5.8,5.8,5.8,5.8,70,0
RLP,60,20240702,160000,5.8,5.8,5.8,5.8,27,0
RLP,60,20240703,120000,5.8,5.8,5.7,5.7,1073,0
RLP,60,20240703,150000,5.84,5.9,5.84,5.9,1141,0
RLP,60,20240703,170000,5.92,5.92,5.92,5.92,17,0
RLP,60,20240704,120000,5.9,5.9,5.9,5.9,300,0
RLP,60,20240705,110000,5.9,5.94,5.76,5.76,1253,0
RLP,60,20240705,130000,5.92,5.94,5.92,5.94,689,0
RLP,60,20240705,140000,5.96,5.96,5.68,5.94,6083,0
RLP,60,20240705,170000,5.78,5.92,5.74,5.92,101,0
RLP,60,20240708,100000,5.68,5.92,5.68,5.92,3500,0
RLP,60,20240708,110000,5.64,5.64,5.64,5.64,2500,0
RLP,60,20240708,120000,5.7,5.7,5.64,5.64,810,0
RLP,60,20240708,130000,5.66,5.66,5.66,5.66,200,0
RLP,60,20240708,160000,5.8,5.82,5.8,5.8,455,0
RLP,60,20240708,170000,5.82,5.82,5.82,5.82,298,0
RLP,60,20240709,130000,5.7,5.76,5.7,5.76,240,0
RLP,60,20240709,160000,5.76,5.9,5.76,5.9,1758,0
RLP,60,20240709,170000,5.9,5.92,5.62,5.9,3501,0
RLP,60,20240710,100000,5.84,5.84,5.8,5.8,135,0
RLP,60,20240710,110000,5.8,5.8,5.68,5.7,1095,0
RLP,60,20240710,120000,5.68,5.68,5.64,5.66,2322,0
RLP,60,20240710,130000,5.76,5.78,5.64,5.78,458,0
RLP,60,20240710,150000,5.8,5.8,5.8,5.8,1000,0
RLP,60,20240710,160000,5.84,5.88,5.84,5.88,714,0
RLP,60,20240711,130000,5.88,5.88,5.88,5.88,188,0
RLP,60,20240711,140000,5.82,5.82,5.82,5.82,50,0
RLP,60,20240711,150000,5.8,5.8,5.8,5.8,200,0
RLP,60,20240711,160000,5.8,5.82,5.8,5.82,200,0
RLP,60,20240711,170000,5.82,5.88,5.82,5.88,909,0
RLP,60,20240712,100000,5.88,5.9,5.88,5.9,496,0
RLP,60,20240712,130000,5.88,5.88,5.88,5.88,250,0
RLP,60,20240712,160000,5.8,5.8,5.8,5.8,275,0
RLP,60,20240712,170000,5.74,5.74,5.74,5.74,112,0
RLP,60,20240715,100000,5.8,5.88,5.8,5.88,494,0
RLP,60,20240715,110000,5.88,5.9,5.88,5.9,440,0
RLP,60,20240715,120000,5.9,5.9,5.8,5.8,356,0
RLP,60,20240715,130000,5.8,5.8,5.78,5.78,201,0
RLP,60,20240715,160000,5.78,5.78,5.76,5.76,100,0
RLP,60,20240716,110000,5.86,5.86,5.86,5.86,8,0
RLP,60,20240716,120000,5.82,5.88,5.82,5.88,592,0
RLP,60,20240716,170000,5.76,5.76,5.76,5.76,14,0
RLP,60,20240717,100000,5.76,5.76,5.74,5.74,220,0
RLP,60,20240717,110000,5.76,5.76,5.72,5.72,120,0
RLP,60,20240717,120000,5.86,5.9,5.86,5.9,205,0
RLP,60,20240717,130000,5.72,5.72,5.72,5.72,50,0
RLP,60,20240717,170000,5.76,5.76,5.72,5.72,356,0
RLP,60,20240718,130000,5.82,5.82,5.82,5.82,3,0
RLP,60,20240718,140000,5.82,5.82,5.82,5.82,262,0
RLP,60,20240718,150000,5.84,5.88,5.84,5.88,200,0
RLP,60,20240718,160000,5.88,5.88,5.74,5.74,210,0
RLP,60,20240719,100000,5.9,5.94,5.9,5.94,4480,0
RLP,60,20240719,110000,5.92,5.92,5.82,5.82,170,0
RLP,60,20240719,120000,5.82,5.92,5.82,5.92,200,0
RLP,60,20240719,140000,5.9,5.94,5.8,5.8,2580,0
RLP,60,20240719,170000,5.94,5.94,5.94,5.94,700,0
RLP,60,20240722,100000,5.94,5.94,5.94,5.94,10,0
RLP,60,20240722,120000,5.94,5.94,5.8,5.8,1888,0
RLP,60,20240722,130000,5.84,5.84,5.8,5.8,1000,0
RLP,60,20240722,140000,5.92,5.94,5.8,5.8,1100,0
RLP,60,20240722,160000,5.86,5.86,5.86,5.86,300,0
RLP,60,20240722,170000,5.92,5.92,5.82,5.82,20,0
RLP,60,20240723,110000,5.82,5.82,5.82,5.82,100,0
RLP,60,20240723,120000,5.82,5.82,5.82,5.82,400,0
RLP,60,20240723,150000,5.82,5.82,5.82,5.82,123,0
RLP,60,20240724,100000,5.8,5.8,5.76,5.76,56,0
RLP,60,20240724,110000,5.8,5.8,5.8,5.8,349,0
RLP,60,20240724,130000,5.88,5.88,5.78,5.78,4,0
RLP,60,20240725,100000,5.78,5.78,5.78,5.78,450,0
RLP,60,20240725,120000,5.78,5.88,5.78,5.78,439,0
RLP,60,20240725,130000,5.78,5.78,5.78,5.78,1500,0
RLP,60,20240725,140000,5.76,5.76,5.7,5.7,1001,0
RLP,60,20240725,150000,5.78,5.84,5.78,5.84,585,0
RLP,60,20240726,100000,5.72,5.82,5.64,5.66,3548,0
RLP,60,20240726,110000,5.8,5.84,5.68,5.84,50,0
RLP,60,20240726,120000,5.68,5.8,5.48,5.8,15388,0
RLP,60,20240726,130000,5.8,5.82,5.8,5.82,688,0
RLP,60,20240726,150000,5.64,5.82,5.64,5.82,11,0
RLP,60,20240726,160000,5.82,5.86,5.82,5.86,4344,0
RLP,60,20240726,170000,5.92,5.92,5.5,5.78,8386,0
RLP,60,20240729,100000,5.8,5.8,5.8,5.8,10,0
RLP,60,20240729,110000,5.78,5.78,5.78,5.78,300,0
RLP,60,20240729,120000,5.78,5.8,5.78,5.8,350,0
RLP,60,20240729,130000,5.8,5.86,5.8,5.86,2471,0
RLP,60,20240729,150000,5.84,5.84,5.84,5.84,27,0
RLP,60,20240729,160000,5.82,5.82,5.82,5.82,51,0
RLP,60,20240730,120000,5.82,5.84,5.82,5.84,100,0
RLP,60,20240730,160000,5.68,5.68,5.6,5.6,5892,0
RLP,60,20240730,170000,5.56,5.6,5.54,5.6,9614,0
RLP,60,20240731,100000,5.6,5.6,5.44,5.44,7725,0
RLP,60,20240731,110000,5.46,5.46,5.44,5.44,7014,0
RLP,60,20240731,120000,5.46,5.46,5.46,5.46,1000,0
RLP,60,20240731,130000,5.46,5.46,5.46,5.46,3988,0
RLP,60,20240731,140000,5.46,5.46,5.42,5.46,1445,0
RLP,60,20240731,150000,5.46,5.56,5.44,5.56,2838,0
RLP,60,20240731,160000,5.64,5.88,5.6,5.6,4461,0
RLP,60,20240731,170000,5.74,5.82,5.7,5.82,552,0
RLP,60,20240801,100000,5.6,5.76,5.52,5.52,1156,0
RLP,60,20240801,120000,5.54,5.92,5.54,5.9,10454,0
RLP,60,20240802,100000,5.66,5.86,5.62,5.86,767,0
RLP,60,20240802,130000,5.78,5.78,5.78,5.78,90,0
RLP,60,20240802,150000,5.7,5.7,5.7,5.7,111,0
RLP,60,20240802,160000,5.74,5.74,5.74,5.74,2,0
RLP,60,20240805,100000,5.6,5.6,5.52,5.6,1790,0
RLP,60,20240805,110000,5.52,5.6,5.46,5.6,1617,0
RLP,60,20240805,120000,5.46,5.76,5.46,5.76,1750,0
RLP,60,20240805,130000,5.48,5.48,5.46,5.48,886,0
RLP,60,20240805,140000,5.46,5.46,5.4,5.4,2908,0
RLP,60,20240805,150000,5.4,5.4,5.4,5.4,5,0
RLP,60,20240805,160000,5.4,5.4,5.4,5.4,2373,0
RLP,60,20240805,170000,5.46,5.6,5.4,5.6,4460,0
RLP,60,20240806,100000,5.6,5.6,5.46,5.6,705,0
RLP,60,20240806,110000,5.56,5.56,5.56,5.56,250,0
RLP,60,20240806,120000,5.5,5.56,5.24,5.24,4664,0
RLP,60,20240806,130000,5.24,5.38,5.2,5.38,20771,0
RLP,60,20240806,140000,5.32,5.4,5.32,5.4,369,0
RLP,60,20240806,150000,5.4,5.4,5.4,5.4,856,0
RLP,60,20240806,160000,5.4,5.4,5.38,5.38,514,0
RLP,60,20240806,170000,5.38,5.48,5.38,5.48,560,0
RLP,60,20240807,100000,5.48,5.48,5.48,5.48,100,0
RLP,60,20240807,110000,5.36,5.46,5.3,5.46,705,0
RLP,60,20240807,120000,5.48,5.48,5.48,5.48,100,0
RLP,60,20240807,130000,5.48,5.5,5.46,5.46,60,0
RLP,60,20240807,160000,5.46,5.5,5.46,5.5,612,0
RLP,60,20240808,100000,5.34,5.5,5.34,5.5,558,0
RLP,60,20240808,120000,5.36,5.36,5.36,5.36,1000,0
RLP,60,20240808,160000,5.5,5.5,5.5,5.5,2,0
RLP,60,20240809,110000,5.5,5.58,5.4,5.58,927,0
RLP,60,20240809,140000,5.58,5.72,5.58,5.72,2550,0
RLP,60,20240809,160000,5.64,5.64,5.64,5.64,1000,0
RLP,60,20240809,170000,5.7,5.7,5.7,5.7,2,0
RLP,60,20240812,100000,5.66,5.68,5.44,5.44,2660,0
RLP,60,20240812,110000,5.6,5.6,5.52,5.52,302,0
RLP,60,20240812,120000,5.52,5.52,5.52,5.52,200,0
RLP,60,20240812,140000,5.58,5.6,5.58,5.6,554,0
RLP,60,20240812,170000,5.46,5.56,5.42,5.42,1658,0
RLP,60,20240813,100000,5.54,5.64,5.54,5.64,23,0
RLP,60,20240813,150000,5.64,5.64,5.64,5.64,145,0
RLP,60,20240814,160000,5.6,5.64,5.6,5.64,1020,0
RLP,60,20240814,170000,5.62,5.64,5.62,5.64,850,0
RLP,60,20240816,120000,5.5,5.66,5.5,5.66,4,0
RLP,60,20240816,140000,5.5,5.5,5.5,5.5,46,0
RLP,60,20240816,150000,5.5,5.7,5.48,5.7,1272,0
RLP,60,20240816,160000,5.7,5.76,5.7,5.76,1945,0
RLP,60,20240816,170000,5.52,5.76,5.52,5.76,346,0
RLP,60,20240819,110000,5.76,5.76,5.76,5.76,236,0
RLP,60,20240819,130000,5.54,5.76,5.48,5.76,850,0
RLP,60,20240819,140000,5.76,5.8,5.76,5.8,1896,0
RLP,60,20240819,170000,5.84,5.9,5.84,5.9,4492,0
RLP,60,20240820,100000,5.9,5.9,5.9,5.9,2,0
RLP,60,20240821,140000,5.8,5.9,5.8,5.9,1229,0
RLP,60,20240821,160000,5.66,5.86,5.62,5.86,570,0
RLP,60,20240822,170000,5.8,5.82,5.8,5.82,100,0
RLP,60,20240823,110000,5.82,5.82,5.82,5.82,175,0
RLP,60,20240823,150000,5.82,5.82,5.82,5.82,223,0
RLP,60,20240826,100000,5.64,5.82,5.6,5.82,6,0
RLP,60,20240826,130000,5.7,5.82,5.7,5.82,1472,0
RLP,60,20240826,160000,5.82,5.82,5.82,5.82,310,0
RLP,60,20240826,170000,5.82,5.82,5.82,5.82,500,0
RLP,60,20240827,100000,5.64,5.82,5.54,5.82,1276,0
RLP,60,20240827,150000,5.8,5.8,5.8,5.8,100,0
RLP,60,20240827,160000,5.8,5.8,5.8,5.8,3000,0
RLP,60,20240828,110000,5.82,5.82,5.82,5.82,300,0
RLP,60,20240828,120000,5.82,5.84,5.82,5.84,30,0
RLP,60,20240828,150000,5.8,5.8,5.8,5.8,800,0
RLP,60,20240828,160000,5.84,5.84,5.84,5.84,397,0
RLP,60,20240829,100000,5.66,5.8,5.66,5.8,1322,0
RLP,60,20240829,120000,5.68,5.68,5.6,5.6,2000,0
RLP,60,20240829,140000,5.7,5.7,5.62,5.62,1005,0
RLP,60,20240829,160000,5.64,5.74,5.64,5.64,372,0
RLP,60,20240829,170000,5.62,5.66,5.62,5.62,1518,0
RLP,60,20240830,100000,5.62,5.62,5.6,5.6,810,0
RLP,60,20240830,110000,5.76,5.78,5.76,5.78,323,0
RLP,60,20240830,130000,5.74,5.9,5.74,5.9,1800,0
RLP,60,20240830,160000,5.88,5.88,5.88,5.88,200,0
RLP,60,20240830,170000,5.88,5.88,5.88,5.88,300,0
RLP,60,20240902,100000,5.78,5.88,5.74,5.88,619,0
RLP,60,20240902,160000,5.86,5.86,5.86,5.86,100,0
RLP,60,20240902,170000,5.84,5.86,5.84,5.84,643,0
RLP,60,20240903,100000,5.8,5.8,5.8,5.8,110,0
RLP,60,20240903,130000,5.8,5.8,5.8,5.8,1848,0
RLP,60,20240903,140000,5.8,5.8,5.8,5.8,580,0
RLP,60,20240903,160000,5.8,5.82,5.8,5.82,186,0
RLP,60,20240903,170000,5.82,5.82,5.8,5.8,502,0
RLP,60,20240904,140000,5.8,5.8,5.8,5.8,250,0
RLP,60,20240904,160000,5.7,5.7,5.4,5.52,11375,0
RLP,60,20240904,170000,5.58,5.66,5.58,5.66,372,0
RLP,60,20240905,100000,5.42,5.48,5.4,5.48,5302,0
RLP,60,20240905,110000,5.48,5.68,5.48,5.56,2201,0
RLP,60,20240905,120000,5.56,5.82,5.56,5.82,4779,0
RLP,60,20240905,140000,5.58,5.74,5.5,5.6,839,0
RLP,60,20240905,150000,5.6,5.78,5.6,5.78,200,0
RLP,60,20240905,160000,5.78,5.8,5.78,5.8,300,0
RLP,60,20240906,100000,5.78,5.8,5.78,5.8,2700,0
RLP,60,20240906,110000,5.6,5.62,5.52,5.52,1000,0
RLP,60,20240906,120000,5.52,5.72,5.52,5.72,458,0
RLP,60,20240906,170000,5.54,5.54,5.54,5.54,2000,0
RLP,60,20240909,110000,5.54,5.54,5.54,5.54,2,0
RLP,60,20240909,120000,5.52,5.54,5.5,5.54,2948,0
RLP,60,20240909,130000,5.5,5.66,5.5,5.66,422,0
RLP,60,20240909,140000,5.66,5.66,5.66,5.66,181,0
RLP,60,20240909,150000,5.5,5.66,5.5,5.66,1002,0
RLP,60,20240910,140000,5.5,5.5,5.48,5.48,2347,0
RLP,60,20240910,150000,5.5,5.5,5.5,5.5,300,0
RLP,60,20240910,160000,5.48,5.48,5.48,5.48,561,0
RLP,60,20240911,100000,5.56,5.56,5.56,5.56,112,0
RLP,60,20240911,110000,5.56,5.64,5.56,5.64,2400,0
RLP,60,20240911,140000,5.5,5.5,5.5,5.5,4,0
RLP,60,20240911,150000,5.5,5.62,5.46,5.62,2003,0
RLP,60,20240911,170000,5.6,5.6,5.6,5.6,501,0
RLP,60,20240912,160000,5.58,5.58,5.58,5.58,2000,0
RLP,60,20240912,170000,5.58,5.6,5.58,5.6,1794,0
RLP,60,20240913,100000,5.6,5.6,5.6,5.6,402,0
RLP,60,20240913,110000,5.5,5.5,5.5,5.5,939,0
RLP,60,20240913,120000,5.6,5.6,5.6,5.6,1782,0
RLP,60,20240913,150000,5.52,5.52,5.52,5.52,500,0
RLP,60,20240913,160000,5.6,5.6,5.6,5.6,2,0
RLP,60,20240913,170000,5.56,5.6,5.56,5.6,302,0
RLP,60,20240916,100000,5.6,5.6,5.6,5.6,10,0
RLP,60,20240916,130000,5.56,5.56,5.5,5.52,780,0
RLP,60,20240916,150000,5.52,5.52,5.5,5.5,2555,0
RLP,60,20240917,100000,5.5,5.66,5.5,5.66,85,0
RLP,60,20240917,120000,5.62,5.62,5.62,5.62,46,0
RLP,60,20240917,140000,5.52,5.52,5.52,5.52,16,0
RLP,60,20240917,160000,5.56,5.64,5.56,5.64,3,0
RLP,60,20240918,120000,5.64,5.64,5.64,5.64,100,0
RLP,60,20240918,130000,5.64,5.64,5.64,5.64,335,0
RLP,60,20240918,150000,5.52,5.52,5.52,5.52,1000,0
RLP,60,20240918,170000,5.56,5.62,5.56,5.62,3,0
RLP,60,20240919,100000,5.52,5.52,5.52,5.52,55,0
RLP,60,20240919,110000,5.62,5.62,5.62,5.62,2471,0
RLP,60,20240919,120000,5.7,5.7,5.7,5.7,3,0
RLP,60,20240919,130000,5.7,5.7,5.7,5.7,141,0
RLP,60,20240919,140000,5.7,5.7,5.62,5.62,1054,0
RLP,60,20240919,170000,5.7,5.7,5.7,5.7,2,0
RLP,60,20240920,140000,5.68,5.7,5.68,5.7,6,0
RLP,60,20240920,170000,5.6,5.6,5.6,5.6,28,0
RLP,60,20240923,110000,5.7,5.7,5.36,5.36,7435,0
RLP,60,20240923,120000,5.58,5.6,5.58,5.6,350,0
RLP,60,20240923,170000,5.5,5.5,5.5,5.5,300,0
RLP,60,20240924,140000,5.5,5.54,5.48,5.54,700,0
RLP,60,20240925,160000,5.6,5.6,5.6,5.6,300,0
RLP,60,20240927,100000,5.52,5.52,5.48,5.48,1196,0
RLP,60,20240927,110000,5.58,5.58,5.5,5.58,750,0
RLP,60,20240927,150000,5.58,5.58,5.58,5.58,800,0
RLP,60,20240927,170000,5.58,5.6,5.58,5.6,1044,0
RLP,60,20240930,100000,5.6,5.6,5.58,5.58,1112,0
RLP,60,20240930,110000,5.6,5.6,5.6,5.6,300,0
RLP,60,20240930,120000,5.58,5.6,5.5,5.6,2586,0
RLP,60,20240930,130000,5.6,5.6,5.6,5.6,9,0
RLP,60,20240930,140000,5.6,5.6,5.6,5.6,1153,0
RLP,60,20240930,160000,5.64,5.68,5.64,5.68,5,0
RLP,60,20240930,170000,5.6,5.6,5.6,5.6,400,0
RLP,60,20241001,100000,5.6,5.64,5.6,5.64,715,0
RLP,60,20241001,120000,5.64,5.64,5.64,5.64,167,0
RLP,60,20241001,140000,5.64,5.64,5.64,5.64,300,0
RLP,60,20241001,170000,5.64,5.64,5.6,5.6,126,0
RLP,60,20241002,100000,5.6,5.6,5.6,5.6,35,0
RLP,60,20241002,120000,5.6,5.6,5.6,5.6,175,0
RLP,60,20241002,130000,5.64,5.64,5.64,5.64,2,0
RLP,60,20241002,140000,5.6,5.6,5.6,5.6,7,0
RLP,60,20241002,160000,5.64,5.64,5.64,5.64,202,0
RLP,60,20241004,100000,5.6,5.62,5.52,5.62,404,0
RLP,60,20241004,110000,5.54,5.54,5.52,5.52,360,0
RLP,60,20241004,120000,5.56,5.56,5.56,5.56,2,0
RLP,60,20241004,140000,5.62,5.62,5.5,5.5,810,0
RLP,60,20241004,150000,5.54,5.64,5.54,5.64,16,0
RLP,60,20241007,100000,5.64,5.64,5.64,5.64,1806,0
RLP,60,20241007,130000,5.52,5.52,5.52,5.52,117,0
RLP,60,20241007,150000,5.52,5.62,5.52,5.62,302,0
RLP,60,20241007,160000,5.62,5.64,5.62,5.64,5223,0
RLP,60,20241008,100000,5.54,5.64,5.54,5.64,302,0
RLP,60,20241008,110000,5.52,5.52,5.44,5.44,2150,0
RLP,60,20241008,130000,5.54,5.6,5.54,5.6,5,0
RLP,60,20241008,140000,5.5,5.5,5.5,5.5,302,0
RLP,60,20241008,160000,5.5,5.5,5.5,5.5,850,0
RLP,60,20241008,170000,5.5,5.5,5.5,5.5,5500,0
RLP,60,20241009,100000,5.54,5.6,5.48,5.6,511,0
RLP,60,20241009,120000,5.6,5.6,5.6,5.6,100,0
RLP,60,20241009,130000,5.6,5.6,5.6,5.6,100,0
RLP,60,20241010,110000,5.6,5.62,5.6,5.62,1787,0
RLP,60,20241010,170000,5.54,5.54,5.54,5.54,150,0
RLP,60,20241011,100000,5.54,5.6,5.52,5.52,452,0
RLP,60,20241011,110000,5.6,5.6,5.6,5.6,103,0
RLP,60,20241011,150000,5.6,5.6,5.6,5.6,3,0
RLP,60,20241014,100000,5.58,5.58,5.58,5.58,300,0
RLP,60,20241014,160000,5.58,5.58,5.58,5.58,102,0
RLP,60,20241015,100000,5.6,5.6,5.6,5.6,2,0
RLP,60,20241015,120000,5.6,5.64,5.6,5.64,1000,0
RLP,60,20241015,130000,5.64,5.7,5.64,5.7,1934,0
RLP,60,20241015,140000,5.7,5.7,5.7,5.7,300,0
RLP,60,20241015,150000,5.7,5.72,5.7,5.72,401,0
RLP,60,20241015,160000,5.7,5.72,5.7,5.72,144,0
RLP,60,20241015,170000,5.7,5.7,5.7,5.7,4,0
RLP,60,20241016,100000,5.7,5.7,5.7,5.7,4,0
RLP,60,20241016,110000,5.64,5.64,5.6,5.6,789,0
RLP,60,20241016,130000,5.7,5.7,5.6,5.6,262,0
RLP,60,20241016,140000,5.6,5.7,5.56,5.7,752,0
RLP,60,20241017,170000,5.58,5.7,5.56,5.7,307,0
RLP,60,20241018,120000,5.7,5.7,5.7,5.7,2,0
RLP,60,20241018,150000,5.7,5.7,5.7,5.7,2,0
RLP,60,20241021,100000,5.64,5.64,5.64,5.64,5,0
RLP,60,20241021,130000,5.7,5.7,5.7,5.7,200,0
RLP,60,20241021,160000,5.64,5.64,5.64,5.64,177,0
RLP,60,20241022,110000,5.64,5.64,5.62,5.62,140,0
RLP,60,20241022,130000,5.62,5.62,5.62,5.62,230,0
RLP,60,20241023,110000,5.62,5.62,5.56,5.56,568,0
RLP,60,20241023,120000,5.62,5.62,5.62,5.62,2,0
RLP,60,20241023,130000,5.56,5.56,5.54,5.54,445,0
RLP,60,20241024,110000,5.52,5.54,5.4,5.52,6936,0
RLP,60,20241025,120000,5.42,5.52,5.36,5.38,2725,0
RLP,60,20241025,130000,5.44,5.44,5.44,5.44,5,0
RLP,60,20241025,140000,5.54,5.54,5.52,5.52,111,0
RLP,60,20241025,170000,5.46,5.5,5.46,5.5,85,0
RLP,60,20241028,100000,5.5,5.5,5.38,5.38,1954,0
RLP,60,20241028,110000,5.44,5.5,5.44,5.5,6,0
RLP,60,20241028,120000,5.5,5.5,5.5,5.5,10,0
RLP,60,20241028,130000,5.4,5.4,5.4,5.4,4855,0
RLP,60,20241028,140000,5.44,5.5,5.44,5.5,6,0
RLP,60,20241029,110000,5.4,5.4,5.38,5.38,1097,0
RLP,60,20241029,130000,5.4,5.4,5.4,5.4,14,0
RLP,60,20241029,150000,5.4,5.46,5.4,5.46,1960,0
RLP,60,20241029,170000,5.46,5.46,5.46,5.46,1105,0
RLP,60,20241030,110000,5.38,5.5,5.34,5.5,2614,0
RLP,60,20241030,120000,5.5,5.5,5.5,5.5,267,0
RLP,60,20241030,130000,5.5,5.5,5.5,5.5,145,0
RLP,60,20241030,140000,5.5,5.5,5.5,5.5,1191,0
RLP,60,20241031,100000,5.52,5.52,5.52,5.52,2,0
RLP,60,20241031,160000,5.52,5.52,5.52,5.52,2,0
RLP,60,20241104,100000,5.4,5.4,5.4,5.4,91,0
RLP,60,20241104,120000,5.52,5.52,5.52,5.52,2,0
RLP,60,20241104,160000,5.52,5.52,5.52,5.52,4,0
RLP,60,20241105,110000,5.52,5.52,5.52,5.52,744,0
RLP,60,20241105,120000,5.52,5.52,5.52,5.52,4,0
RLP,60,20241105,140000,5.42,5.42,5.4,5.4,1103,0
RLP,60,20241105,150000,5.36,5.52,5.34,5.52,1200,0
RLP,60,20241105,170000,5.34,5.5,5.34,5.5,6,0
RLP,60,20241106,100000,5.36,5.36,5.36,5.36,400,0
RLP,60,20241106,110000,5.38,5.4,5.34,5.4,601,0
RLP,60,20241106,170000,5.48,5.48,5.48,5.48,2,0
RLP,60,20241107,100000,5.48,5.48,5.48,5.48,115,0
RLP,60,20241107,120000,5.5,5.5,5.5,5.5,4,0
RLP,60,20241107,170000,5.48,5.58,5.4,5.58,1742,0
RLP,60,20241112,120000,5.44,5.44,5.44,5.44,2,0
RLP,60,20241112,130000,5.42,5.42,5.4,5.4,1069,0
RLP,60,20241112,140000,5.4,5.42,5.36,5.42,3933,0
RLP,60,20241112,150000,5.4,5.42,5.4,5.42,266,0
RLP,60,20241113,100000,5.36,5.36,5.34,5.34,200,0
RLP,60,20241113,110000,5.38,5.42,5.34,5.34,22,0
RLP,60,20241113,120000,5.34,5.42,5.34,5.4,133,0
RLP,60,20241113,130000,5.4,5.4,5.4,5.4,1,0
RLP,60,20241113,140000,5.38,5.48,5.34,5.48,311,0
RLP,60,20241113,160000,5.4,5.4,5.4,5.4,200,0
RLP,60,20241114,100000,5.4,5.4,5.4,5.4,425,0
RLP,60,20241114,110000,5.36,5.4,5.34,5.4,1018,0
RLP,60,20241114,120000,5.4,5.4,5.4,5.4,107,0
RLP,60,20241114,130000,5.36,5.36,5.32,5.32,650,0
RLP,60,20241114,140000,5.38,5.4,5.34,5.4,138,0
RLP,60,20241114,150000,5.4,5.4,5.4,5.4,250,0
RLP,60,20241114,160000,5.34,5.34,5.32,5.32,20,0
RLP,60,20241114,170000,5.36,5.36,5.36,5.36,2,0
RLP,60,20241115,110000,5.4,5.4,5.4,5.4,3,0
RLP,60,20241115,120000,5.36,5.36,5.3,5.3,400,0
RLP,60,20241115,130000,5.3,5.38,5.3,5.38,47,0
RLP,60,20241115,150000,5.32,5.32,5.3,5.3,93,0
RLP,60,20241115,160000,5.32,5.38,5.3,5.38,26,0
RLP,60,20241115,170000,5.38,5.38,5.38,5.38,218,0
RLP,60,20241118,100000,5.34,5.4,5.3,5.4,620,0
RLP,60,20241118,110000,5.4,5.4,5.4,5.4,2,0
RLP,60,20241118,140000,5.32,5.38,5.28,5.38,1104,0
RLP,60,20241118,160000,5.38,5.38,5.38,5.38,2,0
RLP,60,20241119,100000,5.3,5.3,5.3,5.3,83,0
RLP,60,20241119,120000,5.3,5.3,5.28,5.28,285,0
RLP,60,20241119,160000,5.34,5.36,5.3,5.3,633,0
RLP,60,20241120,100000,5.2,5.22,5.2,5.22,2295,0
RLP,60,20241120,110000,5.28,5.3,5.28,5.3,836,0
RLP,60,20241120,120000,5.28,5.28,5.14,5.2,5324,0
RLP,60,20241120,130000,5.2,5.2,5.14,5.14,1068,0
RLP,60,20241120,140000,5.14,5.32,5.14,5.14,620,0
RLP,60,20241120,150000,5.14,5.14,5.1,5.12,1010,0
RLP,60,20241120,160000,5.18,5.38,5.18,5.38,300,0
RLP,60,20241121,100000,5.34,5.34,5.34,5.34,5,0
RLP,60,20241121,140000,5.34,5.34,5.34,5.34,195,0
RLP,60,20241121,170000,5.38,5.38,5.38,5.38,2,0
RLP,60,20241122,130000,5.36,5.36,5.36,5.36,748,0
RLP,60,20241122,160000,5.36,5.36,5.36,5.36,342,0
RLP,60,20241125,100000,5.34,5.34,5.34,5.34,2,0
RLP,60,20241125,120000,5.36,5.36,5.36,5.36,100,0
RLP,60,20241126,110000,5.26,5.26,5.26,5.26,80,0
RLP,60,20241126,120000,5.34,5.36,5.26,5.26,899,0
RLP,60,20241126,130000,5.3,5.3,5.3,5.3,300,0
RLP,60,20241126,140000,5.26,5.26,5.26,5.26,117,0
RLP,60,20241126,150000,5.26,5.26,5.22,5.22,1176,0
RLP,60,20241126,170000,5.22,5.28,5.22,5.28,738,0
RLP,60,20241127,100000,5.22,5.22,5.2,5.2,1002,0
RLP,60,20241127,110000,5.2,5.2,5.2,5.2,640,0
RLP,60,20241127,120000,5.18,5.18,5.14,5.14,270,0
RLP,60,20241127,130000,5.16,5.16,4.98,5,6983,0
RLP,60,20241127,140000,5.02,5.14,5.02,5.1,1669,0
RLP,60,20241127,150000,5.02,5.02,5,5,1000,0
RLP,60,20241127,160000,5.04,5.14,5.04,5.14,400,0
RLP,60,20241127,170000,5.14,5.14,5.14,5.14,805,0
RLP,60,20241128,100000,5.14,5.14,5.14,5.14,5,0
RLP,60,20241128,110000,5.14,5.14,5.14,5.14,100,0
RLP,60,20241128,130000,5.12,5.12,5.12,5.12,305,0
RLP,60,20241128,140000,5.12,5.14,5.12,5.14,994,0
RLP,60,20241128,160000,5.14,5.14,5.14,5.14,1076,0
RLP,60,20241128,170000,5.12,5.2,5.12,5.2,10961,0
RLP,60,20241129,100000,5.28,5.32,5.28,5.32,590,0
RLP,60,20241129,120000,5.32,5.32,5.32,5.32,5,0
RLP,60,20241129,130000,5.3,5.3,5.3,5.3,300,0
RLP,60,20241129,140000,5.3,5.3,5.3,5.3,1910,0
RLP,60,20241202,110000,5.28,5.28,5.28,5.28,96,0
RLP,60,20241202,120000,5.28,5.28,5.28,5.28,6,0
RLP,60,20241202,140000,5.16,5.16,5.08,5.08,650,0
RLP,60,20241202,150000,5.14,5.14,5.14,5.14,16,0
RLP,60,20241202,160000,5.12,5.12,5.12,5.12,761,0
RLP,60,20241203,100000,5.14,5.14,5.14,5.14,550,0
RLP,60,20241203,140000,5.12,5.12,5.08,5.08,1479,0
RLP,60,20241203,150000,5.1,5.12,5.1,5.12,1039,0
RLP,60,20241203,170000,5.12,5.12,5.12,5.12,1500,0
RLP,60,20241204,110000,5.2,5.2,5.2,5.2,2299,0
RLP,60,20241204,120000,5.2,5.2,5.12,5.2,2246,0
RLP,60,20241204,130000,5.2,5.2,5.2,5.2,250,0
RLP,60,20241204,160000,5.2,5.2,5.2,5.2,442,0
RLP,60,20241204,170000,5.12,5.12,5.12,5.12,748,0
RLP,60,20241205,100000,5.12,5.12,5.12,5.12,1785,0
RLP,60,20241205,120000,5.12,5.12,5.12,5.12,1000,0
RLP,60,20241205,130000,5.12,5.14,5.12,5.14,15500,0
RLP,60,20241205,140000,5.14,5.18,5.14,5.18,2059,0
RLP,60,20241205,170000,5.2,5.28,5.16,5.28,716,0
RLP,60,20241206,100000,5.2,5.26,5.2,5.26,592,0
RLP,60,20241206,110000,5.26,5.26,5.26,5.26,2,0
RLP,60,20241206,120000,5.26,5.26,5.26,5.26,63,0
RLP,60,20241206,130000,5.26,5.26,5.26,5.26,750,0
RLP,60,20241206,170000,5.26,5.26,5.2,5.2,501,0
RLP,60,20241209,100000,5.3,5.3,5.3,5.3,3,0
RLP,60,20241209,110000,5.3,5.3,5.3,5.3,2,0
RLP,60,20241209,120000,5.28,5.28,5.28,5.28,12,0
RLP,60,20241209,130000,5.16,5.16,5.16,5.16,53,0
RLP,60,20241209,140000,5.28,5.28,5.28,5.28,9,0
RLP,60,20241209,150000,5.2,5.2,5.2,5.2,3,0
RLP,60,20241209,160000,5.18,5.18,5.18,5.18,300,0
RLP,60,20241209,170000,5.18,5.2,5.18,5.2,2873,0
RLP,60,20241210,100000,5.18,5.28,5.14,5.28,407,0
RLP,60,20241210,130000,5.14,5.14,5.14,5.14,200,0
RLP,60,20241210,140000,5.2,5.2,5.2,5.2,644,0
RLP,60,20241210,150000,5.18,5.18,5.18,5.18,600,0
RLP,60,20241210,170000,5.14,5.2,5.12,5.2,1801,0
RLP,60,20241211,110000,5.12,5.2,5.12,5.2,477,0
RLP,60,20241211,120000,5.2,5.2,5.2,5.2,3,0
RLP,60,20241211,130000,5.14,5.2,5.12,5.12,5272,0
RLP,60,20241211,160000,5.12,5.12,5.12,5.12,1312,0
RLP,60,20241211,170000,5.12,5.14,5.12,5.14,6398,0
RLP,60,20241212,100000,5.12,5.18,5.12,5.18,6554,0
RLP,60,20241212,120000,5.18,5.18,5.18,5.18,10,0
RLP,60,20241212,130000,5.12,5.12,5.12,5.12,1385,0
RLP,60,20241212,140000,5.12,5.12,5.12,5.12,2061,0
RLP,60,20241212,160000,5.14,5.14,5.14,5.14,4,0
RLP,60,20241212,170000,5.12,5.12,5.12,5.12,100,0
RLP,60,20241213,110000,5.12,5.18,5.12,5.18,9140,0
RLP,60,20241213,130000,5.18,5.18,5.18,5.18,10,0
RLP,60,20241213,160000,5.18,5.18,5.18,5.18,100,0
RLP,60,20241213,170000,5.18,5.18,5.18,5.18,15,0
RLP,60,20241216,100000,5.18,5.18,5.12,5.12,465,0
RLP,60,20241216,110000,5.12,5.12,5.12,5.12,10,0
RLP,60,20241216,120000,5.12,5.12,5.12,5.12,577,0
RLP,60,20241216,130000,5.12,5.12,5.12,5.12,714,0
RLP,60,20241216,150000,5.14,5.14,5.12,5.14,1784,0
RLP,60,20241216,160000,5.14,5.14,5.12,5.14,518,0
RLP,60,20241216,170000,5.14,5.14,5.14,5.14,8820,0
RLP,60,20241217,100000,5.18,5.18,5.12,5.12,907,0
RLP,60,20241217,120000,5.12,5.18,5.12,5.18,19125,0
RLP,60,20241217,130000,5.18,5.18,5.18,5.18,437,0
RLP,60,20241217,140000,5.18,5.2,5.18,5.2,1000,0
RLP,60,20241217,150000,5.18,5.28,5.16,5.28,398,0
RLP,60,20241217,160000,5.2,5.24,5.16,5.24,18997,0
RLP,60,20241218,100000,5.24,5.24,5.18,5.18,151,0
RLP,60,20241218,110000,5.18,5.18,5.12,5.16,3198,0
RLP,60,20241218,120000,5.14,5.22,5.12,5.22,1214,0
RLP,60,20241218,130000,5.22,5.22,5.22,5.22,110,0
RLP,60,20241218,150000,5.14,5.14,5.14,5.14,4500,0
RLP,60,20241218,160000,5.22,5.22,5.22,5.22,6,0
RLP,60,20241218,170000,5.16,5.22,5.14,5.22,313,0
RLP,60,20241219,100000,5.22,5.22,5.12,5.12,4949,0
RLP,60,20241219,110000,5.12,5.2,5.12,5.2,1828,0
RLP,60,20241219,120000,5.2,5.2,5.2,5.2,5,0
RLP,60,20241219,130000,5.12,5.2,5.12,5.2,6082,0
RLP,60,20241219,140000,5.12,5.2,5.12,5.2,1009,0
RLP,60,20241219,150000,5.12,5.14,5.12,5.12,1075,0
RLP,60,20241219,170000,5.12,5.14,5.12,5.14,3705,0
RLP,60,20241220,100000,5.12,5.2,5.12,5.18,3140,0
RLP,60,20241220,110000,5.12,5.22,5.12,5.2,1730,0
RLP,60,20241220,130000,5.14,5.2,5.14,5.14,421,0
RLP,60,20241220,140000,5.14,5.14,5.12,5.12,1102,0
RLP,60,20241220,150000,5.14,5.18,5.14,5.18,2381,0
RLP,60,20241220,160000,5.14,5.2,5.14,5.2,20,0
RLP,60,20241220,170000,5.14,5.2,5.12,5.16,810,0
RLP,60,20241223,100000,5.12,5.16,5.12,5.16,3733,0
RLP,60,20241223,110000,5.12,5.14,5.12,5.14,1085,0
RLP,60,20241223,120000,5.12,5.14,5.12,5.12,3000,0
RLP,60,20241223,130000,5.12,5.14,5.12,5.14,2601,0
RLP,60,20241223,140000,5.12,5.16,5.12,5.16,1151,0
RLP,60,20241223,150000,5.16,5.2,5.12,5.14,2405,0
RLP,60,20241223,160000,5.14,5.24,5.14,5.24,45877,0
RLP,60,20241223,170000,5.2,5.28,5.2,5.28,218,0
RLP,60,20241227,100000,5.28,5.28,5.28,5.28,5,0
RLP,60,20241227,160000,5.14,5.14,5.12,5.12,1505,0
RLP,60,20241227,170000,5.12,5.28,5.12,5.28,843,0
RLP,60,20241230,100000,5.12,5.26,5.12,5.12,62,0
RLP,60,20241230,110000,5.26,5.28,5.26,5.28,1000,0
RLP,60,20241230,130000,5.26,5.26,5.26,5.26,500,0
RLP,60,20250102,100000,5.14,5.26,5.14,5.26,800,0
RLP,60,20250102,110000,5.34,5.4,5.34,5.4,4,0
RLP,60,20250102,120000,5.26,5.26,5.26,5.26,50,0
RLP,60,20250102,140000,5.16,5.16,5.14,5.14,153,0
RLP,60,20250102,150000,5.14,5.14,5.14,5.14,47,0
RLP,60,20250102,160000,5.26,5.4,5.26,5.4,268,0
RLP,60,20250102,170000,5.42,5.44,5.42,5.44,4,0
RLP,60,20250103,160000,5.4,5.5,5.4,5.5,288,0
RLP,60,20250103,170000,5.5,5.56,5.5,5.56,487,0
RLP,60,20250107,100000,5.56,5.56,5.56,5.56,667,0
RLP,60,20250107,130000,5.5,5.56,5.5,5.56,60,0
RLP,60,20250107,150000,5.36,5.36,5.3,5.3,60,0
RLP,60,20250107,160000,5.38,5.38,5.38,5.38,2,0
RLP,60,20250107,170000,5.22,5.54,5.22,5.54,303,0
RLP,60,20250108,110000,5.5,5.62,5.5,5.62,833,0
RLP,60,20250108,160000,5.58,5.58,5.58,5.58,250,0
RLP,60,20250109,120000,5.58,5.6,5.58,5.6,140,0
RLP,60,20250109,150000,5.6,5.6,5.6,5.6,10,0
RLP,60,20250110,130000,5.42,5.6,5.4,5.6,3000,0
RLP,60,20250110,170000,5.42,5.58,5.42,5.58,142,0
RLP,60,20250113,130000,5.56,5.56,5.56,5.56,100,0
RLP,60,20250114,100000,5.4,5.4,5.4,5.4,299,0
RLP,60,20250114,120000,5.4,5.4,5.36,5.36,140,0
RLP,60,20250114,130000,5.48,5.48,5.48,5.48,224,0
RLP,60,20250114,140000,5.5,5.5,5.5,5.5,20,0
RLP,60,20250115,100000,5.36,5.36,5.36,5.36,862,0
RLP,60,20250115,120000,5.36,5.36,5.36,5.36,574,0
RLP,60,20250115,130000,5.4,5.42,5.4,5.42,487,0
RLP,60,20250115,160000,5.48,5.48,5.48,5.48,40,0
RLP,60,20250115,170000,5.42,5.48,5.42,5.48,202,0
RLP,60,20250116,130000,5.36,5.36,5.3,5.3,1174,0
RLP,60,20250116,140000,5.3,5.42,5.14,5.42,6027,0
RLP,60,20250117,100000,5.42,5.48,5.24,5.24,396,0
RLP,60,20250117,110000,5.2,5.2,5.18,5.18,35,0
RLP,60,20250117,120000,5.18,5.4,5.14,5.4,14833,0
RLP,60,20250117,160000,5.34,5.38,5.34,5.38,310,0
RLP,60,20250117,170000,5.18,5.38,5.18,5.38,10,0
RLP,60,20250120,100000,5.38,5.5,5.38,5.38,2005,0
RLP,60,20250120,120000,5.36,5.36,5.36,5.36,44,0
RLP,60,20250120,130000,5.36,5.36,5.36,5.36,300,0
RLP,60,20250120,140000,5.36,5.36,5.36,5.36,156,0
RLP,60,20250120,170000,5.36,5.36,5.36,5.36,144,0
RLP,60,20250121,100000,5.4,5.4,5.4,5.4,30,0
RLP,60,20250121,130000,5.38,5.38,5.38,5.38,123,0
RLP,60,20250121,160000,5.28,5.28,5.24,5.24,29,0
RLP,60,20250122,100000,5.3,5.3,5.3,5.3,2,0
RLP,60,20250122,110000,5.3,5.32,5.3,5.32,300,0
RLP,60,20250122,140000,5.26,5.26,5.26,5.26,251,0
RLP,60,20250122,160000,5.28,5.32,5.28,5.32,400,0
RLP,60,20250123,100000,5.3,5.3,5.3,5.3,3,0
RLP,60,20250123,110000,5.3,5.3,5.3,5.3,5,0
RLP,60,20250123,120000,5.22,5.22,5.22,5.22,350,0
RLP,60,20250123,130000,5.22,5.22,5.14,5.14,2551,0
RLP,60,20250123,140000,5.14,5.14,5.12,5.12,1391,0
RLP,60,20250123,160000,5.16,5.16,5.16,5.16,3,0
RLP,60,20250123,170000,5.16,5.26,5.14,5.26,1215,0
RLP,60,20250124,100000,5.14,5.14,5.14,5.14,960,0
RLP,60,20250124,110000,5.26,5.26,5.26,5.26,19,0
RLP,60,20250124,120000,5.26,5.28,5.26,5.28,305,0
RLP,60,20250124,130000,5.2,5.2,5.2,5.2,50,0
RLP,60,20250124,140000,5.2,5.2,5.2,5.2,4,0
RLP,60,20250124,170000,5.18,5.18,5.14,5.14,337,0
RLP,60,20250127,150000,5.16,5.16,5.16,5.16,46,0
RLP,60,20250128,100000,5.2,5.2,5.18,5.18,593,0
RLP,60,20250128,170000,5.18,5.26,5.14,5.26,1080,0
RLP,60,20250129,110000,5.28,5.28,5.28,5.28,19,0
RLP,60,20250129,120000,5.28,5.32,5.28,5.32,550,0
RLP,60,20250129,130000,5.2,5.2,5.2,5.2,48,0
RLP,60,20250129,140000,5.36,5.38,5.36,5.38,105,0
RLP,60,20250130,100000,5.38,5.38,5.38,5.38,22,0
RLP,60,20250131,110000,5.24,5.3,5.24,5.3,617,0
RLP,60,20250131,120000,5.22,5.22,5.22,5.22,5,0
RLP,60,20250131,140000,5.22,5.22,5.2,5.2,1684,0
RLP,60,20250131,160000,5.3,5.3,5.3,5.3,5,0
RLP,60,20250131,170000,5.22,5.28,5.2,5.28,586,0
RLP,60,20250203,100000,5.28,5.3,5.16,5.16,3020,0
RLP,60,20250203,110000,5.18,5.18,5.14,5.14,2488,0
RLP,60,20250203,120000,5.16,5.16,5.12,5.12,2000,0
RLP,60,20250203,160000,5.24,5.24,5.24,5.24,2,0
RLP,60,20250204,100000,5.24,5.24,5.14,5.14,1559,0
RLP,60,20250204,110000,5.14,5.14,5.14,5.14,25,0
RLP,60,20250204,130000,5.26,5.26,5.26,5.26,100,0
RLP,60,20250205,100000,5.18,5.24,5.18,5.24,533,0
RLP,60,20250205,110000,5.18,5.18,5.18,5.18,400,0
RLP,60,20250205,150000,5.24,5.24,5.24,5.24,5,0
RLP,60,20250205,160000,5.2,5.2,5.2,5.2,5,0
RLP,60,20250206,100000,5.2,5.44,5.2,5.42,3815,0
RLP,60,20250206,110000,5.42,5.42,5.36,5.36,1097,0
RLP,60,20250206,120000,5.42,5.42,5.36,5.36,5,0
RLP,60,20250206,130000,5.36,5.46,5.36,5.46,1614,0
RLP,60,20250206,140000,5.46,5.52,5.38,5.38,3786,0
RLP,60,20250206,150000,5.5,5.5,5.2,5.2,4607,0
RLP,60,20250206,160000,5.5,5.5,5.5,5.5,42,0
RLP,60,20250206,170000,5.5,5.64,5.5,5.64,7830,0
RLP,60,20250207,100000,5.62,5.62,5.5,5.58,1893,0
RLP,60,20250207,110000,5.5,5.54,5.5,5.54,1520,0
RLP,60,20250207,130000,5.58,5.6,5.58,5.58,3330,0
RLP,60,20250207,150000,5.58,5.58,5.58,5.58,73,0
RLP,60,20250210,110000,5.52,5.52,5.52,5.52,100,0
RLP,60,20250210,120000,5.56,5.56,5.4,5.5,1584,0
RLP,60,20250210,130000,5.44,5.5,5.42,5.5,1000,0
RLP,60,20250210,140000,5.5,5.5,5.5,5.5,216,0
RLP,60,20250210,150000,5.56,5.56,5.56,5.56,2,0
RLP,60,20250211,100000,5.56,5.64,5.56,5.62,3135,0
RLP,60,20250211,110000,5.62,5.64,5.5,5.52,866,0
RLP,60,20250211,140000,5.62,5.62,5.62,5.62,2,0
RLP,60,20250211,150000,5.62,5.64,5.62,5.64,648,0
RLP,60,20250211,160000,5.66,5.66,5.66,5.66,4,0
RLP,60,20250211,170000,5.66,5.68,5.66,5.68,450,0
RLP,60,20250212,130000,5.56,5.56,5.54,5.54,392,0
RLP,60,20250212,150000,5.64,5.68,5.64,5.68,533,0
RLP,60,20250213,100000,5.7,5.84,5.7,5.84,2777,0
RLP,60,20250213,110000,5.8,5.8,5.66,5.8,409,0
RLP,60,20250213,120000,5.8,5.8,5.8,5.8,135,0
RLP,60,20250213,130000,5.64,5.64,5.64,5.64,509,0
RLP,60,20250213,150000,5.68,5.7,5.68,5.7,404,0
RLP,60,20250213,160000,5.7,5.7,5.7,5.7,46,0
RLP,60,20250214,120000,5.62,5.62,5.62,5.62,73,0
RLP,60,20250214,140000,5.64,5.64,5.62,5.62,400,0
RLP,60,20250214,160000,5.7,5.7,5.7,5.7,4,0
RLP,60,20250214,170000,5.7,5.72,5.7,5.72,2,0
RLP,60,20250217,100000,5.72,5.72,5.72,5.72,5,0
RLP,60,20250217,120000,5.68,5.68,5.68,5.68,300,0
RLP,60,20250217,140000,5.64,5.64,5.64,5.64,1,0
RLP,60,20250217,160000,5.64,5.64,5.64,5.64,8,0
RLP,60,20250218,100000,5.68,5.8,5.68,5.8,1032,0
RLP,60,20250218,110000,5.68,5.68,5.68,5.68,2,0
RLP,60,20250218,120000,5.68,5.68,5.68,5.68,10,0
RLP,60,20250218,150000,5.68,5.68,5.68,5.68,300,0
RLP,60,20250218,170000,5.78,5.78,5.78,5.78,2,0
RLP,60,20250219,100000,5.78,5.78,5.78,5.78,46,0
RLP,60,20250219,110000,5.7,5.7,5.66,5.66,550,0
RLP,60,20250219,120000,5.66,5.66,5.66,5.66,284,0
RLP,60,20250219,130000,5.62,5.62,5.6,5.6,640,0
RLP,60,20250219,170000,5.62,5.62,5.6,5.6,458,0
RLP,60,20250220,110000,5.66,5.66,5.66,5.66,254,0
RLP,60,20250221,170000,5.58,5.62,5.54,5.62,405,0
RLP,60,20250224,110000,5.56,5.56,5.56,5.56,33,0
RLP,60,20250224,150000,5.6,5.6,5.6,5.6,4,0
RLP,60,20250225,100000,5.6,5.6,5.6,5.6,117,0
RLP,60,20250225,120000,5.52,5.52,5.52,5.52,670,0
RLP,60,20250226,100000,5.52,5.52,5.52,5.52,27,0
RLP,60,20250226,110000,5.58,5.58,5.58,5.58,400,0
RLP,60,20250226,140000,5.54,5.54,5.54,5.54,15,0
RLP,60,20250226,150000,5.54,5.54,5.54,5.54,145,0
RLP,60,20250227,100000,5.52,5.52,5.52,5.52,400,0
RLP,60,20250227,110000,5.52,5.52,5.52,5.52,9,0
RLP,60,20250227,120000,5.58,5.58,5.58,5.58,1000,0
RLP,60,20250228,130000,5.52,5.6,5.5,5.5,1617,0
RLP,60,20250228,140000,5.6,5.6,5.5,5.5,26,0
RLP,60,20250228,160000,5.5,5.5,5.5,5.5,470,0
RLP,60,20250228,170000,5.5,5.5,5.5,5.5,930,0
RLP,60,20250303,140000,5.5,5.5,5.5,5.5,525,0
RLP,60,20250303,170000,5.58,5.6,5.58,5.6,14,0
RLP,60,20250304,100000,5.6,5.6,5.48,5.48,179,0
RLP,60,20250304,110000,5.5,5.5,5.4,5.4,393,0
RLP,60,20250304,120000,5.32,5.34,5.24,5.34,215,0
RLP,60,20250304,130000,5.34,5.48,5.34,5.48,14,0
RLP,60,20250304,160000,5.32,5.32,5.26,5.26,449,0
RLP,60,20250305,100000,5.4,5.42,5.4,5.42,660,0
RLP,60,20250305,110000,5.42,5.48,5.42,5.48,3,0
RLP,60,20250305,120000,5.42,5.42,5.42,5.42,2000,0
RLP,60,20250305,130000,5.42,5.42,5.42,5.42,125,0
RLP,60,20250305,150000,5.42,5.42,5.42,5.42,152,0
RLP,60,20250305,160000,5.48,5.6,5.48,5.6,70,0
RLP,60,20250307,110000,5.5,5.5,5.42,5.42,1209,0
RLP,60,20250310,100000,5.42,5.52,5.42,5.52,210,0
RLP,60,20250310,120000,5.48,5.48,5.48,5.48,290,0
RLP,60,20250310,140000,5.42,5.42,5.42,5.42,1099,0
RLP,60,20250310,160000,5.4,5.4,5.4,5.4,270,0
RLP,60,20250310,170000,5.48,5.48,5.48,5.48,1,0
RLP,60,20250311,100000,5.34,5.46,5.34,5.46,251,0
RLP,60,20250311,120000,5.46,5.46,5.46,5.46,3,0
RLP,60,20250312,100000,5.42,5.44,5.42,5.44,657,0
RLP,60,20250312,120000,5.42,5.42,5.42,5.42,394,0
RLP,60,20250312,150000,5.42,5.42,5.42,5.42,206,0
RLP,60,20250312,160000,5.42,5.42,5.42,5.42,14,0
RLP,60,20250313,100000,5.3,5.48,5.3,5.48,390,0
RLP,60,20250313,150000,5.28,5.28,5.28,5.28,106,0
RLP,60,20250313,160000,5.36,5.38,5.36,5.38,5,0
RLP,60,20250314,100000,5.44,5.5,5.44,5.5,275,0
RLP,60,20250314,110000,5.5,5.5,5.5,5.5,995,0
RLP,60,20250314,130000,5.4,5.4,5.4,5.4,2,0
RLP,60,20250314,170000,5.34,5.34,5.32,5.32,951,0
RLP,60,20250317,100000,5.32,5.32,5.32,5.32,323,0
RLP,60,20250317,110000,5.36,5.36,5.36,5.36,253,0
RLP,60,20250317,120000,5.32,5.36,5.32,5.36,854,0
RLP,60,20250317,130000,5.36,5.36,5.36,5.36,175,0
RLP,60,20250317,140000,5.32,5.32,5.32,5.32,36,0
RLP,60,20250317,160000,5.32,5.32,5.32,5.32,18,0
RLP,60,20250318,100000,5.28,5.34,5.24,5.24,3905,0
RLP,60,20250318,110000,5.3,5.34,5.3,5.34,1811,0
RLP,60,20250318,130000,5.34,5.34,5.34,5.34,280,0
RLP,60,20250318,160000,5.34,5.34,5.34,5.34,280,0
RLP,60,20250319,100000,5.34,5.34,5.34,5.34,3714,0
RLP,60,20250319,130000,5.34,5.34,5.34,5.34,280,0
RLP,60,20250319,140000,5.34,5.34,5.34,5.34,1448,0
RLP,60,20250319,150000,5.34,5.34,5.24,5.24,1630,0
RLP,60,20250320,100000,5.3,5.38,5.3,5.34,1300,0
RLP,60,20250320,120000,5.34,5.34,5.34,5.34,16,0
RLP,60,20250320,150000,5.34,5.34,5.32,5.32,300,0
RLP,60,20250321,100000,5.32,5.32,5.32,5.32,54,0
RLP,60,20250321,140000,5.32,5.32,5.32,5.32,300,0
RLP,60,20250324,100000,5.32,5.32,5.32,5.32,100,0
RLP,60,20250324,110000,5.34,5.44,5.28,5.44,1501,0
RLP,60,20250324,170000,5.38,5.38,5.38,5.38,33,0
RLP,60,20250325,100000,5.36,5.36,5.36,5.36,600,0
RLP,60,20250325,120000,5.36,5.36,5.36,5.36,1050,0
RLP,60,20250325,170000,5.34,5.34,5.3,5.3,3,0
RLP,60,20250326,100000,5.3,5.3,5.3,5.3,32,0
RLP,60,20250326,110000,5.3,5.3,5.3,5.3,2231,0
RLP,60,20250326,130000,5.36,5.38,5.36,5.38,45,0
RLP,60,20250327,100000,5.3,5.3,5.28,5.28,20,0
RLP,60,20250327,110000,5.38,5.38,5.38,5.38,45,0
RLP,60,20250327,140000,5.32,5.32,5.3,5.3,50,0
RLP,60,20250327,160000,5.3,5.3,5.26,5.26,350,0
RLP,60,20250327,170000,5.34,5.34,5.34,5.34,1,0
RLP,60,20250328,100000,5.3,5.3,5.3,5.3,471,0
RLP,60,20250328,110000,5.3,5.3,5.3,5.3,500,0
RLP,60,20250328,130000,5.28,5.28,5.28,5.28,25,0
RLP,60,20250328,140000,5.26,5.26,5.26,5.26,1292,0
RLP,60,20250328,150000,5.28,5.34,5.26,5.34,379,0
RLP,60,20250328,160000,5.28,5.28,5.28,5.28,500,0
RLP,60,20250328,170000,5.28,5.28,5.26,5.26,714,0
RLP,60,20250331,140000,5.26,5.28,5.26,5.28,163,0
RLP,60,20250331,160000,5.3,5.3,5.3,5.3,1000,0
RLP,60,20250401,110000,5.32,5.34,5.32,5.34,2699,0
RLP,60,20250401,140000,5.36,5.36,5.36,5.36,190,0
RLP,60,20250401,170000,5.32,5.32,5.32,5.32,1654,0
RLP,60,20250402,120000,5.32,5.32,5.3,5.32,2858,0
RLP,60,20250402,130000,5.3,5.3,5.3,5.3,1000,0
RLP,60,20250402,150000,5.3,5.3,5.3,5.3,546,0
RLP,60,20250403,100000,5.3,5.3,5.26,5.26,3477,0
RLP,60,20250403,110000,5.3,5.3,5.26,5.26,3600,0
RLP,60,20250403,120000,5.28,5.28,5.28,5.28,140,0
RLP,60,20250403,130000,5.36,5.38,5.3,5.38,2064,0
RLP,60,20250403,140000,5.32,5.32,5.2,5.2,14630,0
RLP,60,20250403,150000,5.24,5.36,5.24,5.26,44,0
RLP,60,20250403,170000,5.3,5.3,5.3,5.3,216,0
RLP,60,20250404,110000,5.28,5.28,5.28,5.28,200,0
RLP,60,20250404,120000,5.28,5.28,5.28,5.28,696,0
RLP,60,20250404,130000,5.24,5.24,5.24,5.24,300,0
RLP,60,20250404,140000,5.22,5.36,5.22,5.24,2354,0
RLP,60,20250404,170000,5.24,5.36,5.24,5.36,597,0
RLP,60,20250407,100000,5.24,5.24,5.12,5.14,14405,0
RLP,60,20250407,110000,5.14,5.22,5.14,5.22,390,0
RLP,60,20250407,150000,5.22,5.22,5.22,5.22,1086,0
RLP,60,20250407,170000,5.22,5.36,5.16,5.36,1003,0
RLP,60,20250408,100000,5.34,5.36,5.34,5.36,150,0
RLP,60,20250408,140000,5.2,5.2,5.18,5.18,200,0
RLP,60,20250408,150000,5.28,5.28,5.28,5.28,70,0
RLP,60,20250408,170000,5.2,5.2,5.2,5.2,2,0
RLP,60,20250409,120000,5.2,5.2,5.12,5.18,44003,0
RLP,60,20250409,130000,5.22,5.22,5.22,5.22,4,0
RLP,60,20250409,140000,5.14,5.14,5.12,5.12,3515,0
RLP,60,20250409,150000,5.12,5.12,5.12,5.12,500,0
RLP,60,20250409,160000,5.12,5.12,5.12,5.12,445,0
RLP,60,20250410,100000,5.26,5.3,5.26,5.28,450,0
RLP,60,20250410,130000,5.26,5.36,5.26,5.36,1000,0
RLP,60,20250410,150000,5.32,5.32,5.32,5.32,20,0
RLP,60,20250410,170000,5.28,5.28,5.28,5.28,250,0
RLP,60,20250411,110000,5.24,5.24,5.24,5.24,1,0
RLP,60,20250411,120000,5.18,5.18,5.18,5.18,74,0
RLP,60,20250411,130000,5.16,5.16,5.16,5.16,125,0
RLP,60,20250411,160000,5.16,5.22,5.12,5.22,1299,0
RLP,60,20250411,170000,5.12,5.14,5.12,5.12,2306,0
RLP,60,20250414,100000,5.16,5.16,5.16,5.16,400,0
RLP,60,20250414,110000,5.32,5.32,5.32,5.32,10,0
RLP,60,20250414,140000,5.22,5.26,5.22,5.26,1000,0
RLP,60,20250415,110000,5.18,5.18,5.18,5.18,9,0
RLP,60,20250415,120000,5.16,5.18,5.16,5.18,575,0
RLP,60,20250415,130000,5.18,5.18,5.18,5.18,9,0
RLP,60,20250415,150000,5.16,5.16,5.12,5.12,1638,0
RLP,60,20250415,170000,5.18,5.18,5.18,5.18,3,0
RLP,60,20250416,100000,5.12,5.12,5.12,5.12,1886,0
RLP,60,20250416,110000,5.12,5.12,5.12,5.12,9,0
RLP,60,20250416,150000,5.16,5.16,5.16,5.16,2,0
RLP,60,20250416,160000,5.12,5.12,5.12,5.12,200,0
RLP,60,20250417,100000,5.12,5.16,5.12,5.16,607,0
RLP,60,20250417,110000,5.16,5.18,5.16,5.18,497,0
RLP,60,20250417,160000,5.18,5.18,5.16,5.16,200,0
RLP,60,20250417,170000,5.24,5.24,5.24,5.24,1,0
RLP,60,20250422,100000,5.18,5.18,5.12,5.12,4107,0
RLP,60,20250422,110000,5.12,5.26,5.12,5.12,10521,0
RLP,60,20250422,120000,5.14,5.14,5.12,5.12,727,0
RLP,60,20250422,130000,5.18,5.24,5.12,5.12,220,0
RLP,60,20250422,140000,5.16,5.16,5.16,5.16,2,0
RLP,60,20250422,150000,5.14,5.14,5.12,5.12,6000,0
RLP,60,20250422,160000,5.16,5.22,5.16,5.22,100,0
RLP,60,20250422,170000,5.22,5.22,5.2,5.2,6461,0
RLP,60,20250423,100000,5.22,5.26,5.18,5.2,664,0
RLP,60,20250423,150000,5.2,5.2,5.2,5.2,48,0
RLP,60,20250423,160000,5.24,5.24,5.24,5.24,2,0
RLP,60,20250423,170000,5.2,5.26,5.18,5.26,1030,0
RLP,60,20250424,130000,5.26,5.26,5.26,5.26,40,0
RLP,60,20250424,150000,5.26,5.26,5.26,5.26,200,0
RLP,60,20250424,160000,5.26,5.26,5.26,5.26,200,0
RLP,60,20250425,100000,5.2,5.2,5.2,5.2,190,0
RLP,60,20250425,110000,5.2,5.2,5.2,5.2,9300,0
RLP,60,20250425,170000,5.2,5.24,5.2,5.24,559,0
RLP,60,20250428,100000,5.2,5.2,5.2,5.2,90,0
RLP,60,20250428,110000,5.2,5.2,5.12,5.12,23516,0
RLP,60,20250428,120000,5.1,5.1,5.1,5.1,302,0
RLP,60,20250428,130000,5.1,5.1,5.1,5.1,888,0
RLP,60,20250428,140000,5.1,5.16,5.1,5.12,702,0
RLP,60,20250428,150000,5.12,5.12,5.12,5.12,100,0
RLP,60,20250429,100000,5.1,5.22,5.06,5.06,4229,0
RLP,60,20250429,110000,5.06,5.06,5.06,5.06,60,0
RLP,60,20250429,120000,5.08,5.08,5.08,5.08,1,0
RLP,60,20250429,130000,5.1,5.12,5.1,5.12,1804,0
RLP,60,20250429,140000,5.12,5.12,5.12,5.12,480,0
RLP,60,20250429,150000,5.12,5.12,5.12,5.12,21,0
RLP,60,20250429,160000,5.12,5.12,5.1,5.1,700,0
RLP,60,20250429,170000,5.04,5.22,5.04,5.22,1226,0
RLP,60,20250430,110000,5.16,5.16,5.16,5.16,100,0
RLP,60,20250430,130000,5.16,5.2,5.16,5.16,485,0
RLP,60,20250430,140000,5.2,5.24,5.2,5.24,300,0
RLP,60,20250502,110000,5.2,5.2,5.14,5.2,430,0
RLP,60,20250502,130000,5.2,5.2,5.2,5.2,2004,0
RLP,60,20250502,140000,5.12,5.12,5.12,5.12,498,0
RLP,60,20250505,100000,5.2,5.22,5.12,5.12,10100,0
RLP,60,20250505,110000,5.14,5.48,5.14,5.48,2941,0
RLP,60,20250505,120000,5.46,5.46,5.34,5.34,502,0
RLP,60,20250505,130000,5.26,5.32,5.24,5.24,1008,0
RLP,60,20250505,140000,5.2,5.24,5.2,5.24,2004,0
RLP,60,20250505,150000,5.24,5.28,5.24,5.28,250,0
RLP,60,20250505,160000,5.22,5.28,5.22,5.28,1140,0
RLP,60,20250505,170000,5.3,5.42,5.28,5.4,3930,0
RLP,60,20250506,100000,5.4,5.4,5.4,5.4,1200,0
RLP,60,20250506,110000,5.42,5.42,5.24,5.26,242,0
RLP,60,20250506,130000,5.28,5.28,5.28,5.28,500,0
RLP,60,20250506,140000,5.28,5.3,5.28,5.3,164,0
RLP,60,20250506,160000,5.34,5.34,5.34,5.34,300,0
RLP,60,20250506,170000,5.3,5.3,5.3,5.3,204,0
