<TICKER>,<PER>,<DATE>,<TIME>,<OPEN>,<HIGH>,<LOW>,<CLOSE>,<VOL>,<OPENINT>
RNK,60,20240411,100000,3.71,3.74,3.67,3.74,2224,0
RNK,60,20240411,110000,3.7,3.73,3.7,3.73,1001,0
RNK,60,20240411,130000,3.71,3.73,3.69,3.73,839,0
RNK,60,20240411,150000,3.73,3.73,3.73,3.73,600,0
RNK,60,20240411,160000,3.7,3.7,3.69,3.69,7000,0
RNK,60,20240411,170000,3.73,3.73,3.73,3.73,5,0
RNK,60,20240412,100000,3.72,3.77,3.7,3.77,2776,0
RNK,60,20240412,110000,3.77,3.77,3.72,3.73,137,0
RNK,60,20240412,120000,3.77,3.78,3.74,3.77,2949,0
RNK,60,20240412,130000,3.74,3.79,3.73,3.74,3791,0
RNK,60,20240412,140000,3.79,3.8,3.79,3.8,9128,0
RNK,60,20240412,150000,3.83,3.84,3.78,3.78,2102,0
RNK,60,20240412,160000,3.82,3.82,3.82,3.82,321,0
RNK,60,20240412,170000,3.82,3.85,3.78,3.85,5304,0
RNK,60,20240415,100000,3.89,3.89,3.82,3.82,3173,0
RNK,60,20240415,110000,3.89,4.06,3.84,3.9,26153,0
RNK,60,20240415,120000,4,4.08,4,4.04,31373,0
RNK,60,20240415,130000,4,4.04,4,4.04,5278,0
RNK,60,20240415,140000,3.96,3.96,3.95,3.95,1096,0
RNK,60,20240415,150000,4.02,4.03,3.98,4.02,4574,0
RNK,60,20240415,160000,4.03,4.03,3.97,3.97,2038,0
RNK,60,20240415,170000,4,4.08,4,4.07,18620,0
RNK,60,20240416,100000,4.02,4.05,3.91,3.95,26095,0
RNK,60,20240416,110000,3.95,3.96,3.91,3.96,2210,0
RNK,60,20240416,120000,3.94,3.94,3.94,3.94,616,0
RNK,60,20240416,130000,3.94,3.95,3.88,3.95,2205,0
RNK,60,20240416,160000,3.91,3.95,3.9,3.9,1160,0
RNK,60,20240416,170000,3.95,3.95,3.88,3.88,2345,0
RNK,60,20240417,100000,3.88,4.04,3.88,3.99,13639,0
RNK,60,20240417,110000,3.99,3.99,3.98,3.99,1359,0
RNK,60,20240417,120000,3.99,3.99,3.93,3.99,904,0
RNK,60,20240417,140000,3.99,3.99,3.9,3.99,4348,0
RNK,60,20240417,150000,3.98,3.98,3.98,3.98,1000,0
RNK,60,20240417,160000,3.99,4.04,3.98,4.04,10706,0
RNK,60,20240417,170000,4.03,4.04,3.91,3.98,2355,0
RNK,60,20240418,100000,4,4,3.98,3.98,2120,0
RNK,60,20240418,110000,4.03,4.03,4.03,4.03,100,0
RNK,60,20240418,120000,3.96,3.96,3.96,3.96,1010,0
RNK,60,20240418,140000,3.97,3.97,3.93,3.93,3626,0
RNK,60,20240418,150000,3.91,3.91,3.91,3.91,11,0
RNK,60,20240418,160000,3.93,3.93,3.91,3.91,758,0
RNK,60,20240418,170000,3.91,4,3.91,3.91,4284,0
RNK,60,20240419,100000,4,4,4,4,9,0
RNK,60,20240419,110000,4,4,3.86,3.99,2851,0
RNK,60,20240419,120000,3.87,3.99,3.87,3.99,1010,0
RNK,60,20240419,130000,3.88,4,3.87,3.88,71,0
RNK,60,20240419,140000,3.99,4,3.88,4,1064,0
RNK,60,20240419,160000,3.98,3.98,3.98,3.98,862,0
RNK,60,20240419,170000,3.88,3.98,3.86,3.98,2031,0
RNK,60,20240422,100000,4,4,3.96,4,6743,0
RNK,60,20240422,110000,3.92,4,3.92,4,1199,0
RNK,60,20240422,120000,3.88,3.99,3.88,3.99,524,0
RNK,60,20240422,130000,3.91,3.99,3.9,3.92,3425,0
RNK,60,20240422,140000,3.92,3.92,3.91,3.92,4450,0
RNK,60,20240422,150000,3.93,3.99,3.92,3.95,901,0
RNK,60,20240422,160000,3.94,3.94,3.88,3.88,11210,0
RNK,60,20240422,170000,3.88,3.88,3.85,3.88,29077,0
RNK,60,20240423,100000,3.88,3.88,3.76,3.76,10680,0
RNK,60,20240423,110000,3.77,3.78,3.76,3.78,2697,0
RNK,60,20240423,120000,3.8,3.8,3.74,3.8,6220,0
RNK,60,20240423,130000,3.79,3.8,3.74,3.74,1172,0
RNK,60,20240423,140000,3.74,3.74,3.73,3.73,1573,0
RNK,60,20240423,150000,3.74,3.79,3.74,3.79,800,0
RNK,60,20240423,160000,3.79,3.8,3.75,3.75,1992,0
RNK,60,20240423,170000,3.8,3.83,3.74,3.83,6664,0
RNK,60,20240424,100000,3.8,3.8,3.8,3.8,2406,0
RNK,60,20240424,110000,3.73,3.8,3.7,3.71,863,0
RNK,60,20240424,120000,3.72,3.8,3.71,3.8,546,0
RNK,60,20240424,130000,3.73,3.73,3.71,3.71,400,0
RNK,60,20240424,140000,3.73,3.73,3.71,3.71,3100,0
RNK,60,20240424,150000,3.78,3.78,3.64,3.64,3374,0
RNK,60,20240424,160000,3.71,3.85,3.65,3.85,3437,0
RNK,60,20240424,170000,3.84,3.86,3.75,3.85,3997,0
RNK,60,20240425,100000,3.83,3.93,3.83,3.93,2705,0
RNK,60,20240425,130000,3.8,3.86,3.79,3.79,5600,0
RNK,60,20240425,140000,3.76,3.79,3.75,3.79,3528,0
RNK,60,20240425,170000,3.72,3.79,3.71,3.78,4188,0
RNK,60,20240426,100000,3.78,3.78,3.78,3.78,1403,0
RNK,60,20240426,110000,3.78,3.78,3.77,3.78,1209,0
RNK,60,20240426,130000,3.78,3.8,3.78,3.8,1250,0
RNK,60,20240426,150000,3.8,3.8,3.8,3.8,1840,0
RNK,60,20240426,160000,3.79,3.79,3.68,3.78,1020,0
RNK,60,20240426,170000,3.79,3.8,3.79,3.8,110,0
RNK,60,20240429,100000,3.8,3.8,3.8,3.8,800,0
RNK,60,20240429,120000,3.74,3.78,3.69,3.78,1003,0
RNK,60,20240429,140000,3.71,3.78,3.71,3.78,288,0
RNK,60,20240429,170000,3.75,3.8,3.75,3.8,1803,0
RNK,60,20240430,100000,3.8,3.85,3.8,3.8,3453,0
RNK,60,20240430,140000,3.76,3.76,3.73,3.73,3145,0
RNK,60,20240430,150000,3.78,3.8,3.78,3.8,22,0
RNK,60,20240430,160000,3.76,3.76,3.76,3.76,516,0
RNK,60,20240430,170000,3.78,3.8,3.75,3.8,1025,0
RNK,60,20240502,120000,3.8,3.89,3.72,3.88,7222,0
RNK,60,20240502,130000,3.84,3.91,3.8,3.91,15822,0
RNK,60,20240502,150000,3.83,3.87,3.8,3.87,31618,0
RNK,60,20240502,160000,3.8,3.87,3.8,3.87,2408,0
RNK,60,20240502,170000,3.8,3.87,3.79,3.87,9203,0
RNK,60,20240506,100000,3.9,3.93,3.8,3.85,9143,0
RNK,60,20240506,110000,3.85,3.87,3.8,3.8,2586,0
RNK,60,20240506,120000,3.85,3.89,3.8,3.89,14701,0
RNK,60,20240506,130000,3.81,3.88,3.8,3.88,37350,0
RNK,60,20240506,140000,3.87,3.87,3.87,3.87,550,0
RNK,60,20240506,150000,3.8,3.87,3.8,3.87,1834,0
RNK,60,20240506,160000,3.85,3.87,3.85,3.87,761,0
RNK,60,20240506,170000,3.81,3.87,3.79,3.87,1943,0
RNK,60,20240507,100000,3.8,3.9,3.8,3.8,4016,0
RNK,60,20240507,110000,3.77,3.89,3.77,3.89,382,0
RNK,60,20240507,120000,3.89,3.89,3.89,3.89,149,0
RNK,60,20240507,130000,3.85,3.88,3.8,3.88,2710,0
RNK,60,20240507,140000,3.81,3.81,3.76,3.76,10653,0
RNK,60,20240507,150000,3.76,3.86,3.76,3.86,101,0
RNK,60,20240507,160000,3.85,3.85,3.85,3.85,35,0
RNK,60,20240507,170000,3.8,3.88,3.8,3.87,1268,0
RNK,60,20240508,100000,3.87,3.87,3.77,3.84,325,0
RNK,60,20240508,110000,3.78,3.84,3.78,3.84,3151,0
RNK,60,20240508,120000,3.83,3.84,3.83,3.84,815,0
RNK,60,20240508,130000,3.79,3.8,3.78,3.78,2381,0
RNK,60,20240508,140000,3.8,3.8,3.8,3.8,3200,0
RNK,60,20240508,150000,3.8,3.8,3.75,3.75,2242,0
RNK,60,20240508,160000,3.75,3.8,3.75,3.8,2900,0
RNK,60,20240508,170000,3.76,3.76,3.7,3.75,4278,0
RNK,60,20240509,100000,3.73,3.79,3.72,3.79,4233,0
RNK,60,20240509,110000,3.73,3.73,3.73,3.73,102,0
RNK,60,20240509,120000,3.74,3.74,3.74,3.74,500,0
RNK,60,20240509,150000,3.74,3.74,3.74,3.74,206,0
RNK,60,20240509,160000,3.74,3.75,3.74,3.75,567,0
RNK,60,20240509,170000,3.79,3.8,3.75,3.76,1003,0
RNK,60,20240510,100000,3.79,3.84,3.79,3.8,9421,0
RNK,60,20240510,110000,3.84,3.84,3.84,3.84,10,0
RNK,60,20240510,120000,3.84,3.84,3.84,3.84,500,0
RNK,60,20240510,140000,3.84,3.88,3.8,3.88,13147,0
RNK,60,20240510,150000,3.8,3.88,3.8,3.88,11089,0
RNK,60,20240510,160000,3.8,3.88,3.8,3.88,511,0
RNK,60,20240510,170000,3.86,3.86,3.86,3.86,514,0
RNK,60,20240513,100000,3.8,3.85,3.79,3.85,5203,0
RNK,60,20240513,110000,3.85,4.05,3.85,4,26558,0
RNK,60,20240513,120000,3.94,3.94,3.9,3.9,3761,0
RNK,60,20240513,130000,3.9,3.9,3.88,3.88,3700,0
RNK,60,20240513,140000,3.89,3.99,3.87,3.87,2954,0
RNK,60,20240513,150000,3.87,3.94,3.79,3.94,15934,0
RNK,60,20240513,160000,3.81,3.89,3.79,3.89,151,0
RNK,60,20240513,170000,3.81,3.89,3.78,3.86,14525,0
RNK,60,20240514,100000,3.8,3.85,3.8,3.85,6810,0
RNK,60,20240514,110000,3.85,3.85,3.8,3.8,2455,0
RNK,60,20240514,120000,3.8,3.83,3.79,3.8,6479,0
RNK,60,20240514,130000,3.8,3.8,3.8,3.8,550,0
RNK,60,20240514,140000,3.83,3.85,3.83,3.85,6368,0
RNK,60,20240514,150000,3.85,3.85,3.79,3.85,14035,0
RNK,60,20240514,170000,3.8,3.85,3.77,3.8,30630,0
RNK,60,20240515,100000,3.77,3.8,3.77,3.8,6449,0
RNK,60,20240515,110000,3.77,3.8,3.77,3.8,555,0
RNK,60,20240515,120000,3.8,3.8,3.8,3.8,3930,0
RNK,60,20240515,130000,3.8,3.8,3.8,3.8,549,0
RNK,60,20240515,140000,3.8,3.8,3.8,3.8,4807,0
RNK,60,20240515,160000,3.78,3.78,3.78,3.78,4,0
RNK,60,20240515,170000,3.8,3.8,3.76,3.76,2726,0
RNK,60,20240516,100000,3.76,3.8,3.76,3.77,9744,0
RNK,60,20240516,110000,3.78,3.78,3.77,3.77,2360,0
RNK,60,20240516,120000,3.8,3.8,3.77,3.77,3056,0
RNK,60,20240516,130000,3.77,3.77,3.77,3.77,680,0
RNK,60,20240516,150000,3.83,3.83,3.77,3.83,27,0
RNK,60,20240516,160000,3.77,3.8,3.76,3.76,2560,0
RNK,60,20240516,170000,3.77,3.77,3.77,3.77,5,0
RNK,60,20240517,100000,3.8,3.8,3.8,3.8,1,0
RNK,60,20240517,110000,3.8,3.8,3.76,3.77,2197,0
RNK,60,20240517,120000,3.79,3.8,3.79,3.8,5653,0
RNK,60,20240517,150000,3.76,3.76,3.76,3.76,50,0
RNK,60,20240517,160000,3.81,3.81,3.78,3.81,15986,0
RNK,60,20240517,170000,3.79,3.81,3.78,3.79,15970,0
RNK,60,20240520,100000,3.8,3.9,3.78,3.87,39037,0
RNK,60,20240520,120000,3.81,3.88,3.8,3.88,9267,0
RNK,60,20240520,130000,3.88,3.88,3.88,3.88,2550,0
RNK,60,20240520,140000,3.82,3.88,3.8,3.88,25253,0
RNK,60,20240520,150000,3.88,3.88,3.88,3.88,5,0
RNK,60,20240520,160000,3.87,3.87,3.82,3.82,14889,0
RNK,60,20240520,170000,3.86,3.86,3.86,3.86,6,0
RNK,60,20240521,100000,4.28,4.35,4.06,4.09,170020,0
RNK,60,20240521,110000,4.06,4.19,4.04,4.13,81208,0
RNK,60,20240521,120000,4.15,4.17,4.12,4.12,37556,0
RNK,60,20240521,130000,4.17,4.18,4.15,4.18,30187,0
RNK,60,20240521,140000,4.18,4.18,4.14,4.14,28362,0
RNK,60,20240521,150000,4.12,4.14,4.1,4.14,2964,0
RNK,60,20240521,160000,4.1,4.11,4.06,4.11,9089,0
RNK,60,20240521,170000,4.11,4.11,3.97,3.97,67714,0
RNK,60,20240522,100000,4.02,4.08,3.94,4.08,13172,0
RNK,60,20240522,110000,4.08,4.1,4.02,4.09,11866,0
RNK,60,20240522,120000,4.05,4.05,4,4.04,4105,0
RNK,60,20240522,130000,4,4,3.92,3.93,7028,0
RNK,60,20240522,140000,3.98,3.98,3.92,3.92,1010,0
RNK,60,20240522,150000,3.97,3.98,3.97,3.98,175,0
RNK,60,20240522,160000,3.98,3.99,3.95,3.95,1525,0
RNK,60,20240522,170000,3.99,4.02,3.99,4.02,582,0
RNK,60,20240523,100000,4.09,4.29,4.08,4.2,67254,0
RNK,60,20240523,110000,4.18,4.22,4.14,4.2,9116,0
RNK,60,20240523,120000,4.2,4.3,4.17,4.18,31420,0
RNK,60,20240523,130000,4.18,4.18,4.18,4.18,1200,0
RNK,60,20240523,140000,4.23,4.23,4.18,4.18,2265,0
RNK,60,20240523,150000,4.18,4.2,4.16,4.16,5950,0
RNK,60,20240523,160000,4.18,4.28,4.18,4.28,9034,0
RNK,60,20240523,170000,4.28,4.84,4.28,4.75,181426,0
RNK,60,20240524,100000,4.82,4.87,4.47,4.72,86638,0
RNK,60,20240524,110000,4.72,4.79,4.57,4.79,39655,0
RNK,60,20240524,120000,4.77,4.77,4.77,4.77,692,0
RNK,60,20240524,130000,4.65,4.74,4.63,4.63,15253,0
RNK,60,20240524,140000,4.64,4.73,4.64,4.73,5061,0
RNK,60,20240524,150000,4.73,4.73,4.65,4.72,4064,0
RNK,60,20240524,160000,4.72,4.84,4.65,4.77,17054,0
RNK,60,20240524,170000,4.77,5.04,4.77,4.95,92329,0
RNK,60,20240527,100000,5.04,5.54,5,5.4,312935,0
RNK,60,20240527,110000,5.36,5.54,5.26,5.54,105895,0
RNK,60,20240527,120000,5.5,5.74,5.46,5.62,105478,0
RNK,60,20240527,130000,5.62,5.72,5.6,5.7,21812,0
RNK,60,20240527,140000,5.7,5.98,5.66,5.82,71429,0
RNK,60,20240527,150000,5.8,5.9,5.76,5.76,12929,0
RNK,60,20240527,160000,5.8,6.08,5.8,6.04,96410,0
RNK,60,20240527,170000,6.04,6.04,5.92,6.04,28897,0
RNK,60,20240528,100000,6.04,6.2,5.74,5.8,95278,0
RNK,60,20240528,110000,5.8,5.86,5.76,5.86,7550,0
RNK,60,20240528,120000,5.84,5.86,5.8,5.8,2753,0
RNK,60,20240528,130000,5.8,5.84,5.7,5.76,15093,0
RNK,60,20240528,140000,5.68,5.8,5.64,5.8,9138,0
RNK,60,20240528,150000,5.8,5.84,5.74,5.84,2554,0
RNK,60,20240528,160000,5.84,5.86,5.8,5.82,2792,0
RNK,60,20240528,170000,5.8,5.84,5.72,5.78,4677,0
RNK,60,20240529,100000,5.72,5.9,5.7,5.9,33358,0
RNK,60,20240529,110000,5.88,6.14,5.88,5.92,61212,0
RNK,60,20240529,120000,5.9,5.96,5.9,5.96,7694,0
RNK,60,20240529,130000,5.96,5.96,5.9,5.9,9013,0
RNK,60,20240529,140000,5.94,6.18,5.94,6.18,27144,0
RNK,60,20240529,150000,6.18,6.18,6.1,6.1,6212,0
RNK,60,20240529,160000,6.04,6.18,5.98,6.16,8751,0
RNK,60,20240529,170000,6.14,6.5,6.14,6.44,98024,0
RNK,60,20240531,100000,6.48,6.86,6.48,6.64,158818,0
RNK,60,20240531,110000,6.72,6.86,6.7,6.86,44013,0
RNK,60,20240531,120000,6.88,6.88,6.74,6.86,3854,0
RNK,60,20240531,130000,6.86,6.86,6.72,6.72,9717,0
RNK,60,20240531,140000,6.78,6.86,6.7,6.76,8279,0
RNK,60,20240531,150000,6.84,6.86,6.82,6.86,10657,0
RNK,60,20240531,160000,6.84,6.84,6.76,6.82,4640,0
RNK,60,20240531,170000,6.82,6.82,6.76,6.82,7521,0
RNK,60,20240603,100000,6.84,6.88,6.6,6.76,32956,0
RNK,60,20240603,110000,6.74,6.76,6.46,6.58,22552,0
RNK,60,20240603,120000,6.58,6.6,6.5,6.6,8877,0
RNK,60,20240603,130000,6.6,6.64,6.46,6.5,23024,0
RNK,60,20240603,140000,6.46,6.48,6.4,6.48,13427,0
RNK,60,20240603,150000,6.44,6.44,6.4,6.4,11531,0
RNK,60,20240603,160000,6.4,6.44,6.26,6.34,26555,0
RNK,60,20240603,170000,6.32,6.32,6.16,6.16,60741,0
RNK,60,20240604,100000,6.2,6.3,6.02,6.24,51610,0
RNK,60,20240604,110000,6.16,6.24,5.9,5.9,57748,0
RNK,60,20240604,120000,5.9,5.96,5.84,5.86,14971,0
RNK,60,20240604,130000,5.86,5.94,5.8,5.94,56600,0
RNK,60,20240604,140000,5.94,6.16,5.94,6.08,13034,0
RNK,60,20240604,150000,6.02,6.06,5.82,6,26722,0
RNK,60,20240604,160000,6,6.06,5.92,6.02,7485,0
RNK,60,20240604,170000,6.02,6.04,6,6.04,9812,0
RNK,60,20240605,100000,6.02,6.48,6.02,6.4,23401,0
RNK,60,20240605,110000,6.4,6.44,6.28,6.4,21198,0
RNK,60,20240605,120000,6.42,6.42,6.22,6.3,9028,0
RNK,60,20240605,130000,6.3,6.32,6.1,6.3,15583,0
RNK,60,20240605,140000,6.26,6.28,6.1,6.12,3697,0
RNK,60,20240605,150000,6.12,6.24,6.1,6.1,3913,0
RNK,60,20240605,160000,6.1,6.18,6.08,6.14,2913,0
RNK,60,20240605,170000,6.08,6.12,6,6.06,12777,0
RNK,60,20240606,100000,6.08,6.08,5.92,6.06,3318,0
RNK,60,20240606,110000,6.06,6.18,6,6,3674,0
RNK,60,20240606,120000,6,6.08,6,6,848,0
RNK,60,20240606,130000,6,6,6,6,1245,0
RNK,60,20240606,140000,6,6.22,6,6.22,13240,0
RNK,60,20240606,150000,6.24,6.32,6.12,6.24,6420,0
RNK,60,20240606,160000,6.12,6.26,6.1,6.26,3682,0
RNK,60,20240606,170000,6.18,6.2,6.04,6.1,10174,0
RNK,60,20240607,100000,6.1,6.16,6.02,6.16,4797,0
RNK,60,20240607,110000,6.02,6.16,6.02,6.04,1703,0
RNK,60,20240607,120000,6.1,6.1,6.04,6.04,3450,0
RNK,60,20240607,130000,6.02,6.06,6,6.06,4034,0
RNK,60,20240607,140000,6,6,5.96,5.96,922,0
RNK,60,20240607,150000,6,6,6,6,2011,0
RNK,60,20240607,160000,6,6.02,6,6,436,0
RNK,60,20240607,170000,6.02,6.08,6,6.08,2602,0
RNK,60,20240610,100000,6.08,6.08,5.82,5.94,24412,0
RNK,60,20240610,110000,5.84,5.92,5.78,5.8,12731,0
RNK,60,20240610,120000,5.82,5.9,5.82,5.9,35,0
RNK,60,20240610,140000,5.88,5.96,5.88,5.96,3369,0
RNK,60,20240610,150000,5.94,5.98,5.94,5.98,1429,0
RNK,60,20240610,160000,5.9,5.98,5.9,5.98,1583,0
RNK,60,20240610,170000,5.9,5.98,5.9,5.98,878,0
RNK,60,20240611,100000,6,6.26,6,6.16,10648,0
RNK,60,20240611,110000,6.16,6.26,6.16,6.24,5396,0
RNK,60,20240611,120000,6.16,6.22,6.12,6.2,4505,0
RNK,60,20240611,130000,6.2,6.26,6.2,6.26,3910,0
RNK,60,20240611,140000,6.26,6.44,6.18,6.44,6965,0
RNK,60,20240611,150000,6.4,6.5,6.3,6.5,22653,0
RNK,60,20240611,160000,6.48,6.96,6.48,6.94,36795,0
RNK,60,20240611,170000,6.92,6.92,6.62,6.8,19071,0
RNK,60,20240612,100000,6.8,6.8,6.44,6.7,31519,0
RNK,60,20240612,110000,6.7,6.8,6.7,6.78,10734,0
RNK,60,20240612,120000,6.78,6.8,6.62,6.76,4306,0
RNK,60,20240612,130000,6.72,6.74,6.72,6.74,224,0
RNK,60,20240612,140000,6.66,6.8,6.66,6.8,4578,0
RNK,60,20240612,150000,6.76,6.82,6.7,6.82,4501,0
RNK,60,20240612,160000,6.8,6.9,6.78,6.84,9658,0
RNK,60,20240612,170000,6.9,6.94,6.84,6.88,5841,0
RNK,60,20240613,100000,6.88,6.88,6.62,6.64,72393,0
RNK,60,20240613,110000,6.64,6.64,6.64,6.64,10750,0
RNK,60,20240613,120000,6.64,6.74,6.64,6.64,681,0
RNK,60,20240613,130000,6.74,6.86,6.66,6.7,1948,0
RNK,60,20240613,140000,6.7,6.86,6.64,6.64,7930,0
RNK,60,20240613,150000,6.64,6.7,6.64,6.7,1770,0
RNK,60,20240613,160000,6.66,6.76,6.64,6.76,2007,0
RNK,60,20240613,170000,6.64,6.7,6.58,6.64,57888,0
RNK,60,20240614,100000,6.64,6.64,6.5,6.56,4593,0
RNK,60,20240614,110000,6.56,6.56,6.54,6.56,850,0
RNK,60,20240614,120000,6.6,6.6,6.6,6.6,180,0
RNK,60,20240614,130000,6.54,6.54,6.54,6.54,501,0
RNK,60,20240614,140000,6.58,6.58,6.54,6.54,135,0
RNK,60,20240614,150000,6.58,6.6,6.56,6.58,2056,0
RNK,60,20240614,160000,6.6,6.6,6.6,6.6,600,0
RNK,60,20240614,170000,6.6,6.7,6.6,6.7,40514,0
RNK,60,20240617,100000,6.74,6.74,6.22,6.36,28779,0
RNK,60,20240617,110000,6.36,6.4,6.32,6.32,3602,0
RNK,60,20240617,120000,6.34,6.44,6.1,6.28,20074,0
RNK,60,20240617,130000,6.24,6.28,6.24,6.28,1911,0
RNK,60,20240617,140000,6.28,6.3,6.16,6.3,265,0
RNK,60,20240617,150000,6.3,6.4,6.3,6.4,6430,0
RNK,60,20240617,160000,6.4,6.4,6.4,6.4,200,0
RNK,60,20240617,170000,6.32,6.4,6.26,6.3,8786,0
RNK,60,20240618,100000,6.24,6.28,6.14,6.14,7122,0
RNK,60,20240618,110000,6.32,6.32,6.18,6.18,1259,0
RNK,60,20240618,120000,6.2,6.3,6.2,6.22,1506,0
RNK,60,20240618,130000,6.2,6.3,6.2,6.3,711,0
RNK,60,20240618,140000,6.2,6.3,6.2,6.28,1198,0
RNK,60,20240618,150000,6.22,6.3,6.22,6.3,2912,0
RNK,60,20240618,160000,6.3,6.5,6.3,6.5,5460,0
RNK,60,20240618,170000,6.42,6.5,6.34,6.48,2797,0
RNK,60,20240619,100000,6.48,6.54,6.34,6.54,2042,0
RNK,60,20240619,120000,6.38,6.48,6.38,6.48,1501,0
RNK,60,20240619,130000,6.38,6.48,6.36,6.48,920,0
RNK,60,20240619,140000,6.46,6.52,6.46,6.52,1982,0
RNK,60,20240619,150000,6.36,6.5,6.36,6.48,2043,0
RNK,60,20240619,160000,6.36,6.48,6.36,6.48,211,0
RNK,60,20240619,170000,6.28,6.46,6.26,6.26,6959,0
RNK,60,20240620,100000,6.42,6.42,6.28,6.28,1674,0
RNK,60,20240620,110000,6.4,6.4,6.4,6.4,7,0
RNK,60,20240620,120000,6.26,6.36,6.24,6.34,895,0
RNK,60,20240620,130000,6.26,6.32,6.26,6.32,247,0
RNK,60,20240620,140000,6.24,6.3,6.1,6.26,10474,0
RNK,60,20240620,150000,6.08,6.18,5.82,5.86,16286,0
RNK,60,20240620,160000,5.88,6.1,5.86,6.04,16875,0
RNK,60,20240620,170000,5.98,6.04,5.94,6,5966,0
RNK,60,20240621,100000,5.98,6.08,5.84,5.88,22388,0
RNK,60,20240621,110000,5.86,5.94,5.68,5.68,6950,0
RNK,60,20240621,120000,5.7,6,5.7,5.84,11047,0
RNK,60,20240621,130000,5.86,5.98,5.86,5.98,846,0
RNK,60,20240621,140000,5.92,5.98,5.92,5.92,1207,0
RNK,60,20240621,150000,5.92,5.96,5.86,5.96,1019,0
RNK,60,20240621,160000,5.88,5.98,5.88,5.98,396,0
RNK,60,20240621,170000,5.86,5.98,5.82,5.9,13776,0
RNK,60,20240624,100000,6,6.2,5.9,6.14,14422,0
RNK,60,20240624,110000,6.12,6.54,6.04,6.24,22854,0
RNK,60,20240624,120000,6.26,6.8,6.26,6.8,16364,0
RNK,60,20240624,130000,6.76,6.76,6.76,6.76,2,0
RNK,60,20240624,140000,6.76,6.76,6.64,6.64,2040,0
RNK,60,20240624,150000,6.64,6.74,6.64,6.64,3638,0
RNK,60,20240624,160000,6.64,6.64,6.58,6.6,2395,0
RNK,60,20240624,170000,6.58,6.6,6.48,6.48,1188,0
RNK,60,20240625,100000,6.42,6.6,6.34,6.34,12545,0
RNK,60,20240625,110000,6.34,6.5,6.3,6.48,4261,0
RNK,60,20240625,120000,6.48,7.04,6.48,7.02,109616,0
RNK,60,20240625,130000,7,7.2,7,7.1,52778,0
RNK,60,20240625,140000,7.08,7.12,6.7,6.82,10569,0
RNK,60,20240625,150000,6.84,6.92,6.8,6.92,1191,0
RNK,60,20240625,160000,6.9,7.18,6.9,7.04,26193,0
RNK,60,20240625,170000,7.04,7.18,7.04,7.18,7910,0
RNK,60,20240626,100000,7.18,7.18,6.96,7.16,17012,0
RNK,60,20240626,110000,7.16,7.34,7.16,7.2,47163,0
RNK,60,20240626,120000,7.14,7.2,7.08,7.2,2734,0
RNK,60,20240626,130000,7.1,7.2,7,7.04,14499,0
RNK,60,20240626,140000,7.02,7.02,6.8,6.82,23705,0
RNK,60,20240626,150000,6.88,6.9,6.82,6.9,1600,0
RNK,60,20240626,160000,6.9,6.9,6.84,6.84,3150,0
RNK,60,20240626,170000,6.88,7.24,6.88,7.22,30588,0
RNK,60,20240627,100000,7.22,7.24,7.14,7.16,7006,0
RNK,60,20240627,110000,7.16,7.16,7.1,7.1,2958,0
RNK,60,20240627,120000,7.02,7.18,7.02,7.18,2941,0
RNK,60,20240627,130000,7.18,7.24,7.18,7.22,56800,0
RNK,60,20240627,140000,7.22,7.22,7.18,7.18,973,0
RNK,60,20240627,150000,7.18,7.18,6.94,7.02,6235,0
RNK,60,20240627,160000,7.02,7.1,7,7,1467,0
RNK,60,20240627,170000,7.1,7.1,6.92,6.98,2477,0
RNK,60,20240628,100000,6.9,7.28,6.9,7.2,12607,0
RNK,60,20240628,110000,7.2,7.44,6.78,7.16,70619,0
RNK,60,20240628,120000,7.2,7.36,7.2,7.34,17974,0
RNK,60,20240628,130000,7.34,7.36,7.3,7.36,11575,0
RNK,60,20240628,140000,7.36,7.38,7.26,7.26,8649,0
RNK,60,20240628,150000,7.3,7.4,7.3,7.36,9846,0
RNK,60,20240628,160000,7.28,7.36,7.28,7.34,2323,0
RNK,60,20240628,170000,7.28,7.34,7.04,7.3,16178,0
RNK,60,20240701,100000,7.38,7.4,7.22,7.36,14398,0
RNK,60,20240701,110000,7.24,7.24,7.22,7.22,3104,0
RNK,60,20240701,120000,7.36,7.48,7.36,7.46,16033,0
RNK,60,20240701,130000,7.4,7.46,7.28,7.34,2379,0
RNK,60,20240701,140000,7.32,7.64,7.32,7.5,29499,0
RNK,60,20240701,150000,7.52,7.64,7.44,7.48,13483,0
RNK,60,20240701,160000,7.44,7.5,7.36,7.42,33147,0
RNK,60,20240701,170000,7.44,7.52,7.38,7.42,56808,0
RNK,60,20240702,100000,7.44,7.58,7.22,7.5,35543,0
RNK,60,20240702,110000,7.5,7.64,7.44,7.62,35457,0
RNK,60,20240702,120000,7.62,7.64,7.52,7.52,24079,0
RNK,60,20240702,130000,7.58,7.6,7.44,7.56,6245,0
RNK,60,20240702,140000,7.48,7.56,7.42,7.56,4702,0
RNK,60,20240702,150000,7.44,7.44,7.42,7.42,2705,0
RNK,60,20240702,160000,7.44,7.8,7.44,7.8,104665,0
RNK,60,20240702,170000,7.78,7.84,7.74,7.82,51513,0
RNK,60,20240703,100000,7.86,7.96,7.8,7.9,37307,0
RNK,60,20240703,110000,7.78,7.84,7.7,7.82,11097,0
RNK,60,20240703,120000,7.82,7.82,7.74,7.74,877,0
RNK,60,20240703,130000,7.82,7.96,7.82,7.94,5921,0
RNK,60,20240703,140000,7.9,8,7.88,7.92,49514,0
RNK,60,20240703,150000,7.98,8.04,7.98,8.02,62352,0
RNK,60,20240703,160000,8.02,8.06,8.02,8.02,10787,0
RNK,60,20240703,170000,8,8,7.94,7.96,6074,0
RNK,60,20240704,100000,7.98,7.98,7.82,7.9,12119,0
RNK,60,20240704,110000,7.9,7.9,7.82,7.88,2975,0
RNK,60,20240704,120000,7.88,7.88,7.42,7.52,119610,0
RNK,60,20240704,130000,7.52,7.58,7.46,7.58,9669,0
RNK,60,20240704,140000,7.48,8,7.48,7.98,95600,0
RNK,60,20240704,150000,7.96,7.96,7.86,7.86,2847,0
RNK,60,20240704,160000,7.9,8,7.82,8,36337,0
RNK,60,20240704,170000,7.92,8,7.9,7.96,81316,0
RNK,60,20240705,100000,7.84,7.96,7.7,7.86,7742,0
RNK,60,20240705,110000,7.86,7.86,7.86,7.86,1500,0
RNK,60,20240705,120000,7.86,7.86,7.5,7.66,32271,0
RNK,60,20240705,130000,7.78,7.8,7.78,7.8,2209,0
RNK,60,20240705,140000,7.8,7.8,7.72,7.8,6597,0
RNK,60,20240705,150000,7.82,7.86,7.7,7.8,14424,0
RNK,60,20240705,160000,7.68,7.84,7.5,7.78,16177,0
RNK,60,20240705,170000,7.76,7.86,7.62,7.78,42706,0
RNK,60,20240708,100000,7.82,8,7.7,7.78,10949,0
RNK,60,20240708,110000,7.76,7.78,7.42,7.42,7123,0
RNK,60,20240708,120000,7.5,7.6,7.5,7.6,488,0
RNK,60,20240708,130000,7.6,7.66,7.54,7.66,13322,0
RNK,60,20240708,140000,7.54,7.64,7.5,7.64,9414,0
RNK,60,20240708,150000,7.66,7.68,7.66,7.68,2000,0
RNK,60,20240708,160000,7.74,7.98,7.74,7.98,16174,0
RNK,60,20240708,170000,7.96,7.98,7.86,7.88,13962,0
RNK,60,20240709,100000,7.8,7.8,7.64,7.64,6988,0
RNK,60,20240709,110000,7.78,7.82,7.76,7.76,1739,0
RNK,60,20240709,120000,7.74,7.74,7.74,7.74,380,0
RNK,60,20240709,130000,7.74,7.74,7.74,7.74,135,0
RNK,60,20240709,140000,7.74,7.86,7.74,7.78,2903,0
RNK,60,20240709,150000,7.82,7.82,7.74,7.74,300,0
RNK,60,20240709,160000,7.84,8,7.84,7.9,34827,0
RNK,60,20240709,170000,7.9,7.98,7.9,7.98,7277,0
RNK,60,20240710,100000,8,8,7.9,7.9,2221,0
RNK,60,20240710,110000,7.82,7.9,7.82,7.9,965,0
RNK,60,20240710,120000,7.9,8.04,7.9,8.04,21674,0
RNK,60,20240710,130000,8.04,8.04,7.98,7.98,314,0
RNK,60,20240710,140000,8,8,7.9,7.9,204,0
RNK,60,20240710,150000,7.92,7.92,7.92,7.92,2000,0
RNK,60,20240710,160000,7.88,7.88,7.86,7.86,200,0
RNK,60,20240710,170000,7.86,8,7.86,8,9030,0
RNK,60,20240711,100000,7.98,8.06,7.96,7.96,432,0
RNK,60,20240711,110000,7.96,7.96,7.92,7.92,1699,0
RNK,60,20240711,120000,7.92,7.92,7.92,7.92,2138,0
RNK,60,20240711,130000,7.92,7.92,7.7,7.78,64385,0
RNK,60,20240711,140000,7.78,7.84,7.52,7.84,79475,0
RNK,60,20240711,150000,7.9,7.9,7.72,7.86,626,0
RNK,60,20240711,160000,7.82,7.84,7.78,7.78,1200,0
RNK,60,20240711,170000,7.78,7.78,7.72,7.72,2127,0
RNK,60,20240712,100000,7.72,7.72,7.48,7.48,35199,0
RNK,60,20240712,110000,7.52,7.52,7.36,7.44,37967,0
RNK,60,20240712,120000,7.46,7.5,7.46,7.5,1180,0
RNK,60,20240712,130000,7.44,7.44,7.2,7.3,118566,0
RNK,60,20240712,140000,7.3,7.7,7.26,7.58,78518,0
RNK,60,20240712,150000,7.58,7.82,7.58,7.6,16272,0
RNK,60,20240712,160000,7.76,7.76,7.58,7.6,632,0
RNK,60,20240712,170000,7.6,7.8,7.6,7.66,18855,0
RNK,60,20240715,100000,7.74,7.78,7.5,7.78,2106,0
RNK,60,20240715,110000,7.78,7.9,7.78,7.86,8928,0
RNK,60,20240715,120000,7.86,7.86,7.86,7.86,5402,0
RNK,60,20240715,140000,7.84,7.86,7.74,7.74,5338,0
RNK,60,20240715,150000,7.86,7.86,7.86,7.86,2,0
RNK,60,20240715,160000,7.74,7.74,7.74,7.74,4,0
RNK,60,20240715,170000,7.8,7.8,7.7,7.74,7594,0
RNK,60,20240716,100000,7.74,7.92,7.74,7.86,27278,0
RNK,60,20240716,110000,7.8,7.8,7.32,7.74,21446,0
RNK,60,20240716,120000,7.7,7.7,7.56,7.56,6397,0
RNK,60,20240716,130000,7.6,7.64,7.44,7.44,34264,0
RNK,60,20240716,140000,7.6,7.62,7.6,7.62,1000,0
RNK,60,20240716,150000,7.6,7.6,7.1,7.26,167825,0
RNK,60,20240716,160000,7.24,7.24,6.98,7.08,56241,0
RNK,60,20240716,170000,7.08,7.12,7.02,7.02,40814,0
RNK,60,20240717,100000,7.12,7.14,7.02,7.14,7886,0
RNK,60,20240717,110000,7.02,7.12,7.02,7.1,21086,0
RNK,60,20240717,120000,7.02,7.12,7.02,7.1,6868,0
RNK,60,20240717,130000,7.08,7.08,7.08,7.08,50,0
RNK,60,20240717,140000,7.08,7.1,6.84,6.88,62627,0
RNK,60,20240717,150000,6.88,6.96,6.76,6.8,18740,0
RNK,60,20240717,160000,6.78,6.8,6.46,6.68,47879,0
RNK,60,20240717,170000,6.58,6.68,6.46,6.46,34494,0
RNK,60,20240718,100000,6.46,6.66,6.46,6.64,6296,0
RNK,60,20240718,110000,6.6,6.66,6.6,6.66,2205,0
RNK,60,20240718,120000,6.66,6.7,6.66,6.7,1608,0
RNK,60,20240718,130000,6.7,6.7,6.56,6.56,2147,0
RNK,60,20240718,140000,6.52,6.96,6.28,6.88,41090,0
RNK,60,20240718,150000,6.86,7.8,6.86,7.44,56689,0
RNK,60,20240718,160000,7.32,7.58,7.32,7.58,10239,0
RNK,60,20240718,170000,7.58,7.6,7.42,7.42,11137,0
RNK,60,20240719,100000,7.5,7.54,7.32,7.5,28018,0
RNK,60,20240719,110000,7.5,7.5,7.36,7.5,11225,0
RNK,60,20240719,120000,7.5,7.58,7.3,7.48,10970,0
RNK,60,20240719,130000,7.3,7.36,7.24,7.36,585,0
RNK,60,20240719,140000,7.26,7.26,7.24,7.24,2002,0
RNK,60,20240719,150000,7.22,7.22,7.22,7.22,264,0
RNK,60,20240719,160000,7.22,7.3,7.2,7.3,1468,0
RNK,60,20240719,170000,7.3,7.74,7.2,7.72,51177,0
RNK,60,20240722,100000,7.72,8.04,7.72,7.84,89617,0
RNK,60,20240722,110000,7.82,7.82,7.62,7.62,4139,0
RNK,60,20240722,120000,7.62,7.96,7.62,7.94,2057,0
RNK,60,20240722,130000,7.86,7.92,7.76,7.78,742,0
RNK,60,20240722,140000,7.9,7.9,7.7,7.7,312,0
RNK,60,20240722,150000,7.76,7.9,7.7,7.72,2143,0
RNK,60,20240722,170000,7.84,7.96,7.74,7.96,7038,0
RNK,60,20240723,100000,7.96,7.96,7.7,7.9,3325,0
RNK,60,20240723,110000,7.68,7.74,7.66,7.74,5201,0
RNK,60,20240723,120000,7.8,7.88,7.68,7.7,4118,0
RNK,60,20240723,140000,7.68,7.68,7.66,7.66,2501,0
RNK,60,20240723,150000,7.82,7.82,7.66,7.74,550,0
RNK,60,20240723,160000,7.64,7.74,7.62,7.74,1065,0
RNK,60,20240723,170000,7.66,7.74,7.64,7.72,484,0
RNK,60,20240724,100000,7.62,7.84,7.6,7.84,1904,0
RNK,60,20240724,110000,7.6,7.6,7.6,7.6,705,0
RNK,60,20240724,120000,7.62,7.62,7.62,7.62,200,0
RNK,60,20240724,130000,7.72,7.72,7.72,7.72,106,0
RNK,60,20240724,140000,7.64,7.72,7.62,7.72,9119,0
RNK,60,20240724,150000,7.72,7.72,7.72,7.72,5,0
RNK,60,20240724,160000,7.6,7.6,7.5,7.5,1034,0
RNK,60,20240724,170000,7.5,7.78,7.5,7.76,4037,0
RNK,60,20240725,100000,7.38,7.7,7.38,7.5,1050,0
RNK,60,20240725,110000,7.52,7.52,7.5,7.5,7227,0
RNK,60,20240725,120000,7.5,7.62,7.42,7.46,6642,0
RNK,60,20240725,130000,7.6,7.62,7.5,7.5,16082,0
RNK,60,20240725,140000,7.52,7.6,7.52,7.6,35,0
RNK,60,20240725,150000,7.6,7.6,7.6,7.6,526,0
RNK,60,20240725,160000,7.52,7.62,7.3,7.3,10674,0
RNK,60,20240725,170000,7.46,7.46,7.24,7.3,7803,0
RNK,60,20240726,100000,7.3,7.4,7.22,7.4,1135,0
RNK,60,20240726,110000,7.4,7.44,7.4,7.44,10790,0
RNK,60,20240726,120000,7.4,7.44,7.22,7.44,4631,0
RNK,60,20240726,130000,7.44,7.44,7.44,7.44,3787,0
RNK,60,20240726,140000,7.44,7.5,7.44,7.5,6346,0
RNK,60,20240726,150000,7.46,7.46,7.46,7.46,3220,0
RNK,60,20240726,160000,7.5,7.5,7.44,7.44,16139,0
RNK,60,20240726,170000,7.44,7.44,7.4,7.44,5717,0
RNK,60,20240729,100000,7.42,7.44,7.3,7.3,6193,0
RNK,60,20240729,110000,7.4,7.42,7.24,7.38,1514,0
RNK,60,20240729,120000,7.38,7.4,7.38,7.38,1881,0
RNK,60,20240729,140000,7.3,7.38,7.28,7.28,1126,0
RNK,60,20240729,150000,7.38,7.38,7.3,7.3,163,0
RNK,60,20240729,160000,7.3,7.3,7.3,7.3,1963,0
RNK,60,20240729,170000,7.36,7.36,7.24,7.34,2010,0
RNK,60,20240730,100000,7.2,7.44,7.2,7.44,7504,0
RNK,60,20240730,120000,7.42,7.44,7.42,7.44,35000,0
RNK,60,20240730,140000,7.32,7.4,7.3,7.4,1894,0
RNK,60,20240730,160000,7.28,7.4,7.28,7.4,253,0
RNK,60,20240730,170000,7.38,7.38,7.38,7.38,5,0
RNK,60,20240731,100000,7.38,7.44,7.3,7.44,6530,0
RNK,60,20240731,110000,7.42,7.42,7.34,7.34,3140,0
RNK,60,20240731,120000,7.42,7.44,7.42,7.44,4600,0
RNK,60,20240731,130000,7.42,7.42,7.36,7.36,1300,0
RNK,60,20240731,140000,7.42,7.44,7.42,7.42,9100,0
RNK,60,20240731,150000,7.42,7.42,7.36,7.36,185,0
RNK,60,20240731,160000,7.36,7.36,7.36,7.36,1010,0
RNK,60,20240731,170000,7.36,7.4,7.36,7.4,1509,0
RNK,60,20240801,100000,7.36,7.36,7.34,7.34,8543,0
RNK,60,20240801,110000,7.32,7.32,7.3,7.3,1714,0
RNK,60,20240801,120000,7.34,7.34,7.34,7.34,605,0
RNK,60,20240801,130000,7.34,7.34,7.34,7.34,873,0
RNK,60,20240801,150000,7.34,7.34,7.34,7.34,140,0
RNK,60,20240801,160000,7.34,7.34,7.34,7.34,10,0
RNK,60,20240801,170000,7.34,7.34,7.3,7.32,457,0
RNK,60,20240802,100000,7.16,7.16,7.02,7.02,9684,0
RNK,60,20240802,110000,7.06,7.06,7.02,7.06,12598,0
RNK,60,20240802,120000,7.06,7.1,7.02,7.1,1069,0
RNK,60,20240802,130000,7.02,7.1,7.02,7.1,115,0
RNK,60,20240802,140000,7.1,7.1,7.1,7.1,1000,0
RNK,60,20240802,150000,7.1,7.1,7.1,7.1,500,0
RNK,60,20240802,160000,7.08,7.28,7.06,7.28,11218,0
RNK,60,20240805,100000,7.02,7.2,6.7,6.74,37980,0
RNK,60,20240805,110000,6.74,6.92,6.72,6.92,2099,0
RNK,60,20240805,120000,6.8,6.8,6.78,6.8,3763,0
RNK,60,20240805,140000,6.78,6.8,6.78,6.8,2570,0
RNK,60,20240805,150000,6.9,6.9,6.78,6.8,1118,0
RNK,60,20240805,160000,6.88,7.02,6.8,6.92,17511,0
RNK,60,20240805,170000,7.18,7.32,7.18,7.2,21904,0
RNK,60,20240806,110000,7.1,7.18,7.1,7.18,10605,0
RNK,60,20240806,120000,7.1,7.14,7.06,7.14,1145,0
RNK,60,20240806,130000,7.14,7.14,7.14,7.14,418,0
RNK,60,20240806,150000,7.06,7.06,7.06,7.06,1690,0
RNK,60,20240806,160000,7.02,7.18,7.02,7.18,181,0
RNK,60,20240806,170000,7.12,7.12,7,7.1,3169,0
RNK,60,20240807,100000,7.02,7.24,7,7.24,5357,0
RNK,60,20240807,110000,7.32,7.4,7.3,7.38,11186,0
RNK,60,20240807,120000,7.3,7.3,7.3,7.3,270,0
RNK,60,20240807,130000,7.24,7.3,7.2,7.3,3863,0
RNK,60,20240807,140000,7.3,7.3,7.3,7.3,5,0
RNK,60,20240807,150000,7.2,7.2,7.2,7.2,990,0
RNK,60,20240807,160000,7.2,7.28,7.14,7.28,515,0
RNK,60,20240807,170000,7.14,7.18,7.1,7.1,1786,0
RNK,60,20240808,100000,7.14,7.26,7.1,7.26,11435,0
RNK,60,20240808,110000,7.16,7.16,7.02,7.02,1403,0
RNK,60,20240808,120000,7.04,7.14,7,7.04,7619,0
RNK,60,20240808,130000,7.02,7.12,7,7,1959,0
RNK,60,20240808,140000,7,7,6.94,7,635,0
RNK,60,20240808,150000,7,7.04,7,7,8498,0
RNK,60,20240808,160000,7,7.08,7,7,6890,0
RNK,60,20240808,170000,7,7.22,6.96,7.22,7005,0
RNK,60,20240809,100000,7.22,7.22,7.14,7.14,165,0
RNK,60,20240809,110000,7.2,7.2,7.06,7.06,1000,0
RNK,60,20240809,120000,7.22,7.22,7.22,7.22,5,0
RNK,60,20240809,130000,7.2,7.2,7.1,7.1,36,0
RNK,60,20240809,140000,7.1,7.22,7.1,7.22,1767,0
RNK,60,20240809,150000,7.1,7.1,7.1,7.1,1103,0
RNK,60,20240809,160000,7.1,7.2,7.1,7.1,413,0
RNK,60,20240809,170000,7.1,7.28,7.1,7.28,2686,0
RNK,60,20240812,100000,7.3,7.36,7.3,7.36,5989,0
RNK,60,20240812,110000,7.34,7.34,7.34,7.34,678,0
RNK,60,20240812,120000,7.34,7.36,7.34,7.36,2145,0
RNK,60,20240812,130000,7.36,7.38,7.36,7.38,99,0
RNK,60,20240812,140000,7.38,7.42,7.28,7.3,8021,0
RNK,60,20240812,150000,7.32,7.42,7.32,7.34,354,0
RNK,60,20240812,160000,7.42,7.42,7.34,7.4,3882,0
RNK,60,20240812,170000,7.4,7.42,7.34,7.42,8600,0
RNK,60,20240813,100000,7.5,7.5,7.4,7.4,1913,0
RNK,60,20240813,110000,7.4,7.4,7.38,7.38,800,0
RNK,60,20240813,120000,7.48,7.48,7.48,7.48,1665,0
RNK,60,20240813,130000,7.48,7.5,7.48,7.5,400,0
RNK,60,20240813,140000,7.5,7.5,7.4,7.4,4402,0
RNK,60,20240813,160000,7.42,7.42,7.42,7.42,300,0
RNK,60,20240813,170000,7.5,7.5,7.38,7.5,162,0
RNK,60,20240814,100000,7.58,7.58,7.44,7.44,1444,0
RNK,60,20240814,110000,7.46,7.6,7.46,7.6,961,0
RNK,60,20240814,130000,7.6,7.6,7.6,7.6,85,0
RNK,60,20240814,140000,7.58,7.58,7.46,7.46,336,0
RNK,60,20240814,150000,7.58,7.58,7.58,7.58,5,0
RNK,60,20240814,160000,7.58,7.64,7.44,7.46,7268,0
RNK,60,20240814,170000,7.62,7.68,7.5,7.68,8913,0
RNK,60,20240816,100000,7.62,7.68,7.6,7.68,5084,0
RNK,60,20240816,110000,7.62,7.62,7.62,7.62,500,0
RNK,60,20240816,120000,7.62,7.62,7.58,7.58,912,0
RNK,60,20240816,140000,7.52,7.62,7.52,7.62,503,0
RNK,60,20240816,150000,7.62,7.62,7.62,7.62,5,0
RNK,60,20240816,160000,7.54,7.68,7.54,7.68,3200,0
RNK,60,20240816,170000,7.66,7.66,7.66,7.66,5,0
RNK,60,20240819,100000,7.64,7.64,7.48,7.48,1434,0
RNK,60,20240819,110000,7.6,7.6,7.4,7.58,2244,0
RNK,60,20240819,120000,7.56,7.56,7.56,7.56,5,0
RNK,60,20240819,130000,7.42,7.56,7.42,7.42,99,0
RNK,60,20240819,140000,7.42,7.56,7.4,7.56,2316,0
RNK,60,20240819,150000,7.56,7.56,7.44,7.44,394,0
RNK,60,20240819,160000,7.58,7.58,7.38,7.5,19,0
RNK,60,20240819,170000,7.36,7.5,7.36,7.5,1365,0
RNK,60,20240820,100000,7.5,7.5,7.5,7.5,44,0
RNK,60,20240820,140000,7.36,7.36,7.36,7.36,200,0
RNK,60,20240820,150000,7.48,7.48,7.48,7.48,5,0
RNK,60,20240820,170000,7.48,7.48,7.48,7.48,519,0
RNK,60,20240821,100000,7.46,7.48,7.34,7.34,2060,0
RNK,60,20240821,110000,7.48,7.48,7.26,7.26,361,0
RNK,60,20240821,120000,7.44,7.44,7.44,7.44,6,0
RNK,60,20240821,140000,7.3,7.4,7.2,7.4,3287,0
RNK,60,20240821,160000,7.38,7.38,7.18,7.18,1489,0
RNK,60,20240821,170000,7.16,7.22,7.08,7.08,7089,0
RNK,60,20240822,100000,7.16,7.16,6.92,6.92,2965,0
RNK,60,20240822,110000,6.96,7.02,6.96,7.02,1243,0
RNK,60,20240822,120000,7.04,7.08,7.04,7.08,7932,0
RNK,60,20240822,130000,7.04,7.08,7.04,7.08,427,0
RNK,60,20240822,140000,7.04,7.08,7.04,7.08,275,0
RNK,60,20240822,150000,7.08,7.08,7,7,3000,0
RNK,60,20240822,160000,7,7.08,7,7.08,7119,0
RNK,60,20240822,170000,7.06,7.08,6.96,6.96,698,0
RNK,60,20240823,100000,6.96,7.12,6.92,7.12,6410,0
RNK,60,20240823,120000,7.12,7.12,7.12,7.12,2,0
RNK,60,20240823,150000,6.98,7.1,6.98,6.98,5112,0
RNK,60,20240823,160000,7.1,7.1,6.96,7.1,537,0
RNK,60,20240823,170000,7.1,7.1,7.1,7.1,5,0
RNK,60,20240826,100000,7.08,7.08,7.08,7.08,32,0
RNK,60,20240826,110000,6.96,7.08,6.96,7.08,293,0
RNK,60,20240826,120000,6.94,7.06,6.74,6.9,9695,0
RNK,60,20240826,130000,6.9,7,6.9,7,2653,0
RNK,60,20240826,140000,6.92,6.92,6.9,6.92,552,0
RNK,60,20240826,150000,6.92,6.92,6.8,6.8,1226,0
RNK,60,20240826,160000,6.8,6.9,6.74,6.9,1884,0
RNK,60,20240826,170000,6.78,6.88,6.78,6.78,4697,0
RNK,60,20240827,100000,6.74,6.98,6.74,6.96,12056,0
RNK,60,20240827,110000,6.96,6.98,6.96,6.96,405,0
RNK,60,20240827,120000,6.96,6.98,6.88,6.88,1316,0
RNK,60,20240827,130000,6.94,6.94,6.94,6.94,5,0
RNK,60,20240827,140000,6.88,6.9,6.76,6.9,706,0
RNK,60,20240827,150000,6.9,6.9,6.9,6.9,2,0
RNK,60,20240827,160000,6.88,6.9,6.88,6.9,77,0
RNK,60,20240827,170000,6.88,6.9,6.72,6.9,3574,0
RNK,60,20240828,110000,6.9,6.9,6.6,6.9,7401,0
RNK,60,20240828,120000,6.62,6.88,6.62,6.88,14,0
RNK,60,20240828,130000,6.88,6.88,6.6,6.68,3561,0
RNK,60,20240828,140000,6.68,6.68,6.68,6.68,729,0
RNK,60,20240828,150000,6.6,6.68,6.5,6.66,3733,0
RNK,60,20240828,160000,6.66,6.68,5.76,6.1,172048,0
RNK,60,20240828,170000,6.12,6.6,6.1,6.6,39832,0
RNK,60,20240829,100000,6.6,6.68,6.5,6.64,11716,0
RNK,60,20240829,110000,6.64,6.66,6.34,6.4,6510,0
RNK,60,20240829,120000,6.34,7,6.34,7,29810,0
RNK,60,20240829,130000,6.76,7.1,6.72,6.76,14119,0
RNK,60,20240829,140000,6.8,6.8,6.7,6.7,1338,0
RNK,60,20240829,150000,6.78,6.96,6.78,6.9,457,0
RNK,60,20240829,160000,6.9,6.94,6.9,6.94,730,0
RNK,60,20240829,170000,6.88,6.9,6.72,6.9,1740,0
RNK,60,20240830,100000,6.9,6.9,6.9,6.9,3946,0
RNK,60,20240830,110000,6.76,6.76,6.76,6.76,1000,0
RNK,60,20240830,120000,6.76,6.86,6.66,6.68,2001,0
RNK,60,20240830,130000,6.86,6.86,6.86,6.86,5,0
RNK,60,20240830,160000,6.86,6.86,6.86,6.86,5,0
RNK,60,20240830,170000,6.86,6.98,6.86,6.98,4358,0
RNK,60,20240902,100000,6.82,6.94,6.68,6.86,4770,0
RNK,60,20240902,110000,6.86,6.86,6.62,6.62,810,0
RNK,60,20240902,120000,6.78,6.82,6.78,6.82,10,0
RNK,60,20240902,130000,6.72,6.74,6.72,6.74,120,0
RNK,60,20240902,140000,6.74,6.8,6.74,6.8,2112,0
RNK,60,20240902,150000,6.8,6.8,6.78,6.78,59,0
RNK,60,20240902,160000,6.78,6.88,6.78,6.88,5735,0
RNK,60,20240902,170000,6.86,6.86,6.72,6.72,23220,0
RNK,60,20240903,100000,6.6,6.7,6.52,6.58,3118,0
RNK,60,20240903,110000,6.52,6.58,6.52,6.58,603,0
RNK,60,20240903,120000,6.52,6.58,6.5,6.58,698,0
RNK,60,20240903,130000,6.52,6.58,6.5,6.58,1735,0
RNK,60,20240903,140000,6.58,6.58,6.58,6.58,500,0
RNK,60,20240903,150000,6.6,6.62,6.5,6.62,1448,0
RNK,60,20240903,160000,6.62,6.64,6.5,6.64,759,0
RNK,60,20240903,170000,6.52,6.52,6.4,6.4,8018,0
RNK,60,20240904,100000,6.3,6.8,6,6.38,45285,0
RNK,60,20240904,110000,6.38,6.4,6.38,6.4,2936,0
RNK,60,20240904,120000,6.3,6.3,6.3,6.3,300,0
RNK,60,20240904,130000,6.3,6.4,6.28,6.28,263,0
RNK,60,20240904,140000,6.4,6.56,6.28,6.32,3011,0
RNK,60,20240904,150000,6.54,6.56,6.34,6.34,8,0
RNK,60,20240904,160000,6.48,6.48,6.34,6.34,41,0
RNK,60,20240904,170000,6.36,6.44,6.3,6.32,810,0
RNK,60,20240905,100000,6.3,6.38,6.2,6.3,4840,0
RNK,60,20240905,110000,6.26,6.28,6.1,6.1,17221,0
RNK,60,20240905,120000,6.22,6.28,6,6,9702,0
RNK,60,20240905,130000,6.16,6.28,6.08,6.28,2526,0
RNK,60,20240905,140000,6.22,6.44,6.16,6.16,1792,0
RNK,60,20240905,150000,6.2,6.2,6.2,6.2,1,0
RNK,60,20240905,160000,6.16,6.38,6.1,6.3,7082,0
RNK,60,20240905,170000,6.12,6.18,6.12,6.18,415,0
RNK,60,20240906,100000,6.22,6.28,6.1,6.1,8162,0
RNK,60,20240906,110000,6.1,6.28,6.1,6.28,4264,0
RNK,60,20240906,120000,6.28,6.28,6.28,6.28,80,0
RNK,60,20240906,130000,6.28,6.3,6.28,6.3,2001,0
RNK,60,20240906,150000,6.2,6.2,6.1,6.1,1422,0
RNK,60,20240906,160000,6.2,6.2,6.08,6.1,1634,0
RNK,60,20240906,170000,6.1,6.24,6.02,6.24,2489,0
RNK,60,20240909,100000,6.24,6.24,6.24,6.24,52,0
RNK,60,20240909,140000,6.04,6.18,5.9,5.94,5793,0
RNK,60,20240909,150000,6.08,6.08,6.08,6.08,82,0
RNK,60,20240909,160000,6.08,6.08,6.08,6.08,2,0
RNK,60,20240909,170000,6.08,6.08,6.08,6.08,3671,0
RNK,60,20240910,100000,6.08,6.08,6.08,6.08,70,0
RNK,60,20240910,110000,6.1,6.26,6,6.26,8885,0
RNK,60,20240910,120000,6.22,6.22,6.18,6.18,322,0
RNK,60,20240910,130000,6.18,6.18,6.16,6.18,794,0
RNK,60,20240910,140000,6.18,6.18,6.18,6.18,782,0
RNK,60,20240910,150000,6.18,6.2,6.18,6.2,219,0
RNK,60,20240910,160000,6.18,6.18,6.08,6.08,1000,0
RNK,60,20240910,170000,6.2,6.2,6.1,6.1,105,0
RNK,60,20240911,100000,6.2,6.2,6.06,6.2,65,0
RNK,60,20240911,130000,6.2,6.26,6.2,6.26,1348,0
RNK,60,20240911,140000,6.1,6.1,6.08,6.08,1300,0
RNK,60,20240911,150000,6.08,6.2,6.08,6.2,765,0
RNK,60,20240911,160000,6.22,6.5,6.1,6.34,28284,0
RNK,60,20240911,170000,6.28,6.28,6.12,6.24,644,0
RNK,60,20240912,100000,6.24,6.26,6.18,6.2,4396,0
RNK,60,20240912,110000,6.2,6.24,6.14,6.14,3354,0
RNK,60,20240912,120000,6.18,6.18,6.14,6.18,2010,0
RNK,60,20240912,130000,6.18,6.2,6.18,6.2,4222,0
RNK,60,20240912,140000,6.24,6.48,6.16,6.44,8616,0
RNK,60,20240912,150000,6.42,6.42,6.28,6.4,506,0
RNK,60,20240912,160000,6.36,6.8,6.32,6.8,20714,0
RNK,60,20240912,170000,6.68,6.7,6.68,6.7,6676,0
RNK,60,20240913,100000,6.64,7.7,6.64,7.5,59204,0
RNK,60,20240913,110000,7.48,7.5,7.2,7.22,6511,0
RNK,60,20240913,120000,7.22,7.36,7.1,7.36,11953,0
RNK,60,20240913,130000,7.36,7.36,7.32,7.36,903,0
RNK,60,20240913,140000,7.34,7.34,7.34,7.34,2,0
RNK,60,20240913,150000,7.34,7.6,7.32,7.6,25857,0
RNK,60,20240913,160000,7.6,7.66,7.5,7.5,9370,0
RNK,60,20240913,170000,7.46,7.66,7.18,7.22,14506,0
RNK,60,20240916,100000,7.16,7.2,7.14,7.16,1271,0
RNK,60,20240916,110000,7.2,7.2,7.08,7.12,2164,0
RNK,60,20240916,120000,7.12,7.12,7.02,7.02,3556,0
RNK,60,20240916,130000,7.04,7.04,7.02,7.02,8455,0
RNK,60,20240916,140000,7.02,7.02,7.02,7.02,100,0
RNK,60,20240916,150000,6.98,7.02,6.98,7.02,24,0
RNK,60,20240916,160000,6.98,6.98,6.7,6.7,12290,0
RNK,60,20240916,170000,6.84,6.84,6.6,6.6,17761,0
RNK,60,20240917,100000,6.76,6.76,6.6,6.72,1784,0
RNK,60,20240917,110000,6.68,6.68,6.68,6.68,592,0
RNK,60,20240917,120000,6.66,6.66,6.58,6.64,8112,0
RNK,60,20240917,130000,6.64,6.64,6.64,6.64,413,0
RNK,60,20240917,140000,6.64,6.64,6.6,6.6,3500,0
RNK,60,20240917,150000,6.62,6.62,6.6,6.62,3005,0
RNK,60,20240917,160000,6.62,6.62,6.58,6.62,11504,0
RNK,60,20240917,170000,6.62,6.62,6.58,6.58,1264,0
RNK,60,20240918,100000,6.5,6.66,6.38,6.52,4501,0
RNK,60,20240918,110000,6.52,6.52,6.38,6.5,1964,0
RNK,60,20240918,120000,6.48,6.48,6.48,6.48,1000,0
RNK,60,20240918,130000,6.42,6.58,6.42,6.44,8392,0
RNK,60,20240918,140000,6.58,6.58,6.44,6.44,10457,0
RNK,60,20240918,150000,6.58,6.58,6.44,6.58,1591,0
RNK,60,20240918,160000,6.44,6.58,6.4,6.58,4616,0
RNK,60,20240918,170000,6.48,6.58,6.4,6.56,429,0
RNK,60,20240919,100000,6.52,6.54,6.38,6.38,6740,0
RNK,60,20240919,110000,6.4,6.48,6.38,6.4,5217,0
RNK,60,20240919,120000,6.4,6.4,6.4,6.4,3000,0
RNK,60,20240919,130000,6.48,6.48,6.4,6.4,492,0
RNK,60,20240919,160000,6.46,6.46,6.34,6.38,438,0
RNK,60,20240919,170000,6.38,6.44,6.34,6.44,644,0
RNK,60,20240920,100000,6.5,6.52,6.4,6.4,4792,0
RNK,60,20240920,110000,6.48,6.48,6.4,6.4,2037,0
RNK,60,20240920,120000,6.46,6.62,6.46,6.6,377,0
RNK,60,20240920,130000,6.6,6.62,6.48,6.5,916,0
RNK,60,20240920,140000,6.52,6.52,6.52,6.52,151,0
RNK,60,20240920,150000,6.54,6.54,6.5,6.5,603,0
RNK,60,20240920,160000,6.5,6.66,6.5,6.66,2202,0
RNK,60,20240920,170000,6.6,6.74,6.6,6.6,66850,0
RNK,60,20240923,100000,6.44,6.5,6.36,6.4,5903,0
RNK,60,20240923,110000,6.4,6.58,6.3,6.3,7335,0
RNK,60,20240923,120000,6.46,6.46,6.3,6.32,234,0
RNK,60,20240923,130000,6.46,6.48,6.34,6.36,246,0
RNK,60,20240923,140000,6.5,6.5,6.34,6.34,195,0
RNK,60,20240923,150000,6.48,6.56,6.34,6.46,2690,0
RNK,60,20240923,160000,6.54,6.54,6.34,6.34,2629,0
RNK,60,20240923,170000,6.46,6.46,6.26,6.3,3595,0
RNK,60,20240924,100000,6.26,6.26,6.12,6.14,6966,0
RNK,60,20240924,110000,6.2,6.2,6.14,6.16,1245,0
RNK,60,20240924,120000,6.18,6.2,6.18,6.2,1358,0
RNK,60,20240924,130000,6.2,6.2,6.16,6.2,1574,0
RNK,60,20240924,140000,6.18,6.2,6.16,6.16,1007,0
RNK,60,20240924,150000,6.2,6.2,6.16,6.16,7,0
RNK,60,20240924,160000,6.2,6.2,6.18,6.18,350,0
RNK,60,20240924,170000,6.2,6.2,6.16,6.16,267,0
RNK,60,20240925,100000,6.18,6.3,6.08,6.22,31280,0
RNK,60,20240925,110000,6.22,6.26,6.18,6.24,781,0
RNK,60,20240925,120000,6.26,6.26,6.26,6.26,400,0
RNK,60,20240925,130000,6.24,6.24,6.24,6.24,6,0
RNK,60,20240925,140000,6.24,6.26,6.16,6.24,1826,0
RNK,60,20240925,150000,6.2,6.24,6.18,6.2,625,0
RNK,60,20240925,160000,6.2,6.24,6.18,6.24,1562,0
RNK,60,20240925,170000,6.22,6.24,6.16,6.16,1633,0
RNK,60,20240926,100000,6.28,6.46,6.16,6.34,10404,0
RNK,60,20240926,110000,6.36,6.36,6,6.02,31072,0
RNK,60,20240926,120000,6.1,6.14,6.02,6.06,2802,0
RNK,60,20240926,130000,6.12,6.12,6.08,6.08,6,0
RNK,60,20240926,140000,6.12,6.12,6.08,6.08,299,0
RNK,60,20240926,150000,6.14,6.14,6.08,6.08,6,0
RNK,60,20240926,160000,6.14,6.14,6.08,6.08,519,0
RNK,60,20240926,170000,6.1,6.14,6.1,6.1,5357,0
RNK,60,20240927,100000,6.16,6.18,6.12,6.18,1007,0
RNK,60,20240927,110000,6.18,6.2,6.18,6.2,2184,0
RNK,60,20240927,120000,6.24,6.3,6.2,6.2,2033,0
RNK,60,20240927,130000,6.2,6.24,6.1,6.16,10742,0
RNK,60,20240927,140000,6.1,6.16,6.1,6.16,188,0
RNK,60,20240927,150000,6.16,6.16,6.16,6.16,360,0
RNK,60,20240927,160000,6.12,6.12,6.06,6.1,4551,0
RNK,60,20240927,170000,6.12,6.12,6.02,6.06,13590,0
RNK,60,20240930,100000,5.96,6.06,5.94,6.02,1823,0
RNK,60,20240930,110000,6,6.02,5.92,6.02,305,0
RNK,60,20240930,120000,5.96,6.02,5.96,6.02,1117,0
RNK,60,20240930,130000,5.98,6.02,5.98,5.98,353,0
RNK,60,20240930,150000,6.02,6.06,5.98,6.06,5789,0
RNK,60,20240930,160000,6.06,6.12,5.98,6.04,4108,0
RNK,60,20240930,170000,6,6.04,5.98,6.04,1010,0
RNK,60,20241001,100000,6.04,6.04,5.9,5.96,2742,0
RNK,60,20241001,110000,5.96,5.96,5.94,5.94,44,0
RNK,60,20241001,120000,5.96,5.96,5.9,5.9,3086,0
RNK,60,20241001,130000,5.98,5.98,5.98,5.98,535,0
RNK,60,20241001,160000,5.94,5.96,5.9,5.9,1328,0
RNK,60,20241001,170000,5.9,5.96,5.84,5.84,2986,0
RNK,60,20241002,100000,5.84,5.84,5.52,5.62,25756,0
RNK,60,20241002,110000,5.62,5.66,5.34,5.56,53450,0
RNK,60,20241002,120000,5.5,5.66,5.44,5.56,18216,0
RNK,60,20241002,130000,5.56,5.58,5.54,5.54,4240,0
RNK,60,20241002,140000,5.54,5.58,5.5,5.5,1107,0
RNK,60,20241002,150000,5.56,5.56,5.44,5.44,2285,0
RNK,60,20241002,160000,5.5,5.66,5.5,5.6,10208,0
RNK,60,20241002,170000,5.48,5.6,5.46,5.46,9934,0
RNK,60,20241003,100000,5.58,5.58,5.4,5.4,8242,0
RNK,60,20241003,110000,5.38,5.4,5.28,5.4,6638,0
RNK,60,20241003,120000,5.3,5.4,5.3,5.4,516,0
RNK,60,20241003,130000,5.4,5.4,5.4,5.4,51,0
RNK,60,20241003,140000,5.4,5.4,5.4,5.4,45,0
RNK,60,20241003,150000,5.4,5.4,5.38,5.4,629,0
RNK,60,20241003,160000,5.4,5.58,5.36,5.36,12497,0
RNK,60,20241003,170000,5.4,5.48,5.4,5.48,946,0
RNK,60,20241004,100000,5.48,5.48,5.28,5.32,13964,0
RNK,60,20241004,110000,5.34,5.38,5.34,5.36,3039,0
RNK,60,20241004,120000,5.36,5.38,5.36,5.36,731,0
RNK,60,20241004,130000,5.38,5.46,5.38,5.44,1919,0
RNK,60,20241004,140000,5.44,5.44,5.38,5.4,38,0
RNK,60,20241004,150000,5.38,5.38,5.38,5.38,10,0
RNK,60,20241004,160000,5.38,5.38,5.26,5.38,1393,0
RNK,60,20241004,170000,5.38,5.38,5.24,5.34,9758,0
RNK,60,20241007,100000,5.34,5.34,5.14,5.28,3712,0
RNK,60,20241007,110000,5.26,5.26,5.1,5.26,4291,0
RNK,60,20241007,120000,5.26,5.28,5.26,5.28,5000,0
RNK,60,20241007,130000,5.18,5.4,5.18,5.4,271,0
RNK,60,20241007,140000,5.32,5.36,5.32,5.36,511,0
RNK,60,20241007,150000,5.34,5.34,5.32,5.32,863,0
RNK,60,20241007,160000,5.28,5.36,5.28,5.36,1146,0
RNK,60,20241007,170000,5.36,5.4,5.28,5.36,3661,0
RNK,60,20241008,100000,5.36,5.36,5.1,5.28,3750,0
RNK,60,20241008,110000,5.26,5.28,5.04,5.28,23864,0
RNK,60,20241008,120000,5.24,5.24,5.24,5.24,2,0
RNK,60,20241008,130000,5.12,5.24,5.12,5.18,505,0
RNK,60,20241008,140000,5.22,5.22,5.16,5.16,525,0
RNK,60,20241008,150000,5.16,5.16,5.12,5.12,1710,0
RNK,60,20241008,160000,5.16,5.16,5.16,5.16,1023,0
RNK,60,20241008,170000,5.16,5.16,5.16,5.16,15,0
RNK,60,20241009,100000,5.1,5.2,5.02,5.14,5238,0
RNK,60,20241009,110000,5.1,5.24,5.06,5.24,5714,0
RNK,60,20241009,120000,5.22,5.24,5.1,5.24,1364,0
RNK,60,20241009,130000,5.22,5.24,5.18,5.22,520,0
RNK,60,20241009,140000,5.18,5.18,5.18,5.18,12,0
RNK,60,20241009,150000,5.14,5.16,5.1,5.16,2030,0
RNK,60,20241009,160000,5.16,5.16,5.16,5.16,2147,0
RNK,60,20241009,170000,5.14,5.14,5.1,5.1,7393,0
RNK,60,20241010,100000,5.12,5.28,5.12,5.28,10059,0
RNK,60,20241010,110000,5.28,5.28,5.12,5.24,595,0
RNK,60,20241010,120000,5.24,5.4,5.24,5.4,2592,0
RNK,60,20241010,130000,5.44,5.62,5.42,5.6,5548,0
RNK,60,20241010,140000,5.5,5.62,5.4,5.62,6042,0
RNK,60,20241010,150000,5.66,5.8,5.66,5.66,5266,0
RNK,60,20241010,160000,5.66,5.66,5.6,5.6,2605,0
RNK,60,20241010,170000,5.6,5.88,5.6,5.88,11410,0
RNK,60,20241011,100000,5.84,5.9,5.76,5.9,5317,0
RNK,60,20241011,110000,5.9,5.92,5.82,5.9,1012,0
RNK,60,20241011,120000,5.84,5.9,5.84,5.9,831,0
RNK,60,20241011,130000,5.9,6.1,5.88,6.1,15601,0
RNK,60,20241011,140000,6.08,6.42,6.08,6.32,24028,0
RNK,60,20241011,150000,6.32,6.32,6.2,6.3,2393,0
RNK,60,20241011,160000,6.22,6.28,6.18,6.28,4213,0
RNK,60,20241011,170000,6.26,6.28,6.18,6.18,1132,0
RNK,60,20241014,100000,6.14,6.14,6.02,6.12,7551,0
RNK,60,20241014,110000,6.14,6.3,6.14,6.3,3533,0
RNK,60,20241014,120000,6.2,6.2,5.9,6.18,15441,0
RNK,60,20241014,130000,6.02,6.12,5.96,5.96,703,0
RNK,60,20241014,140000,6.04,6.12,5.96,6,1285,0
RNK,60,20241014,150000,6.1,6.1,6.1,6.1,1998,0
RNK,60,20241014,160000,6.1,6.14,6.1,6.1,2100,0
RNK,60,20241014,170000,6.1,6.1,6.1,6.1,5,0
RNK,60,20241015,100000,6.1,6.22,6.04,6.22,2848,0
RNK,60,20241015,110000,6.22,6.24,6.22,6.24,1900,0
RNK,60,20241015,120000,6.14,6.22,6.14,6.22,111,0
RNK,60,20241015,130000,6.2,6.22,6.2,6.22,2000,0
RNK,60,20241015,140000,6.12,6.2,6.12,6.2,11,0
RNK,60,20241015,150000,6.2,6.2,6.14,6.14,400,0
RNK,60,20241015,160000,6.14,6.22,6.14,6.22,1982,0
RNK,60,20241015,170000,6.14,6.4,6.14,6.34,7845,0
RNK,60,20241016,100000,6.3,6.38,6.24,6.36,4911,0
RNK,60,20241016,110000,6.36,6.38,6.26,6.26,1528,0
RNK,60,20241016,130000,6.38,6.38,6.38,6.38,20,0
RNK,60,20241016,140000,6.38,6.38,6.38,6.38,2,0
RNK,60,20241016,150000,6.24,6.24,6.24,6.24,400,0
RNK,60,20241016,160000,6.34,6.36,6.24,6.36,36,0
RNK,60,20241016,170000,6.36,6.38,6.3,6.38,807,0
RNK,60,20241017,100000,6.28,6.36,6.2,6.36,2429,0
RNK,60,20241017,110000,6.24,6.36,6.2,6.36,1313,0
RNK,60,20241017,120000,6.2,6.2,6.2,6.2,1,0
RNK,60,20241017,130000,6.22,6.22,6.22,6.22,252,0
RNK,60,20241017,150000,6.32,6.32,6.32,6.32,1000,0
RNK,60,20241017,160000,6.36,6.36,6.18,6.26,4020,0
RNK,60,20241017,170000,6.24,6.26,6.12,6.26,5187,0
RNK,60,20241018,100000,6.16,6.3,6.16,6.28,527,0
RNK,60,20241018,110000,6.28,6.3,6.2,6.3,1068,0
RNK,60,20241018,130000,6.28,6.28,6.28,6.28,100,0
RNK,60,20241018,170000,6.28,6.28,6.28,6.28,35,0
RNK,60,20241021,100000,6.28,6.38,6.2,6.38,1841,0
RNK,60,20241021,120000,6.32,6.38,6.32,6.38,11,0
RNK,60,20241021,130000,6.3,6.38,6.2,6.38,4303,0
RNK,60,20241021,140000,6.3,6.3,6.3,6.3,1101,0
RNK,60,20241021,150000,6.2,6.2,6.2,6.2,330,0
RNK,60,20241021,160000,6.3,6.3,6.3,6.3,5,0
RNK,60,20241021,170000,6.18,6.26,6.08,6.1,2726,0
RNK,60,20241022,100000,6.24,6.24,6.24,6.24,6,0
RNK,60,20241022,110000,6.22,6.22,6.22,6.22,500,0
RNK,60,20241022,120000,6.2,6.2,6.1,6.1,859,0
RNK,60,20241022,130000,6.1,6.1,6.1,6.1,189,0
RNK,60,20241022,150000,6.08,6.08,6.08,6.08,100,0
RNK,60,20241022,160000,6.08,6.08,6.02,6.02,500,0
RNK,60,20241022,170000,6.12,6.12,6.12,6.12,5,0
RNK,60,20241023,110000,6,6.18,6,6.18,104,0
RNK,60,20241023,120000,6,6.16,5.98,6.08,2076,0
RNK,60,20241023,130000,6.08,6.16,6,6.1,67,0
RNK,60,20241023,140000,6.1,6.1,6,6,102,0
RNK,60,20241023,160000,6.06,6.08,6.06,6.08,1005,0
RNK,60,20241023,170000,6.08,6.2,6.08,6.2,1732,0
RNK,60,20241024,100000,6.1,6.18,6.08,6.18,112,0
RNK,60,20241024,110000,6.18,6.2,6.18,6.2,1965,0
RNK,60,20241024,120000,6.2,6.2,6.08,6.18,2074,0
RNK,60,20241024,130000,6.12,6.12,6.12,6.12,1,0
RNK,60,20241024,140000,6.18,6.18,6.18,6.18,15,0
RNK,60,20241024,150000,6.18,6.18,6.18,6.18,10,0
RNK,60,20241024,160000,6.18,6.18,6.18,6.18,68,0
RNK,60,20241024,170000,6.16,6.16,6.12,6.12,4255,0
RNK,60,20241025,110000,6.12,6.12,6.12,6.12,350,0
RNK,60,20241025,150000,6.14,6.14,6.14,6.14,10,0
RNK,60,20241025,160000,6.18,6.18,6.18,6.18,31,0
RNK,60,20241025,170000,6.18,6.18,6.18,6.18,16,0
RNK,60,20241028,100000,6.2,6.26,6.1,6.14,1569,0
RNK,60,20241028,110000,6.14,6.14,6.14,6.14,530,0
RNK,60,20241028,120000,6.24,6.24,6.24,6.24,300,0
RNK,60,20241028,130000,6.2,6.2,6.2,6.2,450,0
RNK,60,20241028,140000,6.2,6.2,6.2,6.2,3,0
RNK,60,20241028,160000,6.18,6.18,6.16,6.16,1272,0
RNK,60,20241028,170000,6.16,6.16,6.12,6.16,1352,0
RNK,60,20241029,100000,6.18,6.18,6.1,6.1,588,0
RNK,60,20241029,110000,6.18,6.18,6.18,6.18,5,0
RNK,60,20241029,120000,6.1,6.1,6.1,6.1,200,0
RNK,60,20241029,130000,6.18,6.18,6.18,6.18,484,0
RNK,60,20241029,140000,6.18,6.18,6.18,6.18,2,0
RNK,60,20241029,150000,6.18,6.22,6.18,6.22,1442,0
RNK,60,20241029,160000,6.22,6.22,6.22,6.22,500,0
RNK,60,20241029,170000,6.24,6.24,6.18,6.24,2434,0
RNK,60,20241030,100000,6.3,6.3,6.1,6.24,9489,0
RNK,60,20241030,110000,6.24,6.24,6.24,6.24,10,0
RNK,60,20241030,120000,6.24,6.24,6.24,6.24,20,0
RNK,60,20241030,140000,6.16,6.16,6.14,6.14,195,0
RNK,60,20241030,150000,6.24,6.24,6.12,6.12,6,0
RNK,60,20241030,160000,6.12,6.2,6.1,6.1,21,0
RNK,60,20241030,170000,6.2,6.2,6.1,6.2,142,0
RNK,60,20241031,100000,6.1,6.2,6.1,6.2,6,0
RNK,60,20241031,110000,6.1,6.1,6.1,6.1,150,0
RNK,60,20241031,120000,6.2,6.2,6.1,6.1,196,0
RNK,60,20241031,130000,6.2,6.2,6.12,6.2,210,0
RNK,60,20241031,140000,6.2,6.26,6.18,6.26,952,0
RNK,60,20241031,150000,6.26,6.26,6.26,6.26,2,0
RNK,60,20241031,160000,6.22,6.22,6.14,6.14,1584,0
RNK,60,20241031,170000,6.22,6.22,6.22,6.22,9,0
RNK,60,20241104,100000,6.18,6.26,6.18,6.18,850,0
RNK,60,20241104,110000,6.18,6.26,6.16,6.26,417,0
RNK,60,20241104,120000,6.26,6.26,6.26,6.26,850,0
RNK,60,20241104,130000,6.2,6.26,6.2,6.26,235,0
RNK,60,20241104,160000,6.26,6.26,6.26,6.26,350,0
RNK,60,20241104,170000,6.26,6.3,6.2,6.3,3645,0
RNK,60,20241105,100000,6.24,6.24,6.24,6.24,1000,0
RNK,60,20241105,110000,6.3,6.38,6.3,6.38,4111,0
RNK,60,20241105,120000,6.36,6.36,6.3,6.36,453,0
RNK,60,20241105,130000,6.32,6.32,6.26,6.26,1285,0
RNK,60,20241105,140000,6.38,6.38,6.38,6.38,10,0
RNK,60,20241105,150000,6.38,6.38,6.38,6.38,500,0
RNK,60,20241105,170000,6.36,6.36,6.26,6.26,310,0
RNK,60,20241106,100000,6.38,6.38,6.38,6.38,6,0
RNK,60,20241106,110000,6.38,6.4,6.36,6.4,3194,0
RNK,60,20241106,120000,6.4,6.4,6.4,6.4,49,0
RNK,60,20241106,130000,6.38,6.38,6.38,6.38,10,0
RNK,60,20241106,140000,6.38,6.4,6.36,6.4,876,0
RNK,60,20241106,150000,6.38,6.46,6.38,6.46,5240,0
RNK,60,20241106,160000,6.46,6.48,6.46,6.46,80,0
RNK,60,20241106,170000,6.46,6.46,6.46,6.46,25,0
RNK,60,20241107,100000,6.46,6.48,6.46,6.48,739,0
RNK,60,20241107,110000,6.48,6.56,6.48,6.56,11133,0
RNK,60,20241107,120000,6.56,6.56,6.56,6.56,750,0
RNK,60,20241107,130000,6.56,6.58,6.56,6.58,229,0
RNK,60,20241107,140000,6.58,6.58,6.52,6.56,2910,0
RNK,60,20241107,150000,6.56,6.58,6.54,6.54,3063,0
RNK,60,20241107,160000,6.54,6.58,6.46,6.46,2679,0
RNK,60,20241107,170000,6.58,6.58,6.5,6.58,2513,0
RNK,60,20241108,100000,6.6,6.6,6.5,6.6,2018,0
RNK,60,20241108,110000,6.6,6.6,6.56,6.6,225,0
RNK,60,20241108,130000,6.6,6.6,6.6,6.6,33,0
RNK,60,20241108,140000,6.6,6.64,6.6,6.64,1422,0
RNK,60,20241108,150000,6.64,6.66,6.64,6.66,1415,0
RNK,60,20241108,160000,6.6,6.66,6.56,6.66,1022,0
RNK,60,20241108,170000,6.66,6.66,6.64,6.66,2647,0
RNK,60,20241112,100000,6.66,6.76,6.66,6.66,3785,0
RNK,60,20241112,110000,6.74,6.74,6.64,6.74,503,0
RNK,60,20241112,120000,6.64,6.76,6.6,6.76,2915,0
RNK,60,20241112,130000,6.74,6.78,6.74,6.78,1283,0
RNK,60,20241112,140000,6.68,6.78,6.68,6.78,212,0
RNK,60,20241112,150000,6.78,6.78,6.74,6.74,410,0
RNK,60,20241112,160000,6.78,6.78,6.78,6.78,11,0
RNK,60,20241112,170000,6.74,6.76,6.7,6.76,829,0
RNK,60,20241113,100000,6.76,6.9,6.72,6.8,5099,0
RNK,60,20241113,110000,6.8,6.84,6.72,6.72,1838,0
RNK,60,20241113,120000,6.84,6.94,6.72,6.86,8431,0
RNK,60,20241113,130000,6.96,7,6.9,7,1262,0
RNK,60,20241113,140000,6.9,7,6.9,7,176,0
RNK,60,20241113,150000,6.9,7.16,6.9,7.12,7659,0
RNK,60,20241113,160000,7.12,7.12,6.94,6.94,1306,0
RNK,60,20241113,170000,6.98,7,6.94,6.98,4031,0
RNK,60,20241114,100000,7.04,7.04,6.92,6.94,1617,0
RNK,60,20241114,110000,6.94,7.06,6.94,7.06,838,0
RNK,60,20241114,120000,7,7,7,7,1150,0
RNK,60,20241114,130000,6.94,7,6.94,7,5,0
RNK,60,20241114,140000,7,7.04,6.96,7.04,2268,0
RNK,60,20241114,150000,6.98,6.98,6.98,6.98,77,0
RNK,60,20241114,160000,7,7.08,6.98,7.08,4304,0
RNK,60,20241114,170000,7,7.06,7,7.06,927,0
RNK,60,20241115,100000,7.08,7.08,7.08,7.08,27,0
RNK,60,20241115,110000,7.06,7.06,7,7,537,0
RNK,60,20241115,120000,7.04,7.06,7.04,7.04,169,0
RNK,60,20241115,130000,7.04,7.04,6.84,6.84,5215,0
RNK,60,20241115,140000,6.98,6.98,6.98,6.98,805,0
RNK,60,20241115,150000,6.84,6.84,6.84,6.84,24,0
RNK,60,20241115,160000,6.82,6.94,6.8,6.86,1927,0
RNK,60,20241115,170000,6.82,6.92,6.8,6.88,2140,0
RNK,60,20241118,100000,6.76,6.9,6.72,6.72,3339,0
RNK,60,20241118,110000,6.72,6.9,6.72,6.9,120,0
RNK,60,20241118,130000,6.72,6.72,6.6,6.6,2580,0
RNK,60,20241118,160000,6.82,6.82,6.82,6.82,5,0
RNK,60,20241119,100000,6.82,6.82,6.62,6.78,631,0
RNK,60,20241119,110000,6.66,6.66,6.6,6.6,760,0
RNK,60,20241119,120000,6.56,6.56,6.56,6.56,510,0
RNK,60,20241119,130000,6.56,6.56,6.5,6.5,2461,0
RNK,60,20241119,140000,6.5,6.5,6.5,6.5,400,0
RNK,60,20241119,150000,6.52,6.52,6.46,6.46,1900,0
RNK,60,20241119,160000,6.48,6.48,6.46,6.46,503,0
RNK,60,20241119,170000,6.58,6.58,6.56,6.56,343,0
RNK,60,20241120,100000,6.6,6.68,6.6,6.68,2047,0
RNK,60,20241120,110000,6.68,6.68,6.68,6.68,300,0
RNK,60,20241120,120000,6.68,6.68,6.6,6.6,947,0
RNK,60,20241120,130000,6.68,6.68,6.68,6.68,10,0
RNK,60,20241120,140000,6.68,6.7,6.68,6.7,2030,0
RNK,60,20241120,150000,6.74,6.74,6.7,6.7,800,0
RNK,60,20241120,160000,6.7,6.72,6.7,6.72,97,0
RNK,60,20241120,170000,6.68,6.68,6.6,6.6,2003,0
RNK,60,20241121,100000,6.58,6.7,6.58,6.7,83,0
RNK,60,20241121,110000,6.56,6.7,6.5,6.7,461,0
RNK,60,20241121,130000,6.7,6.84,6.7,6.84,869,0
RNK,60,20241121,140000,6.84,6.84,6.84,6.84,250,0
RNK,60,20241121,160000,6.84,6.84,6.84,6.84,206,0
RNK,60,20241121,170000,6.84,6.84,6.84,6.84,950,0
RNK,60,20241122,100000,6.64,6.86,6.64,6.86,3004,0
RNK,60,20241122,110000,6.8,6.86,6.8,6.84,1279,0
RNK,60,20241122,120000,6.72,6.84,6.7,6.84,365,0
RNK,60,20241122,140000,6.82,6.82,6.82,6.82,20,0
RNK,60,20241122,150000,6.7,6.7,6.7,6.7,290,0
RNK,60,20241122,160000,6.8,6.8,6.66,6.66,738,0
RNK,60,20241122,170000,6.64,6.78,6.62,6.78,1674,0
RNK,60,20241125,100000,6.68,6.88,6.6,6.88,1775,0
RNK,60,20241125,110000,6.88,6.88,6.88,6.88,39,0
RNK,60,20241125,120000,6.8,6.88,6.8,6.88,71,0
RNK,60,20241126,100000,6.82,6.88,6.8,6.88,1818,0
RNK,60,20241126,110000,6.8,6.88,6.78,6.88,21,0
RNK,60,20241126,130000,6.78,6.88,6.68,6.78,2427,0
RNK,60,20241126,140000,6.68,6.68,6.6,6.6,1200,0
RNK,60,20241126,150000,6.62,6.7,6.44,6.44,2799,0
RNK,60,20241126,160000,6.42,6.5,6.2,6.38,16021,0
RNK,60,20241126,170000,6.26,6.46,6.26,6.46,6931,0
RNK,60,20241127,100000,6.36,6.4,6.36,6.4,405,0
RNK,60,20241127,110000,6.4,6.4,6.4,6.4,1045,0
RNK,60,20241127,120000,6.48,6.56,6.48,6.56,58,0
RNK,60,20241127,150000,6.58,6.58,6.58,6.58,945,0
RNK,60,20241128,170000,6.42,6.5,6.32,6.5,1996,0
RNK,60,20241129,100000,6.3,6.48,6.28,6.44,2874,0
RNK,60,20241129,110000,6.28,6.28,6.26,6.26,2000,0
RNK,60,20241129,120000,6.28,6.28,6.28,6.28,488,0
RNK,60,20241129,130000,6.4,6.4,6.4,6.4,775,0
RNK,60,20241129,140000,6.4,6.42,6.4,6.42,249,0
RNK,60,20241129,160000,6.32,6.4,6.32,6.4,160,0
RNK,60,20241129,170000,6.32,6.38,6.32,6.38,2117,0
RNK,60,20241202,100000,6.38,6.4,6.3,6.3,2318,0
RNK,60,20241202,130000,6.3,6.3,6.3,6.3,700,0
RNK,60,20241202,140000,6.28,6.28,6.24,6.24,2947,0
RNK,60,20241202,150000,6.26,6.26,6.22,6.22,282,0
RNK,60,20241202,160000,6.26,6.3,6.26,6.3,1839,0
RNK,60,20241203,100000,6.22,6.3,6.2,6.22,2310,0
RNK,60,20241203,110000,6.2,6.2,6.2,6.2,999,0
RNK,60,20241203,120000,6.2,6.2,6.2,6.2,4395,0
RNK,60,20241203,130000,6.26,6.26,6.26,6.26,5,0
RNK,60,20241203,160000,6.2,6.26,6.2,6.26,253,0
RNK,60,20241203,170000,6.24,6.24,6.24,6.24,395,0
RNK,60,20241204,110000,6.22,6.24,6.2,6.2,1770,0
RNK,60,20241204,120000,6.18,6.18,6.08,6.08,4259,0
RNK,60,20241204,130000,6.04,6.16,6,6.08,3274,0
RNK,60,20241204,140000,6.08,6.08,6,6,314,0
RNK,60,20241204,150000,6.12,6.12,5.82,5.82,4881,0
RNK,60,20241204,160000,5.9,6.02,5.9,6.02,6139,0
RNK,60,20241204,170000,5.92,5.92,5.92,5.92,436,0
RNK,60,20241205,100000,5.9,5.92,5.9,5.92,2763,0
RNK,60,20241205,110000,5.92,6.1,5.92,6.1,237,0
RNK,60,20241205,120000,6.06,6.2,6.06,6.2,1776,0
RNK,60,20241205,130000,6.2,6.2,6.2,6.2,179,0
RNK,60,20241205,150000,6.18,6.18,6.18,6.18,5,0
RNK,60,20241205,170000,6.18,6.18,6.18,6.18,205,0
RNK,60,20241206,100000,6.18,6.18,6,6,2262,0
RNK,60,20241206,110000,6.14,6.14,6.14,6.14,5,0
RNK,60,20241206,120000,6,6,6,6,397,0
RNK,60,20241206,130000,6,6,5.94,6,7305,0
RNK,60,20241206,140000,5.96,5.96,5.96,5.96,20,0
RNK,60,20241206,150000,5.98,5.98,5.98,5.98,405,0
RNK,60,20241206,160000,5.98,6,5.98,6,2626,0
RNK,60,20241206,170000,5.96,6,5.94,6,2823,0
RNK,60,20241209,100000,6.04,6.04,5.94,5.94,3319,0
RNK,60,20241209,110000,5.94,5.94,5.9,5.9,3275,0
RNK,60,20241209,120000,5.88,5.98,5.8,5.98,7607,0
RNK,60,20241209,140000,5.94,6.04,5.9,5.9,7274,0
RNK,60,20241209,150000,5.9,6,5.9,6,1162,0
RNK,60,20241209,170000,5.98,5.98,5.98,5.98,5,0
RNK,60,20241210,100000,6,6.12,6,6.12,45,0
RNK,60,20241210,110000,6,6.02,5.92,5.92,660,0
RNK,60,20241210,120000,5.9,5.9,5.7,5.8,10128,0
RNK,60,20241210,130000,5.8,5.88,5.76,5.88,1344,0
RNK,60,20241210,160000,5.88,5.88,5.72,5.8,3328,0
RNK,60,20241210,170000,5.84,5.9,5.84,5.9,590,0
RNK,60,20241211,100000,5.9,6,5.9,6,1004,0
RNK,60,20241211,110000,5.94,5.94,5.8,5.8,435,0
RNK,60,20241211,120000,5.94,5.94,5.94,5.94,5,0
RNK,60,20241211,160000,5.8,5.8,5.8,5.8,1432,0
RNK,60,20241211,170000,5.8,5.92,5.74,5.92,1046,0
RNK,60,20241212,100000,5.92,5.92,5.92,5.92,149,0
RNK,60,20241212,110000,5.82,5.82,5.82,5.82,500,0
RNK,60,20241212,120000,5.9,5.9,5.9,5.9,5,0
RNK,60,20241212,130000,5.86,5.86,5.86,5.86,395,0
RNK,60,20241212,160000,5.9,5.9,5.9,5.9,5,0
RNK,60,20241212,170000,5.92,5.92,5.92,5.92,5,0
RNK,60,20241213,100000,5.98,6,5.8,5.8,1183,0
RNK,60,20241213,110000,5.86,5.86,5.86,5.86,5,0
RNK,60,20241213,150000,5.8,5.98,5.8,5.98,45,0
RNK,60,20241213,160000,5.98,5.98,5.98,5.98,10,0
RNK,60,20241213,170000,5.98,5.98,5.98,5.98,7,0
RNK,60,20241216,100000,5.98,6,5.8,5.98,1557,0
RNK,60,20241216,110000,5.98,6,5.98,6,1235,0
RNK,60,20241216,120000,5.98,5.98,5.96,5.96,7573,0
RNK,60,20241216,130000,5.92,5.92,5.92,5.92,11,0
RNK,60,20241216,140000,5.9,5.92,5.9,5.9,92,0
RNK,60,20241216,150000,5.9,5.9,5.74,5.74,1999,0
RNK,60,20241216,160000,5.94,5.94,5.94,5.94,32,0
RNK,60,20241216,170000,5.74,5.92,5.74,5.92,225,0
RNK,60,20241217,100000,5.78,5.9,5.78,5.9,1972,0
RNK,60,20241217,130000,5.72,5.72,5.6,5.64,6210,0
RNK,60,20241217,140000,5.7,5.84,5.7,5.84,50,0
RNK,60,20241217,170000,5.8,5.8,5.8,5.8,127,0
RNK,60,20241218,100000,5.66,5.76,5.66,5.76,505,0
RNK,60,20241218,120000,5.72,5.72,5.72,5.72,203,0
RNK,60,20241218,130000,5.72,5.74,5.7,5.74,8362,0
RNK,60,20241218,140000,5.74,5.78,5.66,5.78,2474,0
RNK,60,20241218,160000,5.72,5.8,5.7,5.72,2086,0
RNK,60,20241218,170000,5.72,5.76,5.72,5.76,33,0
RNK,60,20241219,100000,5.7,5.7,5.7,5.7,820,0
RNK,60,20241219,110000,5.7,5.78,5.52,5.78,6211,0
RNK,60,20241219,130000,5.74,5.74,5.74,5.74,134,0
RNK,60,20241219,140000,5.58,5.74,5.58,5.58,915,0
RNK,60,20241219,150000,5.74,5.74,5.74,5.74,5,0
RNK,60,20241219,160000,5.6,5.6,5.6,5.6,30,0
RNK,60,20241219,170000,5.74,5.74,5.74,5.74,5,0
RNK,60,20241220,120000,5.68,5.9,5.68,5.88,2519,0
RNK,60,20241220,130000,5.78,5.78,5.78,5.78,480,0
RNK,60,20241220,140000,5.84,5.9,5.84,5.9,3948,0
RNK,60,20241220,150000,5.9,6.12,5.9,6.12,5360,0
RNK,60,20241220,160000,6.14,6.18,6.12,6.16,2428,0
RNK,60,20241220,170000,6.12,6.24,6.12,6.24,29509,0
RNK,60,20241223,110000,6.24,6.24,6.24,6.24,5,0
RNK,60,20241223,120000,5.98,5.98,5.98,5.98,1000,0
RNK,60,20241223,130000,5.98,6.2,5.98,6.2,1005,0
RNK,60,20241223,140000,5.98,6.2,5.98,5.98,618,0
RNK,60,20241223,150000,6.1,6.16,6,6.16,54,0
RNK,60,20241223,160000,6.06,6.06,6.06,6.06,25,0
RNK,60,20241223,170000,6.06,6.08,5.98,6.08,1567,0
RNK,60,20241227,100000,6.08,6.08,6.08,6.08,881,0
RNK,60,20241227,110000,6.08,6.2,5.92,5.92,4276,0
RNK,60,20241227,140000,6.1,6.14,5.92,5.92,4546,0
RNK,60,20241227,150000,5.92,5.92,5.92,5.92,70,0
RNK,60,20241227,170000,6,6.02,5.8,5.84,9708,0
RNK,60,20241230,100000,5.74,5.98,5.74,5.96,1029,0
RNK,60,20241230,150000,5.88,5.88,5.88,5.88,1000,0
RNK,60,20241230,160000,5.88,6.06,5.88,6.06,5825,0
RNK,60,20241230,170000,6.04,6.18,6.04,6.16,11943,0
RNK,60,20250102,100000,6.38,6.38,6.2,6.2,2493,0
RNK,60,20250102,110000,6.1,6.2,6.1,6.2,2352,0
RNK,60,20250102,120000,6.2,6.3,6.2,6.3,500,0
RNK,60,20250102,140000,6.28,6.28,6.28,6.28,274,0
RNK,60,20250102,150000,6.12,6.26,6.12,6.26,33,0
RNK,60,20250102,160000,6.12,6.24,6.1,6.24,3005,0
RNK,60,20250103,100000,6.18,6.2,6.14,6.16,2907,0
RNK,60,20250103,110000,6.16,6.16,6.16,6.16,200,0
RNK,60,20250103,120000,6.1,6.1,6.1,6.1,102,0
RNK,60,20250103,130000,6.16,6.16,6.16,6.16,50,0
RNK,60,20250103,150000,6.1,6.16,5.84,6.12,7214,0
RNK,60,20250103,170000,6.08,6.08,6.08,6.08,112,0
RNK,60,20250107,100000,6.08,6.08,6,6.08,143,0
RNK,60,20250107,110000,6.08,6.08,6.08,6.08,613,0
RNK,60,20250107,120000,6.06,6.06,6.02,6.02,400,0
RNK,60,20250107,130000,6.02,6.08,6.02,6.08,887,0
RNK,60,20250107,140000,6.08,6.08,6.08,6.08,220,0
RNK,60,20250107,170000,6.06,6.08,6.02,6.08,112,0
RNK,60,20250108,100000,6.06,6.06,6.06,6.06,300,0
RNK,60,20250108,110000,6.02,6.08,6.02,6.08,108,0
RNK,60,20250108,150000,6,6,6,6,600,0
RNK,60,20250108,160000,6,6.06,5.92,6.06,1508,0
RNK,60,20250108,170000,6.06,6.06,5.82,6.04,159,0
RNK,60,20250109,110000,6,6.04,6,6.04,106,0
RNK,60,20250109,160000,6,6,6,6,2,0
RNK,60,20250109,170000,6,6.1,6,6.1,9563,0
RNK,60,20250110,120000,6.1,6.2,5.92,5.92,9529,0
RNK,60,20250110,130000,6.2,6.2,6.02,6.18,1006,0
RNK,60,20250110,150000,6.14,6.14,6.14,6.14,675,0
RNK,60,20250110,160000,6.16,6.18,6.08,6.08,2551,0
RNK,60,20250110,170000,6.18,6.18,6.08,6.18,681,0
RNK,60,20250113,100000,6.18,6.18,6.04,6.04,860,0
RNK,60,20250113,110000,6.04,6.18,6.04,6.18,515,0
RNK,60,20250113,170000,6.16,6.16,6.16,6.16,1338,0
RNK,60,20250114,100000,6.06,6.18,6.04,6.18,122,0
RNK,60,20250114,140000,6.18,6.18,6.18,6.18,291,0
RNK,60,20250114,150000,6.12,6.18,6.12,6.18,2196,0
RNK,60,20250114,160000,6.16,6.16,6.16,6.16,6397,0
RNK,60,20250114,170000,6.16,6.16,6.16,6.16,740,0
RNK,60,20250115,100000,6.16,6.16,6.16,6.16,595,0
RNK,60,20250115,150000,6.16,6.16,6.16,6.16,1349,0
RNK,60,20250115,160000,6.06,6.16,6.06,6.16,16,0
RNK,60,20250115,170000,6.16,6.16,6.16,6.16,16012,0
RNK,60,20250116,100000,6.04,6.04,6.04,6.04,700,0
RNK,60,20250116,120000,6.16,6.16,6.16,6.16,10,0
RNK,60,20250116,130000,6.16,6.16,6.16,6.16,940,0
RNK,60,20250116,150000,6.14,6.14,6.14,6.14,859,0
RNK,60,20250116,170000,6.16,6.18,6.16,6.16,8058,0
RNK,60,20250117,120000,6.06,6.06,6.06,6.06,1108,0
RNK,60,20250117,140000,6.08,6.16,6.08,6.16,179,0
RNK,60,20250117,170000,6.12,6.18,6.12,6.18,12166,0
RNK,60,20250120,100000,6.2,6.5,6.2,6.5,5808,0
RNK,60,20250120,110000,6.44,6.44,6.44,6.44,749,0
RNK,60,20250120,120000,6.44,6.5,6.3,6.3,5135,0
RNK,60,20250120,150000,6.36,6.36,6.36,6.36,7,0
RNK,60,20250120,160000,6.36,6.48,6.36,6.48,18,0
RNK,60,20250120,170000,6.48,6.5,6.48,6.48,742,0
RNK,60,20250121,100000,6.5,6.5,6.48,6.5,1720,0
RNK,60,20250121,110000,6.4,6.48,6.4,6.48,1000,0
RNK,60,20250121,120000,6.5,6.5,6.5,6.5,687,0
RNK,60,20250121,140000,6.58,6.58,6.58,6.58,882,0
RNK,60,20250121,160000,6.54,6.54,6.54,6.54,1800,0
RNK,60,20250121,170000,6.68,6.8,6.68,6.8,4716,0
RNK,60,20250122,100000,6.66,6.76,6.56,6.76,1219,0
RNK,60,20250122,160000,6.56,6.56,6.56,6.56,17,0
RNK,60,20250122,170000,6.7,6.74,6.7,6.74,2003,0
RNK,60,20250123,100000,6.78,6.8,6.78,6.8,2352,0
RNK,60,20250123,120000,6.56,6.6,6.56,6.6,735,0
RNK,60,20250123,130000,6.74,6.74,6.7,6.7,200,0
RNK,60,20250123,170000,6.7,6.78,6.7,6.78,2653,0
RNK,60,20250124,100000,6.78,6.78,6.78,6.78,131,0
RNK,60,20250124,110000,6.76,6.78,6.76,6.78,36,0
RNK,60,20250124,130000,6.66,6.66,6.66,6.66,60,0
RNK,60,20250124,140000,6.66,6.66,6.66,6.66,93,0
RNK,60,20250124,160000,6.6,6.6,6.6,6.6,1000,0
RNK,60,20250124,170000,6.66,6.66,6.66,6.66,5,0
RNK,60,20250127,100000,6.7,6.7,6.7,6.7,107,0
RNK,60,20250127,110000,6.58,6.58,6.58,6.58,880,0
RNK,60,20250127,120000,6.6,6.6,6.6,6.6,150,0
RNK,60,20250127,130000,6.6,6.6,6.6,6.6,126,0
RNK,60,20250127,170000,6.68,6.68,6.68,6.68,105,0
RNK,60,20250128,130000,6.6,6.6,6.6,6.6,424,0
RNK,60,20250128,150000,6.6,6.6,6.6,6.6,226,0
RNK,60,20250128,170000,6.6,6.66,6.6,6.66,7439,0
RNK,60,20250129,110000,6.56,6.66,6.4,6.66,1563,0
RNK,60,20250129,120000,6.42,6.42,6.4,6.4,1607,0
RNK,60,20250129,130000,6.4,6.4,6.4,6.4,3,0
RNK,60,20250129,140000,6.58,6.58,6.58,6.58,14,0
RNK,60,20250129,150000,6.58,6.58,6.58,6.58,300,0
RNK,60,20250129,160000,6.46,6.46,6.46,6.46,425,0
RNK,60,20250129,170000,6.52,6.58,6.52,6.58,617,0
RNK,60,20250130,100000,6.5,6.5,6.42,6.42,380,0
RNK,60,20250130,110000,6.58,6.58,6.58,6.58,75,0
RNK,60,20250130,150000,6.58,6.6,6.58,6.58,1758,0
RNK,60,20250130,170000,6.64,6.64,6.64,6.64,1500,0
RNK,60,20250131,100000,6.46,6.46,6.46,6.46,87,0
RNK,60,20250131,110000,6.64,6.64,6.64,6.64,200,0
RNK,60,20250131,120000,6.66,6.66,6.66,6.66,275,0
RNK,60,20250131,130000,6.66,6.66,6.66,6.66,3,0
RNK,60,20250131,160000,6.56,6.56,6.52,6.52,1000,0
RNK,60,20250131,170000,6.52,6.66,6.52,6.66,535,0
RNK,60,20250203,100000,6.42,6.66,6.42,6.42,2392,0
RNK,60,20250203,110000,6.42,6.6,6.4,6.4,2613,0
RNK,60,20250203,120000,6.4,6.42,6.4,6.4,1609,0
RNK,60,20250203,130000,6.4,6.4,6.4,6.4,500,0
RNK,60,20250203,150000,6.4,6.4,6.4,6.4,181,0
RNK,60,20250203,160000,6.54,6.54,6.32,6.32,379,0
RNK,60,20250203,170000,6.5,6.5,6.5,6.5,5,0
RNK,60,20250204,100000,6.32,6.52,6.3,6.52,421,0
RNK,60,20250204,110000,6.5,6.5,6.5,6.5,4,0
RNK,60,20250204,140000,6.4,6.4,6.3,6.3,1545,0
RNK,60,20250204,170000,6.34,6.38,6.34,6.38,1159,0
RNK,60,20250205,100000,6.28,6.28,6.28,6.28,120,0
RNK,60,20250205,110000,6.28,6.28,6.28,6.28,46,0
RNK,60,20250205,120000,6.28,6.28,6.28,6.28,960,0
RNK,60,20250205,160000,6.34,6.34,6.34,6.34,500,0
RNK,60,20250206,100000,6.38,6.38,6.38,6.38,18,0
RNK,60,20250206,110000,6.24,6.24,6.24,6.24,175,0
RNK,60,20250206,130000,6.24,6.24,6.24,6.24,154,0
RNK,60,20250206,170000,6.34,6.34,6.24,6.24,1066,0
RNK,60,20250207,100000,6.36,6.36,6.22,6.34,736,0
RNK,60,20250207,110000,6.22,6.34,6.22,6.34,546,0
RNK,60,20250207,120000,6.22,6.22,6.2,6.2,1816,0
RNK,60,20250207,130000,6.16,6.32,6.16,6.32,656,0
RNK,60,20250207,140000,6.1,6.3,6.1,6.3,1100,0
RNK,60,20250207,160000,6.1,6.1,6.1,6.1,264,0
RNK,60,20250207,170000,6,6,5.8,5.9,30248,0
RNK,60,20250210,100000,5.96,6.04,5.74,5.74,21374,0
RNK,60,20250210,110000,5.76,5.9,5.72,5.84,4278,0
RNK,60,20250210,120000,5.84,5.84,5.64,5.64,10665,0
RNK,60,20250210,130000,5.64,5.76,5.6,5.76,9637,0
RNK,60,20250210,140000,5.62,5.74,5.6,5.6,7152,0
RNK,60,20250210,150000,5.7,5.74,5.6,5.74,959,0
RNK,60,20250210,160000,5.72,5.72,5.7,5.7,1145,0
RNK,60,20250210,170000,5.7,5.7,5.5,5.5,21665,0
RNK,60,20250211,100000,5.6,5.68,5.5,5.54,4054,0
RNK,60,20250211,110000,5.54,5.62,5.54,5.62,1793,0
RNK,60,20250211,120000,5.62,5.62,5.58,5.6,1700,0
RNK,60,20250211,130000,5.54,5.66,5.5,5.58,6228,0
RNK,60,20250211,140000,5.58,5.58,5.5,5.5,457,0
RNK,60,20250211,150000,5.5,5.5,5.46,5.48,1414,0
RNK,60,20250211,160000,5.5,5.52,5.5,5.52,798,0
RNK,60,20250211,170000,5.48,5.48,5.36,5.48,13446,0
RNK,60,20250212,100000,5.36,5.46,5.3,5.46,2059,0
RNK,60,20250212,110000,5.46,5.5,5.46,5.5,1652,0
RNK,60,20250212,120000,5.46,5.46,5.04,5.08,18136,0
RNK,60,20250212,130000,5.26,5.26,4.83,5.18,30923,0
RNK,60,20250212,140000,5.22,5.24,5.22,5.24,1241,0
RNK,60,20250212,150000,5.22,5.22,5.16,5.16,1475,0
RNK,60,20250212,160000,5.14,5.18,5,5.18,8505,0
RNK,60,20250212,170000,5.16,5.16,5.04,5.08,3545,0
RNK,60,20250213,100000,5.06,5.22,5.04,5.22,12106,0
RNK,60,20250213,110000,5.2,5.22,4.88,5.08,15564,0
RNK,60,20250213,120000,5.08,5.1,5.08,5.1,100,0
RNK,60,20250213,130000,5.04,5.08,5,5,985,0
RNK,60,20250213,140000,4.98,5.06,4.9,5.06,2879,0
RNK,60,20250213,160000,5,5.06,4.94,5.06,587,0
RNK,60,20250213,170000,5.06,5.06,5.06,5.06,2323,0
RNK,60,20250214,100000,5.02,5.06,4.99,4.99,1313,0
RNK,60,20250214,110000,5,5.04,4.82,4.9,4266,0
RNK,60,20250214,120000,4.9,4.96,4.88,4.9,28933,0
RNK,60,20250214,130000,4.9,5.02,4.9,5.02,7334,0
RNK,60,20250214,140000,5.02,5.02,5.02,5.02,3,0
RNK,60,20250214,150000,4.99,5,4.99,5,1068,0
RNK,60,20250214,160000,4.94,4.98,4.93,4.93,474,0
RNK,60,20250214,170000,4.97,4.97,4.96,4.96,1106,0
RNK,60,20250217,100000,5,5.08,5,5.08,5505,0
RNK,60,20250217,110000,5.08,5.12,5.04,5.1,7858,0
RNK,60,20250217,120000,5.1,5.1,5.04,5.04,1758,0
RNK,60,20250217,140000,5.02,5.1,5,5.08,5624,0
RNK,60,20250217,160000,5.08,5.1,5.08,5.1,860,0
RNK,60,20250217,170000,5.08,5.1,5.02,5.1,3662,0
RNK,60,20250218,100000,5.12,5.12,5.1,5.12,6585,0
RNK,60,20250218,110000,5.06,5.1,5.06,5.1,858,0
RNK,60,20250218,120000,5.1,5.1,5.1,5.1,196,0
RNK,60,20250218,140000,5.1,5.1,5.08,5.08,1895,0
RNK,60,20250218,150000,5.06,5.08,5.02,5.08,6892,0
RNK,60,20250218,160000,5,5,4.91,4.91,2571,0
RNK,60,20250218,170000,4.99,5.06,4.94,4.96,1622,0
RNK,60,20250219,100000,4.96,5.02,4.92,5.02,3999,0
RNK,60,20250219,120000,5,5.02,5,5.02,1098,0
RNK,60,20250219,130000,5,5,4.96,4.96,2201,0
RNK,60,20250219,140000,4.96,4.96,4.94,4.96,4157,0
RNK,60,20250219,150000,4.94,4.94,4.7,4.7,27051,0
RNK,60,20250219,160000,4.74,4.78,4.7,4.78,7618,0
RNK,60,20250219,170000,4.78,4.78,4.69,4.69,21610,0
RNK,60,20250220,100000,4.67,4.89,4.65,4.73,3577,0
RNK,60,20250220,110000,4.73,4.76,4.73,4.76,1647,0
RNK,60,20250220,120000,4.74,4.76,4.74,4.76,496,0
RNK,60,20250220,130000,4.76,4.82,4.74,4.74,3205,0
RNK,60,20250220,150000,4.8,4.8,4.8,4.8,10,0
RNK,60,20250220,160000,4.78,4.78,4.74,4.78,602,0
RNK,60,20250220,170000,4.74,4.74,4.73,4.73,802,0
RNK,60,20250221,100000,4.76,4.78,4.71,4.78,911,0
RNK,60,20250221,110000,4.72,4.78,4.71,4.78,2020,0
RNK,60,20250221,120000,4.78,4.78,4.78,4.78,620,0
RNK,60,20250221,130000,4.76,4.78,4.57,4.64,7856,0
RNK,60,20250221,140000,4.6,4.64,4.5,4.62,12644,0
RNK,60,20250221,160000,4.63,4.64,4.63,4.64,240,0
RNK,60,20250221,170000,4.58,4.64,4.58,4.63,1770,0
RNK,60,20250224,100000,4.66,4.72,4.53,4.53,1809,0
RNK,60,20250224,110000,4.6,4.6,4.54,4.6,5551,0
RNK,60,20250224,120000,4.53,4.6,4.51,4.51,1659,0
RNK,60,20250224,130000,4.51,4.59,4.5,4.59,2145,0
RNK,60,20250224,140000,4.56,4.56,4.5,4.5,157,0
RNK,60,20250224,150000,4.48,4.48,4.44,4.47,4781,0
RNK,60,20250224,160000,4.47,4.5,4.45,4.5,6935,0
RNK,60,20250224,170000,4.5,4.5,4.5,4.5,218,0
RNK,60,20250225,100000,4.48,4.48,4.24,4.28,19696,0
RNK,60,20250225,110000,4.28,4.38,4.28,4.38,30321,0
RNK,60,20250225,120000,4.39,4.42,4.39,4.42,1003,0
RNK,60,20250225,130000,4.42,4.42,4.42,4.42,1000,0
RNK,60,20250225,140000,4.41,4.41,4.4,4.4,1500,0
RNK,60,20250225,150000,4.4,4.4,4.4,4.4,1200,0
RNK,60,20250225,170000,4.4,4.43,4.3,4.43,7070,0
RNK,60,20250226,100000,4.48,4.48,4.48,4.48,147,0
RNK,60,20250226,110000,4.48,4.88,4.48,4.88,16782,0
RNK,60,20250226,120000,4.8,4.86,4.67,4.8,5080,0
RNK,60,20250226,130000,4.8,4.92,4.8,4.92,7680,0
RNK,60,20250226,140000,4.96,4.98,4.74,4.78,9368,0
RNK,60,20250226,150000,4.8,4.87,4.71,4.86,2017,0
RNK,60,20250226,160000,4.8,4.95,4.8,4.95,3880,0
RNK,60,20250226,170000,4.92,4.92,4.83,4.91,1706,0
RNK,60,20250227,100000,4.96,4.96,4.8,4.94,8855,0
RNK,60,20250227,110000,4.78,4.91,4.78,4.91,625,0
RNK,60,20250227,120000,4.79,4.9,4.79,4.9,504,0
RNK,60,20250227,130000,4.81,4.81,4.8,4.8,1013,0
RNK,60,20250227,150000,4.85,4.85,4.85,4.85,360,0
RNK,60,20250227,170000,4.88,4.88,4.88,4.88,212,0
RNK,60,20250228,100000,4.85,4.85,4.55,4.83,6802,0
RNK,60,20250228,130000,4.79,4.79,4.79,4.79,1,0
RNK,60,20250228,140000,4.64,4.64,4.58,4.6,4499,0
RNK,60,20250228,150000,4.6,4.7,4.6,4.65,14498,0
RNK,60,20250228,160000,4.6,4.65,4.6,4.6,1630,0
RNK,60,20250228,170000,4.62,4.74,4.54,4.65,8265,0
RNK,60,20250303,100000,4.65,4.78,4.55,4.74,7088,0
RNK,60,20250303,110000,4.7,4.7,4.46,4.46,7228,0
RNK,60,20250303,120000,4.45,4.57,4.37,4.52,4392,0
RNK,60,20250303,130000,4.39,4.5,4.39,4.5,1390,0
RNK,60,20250303,140000,4.5,4.54,4.5,4.54,1178,0
RNK,60,20250303,150000,4.54,4.63,4.54,4.61,5889,0
RNK,60,20250303,160000,4.61,4.61,4.53,4.6,1622,0
RNK,60,20250303,170000,4.59,4.6,4.51,4.51,555,0
RNK,60,20250304,100000,4.47,4.58,4.4,4.5,6597,0
RNK,60,20250304,110000,4.5,4.52,4.4,4.4,9346,0
RNK,60,20250304,130000,4.44,4.44,4.42,4.42,445,0
RNK,60,20250304,150000,4.4,4.4,4.28,4.3,2300,0
RNK,60,20250304,160000,4.45,4.46,4.28,4.28,691,0
RNK,60,20250304,170000,4.28,4.42,4.28,4.42,4171,0
RNK,60,20250305,100000,4.4,4.4,4.38,4.4,2840,0
RNK,60,20250305,110000,4.39,4.4,4.39,4.4,147,0
RNK,60,20250305,120000,4.4,4.45,4.4,4.45,1057,0
RNK,60,20250305,130000,4.45,4.47,4.45,4.47,2329,0
RNK,60,20250305,140000,4.52,4.55,4.39,4.55,2112,0
RNK,60,20250305,160000,4.42,4.42,4.42,4.42,336,0
RNK,60,20250305,170000,4.42,4.42,4.42,4.42,2187,0
RNK,60,20250306,100000,4.43,4.52,4.42,4.44,2354,0
RNK,60,20250306,110000,4.44,4.44,4.44,4.44,200,0
RNK,60,20250306,120000,4.43,4.43,4.43,4.43,210,0
RNK,60,20250306,130000,4.42,4.42,4.42,4.42,1809,0
RNK,60,20250306,150000,4.42,4.42,4.36,4.36,1406,0
RNK,60,20250306,160000,4.38,4.38,4.37,4.37,380,0
RNK,60,20250306,170000,4.38,4.4,4.36,4.4,1010,0
RNK,60,20250307,100000,4.51,4.51,4.5,4.5,659,0
RNK,60,20250307,110000,4.5,4.51,4.5,4.51,827,0
RNK,60,20250307,120000,4.51,4.51,4.51,4.51,395,0
RNK,60,20250307,130000,4.5,4.5,4.36,4.36,1351,0
RNK,60,20250307,170000,4.35,4.42,4.35,4.42,2021,0
RNK,60,20250310,100000,4.36,4.52,4.36,4.36,700,0
RNK,60,20250310,110000,4.38,4.38,4.36,4.36,1957,0
RNK,60,20250310,120000,4.4,4.4,4.4,4.4,50,0
RNK,60,20250310,130000,4.4,4.4,4.4,4.4,400,0
RNK,60,20250310,150000,4.39,4.39,4.36,4.36,1690,0
RNK,60,20250311,100000,4.44,4.44,4.29,4.29,10261,0
RNK,60,20250311,110000,4.3,4.3,4.28,4.3,4015,0
RNK,60,20250311,130000,4.29,4.29,4.29,4.29,2500,0
RNK,60,20250311,160000,4.3,4.3,4.29,4.29,390,0
RNK,60,20250311,170000,4.28,4.3,4.28,4.28,410,0
RNK,60,20250312,100000,4.3,4.3,4.28,4.28,5667,0
RNK,60,20250312,110000,4.25,4.45,4.25,4.45,26831,0
RNK,60,20250312,120000,4.36,4.45,4.36,4.43,633,0
RNK,60,20250312,130000,4.42,4.66,4.42,4.59,14194,0
RNK,60,20250312,140000,4.63,4.7,4.45,4.45,8533,0
RNK,60,20250312,150000,4.5,4.62,4.5,4.62,2090,0
RNK,60,20250312,160000,4.62,4.62,4.54,4.54,1763,0
RNK,60,20250312,170000,4.48,4.48,4.47,4.47,1776,0
RNK,60,20250313,100000,4.57,4.6,4.57,4.57,1607,0
RNK,60,20250313,140000,4.57,4.6,4.57,4.6,1487,0
RNK,60,20250313,150000,4.57,4.57,4.57,4.57,113,0
RNK,60,20250313,170000,4.59,4.59,4.59,4.59,107,0
RNK,60,20250314,100000,4.6,4.6,4.6,4.6,300,0
RNK,60,20250314,120000,4.57,4.57,4.57,4.57,4,0
RNK,60,20250314,140000,4.47,4.57,4.47,4.57,1361,0
RNK,60,20250314,170000,4.47,4.56,4.44,4.56,1104,0
RNK,60,20250317,100000,4.56,4.56,4.45,4.45,21,0
RNK,60,20250317,110000,4.56,4.56,4.56,4.56,20,0
RNK,60,20250317,130000,4.47,4.47,4.47,4.47,4,0
RNK,60,20250317,150000,4.56,4.67,4.56,4.67,2887,0
RNK,60,20250317,160000,4.67,4.75,4.64,4.75,2599,0
RNK,60,20250317,170000,4.76,4.77,4.6,4.74,2063,0
RNK,60,20250318,100000,4.77,4.85,4.6,4.63,966,0
RNK,60,20250318,110000,4.79,4.79,4.79,4.79,220,0
RNK,60,20250318,120000,4.67,4.67,4.63,4.63,2109,0
RNK,60,20250318,130000,4.62,4.62,4.58,4.58,956,0
RNK,60,20250318,140000,4.71,4.72,4.58,4.58,1700,0
RNK,60,20250318,150000,4.58,4.71,4.5,4.71,1500,0
RNK,60,20250318,170000,4.68,4.69,4.68,4.69,215,0
RNK,60,20250319,100000,4.68,4.68,4.68,4.68,3,0
RNK,60,20250319,130000,4.53,4.53,4.53,4.53,100,0
RNK,60,20250319,150000,4.53,4.53,4.53,4.53,6,0
RNK,60,20250319,160000,4.64,4.65,4.64,4.65,723,0
RNK,60,20250319,170000,4.67,4.67,4.54,4.67,353,0
RNK,60,20250320,100000,4.66,4.66,4.51,4.51,420,0
RNK,60,20250320,110000,4.52,4.52,4.52,4.52,240,0
RNK,60,20250320,120000,4.66,4.66,4.53,4.53,313,0
RNK,60,20250320,130000,4.52,4.52,4.52,4.52,53,0
RNK,60,20250320,140000,4.52,4.65,4.3,4.5,11794,0
RNK,60,20250320,150000,4.4,4.4,4.28,4.3,6163,0
RNK,60,20250320,160000,4.44,4.44,4.33,4.33,2136,0
RNK,60,20250320,170000,4.41,4.41,4.41,4.41,1026,0
RNK,60,20250321,100000,4.43,4.43,4.39,4.39,2400,0
RNK,60,20250321,110000,4.42,4.42,4.42,4.42,15,0
RNK,60,20250321,120000,4.43,4.43,4.4,4.4,450,0
RNK,60,20250321,130000,4.4,4.4,4.4,4.4,453,0
RNK,60,20250321,150000,4.4,4.4,4.39,4.39,135,0
RNK,60,20250324,100000,4.42,4.46,4.42,4.46,717,0
RNK,60,20250324,130000,4.44,4.44,4.44,4.44,190,0
RNK,60,20250324,140000,4.44,4.44,4.42,4.42,288,0
RNK,60,20250324,160000,4.46,4.46,4.42,4.42,267,0
RNK,60,20250324,170000,4.43,4.43,4.3,4.37,5913,0
RNK,60,20250325,100000,4.38,4.38,4.37,4.38,670,0
RNK,60,20250325,130000,4.42,4.54,4.41,4.41,3142,0
RNK,60,20250325,140000,4.41,4.62,4.41,4.62,1942,0
RNK,60,20250325,150000,4.55,4.55,4.55,4.55,300,0
RNK,60,20250325,160000,4.55,4.59,4.55,4.59,713,0
RNK,60,20250325,170000,4.58,4.62,4.43,4.62,1606,0
RNK,60,20250326,100000,4.57,4.57,4.57,4.57,307,0
RNK,60,20250326,110000,4.57,4.61,4.57,4.61,50,0
RNK,60,20250326,120000,4.61,4.61,4.61,4.61,300,0
RNK,60,20250326,130000,4.61,4.62,4.6,4.62,1111,0
RNK,60,20250326,160000,4.59,4.59,4.59,4.59,442,0
RNK,60,20250326,170000,4.59,4.59,4.58,4.58,578,0
RNK,60,20250327,100000,4.61,4.61,4.46,4.57,500,0
RNK,60,20250327,110000,4.56,4.56,4.56,4.56,60,0
RNK,60,20250327,120000,4.57,4.57,4.56,4.56,120,0
RNK,60,20250327,130000,4.56,4.56,4.56,4.56,60,0
RNK,60,20250327,140000,4.56,4.56,4.56,4.56,1420,0
RNK,60,20250327,150000,4.56,4.56,4.56,4.56,111,0
RNK,60,20250327,170000,4.54,4.56,4.54,4.56,168,0
RNK,60,20250328,140000,4.52,4.52,4.52,4.52,55,0
RNK,60,20250328,170000,4.5,4.5,4.43,4.43,687,0
RNK,60,20250331,100000,4.43,4.61,4.43,4.61,333,0
RNK,60,20250331,110000,4.61,4.61,4.61,4.61,4,0
RNK,60,20250331,120000,4.43,4.43,4.43,4.43,1048,0
RNK,60,20250331,130000,4.42,4.42,4.32,4.32,2032,0
RNK,60,20250331,140000,4.39,4.46,4.31,4.35,211,0
RNK,60,20250331,150000,4.35,4.46,4.3,4.46,9614,0
RNK,60,20250331,160000,4.45,4.45,4.45,4.45,327,0
RNK,60,20250401,100000,4.33,4.47,4.31,4.47,1693,0
RNK,60,20250401,110000,4.31,4.31,4.31,4.31,465,0
RNK,60,20250401,120000,4.43,4.43,4.43,4.43,5,0
RNK,60,20250401,130000,4.42,4.43,4.42,4.43,500,0
RNK,60,20250401,170000,4.43,4.43,4.43,4.43,6,0
RNK,60,20250402,100000,4.3,4.3,4.255,4.255,1485,0
RNK,60,20250402,110000,4.35,4.43,4.35,4.43,255,0
RNK,60,20250402,150000,4.29,4.29,4.28,4.28,380,0
RNK,60,20250402,160000,4.42,4.42,4.42,4.42,762,0
RNK,60,20250402,170000,4.42,4.42,4.42,4.42,377,0
RNK,60,20250403,100000,4.42,4.42,4.42,4.42,10,0
RNK,60,20250403,110000,4.42,4.42,4.42,4.42,859,0
RNK,60,20250403,120000,4.42,4.42,4.42,4.42,365,0
RNK,60,20250403,130000,4.42,4.42,4.4,4.4,2861,0
RNK,60,20250403,140000,4.42,4.42,4.42,4.42,1700,0
RNK,60,20250403,160000,4.32,4.325,4.32,4.325,1217,0
RNK,60,20250403,170000,4.425,4.48,4.35,4.48,1587,0
RNK,60,20250404,100000,4.4,4.4,4.4,4.4,274,0
RNK,60,20250404,110000,4.485,4.485,4.485,4.485,10,0
RNK,60,20250404,140000,4.305,4.39,4.305,4.39,1010,0
RNK,60,20250404,150000,4.3,4.385,4.3,4.385,222,0
RNK,60,20250404,170000,4.3,4.38,4.3,4.38,700,0
RNK,60,20250407,100000,4.39,4.39,4.1,4.34,3950,0
RNK,60,20250407,110000,4.36,4.36,4.36,4.36,113,0
RNK,60,20250407,120000,4.28,4.28,4.28,4.28,44,0
RNK,60,20250407,130000,4.28,4.34,4.28,4.34,2477,0
RNK,60,20250407,140000,4.26,4.26,4.26,4.26,108,0
RNK,60,20250407,170000,4.33,4.33,4.33,4.33,1,0
RNK,60,20250408,100000,4.175,4.33,4.175,4.33,235,0
RNK,60,20250408,140000,4.31,4.33,4.31,4.33,100,0
RNK,60,20250408,150000,4.22,4.22,4.22,4.22,41,0
RNK,60,20250408,160000,4.3,4.3,4.3,4.3,10,0
RNK,60,20250408,170000,4.22,4.22,4.22,4.22,15,0
RNK,60,20250409,100000,4.22,4.33,4.2,4.33,1250,0
RNK,60,20250409,120000,4.24,4.24,4.24,4.24,300,0
RNK,60,20250409,130000,4.24,4.31,4.2,4.31,539,0
RNK,60,20250409,150000,4.2,4.31,4.2,4.31,249,0
RNK,60,20250409,170000,4.31,4.31,4.31,4.31,45,0
RNK,60,20250410,100000,4.31,4.36,4.31,4.36,300,0
RNK,60,20250410,130000,4.34,4.36,4.34,4.36,1775,0
RNK,60,20250410,160000,4.38,4.38,4.38,4.38,240,0
RNK,60,20250411,100000,4.38,4.395,4.38,4.395,289,0
RNK,60,20250411,110000,4.39,4.395,4.26,4.26,635,0
RNK,60,20250411,120000,4.395,4.395,4.395,4.395,5,0
RNK,60,20250411,140000,4.385,4.385,4.385,4.385,50,0
RNK,60,20250411,150000,4.385,4.42,4.385,4.42,6635,0
RNK,60,20250411,160000,4.43,4.43,4.42,4.42,166,0
RNK,60,20250411,170000,4.44,4.44,4.44,4.44,3,0
RNK,60,20250414,100000,4.44,4.48,4.44,4.48,300,0
RNK,60,20250414,110000,4.48,4.48,4.48,4.48,33,0
RNK,60,20250414,120000,4.48,4.49,4.48,4.49,1040,0
RNK,60,20250414,130000,4.51,4.52,4.45,4.52,1766,0
RNK,60,20250414,140000,4.46,4.46,4.46,4.46,222,0
RNK,60,20250414,150000,4.46,4.515,4.45,4.45,103,0
RNK,60,20250414,160000,4.45,4.45,4.41,4.41,42,0
RNK,60,20250414,170000,4.515,4.515,4.365,4.365,389,0
RNK,60,20250415,100000,4.42,4.515,4.42,4.5,1068,0
RNK,60,20250415,110000,4.5,4.5,4.485,4.49,280,0
RNK,60,20250415,120000,4.455,4.455,4.265,4.265,2270,0
RNK,60,20250415,130000,4.5,4.5,4.5,4.5,100,0
RNK,60,20250415,140000,4.32,4.41,4.285,4.41,2021,0
RNK,60,20250415,150000,4.3,4.3,4.29,4.29,376,0
RNK,60,20250415,160000,4.39,4.45,4.39,4.45,100,0
RNK,60,20250415,170000,4.445,4.445,4.445,4.445,215,0
RNK,60,20250416,100000,4.445,4.445,4.445,4.445,200,0
RNK,60,20250416,110000,4.41,4.415,4.41,4.415,500,0
RNK,60,20250416,120000,4.425,4.425,4.425,4.425,200,0
RNK,60,20250416,140000,4.41,4.41,4.41,4.41,5,0
RNK,60,20250416,150000,4.41,4.41,4.41,4.41,230,0
RNK,60,20250416,160000,4.3,4.41,4.3,4.41,84,0
RNK,60,20250416,170000,4.41,4.425,4.3,4.425,582,0
RNK,60,20250417,100000,4.435,4.445,4.43,4.43,576,0
RNK,60,20250417,110000,4.435,4.44,4.43,4.43,2664,0
RNK,60,20250417,120000,4.505,4.505,4.505,4.505,70,0
RNK,60,20250417,140000,4.5,4.51,4.42,4.42,560,0
RNK,60,20250417,150000,4.41,4.51,4.41,4.51,1880,0
RNK,60,20250417,160000,4.45,4.505,4.36,4.505,418,0
RNK,60,20250417,170000,4.5,4.5,4.5,4.5,5,0
RNK,60,20250422,100000,4.61,4.76,4.6,4.69,52380,0
RNK,60,20250422,110000,4.69,4.7,4.66,4.7,5040,0
RNK,60,20250422,120000,4.695,4.695,4.6,4.695,3544,0
RNK,60,20250422,140000,4.68,4.68,4.6,4.67,5311,0
RNK,60,20250422,160000,4.58,4.67,4.58,4.67,1079,0
RNK,60,20250422,170000,4.67,4.685,4.58,4.58,1065,0
RNK,60,20250423,100000,4.58,4.68,4.58,4.68,120,0
RNK,60,20250423,110000,4.64,4.68,4.64,4.68,625,0
RNK,60,20250423,120000,4.68,4.68,4.68,4.68,500,0
RNK,60,20250423,140000,4.56,4.56,4.55,4.55,2435,0
RNK,60,20250423,150000,4.6,4.6,4.6,4.6,400,0
RNK,60,20250423,170000,4.66,4.66,4.66,4.66,934,0
RNK,60,20250424,100000,4.66,4.66,4.66,4.66,66,0
RNK,60,20250424,110000,4.655,4.655,4.655,4.655,300,0
RNK,60,20250424,130000,4.555,4.655,4.555,4.655,220,0
RNK,60,20250424,140000,4.645,4.695,4.645,4.695,3307,0
RNK,60,20250424,150000,4.68,4.685,4.68,4.685,1266,0
RNK,60,20250424,160000,4.685,4.69,4.57,4.57,382,0
RNK,60,20250424,170000,4.69,4.69,4.69,4.69,70,0
RNK,60,20250425,100000,4.68,4.69,4.59,4.69,5418,0
RNK,60,20250425,120000,4.68,4.68,4.68,4.68,500,0
RNK,60,20250425,130000,4.61,4.61,4.6,4.6,120,0
RNK,60,20250425,140000,4.67,4.67,4.67,4.67,130,0
RNK,60,20250425,150000,4.67,4.68,4.62,4.68,2230,0
RNK,60,20250425,160000,4.68,4.68,4.62,4.62,1664,0
RNK,60,20250425,170000,4.68,4.695,4.68,4.695,2743,0
RNK,60,20250428,100000,4.7,4.7,4.61,4.61,1880,0
RNK,60,20250428,110000,4.7,4.7,4.7,4.7,20,0
RNK,60,20250428,120000,4.695,4.695,4.695,4.695,468,0
RNK,60,20250428,130000,4.695,4.695,4.695,4.695,214,0
RNK,60,20250428,140000,4.695,4.7,4.695,4.7,6000,0
RNK,60,20250428,150000,4.7,4.735,4.7,4.735,5563,0
RNK,60,20250428,160000,4.745,4.745,4.62,4.62,1020,0
RNK,60,20250428,170000,4.73,4.73,4.73,4.73,371,0
RNK,60,20250429,100000,4.72,4.72,4.72,4.72,218,0
RNK,60,20250429,110000,4.7,4.725,4.61,4.61,3914,0
RNK,60,20250429,120000,4.61,4.61,4.61,4.61,3,0
RNK,60,20250429,130000,4.705,4.705,4.705,4.705,111,0
RNK,60,20250429,140000,4.62,4.62,4.6,4.6,1000,0
RNK,60,20250429,150000,4.6,4.695,4.54,4.695,3205,0
RNK,60,20250429,160000,4.54,4.695,4.54,4.695,255,0
RNK,60,20250429,170000,4.555,4.695,4.54,4.645,3790,0
RNK,60,20250430,100000,4.645,4.705,4.53,4.7,4400,0
RNK,60,20250430,110000,4.565,4.565,4.54,4.54,2000,0
RNK,60,20250430,120000,4.675,4.74,4.675,4.74,6378,0
RNK,60,20250430,130000,4.615,4.725,4.615,4.725,905,0
RNK,60,20250430,140000,4.715,4.72,4.715,4.72,1684,0
RNK,60,20250430,150000,4.7,4.74,4.62,4.62,10271,0
RNK,60,20250430,160000,4.74,4.76,4.625,4.76,5209,0
RNK,60,20250430,170000,4.73,4.74,4.73,4.74,1455,0
RNK,60,20250502,100000,4.74,5.08,4.74,5.08,11589,0
RNK,60,20250502,110000,5.08,5.15,5.08,5.1,4190,0
RNK,60,20250502,120000,5.1,5.11,5.04,5.11,7362,0
RNK,60,20250502,130000,5.04,5.19,5.04,5.16,17531,0
RNK,60,20250502,140000,5.15,5.21,5.13,5.16,7611,0
RNK,60,20250502,150000,5.09,5.19,5.09,5.1,2114,0
RNK,60,20250502,160000,5.17,5.17,5.05,5.05,1415,0
RNK,60,20250502,170000,5.17,5.17,5.1,5.1,2626,0
RNK,60,20250505,100000,5.1,5.39,5.1,5.39,52876,0
RNK,60,20250505,110000,5.3,5.3,5.26,5.26,904,0
RNK,60,20250505,120000,5.28,5.3,5.28,5.3,290,0
RNK,60,20250505,130000,5.24,5.28,5.2,5.2,4528,0
RNK,60,20250505,140000,5.2,5.2,5.18,5.18,1500,0
RNK,60,20250505,150000,5.15,5.2,5.15,5.2,2060,0
RNK,60,20250505,170000,5.15,5.15,5.04,5.04,4034,0
RNK,60,20250506,100000,5.1,5.16,4.9,4.9,9835,0
RNK,60,20250506,110000,4.985,5,4.89,4.995,3653,0
RNK,60,20250506,120000,4.995,5,4.995,5,139,0
RNK,60,20250506,170000,4.95,4.95,4.95,4.95,1007,0
