<TICKER>,<PER>,<DATE>,<TIME>,<OPEN>,<HIGH>,<LOW>,<CLOSE>,<VOL>,<OPENINT>
RPC,60,20240411,100000,29.4,29.4,29.4,29.4,206.80272108,0
RPC,60,20240411,110000,29.4967,29.4967,29.4967,29.4967,1.0340136054,0
RPC,60,20240412,100000,29.4967,29.4967,29.4967,29.4967,25.850340135,0
RPC,60,20240412,110000,29.4967,29.4967,29.4967,29.4967,7.2380952378,0
RPC,60,20240412,140000,29.4967,29.4967,29.4967,29.4967,10.340136054,0
RPC,60,20240415,100000,29.4967,29.4967,29.3033,29.3033,176.8163265234,0
RPC,60,20240415,120000,29.4967,29.6901,29.4967,29.6901,21.7142857134,0
RPC,60,20240415,130000,29.4967,29.6901,29.4967,29.6901,907.8639455412,0
RPC,60,20240416,100000,29.5934,29.5934,29.5934,29.5934,560.4353741268,0
RPC,60,20240416,110000,29.5934,29.5934,29.5934,29.5934,158.2040816262,0
RPC,60,20240416,130000,29.5934,29.6901,29.5934,29.6901,105.4693877508,0
RPC,60,20240417,100000,29.6901,29.6901,29.6901,29.6901,155.10204081,0
RPC,60,20240417,110000,29.6901,29.6901,29.6901,29.6901,25.850340135,0
RPC,60,20240417,120000,29.4967,29.4967,29.4967,29.4967,25.850340135,0
RPC,60,20240417,130000,29.6901,29.6901,29.6901,29.6901,21.7142857134,0
RPC,60,20240417,160000,29.6901,29.6901,29.6901,29.6901,45.4965986376,0
RPC,60,20240418,100000,29.6901,29.6901,29.6901,29.6901,20.680272108,0
RPC,60,20240418,130000,29.5934,29.5934,29.5934,29.5934,10.340136054,0
RPC,60,20240418,170000,29.4967,29.4967,29.4967,29.4967,78.5850340104,0
RPC,60,20240419,100000,29.4967,29.4967,29.4967,29.4967,20.680272108,0
RPC,60,20240419,110000,29.6901,29.6901,29.6901,29.6901,29.9863945566,0
RPC,60,20240419,130000,29.6901,29.7868,29.6901,29.7868,16.5442176864,0
RPC,60,20240422,100000,29.7868,29.7868,29.7868,29.7868,10.340136054,0
RPC,60,20240422,110000,29.8836,29.9803,29.8836,29.9803,33.0884353728,0
RPC,60,20240422,130000,29.8836,29.8836,29.8836,29.8836,18.6122448972,0
RPC,60,20240422,140000,29.7868,29.7868,29.6901,29.6901,17.578231291799998,0
RPC,60,20240422,170000,29.6901,29.8836,29.5934,29.8836,13.4421768702,0
RPC,60,20240423,100000,29.9803,29.9803,29.9803,29.9803,10.340136054,0
RPC,60,20240423,110000,29.6901,30.8507,29.6901,30.8507,1053.6598639026,0
RPC,60,20240423,130000,30.6572,30.6572,30.3671,30.3671,28.9523809512,0
RPC,60,20240423,140000,30.6572,30.6572,30.6572,30.6572,62.040816324,0
RPC,60,20240423,150000,30.3671,30.3671,30.3671,30.3671,31.020408162,0
RPC,60,20240424,100000,30.3671,30.3671,30.3671,30.3671,15.510204081,0
RPC,60,20240424,110000,30.5605,30.6572,30.5605,30.5605,76.5170067996,0
RPC,60,20240424,140000,30.5605,30.5605,30.3671,30.3671,47.5646258484,0
RPC,60,20240425,100000,30.3671,30.3671,30.3671,30.3671,15.510204081,0
RPC,60,20240425,160000,30.5605,30.5605,30.5605,30.5605,7.2380952378,0
RPC,60,20240425,170000,30.077,30.2704,29.3033,30.2704,764.1360543906,0
RPC,60,20240429,100000,30.2704,30.3671,28.8197,29.0132,311.2380952254,0
RPC,60,20240429,110000,29.0132,29.9803,29.0132,29.5934,1162.2312924696,0
RPC,60,20240429,130000,29.2066,29.3033,29.2066,29.3033,15.510204081,0
RPC,60,20240429,150000,29.1099,29.1099,29.1099,29.1099,20.680272108,0
RPC,60,20240429,160000,29.1099,29.1099,29.1099,29.1099,65.1428571402,0
RPC,60,20240429,170000,29.1099,29.3033,29.0132,29.0132,978.1768707084,0
RPC,60,20240430,100000,29.0132,29.4,29.0132,29.4,7.2380952378,0
RPC,60,20240502,110000,29.4,29.4,29.3033,29.4,467.3741496408,0
RPC,60,20240502,130000,29.4,29.4,29.4,29.4,32.0544217674,0
RPC,60,20240502,170000,29.4967,29.4967,29.4,29.4,22.7482993188,0
RPC,60,20240506,100000,29.4,29.4,29.4,29.4,23.7823129242,0
RPC,60,20240506,110000,29.4,29.4,29.4,29.4,17.578231291799998,0
RPC,60,20240506,170000,29.4,29.4,29.4,29.4,20.680272108,0
RPC,60,20240507,100000,29.4967,29.6901,29.4967,29.6901,71.3469387726,0
RPC,60,20240507,120000,29.4967,29.4967,29.4967,29.4967,18.6122448972,0
RPC,60,20240507,140000,29.4967,29.4967,29.4967,29.4967,16.5442176864,0
RPC,60,20240507,170000,29.4967,29.4967,29.4967,29.4967,5.170068027,0
RPC,60,20240508,100000,29.7868,29.7868,29.7868,29.7868,43.4285714268,0
RPC,60,20240508,130000,29.7868,29.7868,29.7868,29.7868,25.850340135,0
RPC,60,20240508,140000,29.5934,29.5934,29.5934,29.5934,20.680272108,0
RPC,60,20240508,170000,29.7868,29.8836,29.7868,29.8836,63.0748299294,0
RPC,60,20240509,100000,29.8836,29.8836,29.8836,29.8836,15.510204081,0
RPC,60,20240509,110000,29.9803,29.9803,29.5934,29.5934,56.870748297,0
RPC,60,20240509,120000,29.5934,29.5934,29.4967,29.4967,19.6462585026,0
RPC,60,20240510,100000,29.4967,29.4967,29.4,29.4,124.081632648,0
RPC,60,20240510,110000,29.4967,29.4967,29.4967,29.4967,9.3061224486,0
RPC,60,20240510,120000,29.4967,29.4967,29.4967,29.4967,1.0340136054,0
RPC,60,20240510,140000,29.4,29.4,29.3033,29.3033,103.40136054,0
RPC,60,20240510,160000,29.4967,29.4967,29.4967,29.4967,155.10204081,0
RPC,60,20240510,170000,29.3033,29.3033,29.3033,29.3033,82.721088432,0
RPC,60,20240513,100000,29.4,29.6901,29.4,29.6901,40.3265306106,0
RPC,60,20240513,120000,29.4,29.4,29.3033,29.3033,26.884353740399998,0
RPC,60,20240513,140000,29.2066,29.2066,29.2066,29.2066,15.510204081,0
RPC,60,20240513,150000,29.2066,29.3033,29.0132,29.3033,768.2721088122,0
RPC,60,20240513,160000,29.2066,29.3033,29.2066,29.3033,190.2585033936,0
RPC,60,20240513,170000,29.4,29.4967,29.4,29.4967,21.7142857134,0
RPC,60,20240514,100000,29.4967,29.4967,29.3033,29.3033,248.163265296,0
RPC,60,20240514,110000,29.4,29.4,29.4,29.4,1.0340136054,0
RPC,60,20240514,150000,29.3033,29.3033,29.3033,29.3033,175.782312918,0
RPC,60,20240514,160000,29.4,29.4967,29.4,29.4967,31.020408162,0
RPC,60,20240515,100000,29.4967,29.6901,29.3033,29.5934,1590.3129251052,0
RPC,60,20240515,120000,29.5934,29.5934,29.5934,29.5934,48.5986394538,0
RPC,60,20240515,150000,29.4,29.4,29.4,29.4,10.340136054,0
RPC,60,20240515,160000,29.3033,29.3033,29.3033,29.3033,6.204081632399999,0
RPC,60,20240515,170000,29.4,29.4967,29.4,29.4967,104.4353741454,0
RPC,60,20240516,100000,29.4967,29.4967,29.4967,29.4967,119.9455782264,0
RPC,60,20240516,110000,29.4967,29.4967,29.4,29.4,1043.3197278486,0
RPC,60,20240516,120000,29.3033,29.4,29.3033,29.4,63.0748299294,0
RPC,60,20240517,100000,29.4,29.4,29.3033,29.3033,1189.11564621,0
RPC,60,20240517,110000,29.3033,29.4,29.3033,29.4,355.70068025759997,0
RPC,60,20240517,120000,29.4,29.4,29.4,29.4,103.40136054,0
RPC,60,20240517,130000,29.4,29.4,29.4,29.4,72.380952378,0
RPC,60,20240517,140000,29.4,29.4,29.3033,29.3033,92.0272108806,0
RPC,60,20240517,170000,29.3033,29.3033,29.3033,29.3033,283.3197278796,0
RPC,60,20240520,100000,29.1099,29.3033,29.1099,29.3033,296.7619047498,0
RPC,60,20240520,110000,29.3033,29.3033,29.3033,29.3033,7.2380952378,0
RPC,60,20240520,120000,29.2066,29.2066,29.1099,29.1099,27.9183673458,0
RPC,60,20240520,130000,29.3033,29.3033,29.3033,29.3033,46.530612243,0
RPC,60,20240520,140000,29.3033,29.3033,29.3033,29.3033,41.360544216,0
RPC,60,20240520,150000,29.3033,29.3033,29.3033,29.3033,51.70068027,0
RPC,60,20240520,160000,29.2066,29.3033,29.1099,29.3033,230.5850340042,0
RPC,60,20240520,170000,29.3033,29.3033,29.3033,29.3033,72.380952378,0
RPC,60,20240521,100000,29.4,29.4,29.4,29.4,31.020408162,0
RPC,60,20240521,110000,29.4967,29.4967,29.4967,29.4967,1.0340136054,0
RPC,60,20240521,120000,29.4967,29.4967,29.4967,29.4967,49.6326530592,0
RPC,60,20240521,130000,29.3033,29.5934,29.3033,29.5934,142.6938775452,0
RPC,60,20240521,140000,29.4,29.5934,29.3033,29.5934,260.5714285608,0
RPC,60,20240521,160000,29.5934,29.5934,29.3033,29.3033,104.4353741454,0
RPC,60,20240521,170000,29.5934,29.5934,29.5934,29.5934,1.0340136054,0
RPC,60,20240522,100000,29.4967,29.5934,29.4967,29.5934,165.442176864,0
RPC,60,20240522,110000,29.5934,29.5934,29.5934,29.5934,160.272108837,0
RPC,60,20240522,120000,29.5934,29.5934,29.5934,29.5934,26.884353740399998,0
RPC,60,20240522,130000,29.4967,29.6901,29.4967,29.6901,79.6190476158,0
RPC,60,20240522,160000,29.6901,29.6901,29.6901,29.6901,3.1020408161999997,0
RPC,60,20240522,170000,29.6901,29.6901,29.6901,29.6901,1.0340136054,0
RPC,60,20240523,100000,29.6901,29.6901,29.4967,29.4967,48.5986394538,0
RPC,60,20240523,110000,29.4967,29.4967,29.4967,29.4967,117.8775510156,0
RPC,60,20240523,140000,29.6901,29.6901,29.6901,29.6901,8.2721088432,0
RPC,60,20240523,170000,29.4967,29.4967,29.4967,29.4967,247.1292516906,0
RPC,60,20240524,100000,29.4,29.4967,29.0132,29.0132,250.2312925068,0
RPC,60,20240524,110000,29.0132,29.4,29.0132,29.4,115.8095238048,0
RPC,60,20240524,120000,29.4,29.4967,29.4,29.4967,34.1224489782,0
RPC,60,20240524,130000,29.4,29.4,29.4,29.4,1.0340136054,0
RPC,60,20240524,150000,29.3033,29.3033,29.3033,29.3033,40.3265306106,0
RPC,60,20240524,160000,29.4,29.4,29.4,29.4,3.1020408161999997,0
RPC,60,20240524,170000,29.4,29.4,29.4,29.4,11.3741496594,0
RPC,60,20240527,100000,29.5934,29.6901,29.4967,29.6901,284.353741485,0
RPC,60,20240527,120000,29.5934,29.6901,29.5934,29.6901,1280.1088434852,0
RPC,60,20240527,150000,29.6901,29.7868,29.6901,29.7868,32.0544217674,0
RPC,60,20240527,160000,29.7868,29.8836,29.4,29.4,67.210884351,0
RPC,60,20240527,170000,29.6901,29.6901,29.6901,29.6901,20.680272108,0
RPC,60,20240528,100000,29.6901,29.6901,29.6901,29.6901,49.632653059199995,0
RPC,60,20240528,120000,29.6901,29.6901,29.6901,29.6901,89.9591836698,0
RPC,60,20240528,130000,29.6901,29.6901,29.6901,29.6901,126.14965985879999,0
RPC,60,20240528,140000,29.7868,29.7868,29.7868,29.7868,46.530612243,0
RPC,60,20240528,160000,29.6901,29.6901,29.6901,29.6901,96.1632653022,0
RPC,60,20240529,100000,29.6901,29.6901,29.5934,29.6901,478.7482993002,0
RPC,60,20240529,110000,29.5934,29.5934,29.4967,29.4967,18.6122448972,0
RPC,60,20240529,120000,29.4967,29.5934,29.4967,29.5934,250.2312925068,0
RPC,60,20240529,130000,29.5934,29.5934,29.5934,29.5934,29.9863945566,0
RPC,60,20240529,140000,29.5934,29.5934,29.5934,29.5934,113.741496594,0
RPC,60,20240529,160000,29.4967,29.4967,29.4,29.4,41.360544216,0
RPC,60,20240529,170000,29.4,29.4,29.4,29.4,2.0680272108,0
RPC,60,20240531,100000,29.4967,29.4967,29.4967,29.4967,76.5170067996,0
RPC,60,20240531,110000,29.4,29.4967,29.4,29.4967,47.5646258484,0
RPC,60,20240531,120000,29.4,29.4967,29.4,29.4967,26.884353740399998,0
RPC,60,20240531,130000,29.4967,29.4967,29.4967,29.4967,34.1224489782,0
RPC,60,20240531,140000,29.4,29.4,29.4,29.4,1.0340136054,0
RPC,60,20240531,150000,29.4967,29.4967,29.4967,29.4967,21.7142857134,0
RPC,60,20240531,170000,29.4,29.4,29.2066,29.4,258.50340135,0
RPC,60,20240603,100000,30.2,30.4,30,30.3,446,0
RPC,60,20240603,110000,30.2,30.2,29.2,29.2,351,0
RPC,60,20240603,120000,29.7,29.7,29.7,29.7,1,0
RPC,60,20240603,140000,29.7,29.7,29.7,29.7,140,0
RPC,60,20240603,150000,29.7,29.7,29.7,29.7,50,0
RPC,60,20240603,160000,29.7,29.7,29.7,29.7,65,0
RPC,60,20240603,170000,29.7,29.7,29.7,29.7,160,0
RPC,60,20240604,100000,29.7,29.7,29.7,29.7,50,0
RPC,60,20240604,120000,29.7,29.7,29.7,29.7,67,0
RPC,60,20240604,130000,29.7,29.7,29.7,29.7,1,0
RPC,60,20240604,140000,29.7,29.7,29.7,29.7,20,0
RPC,60,20240604,150000,29.7,29.7,29.7,29.7,1,0
RPC,60,20240604,160000,29.5,29.5,29.5,29.5,18,0
RPC,60,20240604,170000,29.5,29.5,29.5,29.5,12,0
RPC,60,20240605,100000,29.7,29.7,29.3,29.3,6,0
RPC,60,20240605,170000,29.6,29.6,29.6,29.6,1,0
RPC,60,20240606,100000,29.7,29.7,29.7,29.7,4,0
RPC,60,20240606,150000,29.7,29.7,29.7,29.7,9,0
RPC,60,20240606,170000,29.3,29.7,29.3,29.7,68,0
RPC,60,20240607,100000,29.5,29.5,29.5,29.5,50,0
RPC,60,20240607,140000,29.5,29.5,29.5,29.5,50,0
RPC,60,20240607,170000,29.7,29.7,29.7,29.7,42,0
RPC,60,20240610,100000,29.8,29.8,29.8,29.8,72,0
RPC,60,20240610,110000,30,30,30,30,1,0
RPC,60,20240610,130000,29.9,30.1,29.9,30.1,75,0
RPC,60,20240610,140000,30.1,30.1,30.1,30.1,2,0
RPC,60,20240610,170000,30,30.1,30,30.1,5,0
RPC,60,20240611,100000,30.3,30.3,30.3,30.3,14,0
RPC,60,20240611,110000,30,30,30,30,16,0
RPC,60,20240611,150000,30,30,30,30,40,0
RPC,60,20240612,100000,30.1,30.1,30.1,30.1,10,0
RPC,60,20240612,110000,30.1,30.1,30.1,30.1,1,0
RPC,60,20240612,160000,30.1,30.1,29.8,29.8,175,0
RPC,60,20240613,100000,30,30,29.7,29.7,124,0
RPC,60,20240613,110000,29.6,29.7,29.6,29.7,41,0
RPC,60,20240613,130000,29.7,29.7,29.7,29.7,116,0
RPC,60,20240613,140000,29.7,29.7,29.5,29.5,149,0
RPC,60,20240613,150000,29.5,29.5,29.5,29.5,91,0
RPC,60,20240613,170000,29.4,29.4,29.4,29.4,225,0
RPC,60,20240614,100000,28.4,29,28.4,29,150,0
RPC,60,20240614,110000,29,29,29,29,1,0
RPC,60,20240614,120000,28.9,29,28.9,29,3,0
RPC,60,20240614,140000,29,29.3,29,29.3,26,0
RPC,60,20240614,150000,29,29,28.8,28.8,38,0
RPC,60,20240614,160000,29,29,29,29,34,0
RPC,60,20240614,170000,28.8,28.8,28.8,28.8,45,0
RPC,60,20240617,100000,28.8,28.8,28.8,28.8,20,0
RPC,60,20240617,110000,28.8,28.8,28.8,28.8,21,0
RPC,60,20240617,130000,28.8,28.8,28.8,28.8,10,0
RPC,60,20240617,150000,28.8,28.8,28.8,28.8,24,0
RPC,60,20240618,100000,28.8,28.8,28.8,28.8,10,0
RPC,60,20240618,110000,28.8,28.8,28.8,28.8,46,0
RPC,60,20240618,140000,28.8,28.8,28.8,28.8,1910,0
RPC,60,20240618,150000,28.8,28.8,28.8,28.8,30,0
RPC,60,20240619,100000,29,29,29,29,10,0
RPC,60,20240619,110000,29.1,29.6,29.1,29.6,73,0
RPC,60,20240619,120000,29.6,29.6,29.6,29.6,10,0
RPC,60,20240619,140000,29.6,29.6,29.6,29.6,1,0
RPC,60,20240619,150000,29.7,29.8,29.7,29.8,31,0
RPC,60,20240620,100000,29.8,29.8,29.8,29.8,20,0
RPC,60,20240620,110000,29.8,29.8,29.1,29.1,25,0
RPC,60,20240620,130000,29.5,29.5,29.5,29.5,1,0
RPC,60,20240620,140000,29.5,29.5,29.5,29.5,35,0
RPC,60,20240620,160000,29.5,29.5,29.5,29.5,63,0
RPC,60,20240621,100000,29.5,29.5,29.5,29.5,5,0
RPC,60,20240621,110000,29.5,29.5,29.5,29.5,30,0
RPC,60,20240621,150000,29.2,29.2,29.2,29.2,1,0
RPC,60,20240621,160000,29.3,29.3,29.3,29.3,18,0
RPC,60,20240624,100000,29.7,29.7,28.8,28.8,130,0
RPC,60,20240624,110000,28.7,28.7,28.5,28.5,172,0
RPC,60,20240624,120000,28.5,28.7,28.5,28.5,500,0
RPC,60,20240624,130000,28.5,28.5,28.5,28.5,10,0
RPC,60,20240624,140000,28.5,28.6,28.5,28.6,34,0
RPC,60,20240624,150000,28.4,28.4,28.3,28.3,823,0
RPC,60,20240624,160000,28.3,28.3,28.2,28.2,236,0
RPC,60,20240624,170000,28.4,28.4,28.4,28.4,123,0
RPC,60,20240625,100000,28.1,28.5,28.1,28.5,145,0
RPC,60,20240625,110000,28.5,28.5,28.5,28.5,290,0
RPC,60,20240625,160000,28.5,28.5,28.5,28.5,37,0
RPC,60,20240626,100000,28.6,28.6,28.6,28.6,4,0
RPC,60,20240626,120000,28.2,28.2,28.2,28.2,31,0
RPC,60,20240626,160000,28.3,28.3,28,28,485,0
RPC,60,20240626,170000,28.4,28.4,28.4,28.4,2,0
RPC,60,20240627,100000,28,28,28,28,10,0
RPC,60,20240627,110000,28,28,27.8,27.8,8,0
RPC,60,20240627,120000,28,28,28,28,1,0
RPC,60,20240627,140000,27.9,27.9,27.6,27.8,231,0
RPC,60,20240627,150000,27.6,27.6,27.5,27.6,190,0
RPC,60,20240627,170000,27.6,27.6,27.6,27.6,14,0
RPC,60,20240628,100000,27.5,27.5,27.4,27.4,117,0
RPC,60,20240628,110000,27.4,27.4,27.1,27.1,269,0
RPC,60,20240628,120000,27,27,26.8,27,520,0
RPC,60,20240628,130000,27.1,27.1,27,27,45,0
RPC,60,20240628,140000,27,27.5,27,27.5,272,0
RPC,60,20240628,150000,27.1,27.1,26.6,27.1,383,0
RPC,60,20240628,170000,26.6,27.1,26.6,27,296,0
RPC,60,20240701,100000,26.6,26.6,26.3,26.4,327,0
RPC,60,20240701,110000,26.3,26.3,25.8,26.1,617,0
RPC,60,20240701,120000,26,26.1,25.7,26.1,353,0
RPC,60,20240701,130000,25.9,25.9,25.8,25.8,693,0
RPC,60,20240701,140000,25.7,26.1,25.7,26.1,804,0
RPC,60,20240701,150000,26.1,26.1,26.1,26.1,3,0
RPC,60,20240701,160000,26.1,26.1,25.9,25.9,100,0
RPC,60,20240701,170000,26.1,26.1,26.1,26.1,53,0
RPC,60,20240702,100000,26.1,26.3,26.1,26.3,11,0
RPC,60,20240702,110000,26.5,26.5,26.5,26.5,29,0
RPC,60,20240702,120000,26.5,26.5,26.3,26.5,51,0
RPC,60,20240702,140000,26.5,26.5,26.5,26.5,4,0
RPC,60,20240702,150000,26.5,26.5,26.5,26.5,21,0
RPC,60,20240702,160000,26.3,26.4,26.3,26.4,29,0
RPC,60,20240703,100000,26.2,26.2,26.2,26.2,107,0
RPC,60,20240703,110000,26.2,26.5,26.2,26.5,50,0
RPC,60,20240703,130000,26.6,26.7,26.6,26.7,145,0
RPC,60,20240703,150000,26.8,26.8,26.8,26.8,81,0
RPC,60,20240703,160000,26.8,26.8,26.8,26.8,19,0
RPC,60,20240703,170000,26.9,26.9,26.9,26.9,50,0
RPC,60,20240704,100000,27,27.5,27,27.5,90,0
RPC,60,20240704,110000,27.4,27.5,27.4,27.4,186,0
RPC,60,20240704,120000,27.4,27.4,27.4,27.4,1900,0
RPC,60,20240704,130000,27.6,27.6,27.6,27.6,1,0
RPC,60,20240704,140000,27.6,27.6,27.6,27.6,17,0
RPC,60,20240704,150000,27.6,27.6,27.6,27.6,34,0
RPC,60,20240704,170000,27.7,27.7,27.6,27.6,43,0
RPC,60,20240705,100000,27.5,27.5,27.4,27.4,120,0
RPC,60,20240705,110000,27.4,27.7,27.4,27.7,745,0
RPC,60,20240705,120000,27.2,27.2,27.2,27.2,1,0
RPC,60,20240705,140000,27.8,27.8,27.8,27.8,2,0
RPC,60,20240705,160000,27.8,27.8,27.8,27.8,210,0
RPC,60,20240705,170000,27.8,27.8,27.8,27.8,200,0
RPC,60,20240708,100000,27.8,27.8,26.8,26.9,540,0
RPC,60,20240708,110000,26.8,27.3,26.8,27.3,167,0
RPC,60,20240708,130000,27,27,27,27,105,0
RPC,60,20240708,140000,26.8,26.8,26.6,26.6,70,0
RPC,60,20240708,150000,26.9,26.9,26.9,26.9,1,0
RPC,60,20240708,160000,27.1,27.1,27.1,27.1,10,0
RPC,60,20240708,170000,26.8,26.8,26.7,26.8,43,0
RPC,60,20240709,100000,27,27,27,27,428,0
RPC,60,20240709,120000,27,27,27,27,70,0
RPC,60,20240709,130000,26.9,26.9,26.9,26.9,100,0
RPC,60,20240709,160000,27,27,27,27,1,0
RPC,60,20240709,170000,27,27,27,27,1,0
RPC,60,20240710,100000,27,27,26.9,26.9,14,0
RPC,60,20240710,110000,26.7,26.7,26,26,1060,0
RPC,60,20240710,120000,26.3,26.8,26,26.8,136,0
RPC,60,20240710,150000,26.4,26.4,26.2,26.2,100,0
RPC,60,20240710,160000,26.3,26.3,26,26,661,0
RPC,60,20240711,100000,26,26,25.9,25.9,409,0
RPC,60,20240711,110000,25.9,25.9,25.9,25.9,13,0
RPC,60,20240711,120000,25.9,25.9,25.9,25.9,64,0
RPC,60,20240711,130000,25.9,25.9,25.9,25.9,56,0
RPC,60,20240711,140000,25.9,25.9,25.9,25.9,5,0
RPC,60,20240711,170000,25.9,25.9,25.9,25.9,51,0
RPC,60,20240712,100000,26.4,26.4,26.4,26.4,10,0
RPC,60,20240712,110000,26.4,26.4,26.4,26.4,31,0
RPC,60,20240712,120000,26.4,26.4,25.8,25.8,677,0
RPC,60,20240712,150000,25.9,25.9,25.7,25.7,126,0
RPC,60,20240712,160000,25.7,26,25.7,26,268,0
RPC,60,20240715,100000,26.3,26.4,26.3,26.4,40,0
RPC,60,20240715,110000,26.4,26.4,26.4,26.4,35,0
RPC,60,20240715,130000,26.5,26.5,26.5,26.5,3,0
RPC,60,20240715,150000,26.4,26.4,26.4,26.4,12,0
RPC,60,20240715,160000,26.5,26.5,26.5,26.5,54,0
RPC,60,20240716,100000,26.6,26.6,26.6,26.6,39,0
RPC,60,20240716,110000,26.4,26.4,26,26,173,0
RPC,60,20240716,120000,26,26,26,26,100,0
RPC,60,20240716,140000,26.2,26.2,26.2,26.2,7,0
RPC,60,20240716,160000,26,26,26,26,25,0
RPC,60,20240717,100000,26.2,26.2,26.2,26.2,13,0
RPC,60,20240717,150000,26.3,26.3,26.3,26.3,20,0
RPC,60,20240717,170000,26.4,26.4,26.4,26.4,84,0
RPC,60,20240718,100000,26.4,26.4,26.4,26.4,60,0
RPC,60,20240718,130000,26.4,26.4,26.4,26.4,73,0
RPC,60,20240718,140000,26.1,26.1,26.1,26.1,40,0
RPC,60,20240718,150000,26,26,26,26,70,0
RPC,60,20240718,170000,26,26,26,26,105,0
RPC,60,20240719,100000,26,26,25.9,25.9,823,0
RPC,60,20240719,110000,26,26.2,26,26.2,158,0
RPC,60,20240719,120000,26.2,26.2,26.2,26.2,29,0
RPC,60,20240719,130000,26.2,26.2,26.2,26.2,65,0
RPC,60,20240719,160000,26.2,26.2,26.2,26.2,196,0
RPC,60,20240719,170000,25.9,25.9,25.9,25.9,98,0
RPC,60,20240722,100000,26,26,26,26,95,0
RPC,60,20240722,110000,26,26,26,26,1,0
RPC,60,20240722,120000,26,26,26,26,3,0
RPC,60,20240722,130000,25.8,25.8,25.6,25.6,217,0
RPC,60,20240722,140000,25.5,25.5,25.3,25.4,101,0
RPC,60,20240722,150000,25.4,26.2,25.3,26.1,197,0
RPC,60,20240723,100000,26.1,26.1,26.1,26.1,1,0
RPC,60,20240723,150000,25.8,25.8,25.7,25.7,20,0
RPC,60,20240723,170000,26,26,26,26,20,0
RPC,60,20240724,150000,26,26,26,26,41,0
RPC,60,20240725,100000,26.1,26.1,26.1,26.1,4,0
RPC,60,20240725,140000,26,26,26,26,150,0
RPC,60,20240725,160000,26.1,26.1,26.1,26.1,94,0
RPC,60,20240726,100000,26.2,26.2,26.2,26.2,8,0
RPC,60,20240726,170000,25.9,25.9,25.9,25.9,71,0
RPC,60,20240729,100000,25.8,25.8,25.5,25.5,197,0
RPC,60,20240729,110000,25.5,25.5,25.5,25.5,25,0
RPC,60,20240729,120000,25.5,25.5,25.5,25.5,235,0
RPC,60,20240729,140000,25.5,25.5,25.4,25.4,68,0
RPC,60,20240729,150000,25.5,25.5,25.5,25.5,15,0
RPC,60,20240729,160000,25.5,25.6,25.4,25.4,110,0
RPC,60,20240730,100000,25.3,25.3,25.1,25.1,390,0
RPC,60,20240730,110000,25.1,25.3,25,25.3,135,0
RPC,60,20240730,130000,25.3,25.3,25.3,25.3,965,0
RPC,60,20240730,140000,25.3,25.3,25.3,25.3,1,0
RPC,60,20240730,160000,25.4,25.5,25.4,25.5,50,0
RPC,60,20240731,100000,25.4,25.4,25.4,25.4,8,0
RPC,60,20240731,170000,25.2,25.2,25.2,25.2,150,0
RPC,60,20240801,100000,25.2,25.2,25.2,25.2,35,0
RPC,60,20240801,110000,25.1,25.2,25.1,25.2,292,0
RPC,60,20240801,130000,25.4,25.4,25.4,25.4,4,0
RPC,60,20240801,150000,25.4,25.4,25.4,25.4,40,0
RPC,60,20240801,160000,25.4,25.4,25.4,25.4,40,0
RPC,60,20240802,110000,25,25.4,24.7,25.4,105,0
RPC,60,20240802,120000,24.6,24.6,24.5,24.5,39,0
RPC,60,20240802,130000,25.2,25.2,25.2,25.2,11,0
RPC,60,20240802,170000,25.2,25.2,25.2,25.2,4,0
RPC,60,20240805,100000,24.6,25.2,24.6,25.2,9,0
RPC,60,20240805,120000,24.7,24.7,24.6,24.7,64,0
RPC,60,20240805,130000,24.6,24.9,24.6,24.9,31,0
RPC,60,20240805,150000,24.6,24.6,24.5,24.5,4,0
RPC,60,20240805,160000,24.9,25,24.9,25,2,0
RPC,60,20240806,100000,25.2,25.2,25.2,25.2,168,0
RPC,60,20240806,110000,25.3,25.3,25.3,25.3,23,0
RPC,60,20240806,120000,25.3,25.3,25.3,25.3,22,0
RPC,60,20240806,130000,25.1,25.1,25.1,25.1,1,0
RPC,60,20240806,140000,25.1,25.1,25.1,25.1,60,0
RPC,60,20240806,150000,25.1,25.4,25.1,25.4,96,0
RPC,60,20240807,100000,25.4,25.4,25.2,25.2,374,0
RPC,60,20240807,110000,25.4,25.4,25.4,25.4,12,0
RPC,60,20240807,120000,25.6,25.6,25.6,25.6,2,0
RPC,60,20240807,150000,25.2,25.2,25,25,10,0
RPC,60,20240807,170000,25.4,25.4,25.4,25.4,4,0
RPC,60,20240808,100000,25.4,25.5,25.4,25.5,23,0
RPC,60,20240809,130000,25.5,25.6,25.5,25.6,13,0
RPC,60,20240812,100000,25.6,25.6,25.6,25.6,21,0
RPC,60,20240812,110000,25.7,25.7,25.7,25.7,10,0
RPC,60,20240814,100000,25.8,25.9,25.8,25.8,46,0
RPC,60,20240814,110000,25.9,25.9,25.9,25.9,20,0
RPC,60,20240814,150000,25.8,25.8,25.8,25.8,27,0
RPC,60,20240816,100000,25.8,25.8,25.8,25.8,5,0
RPC,60,20240816,110000,25.6,25.6,25.6,25.6,10,0
RPC,60,20240816,120000,25.8,25.8,25.8,25.8,21,0
RPC,60,20240816,150000,25.8,25.8,25.8,25.8,50,0
RPC,60,20240816,160000,25.8,25.8,25.8,25.8,56,0
RPC,60,20240816,170000,25.8,26.1,25.8,26.1,522,0
RPC,60,20240819,100000,26.2,26.2,26.2,26.2,2,0
RPC,60,20240819,150000,26.2,26.2,26.2,26.2,2,0
RPC,60,20240820,100000,25.9,25.9,25.9,25.9,5,0
RPC,60,20240820,150000,25.9,25.9,25.9,25.9,1,0
RPC,60,20240821,100000,25.9,25.9,25.9,25.9,5,0
RPC,60,20240821,140000,25.7,25.7,25.7,25.7,2,0
RPC,60,20240823,110000,25.8,25.8,25.8,25.8,60,0
RPC,60,20240826,100000,25.8,26.2,25.8,26.1,22,0
RPC,60,20240826,120000,26.1,26.1,25.7,25.7,62,0
RPC,60,20240826,140000,25.7,25.7,25.1,25.1,155,0
RPC,60,20240826,150000,25.6,25.7,25.1,25.1,15,0
RPC,60,20240826,170000,25.2,25.3,24.8,25.3,302,0
RPC,60,20240828,100000,25.3,25.3,25,25,15,0
RPC,60,20240828,130000,25,25.4,24.8,25.4,102,0
RPC,60,20240828,140000,25.3,25.3,25.3,25.3,3,0
RPC,60,20240829,100000,25,25,25,25,10,0
RPC,60,20240829,160000,25,25,25,25,30,0
RPC,60,20240829,170000,24.9,25,24.8,25,61,0
RPC,60,20240830,100000,25.3,25.3,25.3,25.3,1,0
RPC,60,20240830,110000,25.3,25.7,25.3,25.7,115,0
RPC,60,20240830,140000,25.7,25.7,25.7,25.7,20,0
RPC,60,20240830,150000,25.7,25.7,25.7,25.7,5,0
RPC,60,20240830,170000,25.7,25.7,25.7,25.7,4,0
RPC,60,20240902,100000,25.7,25.7,25.6,25.7,37,0
RPC,60,20240902,120000,25.6,25.7,25.6,25.7,80,0
RPC,60,20240902,130000,25.7,25.7,25.7,25.7,32,0
RPC,60,20240902,150000,25.6,25.6,25.6,25.6,300,0
RPC,60,20240903,100000,25.7,25.7,25.4,25.4,7,0
RPC,60,20240903,120000,25.4,25.4,25.4,25.4,8,0
RPC,60,20240903,130000,25.2,25.2,25.1,25.1,92,0
RPC,60,20240903,140000,25.3,25.3,25.3,25.3,4,0
RPC,60,20240904,150000,25.1,25.1,25.1,25.1,20,0
RPC,60,20240904,160000,25.1,25.5,25,25.5,220,0
RPC,60,20240905,100000,25.2,25.2,25,25,202,0
RPC,60,20240905,110000,25.1,25.1,25.1,25.1,100,0
RPC,60,20240905,170000,24.9,24.9,24.5,24.5,1000,0
RPC,60,20240906,100000,24.5,24.5,24.5,24.5,46,0
RPC,60,20240906,110000,24.5,24.5,24.5,24.5,400,0
RPC,60,20240906,120000,24.5,24.5,24.5,24.5,50,0
RPC,60,20240906,150000,24.5,24.5,24.5,24.5,200,0
RPC,60,20240906,160000,24.5,24.5,24.5,24.5,2,0
RPC,60,20240906,170000,24.8,24.8,24.8,24.8,2,0
RPC,60,20240909,100000,24.8,24.8,24.8,24.8,27,0
RPC,60,20240909,120000,24.6,24.6,24.5,24.5,38,0
RPC,60,20240909,130000,24.5,24.5,24.1,24.1,72,0
RPC,60,20240909,140000,24.6,24.6,24.6,24.6,10,0
RPC,60,20240910,100000,24.6,24.6,24.6,24.6,6,0
RPC,60,20240910,130000,24.6,24.6,24.6,24.6,50,0
RPC,60,20240910,160000,24.6,24.6,24.6,24.6,40,0
RPC,60,20240911,100000,24.6,24.6,24.6,24.6,15,0
RPC,60,20240911,110000,24.5,24.5,24.5,24.5,25,0
RPC,60,20240911,120000,24.5,24.5,24.5,24.5,2,0
RPC,60,20240911,150000,24.3,24.3,24.3,24.3,1,0
RPC,60,20240911,160000,24.3,24.3,24.3,24.3,36,0
RPC,60,20240912,100000,24.4,24.8,24.4,24.8,33,0
RPC,60,20240912,110000,24.8,24.8,24.8,24.8,1,0
RPC,60,20240912,130000,24.5,24.5,24.5,24.5,5,0
RPC,60,20240912,170000,24.6,24.6,24.6,24.6,2,0
RPC,60,20240913,100000,24.5,24.5,24.5,24.5,30,0
RPC,60,20240913,110000,24.5,24.5,24.5,24.5,42,0
RPC,60,20240913,160000,24.5,24.5,24.5,24.5,17,0
RPC,60,20240916,100000,24.2,24.5,24.2,24.3,51,0
RPC,60,20240916,120000,24.3,24.3,24.3,24.3,41,0
RPC,60,20240916,130000,24.2,24.2,24.1,24.1,100,0
RPC,60,20240916,170000,24.2,24.2,24.2,24.2,10,0
RPC,60,20240918,100000,24.3,24.3,24.3,24.3,442,0
RPC,60,20240918,130000,24.3,24.3,24.3,24.3,6,0
RPC,60,20240918,140000,24.3,24.3,24.3,24.3,5,0
RPC,60,20240918,150000,24.3,24.3,24.3,24.3,1,0
RPC,60,20240919,100000,24.3,24.3,24.3,24.3,5,0
RPC,60,20240919,140000,24.3,24.3,24.3,24.3,21,0
RPC,60,20240919,150000,24.3,24.3,24.3,24.3,501,0
RPC,60,20240919,170000,24.3,24.3,24.3,24.3,20,0
RPC,60,20240920,100000,24.3,24.3,24.2,24.3,67,0
RPC,60,20240920,110000,24.3,24.3,24.3,24.3,2,0
RPC,60,20240920,160000,24.3,24.3,24.3,24.3,4,0
RPC,60,20240920,170000,24.3,24.3,24.3,24.3,80,0
RPC,60,20240923,100000,24.3,24.4,24.3,24.4,26,0
RPC,60,20240923,160000,24.6,24.8,24.6,24.8,79,0
RPC,60,20240925,100000,24.8,24.8,24.8,24.8,24,0
RPC,60,20240925,160000,24.7,24.8,24.7,24.8,109,0
RPC,60,20240926,100000,24.2,24.2,24.2,24.2,53,0
RPC,60,20240926,110000,24.6,24.6,24.6,24.6,10,0
RPC,60,20240926,130000,24.3,24.3,24.2,24.2,16,0
RPC,60,20240926,140000,24.2,24.2,24.2,24.2,30,0
RPC,60,20240926,150000,24.2,24.2,24.1,24.1,122,0
RPC,60,20240926,160000,24.2,24.2,24.2,24.2,190,0
RPC,60,20240927,100000,24.2,24.2,23.4,23.6,66,0
RPC,60,20240927,110000,24,24,24,24,33,0
RPC,60,20240927,140000,24.1,24.1,24.1,24.1,20,0
RPC,60,20240927,150000,24.2,24.2,24.2,24.2,200,0
RPC,60,20240927,170000,24.1,24.2,24.1,24.2,102,0
RPC,60,20240930,100000,24,24,24,24,20,0
RPC,60,20240930,120000,24,24,24,24,25,0
RPC,60,20240930,140000,23.8,24,23.8,24,331,0
RPC,60,20241001,100000,24,24,24,24,10,0
RPC,60,20241001,110000,23.7,23.7,23.6,23.6,40,0
RPC,60,20241001,120000,23.6,23.6,23.6,23.6,31,0
RPC,60,20241001,140000,23.8,23.9,23.8,23.9,60,0
RPC,60,20241001,170000,23.7,23.7,23.7,23.7,30,0
RPC,60,20241002,120000,23.9,23.9,23.9,23.9,2,0
RPC,60,20241002,160000,23.9,23.9,23.9,23.9,2,0
RPC,60,20241003,120000,23.8,23.8,23.7,23.7,13,0
RPC,60,20241003,150000,23.7,23.9,23.7,23.9,55,0
RPC,60,20241003,170000,23.9,23.9,23.9,23.9,50,0
RPC,60,20241004,100000,23.8,23.8,23.8,23.8,5,0
RPC,60,20241004,130000,23.8,23.8,23.6,23.6,125,0
RPC,60,20241004,140000,23.9,23.9,23.9,23.9,10,0
RPC,60,20241004,160000,23.9,23.9,23.9,23.9,7,0
RPC,60,20241007,100000,24,24,24,24,35,0
RPC,60,20241007,130000,24,24,24,24,55,0
RPC,60,20241007,140000,24,24,24,24,1,0
RPC,60,20241007,150000,23.7,23.7,23.7,23.7,11,0
RPC,60,20241008,100000,23.9,23.9,23.9,23.9,21,0
RPC,60,20241008,110000,23.9,24,23.9,24,20,0
RPC,60,20241008,130000,24,24,24,24,15,0
RPC,60,20241008,160000,24,24,24,24,25,0
RPC,60,20241009,100000,24,24,24,24,10,0
RPC,60,20241009,110000,24,24,24,24,45,0
RPC,60,20241009,120000,23.7,23.7,23.4,23.4,366,0
RPC,60,20241009,150000,23.5,23.5,23.5,23.5,4000,0
RPC,60,20241009,160000,23.8,23.9,23.8,23.9,56,0
RPC,60,20241010,100000,23.9,23.9,23.9,23.9,7,0
RPC,60,20241010,110000,23.7,23.7,23.7,23.7,5000,0
RPC,60,20241010,120000,23.9,23.9,23.9,23.9,6,0
RPC,60,20241010,140000,23.9,23.9,23.9,23.9,1,0
RPC,60,20241011,100000,24,24,24,24,3,0
RPC,60,20241011,110000,23.7,23.7,23.7,23.7,5000,0
RPC,60,20241011,140000,23.6,23.6,22.6,23,1211,0
RPC,60,20241011,150000,23,23,22.2,22.6,2459,0
RPC,60,20241011,160000,22.6,22.7,22.3,22.4,203,0
RPC,60,20241011,170000,22.4,22.5,22.4,22.5,138,0
RPC,60,20241014,100000,22.4,22.4,22.4,22.4,100,0
RPC,60,20241014,110000,22.4,22.4,22.4,22.4,105,0
RPC,60,20241014,120000,22.4,22.4,22.4,22.4,50,0
RPC,60,20241014,130000,22.4,22.4,22.4,22.4,300,0
RPC,60,20241014,140000,22.4,22.4,22.4,22.4,191,0
RPC,60,20241014,150000,22.4,22.4,22.3,22.3,327,0
RPC,60,20241014,160000,22.3,22.3,22.3,22.3,35,0
RPC,60,20241015,100000,22.5,22.5,22.5,22.5,276,0
RPC,60,20241015,130000,22.5,22.5,22.5,22.5,3,0
RPC,60,20241015,140000,22.4,22.4,22.2,22.2,562,0
RPC,60,20241015,150000,22.2,22.2,22.2,22.2,115,0
RPC,60,20241015,160000,22.2,22.2,22.2,22.2,21,0
RPC,60,20241015,170000,22.2,22.2,22.2,22.2,40,0
RPC,60,20241016,100000,22.2,22.2,22.2,22.2,25,0
RPC,60,20241016,110000,22.2,22.2,22.2,22.2,50,0
RPC,60,20241016,120000,22.1,22.1,22.1,22.1,1,0
RPC,60,20241016,150000,22.1,22.1,22,22,252,0
RPC,60,20241016,170000,22,22,22,22,10,0
RPC,60,20241017,100000,22,22,21.8,21.8,20,0
RPC,60,20241017,110000,21.9,21.9,21.9,21.9,69,0
RPC,60,20241017,120000,22,22,22,22,80,0
RPC,60,20241017,130000,22,22,22,22,404,0
RPC,60,20241017,140000,22.2,22.5,22.2,22.5,72,0
RPC,60,20241017,150000,22.1,22.1,22,22,104,0
RPC,60,20241017,170000,22.4,22.4,22.4,22.4,6,0
RPC,60,20241018,100000,22.4,22.4,22.4,22.4,13,0
RPC,60,20241018,110000,22.4,22.4,22.4,22.4,5,0
RPC,60,20241018,160000,22.4,22.5,22.4,22.5,410,0
RPC,60,20241018,170000,22.2,22.5,21.9,22.5,184,0
RPC,60,20241021,100000,22.5,22.5,22.5,22.5,71,0
RPC,60,20241021,120000,22.5,22.5,22.5,22.5,4,0
RPC,60,20241021,150000,22.3,22.3,22.2,22.2,15,0
RPC,60,20241021,160000,22.2,22.2,22.2,22.2,10,0
RPC,60,20241021,170000,22.2,22.2,22.2,22.2,296,0
RPC,60,20241022,100000,22.4,22.4,22.4,22.4,1,0
RPC,60,20241022,110000,22.4,22.4,22.4,22.4,77,0
RPC,60,20241022,130000,22.4,22.5,22.4,22.5,65,0
RPC,60,20241022,160000,22.4,22.4,22.4,22.4,56,0
RPC,60,20241023,100000,22.4,22.6,22.4,22.5,423,0
RPC,60,20241023,120000,22.5,22.6,22.5,22.6,62,0
RPC,60,20241023,130000,22.6,22.6,22.6,22.6,346,0
RPC,60,20241023,140000,22.9,23,22.6,22.6,61,0
RPC,60,20241023,150000,23,23,22.5,22.5,38,0
RPC,60,20241023,170000,22.8,22.8,22.8,22.8,10,0
RPC,60,20241024,100000,22.8,22.9,22.5,22.5,82,0
RPC,60,20241024,110000,22.5,22.5,22.4,22.4,389,0
RPC,60,20241025,100000,22.7,22.7,22.7,22.7,5,0
RPC,60,20241025,120000,22.6,22.6,22.6,22.6,30,0
RPC,60,20241025,140000,22.6,22.6,22.6,22.6,6,0
RPC,60,20241028,100000,22.7,22.7,22.7,22.7,12,0
RPC,60,20241028,130000,22.8,22.9,22.8,22.9,30,0
RPC,60,20241028,140000,22.8,23.3,22.8,23.3,192,0
RPC,60,20241028,150000,23.3,23.3,23.3,23.3,16,0
RPC,60,20241028,170000,22.8,22.8,22.8,22.8,10,0
RPC,60,20241029,100000,23.1,23.1,23.1,23.1,20,0
RPC,60,20241029,120000,23.2,23.2,23.2,23.2,141,0
RPC,60,20241029,130000,23.1,23.1,23.1,23.1,55,0
RPC,60,20241029,140000,22.8,22.8,22.6,22.6,55,0
RPC,60,20241029,150000,22.6,22.7,22.6,22.7,23,0
RPC,60,20241029,160000,23,23,23,23,3,0
RPC,60,20241029,170000,23,23,23,23,6,0
RPC,60,20241030,100000,23,23,23,23,22,0
RPC,60,20241030,110000,23.1,23.1,23.1,23.1,5,0
RPC,60,20241030,120000,23.1,23.3,23.1,23.3,86,0
RPC,60,20241030,130000,22.8,22.8,22.8,22.8,2,0
RPC,60,20241030,170000,22.8,22.8,22.8,22.8,79,0
RPC,60,20241031,100000,22.8,22.9,22.8,22.9,37,0
RPC,60,20241031,110000,22.7,22.7,22.6,22.6,125,0
RPC,60,20241031,120000,22.6,22.6,22.6,22.6,250,0
RPC,60,20241031,140000,22.6,22.6,22.6,22.6,34,0
RPC,60,20241031,160000,22.6,22.8,22.6,22.8,80,0
RPC,60,20241031,170000,23,23,23,23,102,0
RPC,60,20241104,100000,23,23,23,23,92,0
RPC,60,20241104,110000,23.3,23.3,23.3,23.3,94,0
RPC,60,20241104,120000,23.3,23.4,23.2,23.4,140,0
RPC,60,20241104,130000,23.5,23.7,23,23.7,236,0
RPC,60,20241104,150000,23.2,23.6,23,23.6,71,0
RPC,60,20241104,160000,23.6,23.6,23.6,23.6,5,0
RPC,60,20241105,100000,23.6,23.6,23.6,23.6,10,0
RPC,60,20241105,130000,23.5,23.5,23.5,23.5,6,0
RPC,60,20241105,140000,23.3,23.3,23.3,23.3,1,0
RPC,60,20241106,100000,23.2,23.2,22.8,22.8,223,0
RPC,60,20241106,120000,22.8,23.1,22.7,23.1,18,0
RPC,60,20241107,110000,23.1,23.5,23.1,23.5,451,0
RPC,60,20241107,130000,23.2,23.2,23.2,23.2,5,0
RPC,60,20241108,100000,22.8,23.3,22.8,23.3,35,0
RPC,60,20241108,110000,23.3,23.5,23.3,23.5,100,0
RPC,60,20241112,140000,23.2,23.2,23.2,23.2,1,0
RPC,60,20241112,150000,23.3,23.5,23.2,23.2,39,0
RPC,60,20241112,160000,23.3,23.3,23.3,23.3,2,0
RPC,60,20241112,170000,23.2,23.3,23.2,23.2,120,0
RPC,60,20241113,130000,23.3,23.3,23.3,23.3,68,0
RPC,60,20241113,140000,23.3,23.3,23.2,23.2,11,0
RPC,60,20241113,150000,23,23,23,23,2,0
RPC,60,20241114,100000,23.1,23.1,23.1,23.1,10,0
RPC,60,20241114,120000,23.5,23.6,23.2,23.2,101,0
RPC,60,20241114,130000,23.1,23.1,23,23,68,0
RPC,60,20241114,140000,22.7,22.7,22.6,22.6,20,0
RPC,60,20241114,170000,23,23,23,23,2,0
RPC,60,20241115,110000,23,23,23,23,8,0
RPC,60,20241115,140000,23,23,22.6,22.6,79,0
RPC,60,20241115,160000,23.1,23.1,23.1,23.1,2,0
RPC,60,20241115,170000,22.9,22.9,22.9,22.9,22,0
RPC,60,20241118,100000,22.9,22.9,22.6,22.6,23,0
RPC,60,20241118,110000,22.5,22.5,22.5,22.5,40,0
RPC,60,20241118,120000,22.6,22.6,22.6,22.6,32,0
RPC,60,20241118,170000,22.8,23.2,22.8,23.2,51,0
RPC,60,20241119,110000,23.4,23.4,23.4,23.4,2,0
RPC,60,20241119,120000,22.8,22.8,22.8,22.8,1,0
RPC,60,20241119,130000,22.8,22.8,22.8,22.8,10,0
RPC,60,20241119,140000,22.8,23.5,22.8,23.5,56,0
RPC,60,20241120,100000,22.6,22.6,22.6,22.6,60,0
RPC,60,20241120,110000,23,23.1,23,23.1,22,0
RPC,60,20241120,130000,23.1,23.2,23.1,23.2,14,0
RPC,60,20241120,140000,22.7,23.2,22.5,23.2,32,0
RPC,60,20241122,100000,23.1,23.1,23.1,23.1,10,0
RPC,60,20241122,140000,23.1,23.1,23.1,23.1,5,0
RPC,60,20241122,170000,23.1,23.1,23.1,23.1,4,0
RPC,60,20241125,100000,23.1,23.1,23.1,23.1,66,0
RPC,60,20241125,140000,23,23.1,23,23.1,74,0
RPC,60,20241126,100000,23.1,23.1,23.1,23.1,55,0
RPC,60,20241126,110000,23,23,23,23,40,0
RPC,60,20241126,140000,23,23,23,23,10,0
RPC,60,20241126,160000,22.7,22.7,22.7,22.7,11,0
RPC,60,20241126,170000,22.6,22.6,22.4,22.4,242,0
RPC,60,20241127,140000,22.6,22.6,22.6,22.6,1,0
RPC,60,20241127,150000,22.6,22.6,22.6,22.6,10,0
RPC,60,20241127,160000,22.6,22.6,22.6,22.6,80,0
RPC,60,20241128,100000,22.7,22.7,22.7,22.7,4,0
RPC,60,20241128,140000,22.7,22.7,22.7,22.7,87,0
RPC,60,20241129,100000,22.7,22.7,22.7,22.7,6,0
RPC,60,20241129,120000,22.7,22.7,22.7,22.7,6,0
RPC,60,20241129,140000,22.4,22.4,22.4,22.4,10,0
RPC,60,20241129,150000,22.4,22.4,22.4,22.4,40,0
RPC,60,20241129,170000,22.4,22.8,22.4,22.8,710,0
RPC,60,20241202,100000,22.8,23,22.8,23,206,0
RPC,60,20241202,110000,22.8,22.8,22.8,22.8,89,0
RPC,60,20241202,120000,22.9,23,22.9,23,103,0
RPC,60,20241202,150000,23,23,23,23,1,0
RPC,60,20241202,170000,23,23,23,23,10,0
RPC,60,20241203,100000,23.1,23.1,23,23.1,129,0
RPC,60,20241203,110000,23.1,23.1,23.1,23.1,20,0
RPC,60,20241203,150000,22.8,22.8,22.5,22.5,40,0
RPC,60,20241203,160000,22.5,22.5,22.5,22.5,66,0
RPC,60,20241204,100000,22.5,22.9,22.5,22.9,534,0
RPC,60,20241204,110000,22.7,22.7,22.7,22.7,4,0
RPC,60,20241204,130000,22.7,22.7,22.6,22.6,9,0
RPC,60,20241204,140000,22.5,22.6,22.5,22.5,44,0
RPC,60,20241204,150000,22.8,22.9,22.8,22.9,100,0
RPC,60,20241204,160000,22.9,23.1,22.9,23.1,536,0
RPC,60,20241205,100000,23.1,23.1,23.1,23.1,10,0
RPC,60,20241205,110000,23.1,23.1,23.1,23.1,10,0
RPC,60,20241205,120000,22.8,22.9,22.8,22.9,62,0
RPC,60,20241205,160000,22.9,22.9,22.6,22.6,91,0
RPC,60,20241205,170000,22.6,23,22.6,23,56,0
RPC,60,20241206,100000,23.2,23.2,23.2,23.2,7,0
RPC,60,20241206,130000,23.1,23.2,23.1,23.2,230,0
RPC,60,20241209,100000,23.2,23.2,22.5,22.9,1163,0
RPC,60,20241209,110000,22.6,22.6,22.5,22.5,41,0
RPC,60,20241209,130000,22.6,22.6,22.5,22.5,12,0
RPC,60,20241209,150000,22.7,22.7,22.7,22.7,75,0
RPC,60,20241209,160000,22.9,22.9,22.9,22.9,2,0
RPC,60,20241210,100000,23,23,23,23,1,0
RPC,60,20241210,130000,22.6,22.6,22.6,22.6,50,0
RPC,60,20241210,140000,22.6,22.6,22.6,22.6,1,0
RPC,60,20241210,150000,22.5,22.5,22.5,22.5,17,0
RPC,60,20241210,160000,22.8,22.8,22.8,22.8,5,0
RPC,60,20241210,170000,22.7,22.7,22.5,22.5,280,0
RPC,60,20241211,100000,22.7,22.7,22.5,22.5,191,0
RPC,60,20241211,120000,22.5,22.5,22.5,22.5,53,0
RPC,60,20241211,150000,22.6,22.6,22.6,22.6,1,0
RPC,60,20241211,170000,22.5,22.5,22.5,22.5,25,0
RPC,60,20241212,100000,22.5,22.5,22.5,22.5,76,0
RPC,60,20241212,110000,22.6,22.6,22.6,22.6,434,0
RPC,60,20241212,120000,22.7,22.7,22.7,22.7,10,0
RPC,60,20241212,130000,22.6,22.6,22.6,22.6,402,0
RPC,60,20241213,100000,22.6,22.6,22.6,22.6,5,0
RPC,60,20241213,120000,22.6,22.6,22.5,22.5,61,0
RPC,60,20241213,130000,22.5,22.5,22.5,22.5,24,0
RPC,60,20241216,100000,22.6,22.6,22.6,22.6,27,0
RPC,60,20241216,110000,22.5,22.5,22.5,22.5,7,0
RPC,60,20241216,130000,22.6,22.6,22.5,22.5,85,0
RPC,60,20241216,160000,22.5,22.6,22.5,22.6,316,0
RPC,60,20241216,170000,22.5,22.5,22.5,22.5,180,0
RPC,60,20241217,100000,22.5,22.6,22.5,22.5,144,0
RPC,60,20241217,130000,22.5,22.6,22.5,22.5,388,0
RPC,60,20241218,100000,22.5,22.5,22.5,22.5,25,0
RPC,60,20241218,110000,22.4,22.5,22.4,22.5,20,0
RPC,60,20241218,130000,22.5,22.5,22.5,22.5,1,0
RPC,60,20241218,140000,22.5,22.5,22.5,22.5,2,0
RPC,60,20241218,160000,22.4,22.5,22.4,22.5,440,0
RPC,60,20241219,100000,22.3,22.3,22.3,22.3,1,0
RPC,60,20241219,140000,22.3,22.3,22.3,22.3,1,0
RPC,60,20241219,170000,22.4,22.4,22.4,22.4,10,0
RPC,60,20241220,100000,22.4,22.4,22.4,22.4,116,0
RPC,60,20241220,120000,22.3,22.3,22.2,22.2,20,0
RPC,60,20241220,130000,22.2,22.2,22.2,22.2,4,0
RPC,60,20241220,140000,22.5,22.5,22.5,22.5,9,0
RPC,60,20241220,150000,22.5,22.5,22.5,22.5,4,0
RPC,60,20241220,170000,22.2,22.2,22.2,22.2,246,0
RPC,60,20241223,100000,22.2,22.2,22.2,22.2,12,0
RPC,60,20241223,110000,22.2,22.2,22,22,240,0
RPC,60,20241223,120000,22.3,22.3,22.3,22.3,232,0
RPC,60,20241223,130000,22.1,22.2,22.1,22.2,2,0
RPC,60,20241223,140000,22.1,22.2,21.8,22.2,525,0
RPC,60,20241223,160000,21.8,21.8,21,21.5,1519,0
RPC,60,20241227,100000,21.1,21.1,21.1,21.1,40,0
RPC,60,20241227,110000,21.5,21.5,21.5,21.5,1,0
RPC,60,20241227,120000,21.1,21.1,21,21.1,110,0
RPC,60,20241227,130000,21.4,21.4,21.4,21.4,2,0
RPC,60,20241227,160000,21.2,21.2,21.2,21.2,150,0
RPC,60,20241227,170000,21.2,21.2,21.2,21.2,90,0
RPC,60,20241230,100000,21.5,21.5,21.5,21.5,25,0
RPC,60,20241230,110000,21.5,21.6,21.5,21.6,122,0
RPC,60,20241230,120000,21.6,21.7,21.5,21.7,302,0
RPC,60,20241230,140000,21.8,21.8,21.8,21.8,132,0
RPC,60,20241230,150000,21.7,21.8,21.7,21.8,10,0
RPC,60,20241230,170000,21.8,21.8,21.8,21.8,7,0
RPC,60,20250102,100000,21.8,21.8,21.1,21.1,153,0
RPC,60,20250102,110000,21.1,22.5,21,22.5,137,0
RPC,60,20250102,140000,21.8,22.2,21.8,22.2,4,0
RPC,60,20250102,150000,22.2,22.2,22.2,22.2,44,0
RPC,60,20250102,170000,22.1,22.2,22.1,22.2,22,0
RPC,60,20250103,100000,22.2,22.2,22.2,22.2,49,0
RPC,60,20250103,120000,22.2,22.2,22.2,22.2,92,0
RPC,60,20250103,130000,22.2,22.2,21.8,21.8,75,0
RPC,60,20250103,140000,21.9,22,21.8,21.8,142,0
RPC,60,20250103,150000,22,22,22,22,5,0
RPC,60,20250103,160000,22,22,22,22,185,0
RPC,60,20250103,170000,22.1,22.1,22.1,22.1,5,0
RPC,60,20250107,100000,22.1,22.2,22.1,22.2,31,0
RPC,60,20250107,110000,22.2,22.2,22.2,22.2,100,0
RPC,60,20250107,120000,22.2,22.2,22.2,22.2,120,0
RPC,60,20250107,130000,22.2,22.2,22.2,22.2,215,0
RPC,60,20250107,150000,22.2,22.2,22.2,22.2,3,0
RPC,60,20250107,160000,22,22,22,22,3,0
RPC,60,20250107,170000,22,22.2,22,22.2,225,0
RPC,60,20250108,100000,22,22.1,22,22.1,124,0
RPC,60,20250108,110000,22.1,22.1,22.1,22.1,145,0
RPC,60,20250108,120000,22,22.1,22,22.1,170,0
RPC,60,20250108,130000,22,22,22,22,44,0
RPC,60,20250108,170000,22,22,22,22,21,0
RPC,60,20250109,100000,21.9,21.9,21.5,21.5,384,0
RPC,60,20250109,110000,21.5,21.5,21.5,21.5,41,0
RPC,60,20250109,130000,21.5,22,21.5,22,89,0
RPC,60,20250109,150000,21.7,21.7,21.7,21.7,20,0
RPC,60,20250110,120000,21.9,22,21.9,22,80,0
RPC,60,20250113,100000,22,22,22,22,6,0
RPC,60,20250113,160000,22,22,22,22,30,0
RPC,60,20250113,170000,22,22,22,22,10,0
RPC,60,20250114,100000,22,22,22,22,10,0
RPC,60,20250114,110000,22,22,22,22,65,0
RPC,60,20250114,130000,22,22,22,22,10,0
RPC,60,20250114,140000,22,22,22,22,150,0
RPC,60,20250114,160000,21.8,21.8,21.8,21.8,20,0
RPC,60,20250115,100000,21.8,21.9,21.8,21.9,15,0
RPC,60,20250115,120000,21.9,21.9,21.9,21.9,24,0
RPC,60,20250115,160000,22,22,22,22,59,0
RPC,60,20250115,170000,22,22,21.8,21.8,102,0
RPC,60,20250116,100000,21.8,21.8,21.8,21.8,5,0
RPC,60,20250116,120000,21.8,21.8,21.7,21.7,27,0
RPC,60,20250116,130000,21.7,21.7,21.6,21.6,100,0
RPC,60,20250116,150000,22,22,22,22,6,0
RPC,60,20250116,170000,22,22.1,22,22.1,24,0
RPC,60,20250117,100000,22.1,22.1,22.1,22.1,15,0
RPC,60,20250117,110000,22.1,22.1,22.1,22.1,6,0
RPC,60,20250117,120000,22.1,22.1,22.1,22.1,3,0
RPC,60,20250117,130000,22.1,22.1,22.1,22.1,4,0
RPC,60,20250117,160000,22,22,22,22,185,0
RPC,60,20250117,170000,22.1,22.1,22.1,22.1,60,0
RPC,60,20250120,100000,22,22.1,22,22,131,0
RPC,60,20250120,110000,22,22.1,22,22.1,23,0
RPC,60,20250120,130000,22,22,22,22,7,0
RPC,60,20250120,150000,22,22.1,22,22.1,105,0
RPC,60,20250121,100000,22.1,22.1,22.1,22.1,5,0
RPC,60,20250121,110000,21.9,21.9,21.9,21.9,3,0
RPC,60,20250121,130000,22,22,21.9,21.9,117,0
RPC,60,20250121,150000,22,22,22,22,322,0
RPC,60,20250121,160000,22,22,22,22,301,0
RPC,60,20250122,100000,22,22,22,22,135,0
RPC,60,20250122,110000,22,22,22,22,10,0
RPC,60,20250122,140000,22,22,22,22,60,0
RPC,60,20250122,150000,22,22,22,22,100,0
RPC,60,20250123,100000,22,22,22,22,10,0
RPC,60,20250123,110000,22,22,22,22,2,0
RPC,60,20250123,130000,21.9,21.9,21.9,21.9,2,0
RPC,60,20250123,160000,22,22,22,22,18,0
RPC,60,20250123,170000,22,22,22,22,80,0
RPC,60,20250124,100000,22,22,22,22,15,0
RPC,60,20250124,110000,22,22,22,22,71,0
RPC,60,20250124,120000,22,22,22,22,140,0
RPC,60,20250124,130000,22,22,22,22,36,0
RPC,60,20250124,150000,22,22,22,22,4,0
RPC,60,20250127,100000,22,22,22,22,95,0
RPC,60,20250127,110000,21.9,21.9,21.9,21.9,68,0
RPC,60,20250127,120000,22,22,22,22,1,0
RPC,60,20250127,150000,22,22,22,22,166,0
RPC,60,20250128,100000,22,22,22,22,27,0
RPC,60,20250128,140000,21.8,21.8,21.8,21.8,95,0
RPC,60,20250128,150000,21.9,21.9,21.9,21.9,26,0
RPC,60,20250128,170000,21.8,21.8,21.6,21.6,135,0
RPC,60,20250129,100000,21.6,21.7,21.6,21.6,36,0
RPC,60,20250129,110000,21.9,21.9,21.9,21.9,2,0
RPC,60,20250129,130000,21.6,21.6,21.6,21.6,347,0
RPC,60,20250129,140000,21.5,21.5,21.5,21.5,6,0
RPC,60,20250129,150000,21.9,21.9,21.9,21.9,8,0
RPC,60,20250129,170000,21.7,21.7,21.7,21.7,98,0
RPC,60,20250130,100000,21.8,21.9,21.8,21.9,400,0
RPC,60,20250130,110000,21.7,21.7,21.7,21.7,200,0
RPC,60,20250130,120000,21.7,21.7,21.7,21.7,185,0
RPC,60,20250130,130000,21.7,21.7,21.7,21.7,875,0
RPC,60,20250130,150000,21.7,21.7,21.7,21.7,3,0
RPC,60,20250130,160000,21.7,21.7,21.6,21.6,219,0
RPC,60,20250130,170000,21.7,21.7,21.7,21.7,100,0
RPC,60,20250131,100000,21.8,21.9,21.8,21.9,4,0
RPC,60,20250131,110000,21.9,21.9,21.9,21.9,3,0
RPC,60,20250131,120000,21.9,21.9,21.9,21.9,10,0
RPC,60,20250131,140000,21.9,22,21.9,22,90,0
RPC,60,20250131,150000,21.8,21.8,21.7,21.7,107,0
RPC,60,20250131,170000,21.7,21.7,21.5,21.5,181,0
RPC,60,20250203,100000,21.5,21.5,21.5,21.5,15,0
RPC,60,20250203,110000,21.8,21.8,21.8,21.8,3,0
RPC,60,20250203,120000,21.6,21.6,21.5,21.5,12,0
RPC,60,20250203,140000,21.6,21.6,21.5,21.5,397,0
RPC,60,20250203,150000,21.3,21.6,21.2,21.5,317,0
RPC,60,20250204,100000,21.6,21.6,21.6,21.6,11,0
RPC,60,20250204,110000,21.5,21.5,21.5,21.5,25,0
RPC,60,20250204,130000,21.5,21.5,21.5,21.5,78,0
RPC,60,20250204,140000,21.6,21.6,21.6,21.6,200,0
RPC,60,20250204,150000,21.6,21.6,21.6,21.6,36,0
RPC,60,20250205,100000,21.6,21.6,21.6,21.6,120,0
RPC,60,20250205,110000,21.6,21.6,21.6,21.6,2,0
RPC,60,20250205,120000,21.6,21.6,21.6,21.6,1,0
RPC,60,20250205,130000,21.6,21.6,21.6,21.6,13,0
RPC,60,20250205,170000,21.5,21.5,21.5,21.5,1,0
RPC,60,20250206,100000,21.5,21.6,21.5,21.6,440,0
RPC,60,20250206,110000,21.6,21.6,21.6,21.6,180,0
RPC,60,20250206,120000,21.6,21.7,21.6,21.6,353,0
RPC,60,20250206,140000,21.6,21.6,21.6,21.6,118,0
RPC,60,20250206,170000,21.6,21.6,21.6,21.6,4,0
RPC,60,20250207,100000,21.6,21.8,21.6,21.6,341,0
RPC,60,20250207,110000,21.6,21.6,21.6,21.6,15,0
RPC,60,20250207,130000,21.6,21.8,21.6,21.6,421,0
RPC,60,20250207,150000,21.6,21.6,21.6,21.6,60,0
RPC,60,20250207,160000,21.6,21.6,21.6,21.6,495,0
RPC,60,20250210,100000,21.6,21.6,21.4,21.4,517,0
RPC,60,20250210,110000,21.3,21.4,21.3,21.3,1455,0
RPC,60,20250210,120000,21.3,21.6,21.1,21.1,725,0
RPC,60,20250210,130000,21.4,21.6,21.3,21.3,500,0
RPC,60,20250210,140000,21.3,21.6,21.3,21.5,221,0
RPC,60,20250210,150000,21.6,21.6,21.6,21.6,46,0
RPC,60,20250210,160000,21.6,21.6,21.6,21.6,600,0
RPC,60,20250210,170000,21.6,21.6,21.6,21.6,50,0
RPC,60,20250211,100000,21.4,21.5,21.3,21.5,174,0
RPC,60,20250211,130000,21.5,21.5,21.5,21.5,1,0
RPC,60,20250211,150000,21.5,21.5,21.5,21.5,1,0
RPC,60,20250211,160000,21.5,21.6,21.5,21.6,330,0
RPC,60,20250211,170000,21.6,21.6,21.6,21.6,56,0
RPC,60,20250212,100000,21.6,21.6,21.6,21.6,7,0
RPC,60,20250212,110000,21.6,21.6,21.6,21.6,2,0
RPC,60,20250212,120000,21.6,21.6,21.6,21.6,33,0
RPC,60,20250212,130000,21.5,21.5,21.5,21.5,5,0
RPC,60,20250212,140000,21.6,21.6,21.6,21.6,170,0
RPC,60,20250212,160000,21.6,21.6,21.6,21.6,1000,0
RPC,60,20250212,170000,21.6,22.2,21.6,22,2896,0
RPC,60,20250213,100000,22.2,22.2,22.2,22.2,10,0
RPC,60,20250213,110000,22.1,22.1,22,22,140,0
RPC,60,20250213,130000,22,22,22,22,5,0
RPC,60,20250213,140000,22.2,22.2,22.2,22.2,11,0
RPC,60,20250213,150000,22,22.2,22,22.2,68,0
RPC,60,20250213,170000,22.2,22.2,22.2,22.2,41,0
RPC,60,20250214,100000,22.2,22.2,21.8,21.8,135,0
RPC,60,20250214,110000,22,22,22,22,100,0
RPC,60,20250214,120000,22,22,22,22,100,0
RPC,60,20250214,130000,22,22,22,22,55,0
RPC,60,20250214,150000,22,22,21.9,21.9,100,0
RPC,60,20250214,170000,22,22,21.9,21.9,96,0
RPC,60,20250217,100000,22.1,22.1,22.1,22.1,1,0
RPC,60,20250217,120000,22.1,22.1,21.6,21.6,70,0
RPC,60,20250217,130000,22,22,22,22,25,0
RPC,60,20250217,140000,21.6,22,21.6,22,4,0
RPC,60,20250217,160000,21.6,21.6,21.6,21.6,30,0
RPC,60,20250217,170000,21.9,21.9,21.9,21.9,10,0
RPC,60,20250218,100000,22,22,21.6,21.6,243,0
RPC,60,20250218,120000,21.6,22,21.6,22,95,0
RPC,60,20250218,130000,22,22,22,22,23,0
RPC,60,20250218,140000,22,22,22,22,90,0
RPC,60,20250218,150000,22,22,22,22,379,0
RPC,60,20250218,170000,22,22,22,22,658,0
RPC,60,20250219,100000,22.1,22.1,22,22,109,0
RPC,60,20250219,120000,22,22,21.8,21.8,253,0
RPC,60,20250219,140000,21.8,21.8,21.6,21.6,99,0
RPC,60,20250221,100000,21.6,22,21.6,22,20,0
RPC,60,20250221,110000,22,22,21.7,22,170,0
RPC,60,20250221,120000,21.7,21.7,21.6,21.6,100,0
RPC,60,20250221,150000,21.9,21.9,21.9,21.9,2,0
RPC,60,20250221,160000,21.9,21.9,21.9,21.9,42,0
RPC,60,20250221,170000,21.6,21.6,21.6,21.6,6,0
RPC,60,20250224,100000,21.6,21.6,21.6,21.6,131,0
RPC,60,20250224,170000,21.6,21.6,21.5,21.5,287,0
RPC,60,20250225,100000,21.5,21.5,21.4,21.4,23,0
RPC,60,20250225,150000,21.4,21.8,21.4,21.8,98,0
RPC,60,20250226,100000,21.9,21.9,21.9,21.9,5,0
RPC,60,20250226,130000,21.6,21.6,21.4,21.4,257,0
RPC,60,20250226,140000,21.4,21.4,21.3,21.3,132,0
RPC,60,20250226,150000,21.3,21.3,21.3,21.3,2,0
RPC,60,20250226,160000,21.7,21.7,21.7,21.7,37,0
RPC,60,20250227,100000,21.7,21.7,21.7,21.7,150,0
RPC,60,20250227,110000,21.8,21.8,21.8,21.8,10,0
RPC,60,20250227,120000,21.8,21.8,21.8,21.8,98,0
RPC,60,20250227,140000,21.7,21.7,21.7,21.7,485,0
RPC,60,20250228,120000,21.8,21.9,21.8,21.9,55,0
RPC,60,20250228,150000,21.8,21.8,21.8,21.8,7,0
RPC,60,20250228,170000,21.8,21.8,21.8,21.8,11,0
RPC,60,20250303,100000,21.8,21.8,21.8,21.8,92,0
RPC,60,20250303,130000,21.8,21.8,21.8,21.8,51,0
RPC,60,20250303,140000,21.8,21.9,21.8,21.9,6,0
RPC,60,20250303,150000,21.8,21.8,21.8,21.8,12,0
RPC,60,20250303,170000,21.8,21.8,21.8,21.8,2,0
RPC,60,20250304,100000,21.8,21.8,21.8,21.8,16,0
RPC,60,20250304,110000,21.7,21.7,21.7,21.7,25,0
RPC,60,20250304,130000,21.5,21.5,21.3,21.3,90,0
RPC,60,20250304,140000,21.8,21.9,21.8,21.9,445,0
RPC,60,20250304,150000,21.9,21.9,21.9,21.9,500,0
RPC,60,20250305,100000,21.5,21.5,21.5,21.5,17,0
RPC,60,20250305,120000,21.7,21.8,21.7,21.7,837,0
RPC,60,20250305,140000,21.7,21.7,21.7,21.7,20,0
RPC,60,20250305,160000,21.7,21.7,21.7,21.7,300,0
RPC,60,20250306,100000,21.7,21.7,21.7,21.7,13,0
RPC,60,20250306,130000,21.7,22,21.7,21.7,1087,0
RPC,60,20250306,150000,21.7,21.7,21.7,21.7,100,0
RPC,60,20250306,170000,21.7,21.7,21.7,21.7,575,0
RPC,60,20250307,100000,21.7,21.7,21.7,21.7,5,0
RPC,60,20250307,140000,21.7,21.7,21.4,21.4,185,0
RPC,60,20250307,150000,21.4,21.4,21.4,21.4,50,0
RPC,60,20250307,160000,21.4,21.4,21.3,21.3,183,0
RPC,60,20250307,170000,21.3,21.5,21.3,21.5,183,0
RPC,60,20250310,100000,21.5,21.7,21.5,21.7,106,0
RPC,60,20250310,110000,21.6,21.6,21.6,21.6,46,0
RPC,60,20250310,120000,21.6,21.6,21.6,21.6,18,0
RPC,60,20250311,100000,21.6,21.6,21.3,21.3,120,0
RPC,60,20250311,120000,21.6,21.6,21.5,21.5,168,0
RPC,60,20250312,100000,21.3,21.6,21.3,21.6,40,0
RPC,60,20250312,110000,21.6,21.6,21.6,21.6,46,0
RPC,60,20250312,120000,21.6,21.6,21.6,21.6,202,0
RPC,60,20250312,140000,21.6,21.6,21.6,21.6,91,0
RPC,60,20250312,150000,21.6,21.6,21.6,21.6,100,0
RPC,60,20250313,100000,21.3,21.5,21.3,21.5,11,0
RPC,60,20250313,110000,21.3,21.3,21.3,21.3,40,0
RPC,60,20250314,100000,21.3,21.5,21.3,21.5,7,0
RPC,60,20250314,120000,21.5,21.6,21.5,21.6,534,0
RPC,60,20250314,140000,21.6,21.6,21.6,21.6,170,0
RPC,60,20250314,170000,21.5,21.5,21.5,21.5,79,0
RPC,60,20250317,100000,21.5,21.5,21.5,21.5,22,0
RPC,60,20250317,110000,21.5,21.6,21.5,21.6,201,0
RPC,60,20250317,120000,21.6,21.7,21.6,21.7,32,0
RPC,60,20250317,130000,21.7,21.8,21.7,21.8,10,0
RPC,60,20250317,170000,21.8,21.8,21.8,21.8,4,0
RPC,60,20250318,100000,21.8,21.8,21.7,21.8,44,0
RPC,60,20250318,110000,21.8,21.8,21.7,21.7,81,0
RPC,60,20250318,120000,21.8,22.2,21.8,22.2,1664,0
RPC,60,20250318,130000,22,22,22,22,87,0
RPC,60,20250318,140000,22,22.2,22,22.2,250,0
RPC,60,20250318,150000,22,22,22,22,12,0
RPC,60,20250318,160000,22.2,22.2,22,22,110,0
RPC,60,20250318,170000,22,22.3,22,22.3,70,0
RPC,60,20250319,100000,22.3,22.3,22.3,22.3,115,0
RPC,60,20250319,110000,22.2,22.2,22.2,22.2,30,0
RPC,60,20250319,120000,22.2,22.3,22.2,22.3,75,0
RPC,60,20250319,130000,22.2,22.2,22.2,22.2,58,0
RPC,60,20250319,140000,22.1,22.1,22,22,135,0
RPC,60,20250319,150000,22.2,22.3,22.1,22.3,63,0
RPC,60,20250319,160000,22.1,22.3,22.1,22.3,80,0
RPC,60,20250319,170000,22.3,22.3,22.3,22.3,59,0
RPC,60,20250320,100000,22.3,22.3,22.3,22.3,10,0
RPC,60,20250320,110000,22.1,22.1,22,22,119,0
RPC,60,20250320,130000,22.2,22.5,22.2,22.4,600,0
RPC,60,20250320,140000,22.4,22.4,22.1,22.1,91,0
RPC,60,20250321,100000,21.8,21.8,21.5,21.8,3122,0
RPC,60,20250321,120000,22,22.4,22,22.4,45,0
RPC,60,20250321,170000,22.4,22.4,22.4,22.4,5,0
RPC,60,20250324,100000,22.5,22.5,22.5,22.5,240,0
RPC,60,20250324,130000,22.1,22.1,21.9,21.9,12,0
RPC,60,20250324,170000,21.9,21.9,21.9,21.9,2,0
RPC,60,20250325,100000,21.9,21.9,21.9,21.9,15,0
RPC,60,20250325,110000,22,22,22,22,100,0
RPC,60,20250325,120000,22.2,22.5,22.2,22.5,400,0
RPC,60,20250325,130000,22.4,22.8,22.4,22.8,624,0
RPC,60,20250325,140000,22.8,22.8,22.8,22.8,2,0
RPC,60,20250325,160000,22.8,22.8,22.8,22.8,1,0
RPC,60,20250325,170000,22.4,22.4,22.1,22.1,497,0
RPC,60,20250326,100000,22.1,22.4,22.1,22.4,161,0
RPC,60,20250326,130000,22.4,22.4,22.4,22.4,2,0
RPC,60,20250326,160000,22.2,22.2,22.1,22.1,400,0
RPC,60,20250327,100000,22.2,22.2,22.2,22.2,75,0
RPC,60,20250327,110000,22.2,22.2,22.2,22.2,10,0
RPC,60,20250327,140000,22.2,22.2,22,22,24,0
RPC,60,20250328,100000,22,22,22,22,30,0
RPC,60,20250328,110000,21.9,21.9,21.9,21.9,46,0
RPC,60,20250328,120000,22.2,22.2,22.2,22.2,2,0
RPC,60,20250328,130000,22.2,22.4,22.2,22.4,29,0
RPC,60,20250328,140000,22.4,22.8,22.4,22.8,376,0
RPC,60,20250328,150000,22.2,22.2,22.2,22.2,2,0
RPC,60,20250328,160000,22.6,22.6,22.6,22.6,1,0
RPC,60,20250331,100000,22.6,22.6,22.6,22.6,79,0
RPC,60,20250331,110000,22.6,22.8,22.6,22.8,397,0
RPC,60,20250331,120000,22.8,22.8,22.6,22.6,220,0
RPC,60,20250331,140000,22.2,22.2,22.2,22.2,2,0
RPC,60,20250331,150000,22.2,22.2,22.2,22.2,6,0
RPC,60,20250331,170000,22.2,22.2,22.2,22.2,499,0
RPC,60,20250401,100000,22.2,22.2,22.2,22.2,1,0
RPC,60,20250401,120000,22.5,22.5,22.1,22.4,12,0
RPC,60,20250401,130000,22.4,22.5,22.4,22.5,10,0
RPC,60,20250401,140000,22.2,22.2,22.2,22.2,10,0
RPC,60,20250401,160000,22.2,22.2,22.2,22.2,11,0
RPC,60,20250403,100000,22.1,22.4,22.1,22.4,21,0
RPC,60,20250403,120000,22.4,22.4,22.4,22.4,49,0
RPC,60,20250403,130000,22.4,22.6,22.4,22.6,470,0
RPC,60,20250403,140000,22.6,22.6,22.5,22.5,219,0
RPC,60,20250403,150000,22.4,22.4,22.4,22.4,64,0
RPC,60,20250403,160000,22.4,22.6,22.4,22.6,60,0
RPC,60,20250403,170000,22.4,22.7,22.4,22.4,37,0
RPC,60,20250404,100000,23.2,23.5,23,23.5,917,0
RPC,60,20250404,110000,23.6,23.7,23.6,23.7,12,0
RPC,60,20250404,120000,23.5,23.5,23.1,23.1,137,0
RPC,60,20250404,130000,23.1,23.1,23,23,205,0
RPC,60,20250404,140000,22.9,22.9,22.5,22.9,550,0
RPC,60,20250404,150000,22.9,22.9,22.9,22.9,8,0
RPC,60,20250404,160000,22.6,22.6,22.6,22.6,5,0
RPC,60,20250404,170000,22.7,22.7,22.7,22.7,40,0
RPC,60,20250407,100000,22.8,23.9,22.8,23.5,2943,0
RPC,60,20250407,110000,23.8,27.1,23.8,26.1,3062,0
RPC,60,20250407,120000,26.1,27.1,25.8,25.8,1533,0
RPC,60,20250407,130000,26.4,27.5,25.6,25.7,2984,0
RPC,60,20250407,140000,25.3,26.8,25.3,26.8,492,0
RPC,60,20250407,150000,26.4,26.8,23.5,23.5,2201,0
RPC,60,20250407,170000,25.7,25.8,24.6,25.8,531,0
RPC,60,20250408,100000,25.8,26.9,25.8,26.9,894,0
RPC,60,20250408,110000,26.5,28,26.4,28,1834,0
RPC,60,20250408,120000,27.9,27.9,26.3,26.9,782,0
RPC,60,20250408,130000,26.7,27.5,26.6,27.3,584,0
RPC,60,20250408,140000,27.2,27.2,27.2,27.2,2,0
RPC,60,20250408,150000,27.1,27.2,27.1,27.2,210,0
RPC,60,20250408,160000,27.1,27.1,27.1,27.1,50,0
RPC,60,20250408,170000,26.9,27,26.9,27,56,0
RPC,60,20250409,100000,26.5,26.5,25.7,26,1393,0
RPC,60,20250409,120000,25.9,25.9,25.7,25.7,22,0
RPC,60,20250409,140000,25.8,25.8,25.8,25.8,37,0
RPC,60,20250409,150000,25.7,26,25.7,26,92,0
RPC,60,20250409,170000,25.8,25.8,25.8,25.8,50,0
RPC,60,20250410,100000,25.8,27.3,25.8,27.3,901,0
RPC,60,20250410,110000,26.3,26.3,26,26,180,0
RPC,60,20250410,120000,26,26.2,25.8,25.8,379,0
RPC,60,20250410,130000,26,26.2,26,26.2,18,0
RPC,60,20250410,140000,26.2,26.2,25.8,25.8,45,0
RPC,60,20250410,150000,25.8,25.8,25.7,25.7,130,0
RPC,60,20250410,160000,25.7,25.7,25.7,25.7,300,0
RPC,60,20250410,170000,25.6,25.6,25.3,25.3,41,0
RPC,60,20250411,100000,25.7,25.7,24.5,24.8,223,0
RPC,60,20250411,110000,24.2,24.2,24.2,24.2,81,0
RPC,60,20250411,130000,24.2,24.8,24.1,24.8,47,0
RPC,60,20250414,100000,25.4,25.4,25.2,25.2,167,0
RPC,60,20250414,110000,24.5,24.6,24.4,24.6,251,0
RPC,60,20250414,130000,24.6,24.6,24.6,24.6,75,0
RPC,60,20250414,140000,24.6,24.6,24.4,24.4,59,0
RPC,60,20250414,150000,24.4,24.9,24.4,24.9,221,0
RPC,60,20250414,170000,24.8,24.8,24.8,24.8,99,0
RPC,60,20250415,100000,25,25,24.1,24.1,305,0
RPC,60,20250415,110000,24.2,24.7,24.1,24.7,360,0
RPC,60,20250416,100000,24.7,24.7,23.9,24.3,632,0
RPC,60,20250416,110000,24,24,23.9,23.9,15,0
RPC,60,20250416,120000,24.5,24.7,24.5,24.7,18,0
RPC,60,20250416,130000,24.6,25,24.6,25,255,0
RPC,60,20250416,140000,24.9,24.9,24.9,24.9,10,0
RPC,60,20250416,160000,24.8,24.9,24.8,24.9,259,0
RPC,60,20250417,110000,24.8,25.2,24.8,25.2,51,0
RPC,60,20250417,130000,24.6,24.6,24.6,24.6,1,0
RPC,60,20250417,140000,25.1,25.1,25.1,25.1,5,0
RPC,60,20250422,100000,25.2,25.2,25.1,25.1,155,0
RPC,60,20250422,120000,24.7,24.7,24.1,24.6,471,0
RPC,60,20250422,140000,24.6,25.1,24.6,25.1,877,0
RPC,60,20250422,150000,25,25,25,25,50,0
RPC,60,20250422,160000,25.1,25.2,25.1,25.2,74,0
RPC,60,20250422,170000,24.4,24.4,24.1,24.1,194,0
RPC,60,20250423,100000,24.3,25,24.3,24.3,144,0
RPC,60,20250423,110000,24.4,24.7,24.4,24.6,136,0
RPC,60,20250423,120000,24.5,24.5,24.3,24.3,417,0
RPC,60,20250423,150000,24.5,24.5,24.5,24.5,10,0
RPC,60,20250423,170000,24.5,24.5,24.5,24.5,1,0
RPC,60,20250424,100000,24.5,24.5,24.4,24.4,133,0
RPC,60,20250424,110000,24.4,24.4,24.3,24.3,123,0
RPC,60,20250424,120000,24.2,24.4,24.2,24.4,55,0
RPC,60,20250424,140000,24.3,24.4,24.3,24.4,85,0
RPC,60,20250424,150000,24.4,24.4,24.4,24.4,132,0
RPC,60,20250424,160000,24.4,24.4,24.4,24.4,20,0
RPC,60,20250424,170000,24.7,24.7,24.7,24.7,10,0
RPC,60,20250425,100000,24.8,25,24.8,25,237,0
RPC,60,20250425,110000,24.9,25.1,24.9,25.1,495,0
RPC,60,20250425,120000,25.3,25.3,24,24,862,0
RPC,60,20250425,130000,24.5,24.5,24.3,24.3,300,0
RPC,60,20250425,140000,24.6,24.6,24.6,24.6,10,0
RPC,60,20250425,150000,24.7,24.7,24.7,24.7,5,0
RPC,60,20250425,160000,24.4,24.4,24.3,24.3,100,0
RPC,60,20250428,100000,24.5,24.9,24.2,24.9,1039,0
RPC,60,20250428,110000,24.9,25,24.9,25,185,0
RPC,60,20250428,120000,24.9,24.9,24.7,24.7,1608,0
RPC,60,20250428,130000,24.8,25,24.8,25,14,0
RPC,60,20250428,150000,24.9,24.9,24.9,24.9,80,0
RPC,60,20250428,160000,24.8,24.8,24.8,24.8,4,0
RPC,60,20250428,170000,24.8,24.8,24.8,24.8,5,0
RPC,60,20250429,100000,24.5,24.9,24.4,24.9,102,0
RPC,60,20250429,120000,24.8,25,24.8,24.8,129,0
RPC,60,20250429,130000,24.6,24.7,24.6,24.7,107,0
RPC,60,20250429,140000,24.6,24.6,24.6,24.6,6,0
RPC,60,20250429,170000,24.6,24.6,24.6,24.6,95,0
RPC,60,20250430,100000,24.7,24.7,24.6,24.6,205,0
RPC,60,20250430,120000,24.5,24.5,24.5,24.5,37,0
RPC,60,20250430,130000,24.3,24.4,24.2,24.2,53,0
RPC,60,20250430,160000,24.3,24.3,24.2,24.2,100,0
RPC,60,20250502,110000,24.6,24.6,22.7,23.9,1374,0
RPC,60,20250502,120000,24.1,24.1,24.1,24.1,1,0
RPC,60,20250502,130000,24.1,24.2,24.1,24.1,89,0
RPC,60,20250502,140000,24.2,24.2,24.2,24.2,5,0
RPC,60,20250502,150000,24.2,24.2,24.2,24.2,1,0
RPC,60,20250502,160000,24,24,24,24,1,0
RPC,60,20250502,170000,24.2,24.7,24.2,24.6,525,0
RPC,60,20250505,100000,24.6,25.4,24.6,24.6,1278,0
RPC,60,20250505,110000,24.6,24.6,24.6,24.6,49,0
RPC,60,20250505,120000,24.6,24.6,24.2,24.2,151,0
RPC,60,20250505,130000,24.2,24.2,24,24.2,211,0
RPC,60,20250505,140000,24.2,24.2,24.2,24.2,30,0
RPC,60,20250505,160000,24,24,23.6,23.9,252,0
RPC,60,20250505,170000,23.8,23.9,23.8,23.9,83,0
RPC,60,20250506,100000,23.9,23.9,23.9,23.9,15,0
RPC,60,20250506,120000,24,24,23.8,23.8,74,0
