<TICKER>,<PER>,<DATE>,<TIME>,<OPEN>,<HIGH>,<LOW>,<CLOSE>,<VOL>,<OPENINT>
SEL,60,20240411,100000,31.7545,31.9463,31.2748,31.9463,218.898305094,0
SEL,60,20240411,110000,31.9463,31.9463,31.1789,31.2748,781.77966105,0
SEL,60,20240411,120000,31.9463,31.9463,31.9463,31.9463,1.0423728814,0
SEL,60,20240411,160000,31.1789,31.9463,31.1789,31.9463,162.61016949839998,0
SEL,60,20240411,170000,31.6585,31.8504,31.6585,31.8504,238.70338984059998,0
SEL,60,20240412,100000,31.8504,32.522,31.0829,32.426,269.9745762826,0
SEL,60,20240412,110000,31.1789,31.1789,31.1789,31.1789,56.2881355956,0
SEL,60,20240412,120000,30.8911,31.9463,30.8911,31.9463,399.2288135762,0
SEL,60,20240412,130000,31.9463,31.9463,31.9463,31.9463,10.423728814,0
SEL,60,20240412,140000,31.7545,31.7545,31.7545,31.7545,53.1610169514,0
SEL,60,20240412,150000,31.7545,31.7545,31.7545,31.7545,1042.3728813999999,0
SEL,60,20240415,100000,32.1382,32.6179,32.1382,32.6179,159.4830508542,0
SEL,60,20240415,120000,32.6179,32.6179,32.6179,32.6179,43.7796610188,0
SEL,60,20240415,130000,32.6179,32.6179,32.6179,32.6179,109.449152547,0
SEL,60,20240415,140000,32.1382,32.522,32.1382,32.1382,11.4661016954,0
SEL,60,20240415,160000,32.426,32.6179,32.426,32.6179,145.932203396,0
SEL,60,20240415,170000,32.6179,32.6179,32.6179,32.6179,528.4830508698,0
SEL,60,20240416,100000,32.426,33.0976,32.426,33.0976,119.872881361,0
SEL,60,20240416,110000,32.6179,32.6179,32.6179,32.6179,55.2457627142,0
SEL,60,20240416,130000,32.6179,33.0016,32.6179,33.0016,50.0338983072,0
SEL,60,20240416,140000,33.0016,33.0016,33.0016,33.0016,62.542372884,0
SEL,60,20240416,150000,32.6179,33.0976,32.6179,33.0976,249.1271186546,0
SEL,60,20240416,160000,33.0976,33.0976,33.0976,33.0976,72.966101698,0
SEL,60,20240416,170000,32.6179,33.0976,32.6179,33.0976,185.5423728892,0
SEL,60,20240417,100000,32.2341,32.2341,30.6992,31.4667,2162.923728905,0
SEL,60,20240417,110000,31.4667,32.0423,31.4667,32.0423,857.8728813921999,0
SEL,60,20240417,130000,31.7545,31.7545,31.4667,31.4667,234.533898315,0
SEL,60,20240417,140000,31.6585,31.6585,31.3707,31.4667,4003.7542374574,0
SEL,60,20240417,150000,31.2748,31.5626,31.2748,31.5626,1553.135593286,0
SEL,60,20240417,160000,31.6585,31.6585,31.4667,31.6585,138.6355932262,0
SEL,60,20240417,170000,31.2748,31.6585,31.1789,31.3707,3070.8305086044,0
SEL,60,20240418,100000,31.3707,32.0423,31.3707,31.3707,723.4067796916,0
SEL,60,20240418,110000,31.3707,31.3707,30.8911,30.8911,3268.8813560704,0
SEL,60,20240418,120000,30.8911,30.987,30.3154,30.5073,1045.5000000442,0
SEL,60,20240418,130000,30.5073,30.5073,30.5073,30.5073,292.90677967339997,0
SEL,60,20240418,150000,30.4114,30.5073,30.4114,30.5073,105.27966102139999,0
SEL,60,20240418,160000,30.5073,30.5073,30.5073,30.5073,6170.847457888,0
SEL,60,20240419,100000,30.6992,30.6992,30.2195,30.2195,603.5338983306,0
SEL,60,20240419,110000,30.7951,30.7951,30.7951,30.7951,1.0423728814,0
SEL,60,20240419,120000,30.2195,30.7951,30.0276,30.1236,362.7457627272,0
SEL,60,20240419,130000,30.0276,30.1236,30.0276,30.1236,37.5254237304,0
SEL,60,20240419,140000,30.1236,30.2195,30.1236,30.2195,86.5169491562,0
SEL,60,20240419,160000,30.1236,30.1236,28.9724,30.1236,5494.3474578594,0
SEL,60,20240419,170000,29.8358,30.6992,29.8358,30.6992,2146.2457628026,0
SEL,60,20240422,100000,30.6033,30.6033,30.3154,30.3154,126.1271186494,0
SEL,60,20240422,110000,30.987,30.987,30.987,30.987,1.0423728814,0
SEL,60,20240422,120000,30.987,30.987,30.987,30.987,1.0423728814,0
SEL,60,20240422,140000,30.6992,30.987,30.6992,30.987,153.2288135658,0
SEL,60,20240422,150000,30.6992,31.0829,30.6992,31.0829,43.7796610188,0
SEL,60,20240422,160000,31.3707,31.3707,30.6992,31.3707,94.8559322074,0
SEL,60,20240422,170000,30.6992,31.1789,30.6992,31.1789,121.9576271238,0
SEL,60,20240423,100000,30.4114,31.1789,30.4114,31.1789,42.7372881374,0
SEL,60,20240423,110000,31.0829,31.1789,31.0829,31.1789,255.381355943,0
SEL,60,20240423,130000,31.0829,31.0829,31.0829,31.0829,5.211864407,0
SEL,60,20240423,170000,30.6992,30.987,30.6992,30.987,72.966101698,0
SEL,60,20240424,100000,30.987,30.987,30.987,30.987,1.0423728814,0
SEL,60,20240424,110000,30.8911,30.987,30.8911,30.987,74.0084745794,0
SEL,60,20240424,120000,30.8911,30.8911,30.8911,30.8911,1.0423728814,0
SEL,60,20240424,130000,30.8911,30.8911,30.8911,30.8911,20.847457628,0
SEL,60,20240424,160000,30.8911,31.0829,30.8911,31.0829,431.5423728996,0
SEL,60,20240424,170000,31.1789,31.3707,31.0829,31.2748,629.5932203656,0
SEL,60,20240425,100000,31.5626,32.8098,31.5626,32.6179,4963.7796612268,0
SEL,60,20240425,110000,32.522,32.522,32.2341,32.2341,386.7203389994,0
SEL,60,20240425,120000,32.2341,32.426,32.0423,32.426,198.050847466,0
SEL,60,20240425,130000,32.0423,32.426,32.0423,32.426,2669.5169492654,0
SEL,60,20240425,140000,32.6179,32.6179,32.6179,32.6179,3.1271186442,0
SEL,60,20240425,150000,32.0423,32.0423,32.0423,32.0423,229.32203390799998,0
SEL,60,20240425,160000,32.0423,32.522,31.7545,31.7545,714.025423759,0
SEL,60,20240425,170000,32.522,32.9057,32.426,32.9057,1460.3644068414,0
SEL,60,20240426,100000,33.0016,33.1935,31.6585,31.8504,1102.8305085212,0
SEL,60,20240426,110000,33.0016,33.0016,33.0016,33.0016,16.6779661024,0
SEL,60,20240426,120000,33.0016,33.0016,33.0016,33.0016,3.1271186442,0
SEL,60,20240426,130000,33.0016,33.0016,33.0016,33.0016,31.271186441999998,0
SEL,60,20240426,150000,32.6179,33.0016,32.6179,33.0016,21.8898305094,0
SEL,60,20240426,160000,32.6179,33.0016,32.6179,33.0016,3.1271186442,0
SEL,60,20240426,170000,33.0016,33.0016,33.0016,33.0016,31.271186441999998,0
SEL,60,20240429,100000,33.0976,33.0976,32.6179,33.0016,62.542372884,0
SEL,60,20240429,110000,33.0016,33.0016,33.0016,33.0016,52.118644069999995,0
SEL,60,20240429,120000,32.9057,33.0016,32.9057,33.0016,111.5338983098,0
SEL,60,20240429,130000,32.9057,32.9057,32.9057,32.9057,15.635593220999999,0
SEL,60,20240429,150000,32.9057,32.9057,32.9057,32.9057,7.296610169799999,0
SEL,60,20240429,160000,32.9057,32.9057,32.6179,32.6179,91.7288135632,0
SEL,60,20240429,170000,32.6179,32.8098,32.6179,32.8098,114.661016954,0
SEL,60,20240430,100000,33.0016,33.0016,32.9057,32.9057,74.0084745794,0
SEL,60,20240430,120000,31.9463,32.7138,31.9463,32.7138,119.872881361,0
SEL,60,20240430,140000,32.3301,32.6179,31.9463,32.6179,87.5593220376,0
SEL,60,20240430,150000,32.6179,32.7138,31.9463,32.6179,289.7796610292,0
SEL,60,20240430,160000,32.7138,32.9057,32.6179,32.6179,242.87288136619998,0
SEL,60,20240430,170000,32.6179,32.9057,31.9463,32.2341,474.279661037,0
SEL,60,20240502,100000,33.0976,33.1935,33.0976,33.1935,2751.864406896,0
SEL,60,20240502,110000,33.1935,33.1935,33.0976,33.1935,1707.4067797332,0
SEL,60,20240502,120000,33.1935,33.1935,33.1935,33.1935,1163.2881356424,0
SEL,60,20240502,130000,33.0976,33.0976,33.0976,33.0976,68.7966101724,0
SEL,60,20240502,140000,33.0976,33.0976,33.0976,33.0976,35.440677967599996,0
SEL,60,20240502,150000,33.1935,33.1935,33.1935,33.1935,536.822033921,0
SEL,60,20240502,160000,33.1935,33.1935,33.1935,33.1935,6.2542372884,0
SEL,60,20240502,170000,33.1935,33.1935,33.1935,33.1935,128.2118644122,0
SEL,60,20240506,100000,33.1935,33.1935,33.0016,33.0976,1633.3983051538,0
SEL,60,20240506,110000,33.0976,33.0976,33.0016,33.0016,1171.6271186936,0
SEL,60,20240506,120000,33.0976,33.0976,33.0976,33.0976,1563.5593221,0
SEL,60,20240506,130000,33.0976,33.0976,33.0016,33.0016,203.262711873,0
SEL,60,20240506,140000,33.1935,33.1935,33.1935,33.1935,59.4152542398,0
SEL,60,20240506,150000,33.1935,33.1935,33.0016,33.0016,11.4661016954,0
SEL,60,20240506,160000,33.0976,33.1935,33.0976,33.1935,1015.2711864836,0
SEL,60,20240507,100000,33.1935,33.1935,33.0016,33.0016,1692.8135593936,0
SEL,60,20240507,110000,33.0976,33.0976,33.0976,33.0976,1.0423728814,0
SEL,60,20240507,120000,33.0976,33.1935,32.8098,33.0976,747.3813559638,0
SEL,60,20240507,130000,33.0976,33.0976,33.0976,33.0976,211.6016949242,0
SEL,60,20240507,140000,33.0016,33.0976,33.0016,33.0976,151.14406780299998,0
SEL,60,20240507,150000,33.0976,33.0976,33.0976,33.0976,30.2288135606,0
SEL,60,20240507,170000,33.0976,33.1935,33.0976,33.1935,1296.7118644616,0
SEL,60,20240508,100000,33.1935,33.1935,32.6179,32.6179,316.8813559456,0
SEL,60,20240508,110000,32.6179,32.6179,32.6179,32.6179,3.1271186442,0
SEL,60,20240508,120000,33.0016,33.0016,32.7138,33.0016,192.838983059,0
SEL,60,20240508,130000,33.0976,33.1935,32.8098,32.8098,300.2033898432,0
SEL,60,20240508,140000,33.0976,33.0976,33.0976,33.0976,209.5169491614,0
SEL,60,20240508,150000,33.0976,33.0976,32.8098,33.0976,58.372881358399994,0
SEL,60,20240508,160000,33.0976,33.0976,33.0976,33.0976,9.3813559326,0
SEL,60,20240508,170000,33.0976,33.0976,33.0976,33.0976,151.14406780299998,0
SEL,60,20240509,100000,33.0976,33.0976,32.9057,32.9057,254.3389830616,0
SEL,60,20240509,110000,32.9057,33.0976,32.522,32.522,242.8728813662,0
SEL,60,20240509,120000,33.0016,33.0016,33.0016,33.0016,128.2118644122,0
SEL,60,20240509,140000,33.0016,33.0016,33.0016,33.0016,100.0677966144,0
SEL,60,20240509,150000,33.0016,33.0016,32.7138,32.7138,44.8220339002,0
SEL,60,20240509,160000,33.0016,33.0016,33.0016,33.0016,105.27966102139999,0
SEL,60,20240509,170000,33.0016,33.0016,33.0016,33.0016,4.1694915256,0
SEL,60,20240510,100000,32.7138,33.0016,32.7138,32.8098,251.2118644174,0
SEL,60,20240510,110000,33.0016,33.1935,33.0016,33.1935,145.932203396,0
SEL,60,20240510,120000,33.1935,33.1935,33.0016,33.1935,74.0084745794,0
SEL,60,20240510,130000,33.0016,33.0016,33.0016,33.0016,44.8220339002,0
SEL,60,20240510,140000,32.9057,33.0016,32.9057,33.0016,126.1271186494,0
SEL,60,20240510,150000,33.0016,33.0976,33.0016,33.0016,105.2796610214,0
SEL,60,20240510,160000,33.0016,33.0976,33.0016,33.0016,239.745762722,0
SEL,60,20240510,170000,33.0976,33.0976,33.0016,33.0016,143.8474576332,0
SEL,60,20240513,100000,33.0016,33.0016,32.522,33.0016,1637.5677966794,0
SEL,60,20240513,120000,32.9057,33.0016,32.9057,33.0016,104.23728813999999,0
SEL,60,20240513,130000,32.8098,32.8098,32.8098,32.8098,20.847457628,0
SEL,60,20240513,140000,32.8098,32.8098,32.6179,32.7138,484.703389851,0
SEL,60,20240513,150000,32.6179,32.6179,32.6179,32.6179,1042.3728813999999,0
SEL,60,20240513,160000,32.6179,33.0976,32.6179,33.0976,2096.2118644954,0
SEL,60,20240513,170000,33.0016,33.0016,32.6179,32.9057,37.5254237304,0
SEL,60,20240514,100000,32.7138,32.9057,32.6179,32.9057,1299.8389831058,0
SEL,60,20240514,110000,32.6179,32.9057,32.6179,32.9057,71.9237288166,0
SEL,60,20240514,130000,32.6179,32.9057,32.3301,32.9057,1276.906779715,0
SEL,60,20240514,140000,32.9057,32.9057,32.9057,32.9057,416.94915255999996,0
SEL,60,20240514,150000,32.9057,33.0016,32.9057,33.0016,1323.813559378,0
SEL,60,20240514,160000,32.9057,33.0016,32.3301,33.0016,693.177966131,0
SEL,60,20240514,170000,33.0016,33.0016,33.0016,33.0016,1.0423728814,0
SEL,60,20240515,100000,33.0976,33.0976,33.0016,33.0016,157.3983050914,0
SEL,60,20240515,110000,33.0016,33.0016,33.0016,33.0016,72.966101698,0
SEL,60,20240515,140000,32.6179,33.0016,32.2341,33.0016,373.1694915412,0
SEL,60,20240515,150000,32.6179,32.6179,32.6179,32.6179,1.0423728814,0
SEL,60,20240515,160000,33.0016,33.0016,33.0016,33.0016,4.1694915256,0
SEL,60,20240515,170000,33.0016,33.0016,33.0016,33.0016,3.1271186442,0
SEL,60,20240516,100000,33.0976,33.0976,33.0016,33.0016,153.2288135658,0
SEL,60,20240516,110000,33.0016,33.1935,33.0016,33.1935,1563.5593221,0
SEL,60,20240516,120000,33.0016,33.1935,33.0016,33.1935,56.2881355956,0
SEL,60,20240516,140000,33.0976,33.0976,33.0016,33.0016,7.296610169799999,0
SEL,60,20240516,150000,33.0016,33.1935,32.7138,33.0976,126.1271186494,0
SEL,60,20240516,170000,33.0976,33.0976,33.0976,33.0976,625.42372884,0
SEL,60,20240517,100000,33.1935,33.1935,33.1935,33.1935,302.28813560599997,0
SEL,60,20240517,110000,33.1935,33.2894,33.1935,33.2894,1013.1864407208,0
SEL,60,20240517,120000,33.2894,33.2894,33.2894,33.2894,29.1864406792,0
SEL,60,20240517,150000,33.0976,33.2894,33.0976,33.2894,1460.3644068413998,0
SEL,60,20240520,100000,33.2894,33.2894,32.8098,32.8098,242.8728813662,0
SEL,60,20240520,110000,33.0016,33.1935,33.0016,33.1935,144.8898305146,0
SEL,60,20240520,120000,33.0016,33.1935,33.0016,33.1935,166.779661024,0
SEL,60,20240520,140000,33.1935,33.1935,33.1935,33.1935,20.847457628,0
SEL,60,20240520,150000,33.1935,33.1935,33.1935,33.1935,57.330508477,0
SEL,60,20240520,160000,33.1935,33.3854,32.9057,32.9057,75.0508474608,0
SEL,60,20240520,170000,33.3854,33.3854,32.9057,33.3854,421.11864408559995,0
SEL,60,20240521,100000,33.2894,33.3854,33.0016,33.2894,373.1694915412,0
SEL,60,20240521,110000,33.2894,33.2894,33.2894,33.2894,10.423728814,0
SEL,60,20240522,100000,33.1935,33.1935,32.6179,32.6179,625.42372884,0
SEL,60,20240522,110000,32.6179,32.9057,32.6179,32.9057,182.415254245,0
SEL,60,20240522,120000,32.9057,32.9057,32.9057,32.9057,1.0423728814,0
SEL,60,20240522,130000,32.9057,32.9057,32.9057,32.9057,31.271186442,0
SEL,60,20240522,150000,32.9057,32.9057,32.6179,32.6179,57.330508477,0
SEL,60,20240522,160000,32.6179,32.9057,32.426,32.9057,551.4152542606,0
SEL,60,20240523,100000,32.426,32.9057,32.426,32.9057,5.211864407,0
SEL,60,20240523,110000,32.7138,32.8098,32.7138,32.8098,1668.8389831214,0
SEL,60,20240523,120000,32.6179,32.6179,32.6179,32.6179,48.9915254258,0
SEL,60,20240523,150000,32.6179,32.6179,32.6179,32.6179,9.3813559326,0
SEL,60,20240523,170000,32.6179,32.7138,32.6179,32.7138,4.1694915256,0
SEL,60,20240524,100000,32.9057,32.9057,32.7138,32.9057,63.5847457654,0
SEL,60,20240524,110000,32.9057,33.0016,32.9057,33.0016,125.084745768,0
SEL,60,20240524,120000,33.0016,33.0016,33.0016,33.0016,11.466101695399999,0
SEL,60,20240527,100000,33.0016,33.0016,33.0016,33.0016,163.6525423798,0
SEL,60,20240527,120000,32.9057,33.0016,32.426,32.9057,626.4661017213999,0
SEL,60,20240527,130000,32.9057,32.9057,32.9057,32.9057,11.466101695399999,0
SEL,60,20240527,140000,33.0016,33.0016,32.9057,33.0016,4.1694915256,0
SEL,60,20240527,150000,32.9057,32.9057,32.9057,32.9057,208.47457627999998,0
SEL,60,20240527,160000,33.0016,33.0016,33.0016,33.0016,1.0423728814,0
SEL,60,20240528,100000,32.9057,33.0016,32.6179,33.0016,168.8644067868,0
SEL,60,20240528,110000,32.6179,32.6179,32.6179,32.6179,10.423728814,0
SEL,60,20240528,120000,33.0016,33.0016,33.0016,33.0016,4.1694915256,0
SEL,60,20240529,100000,33.6732,36.7431,33.6732,35.5919,6421.016949424,0
SEL,60,20240529,110000,35.2081,36.2634,35.2081,35.9756,2112.8898305978,0
SEL,60,20240529,120000,35.9756,35.9756,35.1122,35.1122,652.5254237564,0
SEL,60,20240529,130000,35.9756,35.9756,33.865,34.5366,4408.1949154406,0
SEL,60,20240529,140000,34.7285,34.7285,33.7691,34.0569,2188.98305094,0
SEL,60,20240529,150000,34.2488,34.3447,34.0569,34.1528,274.1440678082,0
SEL,60,20240529,160000,34.1528,34.3447,33.5772,33.5772,862.0423729178,0
SEL,60,20240529,170000,33.3854,35.7837,33.3854,35.2081,1568.771186507,0
SEL,60,20240531,100000,35.2081,35.8797,34.5366,34.5366,1243.5508475102,0
SEL,60,20240531,110000,35.0163,35.0163,35.0163,35.0163,38.5677966118,0
SEL,60,20240531,120000,34.7285,35.0163,34.7285,35.0163,17.720338983799998,0
SEL,60,20240531,130000,35.0163,35.7837,34.9203,35.7837,494.0847457836,0
SEL,60,20240531,140000,35.2081,35.4959,34.2488,35.4959,213.686440687,0
SEL,60,20240531,160000,35.4959,35.4959,35.4959,35.4959,44.8220339002,0
SEL,60,20240531,170000,35.4959,35.8797,35.4959,35.8797,60.4576271212,0
SEL,60,20240603,100000,35.9756,35.9756,35.8797,35.9756,876.6355932574,0
SEL,60,20240603,110000,35.8797,35.9756,35.8797,35.9756,422.161016967,0
SEL,60,20240603,120000,35.9756,35.9756,35.9756,35.9756,265.805084757,0
SEL,60,20240603,130000,35.9756,35.9756,35.9756,35.9756,12.5084745768,0
SEL,60,20240603,140000,35.9756,35.9756,35.9756,35.9756,312.71186442,0
SEL,60,20240603,150000,35.8797,35.8797,35.8797,35.8797,11.4661016954,0
SEL,60,20240603,160000,35.8797,35.8797,35.8797,35.8797,127.1694915308,0
SEL,60,20240603,170000,35.8797,35.8797,35.7837,35.7837,67.754237291,0
SEL,60,20240604,100000,35.8797,35.9756,35.8797,35.8797,32.3135593234,0
SEL,60,20240604,110000,35.8797,35.8797,35.7837,35.8797,212.6440678056,0
SEL,60,20240604,120000,35.8797,35.9756,35.8797,35.8797,313.7542373014,0
SEL,60,20240604,130000,35.8797,35.8797,35.7837,35.8797,501.3813559534,0
SEL,60,20240604,140000,35.7837,35.7837,35.6878,35.6878,179.2881356008,0
SEL,60,20240604,150000,35.6878,35.6878,35.4959,35.4959,120.9152542424,0
SEL,60,20240604,160000,35.2081,35.4959,34.8244,35.4959,682.7542373169999,0
SEL,60,20240604,170000,35.4,35.4,35.4,35.4,104.23728813999999,0
SEL,60,20240605,100000,35.8,36,35.7,35.9,265,0
SEL,60,20240605,110000,35.8,36.9,35.8,36.8,1020,0
SEL,60,20240605,130000,35.7,36.8,35.6,36.8,43,0
SEL,60,20240606,100000,36.8,36.9,35.6,36.8,138,0
SEL,60,20240606,120000,36.2,36.7,36.2,36.4,12,0
SEL,60,20240606,130000,36.8,36.8,35.6,36.7,502,0
SEL,60,20240606,140000,35.7,36.7,35.7,36.7,3,0
SEL,60,20240606,160000,36.6,36.7,35.5,35.5,271,0
SEL,60,20240607,100000,36.7,36.7,36.7,36.7,1,0
SEL,60,20240607,140000,35.9,35.9,35.5,35.5,587,0
SEL,60,20240607,150000,36.1,36.1,36.1,36.1,1,0
SEL,60,20240607,160000,36,36.1,36,36.1,26,0
SEL,60,20240607,170000,35.9,35.9,35.9,35.9,35,0
SEL,60,20240610,100000,36.5,36.5,36,36,465,0
SEL,60,20240610,110000,36.3,36.3,36.3,36.3,62,0
SEL,60,20240610,160000,36,36,36,36,30,0
SEL,60,20240611,120000,35.9,35.9,35.9,35.9,14,0
SEL,60,20240611,140000,35.9,35.9,35.9,35.9,26,0
SEL,60,20240612,100000,35.9,35.9,35.8,35.8,177,0
SEL,60,20240612,110000,35.6,35.9,35.6,35.9,41,0
SEL,60,20240612,150000,35.9,35.9,35.9,35.9,40,0
SEL,60,20240612,170000,35.9,35.9,35.4,35.4,94,0
SEL,60,20240613,100000,35.9,35.9,35.2,35.9,12,0
SEL,60,20240613,110000,35.9,35.9,35.9,35.9,3,0
SEL,60,20240613,120000,35.9,36.3,35.9,36.3,1000,0
SEL,60,20240613,130000,35.4,36,35.2,36,197,0
SEL,60,20240613,140000,35.4,35.8,35.4,35.8,6,0
SEL,60,20240613,160000,35.3,35.7,35,35.4,543,0
SEL,60,20240613,170000,35.5,35.9,34.9,35.3,53,0
SEL,60,20240614,110000,34.8,35,34.5,35,389,0
SEL,60,20240614,120000,34.6,35,33.7,34.5,1206,0
SEL,60,20240614,130000,34.7,34.9,34.1,34.9,182,0
SEL,60,20240614,150000,34.5,34.8,34.5,34.8,40,0
SEL,60,20240614,160000,34.5,34.5,34.5,34.5,15,0
SEL,60,20240617,100000,34.2,34.2,34,34.1,242,0
SEL,60,20240617,110000,34.1,34.1,33.8,33.8,29,0
SEL,60,20240617,120000,34.1,34.1,34.1,34.1,1,0
SEL,60,20240617,150000,33.8,34.1,33.8,34.1,56,0
SEL,60,20240617,160000,34.1,34.1,34.1,34.1,3,0
SEL,60,20240617,170000,33.9,33.9,33.9,33.9,175,0
SEL,60,20240618,100000,34.1,34.1,34.1,34.1,7,0
SEL,60,20240618,110000,33.9,34.1,33.9,34.1,96,0
SEL,60,20240618,120000,33.9,33.9,33.9,33.9,249,0
SEL,60,20240618,130000,33.9,33.9,33.9,33.9,1,0
SEL,60,20240618,140000,33.9,33.9,33.9,33.9,5,0
SEL,60,20240618,150000,33.9,33.9,33.9,33.9,70,0
SEL,60,20240619,100000,34.1,34.1,33.8,33.8,55,0
SEL,60,20240619,110000,34,34.1,34,34.1,126,0
SEL,60,20240619,120000,34.1,34.1,34.1,34.1,6,0
SEL,60,20240619,130000,34,34.1,34,34.1,16,0
SEL,60,20240619,140000,34.1,34.1,34.1,34.1,20,0
SEL,60,20240619,150000,34,34,34,34,25,0
SEL,60,20240619,160000,34,34,34,34,300,0
SEL,60,20240619,170000,34,34,34,34,100,0
SEL,60,20240620,100000,34.1,34.1,34.1,34.1,16,0
SEL,60,20240620,110000,34.1,34.1,34.1,34.1,185,0
SEL,60,20240620,120000,34,34.1,33.9,34.1,55,0
SEL,60,20240620,130000,34.1,34.1,34.1,34.1,50,0
SEL,60,20240620,140000,34.1,34.1,34.1,34.1,2,0
SEL,60,20240620,160000,34.1,34.1,34.1,34.1,14,0
SEL,60,20240620,170000,34.1,34.1,34.1,34.1,11,0
SEL,60,20240621,100000,33.9,33.9,33.9,33.9,8,0
SEL,60,20240621,110000,33.9,34.1,33.9,34.1,4197,0
SEL,60,20240621,120000,34.1,34.1,34.1,34.1,72,0
SEL,60,20240621,140000,33.9,34.1,33.9,34.1,1591,0
SEL,60,20240621,160000,34.1,34.1,34.1,34.1,20,0
SEL,60,20240621,170000,33.9,34.1,33.9,34.1,5,0
SEL,60,20240624,100000,35.4,35.4,35.2,35.3,59,0
SEL,60,20240624,110000,35.2,35.2,35.2,35.2,35,0
SEL,60,20240624,120000,35.2,35.2,35.2,35.2,2,0
SEL,60,20240624,140000,35,35.1,35,35.1,62,0
SEL,60,20240624,150000,35.2,35.3,35.2,35.3,655,0
SEL,60,20240624,160000,35.3,35.3,35.2,35.3,102,0
SEL,60,20240624,170000,35.3,35.5,35.3,35.5,664,0
SEL,60,20240625,100000,36.1,36.1,35,36,33,0
SEL,60,20240625,120000,36,36,36,36,300,0
SEL,60,20240625,130000,36,36.1,35.5,36.1,476,0
SEL,60,20240625,140000,36.1,36.1,36.1,36.1,14,0
SEL,60,20240626,100000,36.1,36.2,36.1,36.2,106,0
SEL,60,20240626,110000,36.2,36.3,36.2,36.3,79,0
SEL,60,20240626,120000,36,36,36,36,1,0
SEL,60,20240626,160000,36,36,36,36,38,0
SEL,60,20240627,100000,36.3,36.3,36,36.2,72,0
SEL,60,20240627,120000,36,36.3,36,36.3,491,0
SEL,60,20240627,130000,36.3,36.4,36.3,36.4,27,0
SEL,60,20240627,150000,36.3,36.4,36.3,36.4,51,0
SEL,60,20240627,170000,36.4,36.4,36.4,36.4,10,0
SEL,60,20240628,100000,36.4,36.4,36.2,36.4,22,0
SEL,60,20240628,110000,36.2,36.4,36.2,36.4,93,0
SEL,60,20240628,120000,36.4,36.4,36.4,36.4,12,0
SEL,60,20240628,130000,36.4,36.4,36.4,36.4,1,0
SEL,60,20240628,140000,36.4,36.4,36.3,36.3,159,0
SEL,60,20240628,160000,36.3,36.4,36.3,36.4,119,0
SEL,60,20240628,170000,36,36.5,36,36.5,49,0
SEL,60,20240701,100000,36,36,34,35.2,1575,0
SEL,60,20240701,110000,35.1,35.1,34.6,35.1,66,0
SEL,60,20240701,120000,34.6,35.1,34.6,35,605,0
SEL,60,20240701,130000,34.9,35,34.9,35,1194,0
SEL,60,20240701,140000,35,35,35,35,190,0
SEL,60,20240701,150000,35,35,34.7,35,4,0
SEL,60,20240701,160000,35,35,35,35,200,0
SEL,60,20240701,170000,35,35,35,35,43,0
SEL,60,20240702,100000,35,35,34.7,35,337,0
SEL,60,20240702,120000,34.9,34.9,34.9,34.9,7,0
SEL,60,20240702,150000,34.9,34.9,34.9,34.9,29,0
SEL,60,20240702,170000,34.7,34.9,34.3,34.9,167,0
SEL,60,20240703,110000,34.4,34.4,34.4,34.4,63,0
SEL,60,20240703,120000,34.4,34.4,34.4,34.4,330,0
SEL,60,20240703,130000,34.4,34.7,34.4,34.7,201,0
SEL,60,20240703,160000,34.7,35.1,34.7,35.1,231,0
SEL,60,20240703,170000,34.4,35.1,34.3,35.1,41,0
SEL,60,20240704,100000,35.1,35.1,35.1,35.1,10,0
SEL,60,20240704,110000,34.5,35.1,34.5,35.1,4,0
SEL,60,20240704,130000,34.6,34.6,34.6,34.6,2,0
SEL,60,20240704,140000,34.6,35.1,34.6,35.1,15,0
SEL,60,20240704,160000,35,35.1,34.5,35.1,125,0
SEL,60,20240704,170000,34.6,34.6,34.6,34.6,110,0
SEL,60,20240705,100000,34.6,34.6,34.5,34.5,204,0
SEL,60,20240705,110000,34.3,34.5,34.3,34.5,141,0
SEL,60,20240705,130000,34.3,34.5,34.1,34.5,732,0
SEL,60,20240705,140000,34.5,34.5,34.5,34.5,30,0
SEL,60,20240705,150000,34.5,34.5,34.5,34.5,15,0
SEL,60,20240708,110000,34.4,34.4,34.4,34.4,30,0
SEL,60,20240708,120000,34.2,34.4,34.2,34.4,11,0
SEL,60,20240708,130000,34.2,34.4,34.2,34.4,2,0
SEL,60,20240708,140000,34.4,34.4,34.4,34.4,3,0
SEL,60,20240708,150000,34.2,34.4,34.2,34.4,17,0
SEL,60,20240708,160000,34.2,34.4,34.2,34.4,385,0
SEL,60,20240708,170000,34.4,34.4,34.3,34.3,150,0
SEL,60,20240709,100000,34.3,34.4,34.3,34.4,384,0
SEL,60,20240709,110000,34.4,34.4,34.1,34.1,578,0
SEL,60,20240709,120000,34.1,34.2,34,34.2,539,0
SEL,60,20240709,160000,34.1,34.2,34.1,34.2,4,0
SEL,60,20240710,100000,34.3,34.3,34.3,34.3,103,0
SEL,60,20240710,120000,34.3,34.3,34.3,34.3,50,0
SEL,60,20240710,130000,34.3,34.3,34.3,34.3,100,0
SEL,60,20240710,140000,34.2,34.2,34.2,34.2,37,0
SEL,60,20240710,150000,34.2,34.2,34.1,34.2,440,0
SEL,60,20240710,160000,34.2,34.2,34.1,34.1,8,0
SEL,60,20240710,170000,34.2,34.2,34.2,34.2,1,0
SEL,60,20240711,100000,34.4,34.4,34.3,34.4,53,0
SEL,60,20240711,110000,34.1,34.2,34.1,34.2,57,0
SEL,60,20240711,120000,34.1,34.2,34.1,34.2,8,0
SEL,60,20240711,150000,34.1,34.2,34.1,34.2,440,0
SEL,60,20240711,160000,34.2,34.2,34.2,34.2,13,0
SEL,60,20240711,170000,34.1,34.2,34.1,34.2,17,0
SEL,60,20240712,100000,34.5,34.5,34.4,34.5,310,0
SEL,60,20240712,110000,34.5,34.5,34.5,34.5,95,0
SEL,60,20240712,120000,34.4,34.5,34.4,34.5,82,0
SEL,60,20240712,130000,34.5,34.5,34.5,34.5,29,0
SEL,60,20240712,170000,34.4,34.5,34.4,34.4,301,0
SEL,60,20240715,100000,35,35.4,35,35.2,441,0
SEL,60,20240715,110000,35,35.2,35,35.2,201,0
SEL,60,20240715,120000,35,35,35,35,3,0
SEL,60,20240715,130000,34.8,34.8,34.8,34.8,3,0
SEL,60,20240716,100000,34.6,34.6,34.6,34.6,3,0
SEL,60,20240716,110000,34.2,34.5,34,34.5,31,0
SEL,60,20240716,120000,34,34,34,34,411,0
SEL,60,20240716,130000,34.2,34.2,33.9,33.9,147,0
SEL,60,20240716,140000,34.1,34.1,34.1,34.1,1,0
SEL,60,20240716,150000,33.9,34.1,33.9,34.1,2,0
SEL,60,20240716,170000,34,34.1,33.9,34.1,296,0
SEL,60,20240717,100000,34,34,33.6,34,319,0
SEL,60,20240717,110000,33.6,34,33.6,34,4,0
SEL,60,20240717,120000,34,34,34,34,35,0
SEL,60,20240717,150000,33.7,33.8,33.7,33.8,154,0
SEL,60,20240717,160000,33.6,33.8,33.6,33.6,82,0
SEL,60,20240717,170000,33.6,33.6,33.6,33.6,152,0
SEL,60,20240718,100000,33.7,33.7,33.7,33.7,1,0
SEL,60,20240718,110000,33.5,34.6,33.5,34.6,833,0
SEL,60,20240718,120000,34.5,34.5,34.2,34.4,290,0
SEL,60,20240718,130000,34.4,34.4,34.4,34.4,2,0
SEL,60,20240718,150000,34.3,34.3,34.3,34.3,12,0
SEL,60,20240718,160000,34.2,34.4,33.7,34.4,401,0
SEL,60,20240718,170000,34,34.4,34,34.4,4,0
SEL,60,20240719,100000,34.3,34.3,34.3,34.3,2,0
SEL,60,20240719,110000,33.9,34.3,33.6,34.3,7,0
SEL,60,20240719,150000,34.3,34.4,34.3,34.4,301,0
SEL,60,20240719,170000,34.1,34.7,34.1,34.7,1376,0
SEL,60,20240722,100000,34.9,35.5,34.8,35.5,168,0
SEL,60,20240722,120000,35.2,35.3,34,35.3,845,0
SEL,60,20240722,130000,35.3,35.4,35.2,35.2,1077,0
SEL,60,20240722,140000,35.2,35.2,34,35.2,320,0
SEL,60,20240722,150000,35.2,35.5,35.2,35.4,607,0
SEL,60,20240722,160000,35.4,35.7,35.4,35.4,606,0
SEL,60,20240723,100000,35.3,36.3,35.3,36.2,3115,0
SEL,60,20240723,110000,36.2,36.2,36,36.2,1430,0
SEL,60,20240723,120000,36,37,35.8,37,2650,0
SEL,60,20240723,130000,36.7,36.8,36.7,36.8,94,0
SEL,60,20240723,140000,36.8,36.8,36.2,36.2,12,0
SEL,60,20240723,150000,36.6,36.8,36,36.8,5493,0
SEL,60,20240723,160000,36.8,36.9,36.2,36.7,375,0
SEL,60,20240723,170000,36.3,36.9,36.3,36.9,728,0
SEL,60,20240724,100000,37.5,37.9,36.9,37.9,6182,0
SEL,60,20240724,110000,37.6,38.6,37.6,38.5,1796,0
SEL,60,20240724,120000,38.6,38.8,38.5,38.5,837,0
SEL,60,20240724,130000,38.5,38.6,38.4,38.4,226,0
SEL,60,20240724,140000,38.4,38.4,38.4,38.4,299,0
SEL,60,20240724,150000,38.5,38.5,38.2,38.2,161,0
SEL,60,20240724,160000,38.4,38.6,37.9,37.9,353,0
SEL,60,20240724,170000,38.5,38.6,37.4,38.4,17957,0
SEL,60,20240725,100000,38.4,38.9,38.4,38.4,773,0
SEL,60,20240725,110000,38.7,38.7,38.4,38.7,110,0
SEL,60,20240725,120000,38.7,38.7,38.4,38.6,411,0
SEL,60,20240725,130000,38.4,38.6,38.4,38.6,70,0
SEL,60,20240725,140000,38.4,38.6,38.4,38.6,1082,0
SEL,60,20240725,150000,37.6,38.4,37.6,38.4,51,0
SEL,60,20240725,160000,37.6,38.4,37.6,38.4,52,0
SEL,60,20240725,170000,38.4,38.6,38.4,38.4,277,0
SEL,60,20240726,100000,38.6,39,38,39,865,0
SEL,60,20240726,110000,38.8,39,38.2,38.6,325,0
SEL,60,20240726,120000,38.6,39,37.9,37.9,1052,0
SEL,60,20240726,130000,38,39,38,39,196,0
SEL,60,20240726,140000,38.1,39,38.1,39,724,0
SEL,60,20240726,160000,38.8,38.9,38.4,38.9,342,0
SEL,60,20240726,170000,38.9,38.9,38.4,38.9,85,0
SEL,60,20240729,100000,38.8,38.9,38,38.9,405,0
SEL,60,20240729,110000,38.4,38.4,38.4,38.4,42,0
SEL,60,20240729,120000,38.4,38.9,37.9,38.9,298,0
SEL,60,20240729,140000,38.8,38.8,38,38.8,8,0
SEL,60,20240730,100000,38.7,38.7,38.6,38.7,100,0
SEL,60,20240730,110000,37.9,38.7,37.5,38.7,222,0
SEL,60,20240730,120000,37.7,38.6,37.4,38.5,456,0
SEL,60,20240730,130000,37.5,38.6,37.4,38.5,134,0
SEL,60,20240730,150000,38.3,38.3,38.3,38.3,2,0
SEL,60,20240730,160000,38.3,38.6,38.3,38.6,867,0
SEL,60,20240731,100000,38.8,38.8,38.8,38.8,2,0
SEL,60,20240731,110000,38,38.8,38,38.8,167,0
SEL,60,20240731,120000,38.5,38.8,38.5,38.8,201,0
SEL,60,20240731,130000,38,38.8,38,38.8,111,0
SEL,60,20240731,140000,38,38.8,38,38.8,19,0
SEL,60,20240801,100000,38.5,38.9,37.7,38.9,462,0
SEL,60,20240801,120000,38,38.9,38,38.9,73,0
SEL,60,20240801,130000,38.3,38.9,38.3,38.9,131,0
SEL,60,20240801,150000,38.5,38.9,38.5,38.9,342,0
SEL,60,20240801,160000,38.9,38.9,37.9,37.9,154,0
SEL,60,20240801,170000,38.8,38.8,38.5,38.8,69,0
SEL,60,20240802,100000,38.9,38.9,38,38,460,0
SEL,60,20240802,120000,38.1,38.6,38,38.6,196,0
SEL,60,20240802,130000,38,38.6,38,38.6,61,0
SEL,60,20240802,150000,38,38.5,37.9,38.5,148,0
SEL,60,20240802,160000,38.5,38.6,37.3,38.6,166,0
SEL,60,20240802,170000,38,38.6,38,38.6,57,0
SEL,60,20240805,100000,38.6,38.6,35,37.9,1638,0
SEL,60,20240805,110000,36.7,37.7,35.6,35.7,696,0
SEL,60,20240805,120000,36.1,37.7,35.8,35.9,288,0
SEL,60,20240805,130000,36.6,37.8,36.6,37.8,128,0
SEL,60,20240805,140000,35.9,37,35.6,36.9,226,0
SEL,60,20240805,150000,37,37,37,37,1,0
SEL,60,20240805,160000,36.8,36.8,36.8,36.8,53,0
SEL,60,20240805,170000,35.9,36.8,35.8,36.8,390,0
SEL,60,20240806,110000,36.7,36.8,36,36.4,319,0
SEL,60,20240806,120000,36.5,36.5,35.5,35.6,86,0
SEL,60,20240806,130000,36.4,36.8,36.4,36.8,134,0
SEL,60,20240806,150000,36.8,36.8,36.8,36.8,29,0
SEL,60,20240807,100000,36.8,37.1,36.8,37.1,100,0
SEL,60,20240807,130000,36.8,36.9,36.8,36.9,51,0
SEL,60,20240807,140000,36.9,36.9,36.9,36.9,19,0
SEL,60,20240807,150000,36.8,38,36.8,38,921,0
SEL,60,20240807,160000,38,38.1,38,38.1,136,0
SEL,60,20240807,170000,38,38,38,38,5,0
SEL,60,20240808,100000,37.9,38,37.9,38,125,0
SEL,60,20240808,110000,37,37,37,37,218,0
SEL,60,20240808,120000,37,37,37,37,100,0
SEL,60,20240808,130000,37,37.4,36.9,37.4,101,0
SEL,60,20240808,150000,37.4,37.4,37.4,37.4,26,0
SEL,60,20240808,170000,36.7,36.7,36.7,36.7,70,0
SEL,60,20240809,100000,36.7,37.9,36.7,37.9,58,0
SEL,60,20240809,120000,37.5,37.8,37.5,37.8,435,0
SEL,60,20240809,130000,37.8,37.8,37.8,37.8,1,0
SEL,60,20240809,160000,37.8,37.8,37.8,37.8,50,0
SEL,60,20240812,100000,37.8,38,37.8,38,104,0
SEL,60,20240812,110000,37.3,37.3,37.3,37.3,176,0
SEL,60,20240812,120000,37.2,37.3,37.2,37.3,92,0
SEL,60,20240812,130000,37.3,37.3,37.3,37.3,5,0
SEL,60,20240812,150000,37.3,37.3,37.3,37.3,100,0
SEL,60,20240812,160000,37.3,37.3,37.2,37.2,440,0
SEL,60,20240812,170000,37.2,37.3,37.2,37.3,25,0
SEL,60,20240813,100000,37.3,37.3,37.3,37.3,1,0
SEL,60,20240813,120000,37.3,37.9,37.3,37.4,292,0
SEL,60,20240813,130000,37.2,37.2,37.2,37.2,1,0
SEL,60,20240813,140000,37.7,37.7,37.7,37.7,1,0
SEL,60,20240813,150000,37.7,37.7,37.7,37.7,3,0
SEL,60,20240814,100000,37.7,37.9,37.7,37.9,112,0
SEL,60,20240814,110000,37.2,37.2,37,37,366,0
SEL,60,20240814,120000,37,37,37,37,248,0
SEL,60,20240814,160000,37,37,37,37,15,0
SEL,60,20240816,100000,35.6,36.7,35.6,36.5,409,0
SEL,60,20240816,120000,36.1,36.1,36,36,1011,0
SEL,60,20240816,130000,35.7,36,35.7,36,199,0
SEL,60,20240816,140000,36,36,35.7,36,471,0
SEL,60,20240816,160000,36,36.4,36,36.4,8,0
SEL,60,20240816,170000,35.7,36.1,35.5,36.1,18,0
SEL,60,20240819,100000,35.5,36.1,35.2,36,280,0
SEL,60,20240819,110000,36,36,36,36,20,0
SEL,60,20240819,160000,36,36,36,36,2,0
SEL,60,20240819,170000,35.9,36,35.9,36,4,0
SEL,60,20240820,100000,35.7,35.7,35.7,35.7,503,0
SEL,60,20240820,110000,35.7,35.7,35.7,35.7,1,0
SEL,60,20240820,140000,35.7,35.7,35.7,35.7,51,0
SEL,60,20240820,170000,35.1,35.7,35.1,35.7,7,0
SEL,60,20240821,120000,35.3,35.3,35.3,35.3,120,0
SEL,60,20240821,130000,35.3,35.3,35.3,35.3,61,0
SEL,60,20240821,140000,35.1,35.3,35,35.3,251,0
SEL,60,20240821,150000,35.3,35.3,35.3,35.3,156,0
SEL,60,20240821,160000,35.3,35.3,35.3,35.3,30,0
SEL,60,20240822,100000,35.2,35.2,35.2,35.2,104,0
SEL,60,20240822,110000,35,35.3,35,35.3,72,0
SEL,60,20240822,130000,35.3,35.3,35.3,35.3,200,0
SEL,60,20240822,140000,36.2,36.4,36.2,36.4,133,0
SEL,60,20240822,170000,36.1,36.1,36.1,36.1,50,0
SEL,60,20240823,100000,35.3,35.8,34.6,35.3,347,0
SEL,60,20240823,110000,35.8,35.8,34.7,35.8,48,0
SEL,60,20240823,120000,34.6,35.7,34.6,35.7,23,0
SEL,60,20240823,160000,35,35.8,35,35.8,200,0
SEL,60,20240826,100000,35.3,35.3,35.2,35.2,86,0
SEL,60,20240826,120000,34.7,34.7,34.7,34.7,54,0
SEL,60,20240826,140000,35,35.2,35,35.2,2,0
SEL,60,20240826,150000,35,35.2,34.7,35.2,92,0
SEL,60,20240826,170000,35.2,35.2,34.7,34.7,13,0
SEL,60,20240827,100000,34.7,35.8,34.6,35.8,76,0
SEL,60,20240827,120000,34.7,34.7,34.7,34.7,5,0
SEL,60,20240827,150000,34.7,35.7,34.7,35.7,9,0
SEL,60,20240827,160000,34.7,35.7,34.7,35.7,2,0
SEL,60,20240828,100000,35.7,35.7,35.7,35.7,80,0
SEL,60,20240828,120000,34.7,35.7,34.3,35.7,758,0
SEL,60,20240830,100000,35,35.7,34.1,34.6,331,0
SEL,60,20240830,110000,34.8,34.8,34.6,34.6,33,0
SEL,60,20240830,120000,35.4,35.4,34.7,34.7,24,0
SEL,60,20240830,140000,35,35,35,35,1,0
SEL,60,20240830,150000,34.7,35.5,34.5,35.5,152,0
SEL,60,20240830,160000,34.8,35.4,34.6,35.4,125,0
SEL,60,20240830,170000,35.4,35.7,35,35.7,457,0
SEL,60,20240902,100000,35.6,37,35.4,36.9,779,0
SEL,60,20240902,110000,36.8,36.8,36.8,36.8,25,0
SEL,60,20240902,120000,36.8,36.9,36.8,36.9,66,0
SEL,60,20240902,130000,36.9,37.6,36.1,37.6,3983,0
SEL,60,20240902,140000,37.5,38,37.5,38,720,0
SEL,60,20240902,150000,38,38.1,38,38.1,224,0
SEL,60,20240902,160000,37.1,37.9,37.1,37.9,751,0
SEL,60,20240902,170000,37.8,37.9,37.8,37.8,317,0
SEL,60,20240903,100000,37.8,37.8,37.7,37.8,830,0
SEL,60,20240903,110000,37.8,38.3,37.8,38.3,2318,0
SEL,60,20240903,130000,38.2,38.2,37.8,37.8,63,0
SEL,60,20240903,140000,37.5,37.5,37.5,37.5,17,0
SEL,60,20240903,150000,37.8,38.3,37.8,38.3,250,0
SEL,60,20240903,160000,38,38.3,38,38.3,1956,0
SEL,60,20240903,170000,37.7,38.3,37.6,38.3,75,0
SEL,60,20240904,100000,38.3,38.3,37.1,38.3,234,0
SEL,60,20240904,110000,37.2,38.3,37.2,38.3,56,0
SEL,60,20240904,140000,38.3,38.3,38.3,38.3,2,0
SEL,60,20240904,150000,37.6,38.2,37.6,38.2,202,0
SEL,60,20240904,160000,38.2,38.3,38.2,38.3,4,0
SEL,60,20240904,170000,37.7,38.3,37.7,38.3,497,0
SEL,60,20240905,100000,38.3,38.3,38.3,38.3,1,0
SEL,60,20240905,110000,38.2,38.2,38.2,38.2,15,0
SEL,60,20240905,140000,37.8,38.2,37.8,38.2,2,0
SEL,60,20240905,170000,37.8,38,37.8,38,192,0
SEL,60,20240906,100000,37.8,38,37.2,38,73,0
SEL,60,20240906,120000,37.2,37.2,37.2,37.2,14,0
SEL,60,20240906,130000,38.1,38.1,38.1,38.1,2,0
SEL,60,20240906,140000,38,38.1,38,38.1,201,0
SEL,60,20240906,150000,37.2,38.2,37.2,38.2,117,0
SEL,60,20240906,160000,38.2,38.2,38.2,38.2,35,0
SEL,60,20240906,170000,38.2,38.2,37.1,38.2,46,0
SEL,60,20240909,100000,38.2,38.2,36.9,38.2,92,0
SEL,60,20240909,120000,38.2,38.2,38.2,38.2,1,0
SEL,60,20240909,130000,37.3,38.2,37.3,38.2,2,0
SEL,60,20240909,160000,38.1,38.2,38.1,38.2,5,0
SEL,60,20240909,170000,38.2,38.2,38.2,38.2,53,0
SEL,60,20240910,110000,37.2,38.2,36.8,38.2,162,0
SEL,60,20240910,120000,38.2,38.2,38.2,38.2,29,0
SEL,60,20240911,100000,38.1,38.2,38.1,38.2,11,0
SEL,60,20240911,110000,37.8,38.2,36.6,38.2,335,0
SEL,60,20240911,150000,37.4,38,37.4,38,276,0
SEL,60,20240911,160000,37.4,38,37.4,38,4,0
SEL,60,20240911,170000,38,38,37.5,37.5,113,0
SEL,60,20240912,100000,37.2,38,37.2,38,21,0
SEL,60,20240912,110000,38,38,38,38,43,0
SEL,60,20240912,170000,37.9,37.9,37.1,37.1,297,0
SEL,60,20240913,100000,38.9,40.4,38.9,39.8,7194,0
SEL,60,20240913,110000,39.9,41.9,39.6,41.5,5996,0
SEL,60,20240913,120000,41.5,41.5,39.9,40.6,2823,0
SEL,60,20240913,130000,40.6,41.5,40.6,41.5,1443,0
SEL,60,20240913,140000,41.5,41.5,40.7,40.7,296,0
SEL,60,20240913,150000,41.4,41.5,41.4,41.5,540,0
SEL,60,20240913,160000,41.5,41.5,40.8,41.5,32,0
SEL,60,20240913,170000,41.4,41.4,40.7,41.3,821,0
SEL,60,20240916,100000,41.5,41.9,41.4,41.9,1052,0
SEL,60,20240916,110000,41.5,42.4,41.5,42.2,885,0
SEL,60,20240916,120000,41.5,41.5,41.5,41.5,115,0
SEL,60,20240916,130000,41.5,41.9,41.1,41.1,548,0
SEL,60,20240916,140000,41.9,41.9,41.8,41.9,71,0
SEL,60,20240916,150000,41.9,41.9,41.9,41.9,47,0
SEL,60,20240916,160000,41.7,41.7,41.2,41.2,54,0
SEL,60,20240916,170000,41.5,41.7,40.7,40.7,1112,0
SEL,60,20240917,100000,40.8,41.6,39.7,41,2974,0
SEL,60,20240917,110000,41,41,41,41,20,0
SEL,60,20240917,120000,40.5,41.5,40.5,41.5,384,0
SEL,60,20240917,130000,41.5,41.5,40.7,41.5,66,0
SEL,60,20240917,150000,41.5,41.6,41.5,41.6,204,0
SEL,60,20240917,160000,41.6,41.6,41.6,41.6,4,0
SEL,60,20240918,100000,41.6,41.6,41.5,41.5,429,0
SEL,60,20240918,120000,41.5,41.5,41.5,41.5,10,0
SEL,60,20240918,130000,41.5,41.5,40.4,40.4,291,0
SEL,60,20240918,140000,41.4,41.4,41.4,41.4,4,0
SEL,60,20240918,150000,40.5,41.4,40.5,41.4,24,0
SEL,60,20240918,160000,40.8,40.8,40.8,40.8,26,0
SEL,60,20240918,170000,40.8,41.4,40.8,41.4,35,0
SEL,60,20240919,100000,41.4,41.6,40.8,41.6,516,0
SEL,60,20240919,130000,41.5,41.5,40.6,40.6,6,0
SEL,60,20240919,140000,40.6,42,40.6,42,2794,0
SEL,60,20240919,150000,42,42.4,42,42.4,4314,0
SEL,60,20240919,160000,42,42.4,42,42.4,568,0
SEL,60,20240919,170000,41,41.5,40.3,41.3,959,0
SEL,60,20240920,100000,41.2,41.3,41.1,41.2,571,0
SEL,60,20240920,110000,40.2,40.9,40,40.7,509,0
SEL,60,20240920,120000,40.1,40.1,39.8,39.8,218,0
SEL,60,20240920,130000,40.5,40.5,40.4,40.5,101,0
SEL,60,20240920,140000,39.8,40.4,39.8,40.4,2,0
SEL,60,20240920,150000,40,40.5,39.6,40.5,631,0
SEL,60,20240920,160000,40.5,40.5,40,40,124,0
SEL,60,20240920,170000,40,40.5,39.7,40.3,70,0
SEL,60,20240923,100000,40.6,40.6,40,40,51,0
SEL,60,20240923,110000,40,40,40,40,21,0
SEL,60,20240923,120000,39.7,40,39.5,40,41,0
SEL,60,20240923,150000,39.5,39.5,38,39,2274,0
SEL,60,20240923,160000,39,39,38,39,1980,0
SEL,60,20240923,170000,38.8,39,37.9,38.7,4924,0
SEL,60,20240924,100000,38.7,38.7,38.7,38.7,60,0
SEL,60,20240924,110000,38.3,38.7,38.3,38.7,581,0
SEL,60,20240924,130000,38.7,38.7,38.7,38.7,50,0
SEL,60,20240924,150000,38.7,38.7,38.7,38.7,540,0
SEL,60,20240924,160000,38.7,38.7,38.7,38.7,50,0
SEL,60,20240924,170000,38.4,38.6,37.8,38.6,501,0
SEL,60,20240925,130000,38.4,38.4,38.4,38.4,5,0
SEL,60,20240925,140000,38.4,38.4,38.4,38.4,35,0
SEL,60,20240925,150000,38.4,38.4,38.4,38.4,191,0
SEL,60,20240925,170000,38.7,38.8,38.4,38.4,392,0
SEL,60,20240926,100000,38.5,38.5,38.4,38.4,62,0
SEL,60,20240926,110000,38.6,38.6,38.4,38.4,94,0
SEL,60,20240926,120000,38.5,38.5,38.4,38.4,88,0
SEL,60,20240926,140000,38.1,38.1,38.1,38.1,5,0
SEL,60,20240926,150000,38.4,38.4,38,38.4,93,0
SEL,60,20240926,160000,38.4,38.4,37.6,38,109,0
SEL,60,20240926,170000,37.6,38,37.2,37.9,823,0
SEL,60,20240927,100000,37.1,37.9,36.2,36.5,6543,0
SEL,60,20240927,110000,36.5,37,36.4,37,1536,0
SEL,60,20240927,120000,37.1,37.1,37.1,37.1,2,0
SEL,60,20240927,130000,37.1,37.4,37.1,37.4,551,0
SEL,60,20240927,140000,37.4,37.4,37.3,37.3,14,0
SEL,60,20240927,160000,37.3,37.4,37.3,37.4,50,0
SEL,60,20240927,170000,37.4,37.7,37.4,37.7,121,0
SEL,60,20240930,100000,38,38.4,37.1,38,201,0
SEL,60,20240930,110000,38,38,38,38,228,0
SEL,60,20240930,170000,37.7,38,37.7,38,145,0
SEL,60,20241001,100000,38,38,36.1,38,868,0
SEL,60,20241001,110000,37.7,37.7,37.7,37.7,50,0
SEL,60,20241001,130000,37.7,37.7,36.5,37.3,1800,0
SEL,60,20241001,140000,37.3,37.3,37.3,37.3,100,0
SEL,60,20241001,150000,37.7,37.7,37.7,37.7,1,0
SEL,60,20241001,160000,37.6,37.6,37.6,37.6,1,0
SEL,60,20241001,170000,37.1,37.5,37.1,37.5,43,0
SEL,60,20241002,100000,37.2,37.2,37.1,37.1,114,0
SEL,60,20241002,110000,37.1,37.1,36.9,37.1,13,0
SEL,60,20241002,140000,37.1,37.1,37.1,37.1,45,0
SEL,60,20241002,160000,37.1,37.1,37.1,37.1,28,0
SEL,60,20241002,170000,37.1,37.1,37,37,99,0
SEL,60,20241003,120000,37,37,37,37,274,0
SEL,60,20241003,140000,37,37,37,37,50,0
SEL,60,20241003,150000,36.6,37,36.1,37,3002,0
SEL,60,20241003,170000,36.3,36.9,36.3,36.9,7,0
SEL,60,20241004,100000,36.9,37,36.5,37,126,0
SEL,60,20241004,110000,37,37.4,37,37.4,101,0
SEL,60,20241004,120000,36.8,37.4,36.8,37.4,501,0
SEL,60,20241004,140000,37.4,37.4,37.4,37.4,5,0
SEL,60,20241007,100000,37.3,37.3,36.9,37.3,136,0
SEL,60,20241007,110000,36.9,37.3,36.9,37.3,134,0
SEL,60,20241007,140000,37.3,37.3,37.3,37.3,260,0
SEL,60,20241007,160000,37,37.3,36.8,37.3,16,0
SEL,60,20241007,170000,37.3,37.3,37.3,37.3,110,0
SEL,60,20241008,100000,37.4,37.4,36.8,37.4,102,0
SEL,60,20241008,120000,36.8,37,35.2,35.8,1945,0
SEL,60,20241008,130000,36.1,36.1,35.9,36,199,0
SEL,60,20241008,140000,36.1,36.1,36.1,36.1,100,0
SEL,60,20241008,160000,36.2,36.2,36.2,36.2,100,0
SEL,60,20241008,170000,36.1,36.1,36.1,36.1,200,0
SEL,60,20241009,100000,37.2,37.2,37.2,37.2,1,0
SEL,60,20241009,110000,36.9,36.9,36.9,36.9,1,0
SEL,60,20241009,130000,36.9,36.9,36.9,36.9,1,0
SEL,60,20241009,140000,36.9,36.9,36.9,36.9,4,0
SEL,60,20241009,160000,36.7,36.7,36.7,36.7,50,0
SEL,60,20241009,170000,36.7,36.7,36.7,36.7,28,0
SEL,60,20241010,100000,36.7,36.8,36.7,36.7,93,0
SEL,60,20241010,110000,36.7,36.7,36.7,36.7,2,0
SEL,60,20241010,130000,36.4,36.6,35.6,36.2,1001,0
SEL,60,20241010,150000,35.9,36.5,35.9,36.5,358,0
SEL,60,20241010,170000,35.8,36,35.6,36,123,0
SEL,60,20241011,100000,36.1,36.1,35.5,36,88,0
SEL,60,20241011,120000,36,36,36,36,175,0
SEL,60,20241011,130000,36,36,36,36,11,0
SEL,60,20241011,150000,36,36,36,36,50,0
SEL,60,20241011,170000,35.7,36,35.7,36,7,0
SEL,60,20241014,100000,35.5,36.2,35.5,36.1,193,0
SEL,60,20241014,110000,36.1,36.1,34.7,35.4,919,0
SEL,60,20241014,120000,35,35,34.7,35,1272,0
SEL,60,20241014,130000,34.8,35,34.8,35,30,0
SEL,60,20241014,140000,35,35,34.2,34.9,4961,0
SEL,60,20241014,150000,34.6,34.9,34.4,34.4,1423,0
SEL,60,20241014,160000,34.8,35,34.4,34.6,1949,0
SEL,60,20241014,170000,34.6,34.9,34.2,34.5,2295,0
SEL,60,20241015,100000,34.5,34.9,34.5,34.6,439,0
SEL,60,20241015,110000,34.9,34.9,34.6,34.8,182,0
SEL,60,20241015,120000,34.8,34.9,34.7,34.7,329,0
SEL,60,20241015,130000,34.9,35.7,34.6,35.7,2136,0
SEL,60,20241015,140000,35.1,35.4,34.8,35.3,445,0
SEL,60,20241015,150000,34.8,35,34.5,34.5,1096,0
SEL,60,20241015,160000,34.5,35,34.4,34.7,1913,0
SEL,60,20241015,170000,34.4,34.9,34.4,34.4,1791,0
SEL,60,20241016,100000,34.4,34.6,34.2,34.6,472,0
SEL,60,20241016,110000,34.3,34.5,34.3,34.4,249,0
SEL,60,20241016,120000,34.4,34.7,34.4,34.7,275,0
SEL,60,20241016,130000,34.4,34.7,34,34.5,1941,0
SEL,60,20241016,140000,34.2,34.5,34,34.5,441,0
SEL,60,20241016,150000,34,34.4,33.8,34.4,2449,0
SEL,60,20241016,160000,34,34,33.8,33.8,307,0
SEL,60,20241016,170000,33.8,34.4,33.8,34.4,1036,0
SEL,60,20241017,100000,34.2,34.5,34,34.3,444,0
SEL,60,20241017,110000,34,34.3,33.8,34.2,318,0
SEL,60,20241017,120000,34.2,34.2,34.2,34.2,99,0
SEL,60,20241017,130000,34,34.2,34,34,152,0
SEL,60,20241017,140000,34,34,34,34,66,0
SEL,60,20241017,150000,34,34.1,34,34.1,100,0
SEL,60,20241017,160000,33.9,33.9,33.6,33.8,1641,0
SEL,60,20241017,170000,33.8,33.8,33.3,33.8,709,0
SEL,60,20241018,100000,33.4,33.6,33.3,33.5,339,0
SEL,60,20241018,110000,33.3,33.6,33.3,33.6,211,0
SEL,60,20241018,120000,33.5,33.9,33.3,33.9,453,0
SEL,60,20241018,130000,33.8,33.8,33.5,33.7,141,0
SEL,60,20241018,140000,33.5,33.8,33.5,33.8,742,0
SEL,60,20241018,150000,33.4,33.6,33.3,33.4,604,0
SEL,60,20241018,160000,33.4,33.6,33.2,33.5,718,0
SEL,60,20241018,170000,33.3,33.6,33.3,33.6,685,0
SEL,60,20241021,100000,33.1,34,33.1,34,723,0
SEL,60,20241021,110000,33.9,33.9,33.9,33.9,1,0
SEL,60,20241021,120000,33.9,33.9,33.9,33.9,9,0
SEL,60,20241021,130000,33.9,34,33.9,34,44,0
SEL,60,20241021,140000,34,34,33.6,33.6,58,0
SEL,60,20241021,160000,33.5,33.6,33.5,33.6,114,0
SEL,60,20241021,170000,34,34.1,33.6,33.6,791,0
SEL,60,20241022,100000,34.5,35.5,34.5,35.4,3190,0
SEL,60,20241022,110000,35.3,35.3,34.7,35.2,710,0
SEL,60,20241022,120000,34.8,35,34.5,34.5,1773,0
SEL,60,20241022,130000,34.7,34.9,34.5,34.9,1281,0
SEL,60,20241022,140000,34.7,34.8,34.7,34.8,849,0
SEL,60,20241022,150000,34.8,34.8,34.7,34.8,301,0
SEL,60,20241022,160000,34.5,34.7,34.2,34.6,712,0
SEL,60,20241022,170000,34.3,34.7,33.6,34.1,1584,0
SEL,60,20241023,100000,34.2,34.6,34,34.6,719,0
SEL,60,20241023,110000,33.7,34.3,33.1,34,1078,0
SEL,60,20241023,120000,33.4,33.9,33.4,33.9,15,0
SEL,60,20241023,130000,33.9,33.9,33.9,33.9,25,0
SEL,60,20241023,140000,33.9,34.5,33.8,34.5,824,0
SEL,60,20241023,150000,33.7,33.9,33.7,33.9,63,0
SEL,60,20241023,160000,33.9,34.4,33.9,34.2,222,0
SEL,60,20241023,170000,34.2,34.6,34.2,34.6,798,0
SEL,60,20241024,100000,34.6,34.8,34.4,34.8,637,0
SEL,60,20241024,110000,34.7,34.7,34.1,34.5,510,0
SEL,60,20241024,120000,34.5,34.7,34.4,34.5,563,0
SEL,60,20241024,130000,34.4,34.4,34,34.3,596,0
SEL,60,20241024,140000,34.3,34.3,34.3,34.3,132,0
SEL,60,20241024,150000,34.3,34.3,34,34.2,299,0
SEL,60,20241024,160000,34.1,34.3,34.1,34.3,214,0
SEL,60,20241024,170000,34.3,34.3,34.1,34.1,364,0
SEL,60,20241025,100000,34.3,34.3,33.9,34.3,287,0
SEL,60,20241025,110000,33.8,34.2,33.8,34.2,137,0
SEL,60,20241025,120000,34.2,34.3,34.2,34.3,215,0
SEL,60,20241025,130000,34.3,34.3,34,34.2,208,0
SEL,60,20241025,140000,34.2,34.3,32,33.8,8035,0
SEL,60,20241025,150000,33.6,33.7,33.2,33.7,151,0
SEL,60,20241025,160000,33.7,33.8,33.7,33.8,180,0
SEL,60,20241025,170000,33.7,33.8,33.5,33.5,1056,0
SEL,60,20241028,100000,33.8,33.8,32.8,33.7,632,0
SEL,60,20241028,110000,33.7,33.7,33,33,401,0
SEL,60,20241028,120000,33.7,33.7,33.7,33.7,1,0
SEL,60,20241028,130000,33.7,33.7,33.7,33.7,40,0
SEL,60,20241028,140000,33.1,33.7,33,33.7,375,0
SEL,60,20241028,150000,33.1,33.6,32.9,33.6,2373,0
SEL,60,20241028,160000,33,33.5,33,33.5,309,0
SEL,60,20241028,170000,33.6,33.7,33.4,33.7,177,0
SEL,60,20241029,100000,34,34,34,34,265,0
SEL,60,20241029,110000,34.1,34.2,33.5,34.2,877,0
SEL,60,20241029,120000,34.2,34.2,34.2,34.2,265,0
SEL,60,20241029,130000,34.2,34.2,33.6,34.2,39,0
SEL,60,20241029,140000,34,34.3,34,34.2,302,0
SEL,60,20241029,150000,34.2,34.2,34.2,34.2,155,0
SEL,60,20241029,160000,34.2,34.3,34.2,34.3,24,0
SEL,60,20241029,170000,34.2,34.3,34,34.3,66,0
SEL,60,20241030,100000,34.3,34.4,34.3,34.3,760,0
SEL,60,20241030,110000,34.3,34.3,34.3,34.3,28,0
SEL,60,20241030,120000,34.3,34.3,34.3,34.3,30,0
SEL,60,20241030,140000,34,34.3,33.9,33.9,240,0
SEL,60,20241030,150000,33.8,33.9,33.5,33.8,1284,0
SEL,60,20241030,160000,33.7,33.9,33.7,33.9,386,0
SEL,60,20241030,170000,33.8,33.9,33.6,33.6,399,0
SEL,60,20241031,100000,33.8,33.8,33.5,33.8,260,0
SEL,60,20241031,110000,33.9,33.9,33.9,33.9,53,0
SEL,60,20241031,120000,33.6,33.9,33.6,33.8,3150,0
SEL,60,20241031,130000,33.9,34.3,33.9,34.3,494,0
SEL,60,20241031,140000,34.3,34.4,34.3,34.4,145,0
SEL,60,20241031,150000,34.3,34.3,34,34,227,0
SEL,60,20241031,160000,34,34,34,34,40,0
SEL,60,20241031,170000,33.8,34,33.3,34,555,0
SEL,60,20241104,100000,34,34,33.3,34,157,0
SEL,60,20241104,120000,34,34,33.9,33.9,61,0
SEL,60,20241104,130000,33.6,33.8,33.2,33.8,531,0
SEL,60,20241104,140000,33.4,33.8,33.4,33.8,3,0
SEL,60,20241104,150000,33.4,33.8,33,33.7,645,0
SEL,60,20241104,160000,33.6,33.7,33.6,33.7,91,0
SEL,60,20241104,170000,33.9,33.9,33.7,33.7,9,0
SEL,60,20241105,110000,33.7,33.7,33.7,33.7,40,0
SEL,60,20241105,120000,33.7,33.7,33.7,33.7,182,0
SEL,60,20241105,130000,33.3,33.8,33.2,33.8,129,0
SEL,60,20241105,140000,33.3,33.9,33.3,33.9,2,0
SEL,60,20241105,150000,33.4,33.4,33.4,33.4,3,0
SEL,60,20241105,160000,33.9,34,33.9,34,1013,0
SEL,60,20241105,170000,34,34,33.4,34,186,0
SEL,60,20241106,100000,33.4,34,33.3,33.9,207,0
SEL,60,20241106,110000,34,34,33.9,33.9,290,0
SEL,60,20241106,130000,34,34,33.9,34,313,0
SEL,60,20241106,150000,34,34,33.9,33.9,375,0
SEL,60,20241106,160000,33.9,34,33.9,34,9,0
SEL,60,20241107,100000,34,34,33.4,34,98,0
SEL,60,20241107,140000,33.9,33.9,33.9,33.9,150,0
SEL,60,20241107,150000,33.9,33.9,33.8,33.8,97,0
SEL,60,20241107,160000,33.9,33.9,33.6,33.9,27,0
SEL,60,20241107,170000,33.9,33.9,33.9,33.9,195,0
SEL,60,20241108,100000,33.4,33.9,33.4,33.9,150,0
SEL,60,20241108,120000,33.6,33.9,33,33.9,406,0
SEL,60,20241108,130000,33.4,33.7,33.4,33.7,13,0
SEL,60,20241108,140000,33.7,33.7,33,33.7,141,0
SEL,60,20241108,160000,33.7,33.7,33.7,33.7,13,0
SEL,60,20241108,170000,33.1,33.7,33.1,33.7,9,0
SEL,60,20241112,100000,33.7,33.8,33.4,33.8,951,0
SEL,60,20241112,110000,33.8,33.8,32.9,33.1,2671,0
SEL,60,20241112,120000,33.1,33.1,33.1,33.1,65,0
SEL,60,20241112,130000,33.1,33.1,33.1,33.1,97,0
SEL,60,20241112,140000,33.1,33.1,33.1,33.1,90,0
SEL,60,20241112,150000,33.1,33.1,33.1,33.1,37,0
SEL,60,20241112,160000,33.1,33.1,33.1,33.1,64,0
SEL,60,20241112,170000,32.9,32.9,32.4,32.9,657,0
SEL,60,20241113,100000,32.8,33.1,32.8,33,243,0
SEL,60,20241113,130000,32.8,33,32.3,33,335,0
SEL,60,20241113,140000,32.8,32.9,32.8,32.9,95,0
SEL,60,20241113,170000,32.9,33.7,32.9,33.7,1000,0
SEL,60,20241114,100000,33,33.7,33,33.6,157,0
SEL,60,20241114,110000,33.5,33.5,33.5,33.5,1,0
SEL,60,20241114,120000,33.6,33.6,33.6,33.6,49,0
SEL,60,20241114,130000,33.5,33.5,33.5,33.5,100,0
SEL,60,20241114,140000,33.5,33.5,33.5,33.5,14,0
SEL,60,20241114,150000,33.5,33.5,33.5,33.5,1,0
SEL,60,20241114,170000,33.6,33.9,33.6,33.9,450,0
SEL,60,20241115,110000,33.3,33.8,33.3,33.8,8,0
SEL,60,20241115,120000,33.5,33.8,33.3,33.8,13,0
SEL,60,20241115,140000,33.7,33.8,33.3,33.8,120,0
SEL,60,20241115,160000,33.3,33.6,33.1,33.6,116,0
SEL,60,20241118,100000,33.2,33.5,33.2,33.5,53,0
SEL,60,20241118,110000,33.5,33.5,33.5,33.5,6,0
SEL,60,20241118,130000,33.4,34,33.4,34,1179,0
SEL,60,20241118,140000,34,34,34,34,200,0
SEL,60,20241119,100000,34,34,34,34,101,0
SEL,60,20241119,110000,33.6,34,33.3,33.5,753,0
SEL,60,20241119,120000,33.3,33.5,33.2,33.5,101,0
SEL,60,20241119,130000,33.4,33.5,33.2,33.5,205,0
SEL,60,20241119,140000,33.5,33.5,33.5,33.5,12,0
SEL,60,20241119,150000,33.2,33.5,32.8,33.5,468,0
SEL,60,20241119,160000,32.9,32.9,32.5,32.9,91,0
SEL,60,20241119,170000,32.9,33.5,32.9,33.5,282,0
SEL,60,20241120,100000,33.4,33.4,33.4,33.4,1,0
SEL,60,20241120,110000,33.4,33.5,33.4,33.5,500,0
SEL,60,20241120,120000,32.9,33.5,32.9,33.5,6,0
SEL,60,20241120,140000,33.5,33.5,32.8,33.4,97,0
SEL,60,20241121,100000,32.9,33.4,32.9,33.4,30,0
SEL,60,20241121,110000,33.4,33.4,32.6,33.4,96,0
SEL,60,20241121,140000,33.4,33.5,33.4,33.5,1004,0
SEL,60,20241121,160000,33.5,33.5,33.5,33.5,100,0
SEL,60,20241121,170000,33.5,33.5,33.5,33.5,26,0
SEL,60,20241122,100000,32.2,32.2,30.3,31.6,5816,0
SEL,60,20241122,110000,31.6,31.6,30.2,30.5,5949,0
SEL,60,20241122,120000,30.5,30.5,29.5,30,4164,0
SEL,60,20241122,130000,29.9,30.9,29.9,30.7,5303,0
SEL,60,20241122,140000,30.5,30.6,29.5,30.6,19655,0
SEL,60,20241122,150000,30.5,30.7,30.4,30.5,1557,0
SEL,60,20241122,160000,30.5,30.5,30,30.4,1938,0
SEL,60,20241122,170000,30.3,30.4,30,30,978,0
SEL,60,20241125,100000,29.4,30.5,29.4,30.2,1450,0
SEL,60,20241125,110000,30.2,30.3,30,30.1,136,0
SEL,60,20241125,120000,30.3,30.3,30.3,30.3,102,0
SEL,60,20241125,130000,30.3,31.2,30.3,31.2,2000,0
SEL,60,20241125,140000,31,31,31,31,51,0
SEL,60,20241125,150000,30.8,30.8,30.8,30.8,163,0
SEL,60,20241125,160000,30.5,30.5,30.5,30.5,46,0
SEL,60,20241125,170000,30.5,30.7,30.5,30.7,302,0
SEL,60,20241126,100000,30.5,30.5,30.4,30.4,316,0
SEL,60,20241126,110000,30.3,30.4,30.1,30.4,232,0
SEL,60,20241126,120000,30.4,30.7,30.1,30.7,431,0
SEL,60,20241126,130000,30.7,31.2,30.7,31.2,202,0
SEL,60,20241126,140000,30.6,31.2,30.5,31.2,101,0
SEL,60,20241126,160000,30.7,30.7,30.7,30.7,6,0
SEL,60,20241126,170000,31.2,31.2,30.6,30.6,96,0
SEL,60,20241127,100000,30.3,30.8,30.3,30.5,763,0
SEL,60,20241127,110000,30.3,30.3,30.3,30.3,2,0
SEL,60,20241127,130000,30.3,30.4,30.1,30.4,290,0
SEL,60,20241127,140000,30.4,30.4,30.4,30.4,1,0
SEL,60,20241127,160000,30.4,30.4,30.4,30.4,100,0
SEL,60,20241127,170000,30.4,30.4,30.4,30.4,99,0
SEL,60,20241128,100000,30.4,30.4,30.3,30.3,16,0
SEL,60,20241128,120000,30.2,30.4,30.2,30.4,3,0
SEL,60,20241128,150000,30.2,30.2,30.2,30.2,99,0
SEL,60,20241128,160000,30.1,30.4,30.1,30.4,159,0
SEL,60,20241128,170000,30.2,30.4,30.2,30.4,47,0
SEL,60,20241129,100000,30.2,30.2,30.1,30.1,57,0
SEL,60,20241129,110000,30.2,30.2,30.2,30.2,4,0
SEL,60,20241129,120000,30.2,30.4,30.2,30.2,105,0
SEL,60,20241129,130000,30.4,30.4,30.4,30.4,4,0
SEL,60,20241129,150000,30.2,30.4,30,30,258,0
SEL,60,20241129,160000,30.4,30.4,30.4,30.4,1129,0
SEL,60,20241202,100000,31,31,31,31,253,0
SEL,60,20241202,130000,30.9,30.9,30.9,30.9,12,0
SEL,60,20241202,150000,30.7,30.9,30.7,30.9,50,0
SEL,60,20241202,170000,30.8,30.8,30.4,30.8,14,0
SEL,60,20241203,100000,30.8,31.2,30.8,31.2,575,0
SEL,60,20241203,110000,31.2,31.2,31.2,31.2,35,0
SEL,60,20241203,120000,31.2,31.2,31.1,31.1,89,0
SEL,60,20241203,130000,31.1,31.3,30.8,31.3,226,0
SEL,60,20241203,140000,31.1,31.1,31.1,31.1,50,0
SEL,60,20241203,170000,31,31.1,31,31.1,31,0
SEL,60,20241204,100000,31.1,31.1,31.1,31.1,65,0
SEL,60,20241204,120000,31.2,31.7,31,31.7,877,0
SEL,60,20241204,140000,31,31,31,31,15,0
SEL,60,20241204,150000,31.3,31.4,30.5,30.5,1777,0
SEL,60,20241204,160000,30.5,30.5,30.5,30.5,10,0
SEL,60,20241204,170000,30.3,30.5,30.3,30.5,581,0
SEL,60,20241205,100000,31.4,31.4,30.3,30.4,25,0
SEL,60,20241205,110000,30.5,31.2,30.5,31.2,292,0
SEL,60,20241205,120000,31.2,31.2,31.2,31.2,20,0
SEL,60,20241205,160000,30.9,30.9,30.9,30.9,17,0
SEL,60,20241206,100000,30.9,30.9,30.9,30.9,10,0
SEL,60,20241206,120000,30.8,30.9,30.8,30.9,150,0
SEL,60,20241206,130000,30.9,30.9,30.3,30.3,456,0
SEL,60,20241206,140000,30.8,30.8,30.3,30.3,201,0
SEL,60,20241206,160000,30.5,30.6,29.9,29.9,8892,0
SEL,60,20241206,170000,29.9,30,29.9,29.9,1668,0
SEL,60,20241209,100000,29.1,29.5,28.1,28.9,2223,0
SEL,60,20241209,110000,28.9,29,28.9,28.9,204,0
SEL,60,20241209,120000,28.9,29,28.9,29,54,0
SEL,60,20241209,130000,29,29.9,29,29.9,423,0
SEL,60,20241209,140000,29.6,29.8,29.6,29.7,16,0
SEL,60,20241209,160000,29.7,29.7,29.7,29.7,16,0
SEL,60,20241209,170000,29.1,29.7,29.1,29.7,126,0
SEL,60,20241210,100000,29.8,29.8,28.5,29.6,219,0
SEL,60,20241210,110000,28.6,29.3,28.6,29.3,270,0
SEL,60,20241210,130000,29.1,29.6,28.7,29.6,153,0
SEL,60,20241210,150000,29.4,29.4,29.4,29.4,35,0
SEL,60,20241210,160000,29,29.4,29,29.4,292,0
SEL,60,20241210,170000,28.8,29.1,28.6,29.1,105,0
SEL,60,20241211,100000,29.3,29.3,29.3,29.3,1,0
SEL,60,20241211,110000,28.4,29.3,28.4,29.3,11,0
SEL,60,20241211,120000,29.2,29.3,29.1,29.1,76,0
SEL,60,20241211,140000,29,29.2,29,29.2,55,0
SEL,60,20241211,170000,29.1,29.1,28.3,28.7,207,0
SEL,60,20241212,100000,28.3,28.8,28.3,28.8,6,0
SEL,60,20241212,110000,28.8,28.8,28.5,28.7,3,0
SEL,60,20241212,120000,28.5,28.7,27.7,27.7,795,0
SEL,60,20241212,130000,28.6,28.6,28,28.6,85,0
SEL,60,20241212,140000,28,28.8,28,28.7,68,0
SEL,60,20241212,150000,28,28.9,28,28.9,104,0
SEL,60,20241212,160000,28.9,29.9,28.6,29.9,766,0
SEL,60,20241213,100000,29.7,29.7,29,29.7,3,0
SEL,60,20241213,110000,29,29,28.6,28.9,51,0
SEL,60,20241213,120000,28.9,28.9,28.9,28.9,5,0
SEL,60,20241213,130000,28.9,28.9,28.9,28.9,25,0
SEL,60,20241213,140000,28.6,29.4,28.4,29.4,1058,0
SEL,60,20241213,160000,29,29.4,29,29.4,96,0
SEL,60,20241213,170000,28.8,28.8,28.8,28.8,264,0
SEL,60,20241216,100000,29.3,29.3,28.5,29.3,34,0
SEL,60,20241216,130000,29,29,29,29,20,0
SEL,60,20241216,140000,29,29,29,29,34,0
SEL,60,20241216,150000,28.5,28.9,28.5,28.9,436,0
SEL,60,20241216,160000,28.6,28.9,28.5,28.5,103,0
SEL,60,20241216,170000,28.8,28.8,28.4,28.8,6,0
SEL,60,20241217,100000,28.8,28.9,28.2,28.9,569,0
SEL,60,20241217,110000,29.2,29.2,29,29,77,0
SEL,60,20241217,120000,28.4,28.8,28,28.8,1238,0
SEL,60,20241217,130000,28.6,28.8,28.6,28.8,201,0
SEL,60,20241217,150000,28.3,28.8,28.2,28.8,108,0
SEL,60,20241217,160000,28.7,28.7,28,28.7,1039,0
SEL,60,20241217,170000,28.4,28.6,28.4,28.6,5,0
SEL,60,20241218,100000,28.6,28.6,28.4,28.5,494,0
SEL,60,20241218,110000,28.2,28.5,27.9,28.2,484,0
SEL,60,20241218,120000,28,28.5,27.9,28.5,210,0
SEL,60,20241218,130000,28.1,28.1,28,28.1,94,0
SEL,60,20241218,150000,28.1,28.2,28.1,28.2,51,0
SEL,60,20241218,160000,28.3,28.3,27.7,28.1,553,0
SEL,60,20241218,170000,27.8,28,27.5,27.7,699,0
SEL,60,20241219,100000,27.6,27.8,27.6,27.8,130,0
SEL,60,20241219,120000,27.5,27.8,27.5,27.8,162,0
SEL,60,20241219,130000,27.8,27.8,27.8,27.8,1,0
SEL,60,20241219,140000,27.5,27.8,27.5,27.8,209,0
SEL,60,20241219,160000,27.6,27.8,27.6,27.8,101,0
SEL,60,20241220,100000,27.6,27.8,27.1,27.2,563,0
SEL,60,20241220,110000,27.1,27.7,27.1,27.7,363,0
SEL,60,20241220,120000,27.2,27.8,27,27.7,215,0
SEL,60,20241220,130000,27,27.7,27,27.7,27,0
SEL,60,20241220,140000,27.1,27.1,27.1,27.1,5,0
SEL,60,20241220,150000,27.7,28,27.7,28,75,0
SEL,60,20241220,160000,28,28.2,28,28.2,17,0
SEL,60,20241223,100000,27.5,28.2,27.5,28.2,531,0
SEL,60,20241223,110000,28.1,28.3,28.1,28.3,141,0
SEL,60,20241223,120000,28.1,28.1,27.6,28,105,0
SEL,60,20241223,130000,27.7,27.9,27.5,27.9,400,0
SEL,60,20241223,140000,27.9,28,27.5,27.9,287,0
SEL,60,20241223,150000,27.8,27.8,27.8,27.8,27,0
SEL,60,20241223,160000,27.5,27.8,27.5,27.8,135,0
SEL,60,20241223,170000,27.6,28,27.6,28,285,0
SEL,60,20241227,100000,28,29.2,28,28.1,124,0
SEL,60,20241227,110000,28.8,28.8,28.1,28.1,14,0
SEL,60,20241227,120000,28.1,28.9,28.1,28.9,153,0
SEL,60,20241227,130000,28.8,28.8,28.8,28.8,2,0
SEL,60,20241227,140000,28.8,29.2,28.8,29.2,49,0
SEL,60,20241227,150000,28.8,29.2,28.8,29.2,21,0
SEL,60,20241227,160000,28.8,29.2,28.8,29.2,44,0
SEL,60,20241227,170000,28.6,29.2,28.2,29,942,0
SEL,60,20241230,100000,28.7,29.5,28.7,29.5,304,0
SEL,60,20241230,110000,28.6,29.4,28.5,29.4,182,0
SEL,60,20241230,130000,29.2,29.2,29.2,29.2,19,0
SEL,60,20241230,140000,29.2,29.6,29.2,29.4,254,0
SEL,60,20241230,150000,29.5,29.5,29.4,29.4,35,0
SEL,60,20241230,160000,29.4,29.5,29.4,29.5,124,0
SEL,60,20241230,170000,29.4,29.9,28.8,29.9,599,0
SEL,60,20250102,100000,29.9,31,29.9,30.6,166,0
SEL,60,20250102,110000,30.1,30.6,30.1,30.5,368,0
SEL,60,20250102,120000,30.5,30.6,30.1,30.5,194,0
SEL,60,20250102,130000,30.3,30.3,30.3,30.3,38,0
SEL,60,20250102,140000,30.7,30.7,30.3,30.3,10,0
SEL,60,20250102,160000,30.3,30.7,30.1,30.7,27,0
SEL,60,20250102,170000,30.1,30.6,30.1,30.6,3,0
SEL,60,20250103,100000,30.9,30.9,30.1,30.8,238,0
SEL,60,20250103,110000,30.6,30.6,30.2,30.2,107,0
SEL,60,20250103,120000,30.1,30.2,30.1,30.2,13,0
SEL,60,20250103,130000,30.1,30.6,30.1,30.6,58,0
SEL,60,20250103,140000,30.6,30.7,30.6,30.7,50,0
SEL,60,20250103,150000,30.5,30.5,30.5,30.5,100,0
SEL,60,20250103,160000,30.6,30.6,30.6,30.6,1,0
SEL,60,20250103,170000,30.6,30.6,30.6,30.6,1,0
SEL,60,20250107,100000,30.6,30.6,30.5,30.5,68,0
SEL,60,20250107,110000,30.5,30.6,30.5,30.5,29,0
SEL,60,20250107,120000,30.5,30.6,30.5,30.6,27,0
SEL,60,20250107,130000,30.6,30.6,30.6,30.6,34,0
SEL,60,20250107,150000,30.6,30.9,30.6,30.8,147,0
SEL,60,20250107,160000,30.8,30.9,30.8,30.9,200,0
SEL,60,20250107,170000,30.7,30.7,30.7,30.7,7,0
SEL,60,20250108,100000,30.8,30.8,30.8,30.8,34,0
SEL,60,20250108,140000,30.6,30.6,30.6,30.6,26,0
SEL,60,20250108,150000,30.5,30.8,30.1,30.8,46,0
SEL,60,20250108,160000,30.7,30.8,30.7,30.8,32,0
SEL,60,20250108,170000,30.8,30.8,30.1,30.1,39,0
SEL,60,20250109,100000,30.1,30.7,30.1,30.7,26,0
SEL,60,20250109,110000,30.1,30.7,30.1,30.7,22,0
SEL,60,20250109,130000,30.5,30.5,30.5,30.5,33,0
SEL,60,20250109,140000,30.5,30.5,30.5,30.5,60,0
SEL,60,20250109,160000,30.6,30.6,30.5,30.5,8,0
SEL,60,20250110,100000,30.6,30.6,30.6,30.6,24,0
SEL,60,20250110,110000,30.2,30.2,29.8,29.9,1714,0
SEL,60,20250110,120000,29.8,29.8,29.8,29.8,400,0
SEL,60,20250110,130000,29.8,30.2,29.8,30.2,283,0
SEL,60,20250110,140000,30.2,30.3,30.2,30.3,15,0
SEL,60,20250110,150000,30.3,30.6,30.3,30.6,262,0
SEL,60,20250110,160000,30.6,30.6,30,30.6,156,0
SEL,60,20250110,170000,30.1,30.2,30.1,30.2,84,0
SEL,60,20250113,100000,29.8,30.6,29.4,30.6,75,0
SEL,60,20250113,110000,30,30,29.4,29.4,36,0
SEL,60,20250113,120000,30,30,30,30,3,0
SEL,60,20250113,160000,29.4,30,29.4,30,42,0
SEL,60,20250113,170000,30,30,30,30,9,0
SEL,60,20250114,100000,30,30,30,30,1,0
SEL,60,20250114,110000,29.9,29.9,29.9,29.9,3,0
SEL,60,20250114,120000,29.9,29.9,29.9,29.9,50,0
SEL,60,20250114,130000,29.9,29.9,29.9,29.9,1,0
SEL,60,20250114,140000,29.8,29.8,29.8,29.8,1,0
SEL,60,20250115,100000,29.4,29.9,29.4,29.4,31,0
SEL,60,20250115,110000,29.2,29.5,29.1,29.5,252,0
SEL,60,20250115,130000,29.5,29.5,29.5,29.5,40,0
SEL,60,20250115,140000,29.2,29.2,29.2,29.2,90,0
SEL,60,20250115,160000,29.1,29.5,29.1,29.5,83,0
SEL,60,20250115,170000,29.7,29.7,28.9,28.9,192,0
SEL,60,20250116,100000,29.8,29.8,29.8,29.8,68,0
SEL,60,20250116,110000,29.8,30,29.8,30,130,0
SEL,60,20250116,120000,30,30.4,30,30.4,78,0
SEL,60,20250117,100000,30,30.5,29.5,30.5,144,0
SEL,60,20250117,110000,29.6,30.4,29.6,30.4,8,0
SEL,60,20250117,140000,30.2,30.2,29.6,30.2,24,0
SEL,60,20250117,170000,30.2,30.2,29.7,30.2,202,0
SEL,60,20250120,100000,30.7,30.8,30.7,30.8,441,0
SEL,60,20250120,120000,30.4,30.7,30.4,30.7,301,0
SEL,60,20250120,130000,30.7,30.7,30.7,30.7,43,0
SEL,60,20250120,150000,30.6,30.6,30.6,30.6,1,0
SEL,60,20250121,100000,30.4,30.4,30.4,30.4,24,0
SEL,60,20250121,130000,30.3,30.3,30.3,30.3,1,0
SEL,60,20250121,140000,30.4,30.4,30.4,30.4,17,0
SEL,60,20250121,170000,30.3,30.6,30.3,30.6,6,0
SEL,60,20250122,100000,30.3,30.6,30.3,30.3,95,0
SEL,60,20250122,110000,30.6,31,30.6,30.9,211,0
SEL,60,20250122,160000,30.3,30.7,30,30.7,41,0
SEL,60,20250122,170000,30.1,30.6,29.8,30.6,691,0
SEL,60,20250123,100000,30.4,30.5,30.4,30.5,15,0
SEL,60,20250123,110000,30,30,29.9,29.9,728,0
SEL,60,20250123,120000,30,30.5,30,30.1,62,0
SEL,60,20250123,130000,30.1,30.2,30.1,30.2,182,0
SEL,60,20250123,140000,30.4,30.4,30.4,30.4,1,0
SEL,60,20250123,160000,30,30,30,30,7,0
SEL,60,20250123,170000,29.9,30.8,29.9,30.8,504,0
SEL,60,20250124,100000,30.1,30.7,30,30.7,9,0
SEL,60,20250124,110000,30.7,30.7,30.7,30.7,3,0
SEL,60,20250124,120000,30.7,31.4,30.7,31.4,280,0
SEL,60,20250124,130000,31.2,31.2,31,31,107,0
SEL,60,20250124,140000,31,31,31,31,13,0
SEL,60,20250124,150000,31,31,31,31,254,0
SEL,60,20250124,160000,31,31,31,31,149,0
SEL,60,20250124,170000,31.4,31.8,31.4,31.8,201,0
SEL,60,20250127,100000,31.5,31.5,31.5,31.5,40,0
SEL,60,20250127,110000,31.5,31.5,31.5,31.5,3,0
SEL,60,20250127,120000,31.2,31.5,31.2,31.5,2,0
SEL,60,20250127,140000,31.2,31.2,30.3,31,43,0
SEL,60,20250127,150000,30.8,31.4,30.8,31.4,98,0
SEL,60,20250127,160000,31.5,31.5,31.5,31.5,6,0
SEL,60,20250127,170000,31.5,31.5,31.5,31.5,174,0
SEL,60,20250128,100000,31.6,31.7,31.5,31.7,357,0
SEL,60,20250128,110000,31.6,31.7,31.5,31.7,119,0
SEL,60,20250128,120000,31.7,31.8,31.7,31.8,159,0
SEL,60,20250128,130000,31.5,31.8,31.5,31.8,164,0
SEL,60,20250128,140000,31.8,32.2,31.8,32.2,469,0
SEL,60,20250128,150000,32,32,32,32,150,0
SEL,60,20250128,160000,31.2,32.5,31.2,32.5,61,0
SEL,60,20250129,110000,31.2,32.3,31.1,32.1,145,0
SEL,60,20250129,130000,31.9,32.5,31.9,32.5,336,0
SEL,60,20250129,140000,32.5,33,31.7,33,240,0
SEL,60,20250129,150000,32.9,32.9,32.9,32.9,150,0
SEL,60,20250129,160000,32.1,32.9,32.1,32.9,39,0
SEL,60,20250129,170000,32.9,33.4,32.2,33,395,0
SEL,60,20250130,100000,33.3,33.5,33,33.1,196,0
SEL,60,20250130,110000,33,33,33,33,16,0
SEL,60,20250130,120000,33,33,33,33,48,0
SEL,60,20250130,130000,33,33,32.8,32.8,46,0
SEL,60,20250130,160000,32.3,32.3,32.2,32.2,54,0
SEL,60,20250130,170000,32.3,32.3,32.3,32.3,70,0
SEL,60,20250131,100000,32.6,32.7,32.6,32.7,95,0
SEL,60,20250131,110000,32.7,32.8,31.8,32.8,23,0
SEL,60,20250131,130000,31.6,32.8,31.6,32.7,61,0
SEL,60,20250131,140000,32.7,32.8,32,32.8,5034,0
SEL,60,20250131,170000,32.8,32.8,32.2,32.2,4,0
SEL,60,20250203,100000,32,33.3,32,33.1,3307,0
SEL,60,20250203,110000,33.3,33.3,33.1,33.1,78,0
SEL,60,20250203,120000,33.1,33.1,32.5,32.5,406,0
SEL,60,20250203,130000,33.3,33.7,33.3,33.7,1581,0
SEL,60,20250203,140000,33.7,34.4,33.7,34,506,0
SEL,60,20250203,150000,34,34.4,34,34.4,671,0
SEL,60,20250203,160000,33,34,33,33,270,0
SEL,60,20250203,170000,33.8,34.1,33.8,34,513,0
SEL,60,20250204,100000,34.3,34.3,34,34.3,476,0
SEL,60,20250204,130000,34.2,34.2,34.2,34.2,5,0
SEL,60,20250204,160000,34,34,34,34,46,0
SEL,60,20250205,100000,34,34.1,34,34,185,0
SEL,60,20250205,110000,34,34,34,34,300,0
SEL,60,20250205,120000,34.1,34.2,34.1,34.2,75,0
SEL,60,20250205,150000,33.6,34.1,33.6,34.1,223,0
SEL,60,20250205,160000,33.5,33.5,33.5,33.5,5,0
SEL,60,20250206,100000,34,34.3,34,34,251,0
SEL,60,20250206,110000,34,34.2,34,34.2,75,0
SEL,60,20250206,120000,34.1,34.1,34.1,34.1,7,0
SEL,60,20250206,140000,34.1,34.2,34,34,92,0
SEL,60,20250206,150000,34.1,34.2,34.1,34.1,378,0
SEL,60,20250207,100000,34.1,34.2,34.1,34.2,105,0
SEL,60,20250207,130000,34.1,34.7,34.1,34.7,484,0
SEL,60,20250207,150000,34.1,34.6,34.1,34.6,51,0
SEL,60,20250207,160000,34.6,34.6,34.6,34.6,100,0
SEL,60,20250207,170000,34.2,34.2,34.1,34.1,76,0
SEL,60,20250210,100000,34.1,34.4,33.4,34.4,885,0
SEL,60,20250210,110000,34.4,34.5,34.2,34.2,176,0
SEL,60,20250210,120000,34.2,34.2,34.2,34.2,36,0
SEL,60,20250210,130000,34.2,34.8,34.2,34.8,360,0
SEL,60,20250210,140000,34.6,34.6,34.2,34.2,309,0
SEL,60,20250210,150000,34.2,34.6,34.2,34.6,80,0
SEL,60,20250211,100000,34.8,34.8,34.6,34.6,65,0
SEL,60,20250211,110000,34.4,34.8,34.4,34.4,47,0
SEL,60,20250211,120000,34.6,34.6,34.6,34.6,20,0
SEL,60,20250211,140000,34.6,34.6,34.6,34.6,40,0
SEL,60,20250211,150000,34.5,34.6,34.4,34.4,190,0
SEL,60,20250211,160000,34.7,34.7,34.7,34.7,222,0
SEL,60,20250211,170000,34.7,34.7,34.4,34.7,250,0
SEL,60,20250212,100000,34.1,34.7,34.1,34.7,7,0
SEL,60,20250212,110000,34.7,34.7,33.8,34,1087,0
SEL,60,20250212,120000,34,34,33.6,34,107,0
SEL,60,20250212,130000,34,34,34,34,132,0
SEL,60,20250212,140000,34.2,34.3,34,34,716,0
SEL,60,20250212,150000,33.7,34.3,33.4,34.3,303,0
SEL,60,20250212,160000,34.3,34.3,34.3,34.3,56,0
SEL,60,20250212,170000,33.4,34.3,33.4,33.5,25,0
SEL,60,20250213,100000,34.3,34.5,34.2,34.3,1088,0
SEL,60,20250213,110000,34.3,34.3,34.3,34.3,2,0
SEL,60,20250213,120000,34.3,34.3,34,34,370,0
SEL,60,20250213,130000,34,34.3,34,34.3,419,0
SEL,60,20250213,140000,34.1,34.3,33.9,33.9,967,0
SEL,60,20250213,150000,33.9,33.9,33.9,33.9,40,0
SEL,60,20250213,160000,33.9,33.9,33.7,33.9,250,0
SEL,60,20250213,170000,33.6,33.6,33.5,33.5,201,0
SEL,60,20250214,100000,33.8,34.3,33.8,34.3,14,0
SEL,60,20250214,110000,33.9,34.3,33.5,34.3,102,0
SEL,60,20250214,120000,34.3,34.3,34.3,34.3,30,0
SEL,60,20250214,130000,34.3,34.7,34.3,34.7,2580,0
SEL,60,20250214,140000,34.8,34.8,34.8,34.8,15,0
SEL,60,20250214,150000,34.8,34.9,34.7,34.7,967,0
SEL,60,20250214,160000,34.9,35.9,34.7,35.4,1038,0
SEL,60,20250214,170000,35.1,35.9,33.5,35.9,258,0
SEL,60,20250217,100000,35.6,35.9,34.4,35.9,413,0
SEL,60,20250217,110000,35,35.8,35,35.8,7,0
SEL,60,20250217,120000,35.7,35.7,35.6,35.6,204,0
SEL,60,20250217,130000,35.5,35.6,35,35.6,148,0
SEL,60,20250217,140000,35.1,35.6,35,35.6,251,0
SEL,60,20250217,150000,35.6,35.6,35.6,35.6,1,0
SEL,60,20250217,160000,35.6,35.6,35.4,35.4,242,0
SEL,60,20250217,170000,35.1,35.4,35,35.4,197,0
SEL,60,20250218,100000,35.8,35.8,35,35.5,17571,0
SEL,60,20250218,110000,35.5,35.5,35.5,35.5,2,0
SEL,60,20250218,130000,35,35.5,35,35.4,332,0
SEL,60,20250218,140000,35,35.8,35,35.8,449,0
SEL,60,20250218,160000,35.8,35.8,35.1,35.7,113,0
SEL,60,20250218,170000,34.7,34.7,34.7,34.7,2,0
SEL,60,20250219,100000,34.6,35.5,34.6,35.5,4170,0
SEL,60,20250219,110000,35,35.2,35,35.2,10382,0
SEL,60,20250219,120000,35.2,35.4,35,35,204,0
SEL,60,20250219,130000,35,35,35,35,10336,0
SEL,60,20250219,140000,35,35,35,35,71,0
SEL,60,20250219,150000,34.7,34.7,34.7,34.7,88,0
SEL,60,20250219,160000,35,35,35,35,80,0
SEL,60,20250219,170000,35,35,34.6,34.6,233,0
SEL,60,20250220,100000,34.6,34.8,34.6,34.6,101,0
SEL,60,20250220,110000,34.6,34.6,34.6,34.6,73,0
SEL,60,20250220,120000,34.3,34.3,34,34,419,0
SEL,60,20250220,130000,34.9,34.9,34.9,34.9,1,0
SEL,60,20250220,150000,34,34,34,34,106,0
SEL,60,20250220,160000,34,34.9,33.6,34.9,336,0
SEL,60,20250221,110000,34.9,35,34.9,35,12,0
SEL,60,20250221,120000,34.9,34.9,34.9,34.9,75,0
SEL,60,20250221,130000,34.9,34.9,34.9,34.9,493,0
SEL,60,20250221,140000,34.9,34.9,34.9,34.9,4,0
SEL,60,20250224,100000,34.1,34.1,33.6,34.1,721,0
SEL,60,20250224,110000,34.1,34.1,34.1,34.1,33,0
SEL,60,20250224,120000,34.1,34.1,34.1,34.1,10,0
SEL,60,20250224,130000,34,34,34,34,24,0
SEL,60,20250224,140000,34,34,34,34,10,0
SEL,60,20250224,150000,33.9,33.9,33.5,33.9,160,0
SEL,60,20250224,160000,33.9,34,33.6,34,35,0
SEL,60,20250224,170000,33.9,33.9,33.9,33.9,2,0
SEL,60,20250225,100000,33.9,33.9,33.9,33.9,24,0
SEL,60,20250225,110000,33.9,33.9,33.6,33.8,53,0
SEL,60,20250225,120000,33.8,33.9,33.8,33.9,3,0
SEL,60,20250225,130000,33.9,33.9,33.9,33.9,23,0
SEL,60,20250225,160000,34.2,34.2,34.2,34.2,50,0
SEL,60,20250225,170000,34.8,34.8,34.8,34.8,1,0
SEL,60,20250226,110000,34.6,34.6,34.6,34.6,4,0
SEL,60,20250226,130000,34.1,34.8,34.1,34.8,22,0
SEL,60,20250226,140000,34.8,34.8,34.8,34.8,1,0
SEL,60,20250226,160000,34.7,34.7,34.7,34.7,1,0
SEL,60,20250226,170000,34.6,34.8,34.5,34.8,418,0
SEL,60,20250227,100000,34.8,34.8,34.8,34.8,1,0
SEL,60,20250227,110000,34.2,34.2,34.2,34.2,1,0
SEL,60,20250227,130000,34.8,34.8,34.8,34.8,6,0
SEL,60,20250228,100000,34.2,34.7,34,34.7,235,0
SEL,60,20250228,110000,34,34.7,34,34.7,11,0
SEL,60,20250228,120000,34.4,34.4,34.4,34.4,100,0
SEL,60,20250228,130000,34.4,34.7,34.4,34.7,66,0
SEL,60,20250228,160000,34.4,34.4,33.7,34,64,0
SEL,60,20250303,100000,34.6,34.6,34.6,34.6,5,0
SEL,60,20250303,110000,34,34.5,33.2,34.3,346,0
SEL,60,20250303,120000,33.5,34.2,33.4,34.2,79,0
SEL,60,20250303,130000,34.2,34.2,34.2,34.2,303,0
SEL,60,20250303,150000,34,34,34,34,182,0
SEL,60,20250303,160000,34.3,34.3,34.3,34.3,1,0
SEL,60,20250303,170000,34,34.2,34,34.2,184,0
SEL,60,20250304,100000,33.6,34.1,33.6,34.1,4,0
SEL,60,20250304,110000,34.1,34.1,34.1,34.1,50,0
SEL,60,20250304,120000,33.6,33.6,33.6,33.6,50,0
SEL,60,20250304,130000,33.9,33.9,33.5,33.5,936,0
SEL,60,20250304,140000,33.3,34,33.3,34,18,0
SEL,60,20250304,150000,33.8,33.8,31.2,31.3,2138,0
SEL,60,20250304,160000,32,32.7,32,32,722,0
SEL,60,20250304,170000,31.8,31.8,31.8,31.8,267,0
SEL,60,20250305,100000,32.7,32.7,32.5,32.7,271,0
SEL,60,20250305,110000,32.7,33,32.7,32.7,203,0
SEL,60,20250305,130000,32.7,32.7,32.7,32.7,151,0
SEL,60,20250305,150000,32.5,32.7,32.5,32.7,7,0
SEL,60,20250306,100000,33,33,33,33,100,0
SEL,60,20250306,110000,33.2,33.2,33.2,33.2,3,0
SEL,60,20250306,120000,33.2,33.3,33.1,33.3,367,0
SEL,60,20250306,130000,33.3,33.5,33.3,33.5,31,0
SEL,60,20250306,160000,33.5,33.9,33.5,33.9,231,0
SEL,60,20250306,170000,33.8,33.9,33.7,33.7,54,0
SEL,60,20250307,100000,33.9,34.2,33.9,34.2,276,0
SEL,60,20250307,110000,34.5,34.5,34.5,34.5,1,0
SEL,60,20250307,120000,33.6,33.6,33.6,33.6,4,0
SEL,60,20250307,130000,34,34,34,34,19,0
SEL,60,20250307,160000,33.9,33.9,33.6,33.6,59,0
SEL,60,20250307,170000,33.3,33.6,33.3,33.6,32,0
SEL,60,20250310,100000,33.3,33.3,32.6,33.1,530,0
SEL,60,20250310,110000,33.6,33.6,32.8,32.8,15,0
SEL,60,20250310,120000,33.9,33.9,33.9,33.9,8,0
SEL,60,20250310,130000,34,34,33.7,33.7,25005,0
SEL,60,20250310,140000,33.7,34,33.7,33.7,2115,0
SEL,60,20250310,150000,33.8,33.8,33.6,33.8,4440,0
SEL,60,20250310,160000,33.8,33.8,33.6,33.6,49,0
SEL,60,20250310,170000,33.8,34.4,33.8,34.4,21,0
SEL,60,20250311,100000,34.2,34.7,34.2,34.7,471,0
SEL,60,20250311,110000,34.5,34.5,34.5,34.5,326,0
SEL,60,20250311,120000,34.5,34.6,34.5,34.6,497,0
SEL,60,20250311,130000,34.6,34.7,34.5,34.7,863,0
SEL,60,20250311,140000,34.7,34.7,34.7,34.7,3,0
SEL,60,20250311,160000,34.5,34.5,34.5,34.5,91,0
SEL,60,20250312,100000,34.1,34.6,34.1,34.5,76,0
SEL,60,20250312,110000,34.5,34.6,34.5,34.6,237,0
SEL,60,20250312,120000,34.5,34.5,34.5,34.5,244,0
SEL,60,20250312,130000,34.5,34.8,34.5,34.8,626,0
SEL,60,20250312,140000,34.5,35,34.5,35,510,0
SEL,60,20250312,170000,35,35,35,35,1,0
SEL,60,20250313,100000,35,35.4,35,35.4,76,0
SEL,60,20250313,110000,35.2,35.4,35.2,35.4,70,0
SEL,60,20250313,120000,35.4,35.4,35.4,35.4,3,0
SEL,60,20250313,140000,34.7,35.3,34.7,35.3,447,0
SEL,60,20250313,150000,35.3,35.3,35.3,35.3,40,0
SEL,60,20250313,160000,35.3,35.3,35.3,35.3,103,0
SEL,60,20250313,170000,35,35.3,34,35.3,102,0
SEL,60,20250314,110000,35,35.4,35,35.4,1785,0
SEL,60,20250314,120000,35.4,35.4,34.5,35.4,75,0
SEL,60,20250314,130000,35.4,35.5,35.4,35.5,67,0
SEL,60,20250314,160000,35.5,35.6,35.5,35.6,295,0
SEL,60,20250314,170000,35.5,35.6,35.5,35.6,9,0
SEL,60,20250317,100000,34.2,35.4,34.2,35.4,163,0
SEL,60,20250317,120000,35.4,35.4,34.8,34.8,5192,0
SEL,60,20250317,130000,34.8,35.3,34.8,35.3,4849,0
SEL,60,20250317,150000,35,35,35,35,67,0
SEL,60,20250317,160000,35.4,35.4,35.3,35.3,11,0
SEL,60,20250318,100000,35.5,35.5,35.5,35.5,21,0
SEL,60,20250318,130000,34.6,35.3,34.6,35.3,7,0
SEL,60,20250319,140000,35.3,35.4,34.4,34.4,296,0
SEL,60,20250319,150000,34.8,35.2,34.5,35.2,1101,0
SEL,60,20250319,160000,34.5,35.4,34.5,34.5,1427,0
SEL,60,20250319,170000,35.4,35.4,34.5,35.4,87,0
SEL,60,20250320,110000,35.4,35.4,35.4,35.4,129,0
SEL,60,20250320,120000,35.4,35.4,35.4,35.4,110,0
SEL,60,20250320,160000,34.5,35.3,34.5,35.3,2,0
SEL,60,20250324,100000,35.4,35.8,35.4,35.5,294,0
SEL,60,20250324,130000,35.5,35.5,35.5,35.5,122,0
SEL,60,20250324,140000,35.5,35.5,35.5,35.5,19,0
SEL,60,20250324,150000,34.7,35.6,34.6,35.6,87,0
SEL,60,20250324,160000,35.3,35.3,34.5,35.3,407,0
SEL,60,20250324,170000,35.5,35.5,35.5,35.5,1,0
SEL,60,20250325,110000,35.6,35.9,35.6,35.6,2988,0
SEL,60,20250325,150000,35.5,35.5,35.5,35.5,36,0
SEL,60,20250325,160000,35.3,35.8,35.3,35.8,35,0
SEL,60,20250326,100000,35.7,35.7,34.2,35.7,222,0
SEL,60,20250326,110000,34.3,35.7,34.2,35.7,261,0
SEL,60,20250326,120000,35.7,35.7,35.7,35.7,145,0
SEL,60,20250326,130000,35.7,35.9,35.7,35.9,3000,0
SEL,60,20250326,150000,35.7,35.7,35.7,35.7,3,0
SEL,60,20250326,160000,35.7,35.7,35.7,35.7,1,0
SEL,60,20250326,170000,35.2,35.9,35.1,35.9,704,0
SEL,60,20250327,100000,35,35,35,35,500,0
SEL,60,20250327,120000,35,35,35,35,115,0
SEL,60,20250327,150000,35.2,35.2,35.2,35.2,50,0
SEL,60,20250327,160000,35.7,35.7,35.2,35.2,165,0
SEL,60,20250327,170000,35.8,35.8,35,35,279,0
SEL,60,20250328,100000,35,35,34.6,35,670,0
SEL,60,20250328,120000,35.3,35.3,35,35,150,0
SEL,60,20250328,140000,35,35,35,35,46,0
SEL,60,20250328,160000,35,35,35,35,1413,0
SEL,60,20250328,170000,35.3,35.3,35.3,35.3,1000,0
SEL,60,20250331,100000,36,36,33.6,33.6,916,0
SEL,60,20250331,120000,34.3,34.7,34.3,34.7,346,0
SEL,60,20250331,130000,34.6,34.6,34.6,34.6,60,0
SEL,60,20250331,140000,34.1,34.2,34.1,34.2,204,0
SEL,60,20250331,150000,34,34,34,34,355,0
SEL,60,20250331,160000,34.2,34.4,34,34.4,389,0
SEL,60,20250331,170000,34,34.4,34,34.4,111,0
SEL,60,20250401,100000,34.1,34.9,34.1,34.9,111,0
SEL,60,20250401,110000,34.9,34.9,34.9,34.9,80,0
SEL,60,20250401,120000,34.9,35.3,34.9,35.3,731,0
SEL,60,20250401,140000,35,35,35,35,1,0
SEL,60,20250401,160000,35.3,35.7,35.3,35.7,354,0
SEL,60,20250401,170000,35.4,35.7,35,35.7,686,0
SEL,60,20250402,100000,35.7,35.7,35.7,35.7,269,0
SEL,60,20250402,110000,35.7,35.7,35.7,35.7,100,0
SEL,60,20250402,120000,35.7,35.8,35.7,35.8,976,0
SEL,60,20250402,130000,35.7,35.7,35.7,35.7,335,0
SEL,60,20250402,140000,35.5,35.5,35.5,35.5,9,0
SEL,60,20250402,170000,35.8,35.9,35.8,35.9,106,0
SEL,60,20250403,100000,35.6,36.1,35.1,35.7,573,0
SEL,60,20250403,110000,36,36,36,36,1,0
SEL,60,20250403,130000,35.7,35.7,35.7,35.7,100,0
SEL,60,20250403,140000,35.8,36,35.5,35.7,635,0
SEL,60,20250403,150000,35.5,35.7,35.5,35.7,900,0
SEL,60,20250403,160000,35.7,36.1,35.7,35.7,729,0
SEL,60,20250403,170000,36,36,36,36,89,0
SEL,60,20250404,100000,35.4,35.4,35.1,35.1,170,0
SEL,60,20250404,120000,35.1,35.1,34.8,34.8,150,0
SEL,60,20250404,130000,34.6,34.6,34.4,34.4,243,0
SEL,60,20250404,140000,35.4,35.4,35.4,35.4,1,0
SEL,60,20250404,150000,34.6,34.6,34.6,34.6,58,0
SEL,60,20250404,160000,34.4,34.4,34.2,34.2,836,0
SEL,60,20250404,170000,34.2,34.2,34.2,34.2,5,0
SEL,60,20250407,100000,34,34,31.6,32,1260,0
SEL,60,20250407,110000,33,33,32,32,893,0
SEL,60,20250407,120000,33.6,33.6,32.9,32.9,212,0
SEL,60,20250407,130000,33.9,33.9,33.9,33.9,4,0
SEL,60,20250407,170000,33.9,33.9,33.9,33.9,200,0
SEL,60,20250408,100000,34,34,33.2,33.2,6,0
SEL,60,20250408,110000,33.9,33.9,33.9,33.9,105,0
SEL,60,20250408,120000,33.9,33.9,33.9,33.9,14,0
SEL,60,20250408,140000,33,33,33,33,70,0
SEL,60,20250408,160000,33,33,33,33,21,0
SEL,60,20250408,170000,33.2,33.8,33.2,33.8,41,0
SEL,60,20250409,160000,32.5,32.5,32.5,32.5,11,0
SEL,60,20250409,170000,32.2,32.2,32.2,32.2,103,0
SEL,60,20250410,100000,33.5,33.6,33.5,33.6,285,0
SEL,60,20250410,120000,32.6,33.6,31.8,33.6,61,0
SEL,60,20250410,140000,33.5,33.5,31.8,33.5,54,0
SEL,60,20250410,150000,33.5,33.5,33.5,33.5,1,0
SEL,60,20250411,100000,33.6,33.6,33.6,33.6,29,0
SEL,60,20250411,110000,33.6,33.6,33.6,33.6,150,0
SEL,60,20250411,130000,33.5,33.8,33.5,33.8,672,0
SEL,60,20250411,170000,33.4,33.4,32.5,32.5,174,0
SEL,60,20250414,150000,32.8,32.8,32.8,32.8,100,0
SEL,60,20250415,110000,32.8,32.8,32.8,32.8,42,0
SEL,60,20250415,120000,33.5,33.5,32.7,32.7,25,0
SEL,60,20250415,170000,32.6,32.6,32.6,32.6,200,0
SEL,60,20250416,100000,33.1,33.1,33.1,33.1,109,0
SEL,60,20250416,140000,33,33,33,33,150,0
SEL,60,20250416,160000,34,34,34,34,1,0
SEL,60,20250417,100000,35,36,34.2,34.2,1041,0
SEL,60,20250417,110000,35,35.5,35,35.5,369,0
SEL,60,20250417,120000,35.5,36,35.4,35.8,145,0
SEL,60,20250417,130000,35.8,35.8,34,34,1823,0
SEL,60,20250417,140000,33.9,34.9,33.9,34.9,244,0
SEL,60,20250417,150000,34.9,34.9,34.9,34.9,91,0
SEL,60,20250417,160000,35,35.1,35,35.1,3066,0
SEL,60,20250422,100000,35.2,35.8,35.1,35.1,649,0
SEL,60,20250422,120000,35.2,35.2,35.2,35.2,52,0
SEL,60,20250422,130000,35.2,35.5,35.2,35.5,64,0
SEL,60,20250422,140000,35.5,35.6,35.5,35.6,101,0
SEL,60,20250422,150000,35.6,35.6,35.6,35.6,64,0
SEL,60,20250422,160000,35.6,35.6,35.6,35.6,57,0
SEL,60,20250422,170000,35.5,35.6,35.5,35.6,108,0
SEL,60,20250423,100000,35.8,36,35.8,35.8,65,0
SEL,60,20250423,110000,35.9,35.9,35.6,35.6,20,0
SEL,60,20250423,120000,35.6,35.6,35.6,35.6,274,0
SEL,60,20250423,130000,35.8,35.8,35.8,35.8,3,0
SEL,60,20250423,140000,35.7,35.7,35.7,35.7,30,0
SEL,60,20250423,160000,35.7,35.7,35.7,35.7,82,0
SEL,60,20250423,170000,35.7,35.7,35.7,35.7,110,0
SEL,60,20250424,100000,35.8,35.8,34.8,35.7,289,0
SEL,60,20250424,120000,35.7,35.7,35.7,35.7,606,0
SEL,60,20250424,130000,35.8,36.1,35.8,36.1,986,0
SEL,60,20250424,140000,36.1,36.1,36.1,36.1,90,0
SEL,60,20250424,150000,36.1,36.2,35.5,36,2482,0
SEL,60,20250424,160000,36,36.2,36,36.2,1010,0
SEL,60,20250424,170000,35.5,35.5,35.5,35.5,4,0
SEL,60,20250425,100000,36.2,36.2,35.9,36.1,430,0
SEL,60,20250425,110000,36.2,36.2,35.5,36.1,184,0
SEL,60,20250425,130000,35.5,35.5,35.5,35.5,10,0
SEL,60,20250425,140000,36.2,36.2,35.5,35.5,101,0
SEL,60,20250425,150000,35.5,35.5,35.5,35.5,11,0
SEL,60,20250425,160000,36.2,36.2,36.2,36.2,15,0
SEL,60,20250425,170000,36.1,37.5,36.1,37.4,1977,0
SEL,60,20250428,100000,37.4,38.3,37.1,37.1,644,0
SEL,60,20250428,110000,38.3,38.3,37.7,37.7,65,0
SEL,60,20250428,120000,38.1,38.1,37.7,38,87,0
SEL,60,20250428,130000,38,38.3,37.9,37.9,357,0
SEL,60,20250428,140000,37.9,38.1,37.7,38.1,539,0
SEL,60,20250428,150000,37.7,37.7,37.7,37.7,22,0
SEL,60,20250428,160000,38,38,38,38,67,0
SEL,60,20250429,100000,38,38,38,38,82,0
SEL,60,20250429,110000,37.8,37.8,37.8,37.8,51,0
SEL,60,20250429,120000,37.2,38,37.2,38,39,0
SEL,60,20250429,130000,37.2,37.2,37.2,37.2,40,0
SEL,60,20250429,140000,37.2,37.2,37.1,37.2,39,0
SEL,60,20250429,150000,37.6,38,37.6,38,40,0
SEL,60,20250429,160000,38,38,38,38,3,0
SEL,60,20250430,100000,37.2,38,37.2,38,104,0
SEL,60,20250430,110000,37.4,37.4,37.4,37.4,2,0
SEL,60,20250430,120000,37.4,37.6,37.2,37.6,24,0
SEL,60,20250430,160000,37.9,37.9,37.6,37.6,3,0
SEL,60,20250430,170000,37.9,37.9,37.9,37.9,1,0
SEL,60,20250502,100000,37.4,37.5,37.1,37.3,2625,0
SEL,60,20250502,110000,37.1,37.1,37,37.1,1747,0
SEL,60,20250502,120000,37.3,37.4,37.3,37.4,187,0
SEL,60,20250502,130000,37.4,38,37.4,37.6,1935,0
SEL,60,20250502,140000,38,38.1,37.4,37.4,1616,0
SEL,60,20250502,150000,37.4,38.1,37.4,38.1,21,0
SEL,60,20250502,160000,37.9,38.2,37.9,38.2,1044,0
SEL,60,20250502,170000,38.2,38.2,38.2,38.2,1,0
SEL,60,20250505,100000,38.1,38.4,37.5,38.4,951,0
SEL,60,20250505,120000,38.2,38.2,38,38,335,0
SEL,60,20250505,130000,37.6,38,37.2,37.2,1204,0
SEL,60,20250505,140000,37.6,37.6,37.6,37.6,105,0
SEL,60,20250505,150000,37.6,37.6,37.6,37.6,80,0
SEL,60,20250505,160000,37.6,37.6,37,37.5,460,0
SEL,60,20250505,170000,37.5,37.5,36.9,37.4,255,0
SEL,60,20250506,100000,37.7,37.7,37.6,37.6,158,0
SEL,60,20250506,110000,37.6,38,37,38,276,0
SEL,60,20250506,120000,37.6,37.6,37.6,37.6,10,0
SEL,60,20250506,130000,37,38,36.8,38,593,0
SEL,60,20250506,140000,38,38,38,38,8,0
SEL,60,20250506,160000,37.9,37.9,37.9,37.9,50,0
SEL,60,20250506,170000,37.5,37.5,37.5,37.5,1,0
