<TICKER>,<PER>,<DATE>,<TIME>,<OPEN>,<HIGH>,<LOW>,<CLOSE>,<VOL>,<OPENINT>
SFS,60,20240411,100000,0.76,0.76,0.736,0.74,21278,0
SFS,60,20240411,110000,0.733,0.754,0.726,0.754,27284,0
SFS,60,20240411,130000,0.736,0.745,0.728,0.745,6247,0
SFS,60,20240411,150000,0.743,0.744,0.736,0.736,6532,0
SFS,60,20240411,160000,0.736,0.75,0.736,0.75,11995,0
SFS,60,20240411,170000,0.75,0.754,0.75,0.754,6560,0
SFS,60,20240412,100000,0.73,0.73,0.73,0.73,24,0
SFS,60,20240412,110000,0.731,0.731,0.731,0.731,2700,0
SFS,60,20240412,120000,0.731,0.731,0.731,0.731,1700,0
SFS,60,20240412,130000,0.731,0.746,0.731,0.746,2000,0
SFS,60,20240412,140000,0.746,0.746,0.727,0.727,2187,0
SFS,60,20240412,150000,0.727,0.746,0.72,0.723,6313,0
SFS,60,20240412,160000,0.727,0.727,0.72,0.72,15463,0
SFS,60,20240412,170000,0.736,0.738,0.721,0.735,4271,0
SFS,60,20240415,100000,0.734,0.736,0.734,0.736,11200,0
SFS,60,20240415,110000,0.731,0.77,0.731,0.768,22294,0
SFS,60,20240415,120000,0.769,0.769,0.769,0.769,13000,0
SFS,60,20240415,130000,0.746,0.746,0.746,0.746,2000,0
SFS,60,20240415,140000,0.762,0.763,0.762,0.763,899,0
SFS,60,20240415,170000,0.758,0.762,0.758,0.762,3220,0
SFS,60,20240416,100000,0.762,0.762,0.72,0.757,4050,0
SFS,60,20240416,110000,0.726,0.757,0.723,0.757,7496,0
SFS,60,20240416,120000,0.757,0.757,0.757,0.757,419,0
SFS,60,20240416,130000,0.727,0.727,0.727,0.727,10,0
SFS,60,20240416,140000,0.758,0.769,0.758,0.769,17481,0
SFS,60,20240416,160000,0.769,0.769,0.769,0.769,95,0
SFS,60,20240416,170000,0.77,0.77,0.737,0.77,2110,0
SFS,60,20240417,120000,0.763,0.763,0.752,0.752,5729,0
SFS,60,20240417,140000,0.762,0.78,0.762,0.78,131235,0
SFS,60,20240417,150000,0.778,0.78,0.778,0.78,51063,0
SFS,60,20240417,160000,0.78,0.799,0.762,0.797,39895,0
SFS,60,20240417,170000,0.79,0.79,0.789,0.79,13450,0
SFS,60,20240418,100000,0.796,0.796,0.79,0.79,1505,0
SFS,60,20240418,110000,0.79,0.79,0.768,0.776,32372,0
SFS,60,20240418,120000,0.77,0.772,0.742,0.772,22422,0
SFS,60,20240418,140000,0.774,0.778,0.73,0.73,10228,0
SFS,60,20240418,150000,0.732,0.757,0.732,0.74,1340,0
SFS,60,20240418,160000,0.743,0.763,0.743,0.763,188,0
SFS,60,20240418,170000,0.75,0.75,0.75,0.75,1200,0
SFS,60,20240419,100000,0.75,0.76,0.75,0.76,7700,0
SFS,60,20240419,110000,0.751,0.764,0.751,0.76,5200,0
SFS,60,20240419,120000,0.76,0.768,0.76,0.768,4990,0
SFS,60,20240419,130000,0.76,0.768,0.755,0.768,1459,0
SFS,60,20240419,140000,0.755,0.755,0.75,0.75,10000,0
SFS,60,20240419,150000,0.759,0.759,0.759,0.759,1000,0
SFS,60,20240419,160000,0.752,0.752,0.752,0.752,3989,0
SFS,60,20240419,170000,0.75,0.758,0.748,0.758,6699,0
SFS,60,20240422,100000,0.758,0.758,0.722,0.742,12179,0
SFS,60,20240422,110000,0.728,0.728,0.724,0.724,3164,0
SFS,60,20240422,120000,0.74,0.74,0.74,0.74,927,0
SFS,60,20240422,140000,0.728,0.728,0.726,0.726,1027,0
SFS,60,20240422,150000,0.74,0.74,0.74,0.74,5,0
SFS,60,20240422,170000,0.74,0.748,0.73,0.73,2571,0
SFS,60,20240423,100000,0.75,0.754,0.722,0.722,12878,0
SFS,60,20240423,130000,0.726,0.726,0.726,0.726,200,0
SFS,60,20240423,140000,0.734,0.744,0.734,0.744,12000,0
SFS,60,20240423,150000,0.744,0.749,0.744,0.749,2735,0
SFS,60,20240423,160000,0.748,0.748,0.748,0.748,100,0
SFS,60,20240423,170000,0.748,0.748,0.748,0.748,393,0
SFS,60,20240424,100000,0.748,0.748,0.748,0.748,5,0
SFS,60,20240424,110000,0.746,0.746,0.746,0.746,28,0
SFS,60,20240424,120000,0.732,0.746,0.731,0.746,8327,0
SFS,60,20240424,130000,0.731,0.731,0.72,0.72,21550,0
SFS,60,20240424,140000,0.72,0.748,0.72,0.747,589,0
SFS,60,20240424,160000,0.723,0.723,0.722,0.722,3032,0
SFS,60,20240424,170000,0.722,0.744,0.722,0.742,1638,0
SFS,60,20240425,100000,0.723,0.723,0.722,0.722,312,0
SFS,60,20240425,110000,0.722,0.722,0.672,0.718,30451,0
SFS,60,20240425,120000,0.71,0.73,0.71,0.73,7151,0
SFS,60,20240425,140000,0.734,0.74,0.73,0.73,11698,0
SFS,60,20240425,170000,0.738,0.738,0.738,0.738,1419,0
SFS,60,20240426,100000,0.739,0.74,0.739,0.74,2000,0
SFS,60,20240426,120000,0.73,0.73,0.73,0.73,200,0
SFS,60,20240426,130000,0.72,0.72,0.712,0.712,3350,0
SFS,60,20240426,140000,0.72,0.72,0.72,0.72,678,0
SFS,60,20240426,160000,0.712,0.72,0.674,0.72,50006,0
SFS,60,20240426,170000,0.718,0.718,0.718,0.718,10,0
SFS,60,20240429,100000,0.69,0.69,0.673,0.69,41623,0
SFS,60,20240429,110000,0.7,0.718,0.684,0.718,21044,0
SFS,60,20240429,120000,0.716,0.716,0.709,0.71,5382,0
SFS,60,20240429,130000,0.708,0.708,0.708,0.708,7060,0
SFS,60,20240429,160000,0.691,0.706,0.69,0.694,10666,0
SFS,60,20240429,170000,0.704,0.72,0.68,0.707,47378,0
SFS,60,20240430,100000,0.71,0.71,0.68,0.69,5646,0
SFS,60,20240430,110000,0.69,0.717,0.69,0.717,3060,0
SFS,60,20240430,120000,0.7,0.7,0.7,0.7,899,0
SFS,60,20240430,130000,0.707,0.707,0.707,0.707,3000,0
SFS,60,20240430,140000,0.707,0.707,0.707,0.707,29,0
SFS,60,20240430,170000,0.705,0.728,0.705,0.728,21474,0
SFS,60,20240502,110000,0.722,0.722,0.708,0.708,8800,0
SFS,60,20240502,140000,0.71,0.71,0.71,0.71,2000,0
SFS,60,20240502,160000,0.71,0.71,0.71,0.71,29,0
SFS,60,20240502,170000,0.71,0.71,0.71,0.71,1637,0
SFS,60,20240506,100000,0.709,0.709,0.684,0.684,28200,0
SFS,60,20240506,110000,0.72,0.72,0.72,0.72,5,0
SFS,60,20240506,130000,0.72,0.72,0.72,0.72,570,0
SFS,60,20240506,150000,0.716,0.718,0.716,0.718,9175,0
SFS,60,20240506,170000,0.7,0.72,0.689,0.72,304,0
SFS,60,20240507,110000,0.701,0.72,0.7,0.72,5935,0
SFS,60,20240507,130000,0.72,0.72,0.691,0.691,10500,0
SFS,60,20240507,140000,0.719,0.72,0.719,0.72,1000,0
SFS,60,20240507,150000,0.72,0.72,0.72,0.72,1000,0
SFS,60,20240508,100000,0.695,0.695,0.695,0.695,501,0
SFS,60,20240508,110000,0.717,0.718,0.7,0.7,7116,0
SFS,60,20240508,120000,0.715,0.72,0.715,0.72,40691,0
SFS,60,20240508,140000,0.72,0.738,0.72,0.738,28012,0
SFS,60,20240508,150000,0.721,0.721,0.701,0.701,5000,0
SFS,60,20240508,170000,0.701,0.72,0.7,0.72,11320,0
SFS,60,20240509,110000,0.719,0.722,0.71,0.722,14858,0
SFS,60,20240509,120000,0.72,0.732,0.72,0.724,8098,0
SFS,60,20240509,140000,0.714,0.716,0.714,0.716,3266,0
SFS,60,20240509,150000,0.724,0.724,0.724,0.724,20,0
SFS,60,20240509,160000,0.724,0.729,0.714,0.714,2920,0
SFS,60,20240509,170000,0.72,0.72,0.72,0.72,2345,0
SFS,60,20240510,100000,0.729,0.729,0.729,0.729,327,0
SFS,60,20240510,110000,0.72,0.72,0.72,0.72,270,0
SFS,60,20240510,130000,0.72,0.729,0.709,0.709,13608,0
SFS,60,20240510,140000,0.728,0.728,0.712,0.712,205,0
SFS,60,20240510,170000,0.727,0.727,0.713,0.713,6,0
SFS,60,20240513,100000,0.727,0.727,0.727,0.727,200,0
SFS,60,20240513,110000,0.727,0.74,0.727,0.74,9038,0
SFS,60,20240513,120000,0.738,0.738,0.738,0.738,1000,0
SFS,60,20240513,130000,0.74,0.74,0.717,0.73,8940,0
SFS,60,20240513,140000,0.73,0.734,0.71,0.734,8905,0
SFS,60,20240513,160000,0.724,0.732,0.724,0.732,3500,0
SFS,60,20240513,170000,0.733,0.74,0.73,0.74,21452,0
SFS,60,20240514,100000,0.74,0.749,0.74,0.748,19414,0
SFS,60,20240514,110000,0.743,0.743,0.72,0.72,19416,0
SFS,60,20240514,120000,0.73,0.73,0.73,0.73,200,0
SFS,60,20240514,130000,0.73,0.73,0.73,0.73,500,0
SFS,60,20240514,140000,0.73,0.73,0.73,0.73,28,0
SFS,60,20240514,150000,0.73,0.73,0.73,0.73,550,0
SFS,60,20240514,160000,0.725,0.725,0.725,0.725,863,0
SFS,60,20240514,170000,0.725,0.744,0.725,0.727,19545,0
SFS,60,20240515,100000,0.742,0.748,0.74,0.748,6900,0
SFS,60,20240515,110000,0.74,0.74,0.74,0.74,750,0
SFS,60,20240515,120000,0.74,0.747,0.74,0.74,9988,0
SFS,60,20240515,130000,0.735,0.749,0.735,0.749,6400,0
SFS,60,20240515,140000,0.746,0.746,0.746,0.746,4000,0
SFS,60,20240515,150000,0.733,0.74,0.728,0.728,20000,0
SFS,60,20240515,160000,0.73,0.742,0.692,0.693,67860,0
SFS,60,20240515,170000,0.722,0.724,0.7,0.724,14145,0
SFS,60,20240516,100000,0.715,0.733,0.715,0.733,2005,0
SFS,60,20240516,120000,0.729,0.73,0.729,0.73,1365,0
SFS,60,20240516,140000,0.715,0.715,0.715,0.715,41,0
SFS,60,20240516,150000,0.73,0.73,0.73,0.73,100,0
SFS,60,20240516,160000,0.716,0.716,0.715,0.716,3191,0
SFS,60,20240516,170000,0.716,0.726,0.716,0.726,205,0
SFS,60,20240517,100000,0.726,0.749,0.719,0.73,96125,0
SFS,60,20240517,110000,0.73,0.73,0.73,0.73,17,0
SFS,60,20240517,120000,0.73,0.73,0.723,0.723,332,0
SFS,60,20240517,130000,0.73,0.748,0.73,0.748,270,0
SFS,60,20240517,140000,0.731,0.731,0.73,0.73,1611,0
SFS,60,20240517,150000,0.73,0.746,0.73,0.746,17057,0
SFS,60,20240517,160000,0.74,0.74,0.73,0.73,6614,0
SFS,60,20240517,170000,0.74,0.748,0.74,0.748,13202,0
SFS,60,20240520,100000,0.747,0.748,0.747,0.748,38990,0
SFS,60,20240520,110000,0.738,0.738,0.736,0.736,4000,0
SFS,60,20240520,120000,0.746,0.748,0.746,0.748,5258,0
SFS,60,20240520,130000,0.746,0.746,0.746,0.746,132,0
SFS,60,20240520,140000,0.746,0.748,0.746,0.748,1115,0
SFS,60,20240520,160000,0.746,0.746,0.746,0.746,225,0
SFS,60,20240520,170000,0.748,0.748,0.748,0.748,15000,0
SFS,60,20240521,100000,0.746,0.748,0.746,0.748,4700,0
SFS,60,20240521,110000,0.746,0.746,0.745,0.745,3500,0
SFS,60,20240521,120000,0.748,0.748,0.748,0.748,1000,0
SFS,60,20240521,150000,0.746,0.748,0.746,0.748,2805,0
SFS,60,20240521,160000,0.748,0.748,0.748,0.748,1000,0
SFS,60,20240521,170000,0.748,0.748,0.748,0.748,2290,0
SFS,60,20240522,100000,0.736,0.74,0.736,0.736,11618,0
SFS,60,20240522,110000,0.736,0.74,0.736,0.74,6703,0
SFS,60,20240522,120000,0.74,0.74,0.74,0.74,14,0
SFS,60,20240522,130000,0.734,0.74,0.734,0.74,1000,0
SFS,60,20240522,170000,0.724,0.738,0.723,0.738,1439,0
SFS,60,20240523,100000,0.739,0.74,0.739,0.74,2000,0
SFS,60,20240523,110000,0.74,0.74,0.729,0.729,18551,0
SFS,60,20240523,120000,0.729,0.739,0.729,0.739,49,0
SFS,60,20240523,130000,0.739,0.748,0.739,0.748,22410,0
SFS,60,20240523,150000,0.748,0.748,0.748,0.748,3040,0
SFS,60,20240523,170000,0.748,0.748,0.748,0.748,750,0
SFS,60,20240524,100000,0.748,0.748,0.724,0.746,8368,0
SFS,60,20240524,110000,0.746,0.746,0.746,0.746,44,0
SFS,60,20240524,120000,0.73,0.73,0.73,0.73,1000,0
SFS,60,20240524,170000,0.74,0.745,0.74,0.745,4000,0
SFS,60,20240527,100000,0.748,0.748,0.747,0.748,3043,0
SFS,60,20240527,110000,0.748,0.748,0.73,0.73,7289,0
SFS,60,20240527,120000,0.746,0.748,0.746,0.748,2770,0
SFS,60,20240527,150000,0.748,0.748,0.724,0.747,3626,0
SFS,60,20240527,170000,0.727,0.746,0.727,0.746,2350,0
SFS,60,20240528,100000,0.746,0.748,0.746,0.748,4100,0
SFS,60,20240528,110000,0.732,0.748,0.732,0.748,35831,0
SFS,60,20240528,120000,0.736,0.74,0.736,0.74,5108,0
SFS,60,20240528,130000,0.73,0.73,0.73,0.73,1240,0
SFS,60,20240528,170000,0.735,0.748,0.735,0.748,21201,0
SFS,60,20240529,100000,0.748,0.748,0.729,0.73,35254,0
SFS,60,20240529,120000,0.733,0.733,0.733,0.733,2376,0
SFS,60,20240529,130000,0.731,0.735,0.73,0.735,10845,0
SFS,60,20240529,150000,0.73,0.73,0.729,0.729,7978,0
SFS,60,20240529,170000,0.738,0.738,0.738,0.738,500,0
SFS,60,20240531,100000,0.748,0.748,0.74,0.748,44365,0
SFS,60,20240531,110000,0.748,0.748,0.748,0.748,4000,0
SFS,60,20240531,120000,0.746,0.748,0.746,0.748,1485,0
SFS,60,20240531,140000,0.748,0.748,0.74,0.748,18189,0
SFS,60,20240531,150000,0.738,0.738,0.738,0.738,17,0
SFS,60,20240531,160000,0.747,0.747,0.747,0.747,6,0
SFS,60,20240603,100000,0.749,0.75,0.741,0.741,18595,0
SFS,60,20240603,110000,0.745,0.745,0.738,0.738,15182,0
SFS,60,20240603,120000,0.731,0.74,0.696,0.74,23820,0
SFS,60,20240603,140000,0.727,0.737,0.702,0.737,1730,0
SFS,60,20240603,160000,0.736,0.736,0.736,0.736,150,0
SFS,60,20240603,170000,0.735,0.736,0.735,0.736,290,0
SFS,60,20240604,100000,0.736,0.737,0.736,0.736,2028,0
SFS,60,20240604,110000,0.736,0.736,0.725,0.725,2790,0
SFS,60,20240604,130000,0.735,0.736,0.735,0.736,170,0
SFS,60,20240604,150000,0.726,0.726,0.726,0.726,48,0
SFS,60,20240604,160000,0.725,0.725,0.724,0.724,878,0
SFS,60,20240604,170000,0.73,0.73,0.73,0.73,1801,0
SFS,60,20240605,100000,0.705,0.734,0.705,0.734,2499,0
SFS,60,20240605,110000,0.711,0.712,0.71,0.71,8451,0
SFS,60,20240605,130000,0.711,0.711,0.71,0.71,6000,0
SFS,60,20240605,140000,0.722,0.727,0.722,0.727,3154,0
SFS,60,20240605,160000,0.708,0.708,0.708,0.708,255,0
SFS,60,20240605,170000,0.701,0.701,0.701,0.701,2500,0
SFS,60,20240606,100000,0.726,0.729,0.712,0.712,9986,0
SFS,60,20240606,110000,0.725,0.725,0.701,0.701,2989,0
SFS,60,20240606,120000,0.724,0.724,0.724,0.724,900,0
SFS,60,20240606,130000,0.724,0.724,0.724,0.724,572,0
SFS,60,20240606,140000,0.724,0.728,0.705,0.705,20090,0
SFS,60,20240606,150000,0.727,0.729,0.727,0.729,13290,0
SFS,60,20240606,160000,0.729,0.729,0.7,0.7,37000,0
SFS,60,20240606,170000,0.7,0.723,0.7,0.721,10700,0
SFS,60,20240607,100000,0.721,0.721,0.716,0.721,7224,0
SFS,60,20240607,110000,0.711,0.711,0.68,0.71,19668,0
SFS,60,20240607,120000,0.72,0.72,0.719,0.719,64,0
SFS,60,20240607,130000,0.719,0.719,0.694,0.719,212,0
SFS,60,20240607,140000,0.719,0.719,0.719,0.719,150,0
SFS,60,20240607,150000,0.714,0.714,0.714,0.714,750,0
SFS,60,20240607,160000,0.719,0.719,0.714,0.714,741,0
SFS,60,20240607,170000,0.702,0.719,0.7,0.715,13962,0
SFS,60,20240610,100000,0.697,0.719,0.697,0.719,960,0
SFS,60,20240610,120000,0.71,0.71,0.71,0.71,50,0
SFS,60,20240610,130000,0.709,0.709,0.7,0.7,3776,0
SFS,60,20240610,140000,0.7,0.7,0.7,0.7,2724,0
SFS,60,20240610,150000,0.7,0.7,0.7,0.7,2376,0
SFS,60,20240610,160000,0.7,0.709,0.7,0.709,1950,0
SFS,60,20240611,110000,0.714,0.714,0.714,0.714,10,0
SFS,60,20240611,120000,0.709,0.709,0.701,0.701,965,0
SFS,60,20240611,130000,0.697,0.701,0.695,0.701,1810,0
SFS,60,20240611,150000,0.695,0.695,0.673,0.673,14006,0
SFS,60,20240611,160000,0.675,0.689,0.67,0.689,25028,0
SFS,60,20240611,170000,0.69,0.698,0.674,0.697,22773,0
SFS,60,20240612,100000,0.696,0.702,0.677,0.678,8444,0
SFS,60,20240612,110000,0.68,0.685,0.679,0.679,16104,0
SFS,60,20240612,120000,0.679,0.679,0.678,0.678,1060,0
SFS,60,20240612,130000,0.678,0.679,0.677,0.679,12386,0
SFS,60,20240612,150000,0.679,0.679,0.679,0.679,3500,0
SFS,60,20240612,160000,0.679,0.679,0.67,0.679,24480,0
SFS,60,20240612,170000,0.679,0.679,0.679,0.679,10199,0
SFS,60,20240613,100000,0.679,0.679,0.679,0.679,5000,0
SFS,60,20240613,110000,0.679,0.679,0.679,0.679,3200,0
SFS,60,20240613,130000,0.673,0.679,0.673,0.679,2400,0
SFS,60,20240613,140000,0.679,0.679,0.679,0.679,8215,0
SFS,60,20240613,170000,0.679,0.679,0.679,0.679,5000,0
SFS,60,20240614,100000,0.679,0.679,0.679,0.679,865,0
SFS,60,20240614,110000,0.677,0.677,0.677,0.677,505,0
SFS,60,20240614,120000,0.677,0.677,0.677,0.677,2000,0
SFS,60,20240614,130000,0.677,0.677,0.677,0.677,813,0
SFS,60,20240614,140000,0.677,0.677,0.671,0.677,12648,0
SFS,60,20240614,150000,0.677,0.679,0.677,0.679,2238,0
SFS,60,20240614,170000,0.67,0.674,0.66,0.662,9100,0
SFS,60,20240617,100000,0.674,0.674,0.662,0.662,2820,0
SFS,60,20240617,120000,0.674,0.676,0.67,0.676,6241,0
SFS,60,20240617,170000,0.675,0.679,0.67,0.679,15100,0
SFS,60,20240618,100000,0.679,0.679,0.679,0.679,66195,0
SFS,60,20240618,110000,0.67,0.679,0.67,0.679,9167,0
SFS,60,20240618,130000,0.679,0.679,0.679,0.679,72,0
SFS,60,20240618,160000,0.674,0.679,0.674,0.679,4766,0
SFS,60,20240618,170000,0.679,0.679,0.679,0.679,3160,0
SFS,60,20240619,110000,0.679,0.679,0.673,0.675,18709,0
SFS,60,20240619,120000,0.673,0.679,0.673,0.679,4518,0
SFS,60,20240619,160000,0.675,0.675,0.675,0.675,25,0
SFS,60,20240619,170000,0.675,0.679,0.67,0.679,6922,0
SFS,60,20240620,100000,0.679,0.679,0.679,0.679,9726,0
SFS,60,20240620,110000,0.679,0.679,0.679,0.679,1000,0
SFS,60,20240620,120000,0.679,0.679,0.679,0.679,1150,0
SFS,60,20240620,130000,0.679,0.679,0.679,0.679,1000,0
SFS,60,20240620,140000,0.675,0.675,0.669,0.669,20521,0
SFS,60,20240620,150000,0.669,0.669,0.659,0.659,28765,0
SFS,60,20240620,160000,0.661,0.661,0.66,0.66,5000,0
SFS,60,20240620,170000,0.661,0.669,0.658,0.658,23371,0
SFS,60,20240621,100000,0.668,0.668,0.668,0.668,700,0
SFS,60,20240621,120000,0.667,0.668,0.667,0.668,3743,0
SFS,60,20240621,130000,0.668,0.669,0.668,0.669,12607,0
SFS,60,20240621,140000,0.669,0.669,0.669,0.669,500,0
SFS,60,20240621,150000,0.669,0.669,0.669,0.669,4500,0
SFS,60,20240624,100000,0.669,0.669,0.669,0.669,27910,0
SFS,60,20240624,110000,0.669,0.669,0.669,0.669,5076,0
SFS,60,20240624,120000,0.663,0.669,0.663,0.669,15700,0
SFS,60,20240624,130000,0.669,0.669,0.669,0.669,2020,0
SFS,60,20240624,160000,0.669,0.669,0.669,0.669,1243,0
SFS,60,20240625,100000,0.664,0.669,0.662,0.669,5560,0
SFS,60,20240625,110000,0.669,0.669,0.669,0.669,4508,0
SFS,60,20240625,120000,0.669,0.669,0.669,0.669,5404,0
SFS,60,20240625,140000,0.662,0.662,0.662,0.662,954,0
SFS,60,20240625,160000,0.669,0.669,0.669,0.669,5000,0
SFS,60,20240625,170000,0.669,0.669,0.662,0.662,4501,0
SFS,60,20240626,120000,0.666,0.666,0.666,0.666,700,0
SFS,60,20240626,140000,0.663,0.669,0.663,0.669,4454,0
SFS,60,20240626,150000,0.665,0.665,0.663,0.663,53,0
SFS,60,20240626,170000,0.663,0.663,0.661,0.661,242,0
SFS,60,20240627,100000,0.661,0.661,0.661,0.661,215,0
SFS,60,20240627,120000,0.669,0.669,0.669,0.669,500,0
SFS,60,20240627,140000,0.669,0.669,0.669,0.669,13500,0
SFS,60,20240627,150000,0.669,0.669,0.669,0.669,10000,0
SFS,60,20240628,100000,0.669,0.669,0.669,0.669,988,0
SFS,60,20240628,110000,0.669,0.669,0.669,0.669,2623,0
SFS,60,20240628,120000,0.669,0.669,0.668,0.668,3669,0
SFS,60,20240628,130000,0.69,0.69,0.669,0.69,7900,0
SFS,60,20240628,140000,0.689,0.689,0.689,0.689,29,0
SFS,60,20240628,160000,0.687,0.687,0.687,0.687,90,0
SFS,60,20240628,170000,0.67,0.687,0.67,0.687,713,0
SFS,60,20240701,100000,0.687,0.688,0.687,0.688,2900,0
SFS,60,20240701,140000,0.686,0.686,0.686,0.686,200,0
SFS,60,20240701,150000,0.673,0.673,0.673,0.673,211,0
SFS,60,20240701,160000,0.686,0.686,0.672,0.672,2300,0
SFS,60,20240701,170000,0.672,0.686,0.66,0.684,15963,0
SFS,60,20240702,100000,0.666,0.678,0.651,0.678,9599,0
SFS,60,20240702,110000,0.676,0.676,0.676,0.676,7065,0
SFS,60,20240702,120000,0.677,0.677,0.651,0.676,5050,0
SFS,60,20240702,130000,0.676,0.676,0.676,0.676,25,0
SFS,60,20240702,140000,0.676,0.677,0.656,0.677,22506,0
SFS,60,20240702,150000,0.676,0.676,0.676,0.676,7900,0
SFS,60,20240703,100000,0.677,0.677,0.677,0.677,2925,0
SFS,60,20240703,110000,0.677,0.677,0.677,0.677,525,0
SFS,60,20240703,120000,0.658,0.677,0.658,0.677,30,0
SFS,60,20240703,130000,0.676,0.677,0.676,0.677,4500,0
SFS,60,20240703,140000,0.66,0.677,0.66,0.677,60221,0
SFS,60,20240703,150000,0.677,0.677,0.677,0.677,530,0
SFS,60,20240703,170000,0.677,0.677,0.677,0.677,30,0
SFS,60,20240704,100000,0.677,0.677,0.677,0.677,12453,0
SFS,60,20240704,140000,0.677,0.677,0.662,0.662,2500,0
SFS,60,20240704,150000,0.677,0.677,0.677,0.677,11,0
SFS,60,20240704,170000,0.677,0.677,0.677,0.677,312907,0
SFS,60,20240705,100000,0.677,0.723,0.677,0.707,211188,0
SFS,60,20240705,110000,0.695,0.719,0.688,0.71,42337,0
SFS,60,20240705,120000,0.71,0.71,0.695,0.71,3629,0
SFS,60,20240705,130000,0.71,0.717,0.71,0.716,18575,0
SFS,60,20240705,140000,0.715,0.715,0.7,0.7,1354,0
SFS,60,20240705,150000,0.7,0.7,0.696,0.696,7376,0
SFS,60,20240705,160000,0.69,0.713,0.681,0.71,49716,0
SFS,60,20240705,170000,0.709,0.713,0.693,0.713,49799,0
SFS,60,20240708,100000,0.71,0.72,0.69,0.69,132890,0
SFS,60,20240708,110000,0.69,0.7,0.69,0.7,33060,0
SFS,60,20240708,120000,0.7,0.7,0.7,0.7,65,0
SFS,60,20240708,130000,0.7,0.7,0.7,0.7,4399,0
SFS,60,20240708,150000,0.7,0.71,0.68,0.68,26661,0
SFS,60,20240708,160000,0.68,0.68,0.68,0.68,25122,0
SFS,60,20240708,170000,0.69,0.69,0.68,0.69,45531,0
SFS,60,20240709,100000,0.675,0.69,0.653,0.673,96870,0
SFS,60,20240709,110000,0.673,0.673,0.664,0.664,5966,0
SFS,60,20240709,120000,0.673,0.673,0.665,0.673,15153,0
SFS,60,20240709,130000,0.673,0.673,0.665,0.673,15563,0
SFS,60,20240709,140000,0.673,0.673,0.673,0.673,5000,0
SFS,60,20240709,150000,0.674,0.674,0.674,0.674,4891,0
SFS,60,20240709,160000,0.675,0.675,0.675,0.675,1485,0
SFS,60,20240709,170000,0.675,0.675,0.675,0.675,10001,0
SFS,60,20240710,100000,0.674,0.68,0.674,0.68,11500,0
SFS,60,20240710,110000,0.68,0.68,0.66,0.677,28432,0
SFS,60,20240710,140000,0.662,0.662,0.661,0.661,1000,0
SFS,60,20240710,160000,0.661,0.67,0.661,0.661,22800,0
SFS,60,20240710,170000,0.662,0.669,0.658,0.665,37512,0
SFS,60,20240711,100000,0.674,0.674,0.672,0.672,500,0
SFS,60,20240711,130000,0.661,0.671,0.66,0.671,1250,0
SFS,60,20240711,150000,0.662,0.662,0.662,0.662,1520,0
SFS,60,20240711,160000,0.662,0.662,0.655,0.655,8749,0
SFS,60,20240711,170000,0.658,0.672,0.658,0.67,10411,0
SFS,60,20240712,100000,0.655,0.674,0.655,0.656,10093,0
SFS,60,20240712,110000,0.657,0.657,0.656,0.656,4500,0
SFS,60,20240712,120000,0.657,0.657,0.656,0.656,6647,0
SFS,60,20240712,130000,0.657,0.657,0.657,0.657,4425,0
SFS,60,20240712,140000,0.657,0.657,0.657,0.657,1388,0
SFS,60,20240712,150000,0.66,0.66,0.657,0.657,16000,0
SFS,60,20240712,160000,0.666,0.666,0.666,0.666,1916,0
SFS,60,20240712,170000,0.658,0.668,0.657,0.668,15816,0
SFS,60,20240715,100000,0.659,0.708,0.659,0.708,112875,0
SFS,60,20240715,110000,0.705,0.705,0.68,0.68,21415,0
SFS,60,20240715,120000,0.699,0.7,0.699,0.7,41745,0
SFS,60,20240715,130000,0.702,0.702,0.682,0.7,10703,0
SFS,60,20240715,150000,0.683,0.683,0.683,0.683,500,0
SFS,60,20240715,160000,0.699,0.699,0.699,0.699,150,0
SFS,60,20240715,170000,0.698,0.698,0.696,0.696,402,0
SFS,60,20240716,100000,0.681,0.681,0.68,0.68,1200,0
SFS,60,20240716,110000,0.664,0.664,0.66,0.66,11266,0
SFS,60,20240716,120000,0.673,0.69,0.673,0.69,13660,0
SFS,60,20240716,150000,0.676,0.676,0.676,0.676,2750,0
SFS,60,20240716,160000,0.676,0.676,0.673,0.673,36539,0
SFS,60,20240717,100000,0.69,0.69,0.69,0.69,5,0
SFS,60,20240717,120000,0.69,0.69,0.69,0.69,100,0
SFS,60,20240718,110000,0.667,0.667,0.662,0.662,3341,0
SFS,60,20240718,120000,0.689,0.695,0.689,0.695,9805,0
SFS,60,20240718,130000,0.69,0.69,0.69,0.69,2887,0
SFS,60,20240718,140000,0.694,0.694,0.694,0.694,30000,0
SFS,60,20240719,100000,0.694,0.696,0.68,0.68,886,0
SFS,60,20240719,110000,0.696,0.696,0.696,0.696,600,0
SFS,60,20240719,130000,0.68,0.68,0.66,0.66,21731,0
SFS,60,20240719,140000,0.66,0.671,0.66,0.66,37610,0
SFS,60,20240719,150000,0.679,0.679,0.67,0.67,30130,0
SFS,60,20240719,170000,0.663,0.677,0.66,0.677,8406,0
SFS,60,20240722,100000,0.677,0.689,0.677,0.689,5364,0
SFS,60,20240722,110000,0.681,0.681,0.68,0.68,1163,0
SFS,60,20240722,120000,0.68,0.68,0.68,0.68,941,0
SFS,60,20240722,140000,0.671,0.671,0.671,0.671,3556,0
SFS,60,20240722,150000,0.678,0.678,0.663,0.663,1050,0
SFS,60,20240722,160000,0.664,0.664,0.664,0.664,209,0
SFS,60,20240722,170000,0.675,0.675,0.661,0.675,8451,0
SFS,60,20240723,100000,0.674,0.674,0.674,0.674,3709,0
SFS,60,20240723,140000,0.662,0.672,0.662,0.672,3150,0
SFS,60,20240723,150000,0.662,0.662,0.662,0.662,514,0
SFS,60,20240723,160000,0.67,0.674,0.662,0.674,3441,0
SFS,60,20240723,170000,0.674,0.674,0.674,0.674,600,0
SFS,60,20240724,100000,0.662,0.675,0.659,0.675,2105,0
SFS,60,20240724,130000,0.669,0.67,0.669,0.67,4651,0
SFS,60,20240724,160000,0.67,0.67,0.67,0.67,24,0
SFS,60,20240724,170000,0.67,0.67,0.67,0.67,5,0
SFS,60,20240725,100000,0.67,0.68,0.67,0.68,10638,0
SFS,60,20240725,110000,0.684,0.684,0.67,0.683,3510,0
SFS,60,20240725,130000,0.68,0.68,0.68,0.68,40,0
SFS,60,20240725,140000,0.671,0.671,0.671,0.671,3678,0
SFS,60,20240725,160000,0.671,0.671,0.671,0.671,325,0
SFS,60,20240725,170000,0.671,0.682,0.67,0.682,2348,0
SFS,60,20240726,110000,0.681,0.681,0.661,0.661,1361,0
SFS,60,20240726,120000,0.662,0.662,0.659,0.659,5000,0
SFS,60,20240726,130000,0.66,0.66,0.66,0.66,3000,0
SFS,60,20240726,140000,0.659,0.675,0.654,0.675,2250,0
SFS,60,20240726,150000,0.674,0.681,0.674,0.681,6000,0
SFS,60,20240726,170000,0.681,0.681,0.681,0.681,2600,0
SFS,60,20240729,140000,0.681,0.681,0.681,0.681,2195,0
SFS,60,20240729,170000,0.662,0.68,0.661,0.68,5005,0
SFS,60,20240730,100000,0.68,0.68,0.68,0.68,4,0
SFS,60,20240730,120000,0.68,0.68,0.68,0.68,233,0
SFS,60,20240730,140000,0.662,0.678,0.65,0.678,13501,0
SFS,60,20240730,160000,0.66,0.66,0.656,0.656,1350,0
SFS,60,20240730,170000,0.668,0.668,0.668,0.668,63,0
SFS,60,20240731,100000,0.652,0.668,0.652,0.668,12505,0
SFS,60,20240731,140000,0.668,0.668,0.655,0.655,2704,0
SFS,60,20240731,170000,0.668,0.668,0.658,0.668,241,0
SFS,60,20240801,100000,0.66,0.66,0.66,0.66,1093,0
SFS,60,20240801,110000,0.66,0.66,0.657,0.657,2000,0
SFS,60,20240801,130000,0.67,0.67,0.67,0.67,69,0
SFS,60,20240801,140000,0.67,0.67,0.67,0.67,3000,0
SFS,60,20240801,150000,0.658,0.658,0.658,0.658,100,0
SFS,60,20240802,100000,0.658,0.669,0.658,0.658,6135,0
SFS,60,20240802,110000,0.658,0.658,0.658,0.658,814,0
SFS,60,20240802,130000,0.669,0.677,0.669,0.677,12816,0
SFS,60,20240802,140000,0.677,0.68,0.677,0.68,12595,0
SFS,60,20240802,170000,0.677,0.677,0.677,0.677,5,0
SFS,60,20240805,100000,0.662,0.668,0.642,0.668,20299,0
SFS,60,20240805,110000,0.668,0.668,0.643,0.643,3902,0
SFS,60,20240805,120000,0.65,0.65,0.642,0.643,7573,0
SFS,60,20240805,130000,0.643,0.643,0.64,0.64,10230,0
SFS,60,20240805,140000,0.64,0.64,0.638,0.638,8000,0
SFS,60,20240805,160000,0.647,0.648,0.647,0.648,5207,0
SFS,60,20240805,170000,0.66,0.66,0.659,0.659,3705,0
SFS,60,20240806,100000,0.65,0.65,0.64,0.64,12369,0
SFS,60,20240806,110000,0.651,0.651,0.64,0.64,4200,0
SFS,60,20240806,120000,0.65,0.65,0.65,0.65,4800,0
SFS,60,20240806,130000,0.64,0.657,0.621,0.621,9459,0
SFS,60,20240806,160000,0.633,0.65,0.632,0.65,6402,0
SFS,60,20240806,170000,0.649,0.65,0.649,0.65,2240,0
SFS,60,20240807,100000,0.657,0.657,0.657,0.657,14016,0
SFS,60,20240807,110000,0.66,0.665,0.657,0.657,8498,0
SFS,60,20240807,120000,0.657,0.673,0.65,0.65,8048,0
SFS,60,20240807,130000,0.668,0.668,0.668,0.668,2331,0
SFS,60,20240807,150000,0.668,0.668,0.668,0.668,27,0
SFS,60,20240808,100000,0.677,0.692,0.66,0.692,95503,0
SFS,60,20240808,110000,0.672,0.692,0.672,0.69,57136,0
SFS,60,20240808,120000,0.69,0.69,0.69,0.69,440,0
SFS,60,20240808,140000,0.68,0.68,0.68,0.68,2000,0
SFS,60,20240808,150000,0.68,0.68,0.68,0.68,2000,0
SFS,60,20240808,170000,0.674,0.674,0.662,0.663,8463,0
SFS,60,20240809,100000,0.664,0.67,0.664,0.67,3748,0
SFS,60,20240809,110000,0.672,0.688,0.672,0.688,2000,0
SFS,60,20240809,120000,0.685,0.685,0.671,0.671,1139,0
SFS,60,20240809,130000,0.671,0.684,0.671,0.684,3000,0
SFS,60,20240809,150000,0.67,0.67,0.663,0.663,2500,0
SFS,60,20240809,170000,0.68,0.68,0.68,0.68,2000,0
SFS,60,20240812,100000,0.664,0.689,0.664,0.68,24159,0
SFS,60,20240812,110000,0.686,0.686,0.666,0.678,6346,0
SFS,60,20240812,120000,0.68,0.68,0.68,0.68,1000,0
SFS,60,20240812,140000,0.68,0.686,0.68,0.686,3400,0
SFS,60,20240812,150000,0.686,0.687,0.665,0.665,6200,0
SFS,60,20240812,160000,0.667,0.688,0.667,0.688,975,0
SFS,60,20240812,170000,0.68,0.68,0.68,0.68,3000,0
SFS,60,20240813,100000,0.669,0.67,0.663,0.67,9000,0
SFS,60,20240813,110000,0.68,0.68,0.68,0.68,1000,0
SFS,60,20240813,130000,0.67,0.67,0.67,0.67,1000,0
SFS,60,20240813,160000,0.67,0.67,0.63,0.645,35500,0
SFS,60,20240813,170000,0.66,0.66,0.642,0.642,151,0
SFS,60,20240814,100000,0.642,0.674,0.604,0.674,25373,0
SFS,60,20240814,110000,0.674,0.677,0.674,0.677,4675,0
SFS,60,20240814,120000,0.675,0.675,0.67,0.67,1151,0
SFS,60,20240814,140000,0.675,0.678,0.675,0.678,5549,0
SFS,60,20240814,170000,0.678,0.678,0.67,0.67,1081,0
SFS,60,20240816,100000,0.672,0.672,0.672,0.672,1000,0
SFS,60,20240816,110000,0.67,0.67,0.67,0.67,1319,0
SFS,60,20240816,120000,0.67,0.67,0.67,0.67,680,0
SFS,60,20240816,130000,0.67,0.67,0.67,0.67,1314,0
SFS,60,20240816,140000,0.67,0.67,0.67,0.67,282,0
SFS,60,20240816,150000,0.67,0.67,0.67,0.67,100,0
SFS,60,20240816,160000,0.672,0.672,0.672,0.672,1500,0
SFS,60,20240816,170000,0.67,0.67,0.67,0.67,21,0
SFS,60,20240819,100000,0.67,0.679,0.67,0.67,6377,0
SFS,60,20240819,110000,0.66,0.66,0.65,0.652,5400,0
SFS,60,20240819,130000,0.653,0.653,0.65,0.65,4000,0
SFS,60,20240819,140000,0.668,0.668,0.64,0.648,19449,0
SFS,60,20240819,150000,0.634,0.652,0.634,0.652,9000,0
SFS,60,20240819,160000,0.641,0.641,0.634,0.634,23000,0
SFS,60,20240819,170000,0.652,0.652,0.652,0.652,2306,0
SFS,60,20240820,100000,0.64,0.641,0.63,0.63,6988,0
SFS,60,20240820,110000,0.64,0.658,0.64,0.658,3760,0
SFS,60,20240820,120000,0.66,0.66,0.66,0.66,44,0
SFS,60,20240820,130000,0.66,0.66,0.65,0.66,4656,0
SFS,60,20240820,170000,0.659,0.659,0.659,0.659,1186,0
SFS,60,20240821,100000,0.65,0.65,0.65,0.65,386,0
SFS,60,20240821,110000,0.65,0.66,0.65,0.66,2000,0
SFS,60,20240821,140000,0.658,0.658,0.658,0.658,385,0
SFS,60,20240821,150000,0.658,0.66,0.65,0.65,15750,0
SFS,60,20240821,160000,0.65,0.668,0.65,0.667,27686,0
SFS,60,20240821,170000,0.667,0.67,0.651,0.67,9496,0
SFS,60,20240822,100000,0.72,0.788,0.706,0.706,521285,0
SFS,60,20240822,110000,0.702,0.706,0.692,0.706,56048,0
SFS,60,20240822,120000,0.702,0.706,0.7,0.7,19404,0
SFS,60,20240822,130000,0.7,0.71,0.694,0.708,18163,0
SFS,60,20240822,140000,0.708,0.708,0.706,0.706,4790,0
SFS,60,20240822,150000,0.706,0.708,0.696,0.699,13287,0
SFS,60,20240822,160000,0.7,0.702,0.692,0.692,23213,0
SFS,60,20240822,170000,0.692,0.692,0.67,0.67,19244,0
SFS,60,20240823,100000,0.67,0.67,0.64,0.667,39982,0
SFS,60,20240823,110000,0.653,0.658,0.64,0.648,36544,0
SFS,60,20240823,120000,0.644,0.652,0.635,0.644,23133,0
SFS,60,20240823,130000,0.652,0.66,0.644,0.659,13754,0
SFS,60,20240823,140000,0.659,0.667,0.659,0.66,7476,0
SFS,60,20240823,150000,0.659,0.665,0.641,0.665,4980,0
SFS,60,20240823,160000,0.664,0.665,0.664,0.664,7000,0
SFS,60,20240823,170000,0.65,0.65,0.65,0.65,1736,0
SFS,60,20240826,100000,0.642,0.677,0.642,0.65,31751,0
SFS,60,20240826,110000,0.668,0.668,0.668,0.668,5000,0
SFS,60,20240826,120000,0.667,0.668,0.66,0.66,6000,0
SFS,60,20240826,150000,0.666,0.666,0.652,0.666,23598,0
SFS,60,20240826,160000,0.666,0.666,0.666,0.666,2000,0
SFS,60,20240826,170000,0.651,0.664,0.651,0.664,1612,0
SFS,60,20240827,100000,0.664,0.664,0.65,0.65,2225,0
SFS,60,20240827,110000,0.651,0.662,0.651,0.662,7138,0
SFS,60,20240827,120000,0.662,0.662,0.662,0.662,75,0
SFS,60,20240827,130000,0.655,0.655,0.64,0.64,19960,0
SFS,60,20240827,150000,0.641,0.65,0.638,0.65,23000,0
SFS,60,20240827,170000,0.64,0.64,0.64,0.64,4841,0
SFS,60,20240828,100000,0.651,0.651,0.614,0.648,93400,0
SFS,60,20240828,160000,0.647,0.65,0.647,0.65,8621,0
SFS,60,20240829,120000,0.631,0.631,0.631,0.631,8000,0
SFS,60,20240829,130000,0.631,0.631,0.631,0.631,7118,0
SFS,60,20240829,140000,0.631,0.631,0.628,0.628,11315,0
SFS,60,20240829,150000,0.628,0.631,0.624,0.63,15540,0
SFS,60,20240829,160000,0.631,0.631,0.631,0.631,3700,0
SFS,60,20240829,170000,0.631,0.631,0.631,0.631,7000,0
SFS,60,20240830,100000,0.631,0.631,0.631,0.631,626,0
SFS,60,20240830,110000,0.631,0.631,0.607,0.61,53112,0
SFS,60,20240830,120000,0.61,0.628,0.606,0.61,52719,0
SFS,60,20240830,130000,0.616,0.63,0.61,0.63,25947,0
SFS,60,20240830,140000,0.63,0.63,0.63,0.63,4300,0
SFS,60,20240830,150000,0.63,0.63,0.63,0.63,5334,0
SFS,60,20240830,160000,0.63,0.63,0.623,0.63,8400,0
SFS,60,20240830,170000,0.63,0.63,0.63,0.63,2105,0
SFS,60,20240902,100000,0.63,0.63,0.625,0.625,4002,0
SFS,60,20240902,110000,0.621,0.63,0.61,0.61,23000,0
SFS,60,20240902,120000,0.63,0.63,0.625,0.63,14867,0
SFS,60,20240902,130000,0.631,0.631,0.62,0.62,25900,0
SFS,60,20240902,140000,0.631,0.631,0.631,0.631,16,0
SFS,60,20240902,150000,0.63,0.63,0.63,0.63,70,0
SFS,60,20240902,160000,0.625,0.625,0.625,0.625,11479,0
SFS,60,20240902,170000,0.625,0.631,0.62,0.631,11680,0
SFS,60,20240903,100000,0.631,0.631,0.621,0.621,18416,0
SFS,60,20240903,110000,0.631,0.631,0.631,0.631,4200,0
SFS,60,20240903,120000,0.631,0.631,0.621,0.631,11651,0
SFS,60,20240903,150000,0.631,0.631,0.631,0.631,150,0
SFS,60,20240903,160000,0.631,0.631,0.631,0.631,3000,0
SFS,60,20240903,170000,0.631,0.631,0.631,0.631,9333,0
SFS,60,20240904,100000,0.631,0.631,0.631,0.631,200,0
SFS,60,20240904,110000,0.631,0.631,0.631,0.631,500,0
SFS,60,20240904,120000,0.631,0.631,0.61,0.631,3215,0
SFS,60,20240904,130000,0.63,0.63,0.63,0.63,6000,0
SFS,60,20240904,140000,0.631,0.631,0.631,0.631,2845,0
SFS,60,20240904,150000,0.631,0.631,0.631,0.631,61100,0
SFS,60,20240904,160000,0.631,0.631,0.631,0.631,28,0
SFS,60,20240904,170000,0.631,0.631,0.631,0.631,608,0
SFS,60,20240905,100000,0.631,0.631,0.62,0.63,18280,0
SFS,60,20240905,110000,0.63,0.631,0.63,0.631,1000,0
SFS,60,20240905,120000,0.622,0.631,0.622,0.631,1426,0
SFS,60,20240905,130000,0.631,0.631,0.631,0.631,2560,0
SFS,60,20240905,170000,0.622,0.622,0.622,0.622,2843,0
SFS,60,20240906,110000,0.62,0.631,0.614,0.62,16335,0
SFS,60,20240906,120000,0.62,0.62,0.62,0.62,60,0
SFS,60,20240909,100000,0.62,0.63,0.62,0.63,597,0
SFS,60,20240909,110000,0.63,0.63,0.62,0.62,5433,0
SFS,60,20240909,130000,0.63,0.63,0.62,0.62,1478,0
SFS,60,20240909,140000,0.62,0.62,0.609,0.609,16300,0
SFS,60,20240909,170000,0.61,0.628,0.605,0.628,7346,0
SFS,60,20240910,100000,0.608,0.631,0.6,0.631,81390,0
SFS,60,20240910,110000,0.631,0.631,0.61,0.61,5795,0
SFS,60,20240910,150000,0.611,0.611,0.61,0.61,5000,0
SFS,60,20240910,170000,0.61,0.62,0.601,0.62,14344,0
SFS,60,20240911,110000,0.62,0.62,0.62,0.62,267,0
SFS,60,20240911,120000,0.61,0.61,0.61,0.61,632,0
SFS,60,20240911,140000,0.618,0.618,0.618,0.618,492,0
SFS,60,20240911,170000,0.61,0.617,0.6,0.6,16388,0
SFS,60,20240912,100000,0.6,0.614,0.55,0.6,30637,0
SFS,60,20240912,110000,0.601,0.619,0.564,0.615,45056,0
SFS,60,20240912,120000,0.618,0.625,0.602,0.602,17492,0
SFS,60,20240912,130000,0.624,0.624,0.603,0.624,8,0
SFS,60,20240912,150000,0.619,0.619,0.619,0.619,100,0
SFS,60,20240912,160000,0.603,0.603,0.594,0.6,9804,0
SFS,60,20240912,170000,0.594,0.6,0.594,0.6,1010,0
SFS,60,20240913,100000,0.6,0.6,0.58,0.58,14351,0
SFS,60,20240913,110000,0.58,0.595,0.563,0.595,23469,0
SFS,60,20240913,130000,0.589,0.593,0.589,0.593,5455,0
SFS,60,20240913,140000,0.593,0.594,0.592,0.594,9297,0
SFS,60,20240913,160000,0.595,0.595,0.595,0.595,400,0
SFS,60,20240913,170000,0.595,0.609,0.595,0.6,3298,0
SFS,60,20240916,100000,0.6,0.609,0.6,0.609,1736,0
SFS,60,20240916,130000,0.6,0.613,0.6,0.613,8000,0
SFS,60,20240916,140000,0.612,0.612,0.612,0.612,1000,0
SFS,60,20240916,150000,0.6,0.6,0.583,0.583,19509,0
SFS,60,20240916,160000,0.583,0.583,0.583,0.583,3446,0
SFS,60,20240916,170000,0.583,0.604,0.583,0.604,8387,0
SFS,60,20240917,110000,0.6,0.6,0.582,0.582,7670,0
SFS,60,20240917,120000,0.582,0.582,0.58,0.58,2000,0
SFS,60,20240917,130000,0.58,0.58,0.58,0.58,6000,0
SFS,60,20240917,140000,0.597,0.597,0.597,0.597,1,0
SFS,60,20240917,150000,0.59,0.59,0.59,0.59,669,0
SFS,60,20240917,160000,0.597,0.597,0.597,0.597,8363,0
SFS,60,20240917,170000,0.599,0.599,0.599,0.599,801,0
SFS,60,20240918,100000,0.6,0.6,0.597,0.597,5194,0
SFS,60,20240918,110000,0.59,0.59,0.58,0.59,7385,0
SFS,60,20240918,120000,0.582,0.582,0.581,0.581,19413,0
SFS,60,20240918,130000,0.58,0.58,0.58,0.58,3000,0
SFS,60,20240918,160000,0.58,0.58,0.58,0.58,858,0
SFS,60,20240918,170000,0.58,0.582,0.58,0.582,3200,0
SFS,60,20240919,100000,0.581,0.581,0.581,0.581,3320,0
SFS,60,20240919,110000,0.571,0.571,0.571,0.571,7000,0
SFS,60,20240919,120000,0.569,0.57,0.569,0.57,3298,0
SFS,60,20240919,130000,0.57,0.57,0.566,0.566,12270,0
SFS,60,20240919,140000,0.566,0.566,0.54,0.542,86036,0
SFS,60,20240919,150000,0.542,0.547,0.538,0.543,14500,0
SFS,60,20240919,160000,0.543,0.551,0.543,0.551,1607,0
SFS,60,20240919,170000,0.55,0.551,0.54,0.545,10236,0
SFS,60,20240920,100000,0.559,0.559,0.545,0.555,10000,0
SFS,60,20240920,110000,0.555,0.555,0.53,0.549,12716,0
SFS,60,20240920,120000,0.549,0.549,0.549,0.549,900,0
SFS,60,20240920,130000,0.54,0.549,0.511,0.548,17093,0
SFS,60,20240920,140000,0.54,0.546,0.54,0.546,1402,0
SFS,60,20240920,150000,0.544,0.545,0.544,0.545,1451,0
SFS,60,20240920,160000,0.545,0.566,0.545,0.566,65244,0
SFS,60,20240920,170000,0.566,0.566,0.566,0.566,218007,0
SFS,60,20240923,100000,0.566,0.566,0.566,0.566,2536,0
SFS,60,20240923,110000,0.563,0.563,0.54,0.563,773,0
SFS,60,20240923,140000,0.55,0.55,0.55,0.55,1990,0
SFS,60,20240923,150000,0.561,0.562,0.561,0.562,192,0
SFS,60,20240923,160000,0.561,0.561,0.561,0.561,517,0
SFS,60,20240923,170000,0.55,0.561,0.541,0.561,3160,0
SFS,60,20240924,100000,0.54,0.561,0.54,0.561,296,0
SFS,60,20240924,120000,0.543,0.559,0.543,0.559,4010,0
SFS,60,20240924,140000,0.546,0.55,0.545,0.55,5690,0
SFS,60,20240924,150000,0.55,0.55,0.55,0.55,900,0
SFS,60,20240924,160000,0.545,0.545,0.542,0.542,3200,0
SFS,60,20240924,170000,0.55,0.559,0.55,0.559,818,0
SFS,60,20240925,100000,0.559,0.559,0.559,0.559,4496,0
SFS,60,20240925,110000,0.559,0.561,0.559,0.561,2400,0
SFS,60,20240925,170000,0.556,0.556,0.556,0.556,6000,0
SFS,60,20240926,100000,0.55,0.556,0.541,0.556,10010,0
SFS,60,20240926,110000,0.541,0.555,0.533,0.54,7833,0
SFS,60,20240926,120000,0.54,0.54,0.532,0.532,51438,0
SFS,60,20240926,130000,0.532,0.532,0.532,0.532,9565,0
SFS,60,20240926,140000,0.532,0.532,0.53,0.53,24670,0
SFS,60,20240926,150000,0.525,0.529,0.5,0.52,41643,0
SFS,60,20240926,160000,0.509,0.527,0.508,0.527,18487,0
SFS,60,20240926,170000,0.514,0.532,0.51,0.532,10661,0
SFS,60,20240927,100000,0.521,0.532,0.521,0.532,3150,0
SFS,60,20240927,110000,0.522,0.532,0.52,0.52,35576,0
SFS,60,20240927,130000,0.515,0.515,0.51,0.514,42852,0
SFS,60,20240927,140000,0.514,0.514,0.48,0.514,127961,0
SFS,60,20240927,150000,0.513,0.513,0.4975,0.511,14295,0
SFS,60,20240927,160000,0.511,0.514,0.511,0.514,940,0
SFS,60,20240927,170000,0.51,0.514,0.51,0.514,14305,0
SFS,60,20240930,100000,0.5,0.5,0.498,0.498,13000,0
SFS,60,20240930,110000,0.5,0.524,0.5,0.524,5873,0
SFS,60,20240930,120000,0.524,0.524,0.523,0.523,7000,0
SFS,60,20240930,130000,0.52,0.52,0.502,0.502,4783,0
SFS,60,20240930,140000,0.519,0.52,0.504,0.52,7673,0
SFS,60,20240930,150000,0.52,0.52,0.502,0.516,11125,0
SFS,60,20240930,170000,0.515,0.52,0.515,0.52,1086,0
SFS,60,20241001,100000,0.55,0.55,0.53,0.54,31461,0
SFS,60,20241001,110000,0.531,0.538,0.531,0.538,6649,0
SFS,60,20241001,120000,0.537,0.537,0.537,0.537,10,0
SFS,60,20241001,130000,0.52,0.52,0.52,0.52,3019,0
SFS,60,20241001,140000,0.533,0.533,0.533,0.533,5,0
SFS,60,20241001,150000,0.53,0.532,0.53,0.532,430,0
SFS,60,20241002,100000,0.538,0.539,0.538,0.539,15836,0
SFS,60,20241002,110000,0.538,0.538,0.511,0.538,11435,0
SFS,60,20241002,140000,0.522,0.522,0.52,0.52,4000,0
SFS,60,20241002,160000,0.536,0.536,0.536,0.536,7,0
SFS,60,20241002,170000,0.53,0.53,0.53,0.53,1,0
SFS,60,20241003,100000,0.535,0.535,0.504,0.52,6255,0
SFS,60,20241003,110000,0.52,0.534,0.52,0.534,1900,0
SFS,60,20241003,140000,0.524,0.525,0.524,0.525,3000,0
SFS,60,20241004,100000,0.505,0.519,0.505,0.519,4900,0
SFS,60,20241004,120000,0.505,0.505,0.504,0.504,4948,0
SFS,60,20241004,130000,0.519,0.52,0.503,0.503,2255,0
SFS,60,20241004,140000,0.503,0.503,0.5,0.5,29316,0
SFS,60,20241004,170000,0.52,0.522,0.52,0.522,15000,0
SFS,60,20241007,100000,0.52,0.52,0.52,0.52,300,0
SFS,60,20241007,110000,0.52,0.522,0.52,0.522,5488,0
SFS,60,20241007,120000,0.518,0.518,0.518,0.518,2000,0
SFS,60,20241007,130000,0.522,0.522,0.522,0.522,500,0
SFS,60,20241007,140000,0.52,0.52,0.52,0.52,893,0
SFS,60,20241007,160000,0.52,0.52,0.519,0.519,800,0
SFS,60,20241007,170000,0.52,0.522,0.52,0.522,8813,0
SFS,60,20241008,100000,0.522,0.522,0.515,0.515,9000,0
SFS,60,20241008,120000,0.515,0.515,0.51,0.51,6000,0
SFS,60,20241008,140000,0.515,0.515,0.51,0.51,4402,0
SFS,60,20241008,160000,0.518,0.518,0.518,0.518,163,0
SFS,60,20241008,170000,0.51,0.51,0.51,0.51,155,0
SFS,60,20241009,100000,0.51,0.52,0.51,0.518,6862,0
SFS,60,20241009,120000,0.51,0.51,0.5,0.5,21663,0
SFS,60,20241009,130000,0.4975,0.515,0.475,0.515,31681,0
SFS,60,20241009,140000,0.4905,0.4905,0.4905,0.4905,10332,0
SFS,60,20241009,150000,0.4905,0.4905,0.4905,0.4905,12800,0
SFS,60,20241009,160000,0.4905,0.4905,0.4905,0.4905,288,0
SFS,60,20241009,170000,0.4905,0.4905,0.4805,0.4805,8007,0
SFS,60,20241010,100000,0.499,0.535,0.4805,0.531,44935,0
SFS,60,20241010,110000,0.53,0.532,0.515,0.52,14521,0
SFS,60,20241010,120000,0.52,0.532,0.515,0.52,35748,0
SFS,60,20241010,130000,0.52,0.52,0.52,0.52,2550,0
SFS,60,20241010,140000,0.52,0.528,0.514,0.514,3224,0
SFS,60,20241010,150000,0.52,0.528,0.52,0.528,6363,0
SFS,60,20241010,160000,0.528,0.528,0.528,0.528,1082,0
SFS,60,20241011,100000,0.521,0.522,0.521,0.522,2082,0
SFS,60,20241011,110000,0.522,0.522,0.505,0.505,25158,0
SFS,60,20241011,120000,0.507,0.507,0.507,0.507,10523,0
SFS,60,20241011,140000,0.52,0.52,0.52,0.52,100,0
SFS,60,20241011,150000,0.515,0.524,0.5,0.524,70100,0
SFS,60,20241011,170000,0.519,0.519,0.491,0.516,24513,0
SFS,60,20241014,100000,0.517,0.518,0.491,0.515,16326,0
SFS,60,20241014,110000,0.515,0.515,0.515,0.515,3600,0
SFS,60,20241014,120000,0.515,0.517,0.515,0.517,8850,0
SFS,60,20241014,130000,0.517,0.52,0.5,0.5,22616,0
SFS,60,20241014,140000,0.519,0.519,0.519,0.519,220,0
SFS,60,20241015,100000,0.502,0.516,0.501,0.515,8865,0
SFS,60,20241015,110000,0.515,0.515,0.515,0.515,2209,0
SFS,60,20241015,120000,0.508,0.512,0.4995,0.4995,19645,0
SFS,60,20241015,130000,0.5,0.514,0.497,0.514,28694,0
SFS,60,20241015,140000,0.51,0.51,0.5,0.5,19186,0
SFS,60,20241015,150000,0.51,0.51,0.498,0.498,46000,0
SFS,60,20241015,160000,0.503,0.503,0.503,0.503,100,0
SFS,60,20241015,170000,0.498,0.505,0.498,0.505,870,0
SFS,60,20241016,100000,0.514,0.516,0.512,0.516,8898,0
SFS,60,20241016,110000,0.51,0.51,0.51,0.51,3000,0
SFS,60,20241016,120000,0.51,0.51,0.508,0.508,4056,0
SFS,60,20241016,150000,0.501,0.507,0.5,0.5,4411,0
SFS,60,20241016,160000,0.508,0.508,0.499,0.5,36289,0
SFS,60,20241016,170000,0.5,0.5,0.4995,0.4995,15350,0
SFS,60,20241017,100000,0.5,0.507,0.481,0.507,16790,0
SFS,60,20241017,110000,0.4985,0.506,0.49,0.506,6083,0
SFS,60,20241017,160000,0.5,0.5,0.497,0.497,20,0
SFS,60,20241017,170000,0.505,0.51,0.5,0.51,7500,0
SFS,60,20241018,100000,0.51,0.51,0.51,0.51,567,0
SFS,60,20241018,110000,0.507,0.507,0.507,0.507,1500,0
SFS,60,20241018,140000,0.507,0.507,0.507,0.507,1300,0
SFS,60,20241018,150000,0.501,0.507,0.496,0.507,3400,0
SFS,60,20241018,160000,0.506,0.506,0.506,0.506,218,0
SFS,60,20241018,170000,0.504,0.507,0.504,0.506,1001,0
SFS,60,20241021,100000,0.5,0.51,0.5,0.51,5650,0
SFS,60,20241021,120000,0.502,0.502,0.502,0.502,1187,0
SFS,60,20241021,130000,0.51,0.51,0.51,0.51,5696,0
SFS,60,20241021,140000,0.503,0.51,0.5,0.5,8391,0
SFS,60,20241021,160000,0.51,0.51,0.51,0.51,4000,0
SFS,60,20241021,170000,0.51,0.51,0.51,0.51,569,0
SFS,60,20241022,100000,0.51,0.51,0.51,0.51,100,0
SFS,60,20241022,120000,0.51,0.51,0.51,0.51,85,0
SFS,60,20241022,130000,0.51,0.51,0.51,0.51,290,0
SFS,60,20241022,140000,0.505,0.51,0.491,0.491,16727,0
SFS,60,20241022,160000,0.51,0.51,0.51,0.51,100,0
SFS,60,20241022,170000,0.51,0.51,0.51,0.51,1001,0
SFS,60,20241023,100000,0.491,0.509,0.491,0.509,1100,0
SFS,60,20241023,110000,0.509,0.509,0.509,0.509,380,0
SFS,60,20241023,130000,0.5,0.5,0.5,0.5,1200,0
SFS,60,20241023,140000,0.5,0.5,0.5,0.5,9000,0
SFS,60,20241023,150000,0.5,0.5,0.5,0.5,700,0
SFS,60,20241023,160000,0.5,0.5,0.499,0.499,200,0
SFS,60,20241023,170000,0.494,0.509,0.491,0.509,5028,0
SFS,60,20241024,100000,0.509,0.509,0.493,0.493,4532,0
SFS,60,20241024,110000,0.508,0.508,0.508,0.508,580,0
SFS,60,20241024,170000,0.495,0.506,0.493,0.506,5001,0
SFS,60,20241025,100000,0.4955,0.4955,0.476,0.48,20963,0
SFS,60,20241025,110000,0.485,0.485,0.4845,0.4845,9265,0
SFS,60,20241025,120000,0.4995,0.5,0.4995,0.5,4100,0
SFS,60,20241025,130000,0.5,0.5,0.5,0.5,4000,0
SFS,60,20241025,140000,0.502,0.503,0.502,0.503,300,0
SFS,60,20241025,150000,0.503,0.503,0.503,0.503,982,0
SFS,60,20241025,170000,0.4965,0.5,0.491,0.491,14151,0
SFS,60,20241028,100000,0.486,0.4955,0.4625,0.472,37461,0
SFS,60,20241028,110000,0.472,0.49,0.472,0.49,20199,0
SFS,60,20241028,120000,0.4895,0.4925,0.4895,0.4925,3100,0
SFS,60,20241028,130000,0.4955,0.4955,0.49,0.49,797,0
SFS,60,20241028,170000,0.495,0.496,0.495,0.496,3687,0
SFS,60,20241029,100000,0.495,0.4965,0.495,0.4965,4200,0
SFS,60,20241029,110000,0.496,0.4965,0.496,0.4965,800,0
SFS,60,20241029,150000,0.496,0.4965,0.496,0.496,5200,0
SFS,60,20241029,170000,0.496,0.498,0.496,0.498,4000,0
SFS,60,20241030,100000,0.498,0.501,0.498,0.501,7049,0
SFS,60,20241030,110000,0.501,0.501,0.49,0.49,4900,0
SFS,60,20241030,120000,0.5,0.5,0.5,0.5,232,0
SFS,60,20241030,130000,0.493,0.493,0.493,0.493,333,0
SFS,60,20241030,140000,0.5,0.5,0.493,0.5,27400,0
SFS,60,20241030,150000,0.494,0.494,0.494,0.494,1447,0
SFS,60,20241030,170000,0.493,0.493,0.493,0.493,1,0
SFS,60,20241031,100000,0.493,0.503,0.493,0.501,3593,0
SFS,60,20241031,120000,0.496,0.496,0.493,0.493,3770,0
SFS,60,20241031,130000,0.493,0.5,0.492,0.492,10939,0
SFS,60,20241031,140000,0.501,0.501,0.501,0.501,200,0
SFS,60,20241031,160000,0.49,0.49,0.49,0.49,3531,0
SFS,60,20241031,170000,0.5,0.5,0.5,0.5,10,0
SFS,60,20241104,100000,0.5,0.5,0.5,0.5,690,0
SFS,60,20241104,110000,0.5,0.501,0.5,0.501,1200,0
SFS,60,20241104,150000,0.4995,0.4995,0.491,0.491,6604,0
SFS,60,20241104,170000,0.485,0.485,0.4845,0.4845,2881,0
SFS,60,20241105,100000,0.498,0.4985,0.498,0.4985,250,0
SFS,60,20241105,110000,0.49,0.49,0.49,0.49,2460,0
SFS,60,20241105,120000,0.49,0.49,0.49,0.49,10000,0
SFS,60,20241105,140000,0.498,0.498,0.498,0.498,1000,0
SFS,60,20241105,150000,0.4905,0.4905,0.48,0.48,13841,0
SFS,60,20241105,160000,0.4895,0.4895,0.4895,0.4895,250,0
SFS,60,20241106,100000,0.4895,0.502,0.4895,0.502,38930,0
SFS,60,20241106,110000,0.502,0.502,0.49,0.49,2070,0
SFS,60,20241106,130000,0.5,0.5,0.5,0.5,3250,0
SFS,60,20241106,140000,0.5,0.502,0.49,0.501,12438,0
SFS,60,20241107,100000,0.5,0.502,0.5,0.502,3269,0
SFS,60,20241107,110000,0.5,0.502,0.491,0.502,5000,0
SFS,60,20241107,120000,0.502,0.502,0.502,0.502,200,0
SFS,60,20241107,160000,0.502,0.502,0.502,0.502,320,0
SFS,60,20241107,170000,0.5,0.502,0.5,0.502,4100,0
SFS,60,20241108,110000,0.5,0.5,0.491,0.491,12510,0
SFS,60,20241108,120000,0.49,0.49,0.49,0.49,5962,0
SFS,60,20241108,140000,0.4995,0.503,0.4995,0.503,19721,0
SFS,60,20241108,150000,0.503,0.507,0.503,0.506,5900,0
SFS,60,20241108,160000,0.507,0.53,0.507,0.53,25078,0
SFS,60,20241108,170000,0.53,0.53,0.521,0.53,18913,0
SFS,60,20241112,100000,0.53,0.53,0.515,0.529,12730,0
SFS,60,20241112,110000,0.516,0.52,0.515,0.52,5022,0
SFS,60,20241112,130000,0.515,0.515,0.502,0.502,16338,0
SFS,60,20241112,140000,0.509,0.509,0.509,0.509,20,0
SFS,60,20241112,150000,0.509,0.52,0.509,0.52,6246,0
SFS,60,20241112,160000,0.52,0.52,0.52,0.52,533,0
SFS,60,20241113,100000,0.519,0.52,0.519,0.52,2500,0
SFS,60,20241113,110000,0.52,0.52,0.501,0.501,230,0
SFS,60,20241113,120000,0.516,0.516,0.516,0.516,100,0
SFS,60,20241113,130000,0.502,0.502,0.496,0.496,10000,0
SFS,60,20241113,140000,0.5,0.508,0.5,0.508,1799,0
SFS,60,20241113,160000,0.501,0.501,0.5,0.5,4974,0
SFS,60,20241113,170000,0.4965,0.503,0.484,0.503,18000,0
SFS,60,20241114,100000,0.503,0.503,0.503,0.503,785,0
SFS,60,20241114,120000,0.501,0.505,0.484,0.502,11984,0
SFS,60,20241114,130000,0.502,0.502,0.502,0.502,200,0
SFS,60,20241114,150000,0.49,0.49,0.49,0.49,200,0
SFS,60,20241114,160000,0.49,0.49,0.49,0.49,2500,0
SFS,60,20241114,170000,0.49,0.49,0.49,0.49,100,0
SFS,60,20241115,100000,0.499,0.4995,0.499,0.4995,250,0
SFS,60,20241115,110000,0.499,0.499,0.499,0.499,61,0
SFS,60,20241115,140000,0.499,0.499,0.499,0.499,989,0
SFS,60,20241115,150000,0.49,0.495,0.4865,0.495,6740,0
SFS,60,20241115,160000,0.4985,0.4995,0.4985,0.4995,4967,0
SFS,60,20241115,170000,0.487,0.487,0.487,0.487,1,0
SFS,60,20241118,100000,0.51,0.514,0.491,0.513,800,0
SFS,60,20241118,120000,0.491,0.491,0.487,0.487,4280,0
SFS,60,20241118,130000,0.488,0.488,0.488,0.488,134,0
SFS,60,20241118,140000,0.488,0.488,0.48,0.48,13076,0
SFS,60,20241118,150000,0.49,0.49,0.49,0.49,650,0
SFS,60,20241118,160000,0.485,0.49,0.4805,0.49,1050,0
SFS,60,20241119,100000,0.49,0.49,0.48,0.48,6300,0
SFS,60,20241119,110000,0.499,0.499,0.499,0.499,100,0
SFS,60,20241119,120000,0.481,0.481,0.48,0.48,9000,0
SFS,60,20241119,140000,0.481,0.481,0.48,0.48,3550,0
SFS,60,20241119,150000,0.473,0.473,0.473,0.473,2000,0
SFS,60,20241119,160000,0.472,0.472,0.444,0.4545,36147,0
SFS,60,20241119,170000,0.4545,0.468,0.4545,0.468,4800,0
SFS,60,20241120,100000,0.446,0.468,0.444,0.466,14944,0
SFS,60,20241120,110000,0.444,0.466,0.444,0.466,200,0
SFS,60,20241120,120000,0.45,0.45,0.444,0.444,8806,0
SFS,60,20241120,130000,0.464,0.464,0.443,0.443,1691,0
SFS,60,20241120,140000,0.4615,0.4615,0.4585,0.4585,100,0
SFS,60,20241120,150000,0.4585,0.4585,0.4585,0.4585,4020,0
SFS,60,20241120,160000,0.4585,0.46,0.4585,0.46,1614,0
SFS,60,20241120,170000,0.442,0.447,0.412,0.447,20680,0
SFS,60,20241121,100000,0.4475,0.46,0.447,0.447,48560,0
SFS,60,20241121,110000,0.441,0.46,0.414,0.414,89075,0
SFS,60,20241121,120000,0.413,0.426,0.409,0.426,31434,0
SFS,60,20241121,130000,0.42,0.43,0.42,0.43,24000,0
SFS,60,20241121,140000,0.43,0.43,0.422,0.43,11233,0
SFS,60,20241121,150000,0.43,0.43,0.43,0.43,13030,0
SFS,60,20241121,170000,0.424,0.43,0.424,0.43,1211,0
SFS,60,20241122,110000,0.425,0.43,0.425,0.43,5084,0
SFS,60,20241122,140000,0.4295,0.4295,0.4295,0.4295,1436,0
SFS,60,20241122,150000,0.425,0.425,0.425,0.425,5000,0
SFS,60,20241125,100000,0.414,0.414,0.414,0.414,10256,0
SFS,60,20241125,120000,0.415,0.415,0.414,0.414,13689,0
SFS,60,20241125,130000,0.413,0.42,0.4125,0.42,4421,0
SFS,60,20241125,140000,0.42,0.42,0.412,0.42,3726,0
SFS,60,20241125,150000,0.4225,0.4225,0.4225,0.4225,3000,0
SFS,60,20241125,160000,0.4225,0.4225,0.4125,0.4125,3407,0
SFS,60,20241125,170000,0.412,0.412,0.412,0.412,3612,0
SFS,60,20241126,100000,0.412,0.43,0.411,0.429,107346,0
SFS,60,20241126,110000,0.42,0.4315,0.415,0.431,51377,0
SFS,60,20241126,120000,0.422,0.422,0.4215,0.4215,47481,0
SFS,60,20241126,150000,0.4215,0.4215,0.4215,0.4215,6389,0
SFS,60,20241126,160000,0.421,0.421,0.421,0.421,200,0
SFS,60,20241126,170000,0.421,0.445,0.42,0.4375,52559,0
SFS,60,20241127,100000,0.444,0.488,0.4425,0.488,110143,0
SFS,60,20241127,110000,0.501,0.536,0.501,0.536,228553,0
SFS,60,20241127,120000,0.535,0.55,0.535,0.549,31190,0
SFS,60,20241127,130000,0.536,0.55,0.536,0.538,42086,0
SFS,60,20241127,140000,0.538,0.55,0.536,0.55,24340,0
SFS,60,20241128,100000,0.62,0.67,0.617,0.642,430303,0
SFS,60,20241128,110000,0.637,0.638,0.588,0.615,132696,0
SFS,60,20241128,120000,0.605,0.609,0.56,0.575,261476,0
SFS,60,20241128,130000,0.577,0.598,0.572,0.58,263371,0
SFS,60,20241128,140000,0.58,0.584,0.565,0.578,56984,0
SFS,60,20241128,150000,0.578,0.584,0.574,0.58,34299,0
SFS,60,20241128,160000,0.574,0.58,0.56,0.58,82145,0
SFS,60,20241128,170000,0.579,0.58,0.562,0.575,90211,0
SFS,60,20241129,100000,0.57,0.577,0.551,0.574,45489,0
SFS,60,20241129,110000,0.57,0.597,0.567,0.588,140553,0
SFS,60,20241129,120000,0.588,0.619,0.576,0.618,112288,0
SFS,60,20241129,130000,0.618,0.619,0.617,0.618,39113,0
SFS,60,20241129,140000,0.615,0.619,0.601,0.608,30714,0
SFS,60,20241129,150000,0.601,0.601,0.583,0.585,15694,0
SFS,60,20241129,160000,0.585,0.585,0.58,0.584,21080,0
SFS,60,20241129,170000,0.584,0.593,0.552,0.554,56565,0
SFS,60,20241202,100000,0.535,0.535,0.4915,0.5,225815,0
SFS,60,20241202,110000,0.508,0.509,0.4835,0.496,201172,0
SFS,60,20241202,120000,0.491,0.507,0.49,0.506,49874,0
SFS,60,20241202,130000,0.504,0.51,0.5,0.506,29380,0
SFS,60,20241202,140000,0.502,0.514,0.5,0.503,18098,0
SFS,60,20241202,150000,0.505,0.515,0.505,0.515,6861,0
SFS,60,20241202,160000,0.51,0.513,0.506,0.513,4823,0
SFS,60,20241202,170000,0.513,0.516,0.503,0.509,32459,0
SFS,60,20241203,100000,0.51,0.51,0.485,0.4965,54100,0
SFS,60,20241203,110000,0.496,0.508,0.4715,0.482,118044,0
SFS,60,20241203,120000,0.482,0.482,0.473,0.4735,19931,0
SFS,60,20241203,130000,0.4835,0.4835,0.4835,0.4835,200,0
SFS,60,20241203,140000,0.4835,0.4835,0.468,0.468,61228,0
SFS,60,20241203,150000,0.4655,0.493,0.4655,0.48,67947,0
SFS,60,20241203,160000,0.482,0.482,0.478,0.478,4704,0
SFS,60,20241203,170000,0.4725,0.478,0.467,0.474,45712,0
SFS,60,20241204,100000,0.466,0.487,0.4655,0.475,30568,0
SFS,60,20241204,110000,0.4715,0.487,0.471,0.4865,10200,0
SFS,60,20241204,120000,0.4825,0.4855,0.4825,0.4855,6021,0
SFS,60,20241204,130000,0.48,0.506,0.474,0.5,92285,0
SFS,60,20241204,140000,0.505,0.512,0.499,0.502,64997,0
SFS,60,20241204,150000,0.512,0.512,0.503,0.512,9982,0
SFS,60,20241204,160000,0.512,0.52,0.51,0.52,11956,0
SFS,60,20241204,170000,0.519,0.52,0.49,0.508,35203,0
SFS,60,20241205,100000,0.508,0.508,0.4715,0.472,42042,0
SFS,60,20241205,110000,0.48,0.51,0.48,0.5,27400,0
SFS,60,20241205,120000,0.5,0.5,0.48,0.4825,12213,0
SFS,60,20241205,130000,0.499,0.505,0.499,0.505,7950,0
SFS,60,20241205,140000,0.4865,0.4865,0.485,0.485,17950,0
SFS,60,20241205,150000,0.485,0.528,0.485,0.526,70519,0
SFS,60,20241205,160000,0.521,0.528,0.513,0.513,14599,0
SFS,60,20241205,170000,0.52,0.52,0.52,0.52,5300,0
SFS,60,20241206,100000,0.519,0.55,0.502,0.541,24697,0
SFS,60,20241206,110000,0.54,0.54,0.513,0.513,4820,0
SFS,60,20241206,120000,0.513,0.542,0.5,0.5,49001,0
SFS,60,20241206,140000,0.507,0.509,0.49,0.49,10821,0
SFS,60,20241206,150000,0.507,0.507,0.4995,0.4995,51,0
SFS,60,20241206,160000,0.499,0.499,0.49,0.49,4753,0
SFS,60,20241206,170000,0.495,0.496,0.495,0.496,2294,0
SFS,60,20241209,100000,0.493,0.504,0.4915,0.503,3300,0
SFS,60,20241209,110000,0.493,0.493,0.491,0.491,1100,0
SFS,60,20241209,120000,0.4925,0.51,0.49,0.51,5181,0
SFS,60,20241209,130000,0.507,0.508,0.4925,0.508,8082,0
SFS,60,20241209,140000,0.509,0.516,0.5,0.513,9486,0
SFS,60,20241209,150000,0.505,0.51,0.505,0.51,2215,0
SFS,60,20241209,160000,0.506,0.508,0.506,0.508,2000,0
SFS,60,20241209,170000,0.51,0.519,0.509,0.519,40852,0
SFS,60,20241210,100000,0.518,0.518,0.518,0.518,3531,0
SFS,60,20241210,110000,0.502,0.518,0.4925,0.517,16551,0
SFS,60,20241210,160000,0.505,0.514,0.4945,0.514,1024,0
SFS,60,20241210,170000,0.513,0.514,0.513,0.514,51,0
SFS,60,20241211,100000,0.514,0.514,0.514,0.514,560,0
SFS,60,20241211,110000,0.5,0.502,0.4915,0.4915,22302,0
SFS,60,20241211,120000,0.501,0.505,0.501,0.505,7000,0
SFS,60,20241211,130000,0.505,0.51,0.501,0.509,10000,0
SFS,60,20241211,150000,0.506,0.52,0.506,0.514,17685,0
SFS,60,20241211,170000,0.503,0.512,0.501,0.512,15055,0
SFS,60,20241212,100000,0.52,0.522,0.51,0.522,20100,0
SFS,60,20241212,110000,0.522,0.54,0.52,0.539,56757,0
SFS,60,20241212,120000,0.538,0.538,0.512,0.512,7348,0
SFS,60,20241212,130000,0.511,0.511,0.505,0.505,643,0
SFS,60,20241212,140000,0.51,0.512,0.51,0.512,587533,0
SFS,60,20241212,160000,0.517,0.519,0.515,0.519,198560,0
SFS,60,20241212,170000,0.515,0.53,0.515,0.53,288961,0
SFS,60,20241213,100000,0.53,0.58,0.53,0.579,64138,0
SFS,60,20241213,110000,0.575,0.576,0.56,0.576,31021,0
SFS,60,20241213,120000,0.573,0.575,0.569,0.572,28738,0
SFS,60,20241213,130000,0.57,0.57,0.557,0.557,6750,0
SFS,60,20241213,140000,0.557,0.56,0.557,0.56,4000,0
SFS,60,20241213,150000,0.551,0.56,0.548,0.56,6882,0
SFS,60,20241213,160000,0.55,0.55,0.55,0.55,3000,0
SFS,60,20241213,170000,0.546,0.558,0.545,0.55,4901,0
SFS,60,20241216,100000,0.55,0.575,0.545,0.575,24854,0
SFS,60,20241216,110000,0.552,0.57,0.543,0.546,21280,0
SFS,60,20241216,120000,0.562,0.563,0.562,0.563,1050,0
SFS,60,20241216,130000,0.561,0.562,0.561,0.562,5000,0
SFS,60,20241216,140000,0.56,0.562,0.55,0.562,3750,0
SFS,60,20241216,150000,0.562,0.562,0.512,0.522,13910,0
SFS,60,20241216,160000,0.523,0.529,0.523,0.529,5410,0
SFS,60,20241216,170000,0.522,0.529,0.514,0.518,20061,0
SFS,60,20241217,100000,0.52,0.54,0.51,0.537,10765,0
SFS,60,20241217,120000,0.516,0.535,0.516,0.53,2324,0
SFS,60,20241217,130000,0.523,0.523,0.523,0.523,2000,0
SFS,60,20241217,140000,0.516,0.523,0.516,0.516,841,0
SFS,60,20241217,150000,0.516,0.516,0.516,0.516,4709,0
SFS,60,20241217,170000,0.516,0.516,0.516,0.516,1,0
SFS,60,20241218,100000,0.523,0.523,0.51,0.51,3510,0
SFS,60,20241218,110000,0.522,0.522,0.522,0.522,50,0
SFS,60,20241218,120000,0.513,0.513,0.513,0.513,3300,0
SFS,60,20241218,140000,0.521,0.522,0.521,0.522,4833,0
SFS,60,20241218,150000,0.522,0.522,0.522,0.522,11,0
SFS,60,20241218,160000,0.518,0.535,0.51,0.535,31515,0
SFS,60,20241218,170000,0.516,0.516,0.515,0.516,9668,0
SFS,60,20241219,100000,0.515,0.515,0.515,0.515,5112,0
SFS,60,20241219,110000,0.516,0.538,0.516,0.538,721,0
SFS,60,20241219,120000,0.538,0.538,0.516,0.536,245,0
SFS,60,20241219,140000,0.516,0.516,0.51,0.51,865,0
SFS,60,20241219,160000,0.51,0.52,0.51,0.52,8589,0
SFS,60,20241219,170000,0.511,0.532,0.511,0.532,1525,0
SFS,60,20241220,100000,0.519,0.52,0.51,0.51,22541,0
SFS,60,20241220,110000,0.51,0.51,0.51,0.51,5000,0
SFS,60,20241220,120000,0.516,0.516,0.505,0.51,13088,0
SFS,60,20241220,130000,0.505,0.505,0.505,0.505,86,0
SFS,60,20241220,140000,0.506,0.506,0.502,0.502,4202,0
SFS,60,20241220,150000,0.502,0.506,0.5,0.502,12286,0
SFS,60,20241220,160000,0.506,0.506,0.506,0.506,50,0
SFS,60,20241220,170000,0.506,0.506,0.5,0.506,8560,0
SFS,60,20241223,100000,0.5,0.501,0.49,0.496,25188,0
SFS,60,20241223,110000,0.4955,0.4955,0.4905,0.4915,8500,0
SFS,60,20241223,120000,0.4995,0.52,0.491,0.516,47991,0
SFS,60,20241223,130000,0.5,0.514,0.5,0.514,2750,0
SFS,60,20241223,140000,0.51,0.51,0.491,0.491,5050,0
SFS,60,20241223,150000,0.5,0.504,0.5,0.5,9662,0
SFS,60,20241223,160000,0.5,0.5,0.5,0.5,6493,0
SFS,60,20241223,170000,0.5,0.5,0.5,0.5,3507,0
SFS,60,20241227,100000,0.492,0.5,0.48,0.5,32363,0
SFS,60,20241227,110000,0.496,0.496,0.4925,0.4925,5050,0
SFS,60,20241227,120000,0.492,0.496,0.482,0.496,10226,0
SFS,60,20241227,130000,0.484,0.484,0.482,0.482,4531,0
SFS,60,20241227,140000,0.482,0.496,0.482,0.496,4210,0
SFS,60,20241227,150000,0.495,0.495,0.495,0.495,25,0
SFS,60,20241227,160000,0.496,0.496,0.4915,0.4915,1025,0
SFS,60,20241227,170000,0.496,0.496,0.4905,0.4905,4955,0
SFS,60,20241230,100000,0.491,0.5,0.491,0.4985,4729,0
SFS,60,20241230,110000,0.496,0.496,0.48,0.48,9628,0
SFS,60,20241230,120000,0.4875,0.4875,0.4875,0.4875,4000,0
SFS,60,20241230,130000,0.4875,0.4875,0.4875,0.4875,2,0
SFS,60,20241230,140000,0.4825,0.4825,0.482,0.482,14650,0
SFS,60,20241230,150000,0.481,0.49,0.481,0.4895,10100,0
SFS,60,20241230,160000,0.48,0.503,0.48,0.503,31825,0
SFS,60,20241230,170000,0.49,0.4995,0.49,0.4995,3300,0
SFS,60,20250102,100000,0.5,0.538,0.488,0.538,12413,0
SFS,60,20250102,110000,0.517,0.517,0.49,0.49,2500,0
SFS,60,20250102,120000,0.509,0.525,0.509,0.525,5782,0
SFS,60,20250102,130000,0.525,0.53,0.525,0.528,13600,0
SFS,60,20250102,140000,0.527,0.527,0.51,0.51,43,0
SFS,60,20250102,150000,0.526,0.526,0.525,0.525,40,0
SFS,60,20250102,160000,0.528,0.528,0.526,0.527,540,0
SFS,60,20250103,100000,0.527,0.527,0.5,0.525,4277,0
SFS,60,20250103,120000,0.523,0.523,0.5,0.522,2800,0
SFS,60,20250103,130000,0.522,0.522,0.522,0.522,1306,0
SFS,60,20250103,140000,0.512,0.512,0.503,0.503,7000,0
SFS,60,20250103,160000,0.517,0.52,0.517,0.52,54,0
SFS,60,20250107,100000,0.516,0.52,0.516,0.52,14968,0
SFS,60,20250107,110000,0.525,0.525,0.525,0.525,3512,0
SFS,60,20250107,120000,0.524,0.524,0.502,0.505,6852,0
SFS,60,20250107,130000,0.505,0.52,0.495,0.4985,18101,0
SFS,60,20250107,140000,0.498,0.498,0.498,0.498,4278,0
SFS,60,20250107,150000,0.522,0.522,0.517,0.517,4166,0
SFS,60,20250107,160000,0.517,0.517,0.515,0.515,427,0
SFS,60,20250107,170000,0.517,0.517,0.515,0.517,503,0
SFS,60,20250108,100000,0.512,0.512,0.494,0.494,5000,0
SFS,60,20250108,110000,0.495,0.495,0.49,0.492,17948,0
SFS,60,20250108,120000,0.515,0.515,0.515,0.515,2000,0
SFS,60,20250108,140000,0.504,0.504,0.504,0.504,24,0
SFS,60,20250108,150000,0.503,0.503,0.503,0.503,24,0
SFS,60,20250108,160000,0.499,0.499,0.49,0.49,19965,0
SFS,60,20250108,170000,0.491,0.495,0.49,0.492,24309,0
SFS,60,20250109,100000,0.493,0.511,0.492,0.495,3643,0
SFS,60,20250109,110000,0.5,0.51,0.495,0.495,15020,0
SFS,60,20250109,130000,0.509,0.511,0.509,0.511,3850,0
SFS,60,20250109,150000,0.511,0.513,0.511,0.513,35,0
SFS,60,20250109,170000,0.501,0.513,0.501,0.513,220,0
SFS,60,20250110,100000,0.501,0.511,0.501,0.511,906,0
SFS,60,20250110,110000,0.501,0.511,0.501,0.511,2150,0
SFS,60,20250110,120000,0.51,0.51,0.5,0.5,1100,0
SFS,60,20250110,130000,0.509,0.509,0.5,0.5,2850,0
SFS,60,20250110,140000,0.511,0.511,0.511,0.511,1500,0
SFS,60,20250110,150000,0.5,0.5,0.5,0.5,171,0
SFS,60,20250110,160000,0.51,0.51,0.51,0.51,2777,0
SFS,60,20250110,170000,0.5,0.505,0.5,0.505,5823,0
SFS,60,20250113,100000,0.49,0.49,0.482,0.49,32078,0
SFS,60,20250113,110000,0.5,0.514,0.5,0.514,650,0
SFS,60,20250113,130000,0.51,0.51,0.51,0.51,20,0
SFS,60,20250113,140000,0.508,0.508,0.499,0.499,921,0
SFS,60,20250113,150000,0.499,0.506,0.491,0.506,10024,0
SFS,60,20250113,160000,0.5,0.5,0.5,0.5,8076,0
SFS,60,20250113,170000,0.5,0.5,0.5,0.5,11019,0
SFS,60,20250114,100000,0.514,0.514,0.514,0.514,12000,0
SFS,60,20250114,120000,0.512,0.512,0.492,0.492,8021,0
SFS,60,20250114,140000,0.492,0.492,0.492,0.492,400,0
SFS,60,20250114,170000,0.508,0.508,0.508,0.508,100,0
SFS,60,20250115,100000,0.4955,0.508,0.495,0.508,232,0
SFS,60,20250115,120000,0.4995,0.4995,0.4995,0.4995,21,0
SFS,60,20250115,140000,0.505,0.51,0.4995,0.51,18027,0
SFS,60,20250115,160000,0.5,0.512,0.5,0.512,13915,0
SFS,60,20250115,170000,0.51,0.514,0.51,0.51,3245,0
SFS,60,20250116,100000,0.514,0.514,0.514,0.514,9229,0
SFS,60,20250116,110000,0.515,0.53,0.515,0.523,19115,0
SFS,60,20250116,120000,0.516,0.53,0.51,0.53,27520,0
SFS,60,20250116,140000,0.525,0.525,0.518,0.518,408,0
SFS,60,20250116,150000,0.526,0.564,0.526,0.554,106600,0
SFS,60,20250116,160000,0.551,0.553,0.531,0.545,5736,0
SFS,60,20250116,170000,0.539,0.55,0.531,0.55,13110,0
SFS,60,20250117,100000,0.532,0.575,0.531,0.575,50321,0
SFS,60,20250117,110000,0.576,0.579,0.551,0.56,23101,0
SFS,60,20250117,120000,0.574,0.575,0.55,0.574,20494,0
SFS,60,20250117,140000,0.566,0.572,0.558,0.558,550,0
SFS,60,20250117,150000,0.558,0.558,0.547,0.547,1000,0
SFS,60,20250117,160000,0.56,0.56,0.56,0.56,100,0
SFS,60,20250117,170000,0.55,0.56,0.55,0.56,2167,0
SFS,60,20250120,100000,0.56,0.569,0.542,0.542,3981,0
SFS,60,20250120,110000,0.569,0.569,0.569,0.569,1777,0
SFS,60,20250120,120000,0.569,0.57,0.569,0.57,13556,0
SFS,60,20250120,130000,0.57,0.57,0.569,0.57,3564,0
SFS,60,20250120,140000,0.57,0.573,0.569,0.569,1601,0
SFS,60,20250120,150000,0.568,0.568,0.568,0.568,660,0
SFS,60,20250120,170000,0.567,0.572,0.532,0.567,24114,0
SFS,60,20250121,100000,0.566,0.566,0.534,0.534,3100,0
SFS,60,20250121,110000,0.559,0.559,0.559,0.559,50,0
SFS,60,20250121,120000,0.559,0.559,0.559,0.559,400,0
SFS,60,20250121,130000,0.536,0.536,0.536,0.536,935,0
SFS,60,20250121,140000,0.554,0.554,0.554,0.554,315,0
SFS,60,20250121,170000,0.537,0.537,0.537,0.537,4400,0
SFS,60,20250122,100000,0.558,0.558,0.537,0.537,2480,0
SFS,60,20250122,110000,0.536,0.536,0.536,0.536,90,0
SFS,60,20250122,120000,0.536,0.536,0.535,0.535,1350,0
SFS,60,20250122,130000,0.536,0.557,0.536,0.557,2273,0
SFS,60,20250122,160000,0.543,0.543,0.531,0.531,625,0
SFS,60,20250122,170000,0.531,0.55,0.518,0.549,15300,0
SFS,60,20250123,100000,0.556,0.556,0.556,0.556,5,0
SFS,60,20250123,110000,0.55,0.55,0.55,0.55,400,0
SFS,60,20250123,120000,0.53,0.549,0.53,0.549,1489,0
SFS,60,20250123,130000,0.53,0.53,0.521,0.521,9392,0
SFS,60,20250123,140000,0.522,0.522,0.522,0.522,20,0
SFS,60,20250123,150000,0.545,0.545,0.545,0.545,69,0
SFS,60,20250123,170000,0.524,0.524,0.523,0.523,9581,0
SFS,60,20250124,100000,0.539,0.54,0.539,0.54,3000,0
SFS,60,20250124,110000,0.545,0.567,0.545,0.567,20261,0
SFS,60,20250124,120000,0.54,0.564,0.532,0.564,22224,0
SFS,60,20250124,130000,0.563,0.563,0.55,0.56,9239,0
SFS,60,20250124,140000,0.555,0.555,0.54,0.54,2610,0
SFS,60,20250124,150000,0.549,0.549,0.549,0.549,44,0
SFS,60,20250124,170000,0.535,0.535,0.535,0.535,1,0
SFS,60,20250127,100000,0.52,0.53,0.52,0.53,5693,0
SFS,60,20250127,110000,0.52,0.562,0.52,0.562,20522,0
SFS,60,20250127,120000,0.56,0.562,0.532,0.559,17309,0
SFS,60,20250127,130000,0.534,0.552,0.532,0.552,7700,0
SFS,60,20250127,140000,0.534,0.552,0.533,0.534,7974,0
SFS,60,20250127,150000,0.552,0.553,0.53,0.53,13101,0
SFS,60,20250127,170000,0.546,0.55,0.546,0.55,220,0
SFS,60,20250128,100000,0.546,0.546,0.53,0.546,3107,0
SFS,60,20250128,110000,0.546,0.546,0.546,0.546,240,0
SFS,60,20250128,120000,0.55,0.552,0.55,0.552,10400,0
SFS,60,20250128,130000,0.552,0.557,0.552,0.557,13423,0
SFS,60,20250128,140000,0.553,0.553,0.553,0.553,582,0
SFS,60,20250128,150000,0.552,0.552,0.552,0.552,5223,0
SFS,60,20250129,100000,0.56,0.562,0.558,0.56,7431,0
SFS,60,20250129,110000,0.54,0.54,0.54,0.54,2000,0
SFS,60,20250129,120000,0.55,0.55,0.55,0.55,10,0
SFS,60,20250129,150000,0.54,0.54,0.54,0.54,2268,0
SFS,60,20250129,160000,0.532,0.545,0.523,0.545,19523,0
SFS,60,20250129,170000,0.542,0.542,0.542,0.542,1,0
SFS,60,20250130,100000,0.542,0.542,0.523,0.523,1175,0
SFS,60,20250130,110000,0.539,0.54,0.53,0.53,5565,0
SFS,60,20250130,120000,0.531,0.531,0.53,0.53,679,0
SFS,60,20250130,130000,0.53,0.53,0.53,0.53,5771,0
SFS,60,20250130,140000,0.537,0.537,0.53,0.53,1150,0
SFS,60,20250130,170000,0.537,0.537,0.537,0.537,29,0
SFS,60,20250131,100000,0.526,0.538,0.526,0.538,825,0
SFS,60,20250131,110000,0.524,0.538,0.502,0.538,13910,0
SFS,60,20250131,120000,0.535,0.535,0.51,0.531,21335,0
SFS,60,20250131,130000,0.529,0.532,0.529,0.532,1950,0
SFS,60,20250131,140000,0.524,0.533,0.524,0.533,50,0
SFS,60,20250131,160000,0.524,0.536,0.52,0.52,7731,0
SFS,60,20250131,170000,0.512,0.535,0.511,0.535,3077,0
SFS,60,20250203,100000,0.515,0.533,0.502,0.532,10597,0
SFS,60,20250203,120000,0.529,0.529,0.51,0.51,11320,0
SFS,60,20250203,130000,0.508,0.525,0.503,0.525,20035,0
SFS,60,20250203,140000,0.504,0.523,0.5,0.522,32006,0
SFS,60,20250203,150000,0.52,0.521,0.52,0.521,1000,0
SFS,60,20250203,160000,0.506,0.519,0.5,0.519,14315,0
SFS,60,20250203,170000,0.5,0.516,0.495,0.515,3011,0
SFS,60,20250204,100000,0.515,0.515,0.5,0.5,2725,0
SFS,60,20250204,110000,0.5,0.513,0.5,0.5,4400,0
SFS,60,20250204,120000,0.515,0.522,0.515,0.522,2314,0
SFS,60,20250204,130000,0.511,0.511,0.511,0.511,2749,0
SFS,60,20250204,150000,0.502,0.502,0.5,0.501,25117,0
SFS,60,20250204,160000,0.501,0.511,0.5,0.511,990,0
SFS,60,20250204,170000,0.513,0.52,0.5,0.52,17359,0
SFS,60,20250205,100000,0.519,0.519,0.492,0.515,37456,0
SFS,60,20250205,110000,0.5,0.5,0.5,0.5,2200,0
SFS,60,20250205,120000,0.5,0.513,0.5,0.512,4155,0
SFS,60,20250205,140000,0.51,0.51,0.51,0.51,2081,0
SFS,60,20250205,160000,0.509,0.509,0.503,0.503,1040,0
SFS,60,20250205,170000,0.501,0.509,0.501,0.509,3474,0
SFS,60,20250206,110000,0.501,0.501,0.5,0.5,10200,0
SFS,60,20250206,120000,0.5,0.507,0.5,0.507,11350,0
SFS,60,20250206,130000,0.501,0.507,0.498,0.507,10010,0
SFS,60,20250206,140000,0.5,0.523,0.5,0.521,18399,0
SFS,60,20250206,170000,0.518,0.519,0.503,0.519,5734,0
SFS,60,20250207,100000,0.519,0.52,0.519,0.52,2000,0
SFS,60,20250207,110000,0.519,0.519,0.519,0.519,1020,0
SFS,60,20250207,120000,0.519,0.519,0.519,0.519,100,0
SFS,60,20250207,130000,0.519,0.52,0.519,0.52,6880,0
SFS,60,20250207,150000,0.508,0.508,0.501,0.501,17832,0
SFS,60,20250207,160000,0.513,0.513,0.513,0.513,20,0
SFS,60,20250207,170000,0.502,0.513,0.501,0.502,8005,0
SFS,60,20250210,100000,0.509,0.509,0.509,0.509,3500,0
SFS,60,20250210,110000,0.502,0.51,0.492,0.492,43870,0
SFS,60,20250210,120000,0.509,0.509,0.5,0.5,9945,0
SFS,60,20250210,130000,0.509,0.509,0.502,0.502,7544,0
SFS,60,20250210,140000,0.502,0.502,0.502,0.502,1000,0
SFS,60,20250210,150000,0.5,0.5,0.496,0.497,3200,0
SFS,60,20250210,170000,0.504,0.504,0.504,0.504,2976,0
SFS,60,20250211,100000,0.504,0.508,0.498,0.504,16359,0
SFS,60,20250211,110000,0.501,0.501,0.5,0.5,10000,0
SFS,60,20250211,130000,0.504,0.504,0.5,0.5,5129,0
SFS,60,20250211,140000,0.502,0.502,0.5,0.5,3000,0
SFS,60,20250211,150000,0.504,0.504,0.504,0.504,794,0
SFS,60,20250211,170000,0.5,0.504,0.496,0.504,43335,0
SFS,60,20250212,100000,0.5,0.5,0.495,0.5,6748,0
SFS,60,20250212,110000,0.496,0.496,0.494,0.494,10550,0
SFS,60,20250212,120000,0.5,0.508,0.5,0.508,32334,0
SFS,60,20250212,130000,0.506,0.518,0.506,0.518,7084,0
SFS,60,20250212,140000,0.517,0.535,0.51,0.511,55180,0
SFS,60,20250212,150000,0.532,0.532,0.512,0.529,8303,0
SFS,60,20250212,160000,0.52,0.52,0.502,0.516,22372,0
SFS,60,20250212,170000,0.516,0.516,0.516,0.516,2501,0
SFS,60,20250213,100000,0.502,0.516,0.501,0.515,12510,0
SFS,60,20250213,110000,0.503,0.512,0.503,0.512,4250,0
SFS,60,20250213,120000,0.512,0.514,0.512,0.512,2358,0
SFS,60,20250213,140000,0.515,0.515,0.503,0.515,3300,0
SFS,60,20250213,150000,0.503,0.515,0.5,0.515,16035,0
SFS,60,20250213,170000,0.502,0.514,0.502,0.514,4936,0
SFS,60,20250214,100000,0.515,0.515,0.515,0.515,100,0
SFS,60,20250214,110000,0.501,0.526,0.499,0.5,47139,0
SFS,60,20250214,120000,0.5,0.524,0.5,0.519,1599,0
SFS,60,20250214,130000,0.504,0.517,0.504,0.504,10708,0
SFS,60,20250214,140000,0.502,0.515,0.493,0.506,24831,0
SFS,60,20250214,150000,0.4985,0.4985,0.493,0.493,3000,0
SFS,60,20250214,160000,0.4955,0.507,0.4945,0.507,10766,0
SFS,60,20250214,170000,0.5,0.5,0.5,0.5,5400,0
SFS,60,20250217,100000,0.508,0.515,0.501,0.513,12965,0
SFS,60,20250217,110000,0.513,0.513,0.504,0.513,3120,0
SFS,60,20250217,120000,0.506,0.515,0.506,0.515,9050,0
SFS,60,20250217,130000,0.507,0.507,0.5,0.5,43340,0
SFS,60,20250217,140000,0.5,0.5,0.5,0.5,9913,0
SFS,60,20250217,150000,0.5,0.509,0.499,0.509,25514,0
SFS,60,20250217,160000,0.5,0.5,0.5,0.5,100,0
SFS,60,20250217,170000,0.5,0.5,0.5,0.5,1160,0
SFS,60,20250218,100000,0.509,0.534,0.502,0.534,85201,0
SFS,60,20250218,110000,0.534,0.534,0.507,0.52,6787,0
SFS,60,20250218,120000,0.513,0.513,0.513,0.513,1000,0
SFS,60,20250218,130000,0.512,0.519,0.512,0.519,2707,0
SFS,60,20250218,160000,0.519,0.519,0.513,0.519,1646,0
SFS,60,20250218,170000,0.518,0.519,0.506,0.517,11221,0
SFS,60,20250219,100000,0.517,0.53,0.506,0.525,16958,0
SFS,60,20250219,110000,0.519,0.519,0.508,0.508,13622,0
SFS,60,20250219,120000,0.508,0.518,0.508,0.518,2000,0
SFS,60,20250219,130000,0.507,0.518,0.507,0.518,120,0
SFS,60,20250219,140000,0.508,0.508,0.508,0.508,3000,0
SFS,60,20250219,150000,0.518,0.518,0.518,0.518,100,0
SFS,60,20250219,160000,0.509,0.509,0.509,0.509,333,0
SFS,60,20250219,170000,0.509,0.51,0.508,0.51,3586,0
SFS,60,20250220,100000,0.515,0.515,0.501,0.501,23558,0
SFS,60,20250220,110000,0.503,0.509,0.503,0.509,5000,0
SFS,60,20250220,120000,0.503,0.509,0.503,0.509,128,0
SFS,60,20250220,130000,0.509,0.509,0.509,0.509,2000,0
SFS,60,20250220,160000,0.508,0.515,0.507,0.514,9941,0
SFS,60,20250221,100000,0.514,0.514,0.511,0.511,2120,0
SFS,60,20250221,110000,0.511,0.514,0.511,0.514,17158,0
SFS,60,20250221,120000,0.512,0.512,0.512,0.512,19200,0
SFS,60,20250221,130000,0.512,0.512,0.501,0.512,2759,0
SFS,60,20250221,140000,0.503,0.503,0.503,0.503,5000,0
SFS,60,20250221,150000,0.502,0.51,0.502,0.51,8500,0
SFS,60,20250221,170000,0.509,0.509,0.509,0.509,3,0
SFS,60,20250224,100000,0.502,0.507,0.502,0.507,1600,0
SFS,60,20250224,120000,0.503,0.503,0.503,0.503,200,0
SFS,60,20250224,130000,0.503,0.505,0.5,0.505,34089,0
SFS,60,20250224,140000,0.501,0.506,0.501,0.506,10101,0
SFS,60,20250224,160000,0.505,0.505,0.505,0.505,3000,0
SFS,60,20250224,170000,0.504,0.504,0.504,0.504,500,0
SFS,60,20250225,100000,0.505,0.505,0.505,0.505,1208,0
SFS,60,20250225,110000,0.504,0.504,0.502,0.502,4139,0
SFS,60,20250225,120000,0.501,0.501,0.501,0.501,40,0
SFS,60,20250225,130000,0.501,0.501,0.501,0.501,60,0
SFS,60,20250225,140000,0.501,0.501,0.501,0.501,643,0
SFS,60,20250225,170000,0.501,0.501,0.501,0.501,100,0
SFS,60,20250226,100000,0.506,0.506,0.506,0.506,100,0
SFS,60,20250226,110000,0.501,0.501,0.496,0.498,3854,0
SFS,60,20250226,120000,0.505,0.506,0.49,0.505,30542,0
SFS,60,20250226,130000,0.491,0.504,0.49,0.503,50640,0
SFS,60,20250226,140000,0.495,0.495,0.4905,0.4905,6875,0
SFS,60,20250226,150000,0.502,0.502,0.502,0.502,100,0
SFS,60,20250226,160000,0.4925,0.501,0.49,0.501,25100,0
SFS,60,20250227,100000,0.48,0.501,0.48,0.4995,35512,0
SFS,60,20250227,150000,0.491,0.491,0.4895,0.4895,600,0
SFS,60,20250227,160000,0.49,0.498,0.49,0.497,300,0
SFS,60,20250227,170000,0.495,0.499,0.495,0.498,1301,0
SFS,60,20250228,100000,0.497,0.497,0.497,0.497,100,0
SFS,60,20250228,110000,0.4855,0.4855,0.4855,0.4855,300,0
SFS,60,20250228,120000,0.4965,0.4965,0.49,0.49,7360,0
SFS,60,20250228,130000,0.486,0.497,0.485,0.497,3849,0
SFS,60,20250228,140000,0.49,0.497,0.49,0.497,2025,0
SFS,60,20250228,150000,0.4965,0.499,0.4965,0.499,1900,0
SFS,60,20250228,160000,0.4905,0.499,0.4905,0.4965,5200,0
SFS,60,20250228,170000,0.4965,0.4995,0.4965,0.4995,2486,0
SFS,60,20250303,100000,0.4995,0.4995,0.4905,0.4905,4075,0
SFS,60,20250303,110000,0.4905,0.499,0.4855,0.49,12408,0
SFS,60,20250303,120000,0.486,0.486,0.486,0.486,4000,0
SFS,60,20250303,130000,0.487,0.497,0.481,0.497,23260,0
SFS,60,20250303,140000,0.4955,0.4955,0.49,0.49,6231,0
SFS,60,20250303,150000,0.482,0.497,0.48,0.4955,36650,0
SFS,60,20250303,170000,0.494,0.494,0.494,0.494,4000,0
SFS,60,20250304,100000,0.484,0.4955,0.483,0.4935,3750,0
SFS,60,20250304,110000,0.4825,0.489,0.48,0.489,15395,0
SFS,60,20250304,120000,0.489,0.489,0.476,0.488,17450,0
SFS,60,20250304,130000,0.4875,0.4875,0.4875,0.4875,4300,0
SFS,60,20250304,140000,0.48,0.4845,0.4765,0.4845,3771,0
SFS,60,20250304,160000,0.477,0.477,0.477,0.477,2000,0
SFS,60,20250304,170000,0.4775,0.4845,0.4745,0.4845,15210,0
SFS,60,20250305,100000,0.4845,0.4845,0.475,0.4845,5500,0
SFS,60,20250305,110000,0.484,0.506,0.484,0.505,45716,0
SFS,60,20250305,120000,0.501,0.502,0.49,0.502,7638,0
SFS,60,20250305,130000,0.502,0.502,0.502,0.502,5000,0
SFS,60,20250305,160000,0.495,0.495,0.495,0.495,4600,0
SFS,60,20250305,170000,0.499,0.499,0.499,0.499,100,0
SFS,60,20250306,100000,0.499,0.51,0.499,0.51,15140,0
SFS,60,20250306,110000,0.509,0.509,0.49,0.507,16342,0
SFS,60,20250306,140000,0.504,0.504,0.504,0.504,2000,0
SFS,60,20250306,150000,0.504,0.504,0.504,0.504,200,0
SFS,60,20250306,160000,0.504,0.504,0.504,0.504,1800,0
SFS,60,20250306,170000,0.5,0.504,0.5,0.504,3100,0
SFS,60,20250307,100000,0.495,0.504,0.495,0.504,13076,0
SFS,60,20250307,110000,0.504,0.506,0.5,0.504,4574,0
SFS,60,20250307,140000,0.491,0.503,0.483,0.502,19002,0
SFS,60,20250307,160000,0.488,0.488,0.48,0.48,44642,0
SFS,60,20250307,170000,0.48,0.48,0.48,0.48,5400,0
SFS,60,20250310,100000,0.479,0.48,0.478,0.478,18401,0
SFS,60,20250310,110000,0.48,0.48,0.48,0.48,5000,0
SFS,60,20250310,130000,0.4785,0.48,0.475,0.48,13000,0
SFS,60,20250310,140000,0.48,0.48,0.48,0.48,4200,0
SFS,60,20250310,150000,0.4765,0.4795,0.475,0.4795,300,0
SFS,60,20250310,160000,0.4795,0.4795,0.4795,0.4795,2000,0
SFS,60,20250310,170000,0.4795,0.4795,0.4795,0.4795,1000,0
SFS,60,20250311,100000,0.4715,0.48,0.47,0.47,33619,0
SFS,60,20250311,110000,0.46,0.475,0.452,0.475,15790,0
SFS,60,20250311,120000,0.475,0.475,0.475,0.475,80,0
SFS,60,20250311,130000,0.4745,0.48,0.4655,0.4785,13050,0
SFS,60,20250312,100000,0.461,0.4735,0.456,0.4725,23186,0
SFS,60,20250312,110000,0.461,0.461,0.4605,0.4605,830,0
SFS,60,20250312,120000,0.472,0.472,0.472,0.472,3500,0
SFS,60,20250312,140000,0.4615,0.479,0.46,0.479,25680,0
SFS,60,20250312,150000,0.479,0.48,0.479,0.479,6000,0
SFS,60,20250313,100000,0.471,0.48,0.465,0.465,17314,0
SFS,60,20250313,110000,0.4715,0.48,0.4655,0.48,31100,0
SFS,60,20250313,120000,0.475,0.475,0.46,0.46,22000,0
SFS,60,20250313,130000,0.465,0.465,0.46,0.46,3570,0
SFS,60,20250313,140000,0.46,0.46,0.46,0.46,1430,0
SFS,60,20250313,150000,0.475,0.475,0.456,0.4715,25491,0
SFS,60,20250313,170000,0.4615,0.4615,0.453,0.453,4450,0
SFS,60,20250314,100000,0.466,0.472,0.456,0.472,19045,0
SFS,60,20250314,110000,0.465,0.465,0.45,0.4645,48314,0
SFS,60,20250314,120000,0.46,0.461,0.46,0.461,9000,0
SFS,60,20250314,130000,0.461,0.461,0.46,0.46,11700,0
SFS,60,20250314,140000,0.46,0.464,0.46,0.464,6430,0
SFS,60,20250314,150000,0.46,0.464,0.453,0.453,9665,0
SFS,60,20250314,160000,0.4625,0.4625,0.4625,0.4625,5770,0
SFS,60,20250314,170000,0.4625,0.4715,0.453,0.4695,42818,0
SFS,60,20250317,100000,0.468,0.4685,0.45,0.467,53636,0
SFS,60,20250317,110000,0.467,0.467,0.45,0.458,24000,0
SFS,60,20250317,120000,0.4565,0.4565,0.4565,0.4565,1100,0
SFS,60,20250317,130000,0.459,0.4595,0.459,0.4595,8600,0
SFS,60,20250317,150000,0.4585,0.4665,0.4585,0.4665,15580,0
SFS,60,20250317,160000,0.4665,0.4665,0.459,0.459,486,0
SFS,60,20250317,170000,0.459,0.459,0.459,0.459,434,0
SFS,60,20250318,100000,0.46,0.469,0.46,0.469,11820,0
SFS,60,20250318,110000,0.46,0.4775,0.46,0.461,41000,0
SFS,60,20250318,120000,0.472,0.472,0.472,0.472,100,0
SFS,60,20250318,150000,0.4765,0.4765,0.47,0.474,3337,0
SFS,60,20250318,170000,0.47,0.47,0.47,0.47,1500,0
SFS,60,20250319,100000,0.474,0.48,0.465,0.465,15735,0
SFS,60,20250319,110000,0.465,0.47,0.465,0.47,80,0
SFS,60,20250319,120000,0.465,0.465,0.46,0.46,10000,0
SFS,60,20250319,130000,0.47,0.47,0.4605,0.47,201,0
SFS,60,20250319,140000,0.47,0.48,0.47,0.48,66160,0
SFS,60,20250320,100000,0.476,0.479,0.4625,0.479,3535,0
SFS,60,20250320,110000,0.475,0.48,0.463,0.48,5600,0
SFS,60,20250320,130000,0.479,0.479,0.479,0.479,773,0
SFS,60,20250320,140000,0.4775,0.4775,0.4775,0.4775,73,0
SFS,60,20250320,160000,0.4755,0.4775,0.466,0.466,5644,0
SFS,60,20250320,170000,0.4755,0.4755,0.4755,0.4755,103,0
SFS,60,20250321,100000,0.466,0.466,0.464,0.464,4245,0
SFS,60,20250321,110000,0.4745,0.4745,0.4745,0.4745,500,0
SFS,60,20250321,120000,0.4645,0.4645,0.464,0.464,4250,0
SFS,60,20250321,140000,0.464,0.464,0.463,0.463,6650,0
SFS,60,20250321,150000,0.466,0.466,0.464,0.464,37,0
SFS,60,20250324,100000,0.466,0.4795,0.466,0.479,41700,0
SFS,60,20250324,110000,0.479,0.479,0.479,0.479,4000,0
SFS,60,20250324,120000,0.479,0.479,0.479,0.479,24,0
SFS,60,20250324,130000,0.473,0.473,0.467,0.467,8600,0
SFS,60,20250324,140000,0.4665,0.4675,0.4625,0.4625,55382,0
SFS,60,20250324,150000,0.4625,0.4645,0.4625,0.4645,10633,0
SFS,60,20250324,160000,0.464,0.464,0.464,0.464,99,0
SFS,60,20250324,170000,0.4605,0.4605,0.4605,0.4605,4387,0
SFS,60,20250325,100000,0.4545,0.4785,0.4525,0.477,40883,0
SFS,60,20250325,110000,0.47,0.47,0.47,0.47,50,0
SFS,60,20250325,120000,0.47,0.476,0.47,0.473,8610,0
SFS,60,20250325,140000,0.4725,0.4725,0.4725,0.4725,420,0
SFS,60,20250325,150000,0.471,0.471,0.469,0.469,2900,0
SFS,60,20250325,160000,0.4675,0.4675,0.4675,0.4675,57,0
SFS,60,20250325,170000,0.4605,0.4675,0.46,0.4675,2126,0
SFS,60,20250326,100000,0.4675,0.4765,0.4675,0.475,16318,0
SFS,60,20250326,110000,0.4675,0.4735,0.465,0.4725,3990,0
SFS,60,20250326,120000,0.4715,0.4715,0.4715,0.4715,1700,0
SFS,60,20250326,140000,0.4605,0.4605,0.454,0.454,7770,0
SFS,60,20250326,150000,0.471,0.471,0.471,0.471,100,0
SFS,60,20250326,170000,0.4635,0.4635,0.4635,0.4635,11,0
SFS,60,20250327,100000,0.463,0.4635,0.463,0.463,4370,0
SFS,60,20250327,160000,0.463,0.47,0.463,0.47,25435,0
SFS,60,20250328,100000,0.461,0.47,0.461,0.47,3100,0
SFS,60,20250328,120000,0.46,0.46,0.46,0.46,3000,0
SFS,60,20250328,130000,0.467,0.4755,0.46,0.4755,20969,0
SFS,60,20250328,140000,0.4755,0.4785,0.467,0.4785,12191,0
SFS,60,20250328,150000,0.478,0.48,0.478,0.48,11605,0
SFS,60,20250328,170000,0.4785,0.48,0.4785,0.48,9112,0
SFS,60,20250331,130000,0.467,0.468,0.467,0.468,8500,0
SFS,60,20250331,140000,0.4635,0.464,0.461,0.461,5000,0
SFS,60,20250331,150000,0.467,0.467,0.46,0.46,15600,0
SFS,60,20250331,160000,0.462,0.462,0.462,0.462,1390,0
SFS,60,20250331,170000,0.4605,0.48,0.4605,0.48,33200,0
SFS,60,20250401,100000,0.48,0.51,0.48,0.485,23804,0
SFS,60,20250401,110000,0.485,0.486,0.461,0.483,7480,0
SFS,60,20250401,120000,0.483,0.49,0.468,0.49,9273,0
SFS,60,20250401,130000,0.483,0.483,0.483,0.483,299,0
SFS,60,20250401,140000,0.475,0.475,0.475,0.475,1000,0
SFS,60,20250401,150000,0.475,0.483,0.469,0.483,23800,0
SFS,60,20250401,160000,0.487,0.487,0.487,0.487,1000,0
SFS,60,20250402,100000,0.487,0.487,0.487,0.487,3021,0
SFS,60,20250402,120000,0.471,0.472,0.47,0.47,5155,0
SFS,60,20250402,130000,0.469,0.48,0.461,0.48,11201,0
SFS,60,20250402,150000,0.479,0.479,0.479,0.479,100,0
SFS,60,20250402,170000,0.464,0.479,0.46,0.479,11000,0
SFS,60,20250403,110000,0.46,0.473,0.46,0.473,2600,0
SFS,60,20250403,140000,0.471,0.473,0.471,0.473,6000,0
SFS,60,20250403,150000,0.463,0.472,0.462,0.472,6000,0
SFS,60,20250403,170000,0.462,0.471,0.462,0.471,495,0
SFS,60,20250404,100000,0.463,0.474,0.463,0.47,8000,0
SFS,60,20250404,130000,0.461,0.461,0.45,0.45,2399,0
SFS,60,20250404,140000,0.468,0.468,0.468,0.468,202,0
SFS,60,20250404,150000,0.455,0.455,0.455,0.455,300,0
SFS,60,20250404,170000,0.452,0.452,0.45,0.45,14257,0
SFS,60,20250407,100000,0.433,0.458,0.42,0.448,32638,0
SFS,60,20250407,110000,0.442,0.442,0.442,0.442,1000,0
SFS,60,20250407,120000,0.442,0.442,0.442,0.442,100,0
SFS,60,20250407,130000,0.442,0.442,0.442,0.442,385,0
SFS,60,20250407,140000,0.434,0.434,0.431,0.431,6700,0
SFS,60,20250407,150000,0.43,0.43,0.43,0.43,6108,0
SFS,60,20250407,170000,0.433,0.447,0.433,0.447,8400,0
SFS,60,20250408,100000,0.456,0.456,0.456,0.456,3000,0
SFS,60,20250408,120000,0.45,0.464,0.441,0.464,21832,0
SFS,60,20250408,130000,0.46,0.46,0.46,0.46,100,0
SFS,60,20250408,140000,0.446,0.446,0.431,0.44,58080,0
SFS,60,20250408,150000,0.44,0.441,0.427,0.441,69997,0
SFS,60,20250408,160000,0.45,0.454,0.435,0.435,8965,0
SFS,60,20250408,170000,0.445,0.45,0.445,0.45,2000,0
SFS,60,20250409,100000,0.445,0.445,0.44,0.44,3615,0
SFS,60,20250409,120000,0.44,0.448,0.44,0.448,5100,0
SFS,60,20250409,140000,0.435,0.435,0.435,0.435,100,0
SFS,60,20250409,170000,0.444,0.444,0.444,0.444,100,0
SFS,60,20250410,100000,0.444,0.458,0.444,0.458,18742,0
SFS,60,20250410,110000,0.449,0.449,0.449,0.449,2230,0
SFS,60,20250410,150000,0.448,0.448,0.448,0.448,2500,0
SFS,60,20250411,100000,0.441,0.455,0.436,0.455,12742,0
SFS,60,20250411,110000,0.448,0.448,0.44,0.44,1000,0
SFS,60,20250411,140000,0.448,0.45,0.448,0.45,8339,0
SFS,60,20250411,150000,0.448,0.448,0.44,0.44,5000,0
SFS,60,20250411,160000,0.449,0.45,0.449,0.45,102,0
SFS,60,20250414,100000,0.449,0.453,0.439,0.453,20023,0
SFS,60,20250414,120000,0.45,0.452,0.45,0.452,2975,0
SFS,60,20250414,130000,0.452,0.452,0.452,0.452,25,0
SFS,60,20250414,150000,0.45,0.45,0.45,0.45,30,0
SFS,60,20250414,160000,0.449,0.45,0.449,0.45,10000,0
SFS,60,20250414,170000,0.438,0.438,0.438,0.438,4849,0
SFS,60,20250415,100000,0.439,0.45,0.439,0.45,5000,0
SFS,60,20250415,110000,0.439,0.439,0.437,0.438,9633,0
SFS,60,20250415,120000,0.438,0.438,0.436,0.436,31704,0
SFS,60,20250415,140000,0.435,0.437,0.435,0.437,4743,0
SFS,60,20250415,160000,0.437,0.437,0.431,0.431,4094,0
SFS,60,20250415,170000,0.431,0.437,0.43,0.431,6101,0
SFS,60,20250416,100000,0.437,0.439,0.42,0.436,20477,0
SFS,60,20250416,110000,0.436,0.444,0.436,0.444,6100,0
SFS,60,20250416,120000,0.435,0.435,0.435,0.435,109,0
SFS,60,20250416,140000,0.434,0.435,0.434,0.435,3000,0
SFS,60,20250416,160000,0.429,0.435,0.4,0.434,48150,0
SFS,60,20250416,170000,0.434,0.435,0.434,0.435,5750,0
SFS,60,20250417,100000,0.412,0.44,0.4,0.437,86550,0
SFS,60,20250417,110000,0.439,0.475,0.437,0.47,145584,0
SFS,60,20250417,130000,0.465,0.466,0.464,0.464,4108,0
SFS,60,20250417,140000,0.461,0.463,0.448,0.456,8784,0
SFS,60,20250417,150000,0.456,0.456,0.456,0.456,3000,0
SFS,60,20250417,160000,0.456,0.463,0.456,0.463,4000,0
SFS,60,20250417,170000,0.45,0.45,0.45,0.45,1,0
SFS,60,20250422,100000,0.45,0.485,0.45,0.479,73257,0
SFS,60,20250422,110000,0.475,0.475,0.469,0.469,1462,0
SFS,60,20250422,120000,0.478,0.478,0.478,0.478,240,0
SFS,60,20250422,130000,0.478,0.489,0.47,0.481,50344,0
SFS,60,20250422,140000,0.486,0.486,0.486,0.486,3000,0
SFS,60,20250422,160000,0.485,0.485,0.473,0.473,2630,0
SFS,60,20250422,170000,0.484,0.484,0.473,0.473,3900,0
SFS,60,20250423,100000,0.486,0.49,0.47,0.49,10500,0
SFS,60,20250423,110000,0.49,0.534,0.49,0.52,125331,0
SFS,60,20250423,120000,0.52,0.53,0.502,0.502,32544,0
SFS,60,20250423,130000,0.514,0.52,0.481,0.514,30644,0
SFS,60,20250423,140000,0.51,0.526,0.51,0.526,35086,0
SFS,60,20250423,150000,0.526,0.526,0.52,0.524,14970,0
SFS,60,20250423,160000,0.522,0.522,0.51,0.516,5535,0
SFS,60,20250423,170000,0.514,0.514,0.514,0.514,3000,0
SFS,60,20250424,100000,0.514,0.522,0.514,0.514,9075,0
SFS,60,20250424,110000,0.51,0.522,0.49,0.51,19615,0
SFS,60,20250424,120000,0.491,0.491,0.48,0.49,23014,0
SFS,60,20250424,130000,0.489,0.489,0.485,0.485,3150,0
SFS,60,20250424,140000,0.489,0.51,0.489,0.508,19480,0
SFS,60,20250424,150000,0.508,0.508,0.508,0.508,5300,0
SFS,60,20250424,160000,0.508,0.51,0.508,0.51,10212,0
SFS,60,20250424,170000,0.492,0.508,0.491,0.508,3688,0
SFS,60,20250425,100000,0.5,0.508,0.49,0.5,16677,0
SFS,60,20250425,110000,0.512,0.514,0.512,0.514,3200,0
SFS,60,20250425,120000,0.518,0.518,0.512,0.512,4627,0
SFS,60,20250425,130000,0.512,0.512,0.51,0.51,2133,0
SFS,60,20250425,160000,0.502,0.502,0.5,0.5,2950,0
SFS,60,20250425,170000,0.502,0.508,0.5,0.508,6028,0
SFS,60,20250428,100000,0.508,0.508,0.488,0.497,36213,0
SFS,60,20250428,120000,0.488,0.488,0.485,0.485,1325,0
SFS,60,20250428,130000,0.485,0.485,0.483,0.483,10512,0
SFS,60,20250428,150000,0.483,0.49,0.483,0.49,2530,0
SFS,60,20250428,170000,0.482,0.49,0.48,0.49,18752,0
SFS,60,20250429,100000,0.49,0.49,0.49,0.49,150,0
SFS,60,20250429,110000,0.489,0.489,0.489,0.489,32,0
SFS,60,20250429,120000,0.488,0.488,0.488,0.488,595,0
SFS,60,20250429,130000,0.487,0.487,0.473,0.473,9886,0
SFS,60,20250429,140000,0.477,0.478,0.477,0.478,3307,0
SFS,60,20250429,150000,0.478,0.478,0.478,0.478,2000,0
SFS,60,20250429,160000,0.473,0.477,0.473,0.477,4090,0
SFS,60,20250429,170000,0.47,0.477,0.47,0.477,6282,0
SFS,60,20250430,100000,0.477,0.48,0.468,0.48,22475,0
SFS,60,20250430,120000,0.47,0.479,0.467,0.479,17580,0
SFS,60,20250430,130000,0.47,0.478,0.457,0.476,6161,0
SFS,60,20250430,170000,0.459,0.47,0.459,0.46,6418,0
SFS,60,20250502,100000,0.467,0.474,0.467,0.47,8959,0
SFS,60,20250502,110000,0.474,0.474,0.474,0.474,1268,0
SFS,60,20250502,120000,0.479,0.49,0.479,0.49,52398,0
SFS,60,20250502,130000,0.489,0.49,0.471,0.473,27182,0
SFS,60,20250502,140000,0.477,0.477,0.473,0.473,1000,0
SFS,60,20250502,150000,0.488,0.488,0.48,0.48,5167,0
SFS,60,20250502,160000,0.489,0.489,0.489,0.489,100,0
SFS,60,20250502,170000,0.489,0.489,0.489,0.489,2,0
SFS,60,20250505,100000,0.489,0.489,0.489,0.489,3875,0
SFS,60,20250505,130000,0.489,0.489,0.489,0.489,36,0
SFS,60,20250505,150000,0.488,0.488,0.488,0.488,22,0
SFS,60,20250505,160000,0.479,0.479,0.46,0.46,71219,0
SFS,60,20250505,170000,0.46,0.46,0.45,0.457,75161,0
SFS,60,20250506,100000,0.457,0.457,0.442,0.442,22383,0
SFS,60,20250506,110000,0.443,0.457,0.44,0.457,20002,0
SFS,60,20250506,120000,0.456,0.456,0.456,0.456,4778,0
SFS,60,20250506,130000,0.45,0.45,0.45,0.45,1000,0
SFS,60,20250506,140000,0.456,0.457,0.446,0.457,10093,0
SFS,60,20250506,150000,0.457,0.46,0.457,0.46,23216,0
SFS,60,20250506,160000,0.46,0.46,0.458,0.46,8800,0
SFS,60,20250506,170000,0.46,0.46,0.46,0.46,8001,0
