<TICKER>,<PER>,<DATE>,<TIME>,<OPEN>,<HIGH>,<LOW>,<CLOSE>,<VOL>,<OPENINT>
SKA,60,20240411,100000,82.6672,82.6672,82.6672,82.6672,13.4611973392,0
SKA,60,20240411,130000,83.0535,83.0535,83.0535,83.0535,4.1419068736,0
SKA,60,20240411,150000,83.0535,83.0535,83.0535,83.0535,115.9733924608,0
SKA,60,20240411,160000,83.0535,83.0535,83.0535,83.0535,13.4611973392,0
SKA,60,20240412,100000,83.0535,83.0535,82.8604,82.8604,57.9866962304,0
SKA,60,20240412,130000,82.8604,82.8604,82.8604,82.8604,3.1064301552,0
SKA,60,20240412,140000,82.8604,82.8604,82.8604,82.8604,20.709534368,0
SKA,60,20240412,150000,82.8604,82.8604,82.8604,82.8604,2.0709534368,0
SKA,60,20240412,160000,82.0878,82.6672,81.3152,81.5084,65.2350332592,0
SKA,60,20240412,170000,82.0878,82.0878,82.0878,82.0878,1.0354767184,0
SKA,60,20240415,100000,82.2809,82.2809,82.2809,82.2809,1.0354767184,0
SKA,60,20240415,110000,82.6672,83.4398,82.2809,83.4398,14.4966740576,0
SKA,60,20240415,120000,82.2809,83.0535,82.0878,83.0535,158.4279379152,0
SKA,60,20240415,130000,82.8604,82.8604,81.7015,81.7015,8.2838137472,0
SKA,60,20240415,150000,81.7015,82.4741,81.7015,82.4741,40.3835920176,0
SKA,60,20240415,160000,82.8604,82.8604,82.8604,82.8604,3.1064301552,0
SKA,60,20240415,170000,81.7015,82.8604,81.7015,82.8604,26.9223946784,0
SKA,60,20240416,100000,82.8604,82.8604,82.8604,82.8604,5.177383592,0
SKA,60,20240416,110000,82.8604,82.8604,82.8604,82.8604,1.0354767184,0
SKA,60,20240416,120000,81.5084,81.5084,81.1221,81.1221,59.0221729488,0
SKA,60,20240417,100000,82.6672,82.6672,82.4741,82.4741,13.4611973392,0
SKA,60,20240417,110000,82.4741,82.4741,82.4741,82.4741,39.3481152992,0
SKA,60,20240417,120000,82.4741,82.6672,82.4741,82.6672,176.031042128,0
SKA,60,20240417,130000,82.6672,83.8261,82.6672,83.8261,1285.0266075344,0
SKA,60,20240417,140000,82.8604,84.0193,82.8604,84.0193,111.8314855872,0
SKA,60,20240417,150000,82.8604,82.8604,82.8604,82.8604,5.177383592,0
SKA,60,20240417,170000,83.8261,83.8261,83.8261,83.8261,72.483370288,0
SKA,60,20240418,100000,83.8261,83.8261,83.8261,83.8261,146.0022172944,0
SKA,60,20240418,110000,83.8261,84.0193,83.8261,84.0193,243.337028824,0
SKA,60,20240418,120000,84.4056,84.985,82.8604,82.8604,412.1197339232,0
SKA,60,20240418,130000,84.0193,84.985,84.0193,84.985,282.6851441232,0
SKA,60,20240418,140000,84.7919,84.985,84.7919,84.985,132.5410199552,0
SKA,60,20240418,170000,83.4398,84.7919,83.4398,84.7919,61.0931263856,0
SKA,60,20240419,100000,84.7919,84.7919,83.0535,84.5987,47.6319290464,0
SKA,60,20240419,110000,82.8604,82.8604,82.6672,82.6672,21.745011086399998,0
SKA,60,20240419,130000,84.5987,84.5987,84.5987,84.5987,1.0354767184,0
SKA,60,20240419,150000,83.2467,83.2467,83.2467,83.2467,17.603104212799998,0
SKA,60,20240419,170000,83.2467,83.2467,83.0535,83.2467,14.4966740576,0
SKA,60,20240422,100000,83.2467,83.2467,83.2467,83.2467,66.2705099776,0
SKA,60,20240422,110000,83.4398,83.4398,82.6672,82.6672,336.52993348,0
SKA,60,20240422,120000,82.2809,82.2809,82.0878,82.0878,248.514412416,0
SKA,60,20240422,130000,82.0878,82.0878,82.0878,82.0878,171.8891352544,0
SKA,60,20240422,150000,82.4741,82.4741,82.4741,82.4741,12.4257206208,0
SKA,60,20240422,160000,83.8261,84.0193,82.4741,84.0193,40.3835920176,0
SKA,60,20240422,170000,83.0535,83.0535,82.8604,83.0535,41.419068736,0
SKA,60,20240423,100000,83.0535,83.0535,82.8604,82.8604,3.1064301552,0
SKA,60,20240423,110000,82.8604,82.8604,82.0878,82.0878,6.2128603104,0
SKA,60,20240423,120000,82.0878,82.0878,81.8946,82.0878,78.6962305984,0
SKA,60,20240423,140000,83.8261,83.8261,83.4398,83.4398,2.0709534368,0
SKA,60,20240423,160000,84.0193,84.985,84.0193,84.985,724.83370288,0
SKA,60,20240423,170000,84.5987,85.1782,83.0535,85.1782,348.9556541008,0
SKA,60,20240424,100000,85.3713,85.3713,83.8261,83.8261,38.3126385808,0
SKA,60,20240424,110000,83.633,84.0193,83.633,84.0193,290.9689578704,0
SKA,60,20240424,130000,83.633,83.633,83.633,83.633,41.419068736,0
SKA,60,20240424,150000,83.8261,83.8261,83.633,83.633,4.1419068736,0
SKA,60,20240424,160000,83.8261,84.0193,83.8261,84.0193,25.886917959999998,0
SKA,60,20240424,170000,85.1782,85.1782,83.4398,83.4398,23.8159645232,0
SKA,60,20240425,100000,85.3713,85.3713,84.985,84.985,43.490022172799996,0
SKA,60,20240425,110000,84.985,84.985,84.985,84.985,1.0354767184,0
SKA,60,20240425,130000,84.985,84.985,84.985,84.985,4.1419068736,0
SKA,60,20240425,150000,83.633,83.633,83.633,83.633,1.0354767184,0
SKA,60,20240425,170000,83.633,84.985,83.633,83.633,21.745011086399998,0
SKA,60,20240426,100000,83.633,83.8261,83.633,83.633,26.9223946784,0
SKA,60,20240426,110000,83.633,85.3713,83.633,85.3713,25.88691796,0
SKA,60,20240426,150000,85.1782,85.1782,85.1782,85.1782,5.177383592,0
SKA,60,20240426,160000,84.0193,85.1782,84.0193,85.1782,19.6740576496,0
SKA,60,20240426,170000,85.1782,85.3713,83.4398,83.4398,193.6341463408,0
SKA,60,20240429,100000,84.0193,85.5645,83.8261,85.5645,495.9933481136,0
SKA,60,20240429,110000,85.5645,85.7576,84.0193,84.0193,28.9933481152,0
SKA,60,20240429,140000,84.0193,84.0193,84.0193,84.0193,20.709534368,0
SKA,60,20240429,150000,85.5645,85.5645,85.5645,85.5645,10.354767184,0
SKA,60,20240429,160000,84.0193,85.5645,84.0193,85.5645,5.177383592,0
SKA,60,20240429,170000,84.985,85.5645,84.7919,85.5645,35.206208425599996,0
SKA,60,20240430,100000,84.985,85.5645,84.985,85.5645,218.4855875824,0
SKA,60,20240430,140000,83.633,84.0193,81.1221,81.1221,244.3725055424,0
SKA,60,20240430,150000,83.2467,85.5645,82.6672,82.6672,179.1374722832,0
SKA,60,20240430,160000,83.0535,83.0535,83.0535,83.0535,3.1064301552,0
SKA,60,20240430,170000,85.3713,85.3713,83.2467,85.1782,94.2283813744,0
SKA,60,20240502,100000,85.1782,85.1782,83.0535,84.2124,65.2350332592,0
SKA,60,20240502,110000,84.2124,84.2124,84.2124,84.2124,7.2483370288,0
SKA,60,20240502,130000,85.1782,85.1782,84.2124,84.2124,2.0709534368,0
SKA,60,20240502,140000,84.7919,85.1782,84.7919,85.1782,27.9578713968,0
SKA,60,20240502,160000,85.1782,85.3713,85.1782,85.3713,23.8159645232,0
SKA,60,20240502,170000,85.3713,85.9507,85.3713,85.9507,115.9733924608,0
SKA,60,20240506,100000,85.9507,85.9507,85.1782,85.7576,219.5210643008,0
SKA,60,20240506,110000,85.7576,85.7576,85.3713,85.7576,33.1352549888,0
SKA,60,20240506,120000,85.7576,85.7576,85.7576,85.7576,8.2838137472,0
SKA,60,20240506,130000,85.7576,85.7576,85.7576,85.7576,31.064301552,0
SKA,60,20240506,150000,85.5645,85.5645,85.5645,85.5645,14.4966740576,0
SKA,60,20240506,160000,85.9507,86.9165,85.7576,86.9165,613.0022172928,0
SKA,60,20240506,170000,85.5645,86.9165,85.5645,86.9165,26.9223946784,0
SKA,60,20240507,100000,86.9165,86.9165,86.9165,86.9165,86.9800443456,0
SKA,60,20240507,110000,86.9165,86.9165,86.9165,86.9165,19.6740576496,0
SKA,60,20240507,120000,86.9165,86.9165,86.7233,86.7233,12.4257206208,0
SKA,60,20240507,130000,86.7233,86.9165,86.7233,86.9165,195.7050997776,0
SKA,60,20240507,140000,86.9165,86.9165,86.9165,86.9165,18.6385809312,0
SKA,60,20240507,150000,86.7233,86.7233,86.7233,86.7233,91.1219512192,0
SKA,60,20240507,160000,86.9165,86.9165,86.7233,86.7233,156.3569844784,0
SKA,60,20240507,170000,86.9165,87.8822,86.7233,87.8822,594.3636363616,0
SKA,60,20240508,100000,87.8822,88.6548,87.8822,88.6548,151.1796008864,0
SKA,60,20240508,110000,88.6548,89.2343,88.4617,88.4617,241.2660753872,0
SKA,60,20240508,120000,88.2685,88.2685,86.7233,86.9165,549.8381374704,0
SKA,60,20240508,130000,87.1096,87.1096,86.9165,86.9165,12.4257206208,0
SKA,60,20240508,140000,86.9165,86.9165,86.9165,86.9165,94.2283813744,0
SKA,60,20240508,150000,86.9165,86.9165,86.9165,86.9165,5.177383592,0
SKA,60,20240508,160000,86.9165,86.9165,86.9165,86.9165,102.5121951216,0
SKA,60,20240508,170000,86.9165,86.9165,86.9165,86.9165,31.064301552,0
SKA,60,20240509,100000,86.9165,86.9165,86.7233,86.9165,60.0576496672,0
SKA,60,20240509,120000,86.9165,87.8822,86.7233,87.8822,22.7804878048,0
SKA,60,20240509,130000,87.8822,87.8822,87.8822,87.8822,13.4611973392,0
SKA,60,20240509,140000,87.8822,87.8822,87.8822,87.8822,22.7804878048,0
SKA,60,20240509,150000,87.8822,87.8822,86.7233,86.7233,19.6740576496,0
SKA,60,20240509,160000,86.7233,87.8822,86.5302,87.8822,27.9578713968,0
SKA,60,20240509,170000,87.8822,87.8822,86.9165,86.9165,41.419068736,0
SKA,60,20240510,100000,87.8822,88.2685,87.8822,88.0754,16.5676274944,0
SKA,60,20240510,110000,87.8822,87.8822,86.9165,87.8822,199.8470066512,0
SKA,60,20240510,120000,87.8822,87.8822,87.8822,87.8822,1.0354767184,0
SKA,60,20240510,130000,87.8822,87.8822,87.8822,87.8822,19.6740576496,0
SKA,60,20240510,140000,87.8822,88.0754,86.9165,88.0754,37.2771618624,0
SKA,60,20240510,150000,88.0754,88.0754,87.8822,87.8822,44.5254988912,0
SKA,60,20240510,160000,87.8822,87.8822,86.9165,86.9165,90.0864745008,0
SKA,60,20240510,170000,87.8822,88.0754,87.8822,88.0754,301.3237250544,0
SKA,60,20240513,100000,88.6548,88.6548,88.0754,88.0754,86.9800443456,0
SKA,60,20240513,110000,88.2685,88.2685,88.0754,88.0754,70.41241685119999,0
SKA,60,20240513,120000,88.0754,89.2343,88.0754,89.2343,542.5898004416,0
SKA,60,20240513,130000,88.848,89.2343,88.848,88.848,657.527716184,0
SKA,60,20240513,140000,89.4274,89.8137,89.0411,89.0411,616.108647448,0
SKA,60,20240513,150000,90.0069,90.0069,90.0069,90.0069,2.0709534368,0
SKA,60,20240513,160000,89.8137,90.0069,88.4617,90.0069,835.6297117488,0
SKA,60,20240513,170000,90.0069,90.2,88.6548,90.2,148.0731707312,0
SKA,60,20240514,100000,92.6,92.6,90.6,92,175,0
SKA,60,20240514,110000,92,92.4,90.6,90.6,93,0
SKA,60,20240514,120000,92.4,92.4,91,92.4,62,0
SKA,60,20240514,130000,92,92,91.6,91.6,16,0
SKA,60,20240514,140000,92,92,90.6,90.6,402,0
SKA,60,20240514,150000,91.6,91.6,91.6,91.6,9,0
SKA,60,20240514,170000,91.6,91.6,90.6,90.6,20,0
SKA,60,20240515,100000,90.8,91.8,90.6,90.6,69,0
SKA,60,20240515,110000,90.6,90.6,85.4,85.4,162,0
SKA,60,20240515,120000,85.6,90.6,85.4,90.4,214,0
SKA,60,20240515,130000,90.2,90.2,90,90,6,0
SKA,60,20240515,140000,89.8,89.8,89.8,89.8,6,0
SKA,60,20240515,160000,89.6,89.6,89.6,89.6,4,0
SKA,60,20240515,170000,88.2,88.2,88.2,88.2,11,0
SKA,60,20240516,100000,89.4,89.8,88.6,88.6,138,0
SKA,60,20240516,110000,88.4,88.4,88.4,88.4,2,0
SKA,60,20240516,130000,88.4,88.6,88.4,88.6,18,0
SKA,60,20240516,140000,88,88,88,88,12,0
SKA,60,20240516,150000,88,88,88,88,34,0
SKA,60,20240516,160000,88,88,88,88,10,0
SKA,60,20240517,100000,88,89,88,88.2,466,0
SKA,60,20240517,110000,88.4,88.4,88.4,88.4,18,0
SKA,60,20240517,120000,90,90,90,90,32,0
SKA,60,20240517,130000,88.4,88.6,88.4,88.6,15,0
SKA,60,20240517,150000,88.6,88.6,88.6,88.6,3,0
SKA,60,20240517,160000,88.6,88.6,88.6,88.6,43,0
SKA,60,20240517,170000,89.8,89.8,89.8,89.8,1,0
SKA,60,20240520,100000,89.8,90,88.4,89.8,71,0
SKA,60,20240520,140000,89.8,89.8,89.8,89.8,14,0
SKA,60,20240520,150000,89.4,89.4,89,89,4,0
SKA,60,20240520,160000,89.6,89.6,89,89,117,0
SKA,60,20240520,170000,89.8,91,89.8,91,61,0
SKA,60,20240521,100000,91,91,89.2,89.2,3,0
SKA,60,20240521,110000,89.4,89.4,89.4,89.4,1,0
SKA,60,20240521,120000,90.8,91,90.8,91,20,0
SKA,60,20240521,130000,91,91,89.6,89.6,13,0
SKA,60,20240521,160000,90.8,90.8,90.8,90.8,10,0
SKA,60,20240521,170000,90,90,89.8,89.8,27,0
SKA,60,20240522,100000,90,91,90,91,21,0
SKA,60,20240522,110000,91,91,91,91,19,0
SKA,60,20240522,130000,91,91,90,90,47,0
SKA,60,20240522,140000,90,90,90,90,25,0
SKA,60,20240522,150000,90,90,90,90,211,0
SKA,60,20240522,160000,90,90,90,90,20,0
SKA,60,20240522,170000,90,90,90,90,88,0
SKA,60,20240523,100000,85.8,85.8,82.2,84.8,1913,0
SKA,60,20240523,110000,85,85.8,84,85,249,0
SKA,60,20240523,120000,85,85.8,85,85.8,90,0
SKA,60,20240523,130000,85.8,87,84.2,87,341,0
SKA,60,20240523,150000,86.6,86.8,86.6,86.6,65,0
SKA,60,20240523,160000,85.4,85.4,85.4,85.4,44,0
SKA,60,20240523,170000,85.4,85.4,85,85,77,0
SKA,60,20240524,100000,84.4,84.4,82.4,82.6,1102,0
SKA,60,20240524,110000,82.8,83.4,82.8,83.2,205,0
SKA,60,20240524,120000,84,84,83.2,83.2,16,0
SKA,60,20240524,130000,83.2,83.2,83.2,83.2,2,0
SKA,60,20240524,150000,84,84,84,84,8,0
SKA,60,20240524,160000,84,84,84,84,2,0
SKA,60,20240524,170000,84,85.2,83.6,83.6,348,0
SKA,60,20240527,100000,83.8,83.8,83.6,83.6,226,0
SKA,60,20240527,110000,83.4,83.6,83.4,83.6,120,0
SKA,60,20240527,120000,83.6,83.6,83.6,83.6,145,0
SKA,60,20240527,130000,83.6,85.2,83.6,85.2,75,0
SKA,60,20240527,140000,85,85,85,85,1,0
SKA,60,20240527,150000,84.8,84.8,84.8,84.8,1,0
SKA,60,20240527,170000,84.8,84.8,84.8,84.8,100,0
SKA,60,20240528,100000,84.8,84.8,84.8,84.8,25,0
SKA,60,20240528,120000,85,85,85,85,1,0
SKA,60,20240528,160000,84.2,84.2,84.2,84.2,4,0
SKA,60,20240528,170000,84.2,86,84.2,86,564,0
SKA,60,20240529,100000,86,86,85.8,85.8,30,0
SKA,60,20240529,110000,85.8,85.8,85.8,85.8,5,0
SKA,60,20240529,120000,85.8,85.8,85.8,85.8,2,0
SKA,60,20240529,130000,85.8,86,84.6,86,38,0
SKA,60,20240529,140000,85.8,85.8,85.8,85.8,9,0
SKA,60,20240529,150000,85.6,85.6,85.2,85.2,84,0
SKA,60,20240529,170000,85.8,85.8,85.8,85.8,5,0
SKA,60,20240531,100000,85.4,85.8,85.4,85.8,20,0
SKA,60,20240531,110000,85.8,85.8,85.8,85.8,49,0
SKA,60,20240531,120000,85.8,85.8,85.6,85.8,45,0
SKA,60,20240531,130000,85.8,85.8,85.6,85.6,26,0
SKA,60,20240531,140000,85.6,85.6,85.6,85.6,119,0
SKA,60,20240531,150000,85.4,85.4,85.4,85.4,13,0
SKA,60,20240531,160000,85.6,85.6,85.6,85.6,11,0
SKA,60,20240531,170000,85.6,85.6,85.4,85.6,16,0
SKA,60,20240603,100000,86.8,87.2,86.8,86.8,565,0
SKA,60,20240603,120000,86.8,86.8,86.8,86.8,5,0
SKA,60,20240603,130000,86.2,86.4,86,86.4,11,0
SKA,60,20240603,140000,86.8,86.8,86.8,86.8,2,0
SKA,60,20240603,150000,86.4,86.4,86.4,86.4,12,0
SKA,60,20240603,160000,87,87,87,87,5,0
SKA,60,20240603,170000,87,87,87,87,379,0
SKA,60,20240604,100000,87,87.4,87,87.4,256,0
SKA,60,20240604,120000,87,87,84.8,85,152,0
SKA,60,20240604,130000,87.2,87.2,87.2,87.2,2,0
SKA,60,20240604,170000,87,87,87,87,12,0
SKA,60,20240605,100000,87.2,87.2,87.2,87.2,1,0
SKA,60,20240605,110000,87,87,86.8,86.8,18,0
SKA,60,20240605,120000,85.4,85.4,84,84,200,0
SKA,60,20240605,140000,84.4,84.4,84.2,84.4,23,0
SKA,60,20240605,150000,86.2,86.2,84.4,84.6,27,0
SKA,60,20240605,160000,84.4,84.4,84.4,84.4,5,0
SKA,60,20240605,170000,84.6,84.6,84.2,84.2,20,0
SKA,60,20240606,100000,84.2,84.2,84.2,84.2,2,0
SKA,60,20240606,110000,84.4,84.4,84.2,84.2,167,0
SKA,60,20240606,150000,85.8,85.8,85.8,85.8,1,0
SKA,60,20240606,160000,84.4,84.4,82,83.4,597,0
SKA,60,20240606,170000,83,83,82.4,82.4,39,0
SKA,60,20240607,100000,82.4,83.8,82.4,83.6,54,0
SKA,60,20240607,110000,83.6,83.6,83.6,83.6,1,0
SKA,60,20240607,130000,82.6,82.6,82.6,82.6,4,0
SKA,60,20240607,150000,83.6,83.6,83.6,83.6,1,0
SKA,60,20240607,160000,83.2,83.2,83.2,83.2,38,0
SKA,60,20240607,170000,83.4,83.4,83.4,83.4,33,0
SKA,60,20240610,100000,84,85.8,84,85.8,61,0
SKA,60,20240610,120000,84.8,85.8,84.8,85.6,23,0
SKA,60,20240610,130000,85.6,85.6,85.2,85.2,11,0
SKA,60,20240610,140000,84.2,84.8,84,84,41,0
SKA,60,20240610,170000,85.2,85.2,84,84,20,0
SKA,60,20240611,100000,84,85.6,84,85.6,65,0
SKA,60,20240611,110000,84.2,84.2,84.2,84.2,14,0
SKA,60,20240611,140000,84.2,84.2,84.2,84.2,1,0
SKA,60,20240611,160000,84,84,84,84,13,0
SKA,60,20240611,170000,84,84,84,84,15,0
SKA,60,20240612,100000,83.8,83.8,83.4,83.4,44,0
SKA,60,20240612,120000,83.4,84.8,83.4,84.8,3,0
SKA,60,20240612,130000,84.8,84.8,84.8,84.8,1,0
SKA,60,20240612,160000,83.8,83.8,83.8,83.8,3,0
SKA,60,20240612,170000,83.8,83.8,83.4,83.4,18,0
SKA,60,20240613,100000,84.8,84.8,84.8,84.8,6,0
SKA,60,20240613,150000,84.8,84.8,84.8,84.8,1,0
SKA,60,20240613,170000,84.8,84.8,84.8,84.8,7,0
SKA,60,20240614,100000,84.6,84.6,84.6,84.6,6,0
SKA,60,20240614,110000,84.6,84.6,84.4,84.4,7,0
SKA,60,20240614,130000,83.8,84.2,83.2,83.2,117,0
SKA,60,20240614,140000,83.2,83.2,83.2,83.2,4,0
SKA,60,20240614,170000,84.4,85,84.4,85,92,0
SKA,60,20240617,100000,85,85,85,85,25,0
SKA,60,20240617,110000,85,85,85,85,17,0
SKA,60,20240617,120000,85,85.6,85,85.6,21,0
SKA,60,20240617,130000,86.6,86.6,86.6,86.6,1,0
SKA,60,20240617,140000,85.8,85.8,85.6,85.6,24,0
SKA,60,20240617,150000,85.6,85.6,85.6,85.6,1,0
SKA,60,20240618,100000,85.6,87.6,85.6,87.6,47,0
SKA,60,20240618,110000,85,85,85,85,1,0
SKA,60,20240618,120000,87,87,85,85,26,0
SKA,60,20240618,130000,85,85,85,85,64,0
SKA,60,20240618,150000,85.2,85.2,85.2,85.2,3,0
SKA,60,20240618,170000,86.6,87.4,84.8,87.4,80,0
SKA,60,20240619,100000,87.2,87.2,87.2,87.2,2,0
SKA,60,20240619,110000,86.8,86.8,86.8,86.8,20,0
SKA,60,20240619,130000,84.4,84.4,84.2,84.2,16,0
SKA,60,20240619,150000,85.6,86,85.6,86,12,0
SKA,60,20240620,100000,86.8,87,86.8,87,19,0
SKA,60,20240620,110000,86.8,86.8,86.8,86.8,4,0
SKA,60,20240620,130000,86.8,86.8,86.4,86.4,16,0
SKA,60,20240620,160000,86.8,87.2,86.4,87.2,135,0
SKA,60,20240620,170000,87,87,86.4,86.4,59,0
SKA,60,20240621,100000,87.6,87.6,87.6,87.6,1,0
SKA,60,20240621,120000,87.4,87.4,87.4,87.4,6,0
SKA,60,20240621,130000,87,87,87,87,31,0
SKA,60,20240621,160000,87.6,87.6,87.6,87.6,146,0
SKA,60,20240621,170000,90,90,90,90,666,0
SKA,60,20240624,100000,90,90,90,90,104,0
SKA,60,20240624,110000,88,88.4,88,88.2,85,0
SKA,60,20240624,120000,88.4,88.4,88.2,88.2,40,0
SKA,60,20240624,130000,89,89,86.4,87.8,125,0
SKA,60,20240624,140000,86.4,86.4,86.4,86.4,4,0
SKA,60,20240624,150000,86.4,88.8,86.4,88.8,96,0
SKA,60,20240624,160000,88.8,88.8,88.8,88.8,1,0
SKA,60,20240624,170000,88.8,88.8,88.8,88.8,18,0
SKA,60,20240625,100000,89.8,89.8,88,89.4,102,0
SKA,60,20240625,110000,89.4,89.4,89.4,89.4,1,0
SKA,60,20240625,120000,88,88,88,88,1,0
SKA,60,20240625,130000,89.4,89.4,89.4,89.4,1,0
SKA,60,20240625,150000,89.4,89.6,89.4,89.4,231,0
SKA,60,20240625,170000,88.2,89.4,88.2,89.4,74,0
SKA,60,20240626,100000,89.4,89.6,88.2,89.6,8,0
SKA,60,20240626,110000,89.6,89.6,89.6,89.6,10,0
SKA,60,20240626,130000,88.2,88.2,88.2,88.2,110,0
SKA,60,20240626,140000,88.2,89.8,88.2,89.8,45,0
SKA,60,20240626,160000,89.8,90,89.8,90,20,0
SKA,60,20240626,170000,90,90,90,90,32,0
SKA,60,20240627,100000,90,90,90,90,6,0
SKA,60,20240627,110000,88.4,88.4,87.4,87.4,100,0
SKA,60,20240627,120000,87.4,87.4,86,86,20,0
SKA,60,20240627,140000,88,88,88,88,3,0
SKA,60,20240627,170000,86.6,89.8,86.6,89.8,8,0
SKA,60,20240628,100000,89.8,89.8,89.8,89.8,1,0
SKA,60,20240628,150000,87.2,89.6,87.2,89.6,25,0
SKA,60,20240628,160000,89.6,89.8,89.6,89.6,9,0
SKA,60,20240628,170000,89.6,89.6,89.6,89.6,17,0
SKA,60,20240701,100000,89.6,89.6,88.4,88.4,29,0
SKA,60,20240701,110000,88.4,88.4,88.2,88.2,51,0
SKA,60,20240701,120000,89.4,89.4,89.4,89.4,1,0
SKA,60,20240701,160000,88,88,87,87.4,52,0
SKA,60,20240701,170000,87.4,90,87.4,90,99,0
SKA,60,20240702,100000,90,90,89.8,89.8,2,0
SKA,60,20240702,110000,89.6,89.6,89.6,89.6,1,0
SKA,60,20240702,130000,89,89,88.6,88.6,32,0
SKA,60,20240702,150000,88.6,88.6,87.6,87.6,40,0
SKA,60,20240703,100000,87,89,87,87.4,292,0
SKA,60,20240703,110000,89,89,87.4,87.4,28,0
SKA,60,20240703,120000,87.4,87.4,87.4,87.4,61,0
SKA,60,20240703,130000,87.6,87.6,87.4,87.4,30,0
SKA,60,20240703,150000,87.6,87.6,87.6,87.6,5,0
SKA,60,20240703,170000,87.6,87.6,87.4,87.4,48,0
SKA,60,20240704,100000,89.2,89.2,89.2,89.2,18,0
SKA,60,20240704,130000,89,89,89,89,1,0
SKA,60,20240704,150000,87.6,87.6,87.6,87.6,7,0
SKA,60,20240704,170000,88.8,88.8,87.6,87.6,7,0
SKA,60,20240705,100000,87.6,87.6,87.6,87.6,67,0
SKA,60,20240705,130000,88,88,88,88,8,0
SKA,60,20240705,140000,88,88,88,88,15,0
SKA,60,20240705,150000,88,88,88,88,1,0
SKA,60,20240705,170000,88,88,88,88,800,0
SKA,60,20240708,100000,88,88,87,88,11,0
SKA,60,20240708,110000,88,88,88,88,12,0
SKA,60,20240708,120000,88,88,88,88,18,0
SKA,60,20240708,140000,88,88,88,88,25,0
SKA,60,20240708,160000,88,89,88,89,161,0
SKA,60,20240708,170000,88.8,88.8,88.8,88.8,3,0
SKA,60,20240709,100000,88.8,88.8,88.8,88.8,1,0
SKA,60,20240709,120000,88.8,89,88.8,89,7,0
SKA,60,20240709,130000,88.8,88.8,88.8,88.8,8,0
SKA,60,20240709,150000,87,87,87,87,3,0
SKA,60,20240709,170000,88.2,88.2,88.2,88.2,4,0
SKA,60,20240710,100000,88,88.2,88,88.2,15,0
SKA,60,20240710,110000,88,88,88,88,103,0
SKA,60,20240710,130000,87,87,87,87,1,0
SKA,60,20240710,170000,88,88.2,88,88.2,115,0
SKA,60,20240711,100000,88.2,88.2,88,88,14,0
SKA,60,20240711,120000,87.6,87.6,87.6,87.6,44,0
SKA,60,20240711,130000,86.6,86.6,84.2,85,1013,0
SKA,60,20240711,150000,85,85,85,85,37,0
SKA,60,20240711,160000,85,85,85,85,18,0
SKA,60,20240711,170000,85,85,84.8,84.8,12,0
SKA,60,20240712,100000,85,85,84.4,85,70,0
SKA,60,20240712,110000,84.4,85,84.2,85,24,0
SKA,60,20240712,120000,84.2,85,84.2,85,41,0
SKA,60,20240712,150000,84.6,84.6,84.2,84.2,13,0
SKA,60,20240712,160000,84.8,85,84.8,85,3,0
SKA,60,20240712,170000,85,85,85,85,75,0
SKA,60,20240715,100000,85,85,84,84.4,224,0
SKA,60,20240715,120000,84.4,84.4,84.4,84.4,3,0
SKA,60,20240715,130000,84.4,84.4,84,84,66,0
SKA,60,20240715,140000,84.4,84.4,84.4,84.4,99,0
SKA,60,20240715,150000,84.4,84.8,84.4,84.8,11,0
SKA,60,20240716,100000,84.8,84.8,84.8,84.8,11,0
SKA,60,20240716,110000,84,84,84,84,187,0
SKA,60,20240716,150000,83.8,84.8,83.8,84.8,33,0
SKA,60,20240716,170000,84.8,84.8,84.8,84.8,4,0
SKA,60,20240717,100000,84.8,84.8,84.8,84.8,6,0
SKA,60,20240717,160000,84.6,85,84.6,85,143,0
SKA,60,20240718,100000,84.6,84.6,84.4,84.4,3,0
SKA,60,20240718,110000,84.4,84.6,84,84,138,0
SKA,60,20240718,140000,83.8,83.8,79.4,81.4,312,0
SKA,60,20240718,150000,80.6,82.6,80.6,82.6,14,0
SKA,60,20240718,160000,82.6,82.6,82,82,22,0
SKA,60,20240718,170000,82,82.6,82,82.6,12,0
SKA,60,20240719,100000,82.6,82.6,81,82.4,34,0
SKA,60,20240719,140000,81,81,81,81,1,0
SKA,60,20240719,150000,81,81.6,81,81.6,13,0
SKA,60,20240719,160000,81.6,81.6,81.6,81.6,1,0
SKA,60,20240719,170000,81.6,81.8,79.6,81.8,172,0
SKA,60,20240722,100000,83.8,83.8,82.8,82.8,12,0
SKA,60,20240722,110000,83.8,83.8,83.8,83.8,1,0
SKA,60,20240722,120000,83.6,83.6,80.4,80.4,23,0
SKA,60,20240722,130000,80.6,80.6,80.6,80.6,3,0
SKA,60,20240722,140000,80.6,80.6,80,80,138,0
SKA,60,20240722,150000,80,80,80,80,20,0
SKA,60,20240722,160000,79.8,79.8,79.2,79.2,113,0
SKA,60,20240722,170000,79,79,78,78,1291,0
SKA,60,20240723,100000,79,79,77.4,77.4,352,0
SKA,60,20240723,110000,78.2,78.2,78.2,78.2,19,0
SKA,60,20240723,120000,78,78,78,78,11,0
SKA,60,20240723,130000,78,78,78,78,3,0
SKA,60,20240723,140000,78,78,78,78,4,0
SKA,60,20240723,150000,78,78,77,77,227,0
SKA,60,20240723,160000,76.8,76.8,76.6,76.6,3,0
SKA,60,20240723,170000,77.6,77.8,77,77,467,0
SKA,60,20240724,100000,77,80,77,80,130,0
SKA,60,20240724,110000,80,80,80,80,12,0
SKA,60,20240724,120000,80,80,80,80,13,0
SKA,60,20240724,130000,80,80,80,80,94,0
SKA,60,20240724,140000,80,80,77.2,77.2,40,0
SKA,60,20240724,150000,77.2,77.2,77.2,77.2,14,0
SKA,60,20240724,160000,77.2,80,77.2,80,86,0
SKA,60,20240725,100000,77.2,78.4,77.2,78.4,84,0
SKA,60,20240725,120000,78.4,78.4,77,77,289,0
SKA,60,20240725,130000,77,77,77,77,33,0
SKA,60,20240725,140000,77.8,77.8,77.8,77.8,12,0
SKA,60,20240725,150000,77.8,79.8,77.8,79.8,64,0
SKA,60,20240725,160000,79.6,79.6,79.6,79.6,1,0
SKA,60,20240725,170000,79.6,79.6,79.6,79.6,6,0
SKA,60,20240726,100000,77,79.6,77,79.6,7,0
SKA,60,20240726,110000,78.2,78.2,78.2,78.2,2,0
SKA,60,20240726,150000,79.6,79.6,79.6,79.6,63,0
SKA,60,20240726,160000,79.6,79.6,79.6,79.6,62,0
SKA,60,20240726,170000,81.8,81.8,81.8,81.8,60,0
SKA,60,20240729,100000,81,82,81,82,40,0
SKA,60,20240729,110000,82,82,81.4,81.4,3,0
SKA,60,20240729,130000,80.8,80.8,80,80,7,0
SKA,60,20240729,140000,79.8,79.8,79.8,79.8,3,0
SKA,60,20240729,160000,80,80,80,80,5,0
SKA,60,20240729,170000,80,80,80,80,7,0
SKA,60,20240730,100000,81,81,80,80,61,0
SKA,60,20240730,110000,80.6,80.6,80.6,80.6,46,0
SKA,60,20240730,130000,80.6,80.6,80.6,80.6,1,0
SKA,60,20240730,160000,80.4,80.4,80.4,80.4,74,0
SKA,60,20240730,170000,80.2,80.4,79.4,80.4,74,0
SKA,60,20240731,100000,81,81,81,81,2,0
SKA,60,20240731,120000,80.6,80.6,80.6,80.6,10,0
SKA,60,20240731,130000,80.6,80.6,80.6,80.6,5,0
SKA,60,20240731,140000,80,80,80,80,15,0
SKA,60,20240801,100000,78,78.2,78,78.2,156,0
SKA,60,20240801,110000,78,79.2,78,79.2,177,0
SKA,60,20240801,120000,79.8,79.8,79.8,79.8,10,0
SKA,60,20240801,130000,79.8,79.8,79.8,79.8,4,0
SKA,60,20240801,150000,79.8,79.8,79.8,79.8,3,0
SKA,60,20240801,160000,79.8,79.8,79.8,79.8,3,0
SKA,60,20240802,100000,79.2,79.2,78,78,124,0
SKA,60,20240802,110000,79,79,79,79,3,0
SKA,60,20240802,120000,78.2,78.2,78.2,78.2,36,0
SKA,60,20240802,130000,78.2,78.2,78.2,78.2,99,0
SKA,60,20240802,140000,78.2,78.2,78.2,78.2,21,0
SKA,60,20240802,150000,78.8,78.8,78.8,78.8,3,0
SKA,60,20240805,100000,77.8,78.2,76.8,77,431,0
SKA,60,20240805,110000,77,77,77,77,20,0
SKA,60,20240805,120000,78.4,78.4,77,77.2,47,0
SKA,60,20240805,130000,78.4,78.4,77.2,77.2,37,0
SKA,60,20240805,140000,77.2,77.2,77.2,77.2,11,0
SKA,60,20240805,150000,77,77,77,77,164,0
SKA,60,20240805,160000,77,78,76.4,78,231,0
SKA,60,20240805,170000,77.4,77.4,76.4,76.4,167,0
SKA,60,20240806,100000,75.4,78,75.4,78,107,0
SKA,60,20240806,110000,75.6,78,75.4,77.8,134,0
SKA,60,20240806,120000,77.8,77.8,77.8,77.8,9,0
SKA,60,20240806,140000,77.8,77.8,77.8,77.8,20,0
SKA,60,20240806,150000,77.8,77.8,77.8,77.8,12,0
SKA,60,20240806,170000,77.8,78,77.8,78,40,0
SKA,60,20240807,100000,78,78.2,78,78.2,2,0
SKA,60,20240807,110000,78.2,78.2,78.2,78.2,17,0
SKA,60,20240807,120000,78,78,77.8,77.8,31,0
SKA,60,20240807,130000,77.8,77.8,76.8,76.8,16,0
SKA,60,20240807,140000,76.2,76.2,76.2,76.2,70,0
SKA,60,20240807,150000,76.2,76.2,76.2,76.2,38,0
SKA,60,20240808,100000,79,79,77,77,61,0
SKA,60,20240808,120000,78,78,78,78,23,0
SKA,60,20240808,150000,78,78,78,78,360,0
SKA,60,20240808,160000,78.4,78.4,78.4,78.4,4,0
SKA,60,20240808,170000,78,78,78,78,27,0
SKA,60,20240809,100000,79.4,79.4,79.4,79.4,1,0
SKA,60,20240809,110000,79.4,79.4,79.4,79.4,15,0
SKA,60,20240809,150000,79.8,80,79.8,80,30,0
SKA,60,20240809,160000,80,80,80,80,3,0
SKA,60,20240812,100000,80,80,77.2,79.8,55,0
SKA,60,20240812,110000,78,78,78,78,6,0
SKA,60,20240812,120000,79.8,80,78,79.8,68,0
SKA,60,20240812,130000,79.8,80,79.8,80,17,0
SKA,60,20240812,140000,79.8,80,79.8,80,29,0
SKA,60,20240812,150000,80,80,80,80,12,0
SKA,60,20240812,170000,80,80,80,80,625,0
SKA,60,20240813,100000,80,80,80,80,6,0
SKA,60,20240813,110000,79,79,79,79,14,0
SKA,60,20240813,120000,79,79,79,79,6,0
SKA,60,20240813,130000,79,79,79,79,3,0
SKA,60,20240813,170000,79,79,78.8,78.8,21,0
SKA,60,20240814,100000,79.6,79.6,79.6,79.6,1,0
SKA,60,20240814,110000,79.6,79.6,79.6,79.6,5,0
SKA,60,20240814,150000,78.4,78.4,78,78,64,0
SKA,60,20240814,160000,78,78,78,78,4,0
SKA,60,20240814,170000,79.4,79.4,79.4,79.4,1,0
SKA,60,20240816,100000,79.6,79.6,79.6,79.6,18,0
SKA,60,20240816,110000,79.6,79.6,78,78,20,0
SKA,60,20240816,130000,78.6,78.6,78.6,78.6,1,0
SKA,60,20240816,140000,79.6,79.6,79.6,79.6,5,0
SKA,60,20240816,150000,79.6,79.6,79.6,79.6,69,0
SKA,60,20240816,170000,79.6,79.6,79.6,79.6,4,0
SKA,60,20240819,100000,80,80,79.6,79.6,44,0
SKA,60,20240819,110000,78.2,79.2,77.4,79.2,120,0
SKA,60,20240819,120000,79.4,79.8,79.4,79.8,31,0
SKA,60,20240819,130000,79.8,79.8,79.8,79.8,2,0
SKA,60,20240819,140000,79.8,80,79.8,80,25,0
SKA,60,20240819,170000,78,78,77.6,77.6,6,0
SKA,60,20240820,100000,77.6,79.2,77.6,79.2,2,0
SKA,60,20240820,120000,78.6,78.6,78.6,78.6,20,0
SKA,60,20240820,130000,78,78.8,78,78.8,5,0
SKA,60,20240820,150000,78,78,78,78,9,0
SKA,60,20240820,170000,78,78,78,78,10,0
SKA,60,20240821,100000,78,78,78,78,1,0
SKA,60,20240821,130000,78,79.6,78,79.6,10,0
SKA,60,20240821,170000,79.8,79.8,79.8,79.8,1,0
SKA,60,20240822,100000,79.8,79.8,79.8,79.8,2,0
SKA,60,20240822,110000,78.4,78.4,78,78,26,0
SKA,60,20240822,120000,79.4,80,78.4,79.6,79,0
SKA,60,20240822,130000,79.6,79.6,79.6,79.6,10,0
SKA,60,20240822,160000,79.6,79.8,79.6,79.8,80,0
SKA,60,20240822,170000,79.8,79.8,79.8,79.8,2,0
SKA,60,20240823,100000,80,80,80,80,7,0
SKA,60,20240823,110000,79.8,79.8,79.8,79.8,1,0
SKA,60,20240823,120000,79,79,78,78,200,0
SKA,60,20240823,130000,79.4,79.4,79.4,79.4,1,0
SKA,60,20240823,150000,79.4,79.4,79.4,79.4,21,0
SKA,60,20240823,160000,79.2,79.2,79.2,79.2,40,0
SKA,60,20240823,170000,78.2,78.2,76.2,76.2,99,0
SKA,60,20240826,100000,80,80,76.4,76.4,30,0
SKA,60,20240826,110000,78.8,78.8,78.8,78.8,5,0
SKA,60,20240826,120000,79.2,79.2,79.2,79.2,1,0
SKA,60,20240826,130000,79.2,79.2,79.2,79.2,8,0
SKA,60,20240826,170000,77.4,77.4,77,77,9,0
SKA,60,20240827,100000,77,79,77,78,15,0
SKA,60,20240827,120000,77.4,77.8,77,77.8,151,0
SKA,60,20240827,140000,78,78,78,78,25,0
SKA,60,20240827,170000,79.2,79.8,79.2,79.8,30,0
SKA,60,20240829,100000,79.8,79.8,77.6,79,113,0
SKA,60,20240829,110000,78,78,77.4,77.4,86,0
SKA,60,20240829,120000,77.2,77.2,77.2,77.2,20,0
SKA,60,20240829,140000,77.2,78.6,77.2,78.6,16,0
SKA,60,20240829,150000,78.4,78.4,78.4,78.4,1,0
SKA,60,20240829,170000,78.4,78.4,78.4,78.4,46,0
SKA,60,20240830,100000,78.4,78.4,78.4,78.4,1,0
SKA,60,20240830,110000,79.6,79.6,79.6,79.6,15,0
SKA,60,20240830,120000,78.8,78.8,78.8,78.8,1,0
SKA,60,20240830,130000,78.4,78.8,78.4,78.8,22,0
SKA,60,20240830,140000,78.8,79.6,78.8,79.6,531,0
SKA,60,20240830,150000,79.6,79.6,79.6,79.6,6,0
SKA,60,20240830,160000,79.6,79.6,79.6,79.6,94,0
SKA,60,20240830,170000,79.8,79.8,79.8,79.8,81,0
SKA,60,20240902,100000,80,80,78.2,79.8,11,0
SKA,60,20240902,120000,79.8,79.8,79.8,79.8,12,0
SKA,60,20240902,130000,79.8,79.8,79.8,79.8,1,0
SKA,60,20240902,140000,79.8,79.8,79.8,79.8,32,0
SKA,60,20240902,150000,80,80,80,80,2,0
SKA,60,20240902,160000,80,80,80,80,14,0
SKA,60,20240902,170000,80,80,80,80,155,0
SKA,60,20240903,100000,80,80,79,80,411,0
SKA,60,20240903,120000,79.2,79.2,79.2,79.2,2,0
SKA,60,20240903,140000,79.6,80,79,80,19,0
SKA,60,20240903,150000,80,80,80,80,105,0
SKA,60,20240903,160000,80,80,80,80,100,0
SKA,60,20240903,170000,80,80,80,80,96,0
SKA,60,20240904,100000,80,80,80,80,14,0
SKA,60,20240904,120000,79.8,80,79.8,80,57,0
SKA,60,20240904,130000,79.6,79.6,79.6,79.6,1,0
SKA,60,20240904,150000,79.6,79.6,79.6,79.6,10,0
SKA,60,20240904,170000,80,80,80,80,15,0
SKA,60,20240905,100000,79.2,79.2,79.2,79.2,15,0
SKA,60,20240905,110000,79.8,79.8,79.8,79.8,1,0
SKA,60,20240905,120000,79.2,79.2,79.2,79.2,32,0
SKA,60,20240905,130000,79.2,79.2,79.2,79.2,4,0
SKA,60,20240905,140000,79.2,79.2,79.2,79.2,36,0
SKA,60,20240906,100000,79.6,79.6,78,78,4,0
SKA,60,20240906,150000,79.6,79.6,78,78,40,0
SKA,60,20240909,100000,79,79,79,79,1,0
SKA,60,20240909,110000,78.2,78.2,78.2,78.2,2,0
SKA,60,20240909,120000,78.2,78.2,78.2,78.2,25,0
SKA,60,20240909,130000,78.2,78.2,78.2,78.2,7,0
SKA,60,20240909,150000,78.2,79,78.2,79,119,0
SKA,60,20240909,160000,78.8,78.8,78.8,78.8,2,0
SKA,60,20240909,170000,78.2,78.2,78,78,113,0
SKA,60,20240910,100000,78,78,78,78,101,0
SKA,60,20240910,110000,78,78,77.8,77.8,1050,0
SKA,60,20240910,120000,77.8,77.8,77.6,77.6,29,0
SKA,60,20240910,130000,77.4,77.4,77.4,77.4,100,0
SKA,60,20240910,140000,77.2,77.2,77,77,91,0
SKA,60,20240910,160000,76.6,76.6,76.6,76.6,35,0
SKA,60,20240910,170000,77,77,77,77,127,0
SKA,60,20240911,100000,77,77,77,77,1,0
SKA,60,20240911,110000,77,77,77,77,9,0
SKA,60,20240911,150000,77,77,77,77,18,0
SKA,60,20240911,160000,78,78,78,78,174,0
SKA,60,20240911,170000,77.2,77.2,77.2,77.2,4,0
SKA,60,20240912,100000,77.2,77.2,76.8,76.8,119,0
SKA,60,20240912,120000,76.6,76.6,76.6,76.6,10,0
SKA,60,20240912,130000,76.8,76.8,76.8,76.8,2,0
SKA,60,20240912,140000,76.6,76.6,76.6,76.6,5,0
SKA,60,20240912,150000,76.6,76.6,76.6,76.6,22,0
SKA,60,20240912,160000,76.6,76.6,76.6,76.6,40,0
SKA,60,20240912,170000,76.6,76.6,76.6,76.6,44,0
SKA,60,20240913,100000,76.6,76.6,76.6,76.6,1289,0
SKA,60,20240913,130000,76.6,76.6,76.6,76.6,178,0
SKA,60,20240913,140000,76.6,76.6,76.6,76.6,43,0
SKA,60,20240913,170000,76.6,76.6,76.6,76.6,63,0
SKA,60,20240916,100000,77.8,77.8,77.8,77.8,962,0
SKA,60,20240916,110000,77.8,77.8,77.6,77.6,80,0
SKA,60,20240916,120000,77.6,77.8,77.6,77.8,30,0
SKA,60,20240916,140000,77.8,77.8,77.8,77.8,100,0
SKA,60,20240916,160000,77.8,77.8,77.8,77.8,6,0
SKA,60,20240916,170000,77.8,77.8,77.8,77.8,244,0
SKA,60,20240917,100000,78,78,78,78,118,0
SKA,60,20240917,110000,78,78,78,78,22,0
SKA,60,20240917,120000,78,78,78,78,100,0
SKA,60,20240917,130000,78,78,78,78,202,0
SKA,60,20240917,140000,78,78,76.6,76.6,138,0
SKA,60,20240917,170000,77.6,77.6,77.6,77.6,69,0
SKA,60,20240918,100000,78,78,76.6,77.2,650,0
SKA,60,20240918,110000,77.2,77.2,77.2,77.2,61,0
SKA,60,20240918,120000,77.2,77.2,77.2,77.2,257,0
SKA,60,20240918,130000,77.2,77.2,77,77.2,291,0
SKA,60,20240918,140000,77.2,77.2,77.2,77.2,33,0
SKA,60,20240918,150000,77.2,77.2,77.2,77.2,9,0
SKA,60,20240918,160000,77.2,77.2,77.2,77.2,77,0
SKA,60,20240918,170000,78,78,78,78,45,0
SKA,60,20240919,100000,78,78,77.8,78,671,0
SKA,60,20240919,110000,78,78,78,78,5,0
SKA,60,20240919,120000,77.8,77.8,76.6,76.6,225,0
SKA,60,20240919,130000,77,77,76.6,77,264,0
SKA,60,20240919,140000,77,77,77,77,11,0
SKA,60,20240919,150000,77,77,77,77,13,0
SKA,60,20240919,160000,77.2,77.2,77,77,59,0
SKA,60,20240919,170000,76.8,76.8,76.8,76.8,446,0
SKA,60,20240920,100000,76.6,77,76.6,77,105,0
SKA,60,20240920,120000,77,77,77,77,57,0
SKA,60,20240920,130000,77,77,77,77,515,0
SKA,60,20240920,140000,77,77,77,77,8,0
SKA,60,20240923,100000,77,78,77,77.8,109,0
SKA,60,20240923,110000,77.8,78,77.8,78,59,0
SKA,60,20240923,120000,78,78,78,78,84,0
SKA,60,20240923,130000,77.2,77.2,76.6,76.6,139,0
SKA,60,20240923,140000,78,78,78,78,2,0
SKA,60,20240923,170000,77.8,77.8,77.8,77.8,5,0
SKA,60,20240924,100000,78,78,77.8,77.8,32,0
SKA,60,20240924,140000,76.6,77.8,76.6,77.8,75,0
SKA,60,20240924,150000,77.8,77.8,77.8,77.8,1,0
SKA,60,20240924,160000,77.8,77.8,77.8,77.8,9,0
SKA,60,20240924,170000,77.8,77.8,77.8,77.8,20,0
SKA,60,20240925,100000,77.2,77.2,76.6,76.6,376,0
SKA,60,20240925,120000,76.6,77.8,76.6,77.8,26,0
SKA,60,20240925,130000,77.8,77.8,77.8,77.8,4,0
SKA,60,20240925,140000,77.8,77.8,76.8,77.4,132,0
SKA,60,20240925,160000,77.4,78,77.4,78,56,0
SKA,60,20240925,170000,78,78,78,78,179,0
SKA,60,20240926,100000,78,78,78,78,58,0
SKA,60,20240926,110000,78,78,77,77,107,0
SKA,60,20240926,120000,77,77,77,77,2,0
SKA,60,20240926,130000,78,78,78,78,173,0
SKA,60,20240926,140000,78,78,78,78,10,0
SKA,60,20240926,150000,77,77,77,77,38,0
SKA,60,20240926,160000,77,77,77,77,1,0
SKA,60,20240926,170000,78,78,78,78,56,0
SKA,60,20240927,100000,78,78,78,78,4,0
SKA,60,20240927,120000,77.8,77.8,77.8,77.8,1,0
SKA,60,20240927,140000,77.8,77.8,77.8,77.8,1,0
SKA,60,20240927,150000,78,78,78,78,15,0
SKA,60,20240927,170000,78,78,76.8,76.8,218,0
SKA,60,20240930,100000,76.8,76.8,76.6,76.6,59,0
SKA,60,20240930,110000,76.8,76.8,76.8,76.8,13,0
SKA,60,20240930,130000,77.6,77.6,77.6,77.6,1,0
SKA,60,20240930,140000,77.8,77.8,77.8,77.8,12,0
SKA,60,20240930,160000,77,77.8,76.6,77.8,200,0
SKA,60,20241001,100000,77.8,77.8,77.8,77.8,5,0
SKA,60,20241001,110000,77.8,77.8,77.8,77.8,10,0
SKA,60,20241001,130000,77.8,77.8,77.8,77.8,6,0
SKA,60,20241001,140000,77.4,77.6,77.4,77.6,25,0
SKA,60,20241002,100000,77,77,76.6,77,32,0
SKA,60,20241002,120000,76.6,76.6,75,76,501,0
SKA,60,20241002,130000,75.4,75.4,75.4,75.4,4,0
SKA,60,20241002,140000,75.4,75.4,75.4,75.4,2,0
SKA,60,20241002,150000,76,76,75.4,75.4,23,0
SKA,60,20241002,170000,75.8,76,75.8,76,25,0
SKA,60,20241003,100000,76,76,75.8,76,46,0
SKA,60,20241003,110000,76,76,76,76,1,0
SKA,60,20241003,120000,75.4,75.4,75.4,75.4,1,0
SKA,60,20241003,130000,75.6,76,75,76,131,0
SKA,60,20241003,140000,75.4,75.4,75,75,16,0
SKA,60,20241003,150000,75,75,75,75,43,0
SKA,60,20241003,170000,75,75,75,75,60,0
SKA,60,20241004,100000,75.4,75.4,72.4,73.2,425,0
SKA,60,20241004,110000,75,75.8,75,75.8,11,0
SKA,60,20241004,120000,75.8,75.8,75.8,75.8,27,0
SKA,60,20241004,130000,75.8,75.8,75.8,75.8,5,0
SKA,60,20241004,140000,75.8,75.8,75.8,75.8,3,0
SKA,60,20241004,160000,75.8,75.8,75.8,75.8,3,0
SKA,60,20241004,170000,75.8,75.8,75.8,75.8,53,0
SKA,60,20241007,100000,76,76,72.8,72.8,89,0
SKA,60,20241007,110000,75.2,75.4,75.2,75.4,52,0
SKA,60,20241007,120000,75.4,75.4,75.4,75.4,10,0
SKA,60,20241007,130000,75.8,75.8,75.8,75.8,2,0
SKA,60,20241007,140000,75.6,75.6,75.4,75.4,79,0
SKA,60,20241007,150000,76,76,76,76,5,0
SKA,60,20241007,160000,75.4,75.4,74,74.2,177,0
SKA,60,20241007,170000,74.6,75.8,74.6,75.8,134,0
SKA,60,20241008,100000,76.2,76.2,75,76,32,0
SKA,60,20241008,110000,76,76,76,76,4,0
SKA,60,20241008,130000,76,76,76,76,5,0
SKA,60,20241008,140000,76,76,76,76,50,0
SKA,60,20241008,160000,76,76,76,76,13,0
SKA,60,20241008,170000,75.2,75.2,75.2,75.2,3,0
SKA,60,20241009,100000,75,75,75,75,226,0
SKA,60,20241009,110000,74.8,74.8,74.6,74.6,242,0
SKA,60,20241009,120000,74.6,74.6,74,74,183,0
SKA,60,20241009,140000,74,74,74,74,39,0
SKA,60,20241009,150000,73.4,74,73.4,74,69,0
SKA,60,20241009,160000,74,74,74,74,14,0
SKA,60,20241009,170000,74,74,74,74,151,0
SKA,60,20241010,100000,74,74,74,74,179,0
SKA,60,20241010,110000,74,74,74,74,10,0
SKA,60,20241010,120000,73.8,74,73.8,74,36,0
SKA,60,20241010,130000,74,74,74,74,24,0
SKA,60,20241010,140000,74,74,74,74,7,0
SKA,60,20241010,150000,74,74,74,74,100,0
SKA,60,20241010,160000,73.8,74,73.8,74,8,0
SKA,60,20241010,170000,73.8,73.8,73.8,73.8,50,0
SKA,60,20241011,100000,74,74,73.6,73.6,35,0
SKA,60,20241011,110000,73.8,73.8,73.8,73.8,20,0
SKA,60,20241011,120000,74,74,74,74,8,0
SKA,60,20241011,130000,74,74,74,74,8,0
SKA,60,20241011,140000,74,74,73.8,73.8,43,0
SKA,60,20241011,150000,74,74,74,74,9,0
SKA,60,20241011,160000,73.8,74,73.8,73.8,701,0
SKA,60,20241011,170000,73.6,73.8,73.6,73.8,25,0
SKA,60,20241014,100000,73,74,73,74,1052,0
SKA,60,20241014,110000,74,74,74,74,1,0
SKA,60,20241014,130000,74,74,74,74,4,0
SKA,60,20241014,140000,74,74,74,74,1,0
SKA,60,20241014,150000,73.8,74,73.8,74,103,0
SKA,60,20241014,160000,74,74,73.8,73.8,16,0
SKA,60,20241014,170000,73.8,74,73.6,74,77,0
SKA,60,20241015,100000,74,74,73.8,74,30,0
SKA,60,20241015,110000,74,74,73.8,73.8,14,0
SKA,60,20241015,120000,74,74,74,74,73,0
SKA,60,20241015,130000,73.8,73.8,73.8,73.8,81,0
SKA,60,20241015,140000,74,74,74,74,38,0
SKA,60,20241015,150000,74,74,74,74,25,0
SKA,60,20241015,170000,74,74,73.8,73.8,22,0
SKA,60,20241016,100000,73.8,73.8,73.8,73.8,1,0
SKA,60,20241016,110000,73.8,73.8,73.8,73.8,14,0
SKA,60,20241016,130000,74,74,74,74,185,0
SKA,60,20241016,140000,74,74,74,74,1,0
SKA,60,20241016,160000,74,74,73.6,73.6,148,0
SKA,60,20241016,170000,74,74,74,74,8,0
SKA,60,20241017,100000,73.6,74,73.6,74,523,0
SKA,60,20241017,110000,74,74,74,74,262,0
SKA,60,20241017,120000,74,74,73,73,393,0
SKA,60,20241017,140000,74,74,74,74,1,0
SKA,60,20241017,170000,74,74,73.6,74,354,0
SKA,60,20241018,100000,74,74,74,74,2,0
SKA,60,20241018,110000,74,74,74,74,82,0
SKA,60,20241018,120000,74,74,74,74,5,0
SKA,60,20241018,140000,74,74,73.4,73.4,303,0
SKA,60,20241018,150000,73.2,73.6,73.2,73.4,415,0
SKA,60,20241018,160000,73.2,74,73.2,74,510,0
SKA,60,20241018,170000,74,74,74,74,740,0
SKA,60,20241021,100000,74,74,73.8,74,161,0
SKA,60,20241021,110000,74,74,74,74,14,0
SKA,60,20241021,120000,73.4,73.4,73,73,689,0
SKA,60,20241021,140000,73.6,73.6,73.6,73.6,1,0
SKA,60,20241021,150000,73,73,73,73,30,0
SKA,60,20241021,160000,73,73,73,73,3,0
SKA,60,20241022,100000,73,73.4,73,73.4,31,0
SKA,60,20241022,110000,73.6,73.6,73.6,73.6,2,0
SKA,60,20241022,140000,73.6,73.6,73.6,73.6,21,0
SKA,60,20241022,150000,73.6,73.8,73.6,73.8,20,0
SKA,60,20241023,100000,73.8,73.8,73.6,73.6,64,0
SKA,60,20241023,110000,73.8,74,73.8,74,19,0
SKA,60,20241023,120000,74,74,74,74,146,0
SKA,60,20241023,130000,74,74,74,74,13,0
SKA,60,20241023,140000,73.8,74,73.6,74,31,0
SKA,60,20241023,160000,73.8,73.8,73.8,73.8,2,0
SKA,60,20241023,170000,74,74,74,74,40,0
SKA,60,20241024,100000,74,74,74,74,1,0
SKA,60,20241024,110000,73.2,73.6,73.2,73.6,102,0
SKA,60,20241024,120000,73.6,73.6,73.6,73.6,111,0
SKA,60,20241024,140000,73.6,74,73.6,74,296,0
SKA,60,20241025,100000,74,74,72.6,73,870,0
SKA,60,20241025,110000,73,73,72.2,72.6,373,0
SKA,60,20241025,120000,72.6,72.6,72.6,72.6,172,0
SKA,60,20241025,130000,72.6,72.6,72.4,72.4,4,0
SKA,60,20241025,140000,72.6,72.6,72.6,72.6,32,0
SKA,60,20241025,150000,72.6,72.6,72.6,72.6,28,0
SKA,60,20241025,160000,72.4,72.4,72.4,72.4,8,0
SKA,60,20241025,170000,72.6,72.6,72.4,72.4,79,0
SKA,60,20241028,100000,72.6,72.6,72,72,709,0
SKA,60,20241028,110000,72,72,71,71.8,147,0
SKA,60,20241028,120000,71.8,71.8,71.8,71.8,10,0
SKA,60,20241028,130000,72,72,71,71,63,0
SKA,60,20241028,140000,72,72,71,72,214,0
SKA,60,20241028,150000,72,72,71.4,71.4,12,0
SKA,60,20241028,160000,72,72,71.4,71.4,48,0
SKA,60,20241028,170000,72,72,71.8,72,27,0
SKA,60,20241029,100000,72,72,71,71,285,0
SKA,60,20241029,110000,71,71,69,70.8,396,0
SKA,60,20241029,120000,70.8,71,70.8,71,173,0
SKA,60,20241029,130000,71,71,70.6,70.6,25,0
SKA,60,20241029,140000,71,71,70.8,71,257,0
SKA,60,20241029,150000,71,71,71,71,106,0
SKA,60,20241029,160000,71,71,70.8,71,39,0
SKA,60,20241029,170000,71,71,70.8,71,318,0
SKA,60,20241030,100000,71,71,71,71,226,0
SKA,60,20241030,130000,71,71,71,71,38,0
SKA,60,20241030,140000,71,71,71,71,112,0
SKA,60,20241031,100000,70.8,70.8,70.8,70.8,5,0
SKA,60,20241031,130000,71,71,71,71,2,0
SKA,60,20241031,150000,71,71,70.8,70.8,4,0
SKA,60,20241031,160000,71,71,71,71,8,0
SKA,60,20241031,170000,70.8,71,70.8,71,66,0
SKA,60,20241104,100000,71,71,71,71,580,0
SKA,60,20241104,110000,71,71,70.8,70.8,15,0
SKA,60,20241104,120000,71,71,71,71,41,0
SKA,60,20241104,140000,71,71,71,71,366,0
SKA,60,20241104,150000,70.6,70.8,70,70,49,0
SKA,60,20241104,160000,70.4,70.4,70.4,70.4,21,0
SKA,60,20241104,170000,71,71,70.4,71,48,0
SKA,60,20241105,100000,71,71,70.4,70.4,16,0
SKA,60,20241105,110000,70.4,71,70,71,122,0
SKA,60,20241105,140000,71,71,71,71,20,0
SKA,60,20241105,160000,71,71,71,71,1,0
SKA,60,20241105,170000,71,71,70,70,23,0
SKA,60,20241106,100000,70.2,71.8,70.2,71.8,297,0
SKA,60,20241106,110000,71.8,75,71.8,75,171,0
SKA,60,20241106,120000,74.8,75,74,74,126,0
SKA,60,20241106,130000,73.4,73.4,70.8,70.8,740,0
SKA,60,20241106,150000,70.6,70.6,70.6,70.6,17,0
SKA,60,20241106,160000,70.6,71,70.6,71,121,0
SKA,60,20241107,100000,71,71,71,71,130,0
SKA,60,20241107,110000,71,72.6,71,72.6,105,0
SKA,60,20241107,120000,73.8,73.8,73.8,73.8,10,0
SKA,60,20241107,130000,74,74,72,72,6,0
SKA,60,20241107,140000,71.4,71.4,71.4,71.4,12,0
SKA,60,20241107,150000,71.4,71.4,71.4,71.4,1,0
SKA,60,20241107,170000,72,72,72,72,6,0
SKA,60,20241108,100000,72,72,72,72,69,0
SKA,60,20241108,110000,72,72,72,72,70,0
SKA,60,20241108,120000,72,72,72,72,118,0
SKA,60,20241108,130000,72,72,72,72,1,0
SKA,60,20241108,140000,72,72,72,72,66,0
SKA,60,20241108,150000,72,72,72,72,28,0
SKA,60,20241108,160000,71.6,71.6,71.6,71.6,6,0
SKA,60,20241108,170000,71.8,72,71.8,72,27,0
SKA,60,20241112,100000,72,72,72,72,34,0
SKA,60,20241112,110000,72,72,71.8,71.8,4,0
SKA,60,20241112,120000,72,72,72,72,253,0
SKA,60,20241112,130000,72,72,72,72,244,0
SKA,60,20241112,140000,72.2,72.2,72.2,72.2,1,0
SKA,60,20241112,150000,73.8,73.8,72.4,72.4,4,0
SKA,60,20241112,170000,75.2,75.2,75.2,75.2,105,0
SKA,60,20241113,100000,75.2,75.2,73.4,73.4,67,0
SKA,60,20241113,110000,73.6,75,73.6,75,47,0
SKA,60,20241113,120000,73.8,75,73.6,75,21,0
SKA,60,20241113,130000,75,75,75,75,64,0
SKA,60,20241113,140000,75.2,75.2,75,75,76,0
SKA,60,20241113,150000,75,75,75,75,122,0
SKA,60,20241113,170000,74,75,74,75,6,0
SKA,60,20241114,100000,75,75,75,75,50,0
SKA,60,20241114,110000,74,74,74,74,50,0
SKA,60,20241114,120000,73.4,73.4,73.4,73.4,28,0
SKA,60,20241114,130000,73.4,73.4,73.4,73.4,65,0
SKA,60,20241114,140000,74.8,74.8,74.8,74.8,2,0
SKA,60,20241114,170000,74.8,74.8,74.8,74.8,26,0
SKA,60,20241115,100000,75,75,75,75,1,0
SKA,60,20241115,110000,75,75,74.8,74.8,60,0
SKA,60,20241115,120000,75,75,75,75,15,0
SKA,60,20241115,140000,75,75,74.8,74.8,21,0
SKA,60,20241115,160000,74.8,74.8,74.8,74.8,15,0
SKA,60,20241115,170000,73.8,74.8,73.8,74.8,142,0
SKA,60,20241118,100000,74.8,74.8,74.8,74.8,23,0
SKA,60,20241118,110000,74.6,74.6,74.6,74.6,1,0
SKA,60,20241118,120000,74.6,74.6,74.4,74.4,63,0
SKA,60,20241118,130000,74.4,74.6,74.4,74.6,702,0
SKA,60,20241118,140000,74,74,74,74,40,0
SKA,60,20241118,160000,73.8,73.8,73.8,73.8,1,0
SKA,60,20241118,170000,73.8,73.8,73.8,73.8,15,0
SKA,60,20241119,100000,73.6,73.6,73.6,73.6,1,0
SKA,60,20241119,130000,73.4,73.4,73.4,73.4,23,0
SKA,60,20241119,140000,73.4,73.6,73.4,73.6,31,0
SKA,60,20241119,150000,73.4,73.4,73.4,73.4,9,0
SKA,60,20241119,160000,73.4,73.4,73,73,125,0
SKA,60,20241119,170000,73,73.6,73,73.6,53,0
SKA,60,20241120,100000,74.8,74.8,72.8,72.8,3,0
SKA,60,20241120,110000,72.8,72.8,72.8,72.8,26,0
SKA,60,20241120,140000,72.6,72.6,72.2,72.2,15,0
SKA,60,20241120,160000,72.8,72.8,72.8,72.8,57,0
SKA,60,20241120,170000,72.2,72.2,72,72,10,0
SKA,60,20241121,100000,72.8,74.6,72.8,74.6,12,0
SKA,60,20241121,110000,72.8,72.8,72,72,26,0
SKA,60,20241121,120000,72.8,72.8,72.8,72.8,20,0
SKA,60,20241121,140000,72.8,72.8,72.8,72.8,1,0
SKA,60,20241121,150000,72.8,72.8,72.4,72.4,101,0
SKA,60,20241122,100000,72.4,72.6,72.4,72.4,106,0
SKA,60,20241122,120000,72.4,72.4,72.4,72.4,26,0
SKA,60,20241122,150000,72.4,72.4,72.4,72.4,89,0
SKA,60,20241122,170000,72.2,72.4,72.2,72.4,27,0
SKA,60,20241125,100000,72.6,72.6,72.6,72.6,11,0
SKA,60,20241125,110000,72.4,72.4,72.2,72.2,23,0
SKA,60,20241125,120000,72.6,72.6,72.4,72.6,29,0
SKA,60,20241125,130000,74.6,74.6,74.6,74.6,3,0
SKA,60,20241125,140000,74.6,74.6,74.6,74.6,3,0
SKA,60,20241125,150000,74.6,74.6,74.6,74.6,7,0
SKA,60,20241125,160000,74.6,74.6,74.4,74.4,15,0
SKA,60,20241125,170000,74.6,76,74.6,76,455,0
SKA,60,20241126,100000,76,76,73.4,73.4,42,0
SKA,60,20241126,110000,75.6,75.6,75.6,75.6,20,0
SKA,60,20241126,130000,75.8,76.6,75.8,76.6,566,0
SKA,60,20241126,140000,76.6,77.4,76.6,77.2,459,0
SKA,60,20241126,150000,77.2,77.4,77.2,77.4,36,0
SKA,60,20241126,160000,77.2,77.2,77.2,77.2,47,0
SKA,60,20241126,170000,77,77.4,77,77.4,52,0
SKA,60,20241127,100000,77.4,77.4,75,75,7,0
SKA,60,20241127,110000,77,77,75.2,75.2,21,0
SKA,60,20241127,120000,75.2,76,75,76,81,0
SKA,60,20241127,130000,76,76,76,76,3,0
SKA,60,20241127,150000,77,77.2,77,77.2,10,0
SKA,60,20241127,170000,74.6,74.6,74.6,74.6,18,0
SKA,60,20241128,100000,77.2,77.2,75,75,12,0
SKA,60,20241128,110000,75,75,75,75,3,0
SKA,60,20241128,140000,75,75,75,75,1,0
SKA,60,20241128,150000,75,75,75,75,1,0
SKA,60,20241128,160000,75,75,74.6,75,139,0
SKA,60,20241128,170000,75,75,74.8,74.8,2,0
SKA,60,20241129,100000,74.8,74.8,74.8,74.8,50,0
SKA,60,20241129,130000,76,76,76,76,2,0
SKA,60,20241129,140000,76,77.4,76,77.4,167,0
SKA,60,20241129,150000,77.6,78,77.6,78,99,0
SKA,60,20241129,160000,78,80,78,80,518,0
SKA,60,20241129,170000,78.4,79.4,78.4,79.4,120,0
SKA,60,20241202,100000,77.8,78,77.8,78,63,0
SKA,60,20241202,110000,78,78.2,77.8,78.2,45,0
SKA,60,20241202,120000,79.6,79.6,78,79.6,6,0
SKA,60,20241202,130000,79.6,79.6,79.6,79.6,1,0
SKA,60,20241202,150000,78.8,79,78.8,79,57,0
SKA,60,20241202,160000,78.8,79,78.8,79,443,0
SKA,60,20241202,170000,78.8,78.8,78.8,78.8,19,0
SKA,60,20241203,100000,79.4,79.4,79.4,79.4,65,0
SKA,60,20241203,110000,79,79,78.8,78.8,33,0
SKA,60,20241203,120000,78.8,78.8,78.8,78.8,1,0
SKA,60,20241203,130000,79,79,79,79,44,0
SKA,60,20241203,140000,79,79,79,79,27,0
SKA,60,20241203,150000,78.4,78.4,78.4,78.4,138,0
SKA,60,20241203,160000,79.6,79.6,79.6,79.6,13,0
SKA,60,20241204,100000,79.6,79.6,79,79.2,38,0
SKA,60,20241204,110000,79,79,78.4,78.4,6,0
SKA,60,20241204,120000,78.4,78.4,77.6,77.6,82,0
SKA,60,20241204,130000,78,78,78,78,19,0
SKA,60,20241204,140000,78,78.4,77.8,78.4,27,0
SKA,60,20241204,170000,78.2,78.4,77.8,77.8,65,0
SKA,60,20241205,100000,77.6,79.6,77.6,79.6,155,0
SKA,60,20241205,110000,79.6,80,79.6,79.8,397,0
SKA,60,20241205,120000,79.8,79.8,79.8,79.8,10,0
SKA,60,20241205,130000,79.8,79.8,79.8,79.8,12,0
SKA,60,20241205,140000,80,80,80,80,1,0
SKA,60,20241205,150000,79.8,79.8,79.8,79.8,1,0
SKA,60,20241205,160000,80,80,80,80,30,0
SKA,60,20241205,170000,80,80.6,80,80.6,40,0
SKA,60,20241206,100000,79.8,80.6,79.6,79.8,333,0
SKA,60,20241206,110000,80.6,80.6,79.8,79.8,7,0
SKA,60,20241206,130000,80,80,79.8,79.8,36,0
SKA,60,20241206,150000,80,80.6,80,80.6,23,0
SKA,60,20241206,160000,80.6,80.6,79.8,79.8,3,0
SKA,60,20241206,170000,79.8,81,79.8,81,14,0
SKA,60,20241209,100000,81,81.2,80.6,80.6,77,0
SKA,60,20241209,110000,80.6,82,80.6,81.8,230,0
SKA,60,20241209,120000,81.2,81.2,81.2,81.2,20,0
SKA,60,20241209,130000,81.4,81.4,80,80,4,0
SKA,60,20241209,140000,80,80,80,80,64,0
SKA,60,20241209,150000,80,80,80,80,20,0
SKA,60,20241209,170000,79.8,81.4,79.8,81.4,34,0
SKA,60,20241210,100000,81.4,81.8,81.4,81.8,69,0
SKA,60,20241210,110000,81.8,82,81.8,82,103,0
SKA,60,20241210,120000,82,82,81.8,81.8,308,0
SKA,60,20241210,130000,81.8,81.8,81.8,81.8,1600,0
SKA,60,20241210,140000,82,82,82,82,49,0
SKA,60,20241210,150000,82.2,82.2,82.2,82.2,2,0
SKA,60,20241210,160000,82.2,82.2,82.2,82.2,1,0
SKA,60,20241210,170000,82,82.4,82,82.4,268,0
SKA,60,20241211,100000,82.4,82.4,82,82,18,0
SKA,60,20241211,110000,82,82,81.8,81.8,1100,0
SKA,60,20241211,120000,82,82,82,82,301,0
SKA,60,20241211,140000,81.8,81.8,80.4,81.8,159,0
SKA,60,20241211,150000,81.8,81.8,81.8,81.8,114,0
SKA,60,20241211,160000,81.8,81.8,81.8,81.8,20,0
SKA,60,20241211,170000,81.6,81.6,81.6,81.6,4,0
SKA,60,20241212,100000,82.4,82.4,81.2,81.2,14,0
SKA,60,20241212,110000,81.2,81.6,81.2,81.2,138,0
SKA,60,20241212,120000,82.4,82.4,82.4,82.4,3,0
SKA,60,20241212,130000,81.2,81.2,81.2,81.2,20,0
SKA,60,20241212,140000,81.2,81.2,80.4,80.4,109,0
SKA,60,20241212,150000,82.2,84,82.2,83.8,457,0
SKA,60,20241212,160000,83.2,83.2,83.2,83.2,1,0
SKA,60,20241212,170000,83.8,83.8,83.8,83.8,107,0
SKA,60,20241213,100000,84,84,82,82,239,0
SKA,60,20241213,110000,83.8,84,82,82,2851,0
SKA,60,20241213,120000,82,82,82,82,4,0
SKA,60,20241213,150000,82.4,82.4,81.6,82,105,0
SKA,60,20241213,160000,81.6,82,81.6,82,163,0
SKA,60,20241213,170000,81.4,81.4,81.4,81.4,18,0
SKA,60,20241216,100000,81.4,81.6,81.4,81.6,275,0
SKA,60,20241216,110000,82.8,83,81.6,81.6,122,0
SKA,60,20241216,120000,81.6,83,81.4,81.4,3043,0
SKA,60,20241216,130000,81.4,81.4,81.4,81.4,21,0
SKA,60,20241216,140000,81.2,81.2,81.2,81.2,50,0
SKA,60,20241216,160000,81.2,81.2,81.2,81.2,124,0
SKA,60,20241216,170000,81.2,81.2,81.2,81.2,44,0
SKA,60,20241217,100000,81.2,81.2,81.2,81.2,2,0
SKA,60,20241217,110000,81.2,82.6,81.2,82.4,36,0
SKA,60,20241217,130000,81.2,81.2,81.2,81.2,1,0
SKA,60,20241217,150000,81.4,83,81.4,81.4,85,0
SKA,60,20241217,160000,81.4,81.4,81.4,81.4,18,0
SKA,60,20241217,170000,81.4,81.4,81.2,81.2,35,0
SKA,60,20241218,100000,82,82,82,82,1,0
SKA,60,20241218,110000,82,82,81.2,81.2,22,0
SKA,60,20241218,150000,82,82,81.2,81.2,46,0
SKA,60,20241219,100000,81.4,81.4,81.4,81.4,7,0
SKA,60,20241219,110000,81.6,81.6,81.4,81.4,31,0
SKA,60,20241219,140000,81.2,81.4,81.2,81.4,38,0
SKA,60,20241219,150000,81.4,81.4,81.4,81.4,8,0
SKA,60,20241219,170000,81.2,81.2,81.2,81.2,70,0
SKA,60,20241220,100000,80.6,80.6,74.4,77.2,559,0
SKA,60,20241220,110000,77.4,78.4,77.4,78.2,82,0
SKA,60,20241220,120000,76,78.2,76,78.2,105,0
SKA,60,20241220,130000,78.2,78.4,78.2,78.4,42,0
SKA,60,20241220,150000,78.6,78.6,78.2,78.2,10,0
SKA,60,20241220,160000,78.6,79.8,78.6,79.8,18,0
SKA,60,20241220,170000,79.8,83,79.8,83,983,0
SKA,60,20241223,100000,83,83,82.8,82.8,83,0
SKA,60,20241223,110000,82.8,83,80.6,80.6,180,0
SKA,60,20241223,120000,83,83,83,83,1,0
SKA,60,20241223,140000,81,81,81,81,7,0
SKA,60,20241223,150000,80.8,80.8,80.6,80.6,65,0
SKA,60,20241223,160000,80.8,80.8,80.8,80.8,4,0
SKA,60,20241223,170000,81,82.8,81,82.8,66,0
SKA,60,20241227,100000,82.2,82.2,82,82.2,353,0
SKA,60,20241227,110000,82,82,82,82,30,0
SKA,60,20241227,120000,82,82.2,82,82.2,359,0
SKA,60,20241227,130000,82,82,82,82,18,0
SKA,60,20241227,170000,82,82,82,82,867,0
SKA,60,20241230,100000,82.8,82.8,82,82.6,63,0
SKA,60,20241230,110000,82.6,82.6,82.6,82.6,15,0
SKA,60,20241230,120000,82.4,82.4,82.4,82.4,1,0
SKA,60,20241230,130000,82.4,82.4,82.4,82.4,1,0
SKA,60,20241230,140000,81.8,81.8,81.6,81.8,128,0
SKA,60,20241230,150000,81.4,81.4,81.4,81.4,3642,0
SKA,60,20241230,160000,81.4,81.6,81.4,81.6,3715,0
SKA,60,20241230,170000,82.4,82.6,81.6,82.6,53,0
SKA,60,20250102,100000,85.8,85.8,85.8,85.8,49,0
SKA,60,20250102,110000,83.6,85.4,83.2,84.8,85,0
SKA,60,20250102,120000,83.2,83.2,83.2,83.2,2,0
SKA,60,20250102,140000,83.2,83.2,83.2,83.2,23,0
SKA,60,20250102,150000,84,84,84,84,9,0
SKA,60,20250102,160000,83.2,83.2,82.8,82.8,100,0
SKA,60,20250102,170000,84,84,84,84,12,0
SKA,60,20250103,100000,84,84,83.6,83.6,9,0
SKA,60,20250103,110000,82.8,82.8,82.8,82.8,6,0
SKA,60,20250103,120000,83.4,84,83.4,84,97,0
SKA,60,20250103,140000,83,83,83,83,4,0
SKA,60,20250103,150000,83.8,83.8,83.8,83.8,15,0
SKA,60,20250103,160000,83.8,84,83.8,84,12,0
SKA,60,20250107,100000,83.8,84,83.8,84,260,0
SKA,60,20250107,110000,84,84.6,84,84.6,2,0
SKA,60,20250107,120000,84.6,84.6,84,84,45,0
SKA,60,20250107,130000,84,84,84,84,5,0
SKA,60,20250107,150000,84.4,84.4,84.4,84.4,91,0
SKA,60,20250107,160000,84.2,84.2,83.8,83.8,29,0
SKA,60,20250107,170000,83.8,83.8,83.8,83.8,32,0
SKA,60,20250108,100000,84.6,84.6,84,84,7,0
SKA,60,20250108,140000,84,84,84,84,31,0
SKA,60,20250108,150000,84.4,84.4,84.4,84.4,61,0
SKA,60,20250108,160000,84.4,84.4,84.4,84.4,2,0
SKA,60,20250108,170000,84.2,84.2,82.8,82.8,39,0
SKA,60,20250109,100000,83,83,83,83,67,0
SKA,60,20250109,110000,83,83,83,83,6,0
SKA,60,20250109,120000,83.2,83.2,83.2,83.2,2,0
SKA,60,20250109,140000,83.2,84,83.2,84,12,0
SKA,60,20250109,160000,84,84.8,84,84.8,174,0
SKA,60,20250110,100000,84.8,84.8,83,83,3,0
SKA,60,20250110,120000,84,84.8,84,84.8,42,0
SKA,60,20250110,140000,83.2,84.6,83.2,84.6,28,0
SKA,60,20250110,170000,83,83,82.8,82.8,4,0
SKA,60,20250113,100000,84.4,84.4,84.4,84.4,8,0
SKA,60,20250113,110000,83,83,82.8,82.8,2,0
SKA,60,20250113,120000,84.4,84.4,84.4,84.4,1,0
SKA,60,20250113,140000,84.2,84.2,82.8,82.8,16,0
SKA,60,20250113,150000,82.8,82.8,82.8,82.8,104,0
SKA,60,20250113,160000,84.2,84.2,84.2,84.2,23,0
SKA,60,20250113,170000,84.2,84.2,84.2,84.2,1,0
SKA,60,20250114,100000,84,84,82.6,82.6,12,0
SKA,60,20250114,110000,82.6,82.6,82.6,82.6,294,0
SKA,60,20250114,130000,82.6,82.6,82.6,82.6,15,0
SKA,60,20250114,140000,82.6,82.6,82.6,82.6,1,0
SKA,60,20250114,150000,82.6,82.6,82.6,82.6,15,0
SKA,60,20250114,160000,82.6,82.6,82.6,82.6,300,0
SKA,60,20250114,170000,82.8,83.6,82.8,83.6,557,0
SKA,60,20250115,100000,84,84,82.2,82.2,15,0
SKA,60,20250115,110000,82.2,83.8,82,83.8,49,0
SKA,60,20250115,130000,83.8,83.8,83.8,83.8,2,0
SKA,60,20250115,170000,82,82,81,81,85,0
SKA,60,20250116,100000,81.2,81.2,81.2,81.2,1,0
SKA,60,20250116,110000,82,82,82,82,2,0
SKA,60,20250116,140000,81.6,81.6,81.6,81.6,4401,0
SKA,60,20250116,170000,81.8,81.8,81.8,81.8,40,0
SKA,60,20250117,100000,83.6,83.8,83.6,83.8,4,0
SKA,60,20250117,120000,83.8,83.8,83.8,83.8,17,0
SKA,60,20250117,130000,83.6,83.6,83.6,83.6,3,0
SKA,60,20250117,140000,83.6,83.6,83,83,22,0
SKA,60,20250117,160000,81.8,81.8,81.8,81.8,19,0
SKA,60,20250120,100000,81.8,83,81,82.6,74,0
SKA,60,20250120,110000,82,82,82,82,5,0
SKA,60,20250120,120000,81.2,81.2,81.2,81.2,199,0
SKA,60,20250120,130000,81.4,81.6,81.4,81.6,16,0
SKA,60,20250120,140000,81.6,81.6,81.6,81.6,38,0
SKA,60,20250120,160000,82,82,82,82,1,0
SKA,60,20250120,170000,82,82,80.4,80.4,5406,0
SKA,60,20250121,100000,80.4,83,80.4,83,44,0
SKA,60,20250121,120000,82.8,82.8,82.6,82.6,10,0
SKA,60,20250121,150000,80.6,81,80.6,81,16,0
SKA,60,20250121,160000,80.6,80.6,80.6,80.6,2,0
SKA,60,20250121,170000,81,81,80.4,80.4,8,0
SKA,60,20250122,100000,81,81.2,81,81,41,0
SKA,60,20250122,110000,82.4,82.6,81.2,82.6,7,0
SKA,60,20250122,120000,81.2,81.2,81.2,81.2,2,0
SKA,60,20250122,130000,82.8,83,82.8,83,58,0
SKA,60,20250122,140000,81.2,81.2,81.2,81.2,20,0
SKA,60,20250122,170000,82.8,82.8,81.2,81.2,15,0
SKA,60,20250123,100000,81.2,81.2,81.2,81.2,1,0
SKA,60,20250123,110000,81.4,82.8,81.4,82.8,4,0
SKA,60,20250123,120000,82.8,82.8,82.8,82.8,3,0
SKA,60,20250123,150000,82.8,82.8,82.8,82.8,1,0
SKA,60,20250123,160000,81.4,81.4,81.2,81.2,100,0
SKA,60,20250123,170000,81.2,81.2,81.2,81.2,16,0
SKA,60,20250124,100000,83.4,83.4,81.6,81.6,2,0
SKA,60,20250124,110000,83,83,81.6,81.6,2,0
SKA,60,20250124,120000,83,83,83,83,14,0
SKA,60,20250124,130000,83,83,83,83,118,0
SKA,60,20250124,140000,83,83,81.8,81.8,2,0
SKA,60,20250127,100000,83.2,83.2,83.2,83.2,31,0
SKA,60,20250127,120000,81.2,81.2,81.2,81.2,4,0
SKA,60,20250127,140000,81.2,81.2,81.2,81.2,128,0
SKA,60,20250127,150000,81.4,83.4,81.4,83.4,32,0
SKA,60,20250127,160000,83.6,84,83.6,84,98,0
SKA,60,20250127,170000,83.6,83.6,82.8,83,146,0
SKA,60,20250128,100000,83.4,83.4,83,83,3,0
SKA,60,20250128,120000,82.8,83,82.8,83,118,0
SKA,60,20250128,130000,83,83,83,83,41,0
SKA,60,20250128,140000,82.6,82.6,82.6,82.6,1,0
SKA,60,20250128,150000,83.4,83.4,83.4,83.4,10,0
SKA,60,20250128,160000,83,83,83,83,80,0
SKA,60,20250128,170000,83,83.4,83,83.4,59,0
SKA,60,20250129,100000,83,83,82.8,83,634,0
SKA,60,20250129,110000,83,83,83,83,85,0
SKA,60,20250129,120000,83,83,83,83,12,0
SKA,60,20250129,140000,83.4,83.4,83.4,83.4,60,0
SKA,60,20250129,150000,83.4,83.4,83.4,83.4,18,0
SKA,60,20250129,160000,83.4,83.4,83.4,83.4,13,0
SKA,60,20250129,170000,83,83.4,83,83.4,44,0
SKA,60,20250130,100000,84,84,83.8,83.8,14,0
SKA,60,20250130,110000,83.8,83.8,83.6,83.8,73,0
SKA,60,20250130,120000,83.8,83.8,83.8,83.8,1,0
SKA,60,20250130,130000,83.4,83.4,82.2,82.2,5,0
SKA,60,20250130,140000,83.8,83.8,82.6,82.6,100,0
SKA,60,20250130,150000,83.6,83.6,83.6,83.6,16,0
SKA,60,20250130,160000,82.6,82.6,82.6,82.6,36,0
SKA,60,20250130,170000,83.6,84,83.6,84,201,0
SKA,60,20250131,100000,83.8,83.8,83.8,83.8,21,0
SKA,60,20250131,110000,83,83,83,83,49,0
SKA,60,20250131,140000,83.6,83.6,83.6,83.6,1,0
SKA,60,20250131,150000,83,83,83,83,3,0
SKA,60,20250131,160000,83,83,83,83,262,0
SKA,60,20250203,100000,83.2,83.2,83,83,1333,0
SKA,60,20250203,110000,83,83,83,83,820,0
SKA,60,20250203,120000,83,83,83,83,567,0
SKA,60,20250203,130000,83.2,83.2,83,83,256,0
SKA,60,20250203,140000,83.2,83.2,83.2,83.2,176,0
SKA,60,20250203,150000,83.4,83.4,83.4,83.4,1,0
SKA,60,20250203,160000,83.2,83.2,83.2,83.2,77,0
SKA,60,20250203,170000,83.2,83.2,83,83.2,49,0
SKA,60,20250204,100000,83,83,83,83,442,0
SKA,60,20250204,110000,83,83,83,83,102,0
SKA,60,20250204,120000,83.2,83.2,83,83,52,0
SKA,60,20250204,130000,83,83,83,83,11,0
SKA,60,20250204,140000,83,83,83,83,35,0
SKA,60,20250204,170000,83,83.2,83,83.2,233,0
SKA,60,20250205,100000,83.2,83.2,83.2,83.2,1,0
SKA,60,20250205,140000,83,83,83,83,10,0
SKA,60,20250205,150000,83.4,83.4,83.2,83.2,131,0
SKA,60,20250205,160000,83.2,83.2,83.2,83.2,14,0
SKA,60,20250205,170000,83.2,83.2,83.2,83.2,20,0
SKA,60,20250206,100000,83.2,83.8,83.2,83.8,80,0
SKA,60,20250206,110000,83.8,83.8,83.2,83.8,2120,0
SKA,60,20250206,120000,83.8,83.8,83.6,83.6,109,0
SKA,60,20250206,160000,83.4,83.4,83.4,83.4,120,0
SKA,60,20250207,100000,82,83.4,79.2,83.2,408,0
SKA,60,20250207,110000,83,83.2,83,83,83,0
SKA,60,20250207,140000,83.2,83.2,83.2,83.2,18,0
SKA,60,20250207,150000,83.2,83.2,83.2,83.2,4,0
SKA,60,20250207,160000,83.4,83.4,83,83.4,78,0
SKA,60,20250207,170000,83.4,83.4,83,83,47,0
SKA,60,20250210,100000,80.4,82.2,80.4,82.2,406,0
SKA,60,20250210,110000,82,83,82,83,28,0
SKA,60,20250210,120000,83,83.4,83,83.4,739,0
SKA,60,20250210,130000,83.8,83.8,83,83,53,0
SKA,60,20250210,140000,83.8,83.8,81.2,81.2,1980,0
SKA,60,20250210,150000,83,83,83,83,3,0
SKA,60,20250210,160000,81.8,82.8,81.8,82.8,30,0
SKA,60,20250210,170000,82.8,83,82.8,83,24,0
SKA,60,20250211,100000,83,83,83,83,6,0
SKA,60,20250211,150000,83,84.2,83,84.2,73,0
SKA,60,20250211,160000,83.2,83.2,83.2,83.2,15,0
SKA,60,20250211,170000,84.2,84.2,84.2,84.2,15,0
SKA,60,20250212,100000,84.2,84.2,84,84,4,0
SKA,60,20250212,110000,84,84,83,83,57,0
SKA,60,20250212,120000,83,83,83,83,1,0
SKA,60,20250212,160000,83.8,83.8,83.8,83.8,1,0
SKA,60,20250213,100000,83.8,84.2,83.8,84.2,40,0
SKA,60,20250213,110000,83.8,83.8,83.8,83.8,17,0
SKA,60,20250213,140000,84.2,84.2,84.2,84.2,25,0
SKA,60,20250213,150000,83.8,83.8,83.8,83.8,16,0
SKA,60,20250213,160000,83.8,83.8,83.6,83.6,12,0
SKA,60,20250213,170000,84.2,84.4,84.2,84.4,83,0
SKA,60,20250214,100000,84.4,84.4,83.6,83.6,14,0
SKA,60,20250214,110000,83.6,83.6,83.4,83.4,10,0
SKA,60,20250214,130000,83.4,83.4,82.8,83.4,44,0
SKA,60,20250214,140000,83.4,83.4,83.4,83.4,3,0
SKA,60,20250214,160000,83.4,83.4,83.4,83.4,24,0
SKA,60,20250214,170000,83,83,83,83,145,0
SKA,60,20250217,100000,83,84,83,84,420,0
SKA,60,20250217,110000,84,84.4,84,84.2,1658,0
SKA,60,20250217,120000,84.2,84.4,84.2,84.4,389,0
SKA,60,20250217,130000,84.4,84.4,84,84.4,125,0
SKA,60,20250217,140000,84.4,84.4,84,84.4,85,0
SKA,60,20250217,150000,84.4,84.4,84.4,84.4,30,0
SKA,60,20250217,160000,84.4,84.4,84.4,84.4,142,0
SKA,60,20250217,170000,84.4,84.4,84.4,84.4,83,0
SKA,60,20250218,100000,84.4,84.6,84.2,84.2,325,0
SKA,60,20250218,110000,84.6,84.6,84.6,84.6,19,0
SKA,60,20250218,120000,84.4,84.4,84.4,84.4,14,0
SKA,60,20250218,130000,84.4,84.4,84.4,84.4,7,0
SKA,60,20250218,140000,84.2,84.6,84.2,84.6,81,0
SKA,60,20250218,160000,84.6,84.8,84.6,84.8,39,0
SKA,60,20250218,170000,84.8,84.8,84.6,84.8,54,0
SKA,60,20250219,100000,84.8,84.8,84,84.8,256,0
SKA,60,20250219,110000,84,84,84,84,15,0
SKA,60,20250219,120000,84.6,84.8,84,84.8,282,0
SKA,60,20250219,130000,84.8,84.8,83.8,84.2,42,0
SKA,60,20250219,140000,84.2,84.2,83.2,83.2,55,0
SKA,60,20250219,150000,83.6,84.2,83.6,84.2,57,0
SKA,60,20250219,160000,84.2,84.2,84.2,84.2,12,0
SKA,60,20250219,170000,84.2,84.2,83.2,83.2,488,0
SKA,60,20250220,100000,83.2,83.2,83.2,83.2,6,0
SKA,60,20250220,120000,84,84,84,84,20,0
SKA,60,20250220,130000,84,84.6,84,84.6,60,0
SKA,60,20250220,140000,84.6,84.8,84.6,84.8,48,0
SKA,60,20250220,150000,84.4,84.4,83.8,83.8,109,0
SKA,60,20250220,160000,83.8,83.8,83.8,83.8,11,0
SKA,60,20250220,170000,83.8,83.8,83.8,83.8,3,0
SKA,60,20250221,100000,84.4,84.8,83,84.8,53,0
SKA,60,20250221,110000,84.6,84.6,84.6,84.6,16,0
SKA,60,20250221,120000,84.6,84.8,84.6,84.8,215,0
SKA,60,20250221,130000,84.8,84.8,83.8,83.8,58,0
SKA,60,20250221,150000,83.2,83.4,83,83.4,50,0
SKA,60,20250221,160000,83.4,83.4,83.4,83.4,2,0
SKA,60,20250221,170000,83.4,83.4,83.2,83.2,62,0
SKA,60,20250224,100000,84,84.6,84,84.6,67,0
SKA,60,20250224,110000,84.6,84.8,83.8,83.8,236,0
SKA,60,20250224,120000,84.8,84.8,84.8,84.8,2,0
SKA,60,20250224,130000,84.8,84.8,83.8,83.8,157,0
SKA,60,20250224,160000,83.8,83.8,83.8,83.8,2,0
SKA,60,20250224,170000,85,85,85,85,31,0
SKA,60,20250225,100000,85,85,83.4,84.6,68,0
SKA,60,20250225,110000,83.4,84.8,83.4,84.8,42,0
SKA,60,20250225,120000,84,84.8,84,84.8,31,0
SKA,60,20250225,130000,84.8,84.8,84.8,84.8,2,0
SKA,60,20250225,140000,84.8,84.8,84.8,84.8,12,0
SKA,60,20250225,150000,84.6,85,84.6,85,29,0
SKA,60,20250225,160000,84.6,84.6,84.6,84.6,16,0
SKA,60,20250225,170000,84.6,85,84.6,85,134,0
SKA,60,20250226,100000,85.8,88,85.8,88,1156,0
SKA,60,20250226,110000,88.2,89.4,88,89.4,151,0
SKA,60,20250226,120000,89.4,89.4,89.4,89.4,36,0
SKA,60,20250226,130000,89.4,89.4,88,88,26,0
SKA,60,20250226,140000,89,89.4,89,89.4,102,0
SKA,60,20250226,150000,89.4,89.4,88.2,89.4,108,0
SKA,60,20250226,160000,89.4,89.8,89.4,89.4,64,0
SKA,60,20250226,170000,89.8,89.8,89.4,89.4,201,0
SKA,60,20250227,100000,89.6,89.8,87.6,87.6,102,0
SKA,60,20250227,110000,87.8,87.8,87.8,87.8,1,0
SKA,60,20250227,120000,87.8,89,87.8,89,14,0
SKA,60,20250227,130000,89,89.6,87.6,87.6,10,0
SKA,60,20250227,140000,89.6,89.8,89.6,89.6,159,0
SKA,60,20250227,150000,87.6,87.6,87.6,87.6,5,0
SKA,60,20250227,160000,89,89,86.8,86.8,71,0
SKA,60,20250227,170000,89.2,90,89.2,90,147,0
SKA,60,20250228,100000,87.2,88.4,87.2,88.4,24,0
SKA,60,20250228,110000,88.4,88.4,88.4,88.4,7,0
SKA,60,20250228,130000,88.4,88.4,87.2,88.4,43,0
SKA,60,20250228,150000,87.2,87.2,87.2,87.2,65,0
SKA,60,20250228,160000,88.4,88.4,88.4,88.4,1,0
SKA,60,20250303,100000,89,89,86.8,88.8,265,0
SKA,60,20250303,110000,86.8,87.8,86,86,630,0
SKA,60,20250303,120000,86,88.6,86,88.6,29,0
SKA,60,20250303,130000,88.4,88.4,85.8,88,5,0
SKA,60,20250303,150000,86.2,86.2,86.2,86.2,3,0
SKA,60,20250303,160000,88,88,88,88,2,0
SKA,60,20250303,170000,86.2,86.2,86.2,86.2,53,0
SKA,60,20250304,100000,86.2,87.4,86.2,86.2,21,0
SKA,60,20250304,110000,86.2,86.2,85.4,85.4,155,0
SKA,60,20250304,120000,85.4,86.8,85.4,86.8,11,0
SKA,60,20250304,130000,86.6,86.6,86.6,86.6,6,0
SKA,60,20250304,140000,85.4,86.4,85.4,86.4,135,0
SKA,60,20250304,170000,86.2,86.2,86.2,86.2,7,0
SKA,60,20250305,100000,85.4,85.8,85.2,85.8,39,0
SKA,60,20250305,120000,85.8,85.8,85.8,85.8,7,0
SKA,60,20250305,130000,85.2,85.2,85.2,85.2,1,0
SKA,60,20250305,140000,85.6,85.6,85.2,85.6,6,0
SKA,60,20250305,170000,85.2,86,85.2,86,47,0
SKA,60,20250306,100000,88.4,88.4,88.4,88.4,1,0
SKA,60,20250306,110000,87.8,88,87.8,88,33,0
SKA,60,20250306,120000,87,87,87,87,19,0
SKA,60,20250306,150000,87,88,87,88,10,0
SKA,60,20250306,160000,85.8,85.8,85.8,85.8,26,0
SKA,60,20250306,170000,86.6,86.6,86.6,86.6,20,0
SKA,60,20250307,100000,88.4,88.4,87,87,22,0
SKA,60,20250307,110000,87.6,87.6,85.6,85.6,26,0
SKA,60,20250307,130000,85.8,86.2,85.8,86.2,19,0
SKA,60,20250307,150000,86,86,86,86,8,0
SKA,60,20250307,160000,86.2,86.2,86.2,86.2,49,0
SKA,60,20250307,170000,86.2,86.2,86.2,86.2,17,0
SKA,60,20250310,100000,86.2,88.6,86.2,86.6,73,0
SKA,60,20250310,110000,86.6,87.6,86.6,87.6,13,0
SKA,60,20250310,120000,86.4,86.4,86.4,86.4,1,0
SKA,60,20250310,140000,86.6,86.6,86,86,38,0
SKA,60,20250310,150000,87.2,87.2,85.6,85.6,201,0
SKA,60,20250310,160000,85.6,85.6,85.6,85.6,1,0
SKA,60,20250310,170000,86.4,86.4,85.6,85.6,32,0
SKA,60,20250311,100000,85.6,85.6,85.6,85.6,3,0
SKA,60,20250311,110000,87.8,88,87.8,88,30,0
SKA,60,20250311,120000,88,88,88,88,3,0
SKA,60,20250311,130000,88,88,88,88,12,0
SKA,60,20250311,140000,86.2,87.8,86.2,87.8,19,0
SKA,60,20250311,150000,88,88,88,88,15,0
SKA,60,20250311,160000,86.4,87.8,86.4,87.8,24,0
SKA,60,20250312,100000,88.4,89.2,88.4,89.2,82,0
SKA,60,20250312,110000,89,89,89,89,47,0
SKA,60,20250312,120000,89,89.4,89,89,325,0
SKA,60,20250312,130000,89,89.4,89,89.4,82,0
SKA,60,20250312,140000,89.4,89.6,89.4,89.6,55,0
SKA,60,20250312,150000,89.4,89.6,89.4,89.6,116,0
SKA,60,20250312,160000,89.4,89.8,89.4,89.8,212,0
SKA,60,20250312,170000,89.4,89.8,89.4,89.8,164,0
SKA,60,20250313,100000,89.6,89.8,89.4,89.4,13,0
SKA,60,20250313,110000,89.4,89.6,88,89.6,35,0
SKA,60,20250313,120000,89.6,89.8,89.6,89.8,68,0
SKA,60,20250313,130000,89,89.4,89,89.4,115,0
SKA,60,20250313,140000,89.4,89.4,89.4,89.4,55,0
SKA,60,20250313,150000,89.4,89.4,89.4,89.4,120,0
SKA,60,20250313,160000,89.8,89.8,89.8,89.8,42,0
SKA,60,20250313,170000,89.6,90,89.6,90,3,0
SKA,60,20250314,100000,89.4,90,89.4,90,206,0
SKA,60,20250314,110000,89.8,90,89.8,89.8,64,0
SKA,60,20250314,120000,89.8,89.8,88,89.4,97,0
SKA,60,20250314,130000,89.6,89.8,89.4,89.4,17,0
SKA,60,20250314,140000,89.8,90,89.4,89.4,107,0
SKA,60,20250314,150000,90,90,90,90,9,0
SKA,60,20250314,160000,90,90,90,90,236,0
SKA,60,20250314,170000,90,90,89,90,18,0
SKA,60,20250317,100000,90,90,88.2,89,17,0
SKA,60,20250317,110000,89.2,89.2,89.2,89.2,21,0
SKA,60,20250317,120000,89,89,89,89,2,0
SKA,60,20250317,130000,89.8,89.8,89.8,89.8,21,0
SKA,60,20250317,140000,89.8,89.8,89.8,89.8,2,0
SKA,60,20250317,150000,89.8,89.8,89.8,89.8,3,0
SKA,60,20250317,170000,89.8,89.8,89,89,22,0
SKA,60,20250318,100000,89,89.8,89,89.8,7,0
SKA,60,20250318,120000,90,90,89.8,89.8,86,0
SKA,60,20250318,140000,89.8,89.8,89.8,89.8,4,0
SKA,60,20250318,150000,90,90,89.8,89.8,11,0
SKA,60,20250318,160000,89.8,89.8,89,89,51,0
SKA,60,20250318,170000,89,89,89,89,7,0
SKA,60,20250319,100000,89,89,88.4,88.6,9,0
SKA,60,20250319,110000,88.6,89,88.2,89,125,0
SKA,60,20250319,150000,88.4,88.4,88.4,88.4,22,0
SKA,60,20250319,160000,89,89.2,88.4,88.4,12,0
SKA,60,20250319,170000,88.4,88.4,88.4,88.4,44,0
SKA,60,20250320,100000,90,90,90,90,1,0
SKA,60,20250320,110000,89,89,89,89,1,0
SKA,60,20250320,120000,89,89,89,89,42,0
SKA,60,20250320,150000,89,89,89,89,15,0
SKA,60,20250320,160000,90,90,90,90,3,0
SKA,60,20250320,170000,89,89,89,89,2,0
SKA,60,20250321,100000,90,90,88.4,88.4,3,0
SKA,60,20250321,110000,88.4,88.4,88,88,74,0
SKA,60,20250321,120000,89.8,89.8,89.8,89.8,1,0
SKA,60,20250321,150000,89.8,90,89.8,90,118,0
SKA,60,20250321,160000,88.2,88.2,88.2,88.2,12,0
SKA,60,20250321,170000,90,90,90,90,32,0
SKA,60,20250324,100000,89.8,89.8,88.2,88.2,43,0
SKA,60,20250324,110000,88.6,89.8,88.6,89.8,11,0
SKA,60,20250324,120000,88.4,88.4,88.2,88.2,24,0
SKA,60,20250324,140000,88.4,88.4,88.4,88.4,3,0
SKA,60,20250324,150000,89,89,89,89,48,0
SKA,60,20250324,160000,88.4,89,88,89,58,0
SKA,60,20250324,170000,88.2,88.2,88.2,88.2,5,0
SKA,60,20250325,100000,88.2,89.8,88.2,89.8,18,0
SKA,60,20250325,110000,88.4,88.4,88.4,88.4,3,0
SKA,60,20250325,120000,89.8,89.8,88.2,88.2,3,0
SKA,60,20250325,130000,89.8,89.8,88.2,88.2,5,0
SKA,60,20250325,140000,89.8,89.8,89.8,89.8,49,0
SKA,60,20250325,150000,88.4,88.4,88.2,88.4,30,0
SKA,60,20250325,170000,88.4,90,88.2,90,45,0
SKA,60,20250326,100000,90,90,88.6,90,47,0
SKA,60,20250326,110000,88.6,88.6,88.6,88.6,28,0
SKA,60,20250326,120000,90,90,90,90,1,0
SKA,60,20250326,150000,90,90,90,90,100,0
SKA,60,20250326,170000,90,90,88.6,88.6,37,0
SKA,60,20250327,100000,88.6,88.6,88.6,88.6,19,0
SKA,60,20250327,110000,88.6,88.6,88.2,88.2,34,0
SKA,60,20250327,130000,88.4,88.4,88.4,88.4,5,0
SKA,60,20250327,140000,88.8,89.8,88.8,89.8,23,0
SKA,60,20250327,170000,89.8,90,89.8,90,130,0
SKA,60,20250328,100000,90,90,88.4,90,6,0
SKA,60,20250328,120000,90,90,90,90,13,0
SKA,60,20250328,140000,89.8,90,89.8,90,18,0
SKA,60,20250328,170000,90,90,88.6,88.6,19,0
SKA,60,20250331,100000,89.8,89.8,88.6,89.8,63,0
SKA,60,20250331,120000,88.6,88.6,88.6,88.6,5,0
SKA,60,20250331,140000,88.6,88.6,88.2,88.2,200,0
SKA,60,20250331,150000,89,89,89,89,19,0
SKA,60,20250331,170000,88.2,88.2,88.2,88.2,10,0
SKA,60,20250401,100000,88.2,88.2,88.2,88.2,1,0
SKA,60,20250401,110000,88.2,88.2,88.2,88.2,23,0
SKA,60,20250401,120000,88.8,88.8,88.8,88.8,2,0
SKA,60,20250401,130000,88.8,88.8,88.8,88.8,1,0
SKA,60,20250402,100000,88.4,88.8,88.4,88.8,210,0
SKA,60,20250402,150000,89.8,89.8,89,89,4,0
SKA,60,20250402,170000,90,90,90,90,354,0
SKA,60,20250403,100000,90,90.6,90,90.4,47,0
SKA,60,20250403,110000,90,90,90,90,20,0
SKA,60,20250403,120000,90,90,90,90,101,0
SKA,60,20250403,140000,89.8,89.8,88.6,88.6,589,0
SKA,60,20250403,150000,89,89,88.4,88.4,37,0
SKA,60,20250403,160000,88.4,88.4,88.4,88.4,66,0
SKA,60,20250403,170000,89,89,88.4,88.4,181,0
SKA,60,20250404,100000,89,89,88.2,88.2,29,0
SKA,60,20250404,130000,88.2,88.2,88.2,88.2,369,0
SKA,60,20250404,140000,88.2,88.2,88,88,120,0
SKA,60,20250404,150000,88,88.8,87,87.2,1143,0
SKA,60,20250404,160000,88,89.6,87.4,89.6,187,0
SKA,60,20250404,170000,88,88,88,88,1,0
SKA,60,20250407,100000,88,88,85.4,85.4,531,0
SKA,60,20250407,110000,84.6,85.2,84.4,85,180,0
SKA,60,20250407,120000,86,86,85,85,2,0
SKA,60,20250407,130000,86.2,86.2,86.2,86.2,11,0
SKA,60,20250407,160000,86.2,86.2,86.2,86.2,100,0
SKA,60,20250407,170000,86.2,86.2,84.2,84.2,227,0
SKA,60,20250408,100000,82.6,84,82.6,84,25,0
SKA,60,20250408,110000,87.2,87.2,84,84,12,0
SKA,60,20250408,120000,86,86,86,86,9,0
SKA,60,20250408,130000,86,87.4,86,87,41,0
SKA,60,20250408,170000,87.4,87.4,87.4,87.4,5,0
SKA,60,20250409,100000,87.4,87.4,87.2,87.2,3,0
SKA,60,20250409,130000,87.2,87.2,84.8,84.8,4,0
SKA,60,20250409,160000,85,85,85,85,2,0
SKA,60,20250409,170000,84.8,84.8,84.8,84.8,6,0
SKA,60,20250410,100000,87,87,86.8,86.8,22,0
SKA,60,20250410,110000,86.8,86.8,86.8,86.8,47,0
SKA,60,20250410,120000,86.6,86.6,86.6,86.6,24,0
SKA,60,20250410,130000,85.4,86.8,85.4,86.8,3,0
SKA,60,20250410,140000,86.8,86.8,86.8,86.8,2,0
SKA,60,20250410,170000,86.8,86.8,86.8,86.8,16,0
SKA,60,20250411,100000,86.8,86.8,86.8,86.8,36,0
SKA,60,20250411,110000,86.4,86.4,86.4,86.4,2,0
SKA,60,20250411,120000,85,85,85,85,12,0
SKA,60,20250411,140000,86,86,86,86,2,0
SKA,60,20250411,170000,85,85,84.6,84.6,19,0
SKA,60,20250414,100000,85.8,85.8,84.6,84.6,86,0
SKA,60,20250414,110000,84.6,84.6,84.6,84.6,24,0
SKA,60,20250414,120000,84.6,84.6,84.6,84.6,126,0
SKA,60,20250414,130000,84.6,84.6,84.4,84.6,53,0
SKA,60,20250414,150000,84.6,84.6,84.6,84.6,20,0
SKA,60,20250414,170000,85,85,85,85,31,0
SKA,60,20250415,100000,85,85.6,85,85.6,10,0
SKA,60,20250415,110000,85.6,85.6,85.6,85.6,2,0
SKA,60,20250415,130000,85.2,85.2,85,85,71,0
SKA,60,20250416,100000,85,85,85,85,25,0
SKA,60,20250416,110000,84.8,84.8,84.8,84.8,2,0
SKA,60,20250416,120000,84.8,84.8,84.8,84.8,2,0
SKA,60,20250416,140000,85,85,84.6,84.6,37,0
SKA,60,20250416,160000,84.4,84.4,84.4,84.4,20,0
SKA,60,20250416,170000,84.4,85,84.4,85,6,0
SKA,60,20250417,100000,85.8,85.8,85.8,85.8,3,0
SKA,60,20250417,110000,85.8,85.8,85.8,85.8,1,0
SKA,60,20250417,140000,85,85,84.4,84.4,10,0
SKA,60,20250417,150000,85.8,86,85.8,86,8,0
SKA,60,20250417,160000,86,86,86,86,10,0
SKA,60,20250417,170000,86,86,86,86,167,0
SKA,60,20250422,100000,86.8,88.2,86.8,88.2,4,0
SKA,60,20250422,120000,88.2,88.2,88.2,88.2,5,0
SKA,60,20250422,170000,86.2,86.2,86.2,86.2,19,0
SKA,60,20250423,100000,88,88,88,88,40,0
SKA,60,20250423,110000,87.8,87.8,87.8,87.8,2,0
SKA,60,20250423,160000,87.6,87.6,87.6,87.6,10,0
SKA,60,20250424,100000,88,88,86,86,185,0
SKA,60,20250424,120000,87.6,87.6,87.6,87.6,1,0
SKA,60,20250424,140000,85.6,87.6,85.6,85.8,17,0
SKA,60,20250425,100000,85.8,85.8,85.8,85.8,1,0
SKA,60,20250425,110000,85.8,86.6,85.8,86.6,56,0
SKA,60,20250425,130000,86.6,87,86.6,87,36,0
SKA,60,20250425,140000,86,86,86,86,6,0
SKA,60,20250425,160000,87,87.4,87,87.4,53,0
SKA,60,20250425,170000,87.8,88,85.6,85.6,70,0
SKA,60,20250428,100000,85.6,85.6,85.6,85.6,1,0
SKA,60,20250428,110000,87.8,88,87.8,88,35,0
SKA,60,20250428,120000,86.4,88,86.4,87.8,42,0
SKA,60,20250428,130000,86.6,87.8,86.4,87.8,126,0
SKA,60,20250428,140000,87.8,87.8,87.8,87.8,11,0
SKA,60,20250429,100000,87.8,87.8,87.8,87.8,56,0
SKA,60,20250429,110000,87.8,87.8,87.8,87.8,419,0
SKA,60,20250429,150000,88,88,88,88,1,0
SKA,60,20250429,170000,88,88,88,88,1,0
SKA,60,20250430,100000,88,88,88,88,1,0
SKA,60,20250430,110000,87.6,88,87.6,87.6,116,0
SKA,60,20250430,120000,87.6,87.6,87.6,87.6,116,0
SKA,60,20250430,140000,85.8,87,80.2,87,471,0
SKA,60,20250430,150000,84.4,84.4,84.4,84.4,5,0
SKA,60,20250430,160000,85,85,85,85,24,0
SKA,60,20250430,170000,85,85,85,85,12,0
SKA,60,20250502,100000,87,87,85.2,87,25,0
SKA,60,20250502,120000,85.2,85.2,85.2,85.2,61,0
SKA,60,20250502,130000,85.2,86.6,85.2,85.2,30,0
SKA,60,20250502,140000,85.4,85.4,85.4,85.4,18,0
SKA,60,20250502,170000,86,86,85,85,73,0
SKA,60,20250505,100000,85,87,85,87,130,0
SKA,60,20250505,110000,87,87,86,86,12,0
SKA,60,20250505,120000,87,87,86,86,21,0
SKA,60,20250505,130000,86,86,86,86,3,0
SKA,60,20250505,150000,86.4,86.6,86.4,86.6,9,0
SKA,60,20250505,170000,86.6,86.6,86.6,86.6,60,0
SKA,60,20250506,100000,86.6,86.6,85,85,26,0
SKA,60,20250506,120000,86.6,86.6,86.6,86.6,14,0
SKA,60,20250506,130000,85,85,85,85,100,0
SKA,60,20250506,150000,85.2,85.2,85.2,85.2,1,0
SKA,60,20250506,160000,85.2,85.2,85.2,85.2,37,0
SKA,60,20250506,170000,85,85,84.8,84.8,62,0
