<TICKER>,<PER>,<DATE>,<TIME>,<OPEN>,<HIGH>,<LOW>,<CLOSE>,<VOL>,<OPENINT>
SKH,60,20240411,100000,24.7,24.7,24.7,24.7,41,0
SKH,60,20240411,120000,24.1,24.1,23.4,23.5,653,0
SKH,60,20240411,140000,23.8,24.4,23.8,24.4,180,0
SKH,60,20240411,150000,24.4,24.4,24.4,24.4,249,0
SKH,60,20240411,170000,24.2,24.8,24,24.8,862,0
SKH,60,20240412,100000,23.8,24.5,23.8,24.2,351,0
SKH,60,20240412,110000,24.2,24.2,24.2,24.2,1,0
SKH,60,20240412,120000,24.1,24.1,23.9,24,25,0
SKH,60,20240412,130000,24.2,24.2,24.2,24.2,28,0
SKH,60,20240412,160000,24.2,24.2,24.2,24.2,12,0
SKH,60,20240412,170000,24.3,24.8,24.3,24.8,485,0
SKH,60,20240415,100000,24.8,24.8,24.8,24.8,10,0
SKH,60,20240415,110000,24.1,24.1,23.8,23.8,100,0
SKH,60,20240415,130000,24.2,24.2,24.2,24.2,100,0
SKH,60,20240415,140000,24.1,24.1,24,24,32,0
SKH,60,20240415,150000,24,24.4,24,24.4,322,0
SKH,60,20240415,170000,24.4,24.7,24.4,24.7,425,0
SKH,60,20240416,100000,24.1,24.1,24.1,24.1,29,0
SKH,60,20240416,150000,24.1,24.1,24.1,24.1,100,0
SKH,60,20240416,160000,24.1,24.1,24,24,139,0
SKH,60,20240416,170000,24.1,24.1,24,24,265,0
SKH,60,20240417,100000,24,24,24,24,50,0
SKH,60,20240417,110000,24,24,23.5,23.6,335,0
SKH,60,20240417,120000,23.6,23.6,23.6,23.6,58,0
SKH,60,20240417,130000,23.6,23.6,23.5,23.5,100,0
SKH,60,20240417,140000,23.9,24,23.9,24,90,0
SKH,60,20240417,170000,23.5,23.6,23.5,23.6,867,0
SKH,60,20240418,110000,23.6,23.6,23.6,23.6,212,0
SKH,60,20240418,120000,23.5,23.5,23.1,23.1,119,0
SKH,60,20240418,140000,23.2,23.4,23.2,23.4,12,0
SKH,60,20240418,170000,23.1,23.1,23.1,23.1,60,0
SKH,60,20240419,100000,23,23.4,23,23.4,400,0
SKH,60,20240419,110000,23.3,23.4,23.3,23.4,270,0
SKH,60,20240419,120000,23,23,23,23,73,0
SKH,60,20240419,150000,23.1,23.1,22.9,22.9,1091,0
SKH,60,20240419,160000,22.9,22.9,22.9,22.9,55,0
SKH,60,20240419,170000,22.9,22.9,22.5,22.5,101,0
SKH,60,20240422,100000,22.7,23.3,22.2,22.2,964,0
SKH,60,20240422,130000,22.6,22.6,22.6,22.6,2,0
SKH,60,20240422,140000,23,23.1,23,23,149,0
SKH,60,20240422,170000,23.1,23.1,23.1,23.1,5,0
SKH,60,20240423,100000,23.2,23.4,23.2,23.4,63,0
SKH,60,20240423,110000,23,23,22.8,22.8,433,0
SKH,60,20240423,120000,22.8,22.8,22.8,22.8,101,0
SKH,60,20240423,140000,22.7,22.7,22.3,22.3,315,0
SKH,60,20240423,160000,22.7,22.7,22.4,22.4,430,0
SKH,60,20240423,170000,22.6,22.6,22.4,22.4,1238,0
SKH,60,20240424,100000,22.5,22.6,22.5,22.6,85,0
SKH,60,20240424,120000,22.6,22.9,22.6,22.9,928,0
SKH,60,20240424,140000,22.5,22.5,22.5,22.5,1,0
SKH,60,20240424,150000,22.5,22.5,22.4,22.4,10,0
SKH,60,20240424,160000,22.3,22.3,22.3,22.3,250,0
SKH,60,20240424,170000,22.6,22.6,22.6,22.6,200,0
SKH,60,20240425,140000,22.5,22.5,22.5,22.5,20,0
SKH,60,20240425,150000,22.5,22.5,22.4,22.4,114,0
SKH,60,20240425,160000,22.3,22.5,22.1,22.5,530,0
SKH,60,20240425,170000,22.4,22.4,22.2,22.2,689,0
SKH,60,20240426,110000,22.2,22.2,21.5,21.6,682,0
SKH,60,20240426,120000,21.6,21.6,21.5,21.5,2054,0
SKH,60,20240426,130000,21.6,21.6,21.6,21.6,760,0
SKH,60,20240426,140000,21.6,21.6,21.1,21.6,3250,0
SKH,60,20240426,150000,21.6,21.6,21.6,21.6,462,0
SKH,60,20240426,160000,21.6,21.6,21.2,21.6,413,0
SKH,60,20240429,100000,21.5,21.6,21.2,21.5,2053,0
SKH,60,20240429,120000,21.3,21.3,21.2,21.3,433,0
SKH,60,20240429,130000,21.4,21.8,21.4,21.8,200,0
SKH,60,20240429,150000,21.6,21.8,20.6,21,1439,0
SKH,60,20240429,160000,20.7,20.7,20.7,20.7,527,0
SKH,60,20240429,170000,20.9,21.2,20.9,21.2,287,0
SKH,60,20240430,120000,21.3,21.3,21.3,21.3,39,0
SKH,60,20240430,130000,21.3,21.6,21.3,21.5,65,0
SKH,60,20240430,140000,21.6,21.6,21.2,21.2,73,0
SKH,60,20240430,160000,21.2,21.2,21.1,21.1,187,0
SKH,60,20240430,170000,21.2,21.2,21.2,21.2,74,0
SKH,60,20240502,100000,21.4,21.4,21.4,21.4,1,0
SKH,60,20240502,160000,21.4,21.4,21.4,21.4,1,0
SKH,60,20240502,170000,21.2,21.2,21.2,21.2,121,0
SKH,60,20240506,100000,20.6,20.7,20.5,20.5,394,0
SKH,60,20240506,110000,21,21.3,21,21.3,302,0
SKH,60,20240506,120000,21.1,21.1,21.1,21.1,150,0
SKH,60,20240506,130000,21,21,20.8,20.8,223,0
SKH,60,20240506,140000,21,21,20.9,20.9,2,0
SKH,60,20240506,150000,20.9,20.9,20.9,20.9,2999,0
SKH,60,20240506,160000,21,21,21,21,179,0
SKH,60,20240506,170000,21,21.4,21,21.4,376,0
SKH,60,20240507,100000,21.1,21.5,21.1,21.4,531,0
SKH,60,20240507,110000,21.4,21.4,21.4,21.4,183,0
SKH,60,20240507,120000,21.4,21.5,21.4,21.5,360,0
SKH,60,20240507,130000,21.4,21.6,21.4,21.6,1032,0
SKH,60,20240507,150000,21.7,21.7,21.7,21.7,88,0
SKH,60,20240507,160000,21.7,21.7,21.7,21.7,50,0
SKH,60,20240507,170000,21.7,21.8,21.3,21.3,67,0
SKH,60,20240508,110000,21.3,21.3,21.3,21.3,95,0
SKH,60,20240508,130000,21.3,21.3,21.3,21.3,105,0
SKH,60,20240508,140000,21.3,21.3,21.3,21.3,40,0
SKH,60,20240508,160000,21.5,21.5,21.5,21.5,496,0
SKH,60,20240509,100000,21.3,21.5,21.1,21.5,176,0
SKH,60,20240509,110000,21.6,21.6,21.6,21.6,230,0
SKH,60,20240509,120000,21.5,21.7,21.4,21.4,3459,0
SKH,60,20240509,130000,21.5,21.5,21.5,21.5,150,0
SKH,60,20240509,140000,21.4,21.4,21.4,21.4,100,0
SKH,60,20240509,150000,21.4,21.4,21.2,21.2,100,0
SKH,60,20240509,160000,21.2,21.5,21.2,21.5,1777,0
SKH,60,20240509,170000,21.2,21.2,21.2,21.2,456,0
SKH,60,20240510,100000,21.3,21.3,21.3,21.3,9,0
SKH,60,20240510,110000,21.4,21.5,21.4,21.5,23,0
SKH,60,20240510,120000,21.5,21.5,21.5,21.5,500,0
SKH,60,20240510,130000,21.3,21.5,21.3,21.5,293,0
SKH,60,20240510,140000,21.3,21.3,21.3,21.3,179,0
SKH,60,20240510,150000,21.3,21.3,21.3,21.3,1,0
SKH,60,20240510,170000,21.2,21.3,21.1,21.3,380,0
SKH,60,20240513,100000,21.3,21.6,21.3,21.6,1159,0
SKH,60,20240513,160000,21.3,21.6,21.2,21.6,311,0
SKH,60,20240513,170000,21.2,21.2,21.2,21.2,66,0
SKH,60,20240514,120000,21.2,21.2,21.1,21.1,192,0
SKH,60,20240514,140000,21.2,21.2,21,21,5341,0
SKH,60,20240514,170000,21.3,21.5,21.3,21.5,163,0
SKH,60,20240515,100000,21.6,21.6,21.6,21.6,113,0
SKH,60,20240515,110000,21.4,21.4,21.4,21.4,90,0
SKH,60,20240515,120000,21.2,21.2,21.1,21.1,402,0
SKH,60,20240515,150000,21.1,21.3,21.1,21.3,370,0
SKH,60,20240515,160000,21.3,21.3,21.1,21.1,217,0
SKH,60,20240515,170000,21.3,21.3,21,21,1018,0
SKH,60,20240516,110000,21.2,21.2,21.2,21.2,47,0
SKH,60,20240516,120000,21.2,21.4,21.2,21.4,312,0
SKH,60,20240516,130000,21.4,21.4,21.4,21.4,91,0
SKH,60,20240516,140000,21.4,21.6,21.4,21.6,193,0
SKH,60,20240516,150000,21.5,21.6,21.5,21.6,113,0
SKH,60,20240516,160000,21.5,21.5,21.5,21.5,4,0
SKH,60,20240516,170000,21.6,22,21.6,22,117,0
SKH,60,20240517,100000,21.5,22,21.5,22,447,0
SKH,60,20240517,110000,22,22,22,22,198,0
SKH,60,20240517,160000,21.8,22,21.7,22,662,0
SKH,60,20240517,170000,21.8,22,21.6,21.6,113,0
SKH,60,20240520,100000,21.6,21.6,21.6,21.6,205,0
SKH,60,20240520,110000,21.6,21.6,21.6,21.6,100,0
SKH,60,20240520,120000,21.6,21.6,21.6,21.6,916,0
SKH,60,20240520,130000,21.6,21.6,21.6,21.6,199,0
SKH,60,20240520,150000,21.6,21.6,21.5,21.6,45,0
SKH,60,20240520,160000,21.6,21.6,21.4,21.4,1244,0
SKH,60,20240520,170000,21.4,21.4,21.4,21.4,21,0
SKH,60,20240521,100000,21.4,22.5,21.4,22.5,2005,0
SKH,60,20240521,110000,21.9,22,21.7,21.7,488,0
SKH,60,20240521,120000,22,22,21.6,21.6,617,0
SKH,60,20240521,130000,21.9,21.9,21.7,21.7,183,0
SKH,60,20240521,140000,21.7,21.7,21.7,21.7,445,0
SKH,60,20240521,160000,21.7,21.9,21.7,21.9,200,0
SKH,60,20240522,100000,21.8,22.2,21.8,22.2,373,0
SKH,60,20240522,110000,22,22,22,22,100,0
SKH,60,20240522,120000,22.1,22.1,22.1,22.1,3,0
SKH,60,20240522,130000,21.9,21.9,21.9,21.9,120,0
SKH,60,20240522,140000,22.3,22.3,21.8,22,354,0
SKH,60,20240522,150000,22,22,22,22,222,0
SKH,60,20240522,160000,22,22,22,22,364,0
SKH,60,20240522,170000,21.8,21.8,21.8,21.8,11,0
SKH,60,20240523,100000,22.2,22.2,22.2,22.2,45,0
SKH,60,20240523,110000,21.7,21.7,21.7,21.7,43,0
SKH,60,20240523,120000,22,22,22,22,200,0
SKH,60,20240523,130000,22,22,22,22,1005,0
SKH,60,20240523,150000,22,22,22,22,452,0
SKH,60,20240523,160000,21.8,21.8,21.7,21.7,116,0
SKH,60,20240523,170000,21.7,21.7,21.4,21.4,1496,0
SKH,60,20240524,100000,21.3,21.3,21.3,21.3,4,0
SKH,60,20240524,140000,21.4,21.4,21.4,21.4,230,0
SKH,60,20240524,150000,21.5,21.5,21.3,21.3,137,0
SKH,60,20240524,160000,21.3,21.3,21.3,21.3,200,0
SKH,60,20240524,170000,21.4,22,21.3,22,148,0
SKH,60,20240527,100000,21.9,21.9,21.9,21.9,260,0
SKH,60,20240527,120000,21.4,21.4,21.4,21.4,8,0
SKH,60,20240527,130000,21.7,21.8,21.7,21.8,363,0
SKH,60,20240527,140000,21.5,21.5,21.4,21.4,100,0
SKH,60,20240527,150000,21.6,21.6,21.5,21.5,211,0
SKH,60,20240527,160000,21.4,21.5,21.3,21.5,650,0
SKH,60,20240527,170000,21.4,21.4,21.4,21.4,227,0
SKH,60,20240528,100000,21.6,21.8,21.4,21.4,205,0
SKH,60,20240528,120000,21.6,21.9,21.6,21.9,184,0
SKH,60,20240528,130000,21.7,21.9,21.7,21.7,140,0
SKH,60,20240528,140000,21.7,21.9,21.7,21.9,100,0
SKH,60,20240528,170000,21.8,21.9,21.8,21.9,127,0
SKH,60,20240529,100000,22.8,23.3,22.5,22.8,4835,0
SKH,60,20240529,110000,22.9,22.9,22.7,22.7,103,0
SKH,60,20240529,120000,22.9,25,22.9,24.1,12702,0
SKH,60,20240529,130000,24.1,24.1,23.6,23.9,3765,0
SKH,60,20240529,140000,24,24.4,23.6,23.6,1655,0
SKH,60,20240529,150000,23.6,23.9,23.5,23.9,971,0
SKH,60,20240529,160000,23.6,24.2,23.4,23.4,530,0
SKH,60,20240529,170000,24.1,24.1,23.7,24,86,0
SKH,60,20240531,100000,23.7,23.7,23.4,23.4,744,0
SKH,60,20240531,110000,23.6,23.7,23.6,23.7,95,0
SKH,60,20240531,120000,23.6,23.6,23.1,23.1,893,0
SKH,60,20240531,130000,23.1,23.1,23.1,23.1,1,0
SKH,60,20240531,140000,23.2,23.6,23,23.6,1011,0
SKH,60,20240531,160000,23.5,23.5,23.5,23.5,168,0
SKH,60,20240531,170000,23.1,24,23.1,24,2001,0
SKH,60,20240603,100000,24,24,23.8,23.9,1291,0
SKH,60,20240603,110000,23.8,23.8,23.4,23.4,1093,0
SKH,60,20240603,120000,23.7,23.8,23.7,23.8,75,0
SKH,60,20240603,130000,23.8,23.9,23.8,23.9,555,0
SKH,60,20240603,140000,23.9,23.9,23.9,23.9,50,0
SKH,60,20240603,160000,23.9,23.9,23.9,23.9,480,0
SKH,60,20240603,170000,23.9,23.9,23.3,23.3,720,0
SKH,60,20240604,100000,23.4,23.4,23.4,23.4,1215,0
SKH,60,20240604,110000,23.4,23.4,23,23,1495,0
SKH,60,20240604,130000,23.3,23.4,23.3,23.4,64,0
SKH,60,20240604,150000,23.2,23.4,23.2,23.4,440,0
SKH,60,20240604,160000,23.4,23.4,23.4,23.4,94,0
SKH,60,20240604,170000,23.2,23.2,23.2,23.2,50,0
SKH,60,20240605,100000,23.6,23.6,23.4,23.4,228,0
SKH,60,20240605,110000,23.4,23.4,23.4,23.4,258,0
SKH,60,20240605,120000,23.2,23.2,23.2,23.2,91,0
SKH,60,20240605,130000,23.4,23.4,23.4,23.4,1,0
SKH,60,20240605,140000,23.2,23.2,23.2,23.2,100,0
SKH,60,20240605,150000,23.2,23.2,23.2,23.2,8,0
SKH,60,20240605,160000,23.3,23.3,23.3,23.3,2,0
SKH,60,20240606,100000,23.2,23.2,23.2,23.2,224,0
SKH,60,20240606,110000,23.3,23.3,23.3,23.3,100,0
SKH,60,20240606,160000,23.1,23.1,23,23,1254,0
SKH,60,20240607,100000,23.4,23.4,23.4,23.4,52,0
SKH,60,20240607,110000,23.1,23.1,23,23,714,0
SKH,60,20240607,120000,23.4,23.4,23.4,23.4,132,0
SKH,60,20240607,170000,23.3,23.4,22.8,22.8,843,0
SKH,60,20240610,100000,22.5,22.5,21.1,22.2,5674,0
SKH,60,20240610,110000,22.3,22.3,22.3,22.3,96,0
SKH,60,20240610,120000,22.3,22.5,22.3,22.3,89,0
SKH,60,20240610,130000,22.4,22.7,22.4,22.7,153,0
SKH,60,20240610,170000,22.4,22.7,22.4,22.7,353,0
SKH,60,20240611,100000,23.7,24.3,22.9,24.2,10421,0
SKH,60,20240611,110000,24.2,24.4,23.7,24.4,7013,0
SKH,60,20240611,120000,24.2,24.2,24,24.2,560,0
SKH,60,20240611,130000,24.2,24.2,24.1,24.2,494,0
SKH,60,20240611,140000,24.1,24.2,24,24,778,0
SKH,60,20240611,150000,24,24.2,23.9,24.2,202,0
SKH,60,20240611,160000,23.8,23.8,23.6,23.7,1224,0
SKH,60,20240611,170000,23.7,24.3,23.4,24.3,2144,0
SKH,60,20240612,100000,24.3,24.5,23.5,23.9,3630,0
SKH,60,20240612,110000,23.7,23.7,23.6,23.6,406,0
SKH,60,20240612,120000,24,24.1,23.9,23.9,143,0
SKH,60,20240612,130000,24,24,24,24,25,0
SKH,60,20240612,140000,24,24,23.7,23.7,579,0
SKH,60,20240612,150000,23.8,23.8,23.8,23.8,140,0
SKH,60,20240612,160000,23.7,23.8,23.6,23.6,116,0
SKH,60,20240612,170000,23.6,24,23.5,24,603,0
SKH,60,20240613,100000,24.1,24.1,23.5,24.1,744,0
SKH,60,20240613,110000,24,24,24,24,4,0
SKH,60,20240613,120000,24.1,24.1,24,24,844,0
SKH,60,20240613,130000,24,24,24,24,560,0
SKH,60,20240613,140000,23.7,24,23.3,23.3,722,0
SKH,60,20240613,150000,23.6,23.7,23.6,23.7,125,0
SKH,60,20240613,160000,23.7,23.9,23.7,23.9,100,0
SKH,60,20240613,170000,23.8,23.8,23.8,23.8,90,0
SKH,60,20240614,100000,23.3,23.8,23,23.8,2929,0
SKH,60,20240614,110000,23.7,23.7,23.7,23.7,25,0
SKH,60,20240614,120000,23.3,23.3,23.3,23.3,2,0
SKH,60,20240614,130000,23.3,23.3,23.1,23.1,244,0
SKH,60,20240614,140000,23,23,22.9,22.9,776,0
SKH,60,20240614,150000,23.1,23.1,23.1,23.1,134,0
SKH,60,20240614,160000,23.1,23.1,23,23,131,0
SKH,60,20240614,170000,22.9,22.9,22.9,22.9,797,0
SKH,60,20240617,100000,23.5,23.5,23,23.5,2500,0
SKH,60,20240617,110000,23.4,23.7,23.4,23.5,323,0
SKH,60,20240617,120000,23.6,24,23.6,24,160,0
SKH,60,20240617,130000,24,24,23.9,23.9,172,0
SKH,60,20240617,140000,23.8,23.9,23.7,23.7,724,0
SKH,60,20240617,150000,23.6,23.9,23.5,23.9,593,0
SKH,60,20240617,160000,23.9,23.9,23.9,23.9,79,0
SKH,60,20240617,170000,23.8,23.9,23.5,23.9,697,0
SKH,60,20240618,100000,24,24.1,24,24.1,351,0
SKH,60,20240618,110000,24.1,24.1,24,24,213,0
SKH,60,20240618,120000,24.1,24.1,24,24,540,0
SKH,60,20240618,130000,24.1,24.2,24.1,24.2,102,0
SKH,60,20240618,140000,24.2,24.2,24.2,24.2,325,0
SKH,60,20240618,150000,24.1,24.1,24.1,24.1,5,0
SKH,60,20240618,160000,24.2,24.3,24.2,24.3,422,0
SKH,60,20240618,170000,24.3,24.3,24.2,24.3,269,0
SKH,60,20240619,100000,24.3,24.5,24.3,24.5,1371,0
SKH,60,20240619,110000,24.2,24.5,24,24,614,0
SKH,60,20240619,120000,24,24.5,23.9,23.9,425,0
SKH,60,20240619,130000,23.9,24.1,23.9,24,280,0
SKH,60,20240619,140000,24,24,24,24,100,0
SKH,60,20240619,160000,24,24,23.7,23.8,149,0
SKH,60,20240619,170000,24.4,24.4,24.4,24.4,2,0
SKH,60,20240620,100000,24.2,24.5,24.2,24.2,192,0
SKH,60,20240620,110000,23.9,23.9,23.9,23.9,1,0
SKH,60,20240620,120000,24,24,24,24,1,0
SKH,60,20240620,130000,24.1,24.1,24.1,24.1,411,0
SKH,60,20240620,140000,24.1,24.1,24.1,24.1,7,0
SKH,60,20240620,150000,24,24,24,24,6,0
SKH,60,20240621,100000,24,24,24,24,100,0
SKH,60,20240621,110000,24,24.2,24,24.2,101,0
SKH,60,20240621,130000,24,24,24,24,172,0
SKH,60,20240621,160000,24.1,24.1,24.1,24.1,200,0
SKH,60,20240621,170000,24.1,24.1,24.1,24.1,6,0
SKH,60,20240624,100000,24.2,24.2,24.1,24.2,601,0
SKH,60,20240624,110000,24.1,24.2,24,24.2,171,0
SKH,60,20240624,130000,24,24,24,24,8,0
SKH,60,20240624,140000,24.2,24.3,24.2,24.3,496,0
SKH,60,20240624,150000,24.3,24.3,24.3,24.3,35,0
SKH,60,20240624,160000,23.8,23.8,23.8,23.8,10,0
SKH,60,20240624,170000,24.2,24.5,24.2,24.5,110,0
SKH,60,20240625,100000,24.3,24.3,24.3,24.3,29,0
SKH,60,20240625,120000,24.2,24.2,24.2,24.2,200,0
SKH,60,20240625,130000,24.2,24.2,23.7,23.7,62,0
SKH,60,20240625,140000,23.7,23.7,23.7,23.7,3,0
SKH,60,20240625,150000,24.1,24.2,24.1,24.2,14,0
SKH,60,20240626,100000,24.2,24.2,24.2,24.2,127,0
SKH,60,20240626,110000,24.2,24.2,24.1,24.1,603,0
SKH,60,20240626,130000,24.1,24.1,24.1,24.1,42,0
SKH,60,20240626,160000,23.8,23.8,23.7,23.7,224,0
SKH,60,20240626,170000,23.8,23.8,22.5,23,3727,0
SKH,60,20240627,100000,23.1,23.3,23.1,23.3,3,0
SKH,60,20240627,110000,23.4,23.4,23.4,23.4,189,0
SKH,60,20240627,120000,23.4,23.4,23.4,23.4,233,0
SKH,60,20240627,130000,23.5,23.8,23.5,23.7,269,0
SKH,60,20240627,140000,23.7,23.7,23.7,23.7,5,0
SKH,60,20240627,160000,23.7,23.7,23.4,23.4,38,0
SKH,60,20240627,170000,23.7,23.9,23.7,23.9,940,0
SKH,60,20240628,110000,23.9,23.9,23.9,23.9,8,0
SKH,60,20240628,130000,23.9,23.9,23.9,23.9,8,0
SKH,60,20240628,140000,23.9,23.9,23.9,23.9,4,0
SKH,60,20240628,150000,23.9,24,23.9,24,323,0
SKH,60,20240628,170000,23.9,23.9,23.9,23.9,130,0
SKH,60,20240701,100000,24.1,24.1,24,24,389,0
SKH,60,20240701,110000,24.3,24.3,24,24,103,0
SKH,60,20240701,130000,24,24,24,24,163,0
SKH,60,20240701,140000,24,24,23.5,23.5,211,0
SKH,60,20240701,150000,23.8,23.8,23.8,23.8,1,0
SKH,60,20240701,160000,23.6,23.6,23.6,23.6,40,0
SKH,60,20240702,100000,22.6,22.6,22.6,22.6,460,0
SKH,60,20240702,110000,23.2,23.7,23.2,23.4,140,0
SKH,60,20240702,120000,23.2,23.2,23.1,23.1,94,0
SKH,60,20240702,130000,23.1,23.4,23.1,23.4,152,0
SKH,60,20240702,140000,23.9,23.9,23.4,23.4,14,0
SKH,60,20240702,150000,23.4,23.4,23.4,23.4,21,0
SKH,60,20240703,100000,24,24,24,24,96,0
SKH,60,20240703,110000,24,24,24,24,450,0
SKH,60,20240703,120000,23.6,23.6,23.6,23.6,104,0
SKH,60,20240703,130000,23.4,23.4,23.4,23.4,150,0
SKH,60,20240704,100000,23.5,24,23.5,23.5,41,0
SKH,60,20240704,150000,23.9,24,23.9,24,386,0
SKH,60,20240705,100000,23.9,23.9,23.9,23.9,44,0
SKH,60,20240705,110000,23.8,23.8,23.3,23.3,200,0
SKH,60,20240705,120000,23.8,23.8,23.8,23.8,66,0
SKH,60,20240705,130000,23.5,23.5,23.3,23.4,512,0
SKH,60,20240705,140000,23.4,23.4,23.2,23.4,486,0
SKH,60,20240705,160000,23.4,23.4,23.4,23.4,504,0
SKH,60,20240708,100000,23.7,23.7,23.7,23.7,12,0
SKH,60,20240708,120000,23.3,23.7,23.3,23.7,770,0
SKH,60,20240708,140000,23.2,23.2,23.2,23.2,285,0
SKH,60,20240709,100000,23.2,23.2,23.2,23.2,50,0
SKH,60,20240709,140000,23.2,23.2,23.2,23.2,286,0
SKH,60,20240709,170000,23.2,23.2,23.2,23.2,329,0
SKH,60,20240710,100000,23.1,23.1,23.1,23.1,241,0
SKH,60,20240710,110000,23.1,23.1,23,23,50,0
SKH,60,20240710,140000,23.1,23.4,23,23,162,0
SKH,60,20240710,150000,23,23,22.1,23,1448,0
SKH,60,20240710,160000,23.2,23.2,23.2,23.2,40,0
SKH,60,20240711,100000,22.9,23.4,22.9,23.4,290,0
SKH,60,20240711,120000,23.3,23.3,22.5,22.5,199,0
SKH,60,20240711,130000,22.9,23,22.9,23,95,0
SKH,60,20240712,100000,22.9,22.9,22.9,22.9,75,0
SKH,60,20240712,150000,22.7,22.7,22.2,22.3,405,0
SKH,60,20240712,160000,22.4,22.5,22.4,22.4,105,0
SKH,60,20240712,170000,22.9,22.9,22.9,22.9,10,0
SKH,60,20240715,100000,22.9,22.9,22.6,22.6,7,0
SKH,60,20240715,110000,22.6,22.6,22.6,22.6,38,0
SKH,60,20240715,120000,22.9,23.2,22.9,23.2,100,0
SKH,60,20240715,130000,22.9,23.2,22.5,22.5,275,0
SKH,60,20240715,160000,22.5,22.5,22.5,22.5,15,0
SKH,60,20240715,170000,22.6,22.6,22.5,22.5,7,0
SKH,60,20240716,100000,22.5,22.7,22.5,22.5,511,0
SKH,60,20240716,110000,22.5,22.5,22.4,22.4,152,0
SKH,60,20240716,130000,22.6,22.6,22.4,22.4,175,0
SKH,60,20240716,140000,22.3,22.3,22.3,22.3,81,0
SKH,60,20240716,170000,22.4,22.9,22.4,22.9,77,0
SKH,60,20240717,100000,22.4,22.4,22.2,22.2,208,0
SKH,60,20240717,110000,22.4,22.4,22.3,22.3,10,0
SKH,60,20240717,120000,22.4,22.4,22.2,22.2,290,0
SKH,60,20240717,140000,22.4,22.4,22.2,22.2,60,0
SKH,60,20240717,170000,22.3,22.3,22.2,22.2,60,0
SKH,60,20240718,100000,22.2,22.2,22.2,22.2,150,0
SKH,60,20240718,110000,22.3,22.3,22.1,22.1,800,0
SKH,60,20240718,120000,22.3,22.3,22.3,22.3,1,0
SKH,60,20240718,150000,22.3,22.3,22.3,22.3,150,0
SKH,60,20240718,170000,22.3,22.3,22.3,22.3,60,0
SKH,60,20240719,100000,22.3,22.3,22.3,22.3,100,0
SKH,60,20240719,130000,22.2,22.3,22.2,22.3,3,0
SKH,60,20240722,100000,22.4,22.9,22.4,22.9,100,0
SKH,60,20240722,110000,22.4,22.4,22.4,22.4,34,0
SKH,60,20240722,120000,22.4,22.4,22.4,22.4,66,0
SKH,60,20240722,170000,22.4,22.5,22.4,22.5,50,0
SKH,60,20240723,100000,22.2,22.5,22.2,22.4,444,0
SKH,60,20240723,110000,22.4,22.7,22.4,22.7,165,0
SKH,60,20240724,100000,22.4,22.4,22.3,22.3,135,0
SKH,60,20240724,110000,22.4,22.5,22.4,22.5,5,0
SKH,60,20240724,130000,22.5,22.5,22.5,22.5,33,0
SKH,60,20240724,140000,22.5,22.5,22.5,22.5,30,0
SKH,60,20240724,150000,22.5,22.5,22.5,22.5,5,0
SKH,60,20240724,170000,22.5,22.5,22.5,22.5,1,0
SKH,60,20240725,100000,22.3,22.3,22.3,22.3,132,0
SKH,60,20240725,110000,22.2,22.2,22.2,22.2,114,0
SKH,60,20240725,120000,22.3,22.6,22.2,22.2,173,0
SKH,60,20240725,130000,22.2,22.2,22.1,22.1,380,0
SKH,60,20240725,170000,22.3,22.3,22.3,22.3,1,0
SKH,60,20240726,130000,22.3,22.3,22.3,22.3,100,0
SKH,60,20240726,140000,22.2,22.2,22.1,22.1,2,0
SKH,60,20240726,150000,22.1,22.1,22.1,22.1,30,0
SKH,60,20240726,170000,22.4,22.7,22.4,22.7,50,0
SKH,60,20240729,100000,22.3,22.3,22.3,22.3,103,0
SKH,60,20240729,110000,22.4,22.4,22.4,22.4,83,0
SKH,60,20240729,140000,22.5,22.6,22.5,22.6,5,0
SKH,60,20240729,170000,22.5,22.5,22.5,22.5,1,0
SKH,60,20240730,100000,22.5,22.5,22.5,22.5,172,0
SKH,60,20240731,110000,22.5,22.7,22.2,22.2,340,0
SKH,60,20240731,120000,22.5,22.5,22.2,22.2,157,0
SKH,60,20240731,130000,22.2,22.2,22,22,420,0
SKH,60,20240731,150000,22.2,22.2,22.2,22.2,1,0
SKH,60,20240801,170000,22.2,22.5,22,22,1025,0
SKH,60,20240802,100000,22,22,21.5,21.5,1089,0
SKH,60,20240802,110000,21.5,21.5,21.5,21.5,459,0
SKH,60,20240802,120000,21.6,21.6,21.6,21.6,75,0
SKH,60,20240802,130000,21.7,21.7,21.6,21.6,159,0
SKH,60,20240802,140000,21.6,21.6,21.6,21.6,4,0
SKH,60,20240802,160000,21.6,21.6,21.6,21.6,16,0
SKH,60,20240802,170000,21.6,21.6,21.6,21.6,2,0
SKH,60,20240805,100000,21.1,21.1,20.2,20.5,2592,0
SKH,60,20240805,110000,20.5,20.6,20.5,20.6,2,0
SKH,60,20240805,120000,20.6,22.2,20.2,22.2,2319,0
SKH,60,20240805,130000,22.1,22.7,21.9,22.7,776,0
SKH,60,20240805,140000,21.6,21.6,20.6,20.6,274,0
SKH,60,20240805,150000,20.7,20.8,20.6,20.6,60,0
SKH,60,20240805,160000,20.6,20.6,20.6,20.6,35,0
SKH,60,20240805,170000,20.9,21.4,20.5,21.4,435,0
SKH,60,20240806,100000,21.4,21.4,21.4,21.4,99,0
SKH,60,20240806,160000,21.2,21.6,21.2,21.6,60,0
SKH,60,20240807,100000,21.5,21.6,21.5,21.6,50,0
SKH,60,20240807,130000,21.4,21.6,21.4,21.6,100,0
SKH,60,20240808,150000,21.4,21.4,21.4,21.4,1,0
SKH,60,20240808,160000,21.4,21.4,21.4,21.4,8,0
SKH,60,20240809,100000,21.4,21.4,21.4,21.4,520,0
SKH,60,20240809,110000,21.5,21.5,21.5,21.5,1,0
SKH,60,20240809,170000,21.5,21.5,21.5,21.5,99,0
SKH,60,20240812,100000,21.7,21.7,21.7,21.7,2,0
SKH,60,20240812,120000,21.7,21.8,21.7,21.8,1057,0
SKH,60,20240812,150000,21.8,21.8,21.8,21.8,13,0
SKH,60,20240812,160000,21.8,21.8,21.8,21.8,26,0
SKH,60,20240813,110000,22,22,22,22,100,0
SKH,60,20240814,130000,22.3,22.3,22.3,22.3,100,0
SKH,60,20240814,150000,22.2,22.3,22.2,22.3,433,0
SKH,60,20240814,170000,22.3,22.3,22.3,22.3,100,0
SKH,60,20240816,140000,22.3,22.3,22.3,22.3,16,0
SKH,60,20240816,160000,22.5,22.7,22.5,22.7,50,0
SKH,60,20240816,170000,22.1,22.1,22.1,22.1,213,0
SKH,60,20240819,100000,22,22,22,22,150,0
SKH,60,20240819,110000,22,22,21.6,21.6,100,0
SKH,60,20240819,140000,21.8,21.8,21.8,21.8,101,0
SKH,60,20240819,150000,21.7,21.7,21.6,21.6,100,0
SKH,60,20240819,170000,21.8,21.8,21.8,21.8,104,0
SKH,60,20240820,100000,21.6,21.7,21.4,21.4,104,0
SKH,60,20240820,110000,21.4,21.6,21.4,21.6,202,0
SKH,60,20240820,120000,21.6,21.6,21.6,21.6,219,0
SKH,60,20240820,140000,21.5,21.5,21.5,21.5,35,0
SKH,60,20240820,150000,21.4,21.4,21.3,21.3,29,0
SKH,60,20240820,160000,21.4,21.4,21.4,21.4,1,0
SKH,60,20240821,110000,21.3,21.3,21.3,21.3,780,0
SKH,60,20240821,120000,21.4,21.5,21.4,21.5,2,0
SKH,60,20240822,100000,21.3,21.4,21.2,21.2,849,0
SKH,60,20240822,110000,21.1,21.8,21.1,21.8,47,0
SKH,60,20240822,130000,21.4,21.4,21.4,21.4,6,0
SKH,60,20240823,150000,21.4,21.4,21.4,21.4,2,0
SKH,60,20240823,170000,21.5,21.8,21.5,21.8,69,0
SKH,60,20240826,100000,21.8,21.8,21.8,21.8,100,0
SKH,60,20240826,120000,21.7,21.8,21.4,21.4,145,0
SKH,60,20240826,130000,21.4,21.4,21.4,21.4,100,0
SKH,60,20240826,170000,21.5,21.5,21.4,21.4,500,0
SKH,60,20240827,100000,21.4,21.4,21.4,21.4,467,0
SKH,60,20240827,110000,21.3,21.3,21.3,21.3,100,0
SKH,60,20240827,120000,21.5,21.5,21.5,21.5,2,0
SKH,60,20240827,170000,21.5,21.5,21.5,21.5,130,0
SKH,60,20240828,100000,21.5,21.5,21.3,21.3,383,0
SKH,60,20240828,110000,21.5,21.5,21.5,21.5,350,0
SKH,60,20240828,120000,21.5,21.5,21.5,21.5,100,0
SKH,60,20240828,150000,21.5,21.5,21.3,21.3,727,0
SKH,60,20240828,170000,21.5,21.8,21.5,21.7,619,0
SKH,60,20240829,110000,21.5,21.5,21.3,21.3,170,0
SKH,60,20240829,170000,21.6,21.6,21.6,21.6,1,0
SKH,60,20240830,140000,21.5,21.9,21.4,21.9,336,0
SKH,60,20240902,170000,21.7,21.7,21.7,21.7,51,0
SKH,60,20240905,110000,21.6,21.6,21.6,21.6,21,0
SKH,60,20240905,130000,21.5,21.9,21.5,21.9,140,0
SKH,60,20240906,170000,21.5,21.5,21.3,21.3,130,0
SKH,60,20240909,100000,21.3,21.3,21.3,21.3,77,0
SKH,60,20240909,150000,21.3,21.3,21.3,21.3,40,0
SKH,60,20240909,170000,21.5,21.5,21.5,21.5,4,0
SKH,60,20240910,100000,21.8,21.8,21.8,21.8,280,0
SKH,60,20240910,170000,21.4,21.7,21.4,21.7,32,0
SKH,60,20240911,100000,21.7,21.7,21.7,21.7,16,0
SKH,60,20240911,110000,21.5,21.5,21.5,21.5,100,0
SKH,60,20240911,130000,21.4,21.4,21,21,125,0
SKH,60,20240911,170000,21.5,21.5,21.5,21.5,2,0
SKH,60,20240912,100000,21.5,21.5,21.5,21.5,32,0
SKH,60,20240912,120000,21.4,21.4,21.4,21.4,80,0
SKH,60,20240916,100000,21.5,21.5,21,21.4,3132,0
SKH,60,20240916,110000,21.4,21.4,21.4,21.4,5,0
SKH,60,20240916,120000,21.4,21.4,21.4,21.4,2,0
SKH,60,20240916,170000,21.2,21.2,21.2,21.2,4,0
SKH,60,20240917,100000,21.3,21.3,21.3,21.3,63,0
SKH,60,20240917,130000,21.4,21.4,21.4,21.4,48,0
SKH,60,20240918,100000,21.4,21.4,21.4,21.4,5,0
SKH,60,20240918,150000,21.4,21.5,21.4,21.5,11,0
SKH,60,20240918,160000,21.2,21.4,21.2,21.2,120,0
SKH,60,20240919,100000,21.4,21.4,21.4,21.4,30,0
SKH,60,20240919,120000,21.3,21.3,21.3,21.3,1,0
SKH,60,20240919,170000,21.2,21.2,21.2,21.2,200,0
SKH,60,20240920,160000,21.1,21.1,21.1,21.1,52,0
SKH,60,20240923,100000,21.3,21.4,21,21,101,0
SKH,60,20240923,110000,21,21,21,21,124,0
SKH,60,20240923,130000,21,21,21,21,24,0
SKH,60,20240923,140000,21,21,21,21,540,0
SKH,60,20240923,160000,21,21,21,21,6,0
SKH,60,20240923,170000,20.9,20.9,20.9,20.9,85,0
SKH,60,20240924,100000,21,21.4,21,21.4,159,0
SKH,60,20240924,110000,21.1,21.1,21,21,160,0
SKH,60,20240924,140000,21.1,21.1,21,21,231,0
SKH,60,20240925,110000,21,21,21,21,99,0
SKH,60,20240925,130000,21,21,21,21,1,0
SKH,60,20240925,150000,21.1,21.1,21.1,21.1,1,0
SKH,60,20240926,100000,21.1,21.1,21.1,21.1,99,0
SKH,60,20240926,110000,21.1,21.1,21.1,21.1,280,0
SKH,60,20240926,120000,21,21,21,21,38,0
SKH,60,20240926,150000,21,21,21,21,520,0
SKH,60,20240926,160000,21,21,21,21,50,0
SKH,60,20240926,170000,21.2,21.2,21.2,21.2,2,0
SKH,60,20240927,160000,21.1,21.1,21.1,21.1,6500,0
SKH,60,20240930,100000,21.2,21.2,21.2,21.2,43,0
SKH,60,20240930,120000,21.1,21.1,21.1,21.1,100,0
SKH,60,20241001,100000,21.1,21.1,21,21,189,0
SKH,60,20241001,110000,20.9,20.9,20.9,20.9,478,0
SKH,60,20241001,120000,20.9,20.9,20.9,20.9,2,0
SKH,60,20241001,150000,20.8,20.8,20.8,20.8,31,0
SKH,60,20241002,110000,20.9,20.9,20.9,20.9,36,0
SKH,60,20241002,120000,20.9,20.9,20.9,20.9,15,0
SKH,60,20241002,170000,20.8,20.8,20.8,20.8,284,0
SKH,60,20241003,110000,20.8,20.8,20.8,20.8,223,0
SKH,60,20241003,130000,20.8,20.8,20.8,20.8,5,0
SKH,60,20241003,150000,20.8,20.8,20.8,20.8,120,0
SKH,60,20241003,160000,20.8,20.8,20.8,20.8,100,0
SKH,60,20241003,170000,20.8,20.8,20.8,20.8,12,0
SKH,60,20241004,100000,20.8,21,20.8,21,70,0
SKH,60,20241004,150000,20.9,20.9,20.7,20.7,129,0
SKH,60,20241004,170000,20.7,20.7,20.7,20.7,37,0
SKH,60,20241007,100000,20.9,20.9,20.9,20.9,1,0
SKH,60,20241007,110000,20.9,20.9,20.9,20.9,1,0
SKH,60,20241007,140000,20.8,20.8,20.7,20.7,79,0
SKH,60,20241007,150000,20.7,20.7,20.6,20.6,469,0
SKH,60,20241008,100000,20.8,20.8,20.6,20.7,100,0
SKH,60,20241008,120000,20.6,20.6,20.6,20.6,28,0
SKH,60,20241008,170000,20.6,20.6,20.6,20.6,158,0
SKH,60,20241009,120000,20.5,20.5,20.5,20.5,6,0
SKH,60,20241009,130000,20.6,20.6,20.5,20.5,11625,0
SKH,60,20241010,110000,20.6,20.9,20.6,20.9,357,0
SKH,60,20241010,150000,21,21,21,21,120,0
SKH,60,20241010,170000,21,21,21,21,143,0
SKH,60,20241011,100000,21,21,21,21,1,0
SKH,60,20241011,150000,20.9,21,20.9,21,29,0
SKH,60,20241011,170000,20.7,20.7,20.7,20.7,62,0
SKH,60,20241014,100000,20.7,20.7,20.3,20.3,370,0
SKH,60,20241014,110000,20.5,20.5,20.5,20.5,7,0
SKH,60,20241014,130000,20.4,20.7,20.4,20.7,66,0
SKH,60,20241014,140000,20.7,20.7,20.7,20.7,100,0
SKH,60,20241014,150000,20.4,20.4,20.3,20.3,14,0
SKH,60,20241015,100000,20.3,20.3,20.3,20.3,31,0
SKH,60,20241015,140000,20.3,20.3,20.3,20.3,194,0
SKH,60,20241016,100000,20.2,20.2,20.2,20.2,125,0
SKH,60,20241016,110000,20.2,20.2,20.2,20.2,40,0
SKH,60,20241016,120000,20.2,20.3,20.2,20.3,187,0
SKH,60,20241017,100000,20.4,20.7,20.4,20.7,184,0
SKH,60,20241017,140000,20.8,21,20.8,21,842,0
SKH,60,20241018,100000,20.8,20.9,20.8,20.9,6,0
SKH,60,20241018,160000,20.6,20.6,20.5,20.5,24,0
SKH,60,20241018,170000,20.5,20.5,20.5,20.5,2,0
SKH,60,20241021,100000,20.5,20.5,20.5,20.5,516,0
SKH,60,20241021,120000,20.5,20.5,20.5,20.5,138,0
SKH,60,20241021,130000,20.5,21,20.5,21,5,0
SKH,60,20241022,110000,20.4,20.4,20.3,20.3,30,0
SKH,60,20241022,170000,20.5,20.5,20.5,20.5,130,0
SKH,60,20241023,100000,20.5,20.5,20.4,20.4,577,0
SKH,60,20241023,110000,20.4,20.4,20.4,20.4,225,0
SKH,60,20241023,160000,20.4,20.4,20.1,20.1,741,0
SKH,60,20241023,170000,20.3,20.3,20.3,20.3,1,0
SKH,60,20241024,100000,20.3,20.3,20.2,20.2,61,0
SKH,60,20241024,110000,20.2,20.2,20.1,20.1,105,0
SKH,60,20241024,120000,20.3,20.3,20.1,20.1,94,0
SKH,60,20241024,130000,20.5,20.5,20.5,20.5,8,0
SKH,60,20241024,160000,20.4,20.5,20.4,20.5,10,0
SKH,60,20241025,100000,20.5,20.5,20.5,20.5,900,0
SKH,60,20241025,110000,20.4,21,20.4,20.7,1237,0
SKH,60,20241025,120000,20.7,21,20.7,21,500,0
SKH,60,20241025,130000,21,21,21,21,500,0
SKH,60,20241025,140000,20.8,21,20.8,21,200,0
SKH,60,20241025,160000,20.8,20.8,20.2,20.2,2210,0
SKH,60,20241025,170000,20.7,21,20.5,20.9,28,0
SKH,60,20241028,100000,21,21,20.5,20.5,1430,0
SKH,60,20241028,110000,20.8,20.8,20.8,20.8,100,0
SKH,60,20241028,120000,20.8,20.8,20.8,20.8,49,0
SKH,60,20241028,130000,20.8,20.8,20.8,20.8,1,0
SKH,60,20241028,160000,20.8,21,20.8,21,90,0
SKH,60,20241028,170000,21,21,20.8,21,253,0
SKH,60,20241029,100000,21,22.8,21,21.6,14858,0
SKH,60,20241029,110000,21.6,22.1,21.6,22.1,1374,0
SKH,60,20241029,120000,22,22.6,22,22.6,1762,0
SKH,60,20241029,130000,22.5,22.6,21.9,22,1125,0
SKH,60,20241029,140000,22,22,22,22,1475,0
SKH,60,20241029,150000,22,22,21.8,21.8,363,0
SKH,60,20241029,160000,21.7,21.8,21.7,21.8,91,0
SKH,60,20241029,170000,21.8,21.8,21.8,21.8,322,0
SKH,60,20241030,100000,21.8,22.5,21.8,22.5,887,0
SKH,60,20241030,110000,22.5,22.5,22,22,1969,0
SKH,60,20241030,120000,22.4,22.8,22.4,22.8,1059,0
SKH,60,20241030,130000,22.8,22.8,22.8,22.8,160,0
SKH,60,20241030,140000,22.6,22.8,22.5,22.8,441,0
SKH,60,20241030,150000,22.8,22.8,22,22,1291,0
SKH,60,20241030,160000,22.2,22.2,22,22,285,0
SKH,60,20241030,170000,22.2,22.2,22.2,22.2,1109,0
SKH,60,20241031,100000,22.7,22.7,22.4,22.4,837,0
SKH,60,20241031,110000,22.4,22.5,22.4,22.5,481,0
SKH,60,20241031,120000,22.5,22.5,22.5,22.5,152,0
SKH,60,20241031,130000,22.6,23.2,22.6,23.2,1548,0
SKH,60,20241031,140000,23.1,23.2,23,23.2,1062,0
SKH,60,20241031,150000,23.2,23.2,23.2,23.2,238,0
SKH,60,20241031,160000,23,23,23,23,122,0
SKH,60,20241031,170000,23.1,23.1,23,23,2564,0
SKH,60,20241104,100000,23,23.1,23,23.1,175,0
SKH,60,20241104,110000,23.1,23.3,23,23.2,444,0
SKH,60,20241104,120000,23.2,23.2,23.2,23.2,22,0
SKH,60,20241104,140000,23.2,23.2,23.2,23.2,29,0
SKH,60,20241104,150000,23.2,23.3,22.7,23.3,588,0
SKH,60,20241104,160000,22.8,22.8,22.8,22.8,57,0
SKH,60,20241104,170000,23.3,23.4,23.3,23.4,343,0
SKH,60,20241105,100000,23.2,23.4,23.2,23.4,303,0
SKH,60,20241105,110000,23.4,23.4,23.4,23.4,2,0
SKH,60,20241105,120000,23.4,23.4,23.4,23.4,1505,0
SKH,60,20241105,130000,23.2,23.4,23,23.1,273,0
SKH,60,20241105,160000,23.1,23.1,23.1,23.1,18,0
SKH,60,20241105,170000,23,23,23,23,14,0
SKH,60,20241106,100000,23,23,23,23,209,0
SKH,60,20241106,120000,23.2,23.5,23.1,23.1,300,0
SKH,60,20241106,130000,23.5,23.5,23.5,23.5,10,0
SKH,60,20241106,140000,23.4,23.4,23.4,23.4,100,0
SKH,60,20241106,150000,23.5,23.5,23.5,23.5,100,0
SKH,60,20241106,160000,23.5,23.5,23.4,23.4,230,0
SKH,60,20241106,170000,23.4,23.4,23.4,23.4,8,0
SKH,60,20241107,100000,23.2,23.2,23,23.2,40,0
SKH,60,20241107,140000,23.4,23.4,23.4,23.4,70,0
SKH,60,20241107,170000,23.4,23.4,23.2,23.2,215,0
SKH,60,20241108,100000,23.1,23.1,23.1,23.1,6,0
SKH,60,20241108,120000,23.2,23.2,23.1,23.1,100,0
SKH,60,20241108,130000,23.1,23.1,23.1,23.1,85,0
SKH,60,20241108,150000,23.1,23.1,23.1,23.1,18,0
SKH,60,20241108,170000,23.4,23.4,23.4,23.4,50,0
SKH,60,20241112,100000,23.4,23.4,22.1,22.3,682,0
SKH,60,20241112,110000,23,23,22.8,22.8,34,0
SKH,60,20241112,120000,22.8,22.8,22.8,22.8,8,0
SKH,60,20241112,140000,22.6,22.8,22.6,22.8,103,0
SKH,60,20241112,150000,22.4,22.4,22.3,22.3,13,0
SKH,60,20241112,160000,22.5,22.8,22.5,22.8,319,0
SKH,60,20241112,170000,22.8,22.8,22.3,22.4,206,0
SKH,60,20241113,100000,22.4,22.8,22.2,22.8,798,0
SKH,60,20241113,110000,22.8,22.8,22.2,22.2,58,0
SKH,60,20241113,130000,22.7,22.7,22.7,22.7,50,0
SKH,60,20241113,150000,22.6,22.8,22.6,22.8,150,0
SKH,60,20241113,160000,22.3,22.3,22.3,22.3,3,0
SKH,60,20241113,170000,22.3,22.3,22.3,22.3,147,0
SKH,60,20241114,100000,22.6,22.6,22.6,22.6,5,0
SKH,60,20241114,110000,22.3,22.3,22.2,22.2,125,0
SKH,60,20241114,120000,22.2,22.6,21.9,22.6,146,0
SKH,60,20241114,150000,22.5,22.6,22.5,22.6,500,0
SKH,60,20241115,100000,22.1,22.1,22.1,22.1,50,0
SKH,60,20241115,110000,22.1,22.1,22.1,22.1,2454,0
SKH,60,20241115,130000,22.1,22.1,22.1,22.1,263,0
SKH,60,20241115,140000,22.1,22.1,22.1,22.1,903,0
SKH,60,20241115,150000,22.4,22.8,22.4,22.8,7,0
SKH,60,20241115,170000,22.8,23,22.8,23,1725,0
SKH,60,20241118,100000,23,23,22.9,22.9,101,0
SKH,60,20241118,110000,22.9,22.9,22.9,22.9,52,0
SKH,60,20241118,120000,22.2,22.2,22.2,22.2,300,0
SKH,60,20241118,130000,22.8,23,22.8,23,1845,0
SKH,60,20241118,140000,23.1,23.1,23,23,161,0
SKH,60,20241118,170000,23,23,23,23,1235,0
SKH,60,20241119,100000,23.2,23.2,23.2,23.2,2,0
SKH,60,20241119,120000,22.4,22.4,22.4,22.4,100,0
SKH,60,20241119,130000,22.4,22.4,21.7,21.7,996,0
SKH,60,20241119,140000,21.9,22.4,21.9,22.4,1422,0
SKH,60,20241119,160000,21.8,21.8,21.7,21.7,487,0
SKH,60,20241119,170000,22,22,22,22,22,0
SKH,60,20241120,130000,22.1,23,22.1,23,400,0
SKH,60,20241120,140000,22.2,23,22.2,23,500,0
SKH,60,20241120,170000,22.2,22.2,22.1,22.1,22,0
SKH,60,20241121,100000,22.1,22.7,22,22.7,11,0
SKH,60,20241121,130000,22.7,22.7,22.7,22.7,410,0
SKH,60,20241121,150000,22.3,22.3,22.3,22.3,81,0
SKH,60,20241121,160000,22.2,22.2,22.2,22.2,100,0
SKH,60,20241121,170000,22.4,22.4,22.4,22.4,1,0
SKH,60,20241122,100000,22.4,22.8,22.4,22.6,1184,0
SKH,60,20241122,110000,22.6,22.6,22.5,22.5,30,0
SKH,60,20241122,140000,22.9,22.9,22.9,22.9,2,0
SKH,60,20241125,100000,23,23.3,23,23.3,449,0
SKH,60,20241125,110000,23,23,23,23,4,0
SKH,60,20241125,120000,23.2,23.2,23.1,23.1,53,0
SKH,60,20241125,170000,22.6,22.6,22.6,22.6,22,0
SKH,60,20241126,100000,22.6,23.2,22.6,23.2,29,0
SKH,60,20241126,150000,22.8,22.8,22.8,22.8,100,0
SKH,60,20241126,160000,23,23,23,23,180,0
SKH,60,20241126,170000,22.8,23.1,22.8,23.1,555,0
SKH,60,20241127,100000,23.1,23.1,22.4,22.4,2147,0
SKH,60,20241127,110000,22.4,22.9,22.4,22.4,86,0
SKH,60,20241127,160000,22.4,22.9,22.4,22.9,102,0
SKH,60,20241128,100000,22.8,22.8,22.8,22.8,9,0
SKH,60,20241128,110000,22.4,22.4,21.8,22.1,1033,0
SKH,60,20241128,120000,22.2,22.3,22.2,22.3,427,0
SKH,60,20241128,130000,22.2,22.2,22.2,22.2,3,0
SKH,60,20241128,170000,22.2,22.6,22.2,22.6,75,0
SKH,60,20241129,100000,22.6,22.6,22.5,22.5,55,0
SKH,60,20241129,150000,22.1,22.2,22.1,22.2,221,0
SKH,60,20241129,160000,22.2,22.2,22.2,22.2,1436,0
SKH,60,20241129,170000,22.5,22.5,22.5,22.5,1,0
SKH,60,20241202,100000,22.4,22.4,21.7,21.7,423,0
SKH,60,20241202,120000,21.8,22.6,21.8,22.6,251,0
SKH,60,20241202,160000,22,22,22,22,1,0
SKH,60,20241202,170000,22.5,22.5,22.5,22.5,1,0
SKH,60,20241203,100000,21.7,21.7,21.7,21.7,10,0
SKH,60,20241203,120000,22.4,22.4,21.7,21.7,156,0
SKH,60,20241203,130000,22,22,22,22,199,0
SKH,60,20241203,140000,22,22.4,22,22,166,0
SKH,60,20241203,160000,22.4,22.5,22.4,22.5,8,0
SKH,60,20241203,170000,22,22,22,22,100,0
SKH,60,20241204,110000,22,22.2,21.6,21.6,1210,0
SKH,60,20241204,120000,21.6,21.6,21.6,21.6,2,0
SKH,60,20241204,130000,21.7,21.7,21.6,21.6,450,0
SKH,60,20241204,140000,21.6,21.6,21.6,21.6,1,0
SKH,60,20241204,170000,22.2,22.2,22.2,22.2,1,0
SKH,60,20241205,100000,21.8,21.8,21.8,21.8,5,0
SKH,60,20241205,110000,21.8,21.8,21.8,21.8,2,0
SKH,60,20241205,130000,21.8,21.8,21.8,21.8,8,0
SKH,60,20241205,160000,21.8,21.8,21.8,21.8,231,0
SKH,60,20241205,170000,22.2,22.2,22.2,22.2,2,0
SKH,60,20241206,100000,21.8,21.8,21.6,21.6,4,0
SKH,60,20241206,110000,21.7,21.7,21.7,21.7,1,0
SKH,60,20241206,120000,21.7,21.7,21.7,21.7,52,0
SKH,60,20241206,140000,21.6,22,21.5,21.6,1074,0
SKH,60,20241206,150000,21.7,21.7,21.7,21.7,435,0
SKH,60,20241206,160000,21.6,21.6,21.6,21.6,200,0
SKH,60,20241206,170000,21.8,21.8,21.7,21.7,712,0
SKH,60,20241209,100000,21.7,21.7,21.7,21.7,66,0
SKH,60,20241209,110000,21.7,21.7,21.7,21.7,459,0
SKH,60,20241209,120000,21.7,21.7,21.7,21.7,519,0
SKH,60,20241209,130000,21.8,21.8,21.8,21.8,115,0
SKH,60,20241209,140000,21.7,22,21.7,21.8,2950,0
SKH,60,20241209,160000,21.8,21.8,21.8,21.8,41,0
SKH,60,20241209,170000,21.8,21.8,21.8,21.8,200,0
SKH,60,20241210,100000,22,22.1,22,22.1,1070,0
SKH,60,20241210,110000,22.1,22.2,22.1,22.2,522,0
SKH,60,20241210,120000,21.9,21.9,21.8,21.8,400,0
SKH,60,20241210,130000,21.8,22,21.8,22,3,0
SKH,60,20241210,150000,21.9,21.9,21.9,21.9,1,0
SKH,60,20241210,160000,21.8,21.8,21.8,21.8,218,0
SKH,60,20241210,170000,21.8,21.8,21.8,21.8,1000,0
SKH,60,20241211,100000,21.8,21.8,21.8,21.8,1300,0
SKH,60,20241211,110000,21.9,21.9,21.8,21.8,1000,0
SKH,60,20241211,120000,21.8,21.8,21.8,21.8,3087,0
SKH,60,20241211,130000,21.8,21.8,21.8,21.8,80,0
SKH,60,20241211,140000,22,22,22,22,351,0
SKH,60,20241211,150000,22,22,22,22,14,0
SKH,60,20241211,160000,22.1,22.1,22.1,22.1,1,0
SKH,60,20241212,120000,21.9,21.9,21.8,21.8,461,0
SKH,60,20241212,130000,21.8,22.1,21.8,22.1,150,0
SKH,60,20241212,150000,22,22.2,22,22.2,283,0
SKH,60,20241213,140000,22.2,22.4,22.2,22.4,217,0
SKH,60,20241213,150000,22.5,22.5,22.4,22.4,454,0
SKH,60,20241213,160000,21.9,21.9,21.9,21.9,5,0
SKH,60,20241213,170000,22,22,21.9,21.9,126,0
SKH,60,20241216,100000,21.9,21.9,21.9,21.9,2171,0
SKH,60,20241216,110000,22.1,22.1,22.1,22.1,1,0
SKH,60,20241216,120000,21.9,22.1,21.5,22,920,0
SKH,60,20241216,130000,22,22,22,22,12,0
SKH,60,20241216,140000,22,22,22,22,23,0
SKH,60,20241216,160000,21.5,21.5,21.5,21.5,53,0
SKH,60,20241216,170000,22,22,22,22,1358,0
SKH,60,20241217,100000,22.5,22.5,22,22,383,0
SKH,60,20241217,110000,22.2,22.2,22.2,22.2,50,0
SKH,60,20241217,120000,22.2,22.3,22,22,394,0
SKH,60,20241217,130000,22,22,22,22,4538,0
SKH,60,20241217,140000,22.2,22.2,22.2,22.2,100,0
SKH,60,20241217,150000,22,22.2,22,22.2,1407,0
SKH,60,20241217,160000,22.2,22.2,22.2,22.2,100,0
SKH,60,20241218,100000,22,22.3,22,22.3,216,0
SKH,60,20241218,120000,22,22,22,22,83,0
SKH,60,20241218,130000,22,22.1,22,22,420,0
SKH,60,20241218,150000,22.1,22.1,22.1,22.1,8,0
SKH,60,20241218,160000,22.1,22.1,22.1,22.1,1057,0
SKH,60,20241218,170000,22.3,22.3,22.3,22.3,16,0
SKH,60,20241219,120000,22.1,22.1,21.9,21.9,780,0
SKH,60,20241219,130000,21.9,21.9,21.9,21.9,100,0
SKH,60,20241219,140000,21.9,21.9,21.8,21.8,70,0
SKH,60,20241219,150000,21.8,21.8,21.8,21.8,105,0
SKH,60,20241219,160000,22,22,21.8,21.8,363,0
SKH,60,20241219,170000,21.8,21.8,21.5,21.5,143,0
SKH,60,20241220,100000,21.9,21.9,21.5,21.5,273,0
SKH,60,20241220,110000,21.5,21.5,21.5,21.5,4,0
SKH,60,20241220,130000,21.5,21.5,20.8,21,349,0
SKH,60,20241220,140000,20.6,20.6,20.6,20.6,300,0
SKH,60,20241220,150000,20.8,21,20.8,21,230,0
SKH,60,20241220,160000,21,21.8,21,21.8,42,0
SKH,60,20241223,100000,21.2,21.5,21,21.5,300,0
SKH,60,20241223,110000,21.1,21.1,21.1,21.1,1160,0
SKH,60,20241223,120000,21.2,21.2,21.2,21.2,33,0
SKH,60,20241223,130000,21.2,21.4,21.2,21.4,1105,0
SKH,60,20241223,140000,21.5,21.7,21.4,21.7,1981,0
SKH,60,20241223,160000,21.7,21.9,21.7,21.9,532,0
SKH,60,20241223,170000,21.9,21.9,21.9,21.9,40,0
SKH,60,20241227,100000,21.5,21.9,21.1,21.5,123,0
SKH,60,20241227,110000,21.5,21.5,21.1,21.1,100,0
SKH,60,20241227,120000,21.6,21.6,21.6,21.6,102,0
SKH,60,20241227,130000,21.6,21.6,21.5,21.5,104,0
SKH,60,20241227,160000,21.5,21.6,21.5,21.6,19,0
SKH,60,20241227,170000,21.5,22.2,21.5,22.2,687,0
SKH,60,20241230,100000,21.9,21.9,21.9,21.9,2,0
SKH,60,20241230,110000,21.7,21.7,21.5,21.5,356,0
SKH,60,20241230,130000,21.7,21.7,21.7,21.7,250,0
SKH,60,20241230,150000,21.8,22.5,21.7,22.5,814,0
SKH,60,20241230,170000,22.6,22.6,22.5,22.5,1249,0
SKH,60,20250102,100000,22.8,22.8,22.8,22.8,155,0
SKH,60,20250102,110000,22.8,23.1,22.8,23.1,68,0
SKH,60,20250102,140000,22.9,22.9,22.9,22.9,70,0
SKH,60,20250102,160000,23.1,23.1,23.1,23.1,972,0
SKH,60,20250102,170000,23.2,23.2,23.2,23.2,552,0
SKH,60,20250103,100000,23,23,23,23,1,0
SKH,60,20250103,110000,23,23,23,23,159,0
SKH,60,20250103,120000,23.1,23.2,22.9,23.2,902,0
SKH,60,20250103,130000,23,23,23,23,117,0
SKH,60,20250103,160000,23,23,23,23,103,0
SKH,60,20250103,170000,23,23.1,23,23.1,97,0
SKH,60,20250107,100000,23.1,23.1,22.6,22.6,445,0
SKH,60,20250107,110000,23.1,23.1,23.1,23.1,12,0
SKH,60,20250107,130000,23.1,23.2,23.1,23.2,100,0
SKH,60,20250107,140000,22.9,22.9,22.9,22.9,3,0
SKH,60,20250107,170000,23,23,23,23,100,0
SKH,60,20250108,100000,23.1,23.1,23.1,23.1,75,0
SKH,60,20250108,130000,23.1,23.1,23,23,118,0
SKH,60,20250108,140000,23,23,23,23,150,0
SKH,60,20250108,150000,23,23.1,23,23,103,0
SKH,60,20250108,160000,23,23,23,23,54,0
SKH,60,20250109,130000,22.9,22.9,22.8,22.8,115,0
SKH,60,20250109,150000,22.8,22.8,22.8,22.8,132,0
SKH,60,20250109,160000,22.8,22.8,22.8,22.8,1,0
SKH,60,20250110,100000,22.8,22.8,22.8,22.8,253,0
SKH,60,20250110,110000,23,23.1,23,23.1,64,0
SKH,60,20250110,140000,23.1,23.1,23.1,23.1,88,0
SKH,60,20250113,100000,22.8,22.8,22.8,22.8,6,0
SKH,60,20250113,150000,22.8,22.8,22.6,22.6,68,0
SKH,60,20250114,100000,22.5,22.5,22.5,22.5,60,0
SKH,60,20250114,150000,22.8,22.8,22.8,22.8,230,0
SKH,60,20250114,170000,22.8,22.8,22.6,22.6,146,0
SKH,60,20250115,100000,22.6,22.6,22.6,22.6,43,0
SKH,60,20250115,110000,22.6,22.6,22.5,22.5,245,0
SKH,60,20250115,120000,22.5,22.5,22.5,22.5,110,0
SKH,60,20250115,130000,22.4,22.4,22.4,22.4,24,0
SKH,60,20250115,150000,22.6,22.6,22.6,22.6,50,0
SKH,60,20250115,170000,22.6,22.9,22.6,22.9,115,0
SKH,60,20250116,100000,22.8,22.8,22.8,22.8,20,0
SKH,60,20250116,130000,22.5,22.5,22.5,22.5,1,0
SKH,60,20250116,140000,22.5,22.5,22.5,22.5,398,0
SKH,60,20250116,160000,22.5,22.5,22.5,22.5,60,0
SKH,60,20250117,100000,22.4,22.4,21.8,21.8,367,0
SKH,60,20250117,110000,22.2,22.2,21.9,21.9,233,0
SKH,60,20250117,120000,21.9,22.1,21.9,22.1,49,0
SKH,60,20250117,130000,22.1,22.1,22.1,22.1,1112,0
SKH,60,20250117,150000,22.1,22.2,22.1,22.2,856638,0
SKH,60,20250117,160000,22.2,22.2,22.2,22.2,509,0
SKH,60,20250117,170000,22.2,23,22,23,1975,0
SKH,60,20250120,100000,22.8,22.9,22.2,22.2,274,0
SKH,60,20250120,120000,22.7,23,22.7,23,114,0
SKH,60,20250120,130000,23,23,22.9,22.9,150,0
SKH,60,20250120,140000,22.9,23.9,22.9,23.5,2755,0
SKH,60,20250120,150000,23.5,23.5,23.5,23.5,261,0
SKH,60,20250120,160000,23.5,24.2,23.5,23.7,794,0
SKH,60,20250120,170000,23.5,23.5,23.5,23.5,563,0
SKH,60,20250121,100000,23.4,23.4,22.6,22.6,3045,0
SKH,60,20250121,110000,22.9,22.9,22.9,22.9,114,0
SKH,60,20250121,120000,22.6,22.7,22.6,22.6,146,0
SKH,60,20250121,130000,22.7,22.7,22.7,22.7,1496,0
SKH,60,20250121,140000,22.7,22.7,22.7,22.7,4,0
SKH,60,20250121,160000,22.7,22.7,22.7,22.7,4,0
SKH,60,20250122,110000,22.7,22.7,22.7,22.7,20,0
SKH,60,20250122,120000,23,23,23,23,510,0
SKH,60,20250122,160000,22.9,22.9,22.9,22.9,100,0
SKH,60,20250123,100000,23,23,22.8,23,1009,0
SKH,60,20250123,110000,23,23,23,23,40,0
SKH,60,20250123,130000,23,23,23,23,308,0
SKH,60,20250123,150000,23,23,22.9,22.9,77,0
SKH,60,20250124,130000,22.6,23,22.6,23,59,0
SKH,60,20250124,140000,22.6,22.6,22,22,209,0
SKH,60,20250124,150000,22.3,22.3,22.2,22.2,220,0
SKH,60,20250124,160000,22.6,22.8,22.6,22.8,202,0
SKH,60,20250124,170000,22.8,22.8,22.8,22.8,1,0
SKH,60,20250127,100000,22.5,22.5,22.5,22.5,287,0
SKH,60,20250127,110000,22.5,22.5,22.5,22.5,12,0
SKH,60,20250127,120000,22.5,22.5,22.5,22.5,200,0
SKH,60,20250127,160000,22.5,22.5,22.5,22.5,1,0
SKH,60,20250128,100000,22.4,22.5,22.4,22.5,45,0
SKH,60,20250128,110000,22.1,22.1,22.1,22.1,179,0
SKH,60,20250128,120000,22.1,22.1,22.1,22.1,15,0
SKH,60,20250128,150000,22.4,22.5,22.3,22.3,112,0
SKH,60,20250129,100000,22.1,23,22,23,1226,0
SKH,60,20250129,160000,22.4,22.4,22.1,22.1,14,0
SKH,60,20250130,100000,22.2,22.2,22.2,22.2,298,0
SKH,60,20250130,110000,22.2,22.2,22.2,22.2,101,0
SKH,60,20250130,140000,22.1,22.1,22.1,22.1,100,0
SKH,60,20250131,100000,22.2,22.2,22,22,2543,0
SKH,60,20250131,110000,22.1,22.1,22,22,225,0
SKH,60,20250131,120000,22,22,22,22,500,0
SKH,60,20250131,160000,22,22,22,22,81,0
SKH,60,20250203,100000,21.4,21.4,21.1,21.3,418,0
SKH,60,20250203,110000,21.3,21.3,21.3,21.3,922,0
SKH,60,20250203,120000,21.6,21.6,21.4,21.4,133,0
SKH,60,20250203,160000,21.5,21.7,21.5,21.7,125,0
SKH,60,20250203,170000,21.7,21.7,21.5,21.5,97,0
SKH,60,20250204,100000,21.5,21.5,21.5,21.5,2,0
SKH,60,20250204,120000,21.5,21.5,21.4,21.4,141,0
SKH,60,20250204,130000,21.4,21.4,21.2,21.2,50,0
SKH,60,20250204,170000,21.4,21.4,21.4,21.4,525,0
SKH,60,20250205,100000,21.4,21.4,21,21.1,900,0
SKH,60,20250205,110000,21.4,21.4,21.4,21.4,132,0
SKH,60,20250205,120000,21.5,21.5,21.1,21.1,12,0
SKH,60,20250205,150000,21.5,21.5,21.5,21.5,149,0
SKH,60,20250206,100000,21.6,21.6,21.6,21.6,5,0
SKH,60,20250206,120000,21.6,21.6,21.6,21.6,104,0
SKH,60,20250206,140000,21.6,21.6,21.6,21.6,17,0
SKH,60,20250206,150000,21.6,21.6,21.6,21.6,130,0
SKH,60,20250207,100000,21.6,21.6,21.2,21.2,344,0
SKH,60,20250207,120000,21.6,21.7,21.6,21.7,227,0
SKH,60,20250207,130000,21.8,22,21.8,22,1273,0
SKH,60,20250210,100000,21.8,22,21.8,22,47,0
SKH,60,20250210,110000,21.6,21.6,21.6,21.6,36,0
SKH,60,20250210,120000,21.8,22,21.8,22,15,0
SKH,60,20250210,130000,22,22.2,22,22.2,1487,0
SKH,60,20250210,140000,22.1,22.3,22.1,22.3,3,0
SKH,60,20250210,150000,22.3,22.3,22,22,83,0
SKH,60,20250210,170000,22,22,22,22,14,0
SKH,60,20250211,100000,22.1,22.5,22.1,22.5,275,0
SKH,60,20250211,110000,22,22,21.5,21.5,416,0
SKH,60,20250211,120000,22.3,22.4,21.7,21.7,291,0
SKH,60,20250211,170000,21.8,21.8,21.8,21.8,55,0
SKH,60,20250212,100000,22.2,22.4,22.2,22.4,139,0
SKH,60,20250212,110000,22.4,22.4,22.4,22.4,75,0
SKH,60,20250212,120000,22,22,22,22,75,0
SKH,60,20250212,150000,22.1,22.1,22,22,64,0
SKH,60,20250212,170000,22,22,22,22,99,0
SKH,60,20250213,100000,22,22,22,22,353,0
SKH,60,20250213,110000,22,22,22,22,347,0
SKH,60,20250213,150000,21.8,22.5,21.8,22.5,71,0
SKH,60,20250214,100000,22.3,22.4,22,22.1,430,0
SKH,60,20250214,120000,22,22,22,22,226,0
SKH,60,20250214,130000,22,22,22,22,193,0
SKH,60,20250214,140000,22,22,22,22,216,0
SKH,60,20250214,150000,22,22,22,22,169,0
SKH,60,20250214,160000,21.9,21.9,21.9,21.9,1005,0
SKH,60,20250214,170000,21.9,22,21.9,22,150,0
SKH,60,20250217,100000,21.8,22,21.8,22,227,0
SKH,60,20250217,110000,21.8,21.8,21.8,21.8,21,0
SKH,60,20250217,120000,21.8,21.8,21.8,21.8,148,0
SKH,60,20250217,140000,21.8,21.8,21.6,21.6,300,0
SKH,60,20250217,160000,21.7,21.7,21.5,21.5,339,0
SKH,60,20250217,170000,21.8,22.5,21.6,21.6,131,0
SKH,60,20250218,100000,22.4,22.4,22.4,22.4,18,0
SKH,60,20250218,120000,22,22,22,22,612,0
SKH,60,20250218,130000,22,22,22,22,1000,0
SKH,60,20250219,100000,21.6,21.6,21.6,21.6,2,0
SKH,60,20250219,110000,22,22,22,22,55,0
SKH,60,20250219,120000,22,22,22,22,260,0
SKH,60,20250219,150000,21.8,21.8,21.8,21.8,114,0
SKH,60,20250220,100000,22,22,22,22,200,0
SKH,60,20250220,110000,21.8,22,21.8,22,1150,0
SKH,60,20250220,120000,22,22,21.8,21.8,884,0
SKH,60,20250221,100000,21.6,22,21.5,22,600,0
SKH,60,20250221,110000,21.6,21.6,21.5,21.5,5,0
SKH,60,20250221,120000,21.5,21.5,21.5,21.5,16,0
SKH,60,20250224,100000,21.8,21.8,21.8,21.8,8,0
SKH,60,20250224,120000,21.8,21.8,21.8,21.8,244,0
SKH,60,20250225,100000,21.6,21.7,21.5,21.7,75,0
SKH,60,20250225,110000,21.5,21.5,21.4,21.4,305,0
SKH,60,20250225,120000,21.3,21.6,21.2,21.2,300,0
SKH,60,20250225,160000,21.8,21.9,21.8,21.9,4,0
SKH,60,20250226,130000,21.6,21.6,21.6,21.6,1,0
SKH,60,20250226,140000,21.5,21.5,21.5,21.5,1,0
SKH,60,20250226,150000,21.5,21.5,21.5,21.5,454,0
SKH,60,20250226,160000,21.5,21.9,21.3,21.3,1038,0
SKH,60,20250227,100000,21.2,21.9,21.2,21.9,88,0
SKH,60,20250227,130000,21.6,21.7,21.6,21.7,50,0
SKH,60,20250228,100000,21.5,21.5,21.2,21.2,677,0
SKH,60,20250228,110000,21.2,21.2,20.9,20.9,1505,0
SKH,60,20250228,120000,20.9,21,20.8,21,368,0
SKH,60,20250228,130000,21.2,21.2,21.2,21.2,750,0
SKH,60,20250228,140000,21.3,21.3,21.3,21.3,50,0
SKH,60,20250228,150000,21.3,21.3,21.3,21.3,80,0
SKH,60,20250228,160000,21,21,21,21,228,0
SKH,60,20250228,170000,21.2,21.2,21.1,21.2,166,0
SKH,60,20250303,100000,21,21,21,21,200,0
SKH,60,20250303,110000,20.9,20.9,20.9,20.9,50,0
SKH,60,20250303,120000,21,21,21,21,686,0
SKH,60,20250303,130000,21,21,20.7,20.7,358,0
SKH,60,20250303,140000,20.7,20.9,20.7,20.9,334,0
SKH,60,20250303,150000,20.7,20.8,20.7,20.8,757,0
SKH,60,20250303,160000,21,21,20.8,20.8,1180,0
SKH,60,20250303,170000,20.8,20.8,20.8,20.8,101,0
SKH,60,20250304,100000,21,21,21,21,2000,0
SKH,60,20250304,120000,20.7,20.7,20.7,20.7,150,0
SKH,60,20250304,130000,20.7,20.7,20.7,20.7,300,0
SKH,60,20250304,140000,20.7,20.7,20.7,20.7,200,0
SKH,60,20250304,170000,20.5,20.5,20.4,20.4,376,0
SKH,60,20250305,100000,20.4,20.5,20.4,20.5,1044,0
SKH,60,20250305,110000,20.6,20.6,20.6,20.6,1,0
SKH,60,20250305,120000,20.6,20.6,20.6,20.6,414,0
SKH,60,20250305,140000,20.6,20.6,20.6,20.6,289,0
SKH,60,20250305,160000,20.7,21.3,20.7,21.3,13,0
SKH,60,20250305,170000,21.2,21.3,21.2,21.3,300,0
SKH,60,20250306,100000,21.3,21.3,21.3,21.3,20,0
SKH,60,20250306,160000,21.2,21.2,21.2,21.2,11,0
SKH,60,20250306,170000,21.2,21.2,20.4,20.4,432,0
SKH,60,20250307,110000,21,21,21,21,67,0
SKH,60,20250307,130000,21,21,21,21,1,0
SKH,60,20250307,140000,21.1,21.2,21.1,21.2,4,0
SKH,60,20250307,160000,21,21,21,21,10,0
SKH,60,20250310,100000,21,21.3,21,21.3,60,0
SKH,60,20250310,120000,21.2,21.2,21.2,21.2,25,0
SKH,60,20250310,130000,21.2,21.2,20.5,20.5,109,0
SKH,60,20250310,140000,21.2,21.3,21.2,21.3,4,0
SKH,60,20250311,110000,21,21,21,21,70,0
SKH,60,20250311,120000,20.6,21,20.6,21,2,0
SKH,60,20250311,170000,21,21,21,21,1524,0
SKH,60,20250312,110000,20.7,20.7,20.7,20.7,10,0
SKH,60,20250312,150000,20.8,20.8,20.6,20.6,151,0
SKH,60,20250312,170000,20.7,20.7,20.6,20.6,105,0
SKH,60,20250314,100000,20.6,21,20.6,21,953,0
SKH,60,20250314,110000,20.7,20.7,20.7,20.7,210,0
SKH,60,20250314,140000,21,21.3,21,21,4100,0
SKH,60,20250314,160000,20.7,20.7,20.7,20.7,570,0
SKH,60,20250314,170000,20.7,20.7,20.7,20.7,40,0
SKH,60,20250317,100000,20.8,20.8,20.8,20.8,16,0
SKH,60,20250317,110000,20.7,20.7,20.7,20.7,788,0
SKH,60,20250317,140000,20.8,20.8,20.8,20.8,149,0
SKH,60,20250318,100000,20.7,20.7,20.7,20.7,85,0
SKH,60,20250318,120000,20.9,20.9,20.9,20.9,190,0
SKH,60,20250318,130000,20.9,20.9,20.9,20.9,51,0
SKH,60,20250318,140000,20.7,20.7,20.5,20.6,901,0
SKH,60,20250318,150000,20.6,20.6,20.5,20.5,287,0
SKH,60,20250318,160000,20.8,20.8,20.8,20.8,71,0
SKH,60,20250318,170000,20.8,20.8,20.8,20.8,1,0
SKH,60,20250319,100000,20.7,20.8,20.7,20.8,257,0
SKH,60,20250319,120000,20.7,20.7,20.7,20.7,729,0
SKH,60,20250319,150000,20.8,20.8,20.8,20.8,17,0
SKH,60,20250319,170000,20.7,20.7,20.7,20.7,200,0
SKH,60,20250320,100000,20.9,21,20.9,21,1356,0
SKH,60,20250320,120000,20.9,20.9,20.9,20.9,250,0
SKH,60,20250320,130000,20.9,20.9,20.9,20.9,401,0
SKH,60,20250320,140000,20.9,21,20.9,21,2698,0
SKH,60,20250320,150000,21.2,21.2,21.2,21.2,123,0
SKH,60,20250320,160000,21,21,21,21,175,0
SKH,60,20250320,170000,21.2,21.2,21.2,21.2,1,0
SKH,60,20250321,110000,20.8,20.8,20.7,20.7,255,0
SKH,60,20250321,170000,21,21.2,21,21.2,3,0
SKH,60,20250324,100000,21,21.2,21,21.2,1023,0
SKH,60,20250324,130000,21.2,21.2,21.2,21.2,150,0
SKH,60,20250324,140000,21.3,21.3,21.2,21.2,78,0
SKH,60,20250324,150000,21.2,23,21.2,23,6592,0
SKH,60,20250324,160000,24,24,23.4,23.7,1655,0
SKH,60,20250324,170000,23.7,23.9,23.4,23.9,1363,0
SKH,60,20250325,100000,24,24.1,22.5,23.5,2524,0
SKH,60,20250325,110000,23.2,23.6,22.8,23.6,1041,0
SKH,60,20250325,120000,23.5,23.5,23.4,23.4,107,0
SKH,60,20250325,130000,23.4,23.5,23.4,23.4,1558,0
SKH,60,20250325,140000,23.4,23.4,23.4,23.4,546,0
SKH,60,20250325,150000,23,23.5,23,23.5,20,0
SKH,60,20250325,160000,23.2,24,23.2,24,2274,0
SKH,60,20250325,170000,23.5,24,23.5,23.9,5436,0
SKH,60,20250326,100000,24,24,22.6,23.6,5050,0
SKH,60,20250326,110000,23.6,23.9,23.5,23.8,520,0
SKH,60,20250326,120000,23.7,23.8,23.6,23.6,260,0
SKH,60,20250326,130000,23.6,23.8,23.5,23.8,662,0
SKH,60,20250326,140000,23.7,23.7,23.7,23.7,2,0
SKH,60,20250326,150000,23.7,23.8,23.5,23.5,592,0
SKH,60,20250326,160000,23.5,23.6,23.5,23.6,256,0
SKH,60,20250326,170000,23.6,23.6,23.5,23.5,1825,0
SKH,60,20250327,100000,23.3,23.6,22.4,23.6,1569,0
SKH,60,20250327,110000,23.5,23.6,23.3,23.6,89,0
SKH,60,20250327,130000,23.6,23.6,23.6,23.6,95,0
SKH,60,20250327,140000,23.5,23.5,23.3,23.3,603,0
SKH,60,20250327,150000,23.3,23.3,22.8,22.8,174,0
SKH,60,20250327,160000,23,23.4,23,23.4,589,0
SKH,60,20250327,170000,23.4,23.4,23.4,23.4,574,0
SKH,60,20250328,100000,23.2,23.2,23.1,23.1,100,0
SKH,60,20250328,120000,23.5,23.5,23.5,23.5,170,0
SKH,60,20250328,140000,23.5,23.5,23.5,23.5,380,0
SKH,60,20250328,150000,23.5,23.5,23.5,23.5,5480,0
SKH,60,20250328,160000,23.2,23.2,23.2,23.2,590,0
SKH,60,20250328,170000,23.1,23.4,23.1,23.4,922,0
SKH,60,20250331,100000,23.5,24,23,23,5356,0
SKH,60,20250331,110000,23.1,23.8,23.1,23.8,27,0
SKH,60,20250331,120000,23.5,23.5,23.5,23.5,100,0
SKH,60,20250331,130000,23.5,23.7,23.5,23.7,294,0
SKH,60,20250331,140000,23.4,23.4,23.4,23.4,143,0
SKH,60,20250331,160000,23.3,23.6,23.3,23.4,258,0
SKH,60,20250331,170000,23.2,23.5,23.1,23.3,1208,0
SKH,60,20250401,100000,23.5,23.6,23.5,23.6,155,0
SKH,60,20250401,120000,23.6,23.6,23.6,23.6,200,0
SKH,60,20250401,130000,23.6,23.6,23.5,23.5,101,0
SKH,60,20250401,140000,23.3,23.3,23.3,23.3,98,0
SKH,60,20250401,150000,23.6,23.6,23.6,23.6,65,0
SKH,60,20250401,160000,23.5,23.5,23.5,23.5,100,0
SKH,60,20250401,170000,23.6,23.6,23.4,23.4,232,0
SKH,60,20250402,100000,23.4,23.6,23.4,23.4,1002,0
SKH,60,20250402,110000,23.4,23.4,23,23,182,0
SKH,60,20250402,120000,23.4,23.5,23.4,23.5,1400,0
SKH,60,20250402,140000,23.5,23.5,23.5,23.5,44,0
SKH,60,20250402,150000,23.5,23.5,23.5,23.5,378,0
SKH,60,20250402,160000,23.5,23.5,23.5,23.5,1400,0
SKH,60,20250402,170000,23.2,23.2,23.2,23.2,532,0
SKH,60,20250403,100000,23,23,23,23,3,0
SKH,60,20250403,110000,23,23,23,23,250,0
SKH,60,20250403,130000,23,23,23,23,1180,0
SKH,60,20250403,140000,23,23.4,23,23,1644,0
SKH,60,20250403,160000,22.9,22.9,22.5,22.5,1100,0
SKH,60,20250404,100000,22.5,22.5,22.4,22.4,63,0
SKH,60,20250404,120000,22.7,22.7,22.7,22.7,1,0
SKH,60,20250404,130000,22.5,22.5,22.1,22.1,343,0
SKH,60,20250404,140000,22.1,22.1,22.1,22.1,500,0
SKH,60,20250404,150000,22.1,22.1,22.1,22.1,450,0
SKH,60,20250404,170000,22.2,22.9,22.1,22.9,980,0
SKH,60,20250407,100000,21.5,21.5,21.3,21.5,641,0
SKH,60,20250407,110000,21.6,21.6,21.6,21.6,1,0
SKH,60,20250407,120000,21.7,21.7,21.6,21.6,120,0
SKH,60,20250407,130000,22,22.5,21.9,21.9,815,0
SKH,60,20250407,170000,22,22,22,22,150,0
SKH,60,20250408,100000,22,22,21.8,21.8,903,0
SKH,60,20250408,140000,22,22,22,22,445,0
SKH,60,20250408,160000,22.4,22.4,22.4,22.4,80,0
SKH,60,20250409,100000,21.7,21.7,21.7,21.7,494,0
SKH,60,20250409,110000,22.2,22.2,22.2,22.2,1,0
SKH,60,20250409,140000,21.8,21.8,21.8,21.8,4,0
SKH,60,20250410,100000,22.1,23.4,22.1,22.2,2440,0
SKH,60,20250410,110000,22.4,22.4,22.4,22.4,10,0
SKH,60,20250410,120000,22.7,22.9,22.7,22.9,1439,0
SKH,60,20250410,140000,23.2,23.2,23,23,93,0
SKH,60,20250410,150000,23,23,23,23,166,0
SKH,60,20250410,170000,22.6,22.6,22.6,22.6,100,0
SKH,60,20250411,100000,23.2,23.2,23.1,23.1,87,0
SKH,60,20250411,110000,22.7,22.7,22.7,22.7,568,0
SKH,60,20250411,120000,22.5,22.5,22.5,22.5,9,0
SKH,60,20250411,160000,22.7,22.7,22.7,22.7,252,0
SKH,60,20250414,100000,23,23.6,23,23.5,1311,0
SKH,60,20250414,110000,23.5,23.5,23.3,23.3,175,0
SKH,60,20250414,120000,23.3,23.3,23.3,23.3,78,0
SKH,60,20250414,140000,23.2,23.2,22.8,22.8,300,0
SKH,60,20250414,150000,22.8,22.8,22.8,22.8,13,0
SKH,60,20250414,170000,23.1,23.1,23.1,23.1,58,0
SKH,60,20250415,100000,22.8,23.6,22.8,23.6,1192,0
SKH,60,20250416,110000,23.5,23.5,22.7,22.7,43,0
SKH,60,20250416,120000,22.7,22.7,22.7,22.7,1,0
SKH,60,20250416,160000,23.3,23.3,23.3,23.3,1,0
SKH,60,20250417,100000,23.5,23.5,23.5,23.5,241,0
SKH,60,20250417,110000,23.5,24,23.5,24,3302,0
SKH,60,20250417,120000,24,24.1,23.5,23.6,621,0
SKH,60,20250417,130000,23.6,23.6,23.6,23.6,100,0
SKH,60,20250417,140000,23.6,23.6,23.6,23.6,241,0
SKH,60,20250417,150000,23.6,23.7,23.3,23.4,923,0
SKH,60,20250417,160000,23.7,23.7,23.7,23.7,70,0
SKH,60,20250417,170000,23.7,24,23.6,24,1625,0
SKH,60,20250422,100000,24,24,23.8,24,3123,0
SKH,60,20250422,110000,23.9,24,23.9,24,379,0
SKH,60,20250422,120000,23.9,24.3,23.9,24.2,2468,0
SKH,60,20250422,130000,24.2,24.2,23.9,24.1,1112,0
SKH,60,20250422,140000,24.1,24.1,24.1,24.1,10,0
SKH,60,20250422,150000,24.1,24.1,24.1,24.1,208,0
SKH,60,20250422,160000,24.1,24.1,24.1,24.1,19,0
SKH,60,20250422,170000,23.9,24.1,23.9,24.1,17,0
SKH,60,20250423,100000,24.1,24.4,24.1,24.4,632,0
SKH,60,20250423,110000,24.4,24.5,24.2,24.4,291,0
SKH,60,20250423,120000,24.4,24.5,24.4,24.4,765,0
SKH,60,20250423,130000,24.4,24.6,24.3,24.3,5192,0
SKH,60,20250423,140000,24.7,25.2,24.5,25.2,3127,0
SKH,60,20250423,150000,25.2,25.5,25,25.3,547,0
SKH,60,20250423,160000,25.5,25.9,25.5,25.6,918,0
SKH,60,20250423,170000,26,26.3,26,26,1453,0
SKH,60,20250424,100000,26.3,26.3,25.5,25.5,1576,0
SKH,60,20250424,110000,25.9,25.9,25.5,25.9,145,0
SKH,60,20250424,120000,25.8,25.8,25.6,25.6,151,0
SKH,60,20250424,130000,25.6,25.6,25.2,25.5,641,0
SKH,60,20250424,140000,25.6,25.8,25.6,25.8,686,0
SKH,60,20250424,150000,25.9,25.9,25.7,25.7,400,0
SKH,60,20250424,160000,25.7,25.7,25.6,25.6,230,0
SKH,60,20250424,170000,25.7,25.7,25.6,25.7,421,0
SKH,60,20250425,100000,25.3,25.7,25.2,25.7,190,0
SKH,60,20250425,110000,25.7,25.7,25.7,25.7,58,0
SKH,60,20250425,120000,25.7,25.7,25.7,25.7,9,0
SKH,60,20250425,130000,25.7,26.3,25.6,25.7,2006,0
SKH,60,20250425,150000,25.6,26.4,25.6,25.7,914,0
SKH,60,20250425,170000,25.9,26.4,25.9,26.4,216,0
SKH,60,20250428,100000,26,26,25.3,25.5,1562,0
SKH,60,20250428,110000,25.7,25.8,25.7,25.8,556,0
SKH,60,20250428,120000,25.9,25.9,25.7,25.7,203,0
SKH,60,20250428,140000,25.8,25.8,25.7,25.7,17,0
SKH,60,20250428,150000,25.6,25.6,25.6,25.6,201,0
SKH,60,20250428,160000,25.7,25.7,25.7,25.7,53,0
SKH,60,20250428,170000,25.6,25.8,25.6,25.8,128,0
SKH,60,20250429,100000,25.7,25.7,25.3,25.3,567,0
SKH,60,20250429,110000,25.3,25.8,25.3,25.8,33,0
SKH,60,20250429,120000,25.7,25.8,25.7,25.8,71,0
SKH,60,20250429,130000,25.8,25.8,25.6,25.6,370,0
SKH,60,20250429,140000,25.5,25.5,25.5,25.5,16,0
SKH,60,20250429,150000,25.5,25.5,25.5,25.5,15,0
SKH,60,20250429,170000,25.5,25.5,24.5,24.5,379,0
SKH,60,20250430,100000,24.9,25.7,24.9,25.2,183,0
SKH,60,20250430,110000,25.2,25.3,25,25,415,0
SKH,60,20250430,120000,24.9,25.2,24.5,25.2,864,0
SKH,60,20250430,140000,25.1,25.1,25.1,25.1,70,0
SKH,60,20250430,150000,25.1,25.1,25.1,25.1,395,0
SKH,60,20250502,100000,24.3,24.4,24.3,24.4,303,0
SKH,60,20250502,110000,24.4,24.4,24.4,24.4,120,0
SKH,60,20250502,130000,24.8,25.2,24.8,25.2,332,0
SKH,60,20250502,150000,25.1,25.4,25.1,25.4,881,0
SKH,60,20250502,160000,25.3,25.8,25.3,25.8,828,0
SKH,60,20250502,170000,25.8,25.8,25.8,25.8,300,0
SKH,60,20250505,100000,25.9,26.1,25.7,26.1,3042,0
SKH,60,20250505,110000,25.9,25.9,25.9,25.9,78,0
SKH,60,20250505,120000,25.9,25.9,25.5,25.5,624,0
SKH,60,20250505,130000,25.6,26,25.6,26,1978,0
SKH,60,20250505,140000,26,26,25.6,25.6,70,0
SKH,60,20250505,160000,26,26,26,26,386,0
SKH,60,20250505,170000,26.1,26.5,26.1,26.5,2139,0
SKH,60,20250506,100000,26.5,26.5,25.5,25.5,550,0
SKH,60,20250506,110000,25.9,26.4,25.9,26.1,743,0
SKH,60,20250506,120000,26.1,26.1,26.1,26.1,100,0
SKH,60,20250506,140000,26.3,26.3,26.1,26.1,351,0
SKH,60,20250506,150000,26,26.1,26,26.1,125,0
SKH,60,20250506,160000,26.1,26.1,26.1,26.1,200,0
SKH,60,20250506,170000,26,26,26,26,11,0
