<TICKER>,<PER>,<DATE>,<TIME>,<OPEN>,<HIGH>,<LOW>,<CLOSE>,<VOL>,<OPENINT>
SNW,60,20240411,100000,1.695,1.7,1.695,1.7,1140,0
SNW,60,20240411,110000,1.68,1.68,1.68,1.68,2000,0
SNW,60,20240411,120000,1.675,1.675,1.665,1.665,160,0
SNW,60,20240411,140000,1.665,1.665,1.665,1.665,1638,0
SNW,60,20240411,160000,1.665,1.665,1.665,1.665,1340,0
SNW,60,20240411,170000,1.655,1.67,1.655,1.67,1021,0
SNW,60,20240412,100000,1.66,1.66,1.65,1.65,8496,0
SNW,60,20240412,110000,1.645,1.645,1.64,1.64,1702,0
SNW,60,20240412,130000,1.64,1.64,1.63,1.635,13260,0
SNW,60,20240412,140000,1.635,1.635,1.635,1.635,54,0
SNW,60,20240412,150000,1.645,1.645,1.645,1.645,1463,0
SNW,60,20240412,160000,1.65,1.655,1.65,1.655,35,0
SNW,60,20240412,170000,1.66,1.66,1.66,1.66,1221,0
SNW,60,20240415,160000,1.64,1.64,1.635,1.635,1000,0
SNW,60,20240416,100000,1.635,1.67,1.63,1.67,3575,0
SNW,60,20240416,170000,1.635,1.645,1.63,1.645,5243,0
SNW,60,20240417,100000,1.635,1.64,1.63,1.64,5557,0
SNW,60,20240417,110000,1.63,1.64,1.62,1.64,12477,0
SNW,60,20240417,120000,1.64,1.64,1.64,1.64,150,0
SNW,60,20240417,130000,1.64,1.645,1.64,1.645,1587,0
SNW,60,20240417,140000,1.645,1.645,1.645,1.645,221,0
SNW,60,20240417,160000,1.65,1.65,1.65,1.65,42,0
SNW,60,20240418,100000,1.635,1.635,1.63,1.63,150,0
SNW,60,20240418,110000,1.625,1.625,1.625,1.625,1000,0
SNW,60,20240418,170000,1.655,1.655,1.655,1.655,48,0
SNW,60,20240419,120000,1.65,1.65,1.65,1.65,75,0
SNW,60,20240419,150000,1.65,1.655,1.65,1.655,1186,0
SNW,60,20240419,160000,1.655,1.66,1.63,1.655,2131,0
SNW,60,20240422,100000,1.635,1.65,1.635,1.65,1369,0
SNW,60,20240422,110000,1.635,1.635,1.61,1.61,30000,0
SNW,60,20240422,130000,1.64,1.64,1.64,1.64,100,0
SNW,60,20240422,140000,1.615,1.63,1.615,1.63,14,0
SNW,60,20240422,150000,1.62,1.63,1.62,1.63,4783,0
SNW,60,20240422,160000,1.615,1.615,1.615,1.615,200,0
SNW,60,20240422,170000,1.615,1.615,1.61,1.61,2578,0
SNW,60,20240423,100000,1.62,1.62,1.615,1.615,1485,0
SNW,60,20240423,110000,1.615,1.615,1.61,1.61,1823,0
SNW,60,20240423,160000,1.615,1.615,1.61,1.61,3650,0
SNW,60,20240423,170000,1.63,1.63,1.63,1.63,46,0
SNW,60,20240424,100000,1.63,1.63,1.63,1.63,100,0
SNW,60,20240424,110000,1.615,1.615,1.61,1.61,1840,0
SNW,60,20240424,160000,1.63,1.63,1.63,1.63,40,0
SNW,60,20240425,100000,1.65,1.75,1.65,1.75,46924,0
SNW,60,20240425,110000,1.7,1.745,1.7,1.73,7511,0
SNW,60,20240425,120000,1.73,1.735,1.69,1.69,4887,0
SNW,60,20240425,130000,1.69,1.71,1.69,1.69,918,0
SNW,60,20240425,140000,1.68,1.68,1.67,1.67,1173,0
SNW,60,20240425,150000,1.665,1.665,1.66,1.66,1912,0
SNW,60,20240425,160000,1.655,1.705,1.655,1.705,1692,0
SNW,60,20240425,170000,1.695,1.695,1.695,1.695,6,0
SNW,60,20240426,100000,1.67,1.695,1.67,1.695,5200,0
SNW,60,20240426,150000,1.665,1.665,1.665,1.665,3750,0
SNW,60,20240426,170000,1.665,1.665,1.665,1.665,1307,0
SNW,60,20240429,100000,1.7,1.7,1.65,1.65,2999,0
SNW,60,20240429,110000,1.655,1.655,1.655,1.655,10435,0
SNW,60,20240429,120000,1.655,1.655,1.655,1.655,84,0
SNW,60,20240429,140000,1.655,1.655,1.655,1.655,400,0
SNW,60,20240429,150000,1.665,1.68,1.66,1.66,1352,0
SNW,60,20240429,160000,1.68,1.68,1.68,1.68,6,0
SNW,60,20240430,100000,1.685,1.685,1.685,1.685,7,0
SNW,60,20240430,110000,1.66,1.66,1.645,1.645,2238,0
SNW,60,20240430,120000,1.65,1.65,1.65,1.65,40,0
SNW,60,20240430,140000,1.65,1.65,1.65,1.65,2057,0
SNW,60,20240430,160000,1.65,1.65,1.65,1.65,3859,0
SNW,60,20240430,170000,1.68,1.68,1.68,1.68,37,0
SNW,60,20240502,100000,1.65,1.65,1.645,1.645,54,0
SNW,60,20240502,120000,1.665,1.665,1.665,1.665,20,0
SNW,60,20240502,140000,1.67,1.69,1.67,1.69,3890,0
SNW,60,20240502,170000,1.685,1.685,1.685,1.685,1000,0
SNW,60,20240506,110000,1.695,1.695,1.67,1.67,1206,0
SNW,60,20240506,120000,1.67,1.69,1.66,1.66,3520,0
SNW,60,20240506,150000,1.66,1.66,1.66,1.66,25,0
SNW,60,20240506,160000,1.695,1.695,1.695,1.695,54,0
SNW,60,20240507,100000,1.67,1.67,1.67,1.67,84,0
SNW,60,20240507,130000,1.67,1.67,1.66,1.66,1100,0
SNW,60,20240507,150000,1.67,1.67,1.66,1.66,1427,0
SNW,60,20240507,170000,1.66,1.66,1.65,1.65,16291,0
SNW,60,20240508,100000,1.65,1.65,1.65,1.65,3972,0
SNW,60,20240508,120000,1.65,1.65,1.645,1.645,129,0
SNW,60,20240508,130000,1.65,1.65,1.65,1.65,732,0
SNW,60,20240509,100000,1.665,1.89,1.66,1.835,92145,0
SNW,60,20240509,110000,1.835,1.84,1.765,1.8,14548,0
SNW,60,20240509,120000,1.79,1.815,1.79,1.805,3810,0
SNW,60,20240509,130000,1.8,1.8,1.755,1.755,9377,0
SNW,60,20240509,140000,1.775,1.825,1.775,1.825,5279,0
SNW,60,20240509,150000,1.78,1.78,1.78,1.78,10,0
SNW,60,20240509,160000,1.795,1.795,1.795,1.795,3000,0
SNW,60,20240509,170000,1.795,1.81,1.78,1.81,4429,0
SNW,60,20240510,100000,1.855,1.855,1.76,1.76,6999,0
SNW,60,20240510,110000,1.775,1.845,1.77,1.845,5333,0
SNW,60,20240510,120000,1.83,1.835,1.83,1.835,1500,0
SNW,60,20240510,130000,1.795,1.795,1.795,1.795,21,0
SNW,60,20240510,140000,1.795,1.795,1.795,1.795,12,0
SNW,60,20240510,150000,1.785,1.795,1.77,1.795,3979,0
SNW,60,20240510,160000,1.795,1.795,1.77,1.77,740,0
SNW,60,20240510,170000,1.8,1.8,1.8,1.8,12,0
SNW,60,20240513,100000,1.78,1.78,1.78,1.78,13,0
SNW,60,20240513,110000,1.77,1.78,1.75,1.75,3060,0
SNW,60,20240513,150000,1.755,1.755,1.75,1.75,200,0
SNW,60,20240513,160000,1.755,1.755,1.75,1.75,2000,0
SNW,60,20240513,170000,1.765,1.765,1.765,1.765,55,0
SNW,60,20240514,100000,1.775,1.775,1.75,1.75,420,0
SNW,60,20240514,110000,1.755,1.795,1.75,1.795,4000,0
SNW,60,20240514,130000,1.755,1.755,1.755,1.755,179,0
SNW,60,20240514,140000,1.75,1.765,1.75,1.765,517,0
SNW,60,20240514,150000,1.75,1.75,1.75,1.75,632,0
SNW,60,20240514,160000,1.755,1.755,1.73,1.73,4500,0
SNW,60,20240515,100000,1.755,1.765,1.735,1.765,2990,0
SNW,60,20240515,110000,1.765,1.765,1.7,1.7,4587,0
SNW,60,20240515,120000,1.71,1.71,1.71,1.71,1000,0
SNW,60,20240515,130000,1.71,1.71,1.705,1.705,2658,0
SNW,60,20240516,100000,1.705,1.705,1.69,1.69,2399,0
SNW,60,20240516,110000,1.735,1.74,1.735,1.74,2660,0
SNW,60,20240516,140000,1.705,1.74,1.7,1.74,1208,0
SNW,60,20240516,150000,1.74,1.75,1.74,1.75,3069,0
SNW,60,20240516,170000,1.71,1.71,1.705,1.705,2719,0
SNW,60,20240517,100000,1.71,1.71,1.7,1.71,1920,0
SNW,60,20240517,110000,1.7,1.72,1.685,1.72,2159,0
SNW,60,20240517,120000,1.69,1.69,1.68,1.68,24218,0
SNW,60,20240517,130000,1.71,1.71,1.67,1.675,1835,0
SNW,60,20240517,160000,1.695,1.7,1.695,1.7,882,0
SNW,60,20240517,170000,1.705,1.71,1.705,1.705,3990,0
SNW,60,20240520,100000,1.71,1.71,1.71,1.71,1000,0
SNW,60,20240520,110000,1.71,1.715,1.71,1.715,688,0
SNW,60,20240520,130000,1.715,1.725,1.715,1.725,1585,0
SNW,60,20240520,140000,1.73,1.735,1.7,1.735,3165,0
SNW,60,20240520,170000,1.735,1.745,1.735,1.745,900,0
SNW,60,20240521,100000,1.735,1.735,1.71,1.71,602,0
SNW,60,20240521,110000,1.73,1.73,1.71,1.71,1985,0
SNW,60,20240521,120000,1.71,1.71,1.705,1.705,1520,0
SNW,60,20240521,130000,1.705,1.71,1.7,1.71,60,0
SNW,60,20240521,140000,1.71,1.71,1.71,1.71,200,0
SNW,60,20240521,160000,1.71,1.71,1.71,1.71,1542,0
SNW,60,20240522,100000,1.71,1.73,1.71,1.73,1230,0
SNW,60,20240522,120000,1.71,1.71,1.71,1.71,750,0
SNW,60,20240522,150000,1.7,1.7,1.7,1.7,1232,0
SNW,60,20240522,160000,1.695,1.695,1.69,1.69,1458,0
SNW,60,20240522,170000,1.7,1.7,1.69,1.69,3877,0
SNW,60,20240523,100000,1.69,1.77,1.69,1.77,28028,0
SNW,60,20240523,110000,1.77,1.79,1.75,1.79,11083,0
SNW,60,20240523,120000,1.79,1.795,1.78,1.78,4823,0
SNW,60,20240523,140000,1.755,1.77,1.705,1.77,3700,0
SNW,60,20240523,150000,1.775,1.78,1.735,1.775,3687,0
SNW,60,20240523,160000,1.775,1.775,1.775,1.775,987,0
SNW,60,20240523,170000,1.75,1.78,1.74,1.77,2789,0
SNW,60,20240524,100000,1.74,1.77,1.715,1.77,1780,0
SNW,60,20240524,110000,1.76,1.775,1.76,1.775,370,0
SNW,60,20240524,120000,1.775,1.775,1.775,1.775,300,0
SNW,60,20240524,130000,1.74,1.74,1.74,1.74,1000,0
SNW,60,20240524,160000,1.75,1.75,1.74,1.74,132,0
SNW,60,20240524,170000,1.75,1.765,1.75,1.765,966,0
SNW,60,20240527,100000,1.75,1.785,1.75,1.78,3829,0
SNW,60,20240527,120000,1.78,1.785,1.775,1.78,8017,0
SNW,60,20240527,130000,1.785,1.785,1.78,1.78,1357,0
SNW,60,20240527,140000,1.78,1.78,1.78,1.78,600,0
SNW,60,20240527,170000,1.775,1.78,1.775,1.78,610,0
SNW,60,20240528,100000,1.75,1.75,1.75,1.75,725,0
SNW,60,20240528,110000,1.78,1.78,1.78,1.78,70,0
SNW,60,20240528,120000,1.75,1.75,1.75,1.75,1218,0
SNW,60,20240528,130000,1.74,1.74,1.725,1.725,1010,0
SNW,60,20240528,140000,1.725,1.725,1.7,1.7,12000,0
SNW,60,20240528,150000,1.73,1.73,1.73,1.73,116,0
SNW,60,20240528,160000,1.705,1.725,1.705,1.725,1755,0
SNW,60,20240528,170000,1.725,1.79,1.725,1.79,13895,0
SNW,60,20240529,100000,1.795,1.81,1.77,1.8,13675,0
SNW,60,20240529,110000,1.8,1.81,1.7,1.77,16117,0
SNW,60,20240529,120000,1.78,1.78,1.78,1.78,117,0
SNW,60,20240529,150000,1.765,1.785,1.71,1.71,3493,0
SNW,60,20240529,160000,1.765,1.765,1.765,1.765,45,0
SNW,60,20240529,170000,1.73,1.76,1.72,1.76,2672,0
SNW,60,20240531,100000,1.75,1.775,1.75,1.775,8866,0
SNW,60,20240531,150000,1.725,1.725,1.72,1.72,300,0
SNW,60,20240531,160000,1.72,1.765,1.72,1.75,3608,0
SNW,60,20240531,170000,1.745,1.745,1.74,1.74,6647,0
SNW,60,20240603,100000,1.76,1.765,1.76,1.765,105,0
SNW,60,20240603,110000,1.735,1.735,1.71,1.71,6250,0
SNW,60,20240603,120000,1.745,1.76,1.745,1.76,6531,0
SNW,60,20240603,130000,1.76,1.815,1.76,1.78,18839,0
SNW,60,20240603,140000,1.795,1.8,1.795,1.8,8200,0
SNW,60,20240603,150000,1.79,1.82,1.785,1.82,58744,0
SNW,60,20240603,160000,1.815,1.82,1.805,1.81,3485,0
SNW,60,20240603,170000,1.81,1.85,1.81,1.84,22671,0
SNW,60,20240604,100000,1.85,1.97,1.85,1.965,87929,0
SNW,60,20240604,110000,1.965,1.98,1.85,1.85,86041,0
SNW,60,20240604,120000,1.93,1.93,1.86,1.895,4409,0
SNW,60,20240604,130000,1.895,1.9,1.895,1.9,446,0
SNW,60,20240604,140000,1.91,1.93,1.9,1.93,6144,0
SNW,60,20240604,150000,1.925,1.93,1.915,1.915,1083,0
SNW,60,20240604,160000,1.92,1.92,1.9,1.91,5292,0
SNW,60,20240604,170000,1.9,1.91,1.9,1.91,1120,0
SNW,60,20240605,100000,1.945,1.955,1.87,1.87,37439,0
SNW,60,20240605,110000,1.91,1.91,1.88,1.91,5220,0
SNW,60,20240605,120000,1.91,1.91,1.91,1.91,620,0
SNW,60,20240605,130000,1.91,1.91,1.91,1.91,1774,0
SNW,60,20240605,140000,1.91,1.915,1.91,1.915,4354,0
SNW,60,20240605,150000,1.89,1.89,1.87,1.87,2680,0
SNW,60,20240605,160000,1.91,1.91,1.91,1.91,100,0
SNW,60,20240605,170000,1.875,1.91,1.85,1.905,5055,0
SNW,60,20240606,100000,1.9,1.9,1.765,1.87,14858,0
SNW,60,20240606,110000,1.835,1.86,1.8,1.86,1367,0
SNW,60,20240606,130000,1.86,1.86,1.86,1.86,23,0
SNW,60,20240606,140000,1.86,1.86,1.86,1.86,734,0
SNW,60,20240606,160000,1.82,1.85,1.795,1.85,2717,0
SNW,60,20240606,170000,1.85,1.85,1.85,1.85,716,0
SNW,60,20240607,100000,1.86,1.875,1.86,1.875,418,0
SNW,60,20240607,110000,1.81,1.87,1.8,1.87,6059,0
SNW,60,20240607,130000,1.805,1.805,1.8,1.8,34,0
SNW,60,20240607,140000,1.78,1.78,1.78,1.78,17,0
SNW,60,20240607,150000,1.775,1.85,1.77,1.775,7711,0
SNW,60,20240607,160000,1.845,1.845,1.84,1.845,2146,0
SNW,60,20240607,170000,1.835,1.85,1.835,1.85,3015,0
SNW,60,20240610,100000,1.85,1.85,1.785,1.785,3974,0
SNW,60,20240610,110000,1.8,1.825,1.75,1.75,25218,0
SNW,60,20240610,120000,1.74,1.8,1.74,1.8,5289,0
SNW,60,20240610,150000,1.795,1.8,1.795,1.8,887,0
SNW,60,20240610,170000,1.775,1.795,1.76,1.795,1590,0
SNW,60,20240611,100000,1.79,1.805,1.79,1.805,970,0
SNW,60,20240611,140000,1.8,1.805,1.8,1.805,200,0
SNW,60,20240611,150000,1.79,1.79,1.79,1.79,1200,0
SNW,60,20240611,170000,1.795,1.85,1.795,1.85,10658,0
SNW,60,20240612,100000,1.85,1.85,1.815,1.815,887,0
SNW,60,20240612,110000,1.815,1.815,1.81,1.81,260,0
SNW,60,20240612,130000,1.815,1.815,1.815,1.815,100,0
SNW,60,20240612,140000,1.81,1.81,1.81,1.81,1133,0
SNW,60,20240612,160000,1.775,1.78,1.77,1.78,1755,0
SNW,60,20240612,170000,1.79,1.8,1.79,1.8,3411,0
SNW,60,20240613,110000,1.79,1.8,1.765,1.765,1934,0
SNW,60,20240613,130000,1.76,1.785,1.76,1.785,1061,0
SNW,60,20240613,140000,1.79,1.79,1.79,1.79,6,0
SNW,60,20240613,150000,1.76,1.76,1.76,1.76,794,0
SNW,60,20240613,160000,1.785,1.785,1.785,1.785,10,0
SNW,60,20240613,170000,1.785,1.86,1.785,1.86,1658,0
SNW,60,20240614,100000,1.855,1.855,1.72,1.76,34928,0
SNW,60,20240614,110000,1.77,1.775,1.755,1.77,11358,0
SNW,60,20240614,130000,1.77,1.77,1.77,1.77,1127,0
SNW,60,20240614,140000,1.76,1.76,1.76,1.76,4920,0
SNW,60,20240614,150000,1.76,1.77,1.76,1.77,2114,0
SNW,60,20240614,160000,1.77,1.8,1.77,1.8,2292,0
SNW,60,20240614,170000,1.775,1.795,1.735,1.735,7356,0
SNW,60,20240617,100000,1.79,1.81,1.755,1.755,6207,0
SNW,60,20240617,110000,1.765,1.8,1.75,1.755,5089,0
SNW,60,20240617,120000,1.75,1.76,1.75,1.76,2422,0
SNW,60,20240617,140000,1.745,1.745,1.725,1.745,1236,0
SNW,60,20240617,150000,1.725,1.73,1.725,1.73,2000,0
SNW,60,20240617,160000,1.73,1.73,1.73,1.73,20,0
SNW,60,20240617,170000,1.725,1.76,1.725,1.76,4904,0
SNW,60,20240618,100000,1.765,1.765,1.72,1.765,3078,0
SNW,60,20240618,120000,1.75,1.75,1.75,1.75,1030,0
SNW,60,20240618,150000,1.72,1.72,1.72,1.72,1708,0
SNW,60,20240618,160000,1.72,1.72,1.72,1.72,600,0
SNW,60,20240618,170000,1.715,1.715,1.715,1.715,3000,0
SNW,60,20240619,100000,1.74,1.75,1.7,1.7,26582,0
SNW,60,20240619,110000,1.71,1.71,1.64,1.655,20261,0
SNW,60,20240619,120000,1.66,1.695,1.655,1.69,1446,0
SNW,60,20240619,130000,1.68,1.69,1.67,1.69,1136,0
SNW,60,20240619,150000,1.69,1.695,1.69,1.695,1000,0
SNW,60,20240619,160000,1.68,1.685,1.66,1.685,4392,0
SNW,60,20240619,170000,1.665,1.685,1.645,1.685,15657,0
SNW,60,20240620,100000,1.685,1.685,1.685,1.685,51,0
SNW,60,20240620,110000,1.685,1.72,1.685,1.69,3472,0
SNW,60,20240620,130000,1.705,1.705,1.705,1.705,124,0
SNW,60,20240620,150000,1.72,1.72,1.72,1.72,130,0
SNW,60,20240620,160000,1.685,1.72,1.68,1.72,2452,0
SNW,60,20240620,170000,1.72,1.725,1.68,1.725,729,0
SNW,60,20240621,100000,1.725,1.725,1.725,1.725,108,0
SNW,60,20240621,170000,1.7,1.755,1.7,1.75,7191,0
SNW,60,20240624,100000,1.72,1.72,1.72,1.72,518,0
SNW,60,20240624,110000,1.72,1.75,1.72,1.75,985,0
SNW,60,20240624,130000,1.745,1.745,1.745,1.745,216,0
SNW,60,20240624,150000,1.715,1.74,1.7,1.74,1801,0
SNW,60,20240624,170000,1.74,1.74,1.74,1.74,29,0
SNW,60,20240625,100000,1.75,1.75,1.75,1.75,30,0
SNW,60,20240625,110000,1.75,1.75,1.75,1.75,775,0
SNW,60,20240625,140000,1.75,1.75,1.75,1.75,100,0
SNW,60,20240625,150000,1.71,1.71,1.71,1.71,1080,0
SNW,60,20240625,160000,1.705,1.74,1.7,1.74,1752,0
SNW,60,20240625,170000,1.745,1.745,1.745,1.745,145,0
SNW,60,20240626,120000,1.74,1.74,1.74,1.74,86,0
SNW,60,20240626,130000,1.705,1.705,1.7,1.7,1000,0
SNW,60,20240626,150000,1.705,1.705,1.685,1.685,8000,0
SNW,60,20240626,160000,1.685,1.715,1.685,1.715,2951,0
SNW,60,20240626,170000,1.715,1.73,1.715,1.73,986,0
SNW,60,20240627,100000,1.66,1.72,1.66,1.715,6220,0
SNW,60,20240627,130000,1.69,1.69,1.645,1.655,29194,0
SNW,60,20240627,140000,1.655,1.685,1.655,1.685,722,0
SNW,60,20240627,150000,1.685,1.695,1.68,1.68,2199,0
SNW,60,20240627,160000,1.67,1.72,1.67,1.71,2463,0
SNW,60,20240627,170000,1.71,1.71,1.71,1.71,120,0
SNW,60,20240628,100000,1.72,1.72,1.68,1.68,922,0
SNW,60,20240628,120000,1.68,1.68,1.68,1.68,130,0
SNW,60,20240628,130000,1.68,1.715,1.68,1.715,1338,0
SNW,60,20240628,150000,1.72,1.72,1.72,1.72,25,0
SNW,60,20240628,170000,1.675,1.715,1.675,1.715,665,0
SNW,60,20240701,100000,1.68,1.715,1.65,1.7,16505,0
SNW,60,20240701,110000,1.665,1.665,1.665,1.665,2,0
SNW,60,20240701,120000,1.67,1.67,1.665,1.665,498,0
SNW,60,20240701,130000,1.665,1.665,1.665,1.665,1529,0
SNW,60,20240701,140000,1.67,1.67,1.67,1.67,40,0
SNW,60,20240701,170000,1.67,1.67,1.67,1.67,2000,0
SNW,60,20240702,100000,1.675,1.7,1.675,1.7,143,0
SNW,60,20240702,110000,1.685,1.69,1.685,1.685,1561,0
SNW,60,20240702,120000,1.665,1.665,1.65,1.65,10037,0
SNW,60,20240702,140000,1.68,1.68,1.68,1.68,19,0
SNW,60,20240702,150000,1.68,1.685,1.68,1.685,599,0
SNW,60,20240702,160000,1.685,1.69,1.685,1.69,3000,0
SNW,60,20240702,170000,1.66,1.69,1.655,1.69,6254,0
SNW,60,20240703,100000,1.66,1.69,1.66,1.69,22,0
SNW,60,20240703,110000,1.665,1.68,1.655,1.66,1734,0
SNW,60,20240703,120000,1.655,1.68,1.655,1.68,1744,0
SNW,60,20240703,150000,1.66,1.675,1.66,1.675,1166,0
SNW,60,20240703,170000,1.67,1.67,1.67,1.67,190,0
SNW,60,20240704,100000,1.67,1.7,1.67,1.67,874,0
SNW,60,20240704,120000,1.665,1.67,1.665,1.67,1170,0
SNW,60,20240704,150000,1.665,1.67,1.665,1.67,1250,0
SNW,60,20240704,160000,1.665,1.67,1.655,1.655,20280,0
SNW,60,20240704,170000,1.655,1.655,1.655,1.655,2608,0
SNW,60,20240705,100000,1.665,1.665,1.655,1.655,2345,0
SNW,60,20240705,110000,1.655,1.655,1.655,1.655,600,0
SNW,60,20240705,120000,1.665,1.695,1.655,1.695,5000,0
SNW,60,20240705,140000,1.66,1.66,1.66,1.66,45,0
SNW,60,20240705,160000,1.665,1.665,1.65,1.65,5863,0
SNW,60,20240705,170000,1.65,1.65,1.65,1.65,3067,0
SNW,60,20240708,100000,1.65,1.65,1.65,1.65,8265,0
SNW,60,20240708,110000,1.67,1.67,1.67,1.67,12,0
SNW,60,20240708,130000,1.67,1.67,1.67,1.67,13,0
SNW,60,20240708,140000,1.68,1.68,1.65,1.65,3539,0
SNW,60,20240708,160000,1.65,1.65,1.65,1.65,1500,0
SNW,60,20240709,100000,1.65,1.665,1.65,1.665,2300,0
SNW,60,20240709,130000,1.65,1.65,1.65,1.65,500,0
SNW,60,20240709,150000,1.66,1.66,1.66,1.66,10,0
SNW,60,20240709,170000,1.65,1.66,1.64,1.66,10020,0
SNW,60,20240710,100000,1.665,1.665,1.665,1.665,20,0
SNW,60,20240710,170000,1.645,1.66,1.645,1.66,106,0
SNW,60,20240711,100000,1.655,1.665,1.655,1.665,2577,0
SNW,60,20240711,120000,1.65,1.65,1.645,1.65,61,0
SNW,60,20240711,140000,1.65,1.65,1.65,1.65,219,0
SNW,60,20240711,160000,1.665,1.665,1.665,1.665,1656,0
SNW,60,20240711,170000,1.645,1.645,1.645,1.645,41,0
SNW,60,20240712,100000,1.645,1.645,1.64,1.645,5419,0
SNW,60,20240712,110000,1.645,1.645,1.645,1.645,2495,0
SNW,60,20240712,120000,1.65,1.65,1.65,1.65,10,0
SNW,60,20240712,170000,1.66,1.67,1.66,1.67,14000,0
SNW,60,20240715,100000,1.67,1.685,1.67,1.685,3624,0
SNW,60,20240715,140000,1.685,1.685,1.685,1.685,625,0
SNW,60,20240715,160000,1.67,1.685,1.67,1.685,3312,0
SNW,60,20240715,170000,1.67,1.69,1.67,1.69,1431,0
SNW,60,20240716,100000,1.68,1.69,1.68,1.69,5000,0
SNW,60,20240716,120000,1.67,1.67,1.67,1.67,26,0
SNW,60,20240716,130000,1.665,1.665,1.65,1.65,1000,0
SNW,60,20240716,140000,1.65,1.65,1.65,1.65,1800,0
SNW,60,20240716,170000,1.65,1.65,1.64,1.64,500,0
SNW,60,20240717,100000,1.64,1.645,1.64,1.64,495,0
SNW,60,20240717,110000,1.64,1.64,1.64,1.64,1606,0
SNW,60,20240717,120000,1.635,1.635,1.63,1.63,4987,0
SNW,60,20240717,130000,1.655,1.66,1.61,1.61,8050,0
SNW,60,20240717,140000,1.615,1.615,1.605,1.605,810,0
SNW,60,20240717,160000,1.61,1.61,1.61,1.61,1000,0
SNW,60,20240717,170000,1.635,1.64,1.635,1.64,60,0
SNW,60,20240718,100000,1.64,1.64,1.64,1.64,2133,0
SNW,60,20240718,110000,1.63,1.63,1.63,1.63,2000,0
SNW,60,20240718,120000,1.635,1.64,1.635,1.64,1250,0
SNW,60,20240718,130000,1.615,1.62,1.61,1.615,2346,0
SNW,60,20240718,160000,1.63,1.63,1.63,1.63,13,0
SNW,60,20240718,170000,1.635,1.635,1.635,1.635,590,0
SNW,60,20240719,100000,1.65,1.65,1.65,1.65,500,0
SNW,60,20240719,110000,1.65,1.67,1.635,1.635,7200,0
SNW,60,20240722,170000,1.655,1.67,1.655,1.67,1905,0
SNW,60,20240723,130000,1.64,1.64,1.625,1.625,2000,0
SNW,60,20240723,170000,1.63,1.645,1.61,1.64,4599,0
SNW,60,20240724,110000,1.625,1.625,1.625,1.625,14,0
SNW,60,20240724,120000,1.62,1.62,1.61,1.61,276,0
SNW,60,20240724,130000,1.625,1.625,1.625,1.625,15,0
SNW,60,20240724,160000,1.625,1.625,1.625,1.625,685,0
SNW,60,20240724,170000,1.625,1.625,1.625,1.625,338,0
SNW,60,20240725,100000,1.62,1.62,1.61,1.61,3243,0
SNW,60,20240725,110000,1.605,1.605,1.595,1.595,8337,0
SNW,60,20240725,120000,1.59,1.59,1.585,1.585,3196,0
SNW,60,20240725,130000,1.585,1.585,1.585,1.585,11,0
SNW,60,20240725,140000,1.595,1.595,1.595,1.595,1199,0
SNW,60,20240725,150000,1.595,1.595,1.595,1.595,1000,0
SNW,60,20240725,160000,1.615,1.615,1.615,1.615,200,0
SNW,60,20240726,100000,1.615,1.62,1.615,1.62,4714,0
SNW,60,20240726,110000,1.61,1.61,1.61,1.61,1000,0
SNW,60,20240726,120000,1.61,1.63,1.61,1.63,2029,0
SNW,60,20240726,150000,1.63,1.63,1.63,1.63,5,0
SNW,60,20240729,100000,1.645,1.645,1.62,1.62,342,0
SNW,60,20240729,110000,1.615,1.615,1.615,1.615,1081,0
SNW,60,20240729,160000,1.62,1.62,1.62,1.62,20,0
SNW,60,20240730,100000,1.62,1.62,1.62,1.62,15,0
SNW,60,20240730,170000,1.635,1.645,1.63,1.645,75,0
SNW,60,20240731,100000,1.625,1.625,1.625,1.625,28,0
SNW,60,20240731,110000,1.64,1.64,1.615,1.615,967,0
SNW,60,20240731,120000,1.62,1.62,1.62,1.62,1212,0
SNW,60,20240731,140000,1.62,1.62,1.6,1.6,6625,0
SNW,60,20240731,170000,1.61,1.61,1.61,1.61,690,0
SNW,60,20240801,100000,1.61,1.61,1.6,1.6,5300,0
SNW,60,20240801,110000,1.61,1.61,1.61,1.61,862,0
SNW,60,20240801,130000,1.61,1.61,1.61,1.61,1000,0
SNW,60,20240801,150000,1.615,1.615,1.615,1.615,25,0
SNW,60,20240801,160000,1.61,1.61,1.61,1.61,1373,0
SNW,60,20240801,170000,1.6,1.6,1.6,1.6,3952,0
SNW,60,20240802,100000,1.61,1.61,1.61,1.61,15,0
SNW,60,20240802,120000,1.605,1.605,1.6,1.6,683,0
SNW,60,20240802,140000,1.595,1.595,1.58,1.58,13241,0
SNW,60,20240802,160000,1.58,1.58,1.58,1.58,1881,0
SNW,60,20240802,170000,1.58,1.58,1.58,1.58,5782,0
SNW,60,20240805,100000,1.555,1.555,1.495,1.5,20970,0
SNW,60,20240805,120000,1.535,1.535,1.48,1.48,5759,0
SNW,60,20240805,130000,1.47,1.475,1.47,1.475,1667,0
SNW,60,20240805,140000,1.47,1.48,1.45,1.475,5104,0
SNW,60,20240805,150000,1.45,1.45,1.44,1.44,6232,0
SNW,60,20240805,160000,1.45,1.45,1.45,1.45,850,0
SNW,60,20240805,170000,1.45,1.48,1.45,1.48,2353,0
SNW,60,20240806,110000,1.48,1.5,1.48,1.5,2586,0
SNW,60,20240806,120000,1.485,1.485,1.455,1.455,8134,0
SNW,60,20240806,130000,1.5,1.5,1.5,1.5,2250,0
SNW,60,20240806,150000,1.475,1.475,1.455,1.455,303,0
SNW,60,20240806,160000,1.46,1.46,1.45,1.45,9353,0
SNW,60,20240806,170000,1.45,1.465,1.44,1.465,3844,0
SNW,60,20240807,100000,1.48,1.48,1.42,1.46,15904,0
SNW,60,20240807,120000,1.46,1.46,1.46,1.46,20,0
SNW,60,20240807,130000,1.43,1.43,1.425,1.425,400,0
SNW,60,20240807,140000,1.425,1.425,1.41,1.41,3627,0
SNW,60,20240807,150000,1.42,1.455,1.41,1.455,3184,0
SNW,60,20240807,160000,1.415,1.415,1.415,1.415,2078,0
SNW,60,20240808,100000,1.43,1.43,1.415,1.415,4343,0
SNW,60,20240808,110000,1.405,1.405,1.4,1.4,4068,0
SNW,60,20240808,120000,1.4,1.405,1.385,1.405,4866,0
SNW,60,20240808,130000,1.405,1.405,1.405,1.405,570,0
SNW,60,20240808,160000,1.41,1.41,1.41,1.41,101,0
SNW,60,20240808,170000,1.43,1.43,1.43,1.43,10,0
SNW,60,20240809,100000,1.44,1.45,1.44,1.45,18,0
SNW,60,20240809,110000,1.45,1.45,1.45,1.45,453,0
SNW,60,20240809,120000,1.45,1.475,1.45,1.475,1582,0
SNW,60,20240809,150000,1.47,1.475,1.47,1.475,15,0
SNW,60,20240809,160000,1.45,1.45,1.45,1.45,2700,0
SNW,60,20240809,170000,1.445,1.48,1.42,1.48,2533,0
SNW,60,20240812,100000,1.47,1.47,1.47,1.47,700,0
SNW,60,20240812,120000,1.445,1.45,1.43,1.45,10717,0
SNW,60,20240812,160000,1.455,1.455,1.455,1.455,3402,0
SNW,60,20240812,170000,1.455,1.49,1.43,1.49,1609,0
SNW,60,20240813,100000,1.49,1.53,1.49,1.53,12927,0
SNW,60,20240813,110000,1.53,1.53,1.53,1.53,110,0
SNW,60,20240813,120000,1.53,1.53,1.53,1.53,90,0
SNW,60,20240813,150000,1.505,1.505,1.49,1.49,296,0
SNW,60,20240814,100000,1.455,1.5,1.445,1.495,527,0
SNW,60,20240814,130000,1.49,1.49,1.49,1.49,480,0
SNW,60,20240814,140000,1.49,1.54,1.49,1.54,6716,0
SNW,60,20240814,150000,1.535,1.535,1.535,1.535,525,0
SNW,60,20240814,160000,1.53,1.53,1.53,1.53,80,0
SNW,60,20240816,100000,1.525,1.525,1.525,1.525,7,0
SNW,60,20240816,110000,1.525,1.525,1.525,1.525,222,0
SNW,60,20240816,120000,1.535,1.535,1.535,1.535,100,0
SNW,60,20240816,170000,1.53,1.615,1.53,1.6,13401,0
SNW,60,20240819,100000,1.56,1.56,1.56,1.56,1000,0
SNW,60,20240819,110000,1.555,1.59,1.555,1.59,1440,0
SNW,60,20240819,130000,1.56,1.56,1.555,1.555,115,0
SNW,60,20240819,140000,1.575,1.59,1.575,1.59,200,0
SNW,60,20240820,100000,1.56,1.56,1.555,1.555,253,0
SNW,60,20240820,110000,1.56,1.56,1.55,1.55,58,0
SNW,60,20240820,120000,1.5,1.55,1.5,1.52,11324,0
SNW,60,20240820,150000,1.57,1.57,1.57,1.57,10000,0
SNW,60,20240821,110000,1.57,1.57,1.57,1.57,1175,0
SNW,60,20240821,120000,1.515,1.515,1.5,1.5,4965,0
SNW,60,20240821,130000,1.555,1.555,1.555,1.555,7,0
SNW,60,20240821,150000,1.555,1.56,1.555,1.56,186,0
SNW,60,20240822,100000,1.535,1.57,1.535,1.57,5493,0
SNW,60,20240822,110000,1.575,1.575,1.575,1.575,2500,0
SNW,60,20240822,120000,1.58,1.58,1.57,1.57,2600,0
SNW,60,20240822,130000,1.58,1.58,1.58,1.58,4655,0
SNW,60,20240822,140000,1.575,1.575,1.575,1.575,48,0
SNW,60,20240822,160000,1.58,1.685,1.58,1.685,27271,0
SNW,60,20240822,170000,1.69,1.725,1.65,1.7,42563,0
SNW,60,20240823,100000,1.7,1.76,1.7,1.73,35974,0
SNW,60,20240823,110000,1.72,1.72,1.67,1.7,8602,0
SNW,60,20240823,120000,1.665,1.695,1.66,1.695,506,0
SNW,60,20240823,130000,1.66,1.69,1.645,1.69,2804,0
SNW,60,20240823,140000,1.685,1.685,1.685,1.685,600,0
SNW,60,20240823,170000,1.685,1.74,1.685,1.74,1818,0
SNW,60,20240826,100000,1.665,1.67,1.665,1.67,440,0
SNW,60,20240826,110000,1.695,1.695,1.665,1.665,1470,0
SNW,60,20240826,130000,1.725,1.73,1.72,1.72,400,0
SNW,60,20240826,140000,1.715,1.715,1.705,1.705,203,0
SNW,60,20240826,160000,1.705,1.705,1.7,1.7,197,0
SNW,60,20240826,170000,1.705,1.735,1.705,1.735,662,0
SNW,60,20240827,100000,1.73,1.73,1.715,1.715,300,0
SNW,60,20240827,140000,1.715,1.72,1.715,1.72,40,0
SNW,60,20240827,150000,1.715,1.715,1.71,1.71,78,0
SNW,60,20240827,170000,1.705,1.705,1.7,1.7,100,0
SNW,60,20240828,130000,1.71,1.71,1.68,1.7,1162,0
SNW,60,20240828,170000,1.695,1.7,1.695,1.7,870,0
SNW,60,20240829,100000,1.675,1.675,1.675,1.675,27,0
SNW,60,20240829,110000,1.675,1.675,1.635,1.635,2125,0
SNW,60,20240829,120000,1.65,1.65,1.63,1.63,3500,0
SNW,60,20240829,130000,1.65,1.65,1.65,1.65,2386,0
SNW,60,20240829,140000,1.65,1.69,1.65,1.69,314,0
SNW,60,20240829,170000,1.64,1.68,1.635,1.68,838,0
SNW,60,20240830,140000,1.645,1.645,1.645,1.645,188,0
SNW,60,20240830,160000,1.665,1.72,1.665,1.72,10482,0
SNW,60,20240830,170000,1.73,1.73,1.71,1.71,342,0
SNW,60,20240902,110000,1.71,1.71,1.71,1.71,400,0
SNW,60,20240902,120000,1.69,1.69,1.68,1.68,704,0
SNW,60,20240902,130000,1.68,1.72,1.68,1.72,14255,0
SNW,60,20240902,140000,1.72,1.72,1.72,1.72,41,0
SNW,60,20240902,160000,1.68,1.715,1.68,1.715,410,0
SNW,60,20240903,110000,1.67,1.715,1.64,1.715,738,0
SNW,60,20240903,140000,1.715,1.72,1.715,1.72,4215,0
SNW,60,20240903,150000,1.72,1.72,1.72,1.72,71,0
SNW,60,20240903,170000,1.65,1.725,1.65,1.65,1623,0
SNW,60,20240904,100000,1.725,1.725,1.64,1.64,198,0
SNW,60,20240904,110000,1.69,1.72,1.69,1.72,1010,0
SNW,60,20240904,130000,1.68,1.68,1.68,1.68,383,0
SNW,60,20240904,140000,1.68,1.68,1.68,1.68,617,0
SNW,60,20240904,150000,1.655,1.655,1.655,1.655,49,0
SNW,60,20240904,160000,1.68,1.68,1.68,1.68,223,0
SNW,60,20240905,100000,1.68,1.68,1.68,1.68,500,0
SNW,60,20240905,120000,1.69,1.69,1.665,1.665,5156,0
SNW,60,20240905,130000,1.71,1.71,1.71,1.71,2,0
SNW,60,20240905,170000,1.705,1.705,1.705,1.705,8600,0
SNW,60,20240906,100000,1.705,1.705,1.705,1.705,9900,0
SNW,60,20240906,110000,1.7,1.7,1.675,1.675,4000,0
SNW,60,20240906,160000,1.675,1.675,1.675,1.675,50,0
SNW,60,20240909,100000,1.67,1.67,1.67,1.67,900,0
SNW,60,20240909,110000,1.68,1.68,1.68,1.68,2000,0
SNW,60,20240909,120000,1.695,1.7,1.695,1.7,853,0
SNW,60,20240909,130000,1.7,1.7,1.7,1.7,1300,0
SNW,60,20240909,160000,1.675,1.675,1.675,1.675,6,0
SNW,60,20240909,170000,1.67,1.67,1.65,1.65,331,0
SNW,60,20240910,110000,1.67,1.7,1.67,1.7,1780,0
SNW,60,20240910,170000,1.66,1.675,1.66,1.675,65,0
SNW,60,20240911,130000,1.675,1.675,1.675,1.675,298,0
SNW,60,20240911,150000,1.625,1.625,1.61,1.61,5662,0
SNW,60,20240911,160000,1.61,1.64,1.61,1.64,2010,0
SNW,60,20240911,170000,1.64,1.64,1.64,1.64,20,0
SNW,60,20240912,120000,1.635,1.635,1.635,1.635,640,0
SNW,60,20240912,130000,1.605,1.605,1.605,1.605,484,0
SNW,60,20240912,150000,1.63,1.63,1.63,1.63,8,0
SNW,60,20240912,160000,1.63,1.63,1.63,1.63,992,0
SNW,60,20240913,150000,1.62,1.62,1.6,1.6,3760,0
SNW,60,20240913,160000,1.6,1.63,1.595,1.63,2821,0
SNW,60,20240913,170000,1.63,1.63,1.63,1.63,10,0
SNW,60,20240916,100000,1.6,1.6,1.6,1.6,400,0
SNW,60,20240916,120000,1.63,1.64,1.63,1.64,18,0
SNW,60,20240916,130000,1.64,1.655,1.64,1.655,1634,0
SNW,60,20240917,100000,1.62,1.62,1.62,1.62,11,0
SNW,60,20240917,110000,1.62,1.64,1.605,1.64,4859,0
SNW,60,20240917,120000,1.64,1.64,1.64,1.64,1000,0
SNW,60,20240917,140000,1.61,1.61,1.61,1.61,1995,0
SNW,60,20240917,170000,1.62,1.645,1.62,1.645,1007,0
SNW,60,20240918,100000,1.625,1.625,1.615,1.62,1620,0
SNW,60,20240918,110000,1.615,1.615,1.61,1.61,1049,0
SNW,60,20240918,120000,1.64,1.64,1.64,1.64,4,0
SNW,60,20240918,130000,1.64,1.67,1.64,1.67,7248,0
SNW,60,20240918,160000,1.65,1.66,1.65,1.66,378,0
SNW,60,20240918,170000,1.655,1.66,1.655,1.66,1428,0
SNW,60,20240919,100000,1.66,1.66,1.63,1.63,1422,0
SNW,60,20240919,110000,1.64,1.66,1.64,1.66,2202,0
SNW,60,20240919,120000,1.63,1.63,1.575,1.62,2656,0
SNW,60,20240919,140000,1.615,1.62,1.615,1.62,1569,0
SNW,60,20240919,170000,1.6,1.62,1.6,1.605,1744,0
SNW,60,20240920,120000,1.62,1.645,1.62,1.645,1607,0
SNW,60,20240920,130000,1.645,1.645,1.64,1.64,255,0
SNW,60,20240923,100000,1.64,1.64,1.64,1.64,997,0
SNW,60,20240923,110000,1.64,1.64,1.64,1.64,5003,0
SNW,60,20240923,130000,1.65,1.65,1.65,1.65,2646,0
SNW,60,20240923,170000,1.625,1.625,1.615,1.615,1136,0
SNW,60,20240924,100000,1.645,1.645,1.645,1.645,60,0
SNW,60,20240924,110000,1.61,1.645,1.61,1.645,2035,0
SNW,60,20240924,120000,1.61,1.61,1.6,1.6,1500,0
SNW,60,20240924,130000,1.59,1.59,1.575,1.575,2217,0
SNW,60,20240924,150000,1.61,1.61,1.61,1.61,25,0
SNW,60,20240925,100000,1.61,1.61,1.61,1.61,764,0
SNW,60,20240925,110000,1.59,1.59,1.585,1.585,2000,0
SNW,60,20240925,120000,1.615,1.615,1.615,1.615,60,0
SNW,60,20240926,100000,1.615,1.615,1.615,1.615,20,0
SNW,60,20240926,130000,1.61,1.615,1.61,1.615,850,0
SNW,60,20240926,140000,1.6,1.6,1.57,1.58,2900,0
SNW,60,20240926,150000,1.6,1.6,1.6,1.6,492,0
SNW,60,20240926,160000,1.6,1.6,1.6,1.6,387,0
SNW,60,20240926,170000,1.6,1.6,1.6,1.6,900,0
SNW,60,20240927,100000,1.575,1.575,1.575,1.575,1300,0
SNW,60,20240927,140000,1.575,1.6,1.575,1.6,1200,0
SNW,60,20240927,150000,1.6,1.6,1.6,1.6,34,0
SNW,60,20240927,170000,1.58,1.58,1.57,1.57,1152,0
SNW,60,20240930,100000,1.565,1.6,1.55,1.575,13320,0
SNW,60,20240930,110000,1.56,1.56,1.56,1.56,250,0
SNW,60,20240930,140000,1.56,1.56,1.56,1.56,760,0
SNW,60,20240930,150000,1.58,1.58,1.58,1.58,103,0
SNW,60,20240930,160000,1.58,1.585,1.58,1.585,1000,0
SNW,60,20241001,100000,1.56,1.585,1.56,1.585,7304,0
SNW,60,20241001,120000,1.56,1.56,1.55,1.55,5090,0
SNW,60,20241002,100000,1.57,1.57,1.57,1.57,398,0
SNW,60,20241002,120000,1.56,1.56,1.56,1.56,1340,0
SNW,60,20241002,150000,1.555,1.555,1.555,1.555,25,0
SNW,60,20241003,110000,1.555,1.555,1.54,1.54,4490,0
SNW,60,20241003,150000,1.53,1.53,1.53,1.53,507,0
SNW,60,20241003,160000,1.53,1.53,1.53,1.53,518,0
SNW,60,20241004,100000,1.54,1.54,1.54,1.54,707,0
SNW,60,20241004,110000,1.55,1.555,1.55,1.555,1000,0
SNW,60,20241004,120000,1.55,1.55,1.55,1.55,73,0
SNW,60,20241004,130000,1.525,1.55,1.525,1.55,1909,0
SNW,60,20241004,140000,1.55,1.55,1.53,1.53,92,0
SNW,60,20241004,150000,1.53,1.53,1.53,1.53,9,0
SNW,60,20241004,170000,1.55,1.555,1.55,1.555,3,0
SNW,60,20241007,110000,1.555,1.555,1.555,1.555,250,0
SNW,60,20241008,100000,1.54,1.54,1.54,1.54,1200,0
SNW,60,20241008,110000,1.54,1.54,1.54,1.54,30,0
SNW,60,20241008,120000,1.54,1.545,1.46,1.545,12439,0
SNW,60,20241008,170000,1.48,1.53,1.47,1.53,1208,0
SNW,60,20241009,100000,1.53,1.53,1.53,1.53,60,0
SNW,60,20241009,130000,1.5,1.5,1.5,1.5,300,0
SNW,60,20241009,140000,1.5,1.5,1.5,1.5,1200,0
SNW,60,20241009,170000,1.53,1.53,1.53,1.53,33,0
SNW,60,20241010,120000,1.5,1.5,1.5,1.5,200,0
SNW,60,20241010,130000,1.5,1.5,1.5,1.5,110,0
SNW,60,20241010,150000,1.495,1.495,1.495,1.495,5,0
SNW,60,20241010,170000,1.5,1.53,1.49,1.53,1865,0
SNW,60,20241011,100000,1.49,1.49,1.49,1.49,1288,0
SNW,60,20241011,110000,1.47,1.47,1.47,1.47,1038,0
SNW,60,20241011,130000,1.475,1.505,1.475,1.505,810,0
SNW,60,20241011,140000,1.505,1.505,1.505,1.505,1000,0
SNW,60,20241011,160000,1.485,1.485,1.485,1.485,1220,0
SNW,60,20241011,170000,1.505,1.51,1.505,1.51,100,0
SNW,60,20241014,110000,1.515,1.54,1.515,1.54,2585,0
SNW,60,20241014,120000,1.505,1.505,1.505,1.505,400,0
SNW,60,20241014,130000,1.535,1.54,1.535,1.54,118,0
SNW,60,20241014,170000,1.51,1.51,1.51,1.51,107,0
SNW,60,20241015,110000,1.505,1.505,1.505,1.505,644,0
SNW,60,20241015,120000,1.51,1.51,1.51,1.51,1500,0
SNW,60,20241015,140000,1.5,1.5,1.485,1.485,892,0
SNW,60,20241015,150000,1.5,1.5,1.5,1.5,1302,0
SNW,60,20241015,170000,1.49,1.49,1.49,1.49,36,0
SNW,60,20241016,100000,1.505,1.505,1.505,1.505,500,0
SNW,60,20241016,130000,1.53,1.535,1.49,1.49,2149,0
SNW,60,20241016,140000,1.5,1.5,1.5,1.5,2000,0
SNW,60,20241016,150000,1.5,1.5,1.5,1.5,1157,0
SNW,60,20241016,170000,1.52,1.53,1.49,1.53,1352,0
SNW,60,20241017,100000,1.5,1.5,1.5,1.5,1000,0
SNW,60,20241017,110000,1.51,1.51,1.49,1.49,848,0
SNW,60,20241017,140000,1.5,1.5,1.5,1.5,15,0
SNW,60,20241017,150000,1.49,1.49,1.49,1.49,1233,0
SNW,60,20241018,100000,1.49,1.49,1.49,1.49,210,0
SNW,60,20241018,130000,1.5,1.5,1.5,1.5,749,0
SNW,60,20241018,150000,1.52,1.525,1.52,1.525,251,0
SNW,60,20241018,160000,1.5,1.505,1.5,1.5,1578,0
SNW,60,20241018,170000,1.5,1.52,1.5,1.52,1294,0
SNW,60,20241021,130000,1.525,1.525,1.525,1.525,78,0
SNW,60,20241021,140000,1.505,1.505,1.505,1.505,680,0
SNW,60,20241022,100000,1.505,1.505,1.505,1.505,1270,0
SNW,60,20241022,120000,1.505,1.505,1.505,1.505,1000,0
SNW,60,20241022,130000,1.5,1.5,1.5,1.5,1200,0
SNW,60,20241022,140000,1.5,1.5,1.5,1.5,1350,0
SNW,60,20241022,150000,1.5,1.5,1.5,1.5,1002,0
SNW,60,20241022,170000,1.485,1.505,1.485,1.505,19,0
SNW,60,20241023,120000,1.505,1.505,1.505,1.505,100,0
SNW,60,20241023,130000,1.505,1.505,1.505,1.505,520,0
SNW,60,20241023,140000,1.505,1.505,1.505,1.505,180,0
SNW,60,20241023,160000,1.52,1.52,1.52,1.52,190,0
SNW,60,20241023,170000,1.52,1.52,1.52,1.52,80,0
SNW,60,20241024,100000,1.525,1.53,1.525,1.53,915,0
SNW,60,20241024,140000,1.525,1.53,1.525,1.53,10,0
SNW,60,20241024,150000,1.515,1.515,1.51,1.51,1000,0
SNW,60,20241024,160000,1.51,1.51,1.505,1.505,800,0
SNW,60,20241024,170000,1.525,1.525,1.525,1.525,700,0
SNW,60,20241025,120000,1.505,1.505,1.5,1.5,5009,0
SNW,60,20241025,160000,1.49,1.49,1.485,1.485,3030,0
SNW,60,20241025,170000,1.48,1.505,1.48,1.505,2796,0
SNW,60,20241028,100000,1.48,1.48,1.48,1.48,1000,0
SNW,60,20241028,120000,1.485,1.485,1.485,1.485,217,0
SNW,60,20241028,150000,1.51,1.51,1.51,1.51,120,0
SNW,60,20241029,110000,1.51,1.51,1.51,1.51,200,0
SNW,60,20241029,120000,1.515,1.53,1.515,1.53,1235,0
SNW,60,20241029,160000,1.52,1.52,1.52,1.52,400,0
SNW,60,20241029,170000,1.49,1.53,1.49,1.53,620,0
SNW,60,20241030,150000,1.52,1.52,1.52,1.52,10,0
SNW,60,20241031,100000,1.495,1.51,1.49,1.51,510,0
SNW,60,20241031,170000,1.51,1.525,1.51,1.525,550,0
SNW,60,20241104,110000,1.525,1.525,1.525,1.525,100,0
SNW,60,20241104,120000,1.525,1.525,1.525,1.525,156,0
SNW,60,20241105,100000,1.525,1.525,1.525,1.525,112,0
SNW,60,20241105,110000,1.525,1.525,1.525,1.525,30,0
SNW,60,20241105,120000,1.52,1.525,1.52,1.525,45,0
SNW,60,20241105,150000,1.505,1.505,1.5,1.5,1081,0
SNW,60,20241106,100000,1.515,1.515,1.515,1.515,71,0
SNW,60,20241106,110000,1.5,1.5,1.495,1.495,2134,0
SNW,60,20241106,120000,1.5,1.5,1.5,1.5,1410,0
SNW,60,20241106,160000,1.495,1.495,1.48,1.48,4000,0
SNW,60,20241106,170000,1.49,1.49,1.49,1.49,120,0
SNW,60,20241107,120000,1.48,1.48,1.48,1.48,30,0
SNW,60,20241107,130000,1.5,1.5,1.5,1.5,68,0
SNW,60,20241107,150000,1.5,1.5,1.48,1.48,1000,0
SNW,60,20241107,170000,1.495,1.495,1.495,1.495,2087,0
SNW,60,20241108,130000,1.495,1.495,1.495,1.495,913,0
SNW,60,20241108,150000,1.5,1.5,1.5,1.5,2008,0
SNW,60,20241108,160000,1.49,1.49,1.49,1.49,2007,0
SNW,60,20241112,100000,1.485,1.515,1.485,1.515,1565,0
SNW,60,20241112,110000,1.515,1.52,1.5,1.5,3628,0
SNW,60,20241112,120000,1.51,1.52,1.505,1.52,10006,0
SNW,60,20241112,130000,1.52,1.52,1.5,1.5,416,0
SNW,60,20241112,140000,1.53,1.53,1.53,1.53,1633,0
SNW,60,20241112,150000,1.505,1.505,1.505,1.505,450,0
SNW,60,20241112,160000,1.505,1.505,1.505,1.505,2000,0
SNW,60,20241112,170000,1.53,1.53,1.53,1.53,100,0
SNW,60,20241113,110000,1.51,1.51,1.51,1.51,1455,0
SNW,60,20241113,130000,1.515,1.515,1.515,1.515,250,0
SNW,60,20241113,160000,1.51,1.51,1.51,1.51,1008,0
SNW,60,20241113,170000,1.495,1.51,1.49,1.51,7532,0
SNW,60,20241114,110000,1.51,1.51,1.51,1.51,19,0
SNW,60,20241114,140000,1.495,1.51,1.485,1.51,567,0
SNW,60,20241114,170000,1.475,1.475,1.47,1.47,3022,0
SNW,60,20241115,160000,1.485,1.485,1.455,1.455,8864,0
SNW,60,20241115,170000,1.49,1.49,1.49,1.49,8,0
SNW,60,20241118,110000,1.49,1.49,1.49,1.49,7,0
SNW,60,20241118,120000,1.455,1.49,1.455,1.49,1364,0
SNW,60,20241118,130000,1.455,1.455,1.455,1.455,1,0
SNW,60,20241118,140000,1.455,1.49,1.45,1.49,2738,0
SNW,60,20241119,110000,1.455,1.455,1.41,1.41,12693,0
SNW,60,20241119,120000,1.41,1.41,1.41,1.41,1001,0
SNW,60,20241119,130000,1.47,1.47,1.44,1.44,520,0
SNW,60,20241119,150000,1.44,1.49,1.44,1.49,3276,0
SNW,60,20241119,170000,1.49,1.495,1.49,1.495,1366,0
SNW,60,20241120,100000,1.455,1.58,1.45,1.58,22186,0
SNW,60,20241120,110000,1.575,1.58,1.575,1.58,1600,0
SNW,60,20241120,150000,1.52,1.52,1.51,1.51,46,0
SNW,60,20241120,160000,1.56,1.56,1.56,1.56,22,0
SNW,60,20241121,100000,1.52,1.52,1.48,1.52,5010,0
SNW,60,20241121,110000,1.48,1.48,1.475,1.475,2681,0
SNW,60,20241121,130000,1.47,1.475,1.47,1.475,2444,0
SNW,60,20241121,150000,1.485,1.505,1.475,1.505,1552,0
SNW,60,20241121,160000,1.51,1.51,1.51,1.51,110,0
SNW,60,20241121,170000,1.51,1.515,1.51,1.515,300,0
SNW,60,20241122,100000,1.5,1.5,1.495,1.495,1016,0
SNW,60,20241122,110000,1.5,1.5,1.5,1.5,14,0
SNW,60,20241122,120000,1.505,1.505,1.505,1.505,2000,0
SNW,60,20241122,130000,1.495,1.495,1.35,1.385,143936,0
SNW,60,20241122,140000,1.38,1.44,1.37,1.395,42044,0
SNW,60,20241122,150000,1.4,1.41,1.385,1.39,10527,0
SNW,60,20241122,160000,1.4,1.42,1.385,1.385,3346,0
SNW,60,20241122,170000,1.4,1.4,1.35,1.395,21186,0
SNW,60,20241125,100000,1.39,1.395,1.39,1.395,1195,0
SNW,60,20241125,120000,1.42,1.43,1.415,1.43,5305,0
SNW,60,20241125,130000,1.41,1.41,1.41,1.41,1803,0
SNW,60,20241126,100000,1.395,1.395,1.395,1.395,300,0
SNW,60,20241126,110000,1.415,1.44,1.415,1.44,10483,0
SNW,60,20241126,120000,1.445,1.445,1.445,1.445,330,0
SNW,60,20241126,130000,1.425,1.425,1.425,1.425,2250,0
SNW,60,20241126,150000,1.435,1.445,1.435,1.445,4053,0
SNW,60,20241126,160000,1.45,1.485,1.45,1.485,4000,0
SNW,60,20241126,170000,1.475,1.485,1.475,1.485,2070,0
SNW,60,20241127,100000,1.48,1.485,1.48,1.485,2400,0
SNW,60,20241127,110000,1.44,1.49,1.415,1.49,37274,0
SNW,60,20241129,100000,1.41,1.48,1.41,1.48,9681,0
SNW,60,20241129,110000,1.42,1.42,1.415,1.415,1005,0
SNW,60,20241129,120000,1.445,1.445,1.445,1.445,65,0
SNW,60,20241129,130000,1.455,1.455,1.455,1.455,60,0
SNW,60,20241129,150000,1.455,1.46,1.455,1.455,2851,0
SNW,60,20241129,160000,1.455,1.455,1.455,1.455,409,0
SNW,60,20241202,100000,1.455,1.455,1.455,1.455,1757,0
SNW,60,20241202,120000,1.435,1.435,1.435,1.435,1500,0
SNW,60,20241202,140000,1.435,1.435,1.405,1.435,1240,0
SNW,60,20241202,150000,1.42,1.42,1.42,1.42,333,0
SNW,60,20241202,160000,1.42,1.42,1.42,1.42,334,0
SNW,60,20241202,170000,1.44,1.44,1.44,1.44,17,0
SNW,60,20241203,100000,1.42,1.42,1.42,1.42,18,0
SNW,60,20241203,120000,1.41,1.41,1.4,1.4,3033,0
SNW,60,20241203,130000,1.395,1.4,1.395,1.395,19750,0
SNW,60,20241203,140000,1.395,1.395,1.355,1.355,14706,0
SNW,60,20241203,150000,1.36,1.39,1.355,1.355,7979,0
SNW,60,20241203,160000,1.39,1.39,1.35,1.39,16160,0
SNW,60,20241204,100000,1.375,1.375,1.365,1.375,11570,0
SNW,60,20241204,110000,1.375,1.375,1.375,1.375,1013,0
SNW,60,20241204,130000,1.375,1.375,1.375,1.375,987,0
SNW,60,20241204,140000,1.38,1.38,1.38,1.38,4500,0
SNW,60,20241204,150000,1.39,1.4,1.39,1.4,958,0
SNW,60,20241204,160000,1.38,1.38,1.355,1.355,1234,0
SNW,60,20241204,170000,1.395,1.395,1.395,1.395,10,0
SNW,60,20241205,100000,1.39,1.395,1.36,1.395,3407,0
SNW,60,20241205,130000,1.38,1.405,1.355,1.405,5473,0
SNW,60,20241205,160000,1.36,1.39,1.33,1.39,11666,0
SNW,60,20241205,170000,1.365,1.395,1.34,1.395,6892,0
SNW,60,20241206,100000,1.39,1.39,1.39,1.39,1000,0
SNW,60,20241206,110000,1.375,1.375,1.35,1.35,3000,0
SNW,60,20241206,120000,1.35,1.35,1.35,1.35,800,0
SNW,60,20241206,130000,1.375,1.38,1.375,1.38,2833,0
SNW,60,20241206,160000,1.365,1.38,1.365,1.38,13000,0
SNW,60,20241206,170000,1.365,1.365,1.365,1.365,5600,0
SNW,60,20241209,100000,1.365,1.365,1.335,1.345,39534,0
SNW,60,20241209,110000,1.34,1.345,1.34,1.345,5100,0
SNW,60,20241209,120000,1.345,1.36,1.34,1.36,51652,0
SNW,60,20241209,130000,1.36,1.365,1.36,1.365,4000,0
SNW,60,20241209,160000,1.345,1.345,1.34,1.345,1000,0
SNW,60,20241209,170000,1.36,1.36,1.34,1.34,8731,0
SNW,60,20241210,100000,1.34,1.345,1.34,1.345,2133,0
SNW,60,20241210,110000,1.35,1.36,1.35,1.36,995,0
SNW,60,20241210,140000,1.345,1.345,1.345,1.345,320,0
SNW,60,20241210,170000,1.345,1.345,1.34,1.34,7700,0
SNW,60,20241211,100000,1.34,1.34,1.34,1.34,1000,0
SNW,60,20241211,110000,1.34,1.34,1.34,1.34,10675,0
SNW,60,20241211,140000,1.335,1.335,1.335,1.335,1,0
SNW,60,20241211,160000,1.335,1.335,1.335,1.335,7,0
SNW,60,20241211,170000,1.33,1.33,1.31,1.31,1009,0
SNW,60,20241212,100000,1.31,1.325,1.31,1.325,3251,0
SNW,60,20241212,110000,1.32,1.32,1.32,1.32,3167,0
SNW,60,20241212,130000,1.32,1.32,1.32,1.32,587,0
SNW,60,20241212,140000,1.32,1.32,1.32,1.32,537,0
SNW,60,20241212,160000,1.32,1.32,1.31,1.31,5956,0
SNW,60,20241213,100000,1.3,1.3,1.27,1.28,5940,0
SNW,60,20241213,110000,1.285,1.285,1.25,1.255,13696,0
SNW,60,20241213,120000,1.26,1.28,1.26,1.28,964,0
SNW,60,20241213,140000,1.285,1.29,1.285,1.29,2000,0
SNW,60,20241213,160000,1.26,1.26,1.26,1.26,2060,0
SNW,60,20241213,170000,1.29,1.29,1.29,1.29,10,0
SNW,60,20241216,100000,1.26,1.275,1.25,1.275,2424,0
SNW,60,20241216,110000,1.26,1.27,1.26,1.26,12600,0
SNW,60,20241216,120000,1.265,1.265,1.265,1.265,150,0
SNW,60,20241216,130000,1.265,1.27,1.26,1.265,10631,0
SNW,60,20241216,160000,1.26,1.26,1.26,1.26,2699,0
SNW,60,20241216,170000,1.255,1.265,1.255,1.265,1477,0
SNW,60,20241217,100000,1.26,1.26,1.26,1.26,110,0
SNW,60,20241217,110000,1.255,1.255,1.255,1.255,500,0
SNW,60,20241217,120000,1.255,1.255,1.255,1.255,723,0
SNW,60,20241217,130000,1.25,1.26,1.245,1.26,12190,0
SNW,60,20241217,150000,1.24,1.24,1.24,1.24,667,0
SNW,60,20241217,160000,1.24,1.24,1.235,1.235,2110,0
SNW,60,20241217,170000,1.235,1.235,1.23,1.23,1800,0
SNW,60,20241218,100000,1.23,1.23,1.23,1.23,1140,0
SNW,60,20241218,110000,1.24,1.27,1.23,1.23,15485,0
SNW,60,20241218,120000,1.27,1.27,1.27,1.27,400,0
SNW,60,20241218,130000,1.25,1.25,1.25,1.25,1690,0
SNW,60,20241218,140000,1.25,1.25,1.24,1.24,1230,0
SNW,60,20241218,150000,1.27,1.27,1.24,1.24,443,0
SNW,60,20241218,170000,1.26,1.285,1.26,1.285,7000,0
SNW,60,20241219,100000,1.225,1.24,1.225,1.235,7942,0
SNW,60,20241219,110000,1.26,1.27,1.26,1.27,2000,0
SNW,60,20241219,120000,1.26,1.26,1.26,1.26,624,0
SNW,60,20241219,130000,1.27,1.27,1.27,1.27,100,0
SNW,60,20241219,150000,1.245,1.245,1.24,1.24,4663,0
SNW,60,20241219,160000,1.24,1.26,1.24,1.26,2010,0
SNW,60,20241219,170000,1.25,1.25,1.25,1.25,100,0
SNW,60,20241220,100000,1.23,1.24,1.23,1.24,6014,0
SNW,60,20241220,110000,1.23,1.24,1.22,1.22,8752,0
SNW,60,20241220,120000,1.235,1.235,1.235,1.235,4000,0
SNW,60,20241220,140000,1.225,1.24,1.22,1.24,4003,0
SNW,60,20241220,150000,1.22,1.22,1.22,1.22,1000,0
SNW,60,20241220,160000,1.23,1.23,1.23,1.23,1950,0
SNW,60,20241220,170000,1.23,1.23,1.225,1.225,1000,0
SNW,60,20241223,100000,1.22,1.22,1.2,1.2,16986,0
SNW,60,20241223,110000,1.185,1.215,1.17,1.215,15327,0
SNW,60,20241223,120000,1.215,1.215,1.2,1.2,1349,0
SNW,60,20241223,130000,1.185,1.2,1.185,1.2,10197,0
SNW,60,20241223,140000,1.185,1.19,1.175,1.175,14059,0
SNW,60,20241223,150000,1.175,1.185,1.17,1.17,6539,0
SNW,60,20241223,160000,1.17,1.18,1.17,1.18,4954,0
SNW,60,20241223,170000,1.18,1.195,1.17,1.18,14146,0
SNW,60,20241227,120000,1.17,1.17,1.17,1.17,1620,0
SNW,60,20241227,130000,1.17,1.17,1.17,1.17,10023,0
SNW,60,20241227,140000,1.2,1.21,1.185,1.21,3970,0
SNW,60,20241227,160000,1.195,1.205,1.19,1.19,3859,0
SNW,60,20241227,170000,1.195,1.195,1.195,1.195,1010,0
SNW,60,20241230,100000,1.2,1.2,1.2,1.2,3231,0
SNW,60,20241230,110000,1.2,1.2,1.2,1.2,1769,0
SNW,60,20241230,120000,1.2,1.2,1.19,1.19,1873,0
SNW,60,20241230,130000,1.2,1.22,1.195,1.22,4254,0
SNW,60,20241230,150000,1.215,1.275,1.215,1.275,1730,0
SNW,60,20250102,100000,1.275,1.295,1.275,1.29,10000,0
SNW,60,20250102,130000,1.285,1.29,1.285,1.29,498,0
SNW,60,20250102,140000,1.285,1.285,1.285,1.285,8,0
SNW,60,20250102,160000,1.28,1.34,1.28,1.34,5057,0
SNW,60,20250102,170000,1.335,1.395,1.335,1.39,4825,0
SNW,60,20250103,100000,1.385,1.5,1.385,1.4,12019,0
SNW,60,20250103,110000,1.39,1.46,1.39,1.455,4744,0
SNW,60,20250103,120000,1.455,1.455,1.4,1.4,4114,0
SNW,60,20250103,130000,1.395,1.435,1.395,1.4,2588,0
SNW,60,20250103,140000,1.4,1.4,1.4,1.4,1610,0
SNW,60,20250103,150000,1.39,1.39,1.38,1.38,2026,0
SNW,60,20250103,160000,1.415,1.42,1.415,1.42,1524,0
SNW,60,20250103,170000,1.42,1.425,1.42,1.425,139,0
SNW,60,20250107,100000,1.425,1.425,1.395,1.395,3262,0
SNW,60,20250107,110000,1.41,1.41,1.41,1.41,100,0
SNW,60,20250107,120000,1.41,1.41,1.41,1.41,68,0
SNW,60,20250107,130000,1.39,1.39,1.385,1.385,2000,0
SNW,60,20250107,160000,1.395,1.395,1.39,1.39,1427,0
SNW,60,20250107,170000,1.39,1.41,1.39,1.41,315,0
SNW,60,20250108,110000,1.41,1.415,1.41,1.415,817,0
SNW,60,20250108,130000,1.385,1.4,1.385,1.4,520,0
SNW,60,20250108,150000,1.4,1.4,1.4,1.4,640,0
SNW,60,20250108,170000,1.41,1.41,1.41,1.41,50,0
SNW,60,20250109,100000,1.415,1.415,1.415,1.415,61,0
SNW,60,20250109,110000,1.39,1.39,1.38,1.38,6814,0
SNW,60,20250109,120000,1.395,1.395,1.395,1.395,1899,0
SNW,60,20250109,130000,1.395,1.395,1.395,1.395,1000,0
SNW,60,20250109,150000,1.375,1.375,1.37,1.37,3584,0
SNW,60,20250109,160000,1.365,1.395,1.355,1.395,1382,0
SNW,60,20250110,100000,1.36,1.36,1.35,1.35,3175,0
SNW,60,20250110,110000,1.35,1.35,1.35,1.35,605,0
SNW,60,20250110,120000,1.365,1.365,1.365,1.365,2000,0
SNW,60,20250110,130000,1.385,1.385,1.385,1.385,100,0
SNW,60,20250110,150000,1.355,1.355,1.355,1.355,23,0
SNW,60,20250110,160000,1.38,1.38,1.38,1.38,21,0
SNW,60,20250113,100000,1.38,1.38,1.38,1.38,994,0
SNW,60,20250113,130000,1.38,1.38,1.38,1.38,4597,0
SNW,60,20250113,160000,1.39,1.4,1.39,1.4,229,0
SNW,60,20250113,170000,1.395,1.395,1.395,1.395,150,0
SNW,60,20250114,110000,1.365,1.365,1.34,1.34,7010,0
SNW,60,20250114,120000,1.34,1.34,1.285,1.285,11251,0
SNW,60,20250114,130000,1.245,1.245,1.24,1.24,3349,0
SNW,60,20250114,140000,1.32,1.365,1.32,1.365,2722,0
SNW,60,20250114,160000,1.315,1.355,1.285,1.285,2129,0
SNW,60,20250114,170000,1.3,1.345,1.3,1.345,1956,0
SNW,60,20250115,100000,1.34,1.34,1.34,1.34,1000,0
SNW,60,20250115,110000,1.32,1.32,1.32,1.32,11,0
SNW,60,20250115,120000,1.32,1.345,1.32,1.345,1010,0
SNW,60,20250115,130000,1.345,1.345,1.345,1.345,290,0
SNW,60,20250115,170000,1.355,1.355,1.355,1.355,1,0
SNW,60,20250116,100000,1.355,1.36,1.33,1.33,5597,0
SNW,60,20250116,140000,1.355,1.355,1.355,1.355,129,0
SNW,60,20250116,170000,1.365,1.365,1.365,1.365,1,0
SNW,60,20250117,100000,1.33,1.33,1.31,1.31,4345,0
SNW,60,20250117,110000,1.3,1.3,1.3,1.3,509,0
SNW,60,20250117,120000,1.3,1.3,1.295,1.295,2707,0
SNW,60,20250117,150000,1.32,1.325,1.32,1.325,2314,0
SNW,60,20250117,170000,1.315,1.325,1.31,1.325,4111,0
SNW,60,20250120,100000,1.31,1.33,1.305,1.33,4466,0
SNW,60,20250120,110000,1.33,1.345,1.31,1.315,6300,0
SNW,60,20250120,120000,1.31,1.33,1.31,1.33,3000,0
SNW,60,20250120,130000,1.315,1.315,1.31,1.31,7945,0
SNW,60,20250120,170000,1.315,1.315,1.315,1.315,1080,0
SNW,60,20250121,100000,1.31,1.315,1.305,1.305,4526,0
SNW,60,20250121,110000,1.31,1.31,1.31,1.31,250,0
SNW,60,20250121,120000,1.31,1.31,1.31,1.31,1450,0
SNW,60,20250121,130000,1.31,1.32,1.3,1.32,6000,0
SNW,60,20250121,140000,1.31,1.31,1.3,1.305,1051,0
SNW,60,20250121,150000,1.33,1.33,1.31,1.33,200,0
SNW,60,20250122,100000,1.32,1.34,1.32,1.34,6476,0
SNW,60,20250122,120000,1.34,1.34,1.34,1.34,1390,0
SNW,60,20250122,130000,1.34,1.375,1.34,1.365,22160,0
SNW,60,20250122,140000,1.345,1.345,1.345,1.345,1900,0
SNW,60,20250122,160000,1.37,1.37,1.34,1.34,3223,0
SNW,60,20250122,170000,1.335,1.335,1.335,1.335,1390,0
SNW,60,20250123,100000,1.325,1.325,1.325,1.325,134,0
SNW,60,20250123,110000,1.32,1.32,1.32,1.32,2190,0
SNW,60,20250123,120000,1.325,1.33,1.325,1.33,3000,0
SNW,60,20250123,140000,1.33,1.335,1.33,1.335,1000,0
SNW,60,20250123,160000,1.33,1.33,1.33,1.33,1000,0
SNW,60,20250124,100000,1.335,1.335,1.335,1.335,400,0
SNW,60,20250124,120000,1.335,1.335,1.335,1.335,216,0
SNW,60,20250124,140000,1.335,1.335,1.325,1.33,261,0
SNW,60,20250124,160000,1.315,1.315,1.31,1.31,521,0
SNW,60,20250124,170000,1.33,1.33,1.325,1.325,400,0
SNW,60,20250127,100000,1.32,1.33,1.31,1.31,2538,0
SNW,60,20250127,110000,1.31,1.31,1.31,1.31,1900,0
SNW,60,20250127,120000,1.33,1.33,1.31,1.31,396,0
SNW,60,20250127,130000,1.305,1.33,1.305,1.33,15568,0
SNW,60,20250127,140000,1.335,1.335,1.335,1.335,970,0
SNW,60,20250127,150000,1.33,1.37,1.33,1.37,12107,0
SNW,60,20250127,160000,1.37,1.37,1.37,1.37,46,0
SNW,60,20250127,170000,1.32,1.35,1.32,1.35,536,0
SNW,60,20250128,120000,1.32,1.32,1.32,1.32,60,0
SNW,60,20250128,130000,1.33,1.33,1.33,1.33,500,0
SNW,60,20250128,150000,1.355,1.365,1.355,1.365,500,0
SNW,60,20250128,160000,1.325,1.34,1.315,1.34,4890,0
SNW,60,20250129,110000,1.325,1.325,1.32,1.32,156,0
SNW,60,20250129,120000,1.35,1.35,1.35,1.35,30,0
SNW,60,20250129,150000,1.355,1.36,1.355,1.36,2600,0
SNW,60,20250130,100000,1.35,1.35,1.35,1.35,300,0
SNW,60,20250131,120000,1.335,1.335,1.33,1.33,30,0
SNW,60,20250131,150000,1.33,1.33,1.32,1.32,3974,0
SNW,60,20250203,100000,1.32,1.32,1.32,1.32,64,0
SNW,60,20250203,110000,1.345,1.345,1.345,1.345,50,0
SNW,60,20250203,120000,1.31,1.325,1.31,1.32,1832,0
SNW,60,20250203,130000,1.325,1.325,1.325,1.325,1460,0
SNW,60,20250204,110000,1.315,1.315,1.31,1.31,1610,0
SNW,60,20250204,120000,1.31,1.31,1.31,1.31,2358,0
SNW,60,20250204,130000,1.31,1.31,1.31,1.31,84,0
SNW,60,20250204,150000,1.31,1.31,1.31,1.31,563,0
SNW,60,20250205,170000,1.325,1.345,1.315,1.315,91,0
SNW,60,20250206,110000,1.32,1.325,1.32,1.325,3963,0
SNW,60,20250206,140000,1.33,1.355,1.33,1.355,14648,0
SNW,60,20250206,150000,1.335,1.335,1.335,1.335,1145,0
SNW,60,20250206,170000,1.33,1.345,1.33,1.345,18436,0
SNW,60,20250207,120000,1.33,1.35,1.33,1.35,13523,0
SNW,60,20250207,150000,1.355,1.355,1.355,1.355,100,0
SNW,60,20250207,160000,1.36,1.485,1.36,1.47,21278,0
SNW,60,20250207,170000,1.4,1.43,1.36,1.415,10698,0
SNW,60,20250210,100000,1.415,1.425,1.415,1.415,2415,0
SNW,60,20250210,110000,1.37,1.37,1.37,1.37,7,0
SNW,60,20250210,140000,1.405,1.405,1.405,1.405,1330,0
SNW,60,20250210,150000,1.41,1.425,1.395,1.395,8111,0
SNW,60,20250210,160000,1.39,1.39,1.39,1.39,1250,0
SNW,60,20250210,170000,1.39,1.4,1.385,1.4,10840,0
SNW,60,20250211,100000,1.375,1.375,1.375,1.375,1350,0
SNW,60,20250211,120000,1.38,1.38,1.37,1.37,1723,0
SNW,60,20250211,130000,1.36,1.365,1.36,1.36,9901,0
SNW,60,20250211,150000,1.385,1.385,1.385,1.385,1847,0
SNW,60,20250211,160000,1.39,1.39,1.39,1.39,10,0
SNW,60,20250212,110000,1.39,1.415,1.39,1.415,7000,0
SNW,60,20250212,120000,1.42,1.425,1.42,1.425,4000,0
SNW,60,20250212,130000,1.39,1.39,1.39,1.39,1549,0
SNW,60,20250212,150000,1.39,1.39,1.385,1.385,3077,0
SNW,60,20250212,170000,1.38,1.38,1.38,1.38,185,0
SNW,60,20250213,100000,1.375,1.38,1.36,1.36,9386,0
SNW,60,20250213,110000,1.365,1.415,1.365,1.415,5342,0
SNW,60,20250213,120000,1.41,1.41,1.41,1.41,900,0
SNW,60,20250213,140000,1.39,1.395,1.37,1.37,2000,0
SNW,60,20250213,170000,1.375,1.375,1.375,1.375,1549,0
SNW,60,20250214,100000,1.395,1.395,1.395,1.395,300,0
SNW,60,20250214,110000,1.39,1.395,1.39,1.395,3085,0
SNW,60,20250214,140000,1.37,1.37,1.37,1.37,1000,0
SNW,60,20250217,100000,1.37,1.39,1.37,1.39,1008,0
SNW,60,20250217,110000,1.39,1.4,1.39,1.4,450,0
SNW,60,20250217,120000,1.395,1.4,1.395,1.4,2000,0
SNW,60,20250217,130000,1.375,1.375,1.375,1.375,528,0
SNW,60,20250217,140000,1.39,1.39,1.39,1.39,80,0
SNW,60,20250217,170000,1.39,1.405,1.39,1.405,5000,0
SNW,60,20250218,120000,1.405,1.42,1.405,1.42,2384,0
SNW,60,20250218,130000,1.4,1.415,1.4,1.415,534,0
SNW,60,20250218,140000,1.41,1.415,1.41,1.415,1711,0
SNW,60,20250218,150000,1.415,1.415,1.415,1.415,454,0
SNW,60,20250218,160000,1.42,1.48,1.42,1.44,25623,0
SNW,60,20250218,170000,1.47,1.475,1.465,1.465,2496,0
SNW,60,20250219,100000,1.47,1.48,1.47,1.47,7546,0
SNW,60,20250219,110000,1.46,1.46,1.455,1.455,3069,0
SNW,60,20250219,120000,1.475,1.475,1.45,1.45,9560,0
SNW,60,20250219,140000,1.45,1.465,1.45,1.465,2537,0
SNW,60,20250219,150000,1.465,1.47,1.44,1.44,2690,0
SNW,60,20250219,160000,1.44,1.44,1.425,1.425,400,0
SNW,60,20250220,100000,1.435,1.465,1.435,1.445,4123,0
SNW,60,20250220,110000,1.47,1.47,1.445,1.45,6618,0
SNW,60,20250220,130000,1.455,1.49,1.455,1.49,4743,0
SNW,60,20250220,140000,1.49,1.67,1.49,1.65,103382,0
SNW,60,20250220,150000,1.65,1.66,1.565,1.655,32226,0
SNW,60,20250220,160000,1.645,1.67,1.585,1.66,19969,0
SNW,60,20250220,170000,1.645,1.645,1.59,1.625,5369,0
SNW,60,20250221,100000,1.675,1.675,1.565,1.565,17749,0
SNW,60,20250221,110000,1.565,1.565,1.54,1.545,13657,0
SNW,60,20250221,120000,1.565,1.565,1.565,1.565,320,0
SNW,60,20250221,130000,1.55,1.62,1.55,1.61,10966,0
SNW,60,20250221,140000,1.62,1.75,1.62,1.735,75096,0
SNW,60,20250221,150000,1.75,1.76,1.6,1.695,28795,0
SNW,60,20250221,160000,1.685,1.705,1.68,1.68,2977,0
SNW,60,20250221,170000,1.695,1.72,1.695,1.72,4875,0
SNW,60,20250224,100000,1.74,1.75,1.625,1.625,5500,0
SNW,60,20250224,110000,1.685,1.685,1.615,1.625,8200,0
SNW,60,20250224,120000,1.665,1.665,1.665,1.665,500,0
SNW,60,20250224,130000,1.64,1.665,1.63,1.65,7147,0
SNW,60,20250224,140000,1.65,1.65,1.65,1.65,444,0
SNW,60,20250224,150000,1.65,1.65,1.65,1.65,2555,0
SNW,60,20250224,160000,1.65,1.67,1.65,1.67,4545,0
SNW,60,20250225,100000,1.64,1.68,1.64,1.64,2774,0
SNW,60,20250225,110000,1.635,1.635,1.635,1.635,50,0
SNW,60,20250225,130000,1.63,1.63,1.6,1.6,3341,0
SNW,60,20250225,140000,1.595,1.635,1.575,1.62,4709,0
SNW,60,20250225,170000,1.635,1.635,1.635,1.635,500,0
SNW,60,20250226,100000,1.635,1.65,1.605,1.635,4213,0
SNW,60,20250226,110000,1.64,1.64,1.635,1.635,2285,0
SNW,60,20250226,120000,1.625,1.625,1.585,1.585,968,0
SNW,60,20250226,130000,1.59,1.6,1.59,1.6,150,0
SNW,60,20250226,140000,1.595,1.6,1.595,1.6,1320,0
SNW,60,20250226,160000,1.59,1.59,1.59,1.59,2200,0
SNW,60,20250226,170000,1.585,1.585,1.585,1.585,1900,0
SNW,60,20250227,100000,1.595,1.595,1.57,1.57,2326,0
SNW,60,20250227,110000,1.585,1.585,1.575,1.575,1050,0
SNW,60,20250227,120000,1.575,1.575,1.575,1.575,320,0
SNW,60,20250227,130000,1.575,1.575,1.525,1.545,7002,0
SNW,60,20250227,140000,1.575,1.58,1.575,1.58,171,0
SNW,60,20250227,150000,1.58,1.58,1.575,1.575,2136,0
SNW,60,20250227,160000,1.575,1.575,1.57,1.57,768,0
SNW,60,20250228,100000,1.57,1.57,1.57,1.57,9,0
SNW,60,20250228,110000,1.56,1.56,1.53,1.555,3101,0
SNW,60,20250228,130000,1.55,1.55,1.48,1.48,13300,0
SNW,60,20250228,140000,1.5,1.5,1.5,1.5,1400,0
SNW,60,20250228,150000,1.545,1.575,1.545,1.575,4891,0
SNW,60,20250228,160000,1.575,1.575,1.55,1.55,3300,0
SNW,60,20250228,170000,1.575,1.575,1.575,1.575,1650,0
SNW,60,20250303,100000,1.575,1.595,1.575,1.595,2511,0
SNW,60,20250303,110000,1.59,1.595,1.59,1.595,1108,0
SNW,60,20250303,120000,1.595,1.7,1.595,1.655,72898,0
SNW,60,20250303,130000,1.65,1.655,1.65,1.655,11177,0
SNW,60,20250303,140000,1.66,1.66,1.66,1.66,1326,0
SNW,60,20250303,150000,1.655,1.655,1.535,1.625,14180,0
SNW,60,20250303,160000,1.625,1.625,1.56,1.62,3373,0
SNW,60,20250303,170000,1.62,1.625,1.57,1.615,4375,0
SNW,60,20250304,100000,1.655,1.785,1.62,1.73,85779,0
SNW,60,20250304,110000,1.725,1.86,1.725,1.79,128034,0
SNW,60,20250304,120000,1.79,1.83,1.78,1.825,38940,0
SNW,60,20250304,130000,1.825,1.845,1.815,1.845,29962,0
SNW,60,20250304,140000,1.83,1.845,1.81,1.83,12246,0
SNW,60,20250304,150000,1.81,1.845,1.805,1.83,7905,0
SNW,60,20250304,160000,1.8,1.84,1.78,1.78,35862,0
SNW,60,20250304,170000,1.77,1.84,1.74,1.83,33302,0
SNW,60,20250305,100000,1.8,1.83,1.73,1.79,22243,0
SNW,60,20250305,110000,1.755,1.8,1.75,1.785,13455,0
SNW,60,20250305,120000,1.79,1.83,1.735,1.83,29000,0
SNW,60,20250305,130000,1.81,1.82,1.8,1.8,4000,0
SNW,60,20250305,140000,1.8,1.8,1.76,1.795,2766,0
SNW,60,20250305,150000,1.795,1.795,1.795,1.795,50,0
SNW,60,20250305,170000,1.79,1.79,1.79,1.79,600,0
SNW,60,20250306,100000,1.83,1.86,1.8,1.8,48365,0
SNW,60,20250306,110000,1.795,1.795,1.765,1.78,21765,0
SNW,60,20250306,120000,1.795,1.84,1.795,1.84,15966,0
SNW,60,20250306,130000,1.84,1.85,1.78,1.8,18070,0
SNW,60,20250306,140000,1.8,1.82,1.8,1.82,1037,0
SNW,60,20250306,150000,1.81,1.81,1.78,1.78,1632,0
SNW,60,20250306,160000,1.815,1.815,1.755,1.755,614,0
SNW,60,20250306,170000,1.76,1.795,1.755,1.795,7588,0
SNW,60,20250307,100000,1.785,1.785,1.735,1.74,7651,0
SNW,60,20250307,110000,1.74,1.765,1.73,1.735,8591,0
SNW,60,20250307,120000,1.765,1.765,1.74,1.74,3224,0
SNW,60,20250307,140000,1.735,1.735,1.735,1.735,500,0
SNW,60,20250307,150000,1.73,1.735,1.73,1.73,6448,0
SNW,60,20250307,160000,1.72,1.72,1.72,1.72,1250,0
SNW,60,20250307,170000,1.72,1.725,1.72,1.72,1323,0
SNW,60,20250310,100000,1.7,1.7,1.655,1.655,6004,0
SNW,60,20250310,110000,1.69,1.695,1.65,1.65,845,0
SNW,60,20250310,130000,1.655,1.655,1.655,1.655,750,0
SNW,60,20250310,140000,1.685,1.7,1.685,1.7,3551,0
SNW,60,20250310,150000,1.705,1.71,1.705,1.71,788,0
SNW,60,20250310,160000,1.71,1.71,1.685,1.685,3232,0
SNW,60,20250310,170000,1.685,1.69,1.685,1.69,1396,0
SNW,60,20250311,100000,1.65,1.695,1.65,1.695,5100,0
SNW,60,20250311,110000,1.695,1.73,1.695,1.73,20839,0
SNW,60,20250311,120000,1.7,1.7,1.7,1.7,1000,0
SNW,60,20250311,130000,1.71,1.71,1.71,1.71,5830,0
SNW,60,20250311,140000,1.7,1.7,1.69,1.69,393,0
SNW,60,20250311,150000,1.715,1.715,1.715,1.715,870,0
SNW,60,20250311,170000,1.67,1.7,1.67,1.7,1251,0
SNW,60,20250312,100000,1.76,1.775,1.69,1.69,5300,0
SNW,60,20250312,110000,1.705,1.705,1.705,1.705,10,0
SNW,60,20250312,130000,1.72,1.72,1.72,1.72,11,0
SNW,60,20250312,140000,1.69,1.7,1.69,1.7,3376,0
SNW,60,20250312,150000,1.685,1.685,1.685,1.685,16,0
SNW,60,20250312,160000,1.69,1.69,1.69,1.69,150,0
SNW,60,20250312,170000,1.685,1.7,1.67,1.7,97,0
SNW,60,20250313,110000,1.675,1.675,1.64,1.66,28250,0
SNW,60,20250313,120000,1.67,1.695,1.67,1.695,823,0
SNW,60,20250313,160000,1.67,1.67,1.66,1.66,22,0
SNW,60,20250313,170000,1.66,1.66,1.655,1.66,1252,0
SNW,60,20250314,100000,1.71,1.71,1.67,1.67,5399,0
SNW,60,20250314,110000,1.675,1.685,1.67,1.685,2459,0
SNW,60,20250314,120000,1.67,1.67,1.66,1.66,5000,0
SNW,60,20250314,130000,1.685,1.725,1.685,1.725,1934,0
SNW,60,20250314,140000,1.73,1.73,1.73,1.73,11,0
SNW,60,20250314,150000,1.715,1.715,1.715,1.715,490,0
SNW,60,20250314,160000,1.675,1.675,1.66,1.66,375,0
SNW,60,20250314,170000,1.67,1.725,1.66,1.725,12014,0
SNW,60,20250317,100000,1.725,1.725,1.725,1.725,550,0
SNW,60,20250317,110000,1.72,1.725,1.715,1.72,2600,0
SNW,60,20250317,120000,1.72,1.72,1.67,1.67,3808,0
SNW,60,20250317,130000,1.675,1.7,1.67,1.67,8917,0
SNW,60,20250317,140000,1.7,1.71,1.7,1.71,3525,0
SNW,60,20250317,160000,1.68,1.68,1.67,1.67,3085,0
SNW,60,20250317,170000,1.67,1.675,1.66,1.66,22028,0
SNW,60,20250318,100000,1.655,1.685,1.65,1.65,2645,0
SNW,60,20250318,110000,1.65,1.65,1.65,1.65,50,0
SNW,60,20250318,120000,1.66,1.665,1.65,1.65,650,0
SNW,60,20250318,130000,1.675,1.675,1.675,1.675,13,0
SNW,60,20250318,160000,1.655,1.655,1.65,1.65,300,0
SNW,60,20250318,170000,1.65,1.65,1.6,1.605,18828,0
SNW,60,20250319,100000,1.58,1.66,1.56,1.66,6052,0
SNW,60,20250319,120000,1.675,1.675,1.575,1.585,3709,0
SNW,60,20250319,140000,1.585,1.585,1.585,1.585,1000,0
SNW,60,20250319,160000,1.585,1.585,1.575,1.575,2204,0
SNW,60,20250319,170000,1.575,1.595,1.575,1.595,367,0
SNW,60,20250320,100000,1.59,1.595,1.59,1.595,6341,0
SNW,60,20250320,110000,1.61,1.61,1.61,1.61,2000,0
SNW,60,20250320,140000,1.61,1.61,1.61,1.61,20,0
SNW,60,20250320,150000,1.61,1.61,1.61,1.61,450,0
SNW,60,20250320,160000,1.585,1.585,1.575,1.585,5017,0
SNW,60,20250321,100000,1.595,1.595,1.595,1.595,7,0
SNW,60,20250321,110000,1.585,1.585,1.58,1.58,262,0
SNW,60,20250321,130000,1.58,1.58,1.58,1.58,22,0
SNW,60,20250321,140000,1.58,1.58,1.58,1.58,706,0
SNW,60,20250321,160000,1.58,1.58,1.58,1.58,2929,0
SNW,60,20250321,170000,1.595,1.595,1.595,1.595,40,0
SNW,60,20250324,110000,1.575,1.575,1.575,1.575,1016,0
SNW,60,20250324,130000,1.565,1.565,1.56,1.56,2080,0
SNW,60,20250324,140000,1.58,1.58,1.58,1.58,5000,0
SNW,60,20250324,170000,1.575,1.575,1.575,1.575,17,0
SNW,60,20250325,100000,1.555,1.555,1.49,1.54,12242,0
SNW,60,20250325,110000,1.55,1.555,1.55,1.555,1000,0
SNW,60,20250325,120000,1.53,1.53,1.525,1.525,695,0
SNW,60,20250325,130000,1.535,1.535,1.525,1.525,8513,0
SNW,60,20250325,140000,1.55,1.55,1.55,1.55,7,0
SNW,60,20250325,160000,1.545,1.56,1.545,1.56,2500,0
SNW,60,20250325,170000,1.565,1.57,1.565,1.57,298,0
SNW,60,20250326,100000,1.54,1.54,1.515,1.535,4646,0
SNW,60,20250326,120000,1.54,1.54,1.53,1.53,5900,0
SNW,60,20250326,130000,1.515,1.515,1.49,1.5,17263,0
SNW,60,20250326,140000,1.5,1.5,1.5,1.5,1585,0
SNW,60,20250326,150000,1.535,1.535,1.535,1.535,13,0
SNW,60,20250326,160000,1.5,1.5,1.5,1.5,140,0
SNW,60,20250326,170000,1.5,1.54,1.49,1.54,1021,0
SNW,60,20250327,100000,1.515,1.515,1.515,1.515,721,0
SNW,60,20250327,110000,1.525,1.56,1.5,1.52,10924,0
SNW,60,20250327,120000,1.51,1.51,1.51,1.51,1500,0
SNW,60,20250327,130000,1.5,1.5,1.5,1.5,1000,0
SNW,60,20250328,110000,1.535,1.535,1.535,1.535,925,0
SNW,60,20250328,150000,1.525,1.525,1.525,1.525,689,0
SNW,60,20250328,160000,1.525,1.535,1.525,1.535,7000,0
SNW,60,20250331,100000,1.535,1.535,1.495,1.5,10498,0
SNW,60,20250331,110000,1.5,1.5,1.5,1.5,2,0
SNW,60,20250331,120000,1.53,1.53,1.53,1.53,2,0
SNW,60,20250331,140000,1.5,1.5,1.49,1.49,5000,0
SNW,60,20250331,150000,1.49,1.49,1.49,1.49,3250,0
SNW,60,20250401,100000,1.49,1.515,1.49,1.515,3848,0
SNW,60,20250401,110000,1.52,1.52,1.52,1.52,342,0
SNW,60,20250401,120000,1.515,1.515,1.5,1.5,3450,0
SNW,60,20250401,130000,1.495,1.495,1.495,1.495,2100,0
SNW,60,20250401,140000,1.495,1.495,1.465,1.47,7550,0
SNW,60,20250401,150000,1.485,1.485,1.485,1.485,2110,0
SNW,60,20250401,160000,1.475,1.5,1.475,1.475,1267,0
SNW,60,20250401,170000,1.485,1.485,1.475,1.475,4489,0
SNW,60,20250402,100000,1.485,1.485,1.485,1.485,3694,0
SNW,60,20250402,120000,1.5,1.51,1.5,1.51,5583,0
SNW,60,20250402,130000,1.51,1.515,1.51,1.515,4517,0
SNW,60,20250403,100000,1.485,1.485,1.47,1.48,20000,0
SNW,60,20250403,110000,1.465,1.49,1.465,1.49,420,0
SNW,60,20250403,130000,1.495,1.495,1.495,1.495,50,0
SNW,60,20250403,140000,1.47,1.47,1.47,1.47,1390,0
SNW,60,20250403,150000,1.5,1.5,1.5,1.5,160,0
SNW,60,20250403,170000,1.46,1.46,1.46,1.46,6567,0
SNW,60,20250404,130000,1.46,1.46,1.45,1.45,7010,0
SNW,60,20250404,150000,1.46,1.46,1.45,1.45,7410,0
SNW,60,20250404,170000,1.46,1.46,1.46,1.46,25,0
SNW,60,20250407,100000,1.45,1.45,1.3,1.325,35782,0
SNW,60,20250407,110000,1.325,1.365,1.325,1.365,13146,0
SNW,60,20250407,130000,1.355,1.435,1.355,1.435,3703,0
SNW,60,20250407,140000,1.425,1.425,1.425,1.425,500,0
SNW,60,20250407,170000,1.375,1.375,1.375,1.375,100,0
SNW,60,20250408,110000,1.385,1.385,1.37,1.37,222,0
SNW,60,20250408,120000,1.42,1.425,1.37,1.41,1726,0
SNW,60,20250408,130000,1.4,1.4,1.4,1.4,8,0
SNW,60,20250408,150000,1.405,1.405,1.405,1.405,69,0
SNW,60,20250409,100000,1.4,1.42,1.4,1.42,3050,0
SNW,60,20250409,110000,1.4,1.4,1.4,1.4,2600,0
SNW,60,20250409,140000,1.39,1.39,1.36,1.36,5621,0
SNW,60,20250409,150000,1.385,1.385,1.385,1.385,1879,0
SNW,60,20250409,160000,1.39,1.39,1.39,1.39,865,0
SNW,60,20250410,100000,1.395,1.485,1.395,1.48,8116,0
SNW,60,20250410,110000,1.465,1.465,1.465,1.465,1241,0
SNW,60,20250410,130000,1.47,1.47,1.465,1.47,3070,0
SNW,60,20250410,140000,1.45,1.45,1.45,1.45,1150,0
SNW,60,20250410,150000,1.45,1.45,1.45,1.45,912,0
SNW,60,20250410,160000,1.455,1.46,1.455,1.46,3615,0
SNW,60,20250410,170000,1.48,1.485,1.48,1.485,1660,0
SNW,60,20250411,100000,1.45,1.45,1.45,1.45,2170,0
SNW,60,20250411,110000,1.45,1.45,1.435,1.435,4333,0
SNW,60,20250411,120000,1.435,1.435,1.435,1.435,2720,0
SNW,60,20250411,140000,1.445,1.465,1.445,1.465,1186,0
SNW,60,20250411,170000,1.45,1.45,1.45,1.45,4200,0
SNW,60,20250414,100000,1.445,1.505,1.445,1.48,22201,0
SNW,60,20250414,110000,1.485,1.485,1.48,1.48,4219,0
SNW,60,20250414,130000,1.465,1.465,1.46,1.46,3125,0
SNW,60,20250414,170000,1.47,1.475,1.47,1.475,4460,0
SNW,60,20250415,100000,1.48,1.48,1.48,1.48,1080,0
SNW,60,20250415,110000,1.47,1.47,1.46,1.46,827,0
SNW,60,20250415,130000,1.46,1.46,1.46,1.46,6008,0
SNW,60,20250415,150000,1.455,1.47,1.455,1.47,4351,0
SNW,60,20250415,160000,1.445,1.445,1.435,1.435,1447,0
SNW,60,20250415,170000,1.435,1.47,1.435,1.47,1463,0
SNW,60,20250416,100000,1.435,1.465,1.435,1.465,4000,0
SNW,60,20250416,110000,1.46,1.46,1.46,1.46,7,0
SNW,60,20250416,130000,1.44,1.44,1.44,1.44,1221,0
SNW,60,20250416,150000,1.46,1.46,1.46,1.46,500,0
SNW,60,20250416,170000,1.45,1.45,1.45,1.45,200,0
SNW,60,20250417,100000,1.455,1.455,1.455,1.455,1500,0
SNW,60,20250417,110000,1.44,1.46,1.44,1.46,2200,0
SNW,60,20250417,140000,1.45,1.45,1.44,1.44,7097,0
SNW,60,20250417,150000,1.445,1.445,1.445,1.445,700,0
SNW,60,20250417,160000,1.445,1.445,1.445,1.445,14,0
SNW,60,20250417,170000,1.44,1.445,1.44,1.445,15,0
SNW,60,20250422,100000,1.43,1.43,1.43,1.43,1500,0
SNW,60,20250422,110000,1.44,1.44,1.44,1.44,4572,0
SNW,60,20250422,120000,1.45,1.45,1.45,1.45,2000,0
SNW,60,20250422,160000,1.45,1.45,1.44,1.44,1100,0
SNW,60,20250422,170000,1.445,1.445,1.445,1.445,2500,0
SNW,60,20250423,100000,1.445,1.445,1.44,1.44,6656,0
SNW,60,20250423,110000,1.43,1.43,1.43,1.43,1010,0
SNW,60,20250423,120000,1.435,1.44,1.435,1.44,11334,0
SNW,60,20250423,140000,1.435,1.435,1.43,1.43,2560,0
SNW,60,20250423,160000,1.435,1.435,1.435,1.435,2500,0
SNW,60,20250423,170000,1.46,1.46,1.46,1.46,380,0
SNW,60,20250424,100000,1.46,1.48,1.46,1.48,5300,0
SNW,60,20250424,110000,1.445,1.445,1.445,1.445,1000,0
SNW,60,20250424,120000,1.44,1.44,1.44,1.44,984,0
SNW,60,20250424,140000,1.47,1.47,1.47,1.47,1444,0
SNW,60,20250424,160000,1.44,1.44,1.435,1.435,2613,0
SNW,60,20250424,170000,1.46,1.465,1.43,1.43,5362,0
SNW,60,20250425,100000,1.455,1.455,1.455,1.455,369,0
SNW,60,20250425,120000,1.455,1.455,1.455,1.455,110,0
SNW,60,20250428,100000,1.44,1.44,1.395,1.395,15951,0
SNW,60,20250428,110000,1.4,1.4,1.4,1.4,2000,0
SNW,60,20250428,120000,1.41,1.42,1.41,1.42,440,0
SNW,60,20250428,130000,1.425,1.425,1.425,1.425,8,0
SNW,60,20250428,170000,1.41,1.41,1.41,1.41,4132,0
SNW,60,20250429,100000,1.415,1.415,1.415,1.415,3492,0
SNW,60,20250429,110000,1.405,1.405,1.4,1.4,7104,0
SNW,60,20250429,130000,1.4,1.4,1.4,1.4,737,0
SNW,60,20250429,140000,1.4,1.4,1.4,1.4,167,0
SNW,60,20250429,150000,1.415,1.415,1.395,1.395,40,0
SNW,60,20250429,170000,1.415,1.42,1.415,1.42,8,0
SNW,60,20250430,100000,1.42,1.42,1.42,1.42,1296,0
SNW,60,20250430,110000,1.4,1.4,1.33,1.37,40740,0
SNW,60,20250430,140000,1.395,1.395,1.395,1.395,8,0
SNW,60,20250430,150000,1.395,1.395,1.395,1.395,792,0
SNW,60,20250430,170000,1.395,1.395,1.395,1.395,200,0
SNW,60,20250502,100000,1.4,1.4,1.4,1.4,300,0
SNW,60,20250502,110000,1.4,1.405,1.4,1.405,550,0
SNW,60,20250502,120000,1.385,1.41,1.385,1.39,12727,0
SNW,60,20250502,130000,1.395,1.395,1.395,1.395,40,0
SNW,60,20250502,140000,1.39,1.39,1.39,1.39,5385,0
SNW,60,20250502,150000,1.385,1.385,1.385,1.385,8000,0
SNW,60,20250502,170000,1.39,1.39,1.39,1.39,502,0
SNW,60,20250505,100000,1.38,1.38,1.375,1.375,4559,0
SNW,60,20250505,110000,1.39,1.4,1.39,1.4,2500,0
SNW,60,20250505,130000,1.4,1.41,1.4,1.41,45136,0
SNW,60,20250505,140000,1.41,1.41,1.41,1.41,1700,0
SNW,60,20250505,150000,1.415,1.49,1.415,1.48,22356,0
SNW,60,20250505,160000,1.47,1.47,1.47,1.47,450,0
SNW,60,20250505,170000,1.45,1.465,1.415,1.465,4325,0
SNW,60,20250506,100000,1.48,1.48,1.43,1.43,2810,0
SNW,60,20250506,120000,1.45,1.47,1.45,1.47,20393,0
SNW,60,20250506,130000,1.47,1.53,1.47,1.505,29414,0
SNW,60,20250506,140000,1.5,1.52,1.49,1.52,8453,0
SNW,60,20250506,150000,1.485,1.485,1.485,1.485,8,0
SNW,60,20250506,160000,1.49,1.49,1.49,1.49,1000,0
SNW,60,20250506,170000,1.485,1.51,1.48,1.51,1860,0
