<TICKER>,<PER>,<DATE>,<TIME>,<OPEN>,<HIGH>,<LOW>,<CLOSE>,<VOL>,<OPENINT>
STP,60,20240411,100000,230,234.5,230,232,716,0
STP,60,20240411,110000,232,232,230,230,270,0
STP,60,20240411,120000,230,231.5,229.5,230,526,0
STP,60,20240411,130000,229.5,231,227,228,432,0
STP,60,20240411,140000,226.5,228.5,226,227,154,0
STP,60,20240411,150000,227,228.5,226.5,227.5,171,0
STP,60,20240411,160000,227,228,226.5,228,116,0
STP,60,20240411,170000,226.5,228.5,226,228.5,289,0
STP,60,20240412,100000,228.5,229.5,226,227,291,0
STP,60,20240412,110000,228.5,229.5,227.5,229.5,80,0
STP,60,20240412,120000,229,229.5,228.5,228.5,80,0
STP,60,20240412,130000,229.5,230.5,229,229.5,134,0
STP,60,20240412,140000,229.5,229.5,229.5,229.5,36,0
STP,60,20240412,150000,229,229.5,227.5,227.5,242,0
STP,60,20240412,160000,229,229.5,228,228,223,0
STP,60,20240412,170000,227.5,229.5,227.5,227.5,229,0
STP,60,20240415,100000,227,228,224,227,365,0
STP,60,20240415,110000,227,227,227,227,33,0
STP,60,20240415,120000,228,229,227,227,133,0
STP,60,20240415,130000,227,227,226,226,159,0
STP,60,20240415,140000,226,226,225.5,225.5,100,0
STP,60,20240415,150000,225.5,226,224,226,245,0
STP,60,20240415,160000,226,226,224,226,23,0
STP,60,20240415,170000,225.5,225.5,224,224,107,0
STP,60,20240416,100000,225.5,225.5,217.5,219,816,0
STP,60,20240416,110000,217.5,221,217.5,221,180,0
STP,60,20240416,120000,219,219,218.5,219,90,0
STP,60,20240416,130000,219,219,219,219,165,0
STP,60,20240416,140000,219,219.5,219,219.5,36,0
STP,60,20240416,150000,220,220,219,219,58,0
STP,60,20240416,160000,219,219,215,215,731,0
STP,60,20240416,170000,215,216,214,216,320,0
STP,60,20240417,100000,217,218,217,218,169,0
STP,60,20240417,110000,218,219,218,219,82,0
STP,60,20240417,120000,219.5,220,217,217.5,775,0
STP,60,20240417,130000,218,218,218,218,20,0
STP,60,20240417,140000,218.5,219.5,217.5,218,79,0
STP,60,20240417,150000,218,219,217.5,219,88,0
STP,60,20240417,160000,218.5,219.5,217.5,219.5,73,0
STP,60,20240417,170000,219,219.5,217.5,217.5,80,0
STP,60,20240418,100000,218,221.5,218,220,23,0
STP,60,20240418,110000,221,221,218,218,98,0
STP,60,20240418,120000,218,218,218,218,2,0
STP,60,20240418,130000,219,220,219,220,80,0
STP,60,20240418,150000,218.5,218.5,218.5,218.5,22,0
STP,60,20240418,160000,220,220,218.5,218.5,29,0
STP,60,20240418,170000,220,220,220,220,12,0
STP,60,20240419,100000,217,220,217,217,267,0
STP,60,20240419,110000,218,218,218,218,21,0
STP,60,20240419,120000,217.5,217.5,217.5,217.5,2,0
STP,60,20240419,130000,217.5,217.5,217.5,217.5,32,0
STP,60,20240419,140000,217.5,217.5,217.5,217.5,7,0
STP,60,20240419,150000,217.5,217.5,216.5,216.5,97,0
STP,60,20240419,160000,216.5,217,216,216.5,25,0
STP,60,20240419,170000,216.5,217,216.5,217,41,0
STP,60,20240422,100000,216,219,215,219,330,0
STP,60,20240422,110000,219,219,217,217,95,0
STP,60,20240422,120000,219.5,219.5,218,218,70,0
STP,60,20240422,130000,218,218,218,218,5,0
STP,60,20240422,140000,218,218,218,218,2,0
STP,60,20240422,150000,218,218,217,217,314,0
STP,60,20240422,160000,216.5,216.5,213,213,535,0
STP,60,20240422,170000,213,214,213,213,183,0
STP,60,20240423,100000,213,214.5,212.5,212.5,51,0
STP,60,20240423,110000,212.5,212.5,211.5,212,139,0
STP,60,20240423,120000,211,213,211,211.5,192,0
STP,60,20240423,130000,212.5,214,212,212,86,0
STP,60,20240423,140000,214,214,212,213,46,0
STP,60,20240423,150000,213,213,212,212,71,0
STP,60,20240423,160000,212,212.5,212,212.5,7,0
STP,60,20240423,170000,212.5,214,212.5,214,337,0
STP,60,20240424,100000,214,214.5,214,214,118,0
STP,60,20240424,110000,214,214,211,213.5,226,0
STP,60,20240424,120000,213,213.5,211.5,211.5,37,0
STP,60,20240424,130000,213,213,212,212,30,0
STP,60,20240424,140000,212,212,212,212,15,0
STP,60,20240424,150000,213,213,212,212,87,0
STP,60,20240424,160000,213,213,213,213,4,0
STP,60,20240424,170000,213.5,213.5,212.5,213,78,0
STP,60,20240425,100000,213,214,213,213,61,0
STP,60,20240425,110000,213,214.5,212,214.5,72,0
STP,60,20240425,120000,214.5,215,214.5,215,148,0
STP,60,20240425,130000,214,215,214,214,205,0
STP,60,20240425,140000,215.5,215.5,215.5,215.5,67,0
STP,60,20240425,150000,215.5,216,214,214,165,0
STP,60,20240425,160000,214,214.5,213,214.5,330,0
STP,60,20240425,170000,212,213.5,212,213.5,180,0
STP,60,20240426,100000,214.5,216,214.5,216,738,0
STP,60,20240426,110000,215.5,216,215.5,216,25,0
STP,60,20240426,120000,215.5,215.5,214,214,84,0
STP,60,20240426,130000,215.5,215.5,215,215.5,55,0
STP,60,20240426,140000,215.5,215.5,215,215.5,55,0
STP,60,20240426,150000,215.5,216,215.5,216,108,0
STP,60,20240426,160000,215.5,216,213.5,213.5,364,0
STP,60,20240426,170000,213.5,213.5,212,212.5,350,0
STP,60,20240429,100000,212.5,214,212.5,213.5,16,0
STP,60,20240429,110000,213,214,213,214,238,0
STP,60,20240429,130000,214,214,214,214,310,0
STP,60,20240429,140000,214,214,214,214,48,0
STP,60,20240429,150000,214,214,214,214,47,0
STP,60,20240429,160000,214,214,213,213,81,0
STP,60,20240429,170000,213,214.5,213,214.5,30,0
STP,60,20240430,100000,218,221.5,218,219,1558,0
STP,60,20240430,110000,219,220.5,219,219.5,272,0
STP,60,20240430,120000,220.5,220.5,215,215,1176,0
STP,60,20240430,130000,215,220,213.5,216,984,0
STP,60,20240430,140000,215.5,220.5,215.5,217.5,462,0
STP,60,20240430,150000,217.5,217.5,217,217,95,0
STP,60,20240430,160000,217,219,215.5,215.5,177,0
STP,60,20240430,170000,215.5,218.5,214,214,202,0
STP,60,20240502,100000,220,221.5,218.5,220,4156,0
STP,60,20240502,110000,219,220,217.5,218,226,0
STP,60,20240502,120000,218,219.5,217,217,141,0
STP,60,20240502,130000,217,219,216,216,132,0
STP,60,20240502,140000,216,216,214,214,209,0
STP,60,20240502,150000,214,218,213.5,218,371,0
STP,60,20240502,160000,214,216.5,213.5,215.5,163,0
STP,60,20240502,170000,215.5,216,215,215.5,274,0
STP,60,20240506,100000,216,219,216,216,245,0
STP,60,20240506,110000,218,218,215.5,216.5,394,0
STP,60,20240506,120000,216.5,216.5,215,215,9,0
STP,60,20240506,130000,216,216.5,215,215,371,0
STP,60,20240506,140000,216,216,215,216,1797,0
STP,60,20240506,150000,215,215,214,215,295,0
STP,60,20240506,160000,214,215,214,215,30,0
STP,60,20240506,170000,215,217,215,215,379,0
STP,60,20240507,100000,214,215,212,215,591,0
STP,60,20240507,110000,216,216,214,216,22,0
STP,60,20240507,120000,216,216.5,215,216,139,0
STP,60,20240507,130000,215.5,215.5,215,215,304,0
STP,60,20240507,140000,215,216,215,216,11,0
STP,60,20240507,150000,216,216.5,215,215,199,0
STP,60,20240507,160000,217,217.5,216,217.5,59,0
STP,60,20240507,170000,215.5,218.5,215.5,218,289,0
STP,60,20240508,100000,217,219.5,217,217,119,0
STP,60,20240508,110000,216,218.5,215,218.5,207,0
STP,60,20240508,120000,217.5,217.5,217.5,217.5,16,0
STP,60,20240508,130000,217.5,217.5,217.5,217.5,48,0
STP,60,20240508,140000,218.5,218.5,217,218.5,201,0
STP,60,20240508,150000,217,217,217,217,10,0
STP,60,20240508,160000,217,218.5,216,218.5,179,0
STP,60,20240508,170000,218,218,218,218,7,0
STP,60,20240509,100000,218,218,216,216,51,0
STP,60,20240509,110000,216,217.5,216,216,102,0
STP,60,20240509,120000,216.5,217,216.5,217,107,0
STP,60,20240509,130000,216,217.5,216,217.5,17,0
STP,60,20240509,160000,217,217,217,217,63,0
STP,60,20240509,170000,216.5,218,216,216,64,0
STP,60,20240510,100000,216,218,216,217,214,0
STP,60,20240510,110000,217,217,217,217,54,0
STP,60,20240510,120000,218,218.5,218,218.5,99,0
STP,60,20240510,130000,219,224.5,219,224,630,0
STP,60,20240510,140000,223,224,223,223.5,759,0
STP,60,20240510,150000,223,224.5,221,221,271,0
STP,60,20240510,160000,221,223,220,220,242,0
STP,60,20240510,170000,220,221,219.5,221,120,0
STP,60,20240513,100000,221.5,223.5,221.5,223.5,187,0
STP,60,20240513,110000,222,222.5,221.5,221.5,98,0
STP,60,20240513,120000,222,222,221.5,221.5,38,0
STP,60,20240513,130000,221,222,220.5,221,106,0
STP,60,20240513,140000,221,221.5,220,220,531,0
STP,60,20240513,150000,220,220,220,220,104,0
STP,60,20240513,160000,221,221.5,221,221.5,541,0
STP,60,20240513,170000,220.5,222,220.5,222,146,0
STP,60,20240514,100000,222,224,222,224,269,0
STP,60,20240514,110000,224,224,221,221,385,0
STP,60,20240514,120000,221.5,223,221.5,223,106,0
STP,60,20240514,130000,221,222,221,222,60,0
STP,60,20240514,140000,222,222.5,220.5,222.5,294,0
STP,60,20240514,150000,222.5,222.5,219.5,222,1127,0
STP,60,20240514,160000,222,224,222,224,2210,0
STP,60,20240514,170000,224.5,226,224.5,225.5,311,0
STP,60,20240515,100000,226,228.5,223,225,429,0
STP,60,20240515,110000,227,228,223.5,227.5,200,0
STP,60,20240515,120000,227.5,228,225.5,227.5,107,0
STP,60,20240515,130000,228,228,228,228,55,0
STP,60,20240515,140000,228,228,227,227,6,0
STP,60,20240515,150000,227,228,226,226,43,0
STP,60,20240515,160000,226,226,226,226,22,0
STP,60,20240515,170000,226,226,226,226,67,0
STP,60,20240516,100000,228,228,225.5,225.5,290,0
STP,60,20240516,110000,225.5,226,225.5,225.5,53,0
STP,60,20240516,120000,225.5,225.5,225,225,92,0
STP,60,20240516,130000,224.5,225,223,223,523,0
STP,60,20240516,140000,223,224.5,215,216,1074,0
STP,60,20240516,150000,219,219.5,218,218,291,0
STP,60,20240516,160000,217,218,215,217,1114,0
STP,60,20240516,170000,219,222,218,222,476,0
STP,60,20240517,100000,219.5,220,217.5,218,5502,0
STP,60,20240517,110000,217.5,218,217.5,217.5,74,0
STP,60,20240517,120000,218,219,218,219,121,0
STP,60,20240517,130000,219.5,221,219.5,221,185,0
STP,60,20240517,140000,220.5,221,219.5,221,92,0
STP,60,20240517,150000,222,222,219.5,219.5,60,0
STP,60,20240517,160000,221,224,221,224,296,0
STP,60,20240517,170000,224,224.5,221.5,221.5,291,0
STP,60,20240520,100000,225,226.5,221,221.5,478,0
STP,60,20240520,110000,221.5,224.5,221,224.5,872,0
STP,60,20240520,120000,222,224.5,222,224.5,119,0
STP,60,20240520,130000,223,225,223,225,33,0
STP,60,20240520,140000,223.5,225,222.5,222.5,132,0
STP,60,20240520,150000,222.5,223.5,222,223.5,19,0
STP,60,20240520,160000,222,222,219,219,463,0
STP,60,20240520,170000,221,223,219,223,900,0
STP,60,20240521,100000,223,224,223,223,54,0
STP,60,20240521,110000,222,222,221,221,124,0
STP,60,20240521,120000,221,222,220,220,427,0
STP,60,20240521,130000,220,220,220,220,15,0
STP,60,20240521,140000,220.5,221,220,220,64,0
STP,60,20240521,150000,220.5,220.5,220,220,312,0
STP,60,20240521,160000,220,222,220,222,187,0
STP,60,20240521,170000,221,221,221,221,1,0
STP,60,20240522,100000,222.5,223.5,222,223.5,608,0
STP,60,20240522,110000,223.5,223.5,223,223,66,0
STP,60,20240522,120000,222,223,222,222,590,0
STP,60,20240522,130000,222.5,222.5,222,222,27,0
STP,60,20240522,140000,222,223,221,221,220,0
STP,60,20240522,150000,221,221.5,221,221.5,75,0
STP,60,20240522,160000,221,221,220,220,307,0
STP,60,20240522,170000,221,222,220.5,220.5,159,0
STP,60,20240523,100000,222,222,220.5,220.5,100,0
STP,60,20240523,110000,220,220,220,220,35,0
STP,60,20240523,120000,219.5,220,219,220,202,0
STP,60,20240523,130000,220,220.5,220,220.5,47,0
STP,60,20240523,140000,221,222.5,221,222.5,233,0
STP,60,20240523,150000,221,221,221,221,20,0
STP,60,20240523,160000,221,221.5,221,221.5,12,0
STP,60,20240523,170000,222,222,220,220,370,0
STP,60,20240524,100000,221,221,218,218,403,0
STP,60,20240524,110000,217.5,217.5,217,217.5,1485,0
STP,60,20240524,120000,217,217.5,216,217,537,0
STP,60,20240524,130000,217,217.5,216,217.5,318,0
STP,60,20240524,140000,217,217,217,217,10,0
STP,60,20240524,150000,217.5,217.5,217,217,18,0
STP,60,20240524,160000,216.5,217,216.5,217,129,0
STP,60,20240524,170000,217,217.5,216,216,401,0
STP,60,20240527,100000,215.5,219,215,218.5,483,0
STP,60,20240527,110000,218.5,218.5,217,217,13,0
STP,60,20240527,120000,217,217,217,217,3,0
STP,60,20240527,130000,218,218.5,218,218,111,0
STP,60,20240527,140000,218,219,218,219,146,0
STP,60,20240527,150000,217.5,219,217.5,219,9,0
STP,60,20240527,160000,219,219.5,217.5,219,335,0
STP,60,20240527,170000,218,219,218,219,64,0
STP,60,20240528,100000,218.5,219,217,217,200,0
STP,60,20240528,110000,219,219,218.5,218.5,4,0
STP,60,20240528,120000,216.5,216.5,216,216,100,0
STP,60,20240528,130000,217.5,217.5,216.5,216.5,51,0
STP,60,20240528,150000,216.5,216.5,216.5,216.5,10,0
STP,60,20240528,160000,217.5,217.5,217,217.5,94,0
STP,60,20240528,170000,217.5,217.5,216.5,217,356,0
STP,60,20240529,100000,216.5,216.5,216,216,199,0
STP,60,20240529,110000,216,216,215.5,215.5,17,0
STP,60,20240529,120000,217,217,217,217,5,0
STP,60,20240529,130000,215.5,215.5,215.5,215.5,60,0
STP,60,20240529,140000,215.5,215.5,215,215,147,0
STP,60,20240529,150000,215.5,215.5,215.5,215.5,23,0
STP,60,20240529,160000,216,216,215,215,40,0
STP,60,20240529,170000,215,216.5,214.5,214.5,234,0
STP,60,20240531,100000,214.5,218,214.5,216,457,0
STP,60,20240531,110000,215,216,215,216,109,0
STP,60,20240531,120000,216,216,215.5,216,56,0
STP,60,20240531,130000,216.5,217,216,217,180,0
STP,60,20240531,150000,216,218,216,218,543,0
STP,60,20240531,160000,217,218.5,216.5,216.5,40,0
STP,60,20240531,170000,218.5,218.5,218.5,218.5,15,0
STP,60,20240603,100000,218.5,218.5,216,216,900,0
STP,60,20240603,110000,216,216,216,216,33,0
STP,60,20240603,120000,216.5,216.5,216.5,216.5,2,0
STP,60,20240603,130000,216.5,217,216.5,217,10,0
STP,60,20240603,140000,217,217,217,217,99,0
STP,60,20240603,150000,217.5,217.5,217,217.5,23,0
STP,60,20240603,170000,217.5,217.5,215.5,216,292,0
STP,60,20240604,100000,216,218.5,216,218,703,0
STP,60,20240604,110000,218,218,218,218,695,0
STP,60,20240604,120000,217,217,217,217,6,0
STP,60,20240604,130000,218,218,217,217,901,0
STP,60,20240604,140000,217,221,217,219.5,179,0
STP,60,20240604,160000,219,219,219,219,7,0
STP,60,20240604,170000,218,219,217,217,80,0
STP,60,20240605,100000,217,219,217,219,35,0
STP,60,20240605,110000,219,219,219,219,16,0
STP,60,20240605,130000,219,219,219,219,52,0
STP,60,20240605,140000,220,220,220,220,19,0
STP,60,20240605,150000,218.5,218.5,218,218,70,0
STP,60,20240605,160000,218,218,218,218,4,0
STP,60,20240605,170000,218,218.5,216.5,218.5,454,0
STP,60,20240606,100000,216.5,219,216.5,219,51,0
STP,60,20240606,110000,218,218,216.5,216.5,74,0
STP,60,20240606,120000,216.5,216.5,214,214,304,0
STP,60,20240606,130000,217,217,217,217,21,0
STP,60,20240606,150000,217,217,217,217,45,0
STP,60,20240606,160000,217.5,217.5,216,216,28,0
STP,60,20240606,170000,216.5,216.5,216,216,16,0
STP,60,20240607,100000,218,218,213.5,213.5,198,0
STP,60,20240607,110000,214.5,216,214.5,215.5,32,0
STP,60,20240607,120000,214,215.5,213.5,214,503,0
STP,60,20240607,140000,215.5,215.5,215.5,215.5,17,0
STP,60,20240607,150000,216,216.5,215,215,177,0
STP,60,20240607,160000,214.5,214.5,214.5,214.5,38,0
STP,60,20240607,170000,214.5,216,214,214,181,0
STP,60,20240610,100000,214,216,213.5,215.5,35,0
STP,60,20240610,110000,215.5,215.5,213,213,45,0
STP,60,20240610,120000,215.5,215.5,215,215,249,0
STP,60,20240610,130000,215,215,215,215,173,0
STP,60,20240610,140000,215,217.5,215,217.5,70,0
STP,60,20240610,150000,217.5,217.5,216,216.5,2759,0
STP,60,20240610,170000,215.5,216.5,215,216.5,666,0
STP,60,20240611,100000,217.5,218,214,214,245,0
STP,60,20240611,110000,217.5,217.5,213,214,613,0
STP,60,20240611,120000,214,214,214,214,313,0
STP,60,20240611,150000,216,216,216,216,4,0
STP,60,20240611,170000,214,214,214,214,25,0
STP,60,20240612,100000,214,215.5,214,215,381,0
STP,60,20240612,110000,214.5,214.5,214.5,214.5,16,0
STP,60,20240612,120000,214,214,214,214,16,0
STP,60,20240612,130000,214,214,214,214,50,0
STP,60,20240612,140000,215,215.5,215,215.5,8,0
STP,60,20240612,150000,216,216,216,216,2,0
STP,60,20240612,160000,215,215,214.5,214.5,110,0
STP,60,20240612,170000,215.5,216,214.5,214.5,36,0
STP,60,20240613,100000,214.5,216,214.5,216,165,0
STP,60,20240613,110000,216,216,216,216,10,0
STP,60,20240613,120000,215,216,215,216,120,0
STP,60,20240613,130000,214.5,214.5,214.5,214.5,90,0
STP,60,20240613,150000,215.5,215.5,215.5,215.5,1,0
STP,60,20240613,160000,215.5,215.5,215.5,215.5,169,0
STP,60,20240613,170000,215,215,214.5,214.5,109,0
STP,60,20240614,100000,214.5,216.5,214.5,216.5,31,0
STP,60,20240614,110000,215,217,215,217,20,0
STP,60,20240614,120000,217,217,216,216,14,0
STP,60,20240614,140000,215.5,216,215.5,216,11,0
STP,60,20240614,150000,215,215,215,215,10,0
STP,60,20240614,170000,215,216,214.5,216,82,0
STP,60,20240617,100000,214.5,214.5,213.5,214,365,0
STP,60,20240617,110000,215,215,213.5,213.5,415,0
STP,60,20240617,120000,213.5,214,213.5,213.5,48,0
STP,60,20240617,130000,213.5,213.5,213.5,213.5,28,0
STP,60,20240617,140000,213,214,212,214,614,0
STP,60,20240617,150000,213,214.5,213,214,243,0
STP,60,20240617,170000,214,214,213,214,463,0
STP,60,20240618,100000,215,215,214.5,214.5,6,0
STP,60,20240618,110000,214,214,214,214,10,0
STP,60,20240618,120000,214.5,214.5,213.5,213.5,31,0
STP,60,20240618,130000,214.5,214.5,214.5,214.5,4,0
STP,60,20240618,150000,214,214,214,214,42,0
STP,60,20240618,170000,214,214,214,214,12,0
STP,60,20240619,100000,215,216,215,215,43,0
STP,60,20240619,110000,215,216,215,215,147,0
STP,60,20240619,130000,214,214,213,213,200,0
STP,60,20240619,140000,214.5,214.5,214.5,214.5,1,0
STP,60,20240619,150000,214.5,215,214.5,215,25,0
STP,60,20240619,160000,215,215,214,215,75,0
STP,60,20240619,170000,214,215,213.5,213.5,93,0
STP,60,20240620,100000,214,214,214,214,25,0
STP,60,20240620,110000,214.5,215,214.5,215,393,0
STP,60,20240620,120000,214,214,214,214,13,0
STP,60,20240620,130000,214,214,213.5,213.5,36,0
STP,60,20240620,140000,213.5,214,212,214,711,0
STP,60,20240620,150000,214,214,212,212,91,0
STP,60,20240620,160000,212,212,212,212,5,0
STP,60,20240620,170000,212.5,213.5,211.5,213,242,0
STP,60,20240621,100000,213.5,213.5,213.5,213.5,55,0
STP,60,20240621,110000,213.5,214,213,214,289,0
STP,60,20240621,120000,214,214,213,214,234,0
STP,60,20240621,140000,213,213,213,213,295,0
STP,60,20240621,150000,213,213,213,213,41,0
STP,60,20240621,160000,212.5,212.5,212.5,212.5,58,0
STP,60,20240621,170000,213,214,213,214,464,0
STP,60,20240624,100000,213,213,213,213,51,0
STP,60,20240624,110000,213,214,212.5,214,76,0
STP,60,20240624,120000,213,213,212,213,217,0
STP,60,20240624,130000,212.5,213,212.5,213,21,0
STP,60,20240624,140000,213,213,213,213,34,0
STP,60,20240624,150000,213,213,212.5,213,202,0
STP,60,20240624,160000,212.5,212.5,212.5,212.5,40,0
STP,60,20240624,170000,212.5,213,212,213,143,0
STP,60,20240625,100000,213,213.5,212,213.5,216,0
STP,60,20240625,110000,213,213,213,213,55,0
STP,60,20240625,120000,212.5,213,212.5,213,480,0
STP,60,20240625,130000,213,213,212.5,212.5,117,0
STP,60,20240625,150000,212.5,212.5,212.5,212.5,5,0
STP,60,20240625,160000,212.5,212.5,212.5,212.5,118,0
STP,60,20240625,170000,212.5,213,212,213,95,0
STP,60,20240626,100000,212,214,212,214,46,0
STP,60,20240626,110000,214,214.5,214,214.5,9,0
STP,60,20240626,120000,214,214.5,214,214.5,100,0
STP,60,20240626,130000,215,215,215,215,10,0
STP,60,20240626,140000,213.5,214,213.5,214,40,0
STP,60,20240626,150000,213,213,213,213,62,0
STP,60,20240626,160000,213,213,213,213,60,0
STP,60,20240626,170000,214,214,213,214,43,0
STP,60,20240627,100000,213,214.5,212.5,213.5,99,0
STP,60,20240627,110000,213,217,213,217,824,0
STP,60,20240627,120000,216.5,218.5,216,218.5,938,0
STP,60,20240627,130000,218.5,219,218,218.5,182,0
STP,60,20240627,140000,218.5,219,218,218,250,0
STP,60,20240627,150000,218,219,218,218.5,72,0
STP,60,20240627,160000,219,219,218,218,155,0
STP,60,20240627,170000,218,219.5,218,219.5,75,0
STP,60,20240628,100000,219.5,221,219.5,221,366,0
STP,60,20240628,110000,221,221.5,220,221.5,71,0
STP,60,20240628,120000,220,220,219.5,219.5,22,0
STP,60,20240628,130000,220,220,219.5,219.5,50,0
STP,60,20240628,140000,220.5,220.5,220.5,220.5,6,0
STP,60,20240628,150000,219.5,219.5,219.5,219.5,324,0
STP,60,20240628,160000,219.5,219.5,219.5,219.5,10,0
STP,60,20240628,170000,219.5,219.5,219,219,127,0
STP,60,20240701,100000,222,223.5,220,223.5,591,0
STP,60,20240701,110000,223,226,223,225,425,0
STP,60,20240701,120000,225.5,225.5,225,225,112,0
STP,60,20240701,130000,224.5,225,224,224.5,174,0
STP,60,20240701,140000,224.5,225.5,224,224.5,225,0
STP,60,20240701,150000,224.5,225.5,224.5,224.5,63,0
STP,60,20240701,160000,225.5,226,224.5,226,175,0
STP,60,20240701,170000,227,227,226,226,598,0
STP,60,20240702,100000,227,230,226.5,228.5,904,0
STP,60,20240702,110000,228.5,229,227,227,261,0
STP,60,20240702,120000,227.5,227.5,227,227,64,0
STP,60,20240702,130000,227,227,227,227,60,0
STP,60,20240702,140000,227,228,227,228,62,0
STP,60,20240702,150000,228,228,227,227,32,0
STP,60,20240702,160000,226.5,226.5,224.5,225,155,0
STP,60,20240702,170000,225,225,223,223,157,0
STP,60,20240703,100000,223,225,223,225,46,0
STP,60,20240703,110000,226.5,227,224,226,73,0
STP,60,20240703,140000,225,225,225,225,61,0
STP,60,20240703,150000,225,225.5,225,225.5,51,0
STP,60,20240703,170000,225.5,225.5,225,225,46,0
STP,60,20240704,100000,225,226,225,226,52,0
STP,60,20240704,130000,226,227,225,227,532,0
STP,60,20240704,140000,227,227,227,227,507,0
STP,60,20240704,150000,228,228,228,228,6,0
STP,60,20240704,160000,226,226,226,226,10,0
STP,60,20240704,170000,227,227,227,227,25,0
STP,60,20240705,100000,228,229.5,228,229,335,0
STP,60,20240705,110000,228.5,228.5,227,227.5,120,0
STP,60,20240705,120000,228,228,227,227.5,86,0
STP,60,20240705,130000,227.5,228,227,227,115,0
STP,60,20240705,150000,226,227,226,226,138,0
STP,60,20240705,160000,225.5,225.5,225,225,92,0
STP,60,20240705,170000,227,227,225,226.5,42,0
STP,60,20240708,100000,226,226,226,226,48,0
STP,60,20240708,110000,225,225,223.5,223.5,450,0
STP,60,20240708,120000,224.5,225.5,224.5,225.5,147,0
STP,60,20240708,130000,225.5,226.5,225,225.5,251,0
STP,60,20240708,150000,225.5,225.5,224.5,224.5,137,0
STP,60,20240708,160000,226.5,226.5,226.5,226.5,1,0
STP,60,20240708,170000,226,227.5,225.5,227.5,437,0
STP,60,20240709,100000,227,227.5,225,227.5,178,0
STP,60,20240709,110000,225.5,225.5,225.5,225.5,5,0
STP,60,20240709,120000,225.5,227,225.5,227,11,0
STP,60,20240709,140000,227,227,227,227,13,0
STP,60,20240709,150000,227,228.5,227,228,348,0
STP,60,20240709,160000,226.5,227,226.5,226.5,20033,0
STP,60,20240709,170000,227,227.5,226.5,226.5,220,0
STP,60,20240710,100000,225.5,227,225.5,227,238,0
STP,60,20240710,110000,227.5,229,227.5,228,550,0
STP,60,20240710,120000,229,230,228,229,446,0
STP,60,20240710,130000,229,232,229,230.5,945,0
STP,60,20240710,140000,230.5,231,229.5,231,149,0
STP,60,20240710,150000,231,231.5,229.5,231.5,345,0
STP,60,20240710,160000,231,232,230.5,230.5,288,0
STP,60,20240710,170000,230.5,232,230.5,231.5,228,0
STP,60,20240711,100000,231,231,230,231,162,0
STP,60,20240711,110000,231,231,231,231,25,0
STP,60,20240711,120000,231,231,231,231,2,0
STP,60,20240711,130000,230,231,230,230.5,24,0
STP,60,20240711,140000,230.5,230.5,230.5,230.5,5,0
STP,60,20240711,150000,230.5,230.5,230.5,230.5,1,0
STP,60,20240711,160000,230.5,230.5,229,230.5,466,0
STP,60,20240711,170000,230.5,230.5,229.5,230,30,0
STP,60,20240712,100000,230.5,234,230.5,232,251,0
STP,60,20240712,110000,232,232,232,232,5,0
STP,60,20240712,120000,231,231,230.5,231,102,0
STP,60,20240712,130000,231,232,231,232,62,0
STP,60,20240712,140000,232,232,232,232,2,0
STP,60,20240712,150000,232,232,231,231,17,0
STP,60,20240712,160000,231,231,230.5,230.5,32,0
STP,60,20240712,170000,230.5,231,230,231,616,0
STP,60,20240715,100000,231,232.5,231,232.5,16,0
STP,60,20240715,110000,231.5,231.5,231.5,231.5,14,0
STP,60,20240715,120000,232.5,232.5,232,232,23,0
STP,60,20240715,130000,231,231.5,231,231.5,80,0
STP,60,20240715,140000,231.5,231.5,230,230,202,0
STP,60,20240715,150000,231,231,231,231,17,0
STP,60,20240715,160000,230.5,231,230,230,522,0
STP,60,20240715,170000,230,231.5,230,231.5,183,0
STP,60,20240716,100000,231.5,231.5,230,230,94,0
STP,60,20240716,110000,230,231.5,230,231,51,0
STP,60,20240716,120000,231,231,230,230,21,0
STP,60,20240716,130000,231,231,228,228,132,0
STP,60,20240716,140000,228,228.5,228,228.5,28,0
STP,60,20240716,150000,228.5,229.5,227,227,75,0
STP,60,20240716,160000,227,227,225,225.5,239,0
STP,60,20240716,170000,225.5,228,224,228,352,0
STP,60,20240717,100000,226,227.5,225.5,225.5,461,0
STP,60,20240717,110000,226,227,225,225,239,0
STP,60,20240717,120000,225,226,225,226,250,0
STP,60,20240717,130000,226,226.5,226,226.5,23,0
STP,60,20240717,140000,226,226,225,225,6,0
STP,60,20240717,150000,225,225,225,225,105,0
STP,60,20240717,160000,225,227,225,225,186,0
STP,60,20240717,170000,226.5,226.5,225,225,41,0
STP,60,20240718,100000,224.5,228,224.5,225,20213,0
STP,60,20240718,110000,225,228.5,225,228.5,51,0
STP,60,20240718,120000,225.5,228.5,225.5,228.5,24,0
STP,60,20240718,130000,228.5,229.5,228.5,229.5,64,0
STP,60,20240718,150000,228,229,227.5,229,23,0
STP,60,20240718,170000,228.5,228.5,227.5,227.5,35,0
STP,60,20240719,100000,228.5,228.5,228.5,228.5,30,0
STP,60,20240719,110000,228,228,228,228,2,0
STP,60,20240719,120000,227.5,227.5,227.5,227.5,40,0
STP,60,20240719,130000,228.5,228.5,228.5,228.5,48,0
STP,60,20240719,150000,228,228,227.5,227.5,38,0
STP,60,20240719,160000,227,227,226.5,226.5,125,0
STP,60,20240719,170000,226.5,227.5,225.5,225.5,344,0
STP,60,20240722,100000,227,227.5,227,227,47,0
STP,60,20240722,110000,227,228,227,227.5,82,0
STP,60,20240722,120000,227.5,227.5,227,227,20,0
STP,60,20240722,140000,227,227.5,227,227.5,68,0
STP,60,20240722,150000,228,228,228,228,20,0
STP,60,20240722,160000,227.5,227.5,227,227.5,147,0
STP,60,20240722,170000,227,228,227,228,223,0
STP,60,20240723,100000,227,227,226,226,7775,0
STP,60,20240723,110000,226,228,226,228,34,0
STP,60,20240723,130000,228,228,228,228,50,0
STP,60,20240723,140000,227,227,226,226,459,0
STP,60,20240723,150000,226,226,226,226,80,0
STP,60,20240723,170000,227,227.5,226,227.5,200,0
STP,60,20240724,130000,226,226,226,226,15,0
STP,60,20240724,140000,226,226,226,226,34,0
STP,60,20240724,160000,226,226,226,226,40,0
STP,60,20240724,170000,226,226,224,224.5,92,0
STP,60,20240725,100000,225,225,225,225,11,0
STP,60,20240725,110000,224.5,224.5,224,224,30,0
STP,60,20240725,120000,224,224,219.5,219.5,157,0
STP,60,20240725,130000,218.5,218.5,215.5,217.5,206,0
STP,60,20240725,140000,218,219,218,219,110,0
STP,60,20240725,150000,218,218.5,217.5,217.5,58,0
STP,60,20240725,160000,218.5,218.5,217,217,119,0
STP,60,20240725,170000,218.5,218.5,216,217.5,25,0
STP,60,20240726,100000,216,219,216,218,47,0
STP,60,20240726,110000,219.5,219.5,217,217.5,96,0
STP,60,20240726,120000,217.5,218,217.5,218,15,0
STP,60,20240726,140000,218.5,219.5,218.5,219.5,59,0
STP,60,20240726,150000,220,220,218,218,74,0
STP,60,20240726,170000,218,219,217,217,23,0
STP,60,20240729,100000,217,221.5,217,218,72,0
STP,60,20240729,110000,220,220,219.5,220,38,0
STP,60,20240729,130000,218.5,221,218.5,221,41,0
STP,60,20240729,160000,219,219,219,219,20,0
STP,60,20240729,170000,219.5,219.5,219,219,19,0
STP,60,20240730,110000,221,221,221,221,11,0
STP,60,20240730,120000,220,220,220,220,1,0
STP,60,20240730,150000,219.5,220.5,219.5,220.5,13,0
STP,60,20240730,170000,220,220,220,220,135,0
STP,60,20240731,110000,221,221,220,220,262,0
STP,60,20240731,120000,220,220,220,220,2,0
STP,60,20240731,130000,220,221.5,220,220,377,0
STP,60,20240731,140000,219,219,219,219,23,0
STP,60,20240731,150000,219,219,219,219,14,0
STP,60,20240731,160000,219,219.5,219,219.5,40,0
STP,60,20240731,170000,221,221,219,221,39,0
STP,60,20240801,100000,218.5,218.5,218.5,218.5,12,0
STP,60,20240801,110000,221,240,221,240,2871,0
STP,60,20240801,120000,243,248,236,236.5,2109,0
STP,60,20240801,130000,236.5,239.5,236.5,238,454,0
STP,60,20240801,140000,238,240,236.5,240,722,0
STP,60,20240801,150000,238,240,238,239.5,154,0
STP,60,20240801,160000,238.5,239,237,238,437,0
STP,60,20240801,170000,238,239,235.5,239,142,0
STP,60,20240802,100000,240,240,232,233,581,0
STP,60,20240802,110000,235,237.5,233.5,237,116,0
STP,60,20240802,120000,237,237,235,235,202,0
STP,60,20240802,130000,236,236,235,235,49,0
STP,60,20240802,140000,236,236,236,236,30,0
STP,60,20240802,150000,235,236,235,235,119,0
STP,60,20240802,160000,235.5,235.5,235.5,235.5,100,0
STP,60,20240802,170000,235,235,235,235,55,0
STP,60,20240805,100000,229,229,222,225.5,706,0
STP,60,20240805,110000,225.5,226,224,224,177,0
STP,60,20240805,120000,224,224,223.5,224,1051,0
STP,60,20240805,130000,224.5,225.5,223.5,224.5,152,0
STP,60,20240805,140000,224.5,225,224.5,225,112,0
STP,60,20240805,150000,224.5,225,224.5,224.5,144,0
STP,60,20240805,160000,225.5,226,224.5,224.5,95,0
STP,60,20240805,170000,225,227,225,225,78,0
STP,60,20240806,100000,228,233,228,233,92,0
STP,60,20240806,110000,232,232,225.5,226,743,0
STP,60,20240806,120000,226.5,226.5,226,226,527,0
STP,60,20240806,130000,226,226,226,226,174,0
STP,60,20240806,140000,226,226,226,226,19,0
STP,60,20240806,160000,226.5,226.5,226,226.5,72,0
STP,60,20240806,170000,227.5,227.5,227.5,227.5,33,0
STP,60,20240807,100000,228,228,228,228,83,0
STP,60,20240807,120000,227.5,227.5,226,226,104,0
STP,60,20240807,130000,226,226.5,226,226.5,209,0
STP,60,20240807,150000,226.5,226.5,225,225.5,379,0
STP,60,20240807,170000,225,227.5,225,227,247,0
STP,60,20240808,100000,227,230.5,227,227,101,0
STP,60,20240808,110000,227,229.5,225,229.5,1601,0
STP,60,20240808,120000,226,226,225.5,225.5,31,0
STP,60,20240808,130000,225.5,226,224,226,113,0
STP,60,20240808,140000,224,224,224,224,10,0
STP,60,20240808,150000,224.5,224.5,224.5,224.5,32,0
STP,60,20240808,160000,225,225,225,225,80,0
STP,60,20240808,170000,223.5,225.5,222.5,225,561,0
STP,60,20240809,100000,227.5,230,225,225,996,0
STP,60,20240809,110000,225,227,225,225,337,0
STP,60,20240809,120000,225.5,227,225.5,227,285,0
STP,60,20240809,130000,225.5,227.5,225.5,227.5,23,0
STP,60,20240809,140000,225.5,225.5,225.5,225.5,2,0
STP,60,20240809,170000,226.5,226.5,225.5,225.5,41,0
STP,60,20240812,100000,227.5,228,227.5,228,37,0
STP,60,20240812,110000,226,228.5,226,228.5,6,0
STP,60,20240812,120000,226.5,226.5,226.5,226.5,4,0
STP,60,20240812,130000,226,226,226,226,2,0
STP,60,20240812,150000,228.5,229,228.5,229,30,0
STP,60,20240812,160000,229,230,229,230,259,0
STP,60,20240812,170000,230,231,230,231,173,0
STP,60,20240813,100000,229,229,227,227,147,0
STP,60,20240813,110000,227,227,226.5,226.5,40,0
STP,60,20240813,120000,226.5,227,226,227,260,0
STP,60,20240813,130000,227,227,227,227,40,0
STP,60,20240813,140000,226.5,226.5,226.5,226.5,2,0
STP,60,20240813,150000,228.5,230,227,230,456,0
STP,60,20240813,160000,230.5,231.5,230.5,231,90,0
STP,60,20240813,170000,230,231,230,231,99,0
STP,60,20240814,100000,230,230,230,230,50,0
STP,60,20240814,110000,231,231,231,231,31,0
STP,60,20240814,130000,231,231,231,231,35,0
STP,60,20240814,150000,228.5,231,228.5,231,6,0
STP,60,20240814,160000,229,229,229,229,40,0
STP,60,20240814,170000,229.5,231,229,231,11,0
STP,60,20240816,100000,232,232,229,229,54,0
STP,60,20240816,110000,230.5,232,229.5,231,81,0
STP,60,20240816,120000,232,232,232,232,11,0
STP,60,20240816,130000,230,230,230,230,4,0
STP,60,20240816,140000,232,232,232,232,2,0
STP,60,20240816,150000,232,233,232,233,111,0
STP,60,20240816,160000,230,230,230,230,2,0
STP,60,20240816,170000,232,233,232,233,129,0
STP,60,20240819,100000,231.5,232.5,230,231,122,0
STP,60,20240819,110000,230,230,230,230,17,0
STP,60,20240819,120000,230.5,230.5,230,230,4,0
STP,60,20240819,130000,230,230,230,230,16,0
STP,60,20240819,140000,230,230,230,230,43,0
STP,60,20240819,150000,230,232,229.5,232,37,0
STP,60,20240819,170000,229.5,230,229,230,23,0
STP,60,20240820,110000,229,229.5,229,229.5,16,0
STP,60,20240820,130000,231,231,231,231,10,0
STP,60,20240820,140000,231,231,231,231,5,0
STP,60,20240820,150000,229,229,229,229,35,0
STP,60,20240820,170000,229,229,229,229,3,0
STP,60,20240821,100000,229,229,228,228,4,0
STP,60,20240821,130000,229,229,229,229,10,0
STP,60,20240821,170000,230,232,230,232,87,0
STP,60,20240822,100000,232.5,233,228.5,228.5,81,0
STP,60,20240822,110000,229,229.5,228.5,229.5,3,0
STP,60,20240822,120000,230,230,229,229,29,0
STP,60,20240822,130000,229,232.5,228,228.5,96,0
STP,60,20240822,140000,228.5,228.5,228,228,100,0
STP,60,20240822,150000,229,229,228,228,2,0
STP,60,20240822,170000,229,231.5,229,231.5,477,0
STP,60,20240823,100000,229,229,228.5,228.5,5,0
STP,60,20240823,110000,228.5,228.5,228,228,209,0
STP,60,20240823,120000,229.5,232,229.5,231.5,454,0
STP,60,20240823,130000,231,232.5,230,232,106,0
STP,60,20240823,150000,232,232,232,232,40,0
STP,60,20240823,160000,232,235,231,235,312,0
STP,60,20240823,170000,232,235,232,235,8,0
STP,60,20240826,100000,235,241,235,236.5,839,0
STP,60,20240826,110000,239,245,237.5,245,1082,0
STP,60,20240826,120000,244.5,245,241.5,244.5,147,0
STP,60,20240826,130000,243,245.5,243,245.5,317,0
STP,60,20240826,140000,245,246,244,245.5,494,0
STP,60,20240826,150000,242,246,242,246,609,0
STP,60,20240826,160000,242,242,241.5,242,210,0
STP,60,20240826,170000,241.5,243.5,238.5,243.5,407,0
STP,60,20240827,100000,243.5,243.5,240,241,28,0
STP,60,20240827,110000,241,241,237.5,237.5,142,0
STP,60,20240827,120000,239,240,238,240,51,0
STP,60,20240827,130000,239.5,239.5,238,238,18,0
STP,60,20240827,140000,238,239.5,238,239.5,8,0
STP,60,20240827,160000,241,243,241,243,83,0
STP,60,20240827,170000,240,242,240,242,21,0
STP,60,20240828,120000,239,241.5,239,241,44,0
STP,60,20240828,130000,239,240,238.5,239,92,0
STP,60,20240828,140000,239,239.5,238.5,238.5,9,0
STP,60,20240828,150000,238.5,238.5,238,238,11,0
STP,60,20240828,160000,239,239,239,239,2,0
STP,60,20240828,170000,239.5,239.5,239.5,239.5,2,0
STP,60,20240829,100000,237,237,235.5,235.5,137,0
STP,60,20240829,110000,236,237,235.5,237,95,0
STP,60,20240829,120000,237,237,237,237,2,0
STP,60,20240829,140000,236,236,235.5,235.5,68,0
STP,60,20240829,150000,237,237,237,237,2,0
STP,60,20240829,160000,237,237,236,237,138,0
STP,60,20240829,170000,236.5,237,236.5,237,20,0
STP,60,20240830,100000,235.5,235.5,235,235,110,0
STP,60,20240830,110000,235,238.5,235,238.5,316,0
STP,60,20240830,120000,238.5,238.5,237.5,237.5,214,0
STP,60,20240830,130000,237.5,238,237.5,237.5,104,0
STP,60,20240830,140000,237.5,238.5,237.5,238.5,42,0
STP,60,20240830,160000,238.5,238.5,238.5,238.5,8,0
STP,60,20240830,170000,238,238,236,236,778,0
STP,60,20240902,100000,238,239,237,237,63,0
STP,60,20240902,120000,236.5,236.5,236,236,25,0
STP,60,20240902,130000,238,238,238,238,18,0
STP,60,20240902,170000,237,243.5,237,243.5,336,0
STP,60,20240903,100000,240,242.5,240,242.5,6,0
STP,60,20240903,120000,242.5,242.5,242.5,242.5,43,0
STP,60,20240903,130000,240.5,240.5,240,240,150,0
STP,60,20240903,140000,241.5,241.5,241.5,241.5,2,0
STP,60,20240903,150000,240,240,240,240,50,0
STP,60,20240903,160000,240,240,239.5,239.5,82,0
STP,60,20240903,170000,239.5,239.5,239,239,14,0
STP,60,20240904,100000,238.5,238.5,236.5,236.5,109,0
STP,60,20240904,120000,236.5,236.5,236,236,101,0
STP,60,20240904,130000,236,237.5,236,237.5,47,0
STP,60,20240905,100000,239,239,236,237.5,69,0
STP,60,20240905,110000,237.5,240,237.5,240,140,0
STP,60,20240905,120000,240,241,240,240,993,0
STP,60,20240905,130000,242,242,239,242,9,0
STP,60,20240905,140000,240,240,240,240,1560,0
STP,60,20240905,160000,240,240,240,240,194,0
STP,60,20240905,170000,240.5,240.5,240,240,42,0
STP,60,20240906,100000,238,238,237,237,211,0
STP,60,20240906,110000,237.5,239,237.5,239,2,0
STP,60,20240906,120000,239,240,238,238,136,0
STP,60,20240906,130000,237.5,237.5,237.5,237.5,59,0
STP,60,20240906,140000,238.5,238.5,238.5,238.5,1,0
STP,60,20240906,150000,237,237,237,237,12,0
STP,60,20240906,170000,239,239,237,237,201,0
STP,60,20240909,100000,242,242,234,239.5,153,0
STP,60,20240909,110000,239.5,239.5,235,239,15,0
STP,60,20240909,130000,238.5,238.5,235,235,3,0
STP,60,20240909,140000,238,238,236,238,9,0
STP,60,20240909,150000,236,236,236,236,113,0
STP,60,20240909,170000,236,236,236,236,11,0
STP,60,20240910,100000,236,239,236,237,50,0
STP,60,20240910,110000,237,237,237,237,52,0
STP,60,20240910,120000,237,238,237,238,312,0
STP,60,20240910,140000,238,238,238,238,3,0
STP,60,20240910,150000,238,240,238,240,1105,0
STP,60,20240910,160000,240.5,240.5,240.5,240.5,2,0
STP,60,20240910,170000,239,240.5,239,240,322,0
STP,60,20240911,100000,240,240,240,240,20,0
STP,60,20240911,110000,237,237,236.5,236.5,37,0
STP,60,20240911,120000,236.5,236.5,236,236,36,0
STP,60,20240911,130000,238.5,238.5,236,236,9,0
STP,60,20240911,150000,236,236,234,234,198,0
STP,60,20240911,160000,234,234,234,234,10,0
STP,60,20240911,170000,235,235,232.5,233,170,0
STP,60,20240912,100000,233.5,236.5,233.5,236.5,19,0
STP,60,20240912,110000,235,235,233.5,233.5,35,0
STP,60,20240912,120000,235,235,235,235,2,0
STP,60,20240912,140000,235,235,234.5,234.5,35,0
STP,60,20240912,160000,234,235,234,235,102,0
STP,60,20240912,170000,235,235,233.5,233.5,45,0
STP,60,20240913,100000,236.5,236.5,236.5,236.5,1,0
STP,60,20240913,120000,235,235,234,234,1849,0
STP,60,20240913,140000,235,235,235,235,61,0
STP,60,20240913,170000,236.5,236.5,236.5,236.5,100,0
STP,60,20240916,100000,236.5,237,236.5,237,20,0
STP,60,20240916,110000,234.5,236.5,234.5,236.5,64,0
STP,60,20240916,120000,234.5,234.5,234.5,234.5,29,0
STP,60,20240916,130000,236.5,236.5,236.5,236.5,2,0
STP,60,20240916,140000,234,236.5,234,236.5,14,0
STP,60,20240916,160000,234.5,234.5,234.5,234.5,42,0
STP,60,20240916,170000,235,235,233,233,39,0
STP,60,20240917,100000,233,236.5,233,236.5,315,0
STP,60,20240917,120000,236.5,236.5,236.5,236.5,31,0
STP,60,20240917,130000,236.5,236.5,236.5,236.5,14,0
STP,60,20240917,140000,236.5,237.5,236.5,237.5,150,0
STP,60,20240917,150000,237.5,237.5,237.5,237.5,3,0
STP,60,20240917,160000,238,238,238,238,10,0
STP,60,20240917,170000,238,238,236,236,319,0
STP,60,20240918,100000,235.5,239,235.5,237,15,0
STP,60,20240918,110000,239,241,239,241,578,0
STP,60,20240918,120000,241.5,242,241,241,619,0
STP,60,20240918,130000,241,242,239,242,304,0
STP,60,20240918,140000,240.5,240.5,240.5,240.5,10,0
STP,60,20240918,160000,240.5,241.5,240.5,241.5,110,0
STP,60,20240918,170000,241,241,241,241,108,0
STP,60,20240919,100000,242,242,240,240,162,0
STP,60,20240919,110000,240,240,240,240,1534,0
STP,60,20240919,120000,240,241,240,241,25,0
STP,60,20240919,130000,241,241,241,241,41,0
STP,60,20240919,140000,240,240,240,240,353,0
STP,60,20240919,150000,241,241,241,241,48,0
STP,60,20240919,160000,240,240,240,240,592,0
STP,60,20240919,170000,240.5,240.5,240,240,422,0
STP,60,20240920,100000,239,240,238.5,240,2716,0
STP,60,20240920,110000,239,240.5,239,240.5,58,0
STP,60,20240920,130000,239.5,239.5,239.5,239.5,42,0
STP,60,20240920,140000,240.5,240.5,240.5,240.5,74,0
STP,60,20240920,150000,241,241,239.5,239.5,64,0
STP,60,20240920,160000,239.5,239.5,239.5,239.5,34,0
STP,60,20240920,170000,241,244,239.5,244,181,0
STP,60,20240923,100000,245,248.5,245,248,570,0
STP,60,20240923,110000,245.5,245.5,244,245.5,238,0
STP,60,20240923,120000,244,245.5,244,245.5,13,0
STP,60,20240923,130000,245.5,249,245.5,249,547,0
STP,60,20240923,140000,249,249,245.5,247.5,13,0
STP,60,20240923,150000,245.5,248,245.5,248,13,0
STP,60,20240923,160000,248,248,246,248,54,0
STP,60,20240923,170000,245.5,248,245.5,248,26,0
STP,60,20240924,100000,249,258,249,254.5,802,0
STP,60,20240924,110000,253,254.5,252.5,254.5,241,0
STP,60,20240924,120000,254.5,254.5,253,253,16,0
STP,60,20240924,130000,254,254.5,253,253,105,0
STP,60,20240924,140000,253,254.5,253,253,25,0
STP,60,20240924,150000,253,255,253,255,27,0
STP,60,20240924,160000,252.5,252.5,252.5,252.5,1,0
STP,60,20240924,170000,255,255,253,254.5,63,0
STP,60,20240925,100000,253.5,256,253.5,256,154,0
STP,60,20240925,110000,255,255,253,253,37,0
STP,60,20240925,120000,255,255,255,255,70,0
STP,60,20240925,130000,253,253,253,253,14,0
STP,60,20240925,140000,254,254,253,253,38,0
STP,60,20240925,150000,253.5,253.5,253.5,253.5,12,0
STP,60,20240925,160000,253.5,253.5,253.5,253.5,5,0
STP,60,20240925,170000,253.5,254.5,253.5,254,41,0
STP,60,20240926,100000,254,254,254,254,56,0
STP,60,20240926,110000,254.5,255,253.5,255,47,0
STP,60,20240926,120000,254,254,253.5,253.5,503,0
STP,60,20240926,130000,253.5,253.5,253.5,253.5,5,0
STP,60,20240926,140000,253.5,254,253.5,254,160,0
STP,60,20240926,150000,254,254,254,254,5,0
STP,60,20240926,160000,253.5,256,253.5,256,50,0
STP,60,20240927,100000,255.5,257,255.5,257,90,0
STP,60,20240927,110000,257,257,255,255,167,0
STP,60,20240927,120000,254.5,254.5,254.5,254.5,103,0
STP,60,20240927,130000,254.5,256,254.5,256,160,0
STP,60,20240927,140000,255.5,255.5,255.5,255.5,11,0
STP,60,20240927,150000,255.5,255.5,255.5,255.5,468,0
STP,60,20240927,160000,255.5,256,255.5,255.5,25,0
STP,60,20240927,170000,256,256,255.5,256,70,0
STP,60,20240930,100000,256,256,256,256,120,0
STP,60,20240930,110000,256.5,257,256.5,257,56,0
STP,60,20240930,120000,256.5,256.5,256.5,256.5,14,0
STP,60,20240930,130000,256.5,256.5,256,256,8,0
STP,60,20240930,140000,255.5,255.5,255.5,255.5,63,0
STP,60,20240930,150000,255.5,255.5,255.5,255.5,9,0
STP,60,20240930,160000,257,257,255.5,255.5,23,0
STP,60,20240930,170000,256,257,256,256,63,0
STP,60,20241001,100000,256,256,255,255,169,0
STP,60,20241001,110000,255,256,253,256,175,0
STP,60,20241001,140000,254.5,256,254.5,256,182,0
STP,60,20241001,150000,256,256,256,256,9,0
STP,60,20241001,170000,256,256,255,255.5,1435,0
STP,60,20241002,100000,256.5,256.5,256.5,256.5,30,0
STP,60,20241002,110000,255.5,255.5,250.5,250.5,166,0
STP,60,20241002,120000,251,251,251,251,140,0
STP,60,20241002,130000,254.5,254.5,254.5,254.5,1,0
STP,60,20241002,140000,252,252,252,252,20,0
STP,60,20241002,160000,251.5,251.5,251.5,251.5,1,0
STP,60,20241002,170000,251.5,252,251,251,58,0
STP,60,20241003,100000,254,254,246,250,515,0
STP,60,20241003,110000,247.5,251,247,250,32,0
STP,60,20241003,130000,250,250,250,250,83,0
STP,60,20241003,140000,250,250,250,250,12,0
STP,60,20241003,150000,250,251,250,251,38,0
STP,60,20241003,160000,251,251,251,251,3,0
STP,60,20241003,170000,250,251.5,250,251.5,50,0
STP,60,20241004,120000,247.5,247.5,247.5,247.5,19,0
STP,60,20241004,130000,247.5,251,247,251,7,0
STP,60,20241004,150000,250,250,250,250,46,0
STP,60,20241004,160000,250,250,250,250,111,0
STP,60,20241004,170000,250,251,250,251,52,0
STP,60,20241007,100000,250,251,250,250,105,0
STP,60,20241007,110000,253,253,253,253,17,0
STP,60,20241007,120000,250.5,250.5,250.5,250.5,2,0
STP,60,20241007,130000,250.5,250.5,250,250,191,0
STP,60,20241007,140000,249.5,249.5,249.5,249.5,5,0
STP,60,20241007,160000,251,251,251,251,23,0
STP,60,20241007,170000,250,252,250,252,102,0
STP,60,20241008,100000,250,251.5,250,251.5,61,0
STP,60,20241008,110000,250,251,247.5,248.5,160,0
STP,60,20241008,120000,248,248,241.5,241.5,370,0
STP,60,20241008,130000,247,250,247,247,110,0
STP,60,20241008,140000,250.5,250.5,248,248,33,0
STP,60,20241008,150000,250.5,250.5,250,250,36,0
STP,60,20241008,160000,248,248,248,248,5,0
STP,60,20241008,170000,250,250,250,250,136,0
STP,60,20241009,100000,250,252,250,250,171,0
STP,60,20241009,110000,250,250,250,250,43,0
STP,60,20241009,120000,250,250,248.5,250,136,0
STP,60,20241009,130000,250,250,248,250,238,0
STP,60,20241009,140000,249,250,248,250,357,0
STP,60,20241009,150000,250,251.5,250,251.5,364,0
STP,60,20241009,160000,250,250,250,250,8,0
STP,60,20241009,170000,250,251.5,250,251.5,104,0
STP,60,20241010,100000,252,252,250,250,87,0
STP,60,20241010,110000,250,250,250,250,329,0
STP,60,20241010,120000,251.5,251.5,250,250,48,0
STP,60,20241010,130000,250,250,250,250,2,0
STP,60,20241010,150000,249,249,249,249,10,0
STP,60,20241010,160000,249,249,248.5,248.5,50,0
STP,60,20241010,170000,249,249,248,249,3,0
STP,60,20241011,100000,249,249.5,249,249.5,53,0
STP,60,20241011,110000,250,250,250,250,25,0
STP,60,20241011,120000,248.5,248.5,246.5,248,353,0
STP,60,20241011,130000,246.5,246.5,246.5,246.5,15,0
STP,60,20241011,140000,246.5,247,246.5,247,21,0
STP,60,20241011,150000,247,247,247,247,10,0
STP,60,20241011,160000,247.5,247.5,247,247,40,0
STP,60,20241011,170000,248,248,248,248,1,0
STP,60,20241014,100000,246,251.5,246,251.5,173,0
STP,60,20241014,110000,250,250,246.5,246.5,204,0
STP,60,20241014,120000,249.5,249.5,247,247,3,0
STP,60,20241014,150000,247,247,247,247,19,0
STP,60,20241014,160000,246.5,246.5,246.5,246.5,6,0
STP,60,20241014,170000,248,248,248,248,38,0
STP,60,20241015,100000,249.5,249.5,246.5,246.5,21,0
STP,60,20241015,120000,246,248.5,246,248.5,10,0
STP,60,20241015,140000,246,246,246,246,7,0
STP,60,20241015,150000,246,246,243.5,244,107,0
STP,60,20241015,160000,247.5,247.5,246.5,246.5,21,0
STP,60,20241015,170000,247.5,247.5,247.5,247.5,1,0
STP,60,20241016,110000,246,246,246,246,2,0
STP,60,20241016,120000,247.5,247.5,246.5,246.5,21,0
STP,60,20241016,130000,247.5,247.5,247,247,19,0
STP,60,20241016,140000,248,248,244.5,244.5,80,0
STP,60,20241016,150000,247.5,247.5,245,247.5,25,0
STP,60,20241016,170000,245.5,247.5,245.5,247.5,9,0
STP,60,20241017,100000,244.5,246,235,241,487,0
STP,60,20241017,110000,241.5,242,241.5,242,12,0
STP,60,20241017,120000,240.5,240.5,239.5,239.5,111,0
STP,60,20241017,130000,239.5,239.5,236.5,237.5,217,0
STP,60,20241017,140000,236.5,237.5,236.5,236.5,62,0
STP,60,20241017,150000,236.5,236.5,236.5,236.5,35,0
STP,60,20241017,160000,236,237.5,236,236,44,0
STP,60,20241017,170000,237,237.5,236,237,31,0
STP,60,20241018,100000,235.5,236,235,235,427,0
STP,60,20241018,110000,237,237,235,236,77,0
STP,60,20241018,120000,234.5,235.5,234.5,234.5,248,0
STP,60,20241018,130000,234.5,237,234.5,234.5,13,0
STP,60,20241018,150000,235.5,235.5,235.5,235.5,14,0
STP,60,20241018,160000,237,237,237,237,1,0
STP,60,20241018,170000,235,237,235,237,37,0
STP,60,20241021,100000,235,237,235,235,124,0
STP,60,20241021,110000,235,235,228.5,233,2133,0
STP,60,20241021,120000,231.5,231.5,231,231,10,0
STP,60,20241021,130000,232.5,232.5,231,232,529,0
STP,60,20241021,140000,231,231,231,231,2,0
STP,60,20241021,150000,231,232,231,232,17,0
STP,60,20241021,160000,231,231,230.5,230.5,27,0
STP,60,20241021,170000,232,232,230.5,230.5,10,0
STP,60,20241022,100000,231,232,231,231,68,0
STP,60,20241022,110000,231,231,231,231,11,0
STP,60,20241022,120000,231,231,231,231,19,0
STP,60,20241022,130000,231,231,228,228,263,0
STP,60,20241022,140000,228.5,228.5,228.5,228.5,25,0
STP,60,20241022,160000,228.5,228.5,228,228,129,0
STP,60,20241022,170000,228,229,228,229,13,0
STP,60,20241023,100000,229,230.5,229,230.5,267,0
STP,60,20241023,110000,230.5,232.5,226,226,186,0
STP,60,20241023,120000,226,226,225.5,225.5,75,0
STP,60,20241023,130000,225.5,225.5,225.5,225.5,2,0
STP,60,20241023,150000,226,226,226,226,10,0
STP,60,20241023,160000,226,226.5,226,226.5,113,0
STP,60,20241023,170000,227,227.5,227,227.5,7,0
STP,60,20241024,100000,228,232,228,232,182,0
STP,60,20241024,110000,231,231,230.5,230.5,43,0
STP,60,20241024,120000,230.5,230.5,230,230,82,0
STP,60,20241024,130000,229,229,229,229,1,0
STP,60,20241024,140000,229,229,229,229,50,0
STP,60,20241024,150000,229,230,229,230,14,0
STP,60,20241024,160000,229.5,229.5,229.5,229.5,3,0
STP,60,20241024,170000,230.5,231,229.5,229.5,52,0
STP,60,20241025,100000,232,232,228.5,228.5,103,0
STP,60,20241025,110000,228.5,228.5,228,228,41,0
STP,60,20241025,120000,228,228.5,227.5,227.5,43,0
STP,60,20241025,130000,228,231,228,231,546,0
STP,60,20241025,140000,231.5,231.5,231,231,17,0
STP,60,20241025,150000,231,231,231,231,39,0
STP,60,20241025,160000,231,231.5,231,231.5,3,0
STP,60,20241025,170000,231.5,233.5,231.5,233,140,0
STP,60,20241028,100000,227.5,233.5,227.5,231,82,0
STP,60,20241028,110000,233.5,234.5,233.5,234.5,99,0
STP,60,20241028,120000,236,236,233,233,6,0
STP,60,20241028,130000,236,237,236,236,99,0
STP,60,20241028,140000,237,239,237,239,31,0
STP,60,20241028,160000,239,240,239,239.5,126,0
STP,60,20241028,170000,239,248,239,239,469,0
STP,60,20241029,100000,239.5,245,239.5,242,187,0
STP,60,20241029,110000,242,242,242,242,9,0
STP,60,20241029,120000,242,244,242,244,46,0
STP,60,20241029,130000,240.5,240.5,240.5,240.5,2,0
STP,60,20241029,150000,243.5,243.5,243.5,243.5,1,0
STP,60,20241029,170000,243,243,243,243,143,0
STP,60,20241030,110000,243,243,243,243,25,0
STP,60,20241030,120000,243,243.5,243,243.5,54,0
STP,60,20241030,130000,244,244,243,243,20,0
STP,60,20241030,140000,243,243,243,243,46,0
STP,60,20241030,150000,243,243,243,243,352,0
STP,60,20241030,160000,243,243,243,243,37,0
STP,60,20241030,170000,241,244,240.5,244,21,0
STP,60,20241031,100000,235,240,235,240,107,0
STP,60,20241031,110000,236,240,235.5,240,65,0
STP,60,20241031,120000,238.5,238.5,238.5,238.5,6,0
STP,60,20241031,130000,238.5,238.5,238.5,238.5,11,0
STP,60,20241031,140000,238.5,238.5,238.5,238.5,11,0
STP,60,20241031,150000,239,239,239,239,15,0
STP,60,20241031,160000,240.5,240.5,240.5,240.5,13,0
STP,60,20241031,170000,241,242,240,240,921,0
STP,60,20241104,100000,236.5,238.5,236,236,78,0
STP,60,20241104,110000,238.5,238.5,236.5,236.5,3,0
STP,60,20241104,120000,236.5,238.5,236.5,238.5,24,0
STP,60,20241104,130000,238.5,238.5,238.5,238.5,236,0
STP,60,20241104,150000,238.5,240,238.5,239,85,0
STP,60,20241104,160000,238.5,238.5,238.5,238.5,18,0
STP,60,20241104,170000,240.5,240.5,240.5,240.5,1,0
STP,60,20241105,100000,238,240,237,240,41,0
STP,60,20241105,120000,237.5,237.5,237.5,237.5,2,0
STP,60,20241105,130000,237.5,237.5,237.5,237.5,7,0
STP,60,20241105,150000,237.5,237.5,237,237,17,0
STP,60,20241105,160000,237.5,237.5,237.5,237.5,20,0
STP,60,20241105,170000,237,239.5,237,239.5,68,0
STP,60,20241106,100000,239,239,236,236,107,0
STP,60,20241106,120000,236,236,235,235.5,91,0
STP,60,20241106,140000,235,235,234.5,234.5,152,0
STP,60,20241106,150000,234.5,235.5,233.5,235.5,169,0
STP,60,20241106,160000,235.5,235.5,235,235,22,0
STP,60,20241106,170000,236.5,236.5,236.5,236.5,1,0
STP,60,20241107,100000,234,238.5,234,238.5,29,0
STP,60,20241107,110000,239,240,236,236,68,0
STP,60,20241107,130000,236,240,236,240,98,0
STP,60,20241107,150000,237.5,239.5,236,239.5,136,0
STP,60,20241107,160000,236.5,238.5,236.5,238.5,37,0
STP,60,20241108,100000,238.5,238.5,238.5,238.5,15,0
STP,60,20241108,130000,238,238,236.5,236.5,9,0
STP,60,20241108,150000,236.5,236.5,234.5,234.5,230,0
STP,60,20241108,160000,234,234,234,234,9,0
STP,60,20241108,170000,234.5,237.5,234.5,237.5,9,0
STP,60,20241112,100000,236.5,237,233,233,191,0
STP,60,20241112,110000,234,234,234,234,5,0
STP,60,20241112,120000,232.5,232.5,232.5,232.5,20,0
STP,60,20241112,130000,232.5,232.5,232.5,232.5,15,0
STP,60,20241112,140000,232,232,232,232,2,0
STP,60,20241112,150000,232.5,233,232.5,233,2,0
STP,60,20241112,160000,232,232.5,231,231,86,0
STP,60,20241113,100000,230,230.5,230,230.5,66,0
STP,60,20241113,110000,229,229,227.5,227.5,45,0
STP,60,20241113,120000,227.5,227.5,227,227,24,0
STP,60,20241113,130000,226,226.5,225,226.5,144,0
STP,60,20241113,140000,225.5,225.5,224.5,224.5,135,0
STP,60,20241113,150000,224.5,224.5,223,223.5,203,0
STP,60,20241113,160000,223.5,224,223.5,223.5,32,0
STP,60,20241113,170000,223,224,223,223.5,162,0
STP,60,20241114,100000,222.5,223,220.5,223,133,0
STP,60,20241114,110000,223,224,223,223,62,0
STP,60,20241114,120000,223.5,223.5,222.5,222.5,42,0
STP,60,20241114,130000,223.5,223.5,223.5,223.5,19,0
STP,60,20241114,140000,223,223,223,223,20,0
STP,60,20241114,150000,223.5,223.5,223.5,223.5,65,0
STP,60,20241114,160000,223,223,222,222,178,0
STP,60,20241114,170000,222.5,224,222,224,81,0
STP,60,20241115,100000,224,224,222.5,222.5,65,0
STP,60,20241115,110000,222.5,223,222,222,50,0
STP,60,20241115,120000,222,224,222,224,13,0
STP,60,20241115,130000,222.5,222.5,222.5,222.5,43,0
STP,60,20241115,140000,222.5,222.5,222.5,222.5,16,0
STP,60,20241115,150000,222.5,222.5,222,222,95,0
STP,60,20241115,160000,222,222.5,222,222.5,8,0
STP,60,20241115,170000,222,223,222,223,3,0
STP,60,20241118,100000,223,223,222,222,90,0
STP,60,20241118,110000,222,222,222,222,3,0
STP,60,20241118,120000,222.5,222.5,222,222,95,0
STP,60,20241118,130000,222,222,222,222,1,0
STP,60,20241118,150000,222,222,222,222,250,0
STP,60,20241118,170000,222,222,222,222,10,0
STP,60,20241119,100000,222,222,222,222,40,0
STP,60,20241119,110000,221.5,221.5,221.5,221.5,20,0
STP,60,20241119,130000,221.5,221.5,221,221,37,0
STP,60,20241119,140000,221,221,221,221,56,0
STP,60,20241119,150000,220.5,220.5,217,219,183,0
STP,60,20241119,160000,217,217,215.5,215.5,162,0
STP,60,20241119,170000,215.5,218.5,215.5,218.5,11,0
STP,60,20241120,100000,218.5,220,216,216,125,0
STP,60,20241120,110000,215,218,214.5,218,315,0
STP,60,20241120,120000,219.5,220,219.5,220,50,0
STP,60,20241120,130000,221,221,220,220,21,0
STP,60,20241120,140000,220,220,220,220,27,0
STP,60,20241120,150000,220,220,220,220,24,0
STP,60,20241120,170000,220,221,220,221,35,0
STP,60,20241121,110000,220.5,220.5,219,219,68,0
STP,60,20241121,120000,221,222,221,222,22,0
STP,60,20241121,130000,222,222,222,222,14,0
STP,60,20241121,140000,221.5,221.5,221,221,151,0
STP,60,20241121,170000,220.5,221,220.5,221,7,0
STP,60,20241122,100000,218,222,218,221.5,79,0
STP,60,20241122,130000,219.5,220.5,219,219,53,0
STP,60,20241122,140000,219,220,218,220,72,0
STP,60,20241122,160000,218,218,218,218,10,0
STP,60,20241122,170000,220,220,216.5,219.5,64,0
STP,60,20241125,100000,217.5,221.5,217.5,221.5,56,0
STP,60,20241125,130000,219.5,219.5,219.5,219.5,50,0
STP,60,20241125,140000,219.5,219.5,219.5,219.5,6,0
STP,60,20241125,150000,221,221,219.5,219.5,21,0
STP,60,20241125,170000,221,221,219.5,219.5,9,0
STP,60,20241126,100000,219.5,219.5,219.5,219.5,39,0
STP,60,20241126,110000,220.5,220.5,220,220,11,0
STP,60,20241126,120000,220,221.5,220,220,32,0
STP,60,20241126,170000,221.5,221.5,220.5,220.5,32,0
STP,60,20241127,100000,220,220,220,220,79,0
STP,60,20241127,110000,221,221.5,221,221.5,40,0
STP,60,20241127,120000,221.5,221.5,221.5,221.5,10,0
STP,60,20241127,130000,221,221,221,221,140,0
STP,60,20241127,150000,221,221,220,220,137,0
STP,60,20241127,160000,221.5,221.5,221.5,221.5,100,0
STP,60,20241127,170000,221.5,221.5,221.5,221.5,144,0
STP,60,20241128,100000,222,224.5,220,224.5,148,0
STP,60,20241128,110000,224.5,224.5,224.5,224.5,7,0
STP,60,20241128,140000,223.5,223.5,223.5,223.5,10,0
STP,60,20241128,150000,222,222.5,222,222.5,59,0
STP,60,20241128,160000,222,222,222,222,4,0
STP,60,20241128,170000,222,223,222,223,9,0
STP,60,20241129,100000,223,223,222,222,23,0
STP,60,20241129,110000,222.5,222.5,221.5,221.5,21,0
STP,60,20241129,120000,221.5,222.5,221,222.5,95,0
STP,60,20241129,150000,221,221,221,221,40,0
STP,60,20241129,160000,222.5,222.5,222.5,222.5,50,0
STP,60,20241129,170000,223,223,223,223,16,0
STP,60,20241202,100000,223,223,221.5,221.5,21,0
STP,60,20241202,110000,223,223,223,223,3,0
STP,60,20241202,120000,222.5,222.5,222.5,222.5,60,0
STP,60,20241202,130000,222.5,222.5,222.5,222.5,40,0
STP,60,20241202,140000,221.5,221.5,221.5,221.5,20,0
STP,60,20241202,150000,221.5,221.5,219,220,2159,0
STP,60,20241202,160000,220,220,220,220,899,0
STP,60,20241202,170000,221,221.5,220,221,166,0
STP,60,20241203,100000,221.5,223.5,221.5,223,127,0
STP,60,20241203,110000,222.5,222.5,222.5,222.5,3,0
STP,60,20241203,120000,221,221,220,220,109,0
STP,60,20241203,130000,220.5,220.5,220,220,41,0
STP,60,20241203,140000,222,222,222,222,1,0
STP,60,20241203,150000,220,220,220,220,294,0
STP,60,20241203,160000,221,221,220,220,34,0
STP,60,20241203,170000,221,221,221,221,2,0
STP,60,20241204,100000,220,222,220,220,115,0
STP,60,20241204,110000,220,220,220,220,129,0
STP,60,20241204,120000,220,220,220,220,734,0
STP,60,20241204,130000,221.5,221.5,220,220,70,0
STP,60,20241204,140000,221,221,220,220,17,0
STP,60,20241204,150000,219,220.5,218,220.5,2198,0
STP,60,20241204,160000,220,220,219,220,89,0
STP,60,20241204,170000,219,219,219,219,3,0
STP,60,20241205,100000,219,222,219,221.5,148,0
STP,60,20241205,140000,221.5,221.5,221.5,221.5,4,0
STP,60,20241205,150000,221.5,221.5,221.5,221.5,15,0
STP,60,20241205,160000,222,222.5,222,222.5,168,0
STP,60,20241205,170000,222.5,223.5,222.5,223.5,189,0
STP,60,20241206,100000,223.5,223.5,222.5,222.5,54,0
STP,60,20241206,110000,223.5,223.5,223.5,223.5,75,0
STP,60,20241206,120000,223.5,223.5,223.5,223.5,35,0
STP,60,20241206,130000,223.5,223.5,223.5,223.5,37,0
STP,60,20241209,100000,223,223.5,223,223.5,28,0
STP,60,20241209,110000,223,223,223,223,32,0
STP,60,20241209,170000,223,223.5,223,223.5,50,0
STP,60,20241210,100000,223.5,223.5,223.5,223.5,32,0
STP,60,20241210,110000,223,223,223,223,9,0
STP,60,20241210,120000,221,221,220.5,220.5,51,0
STP,60,20241210,130000,223.5,223.5,223.5,223.5,1,0
STP,60,20241210,170000,220.5,222,220.5,222,7,0
STP,60,20241211,100000,222,222,222,222,1,0
STP,60,20241211,110000,221,221,220.5,220.5,27,0
STP,60,20241211,120000,220.5,220.5,220.5,220.5,10,0
STP,60,20241211,140000,220.5,222,220,220,80,0
STP,60,20241211,150000,220.5,220.5,220,220.5,42,0
STP,60,20241211,160000,220.5,222,220,222,71,0
STP,60,20241211,170000,220,222,220,222,157,0
STP,60,20241212,100000,222,222,220,222,17,0
STP,60,20241212,110000,220.5,220.5,220.5,220.5,4,0
STP,60,20241212,120000,222,222,220.5,221,56,0
STP,60,20241212,130000,220.5,220.5,220,220,39,0
STP,60,20241212,140000,220,220,220,220,218,0
STP,60,20241212,150000,220,220,220,220,71,0
STP,60,20241212,160000,220,220,220,220,103,0
STP,60,20241212,170000,220,222,220,220,421,0
STP,60,20241213,100000,220,222,220,222,24,0
STP,60,20241213,120000,220,222,220,220,189,0
STP,60,20241213,130000,220,220,220,220,75,0
STP,60,20241213,140000,220,221,220,221,39,0
STP,60,20241213,150000,222,222,222,222,2,0
STP,60,20241213,170000,220.5,222,220,220,93,0
STP,60,20241216,100000,220,222.5,220,221.5,291,0
STP,60,20241216,110000,222.5,222.5,221.5,221.5,62,0
STP,60,20241216,120000,221.5,221.5,221.5,221.5,114,0
STP,60,20241216,130000,221.5,221.5,221.5,221.5,367,0
STP,60,20241216,140000,221.5,221.5,221.5,221.5,51,0
STP,60,20241216,150000,221.5,221.5,221.5,221.5,46,0
STP,60,20241216,160000,222,222,222,222,146,0
STP,60,20241216,170000,221,223,220,220,264,0
STP,60,20241217,100000,220,222.5,220,222.5,1144,0
STP,60,20241217,110000,220,220,220,220,1119,0
STP,60,20241217,120000,221,221,219,219.5,715,0
STP,60,20241217,130000,219.5,219.5,217,218.5,1880,0
STP,60,20241217,140000,217,219,217,219,1824,0
STP,60,20241217,150000,217.5,219,217,217,91,0
STP,60,20241217,160000,219,219,217,217,229,0
STP,60,20241217,170000,218.5,218.5,217,218,414,0
STP,60,20241218,100000,217,219.5,217,217,341,0
STP,60,20241218,110000,217,219.5,217,217.5,218,0
STP,60,20241218,120000,219,219,217,219,1114,0
STP,60,20241218,130000,218.5,218.5,218,218,59,0
STP,60,20241218,140000,218,218.5,218,218.5,51,0
STP,60,20241218,150000,218.5,218.5,216,218,1640,0
STP,60,20241218,160000,216.5,219,216,219,916,0
STP,60,20241218,170000,218.5,219.5,216,219.5,898,0
STP,60,20241219,100000,216,219,216,219,11,0
STP,60,20241219,110000,217,217,217,217,23,0
STP,60,20241219,120000,216.5,216.5,216.5,216.5,39,0
STP,60,20241219,130000,219,219,219,219,2,0
STP,60,20241219,170000,218,218,218,218,1,0
STP,60,20241220,110000,216.5,217,216.5,217,15,0
STP,60,20241220,120000,216.5,216.5,216.5,216.5,48,0
STP,60,20241220,130000,216.5,216.5,216.5,216.5,49,0
STP,60,20241220,140000,216.5,217,216.5,216.5,130,0
STP,60,20241220,160000,217,217,217,217,25,0
STP,60,20241220,170000,216.5,217,216.5,217,82,0
STP,60,20241223,100000,217,218,216.5,216.5,223,0
STP,60,20241223,110000,216.5,218,216.5,217,88,0
STP,60,20241223,120000,217,218.5,217,218.5,155,0
STP,60,20241223,130000,218.5,218.5,217.5,217.5,152,0
STP,60,20241223,140000,217,217,217,217,125,0
STP,60,20241223,150000,217.5,217.5,217,217,69,0
STP,60,20241223,160000,217.5,217.5,217.5,217.5,1,0
STP,60,20241223,170000,217,217.5,217,217.5,114,0
STP,60,20241227,100000,217.5,217.5,217,217,227,0
STP,60,20241227,110000,217,223.5,217,218.5,105,0
STP,60,20241227,120000,222,222,222,222,20,0
STP,60,20241227,150000,221,221,221,221,4,0
STP,60,20241227,160000,219.5,219.5,219,219,47,0
STP,60,20241227,170000,219,220,219,220,60,0
STP,60,20241230,100000,218.5,220,218.5,220,60,0
STP,60,20241230,110000,219,219,218.5,218.5,75,0
STP,60,20241230,120000,221.5,221.5,219,219,8,0
STP,60,20241230,130000,220,220,220,220,10,0
STP,60,20241230,140000,219,221.5,217,221.5,128,0
STP,60,20241230,160000,217.5,219.5,217.5,219.5,66,0
STP,60,20241230,170000,219.5,222,218,222,312,0
STP,60,20250102,100000,217.5,222,217.5,222,7,0
STP,60,20250102,110000,222,222,219.5,219.5,10,0
STP,60,20250102,120000,221.5,222,221.5,222,15,0
STP,60,20250102,160000,220,220,220,220,3,0
STP,60,20250102,170000,222,222,221.5,221.5,237,0
STP,60,20250103,100000,223,223.5,223,223.5,44,0
STP,60,20250103,110000,223.5,223.5,220,220,78,0
STP,60,20250103,120000,220,220,220,220,20,0
STP,60,20250103,130000,220,220,219,220,139,0
STP,60,20250103,160000,220,220,220,220,149,0
STP,60,20250103,170000,220,222.5,220,222.5,92,0
STP,60,20250107,100000,222.5,223.5,222.5,223.5,124,0
STP,60,20250107,110000,223.5,223.5,223.5,223.5,2,0
STP,60,20250107,120000,222.5,223.5,219.5,219.5,137,0
STP,60,20250107,130000,222.5,222.5,222.5,222.5,1,0
STP,60,20250107,170000,224.5,224.5,224,224,29,0
STP,60,20250108,100000,224.5,228,224.5,228,305,0
STP,60,20250108,110000,227,227.5,227,227.5,37,0
STP,60,20250108,120000,227.5,227.5,227.5,227.5,2,0
STP,60,20250108,140000,226,226,225,225,6,0
STP,60,20250108,150000,225,225,225,225,8,0
STP,60,20250108,170000,225,225,224,224,132,0
STP,60,20250109,100000,224,224,224,224,4,0
STP,60,20250109,110000,226,226,223.5,223.5,7,0
STP,60,20250109,120000,225,225,225,225,5,0
STP,60,20250110,100000,223,224,223,224,41,0
STP,60,20250110,110000,223.5,223.5,222,222,192,0
STP,60,20250110,120000,222,223,221.5,223,203,0
STP,60,20250110,130000,224.5,224.5,221.5,221.5,7,0
STP,60,20250110,140000,221.5,222,221.5,222,11,0
STP,60,20250110,150000,222,222,222,222,15,0
STP,60,20250110,160000,222,222,222,222,2,0
STP,60,20250113,100000,224,225,222,223.5,85,0
STP,60,20250113,110000,223.5,223.5,223.5,223.5,9,0
STP,60,20250113,120000,223.5,223.5,223.5,223.5,2,0
STP,60,20250113,130000,223,223,222,222,32,0
STP,60,20250113,140000,222,224,222,224,28,0
STP,60,20250113,150000,224,224,224,224,89,0
STP,60,20250113,160000,224.5,224.5,223,223.5,65,0
STP,60,20250113,170000,223,225.5,223,224.5,25,0
STP,60,20250114,100000,222,223,221.5,223,64,0
STP,60,20250114,140000,222.5,222.5,222.5,222.5,10,0
STP,60,20250114,150000,222.5,222.5,222.5,222.5,40,0
STP,60,20250114,160000,223,223,222.5,222.5,35,0
STP,60,20250114,170000,222.5,224.5,222.5,224.5,250,0
STP,60,20250115,100000,222,224,222,224,25,0
STP,60,20250115,110000,221.5,221.5,221.5,221.5,22,0
STP,60,20250115,130000,221.5,224,221.5,223.5,20,0
STP,60,20250115,160000,222.5,222.5,222,222,121,0
STP,60,20250115,170000,221.5,222,221.5,221.5,21,0
STP,60,20250116,100000,221.5,221.5,221.5,221.5,5,0
STP,60,20250116,110000,224,224,224,224,101,0
STP,60,20250117,100000,221.5,223.5,221.5,223.5,30,0
STP,60,20250117,110000,223,223.5,223,223.5,40,0
STP,60,20250117,120000,222.5,223,222.5,223,20,0
STP,60,20250117,130000,223.5,224,223.5,224,30,0
STP,60,20250117,140000,224,224,224,224,35,0
STP,60,20250120,100000,224,224,222,222,20,0
STP,60,20250120,130000,222,222,222,222,35,0
STP,60,20250120,140000,221.5,222,221.5,222,42,0
STP,60,20250120,150000,221,221.5,221,221.5,8,0
STP,60,20250120,160000,221.5,221.5,221.5,221.5,14,0
STP,60,20250120,170000,222,222,221.5,221.5,5,0
STP,60,20250121,100000,222,222,222,222,140,0
STP,60,20250121,110000,222,222,222,222,112,0
STP,60,20250121,120000,222,222,222,222,10,0
STP,60,20250121,130000,223.5,223.5,223.5,223.5,19,0
STP,60,20250121,150000,223.5,224.5,223.5,224.5,72,0
STP,60,20250121,170000,223,223,223,223,10,0
STP,60,20250122,100000,224,224,224,224,8,0
STP,60,20250122,130000,222.5,222.5,222.5,222.5,4,0
STP,60,20250122,150000,224,224,224,224,18,0
STP,60,20250122,160000,224,224,224,224,23,0
STP,60,20250122,170000,224.5,224.5,224.5,224.5,5,0
STP,60,20250123,100000,223.5,223.5,222,222,96,0
STP,60,20250123,110000,223.5,223.5,221.5,221.5,14,0
STP,60,20250123,130000,221.5,223.5,221.5,223.5,182,0
STP,60,20250123,140000,222.5,222.5,222,222,20,0
STP,60,20250123,150000,223.5,224,222.5,222.5,188,0
STP,60,20250123,160000,224,225,224,225,173,0
STP,60,20250123,170000,223.5,226,223.5,226,175,0
STP,60,20250124,100000,222.5,225,222.5,225,10,0
STP,60,20250124,120000,224.5,224.5,224.5,224.5,10,0
STP,60,20250124,130000,224.5,225.5,224.5,225.5,68,0
STP,60,20250124,140000,225.5,227.5,225.5,227.5,217,0
STP,60,20250124,150000,227.5,227.5,226,227.5,25,0
STP,60,20250124,160000,227,227.5,227,227.5,12,0
STP,60,20250124,170000,226,227.5,226,227.5,44,0
STP,60,20250127,100000,225.5,225.5,224.5,224.5,51,0
STP,60,20250127,110000,224.5,225,224.5,225,24,0
STP,60,20250127,120000,224.5,224.5,224.5,224.5,5,0
STP,60,20250127,130000,224.5,224.5,224.5,224.5,17,0
STP,60,20250127,150000,226,226,226,226,1,0
STP,60,20250127,160000,226,226,226,226,10,0
STP,60,20250127,170000,224.5,224.5,224.5,224.5,15,0
STP,60,20250128,100000,223.5,223.5,223.5,223.5,12,0
STP,60,20250128,110000,223.5,223.5,222.5,222.5,12,0
STP,60,20250128,120000,222.5,222.5,222.5,222.5,31,0
STP,60,20250128,130000,224,224,224,224,1,0
STP,60,20250128,150000,222.5,222.5,222.5,222.5,15,0
STP,60,20250128,160000,222.5,223,222.5,223,22,0
STP,60,20250128,170000,223.5,223.5,223.5,223.5,10,0
STP,60,20250129,100000,223.5,226.5,223.5,226.5,111,0
STP,60,20250129,110000,227.5,227.5,227.5,227.5,7,0
STP,60,20250129,120000,223.5,223.5,223.5,223.5,2,0
STP,60,20250129,140000,227,227,227,227,1,0
STP,60,20250129,170000,226.5,227,226,226,24,0
STP,60,20250130,100000,226,226,226,226,27,0
STP,60,20250130,110000,225,225,224,224,23,0
STP,60,20250130,120000,224,225.5,223,225.5,113,0
STP,60,20250130,130000,225.5,225.5,225.5,225.5,3,0
STP,60,20250130,140000,223.5,223.5,223.5,223.5,7,0
STP,60,20250130,160000,223.5,224.5,222,224.5,241,0
STP,60,20250131,100000,223,223,223,223,15,0
STP,60,20250131,120000,223,223,223,223,5,0
STP,60,20250131,140000,222.5,222.5,222,222,21,0
STP,60,20250131,150000,222,222,222,222,8,0
STP,60,20250131,160000,222,222,222,222,20,0
STP,60,20250131,170000,222.5,223.5,222.5,223.5,17,0
STP,60,20250203,100000,223.5,223.5,221.5,221.5,27,0
STP,60,20250203,110000,221.5,221.5,221.5,221.5,15,0
STP,60,20250203,120000,223.5,223.5,223.5,223.5,103,0
STP,60,20250203,130000,222,222,222,222,13,0
STP,60,20250203,140000,223.5,223.5,221,223.5,141,0
STP,60,20250203,160000,222,222,222,222,4,0
STP,60,20250203,170000,223.5,223.5,223.5,223.5,1,0
STP,60,20250204,100000,223.5,223.5,222,222,23,0
STP,60,20250204,110000,222,223.5,222,223.5,12,0
STP,60,20250204,150000,222,222,221.5,221.5,50,0
STP,60,20250204,160000,222.5,222.5,222.5,222.5,2,0
STP,60,20250204,170000,221.5,223,221.5,223,29,0
STP,60,20250205,100000,222.5,222.5,222.5,222.5,12,0
STP,60,20250205,110000,222,224,222,224,13,0
STP,60,20250205,130000,223,224,221.5,224,126,0
STP,60,20250205,160000,222.5,222.5,222.5,222.5,5,0
STP,60,20250205,170000,222,223.5,222,223.5,33,0
STP,60,20250206,100000,223,223.5,223,223,40,0
STP,60,20250206,110000,223,223,223,223,20,0
STP,60,20250206,120000,223,224,222,222,184,0
STP,60,20250206,130000,223,223,222.5,222.5,35,0
STP,60,20250206,140000,224,224,224,224,9,0
STP,60,20250206,150000,224,224,224,224,1,0
STP,60,20250207,100000,224,224,224,224,38,0
STP,60,20250207,110000,224.5,227,224.5,227,135,0
STP,60,20250207,120000,226.5,226.5,226.5,226.5,14,0
STP,60,20250207,130000,226.5,228,225,228,227,0
STP,60,20250207,140000,228.5,230,228.5,230,174,0
STP,60,20250207,150000,230,239.5,230,239.5,609,0
STP,60,20250207,160000,240,246,235,244,761,0
STP,60,20250207,170000,243.5,243.5,240,240,157,0
STP,60,20250210,100000,240,240,238,238,80,0
STP,60,20250210,110000,238,242,238,238.5,187,0
STP,60,20250210,120000,239,241.5,239,241,163,0
STP,60,20250210,130000,240,251,240,251,2823,0
STP,60,20250210,140000,250,251,247.5,250,273,0
STP,60,20250210,150000,249,249.5,249,249.5,95,0
STP,60,20250210,160000,247,248.5,247,248.5,51,0
STP,60,20250210,170000,248.5,250,248.5,249.5,216,0
STP,60,20250211,100000,247.5,250,247.5,247.5,41,0
STP,60,20250211,110000,246,246,246,246,2,0
STP,60,20250211,130000,246.5,248.5,245,245,21037,0
STP,60,20250211,140000,245,248,245,248,1031,0
STP,60,20250211,150000,247.5,247.5,247.5,247.5,19,0
STP,60,20250211,160000,245.5,248,245.5,248,4,0
STP,60,20250211,170000,247,247,247,247,9,0
STP,60,20250212,100000,245.5,248,245.5,245.5,49,0
STP,60,20250212,110000,246,247.5,246,247.5,19,0
STP,60,20250212,120000,246,246,245,245,177,0
STP,60,20250212,130000,245,245,245,245,42,0
STP,60,20250212,140000,245,245,245,245,152,0
STP,60,20250212,150000,245,245,245,245,38,0
STP,60,20250212,160000,245,245,245,245,117,0
STP,60,20250212,170000,245,245,245,245,71,0
STP,60,20250213,100000,245,246,244,245.5,96,0
STP,60,20250213,110000,244.5,244.5,244,244,159,0
STP,60,20250213,120000,244,244,242.5,242.5,114,0
STP,60,20250213,130000,242.5,243.5,242,242,51,0
STP,60,20250213,140000,243,243.5,243,243.5,12,0
STP,60,20250213,150000,243.5,245.5,243.5,245,497,0
STP,60,20250213,160000,245.5,246.5,245.5,246.5,137,0
STP,60,20250213,170000,244,246.5,244,246.5,337,0
STP,60,20250214,100000,247,247,244.5,246.5,74,0
STP,60,20250214,110000,245,246.5,245,246.5,69,0
STP,60,20250214,130000,244.5,244.5,244.5,244.5,25,0
STP,60,20250214,170000,245,245,244,244,59,0
STP,60,20250217,100000,243,243,242.5,242.5,39,0
STP,60,20250217,110000,242.5,242.5,242,242,285,0
STP,60,20250217,120000,242,242,242,242,8,0
STP,60,20250217,130000,242,242,237.5,237.5,1415,0
STP,60,20250217,140000,242,242,239,239,3,0
STP,60,20250217,170000,241,242,238,238,233,0
STP,60,20250218,100000,241,241,240.5,240.5,2,0
STP,60,20250218,110000,240.5,240.5,239,239,29,0
STP,60,20250218,120000,240.5,240.5,240.5,240.5,12,0
STP,60,20250218,130000,238.5,238.5,237.5,237.5,130,0
STP,60,20250218,140000,237.5,237.5,237,237,18,0
STP,60,20250218,150000,238.5,241.5,238.5,241,169,0
STP,60,20250218,170000,241,241,241,241,51,0
STP,60,20250219,100000,239,241,239,239,141,0
STP,60,20250219,110000,239,247.5,239,247.5,256,0
STP,60,20250219,120000,242,242,239,239,32,0
STP,60,20250219,130000,239,239,239,239,7,0
STP,60,20250219,140000,239,239,239,239,9,0
STP,60,20250219,150000,239,245.5,238.5,240.5,249,0
STP,60,20250219,160000,240.5,240.5,240,240,25,0
STP,60,20250219,170000,240,240,234.5,234.5,307,0
STP,60,20250220,100000,234.5,237,234.5,237,60,0
STP,60,20250220,110000,237,237.5,237,237.5,62,0
STP,60,20250220,120000,236,236,234,234,67,0
STP,60,20250220,130000,236,236,236,236,97,0
STP,60,20250220,140000,236,236,236,236,64,0
STP,60,20250220,150000,236,239,234.5,239,77,0
STP,60,20250220,160000,239.5,239.5,239,239,50,0
STP,60,20250220,170000,239.5,242,239.5,241.5,28,0
STP,60,20250221,100000,236.5,241.5,236.5,241,15,0
STP,60,20250221,130000,239,239,238.5,238.5,34,0
STP,60,20250221,140000,241,250,241,249.5,985,0
STP,60,20250221,150000,248,249,245,246,1162,0
STP,60,20250221,160000,246,254,246,254,1456,0
STP,60,20250221,170000,253.5,254,240.5,244.5,763,0
STP,60,20250224,100000,245.5,250,244,244,456,0
STP,60,20250224,110000,244,244,242.5,242.5,85,0
STP,60,20250224,120000,242.5,244,242.5,244,368,0
STP,60,20250224,130000,244,244,242.5,244,71,0
STP,60,20250224,140000,244,244,242.5,244,278,0
STP,60,20250224,150000,242,244,242,244,58,0
STP,60,20250224,160000,244,246.5,243,246.5,336,0
STP,60,20250224,170000,246,247,244.5,244.5,169,0
STP,60,20250225,100000,244.5,247,244,244,36,0
STP,60,20250225,110000,242,245,240,240,296,0
STP,60,20250225,120000,244,244,240.5,240.5,21,0
STP,60,20250225,130000,240.5,244,240.5,244,11,0
STP,60,20250225,140000,243,243,241,241,10,0
STP,60,20250225,160000,243,243,243,243,6,0
STP,60,20250225,170000,241.5,241.5,241.5,241.5,10,0
STP,60,20250226,110000,243,243,243,243,1,0
STP,60,20250226,130000,242,242,242,242,6,0
STP,60,20250226,140000,243,243,243,243,1,0
STP,60,20250226,160000,242,244,242,243,571,0
STP,60,20250226,170000,246,246,246,246,5,0
STP,60,20250227,100000,246,246,243,243,20,0
STP,60,20250227,120000,243.5,244,242.5,244,515,0
STP,60,20250227,130000,245,245,245,245,26,0
STP,60,20250227,140000,244.5,244.5,244.5,244.5,21,0
STP,60,20250227,150000,245,245.5,245,245.5,544,0
STP,60,20250227,160000,245,245.5,245,245,622,0
STP,60,20250227,170000,243,243,243,243,250,0
STP,60,20250228,100000,240.5,244,240.5,244,857,0
STP,60,20250228,110000,244,245,244,245,80,0
STP,60,20250228,120000,245.5,246.5,245.5,246.5,25,0
STP,60,20250228,130000,244,245,242,245,369,0
STP,60,20250228,140000,245,246.5,245,246.5,114,0
STP,60,20250228,150000,246.5,246.5,246.5,246.5,4,0
STP,60,20250228,160000,246.5,246.5,246.5,246.5,20,0
STP,60,20250228,170000,247,247.5,247,247.5,137,0
STP,60,20250303,100000,245,247,242.5,245,397,0
STP,60,20250303,110000,245,245,245,245,46,0
STP,60,20250303,120000,245,247.5,245,247.5,792,0
STP,60,20250303,130000,245.5,249,245,249,315,0
STP,60,20250303,140000,248.5,249,247,249,59,0
STP,60,20250303,150000,248.5,249,247.5,247.5,84,0
STP,60,20250303,160000,247.5,249,247.5,249,58,0
STP,60,20250303,170000,248.5,249,246.5,246.5,192,0
STP,60,20250304,100000,249,249,245.5,245.5,69,0
STP,60,20250304,110000,248.5,248.5,245.5,245.5,131,0
STP,60,20250304,120000,245.5,245.5,245.5,245.5,34,0
STP,60,20250304,130000,247.5,248.5,247.5,248.5,80,0
STP,60,20250304,140000,248.5,259.5,247,250,1574,0
STP,60,20250304,150000,254,258.5,254,257,391,0
STP,60,20250304,160000,258.5,260,256,258,650,0
STP,60,20250304,170000,254.5,255,250.5,250.5,155,0
STP,60,20250305,100000,255,258,253.5,257.5,187,0
STP,60,20250305,110000,254,257,253.5,256.5,277,0
STP,60,20250305,120000,257,259,256,259,492,0
STP,60,20250305,140000,258,258,258,258,17,0
STP,60,20250305,150000,258,258.5,255,258.5,158,0
STP,60,20250305,160000,258,258.5,256,258.5,122,0
STP,60,20250305,170000,258,258.5,258,258.5,65,0
STP,60,20250306,100000,258.5,266,258,266,425,0
STP,60,20250306,110000,266,266,259,264,441,0
STP,60,20250306,120000,263,266.5,263,266.5,644,0
STP,60,20250306,130000,266,269,266,268,510,0
STP,60,20250306,140000,268.5,269,266.5,269,560,0
STP,60,20250306,150000,266.5,271.5,266.5,271.5,397,0
STP,60,20250306,160000,269,275,266,275,496,0
STP,60,20250306,170000,275,275.5,272,275.5,424,0
STP,60,20250307,100000,276,287,276,286.5,1241,0
STP,60,20250307,110000,286,286,284.5,285,129,0
STP,60,20250307,120000,284,284,280,283,212,0
STP,60,20250307,130000,281,284,281,284,143,0
STP,60,20250307,140000,284,288,284,287,256,0
STP,60,20250307,150000,287,287,285,285,166,0
STP,60,20250307,160000,285,295,285,292,977,0
STP,60,20250307,170000,291.5,295,289,292,203,0
STP,60,20250310,100000,294,294,280,280,307,0
STP,60,20250310,110000,279,284.5,276,284,330,0
STP,60,20250310,120000,286,286,281.5,284.5,131,0
STP,60,20250310,130000,285,285,280.5,284.5,150,0
STP,60,20250310,140000,284,289.5,281.5,289.5,475,0
STP,60,20250310,150000,287.5,287.5,283,283,12,0
STP,60,20250310,160000,279.5,279.5,267.5,273.5,1880,0
STP,60,20250310,170000,273,275.5,269.5,275.5,629,0
STP,60,20250311,100000,270,274.5,269,269,370,0
STP,60,20250311,110000,269,269,263,264,390,0
STP,60,20250311,120000,264.5,267,264.5,267,36,0
STP,60,20250311,130000,265.5,269.5,264,267,197,0
STP,60,20250311,140000,267,267,266,267,11,0
STP,60,20250311,150000,268,268,266,268,205,0
STP,60,20250311,160000,268,270,266.5,267,152,0
STP,60,20250311,170000,267,269,267,269,26,0
STP,60,20250312,100000,270,274.5,270,273.5,134,0
STP,60,20250312,110000,273.5,273.5,270,270,144,0
STP,60,20250312,120000,272.5,273,270,272.5,110,0
STP,60,20250312,130000,272.5,272.5,272,272,19,0
STP,60,20250312,140000,272,273,272,273,31,0
STP,60,20250312,160000,270.5,272.5,270.5,272.5,81,0
STP,60,20250312,170000,272,273,271,273,40,0
STP,60,20250313,100000,270.5,272.5,267,271,143,0
STP,60,20250313,110000,270,271,269.5,269.5,49,0
STP,60,20250313,120000,270,271,266,266,165,0
STP,60,20250313,130000,265.5,267.5,265,265,105,0
STP,60,20250313,140000,265,265.5,264.5,265.5,17,0
STP,60,20250313,150000,266,266,263,263,5196,0
STP,60,20250313,160000,264.5,265.5,264,265.5,49,0
STP,60,20250313,170000,265.5,266.5,264,266.5,493,0
STP,60,20250314,100000,267.5,275.5,267.5,275.5,610,0
STP,60,20250314,110000,276,276.5,275,275.5,3643,0
STP,60,20250314,120000,275.5,277,274,275,270,0
STP,60,20250314,130000,275,275,270,270,235,0
STP,60,20250314,160000,271,272,270,270,208,0
STP,60,20250314,170000,272,273,270.5,273,108,0
STP,60,20250317,100000,273.5,278.5,273.5,278.5,195,0
STP,60,20250317,110000,278,278,273.5,273.5,29,0
STP,60,20250317,120000,273.5,276.5,273.5,273.5,57,0
STP,60,20250317,130000,274.5,274.5,274,274,10,0
STP,60,20250317,140000,275,275,275,275,5,0
STP,60,20250317,150000,274,274,273,273.5,183,0
STP,60,20250317,160000,274.5,274.5,274.5,274.5,7,0
STP,60,20250317,170000,273.5,274.5,273.5,274.5,52,0
STP,60,20250318,100000,274.5,275.5,268.5,269.5,279,0
STP,60,20250318,110000,269.5,270,269.5,270,91,0
STP,60,20250318,120000,271,272,271,272,115,0
STP,60,20250318,130000,272.5,273.5,272.5,273.5,15,0
STP,60,20250318,140000,273.5,273.5,271,271,150,0
STP,60,20250318,150000,271,272.5,271,272.5,51,0
STP,60,20250318,160000,271,271,271,271,44,0
STP,60,20250318,170000,271,272.5,271,272.5,7,0
STP,60,20250319,100000,270,271.5,270,270,268,0
STP,60,20250319,110000,271.5,273.5,270.5,270.5,94,0
STP,60,20250319,120000,273.5,274,273.5,274,20,0
STP,60,20250319,130000,274,277,274,277,73,0
STP,60,20250319,140000,277,281.5,275,281.5,201,0
STP,60,20250319,150000,282.5,283.5,279.5,283.5,68,0
STP,60,20250319,160000,284,289.5,283,289,764,0
STP,60,20250319,170000,289,289.5,285,287,223,0
STP,60,20250320,100000,287,287,281.5,286.5,816,0
STP,60,20250320,110000,284,284,283.5,283.5,31,0
STP,60,20250320,120000,285,285,284,284,335,0
STP,60,20250320,130000,284,284,283.5,283.5,56,0
STP,60,20250320,140000,283,285,283,285,22,0
STP,60,20250320,150000,285,285,283,285,55,0
STP,60,20250320,170000,284,288.5,284,288.5,269,0
STP,60,20250321,100000,288,288,288,288,2,0
STP,60,20250321,110000,288,290,288,290,836,0
STP,60,20250321,120000,290,291,288.5,288.5,3605,0
STP,60,20250321,130000,290.5,290.5,288.5,288.5,25,0
STP,60,20250321,140000,288,288,287.5,287.5,46,0
STP,60,20250321,150000,287.5,287.5,287.5,287.5,11,0
STP,60,20250321,160000,289,289,288,288,87,0
STP,60,20250321,170000,288,290,288,290,55,0
STP,60,20250324,100000,288,290,286.5,288.5,332,0
STP,60,20250324,110000,288.5,289,288.5,288.5,9,0
STP,60,20250324,120000,289,289,287,288.5,123,0
STP,60,20250324,130000,288.5,289.5,288,288,77,0
STP,60,20250324,140000,289.5,290,289.5,290,600,0
STP,60,20250324,150000,290,290,288,288,49,0
STP,60,20250324,160000,288.5,289.5,288.5,289.5,44,0
STP,60,20250324,170000,289.5,291,289.5,291,393,0
STP,60,20250325,100000,290.5,291,288.5,291,364,0
STP,60,20250325,110000,291,291,291,291,15,0
STP,60,20250325,120000,291,291,288,290,54,0
STP,60,20250325,130000,291,294,290,290,643,0
STP,60,20250325,140000,291,293,291,293,56,0
STP,60,20250325,150000,293,293,292.5,292.5,5,0
STP,60,20250325,170000,290,292,287,287,32,0
STP,60,20250326,100000,288,288,284,284,62,0
STP,60,20250326,110000,284,284,276.5,282,360,0
STP,60,20250326,120000,280,280.5,278.5,280.5,44,0
STP,60,20250326,130000,280,282,280,282,68,0
STP,60,20250326,140000,283,284,283,284,23,0
STP,60,20250326,150000,285,285,282,282,21,0
STP,60,20250326,160000,285.5,285.5,285.5,285.5,1,0
STP,60,20250326,170000,285.5,286,285.5,286,32,0
STP,60,20250327,100000,286,286.5,283,283,89,0
STP,60,20250327,110000,285,285,283.5,283.5,34,0
STP,60,20250327,120000,284.5,287,284.5,287,112,0
STP,60,20250327,130000,284.5,286.5,283.5,286.5,76,0
STP,60,20250327,140000,284,285,284,285,136,0
STP,60,20250327,150000,282.5,285,282.5,285,319,0
STP,60,20250327,160000,283,284,281.5,282,31,0
STP,60,20250327,170000,282,282.5,279,282.5,164,0
STP,60,20250328,100000,279,279,276,276,139,0
STP,60,20250328,110000,275,275,274,274,71,0
STP,60,20250328,120000,274,275,273.5,273.5,37,0
STP,60,20250328,130000,276,276,276,276,21,0
STP,60,20250328,140000,275,275,275,275,89,0
STP,60,20250328,150000,276,276.5,274.5,274.5,32,0
STP,60,20250328,160000,275,275,274,274,53,0
STP,60,20250328,170000,275,275,274.5,274.5,42,0
STP,60,20250331,100000,273,273,265.5,267.5,194,0
STP,60,20250331,110000,265.5,265.5,257.5,263,885,0
STP,60,20250331,120000,263,266.5,261,264.5,206,0
STP,60,20250331,130000,264.5,264.5,262.5,262.5,23,0
STP,60,20250331,140000,263,264,263,264,21,0
STP,60,20250331,150000,263,263,262.5,263,80,0
STP,60,20250331,170000,264,264,259,259,183,0
STP,60,20250401,100000,256,268,252,268,311,0
STP,60,20250401,110000,267,271,267,269,389,0
STP,60,20250401,120000,266,266,263,266,23,0
STP,60,20250401,130000,266,266,263,266,4,0
STP,60,20250401,140000,266,266,265,266,33,0
STP,60,20250401,150000,265,266,265,266,7,0
STP,60,20250401,170000,264,265,263,263,14,0
STP,60,20250402,100000,263,267,263,265,28,0
STP,60,20250402,110000,264,265,264,265,126,0
STP,60,20250402,120000,265,265,265,265,29,0
STP,60,20250402,130000,267,267,266,266,50,0
STP,60,20250402,140000,266,267,265,265,109,0
STP,60,20250402,160000,268,268,268,268,20,0
STP,60,20250402,170000,265,266,265,266,157,0
STP,60,20250403,100000,266,269,265,269,92,0
STP,60,20250403,110000,266,266,265,265,64,0
STP,60,20250403,120000,264,264,264,264,16,0
STP,60,20250403,130000,264,267,262,267,59,0
STP,60,20250403,140000,263,263,262,262,237,0
STP,60,20250403,150000,262,262,261,261,196,0
STP,60,20250403,160000,260,262,260,262,24,0
STP,60,20250403,170000,260,262,260,260,27,0
STP,60,20250404,100000,260,260,254,255,329,0
STP,60,20250404,110000,256,258,255,258,15,0
STP,60,20250404,120000,255,255,255,255,5,0
STP,60,20250404,130000,256,257,246,246,114,0
STP,60,20250404,140000,246,247,241,241,334,0
STP,60,20250404,150000,245,247,244,244,201,0
STP,60,20250404,160000,245,245,245,245,13,0
STP,60,20250404,170000,246,248,245,248,215,0
STP,60,20250407,100000,238,238,228,232,840,0
STP,60,20250407,110000,232,236,230,234,271,0
STP,60,20250407,120000,236,240,236,240,213,0
STP,60,20250407,130000,245,245,242,242,23,0
STP,60,20250407,140000,242,242,236,236,259,0
STP,60,20250407,150000,236,240,234,237,510,0
STP,60,20250407,160000,236,236,236,236,19,0
STP,60,20250407,170000,236,239,236,237,95,0
STP,60,20250408,100000,245,246,244,244,145,0
STP,60,20250408,110000,244,244,240,241,130,0
STP,60,20250408,120000,243,243,241,241,62,0
STP,60,20250408,130000,241,242,241,242,9,0
STP,60,20250408,140000,243,245,243,245,68,0
STP,60,20250408,150000,242,245,242,245,91,0
STP,60,20250408,160000,246,246,243,246,39,0
STP,60,20250408,170000,246,246,245,245,12,0
STP,60,20250409,100000,239,246,239,246,118,0
STP,60,20250409,110000,247,248,244,246,154,0
STP,60,20250409,130000,245,245,244,244,75,0
STP,60,20250409,140000,245,245,244,244,74,0
STP,60,20250409,150000,241,243,238,238,482,0
STP,60,20250409,160000,238,238,237,237,123,0
STP,60,20250409,170000,237,239,237,237,81,0
STP,60,20250410,100000,250,255,245,247,376,0
STP,60,20250410,110000,248,248,246,246,70,0
STP,60,20250410,120000,246,248,246,248,17,0
STP,60,20250410,130000,249,249,248,249,87,0
STP,60,20250410,140000,249,249,249,249,80,0
STP,60,20250410,160000,247,247,247,247,10,0
STP,60,20250410,170000,247,247,247,247,44,0
STP,60,20250411,100000,247,251,247,251,34,0
STP,60,20250411,110000,249,249,247,249,35,0
STP,60,20250411,120000,251,251,246,248,34,0
STP,60,20250411,130000,249,250,249,249,53,0
STP,60,20250411,140000,249,249,249,249,1,0
STP,60,20250411,150000,249,250,247,247,124,0
STP,60,20250411,160000,245,247,245,247,100,0
STP,60,20250411,170000,245,248,244,248,63,0
STP,60,20250414,100000,248,254,248,254,129,0
STP,60,20250414,110000,251,253,248,253,49,0
STP,60,20250414,120000,253,253,250,253,54,0
STP,60,20250414,130000,253,255,253,255,119,0
STP,60,20250414,140000,254,255,254,254,37,0
STP,60,20250414,150000,255,256,255,256,41,0
STP,60,20250414,160000,256,257,256,257,86,0
STP,60,20250414,170000,255,256,255,256,34,0
STP,60,20250415,100000,255,259,255,259,107,0
STP,60,20250415,110000,259,259,258,258,138,0
STP,60,20250415,120000,258,258,256,257,158,0
STP,60,20250415,130000,257,257,254,257,78,0
STP,60,20250415,140000,257,257,256,256,29,0
STP,60,20250415,150000,257,257,257,257,19,0
STP,60,20250415,160000,255,255,255,255,4,0
STP,60,20250415,170000,259,259,259,259,59,0
STP,60,20250416,100000,259,259,259,259,66,0
STP,60,20250416,110000,258,258,258,258,30,0
STP,60,20250416,120000,259,259,256,256,80,0
STP,60,20250416,130000,257,257,257,257,38,0
STP,60,20250416,140000,257,257,257,257,7,0
STP,60,20250416,150000,258,258,258,258,9,0
STP,60,20250416,170000,258,258,257,257,7,0
STP,60,20250417,100000,259,259,259,259,11,0
STP,60,20250417,110000,259,262,259,262,110,0
STP,60,20250417,120000,262,264,261,264,184,0
STP,60,20250417,130000,264,265,263,264,147,0
STP,60,20250417,140000,265,265,265,265,68,0
STP,60,20250417,150000,266,266,266,266,19,0
STP,60,20250417,160000,266,266,265,266,46,0
STP,60,20250417,170000,265,265,264,264,24,0
STP,60,20250422,100000,268,270,265,268,171,0
STP,60,20250422,110000,268,272,267,272,179,0
STP,60,20250422,120000,273,273,270,270,26,0
STP,60,20250422,130000,270,272,270,272,59,0
STP,60,20250422,140000,272,272,272,272,7,0
STP,60,20250422,150000,270,270,270,270,19,0
STP,60,20250422,160000,269,274,269,269,229,0
STP,60,20250422,170000,270,271,267,271,12,0
STP,60,20250423,100000,273,273,270,273,24,0
STP,60,20250423,110000,271,271,270,270,53,0
STP,60,20250423,120000,268,268,268,268,10,0
STP,60,20250423,130000,267,267,267,267,8,0
STP,60,20250423,150000,267,269,266,269,599,0
STP,60,20250423,160000,269,269,269,269,2,0
STP,60,20250423,170000,266,266,266,266,8,0
STP,60,20250424,100000,266,269,265,269,44,0
STP,60,20250424,110000,267,267,265,267,38,0
STP,60,20250424,130000,267,267,267,267,5,0
STP,60,20250424,140000,264,267,264,267,11,0
STP,60,20250424,150000,264,265,264,265,24,0
STP,60,20250424,160000,265,265,265,265,22,0
STP,60,20250424,170000,266,275,264,275,288,0
STP,60,20250425,100000,275,275,271,272,142,0
STP,60,20250425,110000,272,272,268,270,45,0
STP,60,20250425,120000,271,271,271,271,83,0
STP,60,20250425,130000,272,273,272,273,5,0
STP,60,20250425,140000,271,271,269,270,18,0
STP,60,20250425,150000,272,272,269,269,18,0
STP,60,20250425,170000,271,274,269,273,60,0
STP,60,20250428,100000,269,269,266,266,148,0
STP,60,20250428,110000,266,267,266,267,46,0
STP,60,20250428,120000,268,268,268,268,1,0
STP,60,20250428,130000,266,266,265,265,51,0
STP,60,20250428,140000,265,266,265,266,23,0
STP,60,20250428,150000,266,266,266,266,22,0
STP,60,20250428,160000,264,264,263,263,64,0
STP,60,20250428,170000,263,266,262,266,184,0
STP,60,20250429,100000,261,261,260,261,90,0
STP,60,20250429,110000,262,263,261,263,42,0
STP,60,20250429,130000,261,262,260,261,255,0
STP,60,20250429,140000,260,262,260,262,186,0
STP,60,20250429,150000,260,262,260,262,36,0
STP,60,20250429,160000,260,262,259,262,106,0
STP,60,20250429,170000,259,261,257,261,198,0
STP,60,20250430,100000,260,260,257,257,70,0
STP,60,20250430,110000,258,258,257,257,54,0
STP,60,20250430,120000,259,259,255,257,731,0
STP,60,20250430,130000,255,256,254,256,158,0
STP,60,20250430,140000,254,254,253,253,14,0
STP,60,20250430,150000,253,253,253,253,1,0
STP,60,20250430,160000,253,253,253,253,128,0
STP,60,20250430,170000,253,258,253,258,476,0
STP,60,20250502,100000,260,268,260,268,458,0
STP,60,20250502,110000,268,269,265,265,335,0
STP,60,20250502,120000,268,268,265,268,69,0
STP,60,20250502,130000,265,268,265,268,13,0
STP,60,20250502,140000,268,268,268,268,46,0
STP,60,20250502,150000,268,268,267,267,330,0
STP,60,20250502,160000,265,265,265,265,5,0
STP,60,20250502,170000,268,268,264,266,82,0
STP,60,20250505,100000,267,271,260,262,1012,0
STP,60,20250505,110000,262,264,259,261,1204,0
STP,60,20250505,120000,261,261,259,259,212,0
STP,60,20250505,130000,260,261,259,261,29,0
STP,60,20250505,140000,259,260,258,260,1942,0
STP,60,20250505,150000,261,261,261,261,102,0
STP,60,20250505,160000,262,262,261,261,53,0
STP,60,20250505,170000,260,261,260,261,455,0
STP,60,20250506,100000,262,262,262,262,28,0
STP,60,20250506,110000,260,264,260,264,43,0
STP,60,20250506,120000,264,264,258,258,192,0
STP,60,20250506,130000,263,263,263,263,19,0
STP,60,20250506,140000,263,264,263,264,41,0
STP,60,20250506,150000,260,260,260,260,63,0
STP,60,20250506,170000,262,263,262,263,22,0
