<TICKER>,<PER>,<DATE>,<TIME>,<OPEN>,<HIGH>,<LOW>,<CLOSE>,<VOL>,<OPENINT>
TOW,60,20240411,100000,4.4,4.4,4.4,4.4,200,0
TOW,60,20240411,110000,4.4,4.4,4.4,4.4,200,0
TOW,60,20240412,100000,4.4,4.4,4.4,4.4,600,0
TOW,60,20240415,120000,4.38,4.38,4.38,4.38,40,0
TOW,60,20240415,130000,4.4,4.4,4.4,4.4,330,0
TOW,60,20240415,170000,4.38,4.38,4.38,4.38,160,0
TOW,60,20240416,160000,4.38,4.38,4.26,4.26,130,0
TOW,60,20240417,140000,4.3,4.3,4.3,4.3,600,0
TOW,60,20240419,130000,4.3,4.3,4.26,4.26,400,0
TOW,60,20240419,150000,4.28,4.28,4.28,4.28,100,0
TOW,60,20240419,160000,4.26,4.26,4.26,4.26,10,0
TOW,60,20240422,100000,4.38,4.38,4.38,4.38,468,0
TOW,60,20240422,160000,4.38,4.4,4.38,4.4,1050,0
TOW,60,20240424,100000,4.4,4.4,4.4,4.4,500,0
TOW,60,20240424,130000,4.34,4.34,4.34,4.34,1000,0
TOW,60,20240425,110000,4.4,4.4,4.4,4.4,600,0
TOW,60,20240425,150000,4.3,4.3,4.3,4.3,300,0
TOW,60,20240430,120000,4.38,4.38,4.38,4.38,5,0
TOW,60,20240502,110000,4.36,4.36,4.36,4.36,50,0
TOW,60,20240502,130000,4.36,4.36,4.36,4.36,20,0
TOW,60,20240506,100000,4.36,4.36,4.36,4.36,50,0
TOW,60,20240506,150000,4.36,4.36,4.36,4.36,200,0
TOW,60,20240506,170000,4.38,4.4,4.38,4.4,2854,0
TOW,60,20240507,100000,4.42,4.5,4.42,4.5,637,0
TOW,60,20240508,120000,4.5,5.25,4.5,5.25,4182,0
TOW,60,20240508,130000,4.8,5.4,4.8,5.4,1731,0
TOW,60,20240508,140000,4.96,5,4.8,5,1994,0
TOW,60,20240508,150000,4.98,4.98,4.98,4.98,80,0
TOW,60,20240508,160000,4.98,5,4.8,4.8,4298,0
TOW,60,20240508,170000,4.96,4.96,4.6,4.8,512,0
TOW,60,20240509,140000,4.8,4.8,4.6,4.6,2900,0
TOW,60,20240510,100000,4.78,4.78,4.78,4.78,650,0
TOW,60,20240510,160000,4.6,4.6,4.6,4.6,1700,0
TOW,60,20240513,100000,4.58,4.58,4.58,4.58,500,0
TOW,60,20240513,140000,4.46,4.46,4.4,4.4,2570,0
TOW,60,20240513,160000,4.42,4.42,4.3,4.3,3621,0
TOW,60,20240513,170000,4.28,4.28,4.28,4.28,469,0
TOW,60,20240514,100000,4.28,4.28,3.7,3.7,13482,0
TOW,60,20240514,110000,3.7,3.78,3.56,3.7,8303,0
TOW,60,20240514,120000,3.7,3.7,3.66,3.7,2210,0
TOW,60,20240514,130000,3.7,3.7,3.7,3.7,1150,0
TOW,60,20240514,140000,3.7,3.7,3.7,3.7,937,0
TOW,60,20240514,150000,3.68,3.7,3.66,3.7,1030,0
TOW,60,20240514,160000,3.7,3.7,3.7,3.7,2763,0
TOW,60,20240514,170000,3.62,3.62,3.58,3.58,3422,0
TOW,60,20240515,100000,3.58,3.6,3.36,3.36,6934,0
TOW,60,20240515,110000,3.4,3.4,3.4,3.4,24,0
TOW,60,20240515,120000,3.46,3.46,3.44,3.44,2154,0
TOW,60,20240515,130000,3.46,3.46,3.4,3.4,1570,0
TOW,60,20240515,140000,3.46,3.46,3.46,3.46,160,0
TOW,60,20240515,160000,3.4,3.4,3.36,3.36,1500,0
TOW,60,20240515,170000,3.44,3.44,3.34,3.42,1897,0
TOW,60,20240516,100000,3.3,3.3,3.14,3.16,8823,0
TOW,60,20240516,110000,3.18,3.18,3,3.02,8425,0
TOW,60,20240516,120000,3,3.1,2.98,3,3106,0
TOW,60,20240516,130000,3,3.04,3,3.04,5795,0
TOW,60,20240516,140000,3.04,3.1,3.04,3.1,4495,0
TOW,60,20240516,150000,3.1,3.1,3.02,3.02,435,0
TOW,60,20240516,160000,3.1,3.1,3.08,3.08,706,0
TOW,60,20240516,170000,3.04,3.1,3.04,3.1,1677,0
TOW,60,20240517,100000,3.04,3.1,3.04,3.1,10722,0
TOW,60,20240517,110000,3.18,3.3,3.18,3.3,3266,0
TOW,60,20240517,120000,3.28,3.28,3.28,3.28,345,0
TOW,60,20240517,130000,3.24,3.24,3.24,3.24,800,0
TOW,60,20240517,140000,3.28,3.28,3.28,3.28,1000,0
TOW,60,20240517,150000,3.26,3.26,3.26,3.26,843,0
TOW,60,20240517,160000,3.2,3.26,3.16,3.26,4252,0
TOW,60,20240517,170000,3.12,3.18,3.1,3.18,1346,0
TOW,60,20240520,100000,3.22,3.22,3.22,3.22,910,0
TOW,60,20240520,140000,3.22,3.22,3.22,3.22,400,0
TOW,60,20240520,150000,3.22,3.22,3.18,3.18,4311,0
TOW,60,20240520,160000,3.28,3.28,3.28,3.28,300,0
TOW,60,20240521,100000,3.2,3.2,3.18,3.18,3060,0
TOW,60,20240521,110000,3.14,3.2,3.14,3.2,4112,0
TOW,60,20240521,140000,3.2,3.2,3.2,3.2,462,0
TOW,60,20240521,150000,3.24,3.26,3.2,3.2,4969,0
TOW,60,20240521,170000,3.2,3.2,3.2,3.2,68,0
TOW,60,20240522,100000,3.2,3.2,3.2,3.2,10145,0
TOW,60,20240522,110000,3.16,3.18,3.16,3.18,1062,0
TOW,60,20240522,130000,3.2,3.2,3.2,3.2,100,0
TOW,60,20240522,140000,3.2,3.2,3.2,3.2,711,0
TOW,60,20240522,150000,3.22,3.22,3.22,3.22,1060,0
TOW,60,20240522,170000,3.18,3.18,3.18,3.18,4000,0
TOW,60,20240523,100000,3.18,3.18,3.16,3.16,3028,0
TOW,60,20240523,110000,3.12,3.12,3.02,3.02,662,0
TOW,60,20240523,120000,3.06,3.06,2.92,3.06,6895,0
TOW,60,20240523,130000,3.06,3.06,3.06,3.06,35,0
TOW,60,20240523,150000,2.98,2.98,2.94,2.94,1000,0
TOW,60,20240523,160000,2.94,2.96,2.88,2.88,5199,0
TOW,60,20240523,170000,3,3,2.9,3,6062,0
TOW,60,20240524,100000,3,3,3,3,165,0
TOW,60,20240524,110000,3,3,3,3,698,0
TOW,60,20240524,120000,3,3.1,3,3.1,855,0
TOW,60,20240524,140000,3.1,3.1,3.1,3.1,350,0
TOW,60,20240524,150000,3,3,3,3,100,0
TOW,60,20240524,170000,3,3,2.9,3,1320,0
TOW,60,20240527,100000,3.06,3.06,2.9,2.9,5001,0
TOW,60,20240527,110000,2.9,2.9,2.9,2.9,188,0
TOW,60,20240527,120000,2.96,2.96,2.96,2.96,5,0
TOW,60,20240527,130000,2.9,2.9,2.9,2.9,969,0
TOW,60,20240527,150000,2.9,2.9,2.8,2.8,5636,0
TOW,60,20240527,160000,2.9,2.9,2.8,2.8,14776,0
TOW,60,20240527,170000,2.8,2.9,2.8,2.8,6592,0
TOW,60,20240528,100000,2.8,2.8,2.68,2.74,9301,0
TOW,60,20240528,110000,2.7,2.7,2.7,2.7,776,0
TOW,60,20240528,120000,2.7,2.9,2.7,2.9,9446,0
TOW,60,20240528,130000,2.86,2.86,2.8,2.8,3005,0
TOW,60,20240528,170000,2.8,2.82,2.76,2.76,3393,0
TOW,60,20240529,100000,2.8,2.8,2.58,2.6,6162,0
TOW,60,20240529,110000,2.64,2.64,2.58,2.6,6365,0
TOW,60,20240529,120000,2.6,2.66,2.58,2.58,5152,0
TOW,60,20240529,130000,2.58,2.58,2.58,2.58,10000,0
TOW,60,20240529,150000,2.56,2.64,2.52,2.52,17254,0
TOW,60,20240529,160000,2.6,2.6,2.52,2.52,5790,0
TOW,60,20240529,170000,2.52,2.56,2.52,2.56,1939,0
TOW,60,20240531,100000,2.52,2.52,2.32,2.32,3653,0
TOW,60,20240531,110000,2.4,2.42,2.4,2.42,3250,0
TOW,60,20240531,120000,2.46,2.46,2.46,2.46,100,0
TOW,60,20240531,130000,2.46,2.48,2.46,2.48,3920,0
TOW,60,20240531,140000,2.5,2.56,2.5,2.5,8420,0
TOW,60,20240531,170000,2.52,2.52,2.5,2.5,3760,0
TOW,60,20240603,100000,2.5,2.52,2.4,2.5,3099,0
TOW,60,20240603,110000,2.42,2.42,2.42,2.42,437,0
TOW,60,20240603,130000,2.46,2.52,2.46,2.5,6520,0
TOW,60,20240603,140000,2.52,2.58,2.52,2.58,3681,0
TOW,60,20240603,170000,2.58,2.62,2.58,2.62,4499,0
TOW,60,20240606,100000,3.18,6.35,3.18,6.35,281847,0
TOW,60,20240607,110000,8,8,7.3,7.3,42081,0
TOW,60,20240607,120000,7.3,8,6.35,6.5,152756,0
TOW,60,20240607,130000,6.5,6.9,6.25,6.75,45914,0
TOW,60,20240607,140000,6.6,6.8,6,6.25,30734,0
TOW,60,20240607,150000,6.15,6.75,6.05,6.2,18074,0
TOW,60,20240607,160000,6.2,6.35,5.4,5.6,53600,0
TOW,60,20240607,170000,5.6,5.9,5.2,5.2,45667,0
TOW,60,20240610,100000,5.35,6.05,5.35,5.7,69959,0
TOW,60,20240610,110000,5.7,5.7,4.92,5.15,61134,0
TOW,60,20240610,120000,5.05,5.1,4.84,4.98,49363,0
TOW,60,20240610,130000,4.92,4.96,4.78,4.86,19588,0
TOW,60,20240610,140000,4.9,4.92,4.78,4.9,14315,0
TOW,60,20240610,150000,4.9,4.92,4.84,4.84,2349,0
TOW,60,20240610,160000,4.86,4.88,4.7,4.76,11574,0
TOW,60,20240610,170000,4.78,4.84,4.68,4.76,20711,0
TOW,60,20240611,100000,4.76,5.05,4.6,4.7,33623,0
TOW,60,20240611,110000,4.78,4.88,4.62,4.76,17032,0
TOW,60,20240611,120000,4.7,4.7,4.6,4.6,3954,0
TOW,60,20240611,130000,4.68,4.7,4.56,4.62,5361,0
TOW,60,20240611,140000,4.58,4.68,4.58,4.68,1667,0
TOW,60,20240611,150000,4.6,4.68,4.6,4.6,3446,0
TOW,60,20240611,160000,4.6,4.64,4.46,4.62,19968,0
TOW,60,20240611,170000,4.64,4.76,4.62,4.76,8785,0
TOW,60,20240612,100000,5.1,5.6,5.1,5.6,69586,0
TOW,60,20240612,110000,5.8,5.8,5.3,5.4,73161,0
TOW,60,20240612,120000,5.45,5.6,5.25,5.55,20490,0
TOW,60,20240612,130000,5.55,5.8,5.55,5.7,27313,0
TOW,60,20240612,140000,5.8,5.8,5.65,5.7,10146,0
TOW,60,20240612,150000,5.7,5.8,5.7,5.8,5532,0
TOW,60,20240613,100000,6.5,6.7,5.9,6.35,164399,0
TOW,60,20240613,110000,6.3,7.15,6.3,7.15,115855,0
TOW,60,20240613,120000,7.15,7.15,6.75,7.15,8142,0
TOW,60,20240613,130000,7.3,7.3,7.3,7.3,7993,0
TOW,60,20240613,140000,7.05,7.3,6.95,7.3,3505,0
TOW,60,20240613,150000,7.3,7.3,7.3,7.3,10104,0
TOW,60,20240613,170000,7.3,7.4,6.9,7.4,52777,0
TOW,60,20240614,100000,7.55,7.85,7.05,7.3,72049,0
TOW,60,20240614,110000,7.45,7.65,6.8,6.85,58000,0
TOW,60,20240614,120000,6.85,6.9,6.35,6.6,23545,0
TOW,60,20240614,130000,6.6,7.05,6.5,7,26337,0
TOW,60,20240614,140000,7,7.45,6.8,7.4,26114,0
TOW,60,20240614,150000,7.2,7.4,6.95,7.25,8713,0
TOW,60,20240614,160000,7.25,7.3,7.1,7.2,5563,0
TOW,60,20240614,170000,7.1,7.3,6.8,6.85,12919,0
TOW,60,20240617,100000,7.2,8.2,7.2,7.9,62611,0
TOW,60,20240617,110000,7.9,7.95,7.6,7.7,19106,0
TOW,60,20240617,120000,7.7,8.15,7.4,7.65,25413,0
TOW,60,20240617,130000,7.65,7.8,7.3,7.45,11911,0
TOW,60,20240617,140000,7.45,7.8,7.4,7.5,6262,0
TOW,60,20240617,150000,7.7,7.8,7.5,7.75,4332,0
TOW,60,20240617,160000,7.6,8.1,7.55,8.1,11251,0
TOW,60,20240617,170000,8,8.75,7.7,8.75,50902,0
TOW,60,20240618,100000,9,9.9,8.75,9.9,53275,0
TOW,60,20240618,110000,10.2,10.3,9.7,10.3,81408,0
TOW,60,20240618,120000,10.3,10.3,9.05,9.5,52098,0
TOW,60,20240618,130000,9.3,9.8,8.75,9.8,24452,0
TOW,60,20240618,140000,9.75,9.8,9.5,9.75,9619,0
TOW,60,20240618,150000,9.5,9.6,9.05,9.45,13962,0
TOW,60,20240618,160000,9.35,9.45,8.85,9.3,7017,0
TOW,60,20240618,170000,9.3,9.5,8.1,8.2,46297,0
TOW,60,20240619,100000,8.05,8.35,7.7,8.2,42976,0
TOW,60,20240619,110000,8.15,8.15,7.5,7.65,57384,0
TOW,60,20240619,120000,7.65,7.85,7.5,7.75,22884,0
TOW,60,20240619,130000,7.75,8.15,7.75,7.85,21072,0
TOW,60,20240619,140000,7.85,7.85,7.7,7.7,4513,0
TOW,60,20240619,150000,7.7,7.75,7.55,7.65,7201,0
TOW,60,20240619,160000,7.65,7.75,7.35,7.35,16921,0
TOW,60,20240619,170000,7.5,7.7,7.4,7.6,8235,0
TOW,60,20240620,100000,7.7,7.8,7.4,7.5,13364,0
TOW,60,20240620,110000,7.45,8.55,7.45,8.3,79302,0
TOW,60,20240620,120000,8.3,8.35,8,8.15,20674,0
TOW,60,20240620,130000,8.15,8.25,8,8.2,4011,0
TOW,60,20240620,140000,8.2,8.3,8.1,8.2,5217,0
TOW,60,20240620,150000,8.1,8.45,8.05,8.4,19339,0
TOW,60,20240620,160000,8.4,8.9,8.4,8.5,13955,0
TOW,60,20240620,170000,8.55,9,8.4,8.75,25258,0
TOW,60,20240621,100000,8.7,8.7,8.1,8.2,23416,0
TOW,60,20240621,110000,8.35,8.5,8.1,8.4,10550,0
TOW,60,20240621,120000,8.35,8.35,8.1,8.3,1195,0
TOW,60,20240621,130000,8.3,8.35,8.2,8.35,622,0
TOW,60,20240621,140000,8.2,8.35,8,8.3,8703,0
TOW,60,20240621,150000,8.1,8.25,8.05,8.25,3545,0
TOW,60,20240621,160000,8.15,8.25,8.05,8.2,5614,0
TOW,60,20240621,170000,8.2,8.25,7.8,7.8,20322,0
TOW,60,20240624,100000,7.9,8,7.4,7.5,24668,0
TOW,60,20240624,110000,7.5,7.8,7.4,7.4,17358,0
TOW,60,20240624,120000,7.45,7.95,7.4,7.9,10086,0
TOW,60,20240624,130000,7.9,8.25,7.8,8.1,9109,0
TOW,60,20240624,140000,8.25,8.25,7.7,7.7,6198,0
TOW,60,20240624,150000,8,8,7.95,8,809,0
TOW,60,20240624,160000,7.8,7.9,7.7,7.9,779,0
TOW,60,20240624,170000,7.7,7.85,7.6,7.75,3329,0
TOW,60,20240625,100000,7.75,8.05,7.45,7.85,15226,0
TOW,60,20240625,110000,7.8,7.9,7.55,7.6,6371,0
TOW,60,20240625,120000,7.6,7.75,7.6,7.65,906,0
TOW,60,20240625,130000,7.65,7.8,7.55,7.8,1354,0
TOW,60,20240625,140000,7.8,8,7.8,7.8,3694,0
TOW,60,20240625,150000,7.75,7.85,7.4,7.6,13269,0
TOW,60,20240625,160000,7.5,7.5,7.25,7.4,7511,0
TOW,60,20240625,170000,7.4,7.5,7.35,7.35,6072,0
TOW,60,20240626,100000,7.35,7.35,6.9,7.2,22199,0
TOW,60,20240626,110000,7.15,7.25,7.05,7.25,3656,0
TOW,60,20240626,120000,7.15,7.15,7.1,7.15,787,0
TOW,60,20240626,130000,7.1,7.1,6.85,7,10004,0
TOW,60,20240626,140000,7,7,6.85,7,3016,0
TOW,60,20240626,150000,6.9,7,6.65,6.75,14559,0
TOW,60,20240626,160000,6.75,6.85,6.75,6.85,3105,0
TOW,60,20240626,170000,6.85,6.85,6.65,6.65,10980,0
TOW,60,20240627,100000,6.6,6.8,6.35,6.55,21297,0
TOW,60,20240627,110000,6.55,6.95,6.55,6.9,7742,0
TOW,60,20240627,120000,6.85,6.85,6.6,6.75,1824,0
TOW,60,20240627,130000,6.6,6.75,6.6,6.65,446,0
TOW,60,20240627,140000,6.55,6.7,6.55,6.7,599,0
TOW,60,20240627,150000,6.55,6.7,6.5,6.7,1101,0
TOW,60,20240627,160000,6.65,6.85,6.45,6.75,3911,0
TOW,60,20240627,170000,6.75,6.85,6.6,6.8,3651,0
TOW,60,20240628,100000,6.9,6.9,6.55,6.75,1122,0
TOW,60,20240628,110000,6.75,6.8,6.55,6.8,3964,0
TOW,60,20240628,120000,6.6,6.75,6.55,6.75,1494,0
TOW,60,20240628,130000,6.55,6.7,6.5,6.7,385,0
TOW,60,20240628,140000,6.65,6.8,6.55,6.65,1210,0
TOW,60,20240628,150000,6.75,6.8,6.75,6.8,83,0
TOW,60,20240628,160000,6.65,6.8,6.65,6.7,1028,0
TOW,60,20240628,170000,6.65,6.75,6.6,6.75,170,0
TOW,60,20240701,100000,6.6,6.6,6.25,6.4,34073,0
TOW,60,20240701,110000,6.4,6.5,6.15,6.4,10795,0
TOW,60,20240701,120000,6.45,6.45,6.1,6.25,12107,0
TOW,60,20240701,130000,6.25,6.45,6.25,6.4,3429,0
TOW,60,20240701,140000,6.4,6.4,6.4,6.4,279,0
TOW,60,20240701,150000,6.3,6.3,6.1,6.3,5308,0
TOW,60,20240701,160000,6.3,6.3,6.1,6.1,3024,0
TOW,60,20240701,170000,6.25,6.25,6.05,6.2,9566,0
TOW,60,20240702,100000,6.1,6.1,5.7,5.75,55243,0
TOW,60,20240702,110000,5.8,5.9,5.7,5.7,16619,0
TOW,60,20240702,120000,5.65,5.8,5.65,5.8,2886,0
TOW,60,20240702,130000,5.8,5.9,5.75,5.75,7436,0
TOW,60,20240702,140000,5.85,5.85,5.75,5.85,7530,0
TOW,60,20240702,150000,5.75,5.8,5.55,5.6,26775,0
TOW,60,20240702,160000,5.6,5.6,5.5,5.6,10159,0
TOW,60,20240702,170000,5.6,5.65,5.5,5.5,11653,0
TOW,60,20240703,100000,5.55,5.9,5.15,5.3,131930,0
TOW,60,20240703,110000,5.25,5.35,5.1,5.35,32903,0
TOW,60,20240703,120000,5.2,5.5,5.2,5.45,8617,0
TOW,60,20240703,130000,5.4,5.7,5.35,5.5,14761,0
TOW,60,20240703,140000,5.4,5.5,5.3,5.35,5545,0
TOW,60,20240703,150000,5.35,5.4,5.2,5.35,6613,0
TOW,60,20240703,160000,5.25,5.45,5.2,5.45,2416,0
TOW,60,20240703,170000,5.4,5.8,5.35,5.65,15580,0
TOW,60,20240704,100000,5.7,5.9,5.5,5.75,31061,0
TOW,60,20240704,110000,5.75,5.8,5.65,5.8,8138,0
TOW,60,20240704,120000,5.8,5.8,5.65,5.7,8495,0
TOW,60,20240704,130000,5.8,5.8,5.6,5.75,4447,0
TOW,60,20240704,140000,5.75,5.75,5.5,5.6,6213,0
TOW,60,20240704,150000,5.55,5.6,4.4,4.4,119419,0
TOW,60,20240704,160000,4,4.18,3.94,4.02,115585,0
TOW,60,20240704,170000,4.02,4.2,3.96,4.06,90000,0
TOW,60,20240705,100000,4.02,4.6,4.02,4.36,130347,0
TOW,60,20240705,110000,4.38,4.5,4.38,4.38,19336,0
TOW,60,20240705,120000,4.4,4.44,4.3,4.38,8903,0
TOW,60,20240705,130000,4.36,4.36,4.12,4.26,14868,0
TOW,60,20240705,140000,4.24,4.26,4.14,4.2,4329,0
TOW,60,20240705,150000,4.22,4.48,4.2,4.3,11512,0
TOW,60,20240705,160000,4.3,4.32,4.28,4.28,2620,0
TOW,60,20240705,170000,4.3,4.3,4.14,4.28,12465,0
TOW,60,20240708,100000,3.68,3.88,3.58,3.76,124188,0
TOW,60,20240708,110000,3.76,3.78,3.64,3.64,13520,0
TOW,60,20240708,120000,3.6,3.68,3.58,3.66,19795,0
TOW,60,20240708,130000,3.66,3.68,3.62,3.68,8722,0
TOW,60,20240708,140000,3.68,3.72,3.6,3.62,18881,0
TOW,60,20240708,150000,3.62,3.68,3.6,3.62,10004,0
TOW,60,20240708,160000,3.62,3.64,3.6,3.64,8013,0
TOW,60,20240708,170000,3.64,3.66,3.58,3.66,8578,0
TOW,60,20240709,100000,3.62,3.8,3.44,3.64,26964,0
TOW,60,20240709,110000,3.7,3.78,3.7,3.72,8945,0
TOW,60,20240709,120000,3.74,3.76,3.6,3.6,8674,0
TOW,60,20240709,130000,3.6,3.62,3.58,3.62,3171,0
TOW,60,20240709,140000,3.62,3.76,3.62,3.7,7830,0
TOW,60,20240709,150000,3.7,3.7,3.66,3.7,2809,0
TOW,60,20240709,160000,3.68,3.7,3.5,3.58,14392,0
TOW,60,20240709,170000,3.6,3.64,3.58,3.62,5581,0
TOW,60,20240710,100000,3.56,3.72,3.52,3.54,5136,0
TOW,60,20240710,110000,3.6,3.7,3.6,3.64,5724,0
TOW,60,20240710,120000,3.64,3.68,3.62,3.62,3721,0
TOW,60,20240710,130000,3.62,3.62,3.6,3.6,2589,0
TOW,60,20240710,140000,3.64,3.64,3.62,3.64,455,0
TOW,60,20240710,150000,3.64,3.9,3.64,3.7,45002,0
TOW,60,20240710,160000,3.7,3.8,3.62,3.62,4123,0
TOW,60,20240710,170000,3.7,3.7,3.62,3.62,10047,0
TOW,60,20240711,100000,3.62,3.68,3.48,3.58,13554,0
TOW,60,20240711,110000,3.62,3.62,3.54,3.62,3098,0
TOW,60,20240711,120000,3.6,3.6,3.6,3.6,100,0
TOW,60,20240711,130000,3.56,3.56,3.54,3.56,2070,0
TOW,60,20240711,140000,3.52,3.6,3.52,3.6,3500,0
TOW,60,20240711,150000,3.58,3.58,3.58,3.58,353,0
TOW,60,20240711,160000,3.52,3.58,3.48,3.5,6355,0
TOW,60,20240711,170000,3.5,3.5,3.4,3.5,6192,0
TOW,60,20240712,100000,3.54,3.54,3.38,3.42,8049,0
TOW,60,20240712,110000,3.42,3.46,3.38,3.46,6315,0
TOW,60,20240712,120000,3.46,3.48,3.4,3.4,2072,0
TOW,60,20240712,130000,3.46,3.46,3.38,3.42,7218,0
TOW,60,20240712,140000,3.42,3.46,3.42,3.46,3368,0
TOW,60,20240712,150000,3.46,3.46,3.46,3.46,217,0
TOW,60,20240712,160000,3.42,3.42,3.36,3.36,4086,0
TOW,60,20240712,170000,3.38,3.4,3.36,3.4,2708,0
TOW,60,20240715,100000,3.36,3.4,3.28,3.32,10767,0
TOW,60,20240715,110000,3.32,3.36,3.28,3.28,2734,0
TOW,60,20240715,120000,3.26,3.3,3.24,3.3,4309,0
TOW,60,20240715,130000,3.32,3.32,3.28,3.3,333,0
TOW,60,20240715,140000,3.3,3.32,3.3,3.3,1191,0
TOW,60,20240715,150000,3.26,3.26,3.26,3.26,239,0
TOW,60,20240715,160000,3.26,3.48,3.26,3.46,1234,0
TOW,60,20240715,170000,3.44,3.68,3.44,3.68,28227,0
TOW,60,20240716,100000,3.7,4.46,3.68,4.46,58309,0
TOW,60,20240716,110000,4.8,4.8,4.2,4.5,51040,0
TOW,60,20240716,120000,4.72,4.72,4.08,4.08,36245,0
TOW,60,20240716,130000,4.08,4.4,3.96,4.16,55784,0
TOW,60,20240716,140000,4.16,4.22,3.86,4.02,23486,0
TOW,60,20240716,150000,4.02,4.1,3.84,4.06,8763,0
TOW,60,20240716,160000,4,4.1,3.98,4.1,4304,0
TOW,60,20240716,170000,4.1,4.1,3.94,4.1,9636,0
TOW,60,20240717,100000,4.38,4.76,4.16,4.16,84174,0
TOW,60,20240717,110000,4.22,4.3,3.82,3.82,22301,0
TOW,60,20240717,120000,3.82,4,3.58,3.8,45323,0
TOW,60,20240717,130000,3.8,3.86,3.58,3.58,32757,0
TOW,60,20240717,140000,3.58,3.6,3.58,3.6,5975,0
TOW,60,20240717,150000,3.5,3.7,3.46,3.7,23729,0
TOW,60,20240717,160000,3.62,3.88,3.6,3.88,11847,0
TOW,60,20240717,170000,3.76,3.88,3.62,3.88,15393,0
TOW,60,20240718,100000,3.86,3.86,3.48,3.66,35814,0
TOW,60,20240718,110000,3.6,3.66,3.58,3.66,930,0
TOW,60,20240718,120000,3.68,3.94,3.68,3.82,9619,0
TOW,60,20240718,130000,3.8,3.8,3.64,3.74,2307,0
TOW,60,20240718,140000,3.74,4.24,3.74,4.22,44031,0
TOW,60,20240718,150000,4.14,4.38,4,4.28,28582,0
TOW,60,20240718,160000,4.24,4.3,4.12,4.2,14674,0
TOW,60,20240718,170000,4.2,4.3,3.92,4.16,14051,0
TOW,60,20240719,100000,4.14,4.14,3.82,4.02,13666,0
TOW,60,20240719,110000,4.04,4.08,3.82,4.08,7384,0
TOW,60,20240719,120000,3.98,3.98,3.98,3.98,10,0
TOW,60,20240719,130000,4,4,3.9,3.9,2723,0
TOW,60,20240719,140000,3.9,3.98,3.84,3.86,1790,0
TOW,60,20240719,150000,3.84,3.88,3.74,3.84,7171,0
TOW,60,20240719,160000,3.84,3.86,3.82,3.82,995,0
TOW,60,20240719,170000,3.82,3.94,3.76,3.76,2981,0
TOW,60,20240722,100000,3.84,3.86,3.52,3.68,11747,0
TOW,60,20240722,110000,3.68,3.8,3.58,3.64,2585,0
TOW,60,20240722,130000,3.72,3.78,3.72,3.78,853,0
TOW,60,20240722,140000,3.7,3.72,3.62,3.68,2109,0
TOW,60,20240722,150000,3.62,3.62,3.6,3.62,2446,0
TOW,60,20240722,160000,3.62,3.68,3.62,3.62,574,0
TOW,60,20240722,170000,3.62,3.68,3.52,3.66,13030,0
TOW,60,20240723,100000,3.54,3.64,3.3,3.4,36669,0
TOW,60,20240723,110000,3.4,3.5,3.2,3.3,26377,0
TOW,60,20240723,120000,3.28,3.44,3.24,3.3,6080,0
TOW,60,20240723,130000,3.3,3.38,3.2,3.3,13595,0
TOW,60,20240723,140000,3.26,3.28,3.2,3.2,16971,0
TOW,60,20240723,150000,3.16,3.18,3.08,3.08,10395,0
TOW,60,20240723,160000,3.08,3.18,3.04,3.08,11785,0
TOW,60,20240723,170000,3.16,3.18,3.1,3.1,2303,0
TOW,60,20240724,100000,3.18,3.26,2.96,3,21839,0
TOW,60,20240724,110000,3,3.18,3,3.18,8694,0
TOW,60,20240724,120000,3.1,3.16,3.02,3.16,3197,0
TOW,60,20240724,130000,3.08,3.08,3.02,3.06,4135,0
TOW,60,20240724,140000,3.06,3.06,3.02,3.06,1391,0
TOW,60,20240724,150000,3.06,3.06,3.02,3.02,804,0
TOW,60,20240724,160000,3.02,3.02,3,3,190,0
TOW,60,20240724,170000,3.02,3.12,3,3.12,1473,0
TOW,60,20240725,100000,3.22,3.22,3,3.08,4221,0
TOW,60,20240725,110000,3.08,3.18,3.06,3.06,3290,0
TOW,60,20240725,120000,3.06,3.06,3,3,4090,0
TOW,60,20240725,130000,3,3.12,3,3.12,233,0
TOW,60,20240725,140000,3.12,3.16,3.06,3.06,1786,0
TOW,60,20240725,150000,3.16,3.16,3.06,3.06,47,0
TOW,60,20240725,160000,3.08,3.08,3.08,3.08,1,0
TOW,60,20240725,170000,3.16,3.16,3.16,3.16,292,0
TOW,60,20240726,100000,3.16,3.38,3.16,3.28,3744,0
TOW,60,20240726,110000,3.28,3.28,3.2,3.2,40,0
TOW,60,20240726,120000,3.28,3.28,3.08,3.08,1661,0
TOW,60,20240726,130000,3.08,3.08,3.08,3.08,827,0
TOW,60,20240726,140000,3.22,3.22,3.1,3.1,23,0
TOW,60,20240726,150000,3.22,3.22,3.1,3.22,618,0
TOW,60,20240726,160000,3.14,3.22,3.1,3.1,1014,0
TOW,60,20240726,170000,3.22,3.22,3.22,3.22,45,0
TOW,60,20240729,100000,3.22,3.22,3.22,3.22,1287,0
TOW,60,20240729,110000,3.14,3.2,3.14,3.14,2092,0
TOW,60,20240729,130000,3.1,3.14,3.1,3.14,142,0
TOW,60,20240729,150000,3.14,3.14,3.1,3.1,1427,0
TOW,60,20240729,170000,3.1,3.2,3.1,3.2,700,0
TOW,60,20240730,100000,3.08,3.08,3.06,3.06,873,0
TOW,60,20240730,110000,3.06,3.2,3.06,3.2,588,0
TOW,60,20240730,120000,3.2,3.32,3.2,3.32,1144,0
TOW,60,20240730,130000,3.26,3.28,3.26,3.28,1247,0
TOW,60,20240730,140000,3.26,3.28,3.26,3.28,554,0
TOW,60,20240730,150000,3.2,3.2,3.1,3.1,302,0
TOW,60,20240730,170000,3.14,3.26,3.14,3.26,8,0
TOW,60,20240731,100000,3.26,3.3,3.26,3.26,973,0
TOW,60,20240731,110000,3.26,3.26,3.26,3.26,38,0
TOW,60,20240731,120000,3.08,3.26,3.08,3.26,55,0
TOW,60,20240731,160000,3.24,3.24,3.24,3.24,4,0
TOW,60,20240731,170000,3.1,3.1,3.1,3.1,24,0
TOW,60,20240801,100000,3.24,3.24,3.12,3.12,909,0
TOW,60,20240801,110000,3.12,3.12,3.12,3.12,128,0
TOW,60,20240801,120000,3.14,3.22,3.14,3.22,291,0
TOW,60,20240801,130000,3.12,3.12,3.12,3.12,601,0
TOW,60,20240801,170000,3.14,3.14,3.14,3.14,480,0
TOW,60,20240802,100000,3.04,3.06,3,3.04,3867,0
TOW,60,20240802,110000,3.04,3.2,3.04,3.2,188,0
TOW,60,20240802,120000,3.18,3.18,3.18,3.18,1000,0
TOW,60,20240802,130000,3.18,3.18,3.18,3.18,945,0
TOW,60,20240805,100000,3,3.1,2.94,3.1,1810,0
TOW,60,20240805,110000,3,3,3,3,5,0
TOW,60,20240805,120000,3.06,3.06,3.06,3.06,100,0
TOW,60,20240805,130000,3,3,2.9,2.9,2517,0
TOW,60,20240805,140000,2.8,2.9,2.8,2.9,1029,0
TOW,60,20240805,150000,2.96,2.96,2.9,2.9,159,0
TOW,60,20240805,170000,2.96,3.06,2.96,2.96,572,0
TOW,60,20240806,100000,3.14,3.14,3.14,3.14,493,0
TOW,60,20240806,110000,3.14,3.14,3.14,3.14,507,0
TOW,60,20240806,120000,3.1,3.1,3.1,3.1,30,0
TOW,60,20240806,130000,3,3,3,3,300,0
TOW,60,20240806,140000,3,3,3,3,500,0
TOW,60,20240806,150000,3,3,2.98,2.98,600,0
TOW,60,20240806,170000,3.04,3.04,2.98,2.98,21,0
TOW,60,20240807,110000,3.1,3.1,3.08,3.08,150,0
TOW,60,20240807,120000,3.06,3.08,3.06,3.08,1017,0
TOW,60,20240807,130000,3.08,3.08,3.08,3.08,100,0
TOW,60,20240807,150000,2.98,2.98,2.92,2.92,1179,0
TOW,60,20240807,160000,2.94,2.94,2.94,2.94,550,0
TOW,60,20240807,170000,2.94,2.94,2.94,2.94,367,0
TOW,60,20240808,100000,2.92,2.92,2.9,2.9,527,0
TOW,60,20240808,110000,3.06,3.06,2.92,3,123,0
TOW,60,20240808,130000,3,3,3,3,4,0
TOW,60,20240808,150000,3,3,3,3,20,0
TOW,60,20240808,160000,2.92,2.92,2.92,2.92,7,0
TOW,60,20240808,170000,2.94,3.08,2.94,2.96,4031,0
TOW,60,20240809,100000,2.92,3.08,2.92,3.08,210,0
TOW,60,20240809,130000,3.04,3.06,3.04,3.06,200,0
TOW,60,20240809,150000,2.96,3.04,2.86,3.04,5052,0
TOW,60,20240809,160000,2.9,2.98,2.84,2.98,2010,0
TOW,60,20240809,170000,2.98,2.98,2.98,2.98,300,0
TOW,60,20240812,100000,2.94,2.94,2.94,2.94,29,0
TOW,60,20240812,110000,2.96,3.06,2.96,3.06,1029,0
TOW,60,20240812,130000,3.04,3.04,3.04,3.04,20,0
TOW,60,20240812,140000,3,3,3,3,450,0
TOW,60,20240812,160000,2.88,2.88,2.86,2.86,368,0
TOW,60,20240812,170000,2.98,3,2.94,3,336,0
TOW,60,20240813,100000,3,3,3,3,50,0
TOW,60,20240813,110000,2.84,2.98,2.84,2.84,239,0
TOW,60,20240813,120000,2.84,2.96,2.84,2.96,295,0
TOW,60,20240813,140000,2.96,2.96,2.96,2.96,10,0
TOW,60,20240813,150000,2.88,2.88,2.88,2.88,500,0
TOW,60,20240813,160000,2.86,2.86,2.84,2.84,2626,0
TOW,60,20240813,170000,2.82,2.94,2.8,2.94,993,0
TOW,60,20240814,100000,2.94,2.94,2.94,2.94,95,0
TOW,60,20240814,110000,2.94,2.94,2.8,2.82,64,0
TOW,60,20240814,120000,2.84,2.84,2.82,2.82,1207,0
TOW,60,20240814,130000,2.84,2.84,2.84,2.84,100,0
TOW,60,20240814,140000,2.84,2.84,2.84,2.84,464,0
TOW,60,20240814,150000,2.84,2.84,2.8,2.8,1055,0
TOW,60,20240814,160000,2.8,2.9,2.74,2.74,3060,0
TOW,60,20240814,170000,2.8,2.82,2.8,2.82,700,0
TOW,60,20240816,100000,2.9,2.96,2.9,2.96,50,0
TOW,60,20240816,110000,2.96,2.96,2.96,2.96,270,0
TOW,60,20240816,120000,2.84,2.84,2.8,2.8,1000,0
TOW,60,20240816,130000,2.9,2.9,2.9,2.9,643,0
TOW,60,20240816,140000,2.9,2.9,2.8,2.84,599,0
TOW,60,20240816,150000,2.84,2.9,2.82,2.9,1437,0
TOW,60,20240819,100000,2.8,3.06,2.7,3.06,6300,0
TOW,60,20240819,110000,3,3.02,3,3.02,2598,0
TOW,60,20240819,130000,2.84,2.84,2.84,2.84,61,0
TOW,60,20240819,160000,2.84,2.84,2.78,2.78,2342,0
TOW,60,20240819,170000,2.86,2.86,2.86,2.86,4,0
TOW,60,20240820,100000,2.72,2.88,2.72,2.88,5758,0
TOW,60,20240820,110000,2.8,2.8,2.8,2.8,400,0
TOW,60,20240820,120000,2.7,2.8,2.7,2.8,2000,0
TOW,60,20240820,150000,2.74,2.74,2.74,2.74,80,0
TOW,60,20240820,160000,2.84,2.84,2.84,2.84,30,0
TOW,60,20240820,170000,2.8,2.8,2.8,2.8,1996,0
TOW,60,20240821,100000,2.8,2.9,2.7,2.8,5657,0
TOW,60,20240821,110000,2.74,2.86,2.74,2.86,210,0
TOW,60,20240821,120000,2.8,2.8,2.8,2.8,183,0
TOW,60,20240821,130000,2.82,3,2.82,3,5018,0
TOW,60,20240821,150000,2.84,2.94,2.84,2.94,506,0
TOW,60,20240821,170000,2.94,2.94,2.94,2.94,20,0
TOW,60,20240822,100000,2.9,2.9,2.9,2.9,60,0
TOW,60,20240822,110000,2.9,2.9,2.84,2.84,1578,0
TOW,60,20240822,120000,2.8,2.8,2.74,2.76,2000,0
TOW,60,20240822,130000,2.78,2.78,2.78,2.78,1850,0
TOW,60,20240822,150000,2.78,2.82,2.78,2.82,260,0
TOW,60,20240822,160000,2.84,2.84,2.84,2.84,276,0
TOW,60,20240822,170000,2.86,2.86,2.78,2.86,865,0
TOW,60,20240823,100000,2.94,2.94,2.8,2.8,1241,0
TOW,60,20240823,120000,2.8,2.8,2.8,2.8,210,0
TOW,60,20240823,160000,2.88,2.98,2.84,2.98,3405,0
TOW,60,20240823,170000,2.98,2.98,2.98,2.98,80,0
TOW,60,20240826,110000,2.98,2.98,2.98,2.98,19,0
TOW,60,20240826,120000,2.98,2.98,2.98,2.98,1480,0
TOW,60,20240826,140000,2.88,2.88,2.88,2.88,63,0
TOW,60,20240826,170000,2.98,2.98,2.98,2.98,20,0
TOW,60,20240827,100000,2.98,2.98,2.82,2.82,2000,0
TOW,60,20240827,110000,2.94,2.98,2.94,2.98,936,0
TOW,60,20240827,130000,2.86,2.86,2.86,2.86,10,0
TOW,60,20240827,140000,2.88,2.98,2.88,2.98,81,0
TOW,60,20240827,150000,2.98,3.1,2.98,3.08,3337,0
TOW,60,20240827,160000,2.98,2.98,2.98,2.98,176,0
TOW,60,20240828,100000,3,3,3,3,510,0
TOW,60,20240828,110000,3,3.16,3,3.14,6402,0
TOW,60,20240828,120000,3.1,3.62,3.1,3.62,50486,0
TOW,60,20240828,170000,3.96,4,3.86,4,47119,0
TOW,60,20240829,100000,4.12,4.2,3.46,3.58,92985,0
TOW,60,20240829,110000,3.6,3.6,3.44,3.48,21205,0
TOW,60,20240829,120000,3.44,3.44,3.36,3.36,14238,0
TOW,60,20240829,130000,3.36,3.68,3.36,3.62,43219,0
TOW,60,20240829,140000,3.62,3.68,3.54,3.68,13421,0
TOW,60,20240829,150000,3.66,3.96,3.58,3.9,29430,0
TOW,60,20240829,160000,3.88,3.98,3.6,3.98,11573,0
TOW,60,20240829,170000,3.74,3.74,3.64,3.64,9651,0
TOW,60,20240830,100000,3.64,3.7,3.42,3.42,11696,0
TOW,60,20240830,110000,3.4,3.52,3.2,3.36,70267,0
TOW,60,20240830,120000,3.38,3.4,3.24,3.34,6343,0
TOW,60,20240830,130000,3.28,3.36,3.28,3.36,3569,0
TOW,60,20240830,140000,3.36,3.36,3.2,3.36,8427,0
TOW,60,20240830,150000,3.3,3.36,3.26,3.34,1269,0
TOW,60,20240830,160000,3.26,3.3,3.26,3.3,485,0
TOW,60,20240830,170000,3.28,3.34,3.26,3.26,4577,0
TOW,60,20240902,100000,3.26,3.26,3.06,3.12,12989,0
TOW,60,20240902,110000,3.1,3.18,3.1,3.1,1686,0
TOW,60,20240902,120000,3.18,3.32,3.18,3.32,3552,0
TOW,60,20240902,130000,3.3,3.3,3.2,3.22,3090,0
TOW,60,20240902,140000,3.2,3.2,3.16,3.16,748,0
TOW,60,20240902,150000,3.14,3.16,3.14,3.16,2127,0
TOW,60,20240902,160000,3.18,3.18,3.18,3.18,901,0
TOW,60,20240902,170000,3.12,3.16,3.1,3.12,8607,0
TOW,60,20240903,100000,3.14,3.14,3.06,3.1,8661,0
TOW,60,20240903,110000,3.08,3.2,3.06,3.2,4822,0
TOW,60,20240903,120000,3.08,3.08,3.08,3.08,250,0
TOW,60,20240903,130000,3.1,3.1,3.08,3.08,2744,0
TOW,60,20240903,140000,3.06,3.06,3.06,3.06,213,0
TOW,60,20240903,150000,3.08,3.08,3.08,3.08,1000,0
TOW,60,20240903,160000,3.16,3.16,3.06,3.06,2499,0
TOW,60,20240903,170000,3.06,3.06,3,3.06,10298,0
TOW,60,20240904,100000,3.06,3.12,2.98,2.98,3837,0
TOW,60,20240904,110000,3.06,3.06,2.96,3.06,1336,0
TOW,60,20240904,120000,3.04,3.04,3.04,3.04,10,0
TOW,60,20240904,130000,3.04,3.04,2.98,3.02,1760,0
TOW,60,20240904,140000,2.98,2.98,2.88,2.9,19700,0
TOW,60,20240904,150000,2.9,2.9,2.9,2.9,3547,0
TOW,60,20240904,160000,2.9,2.96,2.82,2.96,3486,0
TOW,60,20240904,170000,2.96,3.02,2.94,3.02,1021,0
TOW,60,20240905,100000,3.04,3.04,2.98,2.98,675,0
TOW,60,20240905,110000,3.02,3.26,3.02,3.08,19865,0
TOW,60,20240905,120000,3.08,3.08,3.08,3.08,710,0
TOW,60,20240905,130000,3.08,3.1,3.08,3.1,364,0
TOW,60,20240905,140000,3.04,3.04,3.04,3.04,748,0
TOW,60,20240905,150000,3.08,3.08,3.08,3.08,1306,0
TOW,60,20240905,170000,3.1,3.26,3.1,3.2,10300,0
TOW,60,20240906,100000,3.24,3.26,3.08,3.14,2293,0
TOW,60,20240906,110000,3.14,3.2,3.14,3.2,1717,0
TOW,60,20240906,120000,3.2,3.24,3.2,3.24,3105,0
TOW,60,20240906,130000,3.24,3.26,3.2,3.2,3440,0
TOW,60,20240906,160000,3.2,3.2,3.2,3.2,70,0
TOW,60,20240906,170000,3.2,3.2,3.2,3.2,1755,0
TOW,60,20240909,100000,3.26,3.26,3.26,3.26,13,0
TOW,60,20240909,110000,3.26,3.34,3.24,3.24,14827,0
TOW,60,20240909,120000,3.3,3.34,3.3,3.34,6104,0
TOW,60,20240909,130000,3.34,3.34,3.24,3.24,8802,0
TOW,60,20240909,140000,3.24,3.24,3.14,3.14,2380,0
TOW,60,20240909,150000,3.24,3.3,3.24,3.3,590,0
TOW,60,20240909,160000,3.3,3.32,3.3,3.32,3206,0
TOW,60,20240909,170000,3.32,3.32,3.32,3.32,119,0
TOW,60,20240910,100000,3.3,3.32,3.16,3.16,2140,0
TOW,60,20240910,110000,3.28,3.32,3.18,3.18,87,0
TOW,60,20240910,120000,3.24,3.24,3.24,3.24,393,0
TOW,60,20240910,130000,3.3,3.32,3.3,3.32,380,0
TOW,60,20240910,140000,3.3,3.3,3.3,3.3,9,0
TOW,60,20240910,150000,3.3,3.3,3.3,3.3,20,0
TOW,60,20240910,160000,3.2,3.2,3.2,3.2,151,0
TOW,60,20240910,170000,3.2,3.2,3.16,3.16,1086,0
TOW,60,20240911,100000,3.28,3.3,3.28,3.3,310,0
TOW,60,20240911,110000,3.28,3.28,3.28,3.28,660,0
TOW,60,20240911,120000,3.18,3.18,3.18,3.18,20,0
TOW,60,20240911,140000,3.26,3.28,3.26,3.28,610,0
TOW,60,20240911,150000,3.28,3.3,3.28,3.3,940,0
TOW,60,20240911,170000,3.18,3.18,3.16,3.16,3677,0
TOW,60,20240912,100000,3.16,3.16,3.16,3.16,901,0
TOW,60,20240912,110000,3.26,3.26,3.04,3.04,4402,0
TOW,60,20240912,120000,3.06,3.22,3.06,3.22,1025,0
TOW,60,20240913,100000,3.24,3.3,3.24,3.24,2110,0
TOW,60,20240913,110000,3.22,3.22,3.22,3.22,20,0
TOW,60,20240913,120000,3.18,3.18,3.18,3.18,450,0
TOW,60,20240913,150000,3.14,3.18,3.14,3.18,29,0
TOW,60,20240913,170000,3.18,3.24,3.18,3.24,1250,0
TOW,60,20240916,100000,3.24,3.3,3.1,3.3,311,0
TOW,60,20240916,120000,3.28,3.3,3.28,3.3,500,0
TOW,60,20240916,140000,3.28,3.3,3.12,3.3,1260,0
TOW,60,20240917,100000,3.26,3.26,3.08,3.18,5189,0
TOW,60,20240917,110000,3.14,3.2,3.14,3.2,1550,0
TOW,60,20240917,140000,3.2,3.2,3.1,3.1,440,0
TOW,60,20240917,150000,3.2,3.2,3.2,3.2,295,0
TOW,60,20240917,160000,3.2,3.28,3.1,3.28,3020,0
TOW,60,20240918,100000,3.24,3.24,3.24,3.24,30,0
TOW,60,20240918,120000,3.14,3.14,3.14,3.14,175,0
TOW,60,20240918,130000,3.22,3.24,3.22,3.24,60,0
TOW,60,20240918,140000,3.22,3.22,3.22,3.22,350,0
TOW,60,20240918,160000,3.22,3.22,3.22,3.22,176,0
TOW,60,20240919,100000,3.26,3.26,3.06,3.22,1064,0
TOW,60,20240919,140000,3.2,3.22,3.14,3.22,1278,0
TOW,60,20240919,160000,3.22,3.24,3.22,3.24,50,0
TOW,60,20240919,170000,3.16,3.24,3.16,3.24,96,0
TOW,60,20240920,100000,3.16,3.22,3,3.04,2710,0
TOW,60,20240920,110000,3.18,3.2,3.18,3.2,440,0
TOW,60,20240920,170000,3.12,3.12,3.12,3.12,680,0
TOW,60,20240923,100000,3.12,3.12,3.12,3.12,320,0
TOW,60,20240923,110000,3.04,3.18,3.04,3.18,590,0
TOW,60,20240923,120000,3.04,3.18,2.98,3.18,32,0
TOW,60,20240923,170000,3.06,3.06,3.06,3.06,700,0
TOW,60,20240924,100000,3.06,3.06,3.04,3.04,60,0
TOW,60,20240924,110000,3.06,3.12,3.06,3.12,655,0
TOW,60,20240924,120000,3.06,3.06,2.9,2.9,8800,0
TOW,60,20240924,130000,3.06,3.06,3.06,3.06,100,0
TOW,60,20240924,140000,3.06,3.06,3.06,3.06,16,0
TOW,60,20240924,150000,3.06,3.06,3.06,3.06,3059,0
TOW,60,20240924,160000,2.92,3.12,2.92,2.92,96,0
TOW,60,20240924,170000,2.92,3.12,2.92,3.12,2633,0
TOW,60,20240925,100000,2.9,2.94,2.9,2.94,480,0
TOW,60,20240925,110000,2.94,2.94,2.94,2.94,600,0
TOW,60,20240925,130000,3.04,3.04,2.94,2.94,205,0
TOW,60,20240925,140000,3.04,3.04,3.04,3.04,20,0
TOW,60,20240925,150000,3.04,3.04,3.04,3.04,100,0
TOW,60,20240925,160000,3.04,3.04,2.96,2.96,2908,0
TOW,60,20240925,170000,2.94,2.98,2.94,2.98,261,0
TOW,60,20240926,100000,2.92,3.2,2.92,3.2,3748,0
TOW,60,20240926,110000,3.1,3.24,3.1,3.2,4810,0
TOW,60,20240926,120000,3.18,3.22,3.18,3.22,210,0
TOW,60,20240926,130000,3.1,3.22,3.08,3.2,555,0
TOW,60,20240926,140000,3.2,3.2,3.2,3.2,219,0
TOW,60,20240926,150000,3.18,3.2,3.18,3.2,330,0
TOW,60,20240926,170000,3.18,3.18,3.18,3.18,10,0
TOW,60,20240927,100000,3.16,3.18,3.16,3.18,380,0
TOW,60,20240927,160000,3.08,3.18,3.04,3.18,1252,0
TOW,60,20240927,170000,3.18,3.2,3.18,3.2,1300,0
TOW,60,20240930,100000,3.2,3.2,3.2,3.2,10,0
TOW,60,20240930,110000,3.2,3.2,3.2,3.2,10,0
TOW,60,20240930,160000,3.06,3.18,3.06,3.18,130,0
TOW,60,20241001,100000,2.9,3.1,2.9,3,4057,0
TOW,60,20241001,120000,3,3,3,3,613,0
TOW,60,20241001,130000,3,3,2.98,2.98,387,0
TOW,60,20241001,140000,2.96,3,2.92,2.92,3661,0
TOW,60,20241001,150000,3,3,2.92,2.98,1404,0
TOW,60,20241001,160000,2.98,2.98,2.8,2.9,13686,0
TOW,60,20241001,170000,2.88,2.92,2.86,2.92,445,0
TOW,60,20241002,100000,3,3,3,3,2554,0
TOW,60,20241002,110000,2.94,3,2.94,3,780,0
TOW,60,20241002,140000,2.92,2.92,2.86,2.86,766,0
TOW,60,20241002,150000,2.9,2.9,2.86,2.86,209,0
TOW,60,20241002,160000,2.86,2.98,2.86,2.98,139,0
TOW,60,20241002,170000,2.88,2.88,2.88,2.88,35,0
TOW,60,20241003,100000,2.86,2.96,2.86,2.96,521,0
TOW,60,20241003,110000,2.88,2.88,2.7,2.82,4059,0
TOW,60,20241003,120000,2.8,2.8,2.72,2.72,3351,0
TOW,60,20241003,130000,2.88,2.9,2.88,2.9,455,0
TOW,60,20241003,170000,2.88,2.88,2.88,2.88,1000,0
TOW,60,20241004,100000,2.9,2.92,2.9,2.92,150,0
TOW,60,20241004,110000,2.9,2.92,2.9,2.92,2100,0
TOW,60,20241004,120000,2.9,2.9,2.9,2.9,975,0
TOW,60,20241004,140000,2.9,2.9,2.9,2.9,25,0
TOW,60,20241004,170000,2.88,2.88,2.88,2.88,200,0
TOW,60,20241007,100000,2.88,2.88,2.88,2.88,50,0
TOW,60,20241007,110000,2.88,2.88,2.8,2.8,2132,0
TOW,60,20241007,130000,2.8,2.8,2.8,2.8,796,0
TOW,60,20241007,140000,2.88,2.88,2.8,2.86,96,0
TOW,60,20241007,150000,2.86,2.92,2.86,2.92,2681,0
TOW,60,20241007,170000,2.92,2.92,2.72,2.86,416,0
TOW,60,20241008,100000,2.72,2.92,2.7,2.9,524,0
TOW,60,20241008,110000,2.72,2.72,2.72,2.72,700,0
TOW,60,20241008,120000,2.72,2.72,2.72,2.72,1454,0
TOW,60,20241008,130000,2.86,2.86,2.86,2.86,8,0
TOW,60,20241009,100000,2.74,2.74,2.74,2.74,1008,0
TOW,60,20241009,110000,2.74,2.74,2.7,2.7,1535,0
TOW,60,20241009,120000,2.74,2.74,2.74,2.74,217,0
TOW,60,20241009,130000,2.7,2.74,2.7,2.74,300,0
TOW,60,20241009,140000,2.74,2.86,2.74,2.86,1895,0
TOW,60,20241009,170000,2.72,2.82,2.72,2.82,344,0
TOW,60,20241010,110000,2.72,2.72,2.72,2.72,250,0
TOW,60,20241010,120000,2.8,2.8,2.8,2.8,27,0
TOW,60,20241010,130000,2.8,2.8,2.8,2.8,10,0
TOW,60,20241010,140000,2.8,2.8,2.8,2.8,5,0
TOW,60,20241010,160000,2.8,2.8,2.8,2.8,6,0
TOW,60,20241010,170000,2.74,2.8,2.7,2.78,1449,0
TOW,60,20241011,100000,2.78,2.78,2.78,2.78,5,0
TOW,60,20241011,110000,2.78,2.78,2.72,2.72,185,0
TOW,60,20241011,130000,2.76,2.92,2.76,2.9,2900,0
TOW,60,20241011,140000,2.9,2.9,2.72,2.72,12,0
TOW,60,20241011,150000,2.72,2.92,2.72,2.92,620,0
TOW,60,20241011,160000,2.9,2.92,2.9,2.9,596,0
TOW,60,20241014,100000,2.88,2.88,2.88,2.88,20,0
TOW,60,20241014,130000,2.74,2.74,2.74,2.74,49,0
TOW,60,20241014,150000,2.74,2.88,2.74,2.88,1620,0
TOW,60,20241015,100000,2.8,2.92,2.8,2.92,4170,0
TOW,60,20241015,110000,2.74,2.74,2.74,2.74,200,0
TOW,60,20241015,120000,2.92,2.92,2.92,2.92,20,0
TOW,60,20241015,150000,2.92,2.92,2.92,2.92,5,0
TOW,60,20241015,170000,2.78,2.86,2.52,2.86,7608,0
TOW,60,20241016,110000,2.62,2.62,2.62,2.62,5,0
TOW,60,20241016,120000,2.84,2.84,2.4,2.64,18498,0
TOW,60,20241016,130000,2.5,2.5,2.5,2.5,5,0
TOW,60,20241016,140000,2.62,2.68,2.62,2.68,888,0
TOW,60,20241016,150000,2.58,2.6,2.58,2.6,1321,0
TOW,60,20241016,160000,2.54,2.62,2.54,2.62,1820,0
TOW,60,20241016,170000,2.68,2.78,2.68,2.78,1400,0
TOW,60,20241017,100000,2.62,2.62,2.62,2.62,138,0
TOW,60,20241017,110000,2.7,2.76,2.7,2.76,180,0
TOW,60,20241017,130000,2.66,2.66,2.6,2.6,1372,0
TOW,60,20241017,140000,2.36,2.66,2.36,2.62,12396,0
TOW,60,20241017,150000,2.6,2.6,2.52,2.52,380,0
TOW,60,20241017,170000,2.6,2.68,2.52,2.58,1522,0
TOW,60,20241018,100000,2.54,2.54,2.54,2.54,1,0
TOW,60,20241018,110000,2.6,2.6,2.6,2.6,1,0
TOW,60,20241018,160000,2.6,2.6,2.54,2.54,399,0
TOW,60,20241018,170000,2.52,2.58,2.38,2.58,2240,0
TOW,60,20241021,100000,2.58,2.58,2.58,2.58,300,0
TOW,60,20241021,140000,2.5,2.5,2.5,2.5,2038,0
TOW,60,20241021,150000,2.5,2.5,2.5,2.5,100,0
TOW,60,20241022,100000,2.54,2.74,2.54,2.74,5704,0
TOW,60,20241022,110000,2.74,2.74,2.62,2.62,1841,0
TOW,60,20241022,120000,2.66,2.66,2.66,2.66,435,0
TOW,60,20241022,130000,2.66,2.7,2.52,2.52,1765,0
TOW,60,20241022,140000,2.54,2.54,2.54,2.54,2,0
TOW,60,20241022,150000,2.52,2.52,2.52,2.52,129,0
TOW,60,20241022,170000,2.52,2.52,2.52,2.52,480,0
TOW,60,20241023,100000,2.52,2.52,2.52,2.52,1633,0
TOW,60,20241023,130000,2.52,2.52,2.52,2.52,1000,0
TOW,60,20241024,100000,2.68,2.68,2.66,2.66,340,0
TOW,60,20241024,120000,2.66,2.66,2.66,2.66,31,0
TOW,60,20241024,130000,2.48,2.66,2.48,2.66,5,0
TOW,60,20241024,140000,2.66,2.66,2.66,2.66,300,0
TOW,60,20241024,170000,2.58,2.66,2.58,2.64,2290,0
TOW,60,20241025,100000,2.64,2.68,2.64,2.68,100,0
TOW,60,20241025,110000,2.52,2.52,2.52,2.52,10,0
TOW,60,20241025,120000,2.52,2.66,2.52,2.52,279,0
TOW,60,20241025,140000,2.66,2.68,2.6,2.6,11150,0
TOW,60,20241025,170000,2.68,2.68,2.68,2.68,20,0
TOW,60,20241028,130000,2.68,2.96,2.68,2.72,17038,0
TOW,60,20241028,140000,2.72,2.82,2.66,2.82,2729,0
TOW,60,20241028,150000,2.82,2.82,2.82,2.82,190,0
TOW,60,20241028,170000,2.72,2.72,2.7,2.72,502,0
TOW,60,20241029,100000,2.72,2.72,2.72,2.72,125,0
TOW,60,20241029,110000,2.72,2.72,2.7,2.7,110,0
TOW,60,20241029,130000,2.7,2.78,2.7,2.78,680,0
TOW,60,20241029,160000,2.7,2.7,2.7,2.7,175,0
TOW,60,20241029,170000,2.7,2.7,2.7,2.7,1,0
TOW,60,20241030,100000,2.7,2.78,2.7,2.78,520,0
TOW,60,20241030,130000,2.78,2.78,2.78,2.78,270,0
TOW,60,20241030,170000,2.64,2.78,2.6,2.78,575,0
TOW,60,20241031,100000,2.78,2.78,2.78,2.78,140,0
TOW,60,20241104,150000,2.76,2.76,2.76,2.76,10,0
TOW,60,20241104,160000,2.78,2.78,2.78,2.78,20,0
TOW,60,20241105,130000,2.58,2.58,2.58,2.58,10,0
TOW,60,20241105,150000,2.72,2.72,2.72,2.72,4,0
TOW,60,20241106,100000,2.72,2.72,2.72,2.72,145,0
TOW,60,20241106,150000,2.7,2.7,2.7,2.7,90,0
TOW,60,20241106,160000,2.76,2.78,2.7,2.7,133,0
TOW,60,20241106,170000,2.7,2.78,2.7,2.78,487,0
TOW,60,20241107,100000,2.66,2.78,2.66,2.78,38,0
TOW,60,20241107,130000,2.78,2.78,2.78,2.78,88,0
TOW,60,20241108,100000,2.76,2.78,2.66,2.66,111,0
TOW,60,20241108,110000,2.64,2.76,2.58,2.76,4103,0
TOW,60,20241108,120000,2.76,2.76,2.62,2.62,900,0
TOW,60,20241108,130000,2.62,2.62,2.62,2.62,2,0
TOW,60,20241108,160000,2.74,2.78,2.74,2.78,1100,0
TOW,60,20241112,100000,2.64,2.64,2.62,2.62,1156,0
TOW,60,20241112,110000,2.68,2.78,2.62,2.62,1130,0
TOW,60,20241112,120000,2.62,2.62,2.54,2.54,2849,0
TOW,60,20241112,130000,2.62,2.74,2.62,2.74,800,0
TOW,60,20241113,110000,2.6,2.76,2.6,2.76,426,0
TOW,60,20241114,100000,2.7,2.74,2.7,2.74,221,0
TOW,60,20241114,150000,2.6,2.74,2.56,2.74,1190,0
TOW,60,20241115,110000,2.6,2.6,2.56,2.56,295,0
TOW,60,20241115,120000,2.68,2.7,2.68,2.7,505,0
TOW,60,20241115,130000,2.66,2.66,2.66,2.66,50,0
TOW,60,20241115,160000,2.56,2.56,2.56,2.56,12,0
TOW,60,20241115,170000,2.56,2.6,2.56,2.6,1140,0
TOW,60,20241118,100000,2.6,2.74,2.6,2.74,45,0
TOW,60,20241118,110000,2.74,2.74,2.74,2.74,13,0
TOW,60,20241118,120000,2.7,2.7,2.42,2.7,3150,0
TOW,60,20241118,130000,2.68,2.7,2.68,2.7,269,0
TOW,60,20241118,140000,2.68,2.68,2.48,2.66,1400,0
TOW,60,20241119,110000,2.44,2.44,2.44,2.44,2500,0
TOW,60,20241119,120000,2.64,2.64,2.64,2.64,10,0
TOW,60,20241119,140000,2.6,2.6,2.6,2.6,5,0
TOW,60,20241119,150000,2.56,2.56,2.56,2.56,350,0
TOW,60,20241120,120000,2.48,2.48,2.48,2.48,10,0
TOW,60,20241120,130000,2.48,2.48,2.48,2.48,9,0
TOW,60,20241120,140000,2.48,2.48,2.48,2.48,41,0
TOW,60,20241120,150000,2.5,2.56,2.5,2.5,750,0
TOW,60,20241120,160000,2.48,2.48,2.44,2.44,770,0
TOW,60,20241120,170000,2.5,2.5,2.36,2.36,1280,0
TOW,60,20241121,100000,2.5,2.64,2.4,2.4,24,0
TOW,60,20241121,110000,2.52,2.52,2.32,2.32,2114,0
TOW,60,20241121,120000,2.52,2.52,2.34,2.34,200,0
TOW,60,20241121,140000,2.44,2.52,2.44,2.52,251,0
TOW,60,20241121,170000,2.52,2.52,2.4,2.4,91,0
TOW,60,20241122,100000,2.52,2.66,2.5,2.66,6505,0
TOW,60,20241122,110000,2.64,2.66,2.5,2.62,4940,0
TOW,60,20241122,120000,2.5,2.66,2.5,2.66,4132,0
TOW,60,20241122,130000,2.66,2.66,2.64,2.66,396,0
TOW,60,20241122,140000,2.66,2.66,2.66,2.66,4,0
TOW,60,20241122,170000,2.52,2.66,2.5,2.66,584,0
TOW,60,20241125,100000,2.48,2.48,2.48,2.48,1546,0
TOW,60,20241125,110000,2.48,2.48,2.48,2.48,666,0
TOW,60,20241125,130000,2.66,2.66,2.66,2.66,30,0
TOW,60,20241127,100000,2.7,2.72,2.68,2.68,2089,0
TOW,60,20241127,150000,2.5,2.5,2.5,2.5,5,0
TOW,60,20241127,160000,2.62,2.64,2.62,2.64,40,0
TOW,60,20241129,100000,2.7,2.7,2.68,2.68,26,0
TOW,60,20241129,110000,2.68,2.68,2.68,2.68,20,0
TOW,60,20241129,120000,2.68,2.68,2.68,2.68,10,0
TOW,60,20241129,130000,2.5,2.5,2.5,2.5,1173,0
TOW,60,20241129,150000,2.5,2.5,2.5,2.5,542,0
TOW,60,20241129,160000,2.48,2.66,2.48,2.66,120,0
TOW,60,20241202,110000,2.64,2.64,2.44,2.64,290,0
TOW,60,20241202,160000,2.44,2.44,2.44,2.44,1,0
TOW,60,20241202,170000,2.54,2.54,2.44,2.44,1491,0
TOW,60,20241203,100000,2.44,2.54,2.44,2.54,10010,0
TOW,60,20241203,120000,2.44,2.48,2.4,2.48,2020,0
TOW,60,20241203,130000,2.48,2.48,2.48,2.48,305,0
TOW,60,20241203,170000,2.46,2.46,2.46,2.46,20,0
TOW,60,20241204,100000,2.4,2.4,2.4,2.4,490,0
TOW,60,20241204,110000,2.46,2.46,2.46,2.46,10,0
TOW,60,20241204,130000,2.46,2.46,2.46,2.46,520,0
TOW,60,20241204,160000,2.4,2.4,2.4,2.4,438,0
TOW,60,20241204,170000,2.46,2.46,2.46,2.46,10,0
TOW,60,20241205,100000,2.48,2.48,2.48,2.48,20,0
TOW,60,20241205,110000,2.36,2.48,2.36,2.48,679,0
TOW,60,20241205,130000,2.36,2.36,2.28,2.28,1000,0
TOW,60,20241205,140000,2.48,2.48,2.48,2.48,3,0
TOW,60,20241205,150000,2.48,2.5,2.4,2.5,2232,0
TOW,60,20241206,100000,2.62,2.7,2.44,2.5,11168,0
TOW,60,20241206,110000,2.6,2.86,2.6,2.7,11650,0
TOW,60,20241206,120000,2.76,2.76,2.68,2.68,550,0
TOW,60,20241206,130000,2.68,2.8,2.68,2.8,5559,0
TOW,60,20241206,140000,2.82,2.92,2.76,2.76,12477,0
TOW,60,20241206,150000,2.88,2.88,2.86,2.88,1220,0
TOW,60,20241206,160000,2.88,2.88,2.8,2.8,93,0
TOW,60,20241206,170000,2.88,2.92,2.8,2.92,2210,0
TOW,60,20241209,100000,2.9,3.06,2.74,2.92,9955,0
TOW,60,20241209,110000,2.92,3.04,2.92,2.94,209,0
TOW,60,20241209,120000,3.02,3.02,2.9,2.98,2044,0
TOW,60,20241209,130000,2.94,2.96,2.94,2.96,500,0
TOW,60,20241209,140000,2.94,2.94,2.94,2.94,5000,0
TOW,60,20241209,150000,2.82,2.82,2.82,2.82,56,0
TOW,60,20241209,160000,2.76,2.76,2.76,2.76,148,0
TOW,60,20241209,170000,2.8,2.88,2.72,2.88,4949,0
TOW,60,20241210,100000,2.88,2.96,2.88,2.92,1123,0
TOW,60,20241210,110000,2.88,2.9,2.74,2.88,1073,0
TOW,60,20241210,120000,2.88,2.88,2.88,2.88,30,0
TOW,60,20241210,130000,2.84,2.84,2.74,2.74,134,0
TOW,60,20241210,140000,2.82,2.88,2.82,2.88,260,0
TOW,60,20241210,150000,2.88,2.9,2.78,2.78,855,0
TOW,60,20241210,160000,2.9,2.9,2.9,2.9,5,0
TOW,60,20241211,100000,2.8,2.82,2.76,2.82,2878,0
TOW,60,20241211,110000,2.76,2.76,2.76,2.76,170,0
TOW,60,20241211,130000,2.8,2.8,2.8,2.8,13,0
TOW,60,20241211,140000,2.8,3,2.8,2.98,8756,0
TOW,60,20241211,150000,2.98,3.22,2.94,3.18,45262,0
TOW,60,20241211,160000,3.18,3.56,3.18,3.44,72569,0
TOW,60,20241211,170000,3.44,3.7,3.44,3.7,73150,0
TOW,60,20241212,100000,3.62,3.62,3.26,3.26,45825,0
TOW,60,20241212,110000,3.26,3.4,3.26,3.4,3786,0
TOW,60,20241212,120000,3.4,3.4,3.26,3.26,2964,0
TOW,60,20241212,140000,3.18,3.18,3.06,3.14,9316,0
TOW,60,20241212,150000,3.06,3.06,2.94,2.98,15561,0
TOW,60,20241212,160000,2.98,3.02,2.94,2.96,5491,0
TOW,60,20241212,170000,2.82,2.9,2.78,2.78,11318,0
TOW,60,20241213,100000,2.86,2.9,2.7,2.86,6636,0
TOW,60,20241213,110000,2.8,2.82,2.76,2.76,660,0
TOW,60,20241213,120000,2.76,2.84,2.7,2.84,2050,0
TOW,60,20241213,130000,2.84,2.92,2.84,2.92,2662,0
TOW,60,20241213,140000,2.92,2.94,2.92,2.94,600,0
TOW,60,20241213,150000,2.92,2.92,2.92,2.92,388,0
TOW,60,20241213,160000,2.86,2.86,2.58,2.58,15129,0
TOW,60,20241213,170000,2.6,2.66,2.58,2.66,11367,0
TOW,60,20241216,100000,2.66,2.88,2.66,2.88,2227,0
TOW,60,20241216,110000,2.7,2.7,2.6,2.62,6400,0
TOW,60,20241216,120000,2.62,2.62,2.54,2.54,3470,0
TOW,60,20241216,130000,2.54,2.6,2.54,2.56,1031,0
TOW,60,20241216,140000,2.56,2.68,2.54,2.68,2942,0
TOW,60,20241216,150000,2.54,2.64,2.44,2.5,8368,0
TOW,60,20241216,160000,2.52,2.58,2.46,2.58,5595,0
TOW,60,20241216,170000,2.58,2.6,2.52,2.52,609,0
TOW,60,20241217,100000,2.48,2.6,2.48,2.6,615,0
TOW,60,20241217,110000,2.6,2.6,2.52,2.6,1044,0
TOW,60,20241217,120000,2.48,2.54,2.4,2.4,8011,0
TOW,60,20241217,140000,2.44,2.48,2.4,2.48,9002,0
TOW,60,20241217,150000,2.48,2.48,2.36,2.42,4347,0
TOW,60,20241217,160000,2.42,2.48,2.42,2.48,263,0
TOW,60,20241217,170000,2.42,2.48,2.42,2.48,1050,0
TOW,60,20241218,100000,2.46,2.48,2.3,2.32,10369,0
TOW,60,20241218,110000,2.4,2.4,2.32,2.32,1866,0
TOW,60,20241218,120000,2.38,2.38,2.38,2.38,100,0
TOW,60,20241218,130000,2.38,2.4,2.38,2.4,2575,0
TOW,60,20241218,140000,2.4,2.4,2.4,2.4,305,0
TOW,60,20241218,150000,2.36,2.36,2.36,2.36,605,0
TOW,60,20241218,160000,2.4,2.66,2.4,2.66,8329,0
TOW,60,20241218,170000,2.66,2.7,2.42,2.42,16748,0
TOW,60,20241219,100000,2.56,2.56,2.54,2.56,682,0
TOW,60,20241219,110000,2.46,2.48,2.4,2.46,3315,0
TOW,60,20241219,130000,2.4,2.4,2.36,2.36,1116,0
TOW,60,20241219,140000,2.46,2.62,2.46,2.62,3424,0
TOW,60,20241220,100000,2.42,2.42,2.42,2.42,40,0
TOW,60,20241220,110000,2.56,2.56,2.42,2.54,1719,0
TOW,60,20241220,120000,2.42,2.5,2.4,2.5,1001,0
TOW,60,20241220,130000,2.42,2.42,2.42,2.42,1500,0
TOW,60,20241220,140000,2.42,2.42,2.42,2.42,268,0
TOW,60,20241220,150000,2.5,2.5,2.5,2.5,53,0
TOW,60,20241220,160000,2.5,2.5,2.5,2.5,200,0
TOW,60,20241220,170000,2.46,2.5,2.44,2.5,544,0
TOW,60,20241223,100000,2.54,2.54,2.42,2.52,1802,0
TOW,60,20241223,110000,2.52,2.54,2.42,2.42,1180,0
TOW,60,20241223,120000,2.48,2.48,2.44,2.44,3106,0
TOW,60,20241223,130000,2.5,2.5,2.5,2.5,4,0
TOW,60,20241223,140000,2.44,2.44,2.42,2.42,1000,0
TOW,60,20241223,150000,2.44,2.44,2.44,2.44,30,0
TOW,60,20241223,160000,2.48,2.48,2.48,2.48,777,0
TOW,60,20241223,170000,2.44,2.48,2.42,2.48,505,0
TOW,60,20241227,100000,2.48,2.48,2.44,2.44,690,0
TOW,60,20241227,110000,2.44,2.44,2.44,2.44,500,0
TOW,60,20241227,120000,2.54,2.54,2.54,2.54,94,0
TOW,60,20241227,130000,2.54,2.54,2.4,2.54,1105,0
TOW,60,20241227,140000,2.4,2.4,2.4,2.4,6844,0
TOW,60,20241227,160000,2.42,2.48,2.4,2.42,1950,0
TOW,60,20241227,170000,2.42,2.48,2.4,2.48,3902,0
TOW,60,20241230,100000,2.48,2.48,2.4,2.4,1514,0
TOW,60,20241230,110000,2.48,2.5,2.48,2.5,3427,0
TOW,60,20241230,120000,2.54,2.86,2.54,2.82,15681,0
TOW,60,20241230,130000,2.82,2.88,2.74,2.76,7660,0
TOW,60,20241230,140000,2.74,2.74,2.62,2.62,1866,0
TOW,60,20241230,150000,2.6,2.6,2.54,2.54,3180,0
TOW,60,20241230,160000,2.7,2.72,2.56,2.56,3027,0
TOW,60,20241230,170000,2.6,2.62,2.54,2.62,1337,0
TOW,60,20250102,100000,2.62,2.76,2.6,2.6,120,0
TOW,60,20250102,120000,2.64,2.64,2.52,2.64,580,0
TOW,60,20250102,130000,2.6,2.6,2.6,2.6,400,0
TOW,60,20250102,140000,2.6,2.7,2.6,2.7,2700,0
TOW,60,20250102,150000,2.6,2.6,2.56,2.56,416,0
TOW,60,20250102,160000,2.58,2.7,2.58,2.7,1853,0
TOW,60,20250102,170000,2.74,2.74,2.74,2.74,7,0
TOW,60,20250103,100000,2.72,2.72,2.72,2.72,200,0
TOW,60,20250103,110000,2.68,2.72,2.68,2.72,290,0
TOW,60,20250103,120000,2.74,2.74,2.74,2.74,5,0
TOW,60,20250103,140000,2.74,2.74,2.72,2.74,579,0
TOW,60,20250103,150000,2.74,2.74,2.74,2.74,150,0
TOW,60,20250103,160000,2.74,2.88,2.74,2.84,6210,0
TOW,60,20250103,170000,2.82,2.84,2.72,2.82,4641,0
TOW,60,20250107,100000,2.74,2.84,2.74,2.84,1935,0
TOW,60,20250107,110000,2.84,2.84,2.8,2.8,701,0
TOW,60,20250107,130000,2.74,2.74,2.7,2.7,500,0
TOW,60,20250107,140000,2.78,2.8,2.78,2.8,1071,0
TOW,60,20250107,150000,2.8,2.8,2.8,2.8,443,0
TOW,60,20250107,160000,2.74,2.74,2.56,2.68,17181,0
TOW,60,20250107,170000,2.66,2.68,2.62,2.68,801,0
TOW,60,20250108,100000,2.56,2.72,2.56,2.72,2481,0
TOW,60,20250108,110000,2.7,2.7,2.66,2.66,865,0
TOW,60,20250108,120000,2.66,2.66,2.66,2.66,100,0
TOW,60,20250108,130000,2.62,2.62,2.6,2.6,876,0
TOW,60,20250108,150000,2.6,2.6,2.56,2.58,2052,0
TOW,60,20250109,100000,2.64,2.64,2.58,2.62,550,0
TOW,60,20250109,110000,2.62,2.62,2.6,2.6,993,0
TOW,60,20250109,140000,2.6,2.6,2.6,2.6,300,0
TOW,60,20250109,150000,2.6,2.6,2.6,2.6,10,0
TOW,60,20250109,160000,2.6,2.6,2.6,2.6,77,0
TOW,60,20250109,170000,2.64,2.64,2.64,2.64,25,0
TOW,60,20250110,100000,2.64,2.64,2.62,2.62,60,0
TOW,60,20250110,110000,2.64,2.64,2.64,2.64,152,0
TOW,60,20250110,120000,2.64,2.64,2.64,2.64,210,0
TOW,60,20250110,130000,2.64,2.64,2.64,2.64,33,0
TOW,60,20250110,150000,2.64,2.64,2.64,2.64,8,0
TOW,60,20250110,160000,2.62,2.64,2.62,2.64,310,0
TOW,60,20250110,170000,2.6,2.6,2.6,2.6,51,0
TOW,60,20250113,100000,2.64,2.66,2.64,2.66,292,0
TOW,60,20250113,110000,2.64,2.66,2.6,2.66,310,0
TOW,60,20250113,120000,2.6,2.66,2.56,2.56,1318,0
TOW,60,20250113,130000,2.64,2.64,2.56,2.56,102,0
TOW,60,20250113,140000,2.56,2.56,2.56,2.56,944,0
TOW,60,20250113,150000,2.56,2.6,2.52,2.6,1510,0
TOW,60,20250114,100000,2.52,2.64,2.52,2.64,39,0
TOW,60,20250114,120000,2.64,2.64,2.64,2.64,105,0
TOW,60,20250114,170000,2.64,2.76,2.64,2.76,12408,0
TOW,60,20250115,100000,2.86,3.3,2.82,3.16,94943,0
TOW,60,20250115,110000,3.12,3.4,3.08,3.3,67155,0
TOW,60,20250115,120000,3.3,3.44,3.24,3.44,42631,0
TOW,60,20250115,130000,3.44,3.44,3.26,3.36,32319,0
TOW,60,20250115,140000,3.28,3.34,3.26,3.3,4998,0
TOW,60,20250115,150000,3.3,3.36,3.08,3.18,31025,0
TOW,60,20250115,160000,3.28,3.44,3.2,3.44,20348,0
TOW,60,20250115,170000,3.56,3.56,3.56,3.56,12098,0
TOW,60,20250116,100000,3.6,3.68,3.24,3.42,59587,0
TOW,60,20250116,110000,3.38,3.5,3.34,3.48,21619,0
TOW,60,20250116,120000,3.48,3.48,3.4,3.4,1790,0
TOW,60,20250116,130000,3.42,3.42,3.12,3.12,32343,0
TOW,60,20250116,140000,3.12,3.14,3,3.12,20757,0
TOW,60,20250116,150000,3.08,3.22,3,3.22,26364,0
TOW,60,20250116,160000,3.2,3.32,3.12,3.24,9590,0
TOW,60,20250116,170000,3.26,3.26,3.18,3.2,7731,0
TOW,60,20250117,100000,3.24,3.24,3.06,3.2,12431,0
TOW,60,20250117,110000,3.2,3.2,3.02,3.02,4191,0
TOW,60,20250117,120000,3.06,3.12,3.06,3.12,1267,0
TOW,60,20250117,130000,3.14,3.28,3.14,3.28,6191,0
TOW,60,20250117,140000,3.26,3.26,3.26,3.26,443,0
TOW,60,20250117,150000,3.26,3.26,3.14,3.14,2304,0
TOW,60,20250117,170000,3.14,3.18,3.08,3.18,8912,0
TOW,60,20250120,100000,3.12,3.18,3.12,3.18,136,0
TOW,60,20250120,110000,3.16,3.16,3.16,3.16,482,0
TOW,60,20250120,120000,3.12,3.16,3.1,3.16,598,0
TOW,60,20250120,130000,3.12,3.4,3.12,3.4,13181,0
TOW,60,20250120,140000,3.4,3.56,3.4,3.5,19713,0
TOW,60,20250120,150000,3.48,3.6,3.42,3.6,3251,0
TOW,60,20250120,160000,3.54,3.54,3.32,3.5,4539,0
TOW,60,20250120,170000,3.34,3.5,3.34,3.5,5520,0
TOW,60,20250121,100000,3.5,4.14,3.48,4.06,102937,0
TOW,60,20250121,110000,4,4.22,3.86,4.08,64260,0
TOW,60,20250121,120000,4.02,4.2,3.94,4.08,21822,0
TOW,60,20250121,130000,4,4.18,3.94,4.18,17308,0
TOW,60,20250121,140000,4.16,4.18,4,4.16,11042,0
TOW,60,20250121,150000,4.16,4.22,4.04,4.22,15163,0
TOW,60,20250121,170000,4.4,4.4,4.36,4.4,42961,0
TOW,60,20250122,100000,4.6,5,4.16,4.3,151263,0
TOW,60,20250122,110000,4.3,4.36,3.96,4,26746,0
TOW,60,20250122,120000,3.98,4.2,3.98,4.18,10161,0
TOW,60,20250122,130000,4.16,4.26,4.06,4.16,15735,0
TOW,60,20250122,140000,4.22,4.22,4.06,4.16,12021,0
TOW,60,20250122,150000,4.14,4.16,4.12,4.16,1197,0
TOW,60,20250122,160000,4.16,4.2,4.14,4.2,3685,0
TOW,60,20250122,170000,4.22,4.22,4.1,4.1,7873,0
TOW,60,20250123,100000,4.26,4.26,3.98,4,19386,0
TOW,60,20250123,110000,4,4,3.68,3.84,14176,0
TOW,60,20250123,120000,3.8,3.94,3.8,3.94,2413,0
TOW,60,20250123,130000,3.9,3.9,3.82,3.9,334,0
TOW,60,20250123,140000,3.86,3.98,3.86,3.98,1184,0
TOW,60,20250123,150000,4,4.18,3.98,4.16,10500,0
TOW,60,20250123,160000,4,4.12,4,4.1,1168,0
TOW,60,20250123,170000,4,4,3.84,3.94,1806,0
TOW,60,20250124,100000,3.94,4.08,3.84,4,670,0
TOW,60,20250124,110000,3.88,3.98,3.8,3.9,1612,0
TOW,60,20250124,120000,3.8,3.9,3.56,3.66,20430,0
TOW,60,20250124,130000,3.78,3.82,3.78,3.82,522,0
TOW,60,20250124,140000,3.7,3.74,3.6,3.74,6083,0
TOW,60,20250124,150000,3.74,3.74,3.68,3.72,3247,0
TOW,60,20250124,160000,3.68,3.78,3.66,3.78,4478,0
TOW,60,20250124,170000,3.72,3.78,3.7,3.78,391,0
TOW,60,20250127,100000,3.32,3.5,3.24,3.3,44376,0
TOW,60,20250127,110000,3.34,3.38,3.24,3.34,9106,0
TOW,60,20250127,120000,3.34,3.38,3.34,3.38,2694,0
TOW,60,20250127,130000,3.38,3.62,3.38,3.56,10871,0
TOW,60,20250127,140000,3.5,3.6,3.5,3.5,5780,0
TOW,60,20250127,150000,3.54,3.54,3.44,3.44,1830,0
TOW,60,20250127,160000,3.5,3.58,3.5,3.58,540,0
TOW,60,20250127,170000,3.46,3.58,3.44,3.58,1191,0
TOW,60,20250128,100000,3.42,3.58,3.38,3.58,5655,0
TOW,60,20250128,110000,3.5,3.56,3.5,3.56,350,0
TOW,60,20250128,120000,3.5,3.54,3.44,3.44,1256,0
TOW,60,20250128,130000,3.54,3.54,3.54,3.54,3,0
TOW,60,20250128,140000,3.54,3.56,3.54,3.56,519,0
TOW,60,20250128,150000,3.56,3.56,3.56,3.56,7,0
TOW,60,20250128,170000,3.46,3.62,3.46,3.48,6254,0
TOW,60,20250129,100000,3.52,3.62,3.4,3.6,3551,0
TOW,60,20250129,110000,3.52,3.6,3.48,3.52,4906,0
TOW,60,20250129,120000,3.52,3.58,3.4,3.42,6074,0
TOW,60,20250129,130000,3.44,3.5,3.42,3.5,511,0
TOW,60,20250129,140000,3.5,3.5,3.34,3.34,5483,0
TOW,60,20250129,150000,3.38,3.38,3.38,3.38,640,0
TOW,60,20250129,160000,3.42,3.42,3.32,3.32,5157,0
TOW,60,20250129,170000,3.32,3.4,3.26,3.4,16649,0
TOW,60,20250130,100000,3.4,3.4,3.26,3.4,8922,0
TOW,60,20250130,110000,3.32,3.56,3.32,3.54,5070,0
TOW,60,20250130,120000,3.54,3.54,3.38,3.52,1719,0
TOW,60,20250130,130000,3.4,3.6,3.4,3.4,8821,0
TOW,60,20250130,140000,3.4,3.5,3.38,3.5,5020,0
TOW,60,20250130,150000,3.5,3.5,3.5,3.5,20,0
TOW,60,20250130,160000,3.46,3.48,3.38,3.48,1181,0
TOW,60,20250130,170000,3.38,3.48,3.32,3.48,5115,0
TOW,60,20250131,100000,3.4,3.52,3.34,3.5,3016,0
TOW,60,20250131,110000,3.38,3.48,3.36,3.48,2520,0
TOW,60,20250131,120000,3.46,3.48,3.46,3.48,342,0
TOW,60,20250131,150000,3.36,3.36,3.32,3.32,6152,0
TOW,60,20250131,160000,3.34,3.38,3.34,3.38,3910,0
TOW,60,20250131,170000,3.38,3.46,3.38,3.4,1970,0
TOW,60,20250203,100000,3.36,3.4,3.3,3.4,4996,0
TOW,60,20250203,110000,3.4,3.66,3.4,3.64,11135,0
TOW,60,20250203,120000,3.5,3.64,3.44,3.52,4832,0
TOW,60,20250203,130000,3.48,3.56,3.4,3.56,5817,0
TOW,60,20250203,140000,3.5,3.54,3.5,3.5,1573,0
TOW,60,20250203,160000,3.44,3.5,3.4,3.5,21900,0
TOW,60,20250203,170000,3.54,3.56,3.48,3.56,1071,0
TOW,60,20250204,100000,3.56,3.56,3.3,3.44,6466,0
TOW,60,20250204,110000,3.32,3.38,3.26,3.32,12020,0
TOW,60,20250204,120000,3.3,3.36,3.3,3.36,2001,0
TOW,60,20250204,150000,3.32,3.36,3.32,3.32,1009,0
TOW,60,20250204,160000,3.36,3.54,3.3,3.54,14951,0
TOW,60,20250204,170000,3.52,3.54,3.34,3.52,2478,0
TOW,60,20250205,100000,3.52,3.52,3.4,3.4,1683,0
TOW,60,20250205,110000,3.4,3.46,3.4,3.44,204,0
TOW,60,20250205,120000,3.42,3.44,3.4,3.44,1345,0
TOW,60,20250205,130000,3.44,3.44,3.44,3.44,10,0
TOW,60,20250205,140000,3.44,3.44,3.44,3.44,31,0
TOW,60,20250205,150000,3.44,3.5,3.4,3.5,981,0
TOW,60,20250205,160000,3.48,3.5,3.48,3.5,1225,0
TOW,60,20250205,170000,3.44,3.5,3.44,3.5,710,0
TOW,60,20250206,100000,3.56,3.7,3.56,3.62,46063,0
TOW,60,20250206,110000,3.7,3.7,3.66,3.68,4830,0
TOW,60,20250206,120000,3.68,3.68,3.6,3.66,2452,0
TOW,60,20250206,130000,3.62,3.8,3.6,3.8,7401,0
TOW,60,20250206,140000,3.78,3.78,3.62,3.72,2659,0
TOW,60,20250206,150000,3.72,3.74,3.72,3.72,539,0
TOW,60,20250206,160000,3.72,3.78,3.72,3.78,3837,0
TOW,60,20250206,170000,3.78,3.78,3.64,3.64,4882,0
TOW,60,20250207,100000,3.74,3.82,3.6,3.62,6083,0
TOW,60,20250207,110000,3.62,3.72,3.52,3.72,7120,0
TOW,60,20250207,120000,3.7,3.74,3.7,3.74,5200,0
TOW,60,20250207,130000,3.74,3.74,3.74,3.74,3,0
TOW,60,20250207,150000,3.7,3.7,3.68,3.68,579,0
TOW,60,20250207,160000,3.68,3.68,3.54,3.54,4126,0
TOW,60,20250207,170000,3.56,3.64,3.54,3.64,1360,0
TOW,60,20250210,100000,3.6,3.62,3.6,3.62,650,0
TOW,60,20250210,110000,3.56,3.6,3.5,3.6,1466,0
TOW,60,20250210,120000,3.6,3.6,3.5,3.6,1065,0
TOW,60,20250210,130000,3.6,3.6,3.6,3.6,550,0
TOW,60,20250210,140000,3.52,3.6,3.5,3.5,1240,0
TOW,60,20250210,150000,3.6,3.6,3.6,3.6,24,0
TOW,60,20250210,170000,3.6,3.6,3.6,3.6,25,0
TOW,60,20250211,100000,3.6,3.78,3.52,3.78,7738,0
TOW,60,20250211,110000,3.64,3.76,3.64,3.72,968,0
TOW,60,20250211,120000,3.66,3.66,3.66,3.66,693,0
TOW,60,20250211,130000,3.74,3.74,3.74,3.74,184,0
TOW,60,20250211,140000,3.66,3.72,3.66,3.72,310,0
TOW,60,20250211,150000,3.7,3.7,3.7,3.7,150,0
TOW,60,20250211,160000,3.7,3.7,3.66,3.7,1015,0
TOW,60,20250211,170000,3.7,3.7,3.7,3.7,3,0
TOW,60,20250212,100000,3.74,3.78,3.64,3.76,7532,0
TOW,60,20250212,110000,3.76,3.76,3.76,3.76,10,0
TOW,60,20250212,120000,3.76,3.76,3.76,3.76,130,0
TOW,60,20250212,130000,3.74,3.76,3.64,3.76,1702,0
TOW,60,20250212,140000,3.76,3.9,3.76,3.86,25757,0
TOW,60,20250212,150000,3.84,3.84,3.64,3.84,5707,0
TOW,60,20250212,160000,3.8,3.86,3.66,3.84,2446,0
TOW,60,20250212,170000,3.68,3.86,3.68,3.82,7024,0
TOW,60,20250213,100000,3.82,3.98,3.8,3.98,5387,0
TOW,60,20250213,110000,3.9,3.96,3.9,3.96,2718,0
TOW,60,20250213,120000,3.94,4.62,3.94,4.24,123471,0
TOW,60,20250213,130000,4.24,4.24,3.9,4.06,26105,0
TOW,60,20250213,140000,3.9,4.14,3.9,3.96,5657,0
TOW,60,20250213,150000,3.96,4,3.9,3.9,13615,0
TOW,60,20250213,160000,3.88,3.9,3.78,3.78,15709,0
TOW,60,20250213,170000,3.78,3.78,3.54,3.68,40579,0
TOW,60,20250214,100000,3.7,3.7,3.48,3.5,36076,0
TOW,60,20250214,110000,3.5,3.58,3.42,3.44,24402,0
TOW,60,20250214,120000,3.42,3.5,3.4,3.44,13697,0
TOW,60,20250214,130000,3.4,3.5,3.38,3.4,10334,0
TOW,60,20250214,140000,3.38,3.4,3.38,3.4,6191,0
TOW,60,20250214,150000,3.38,3.44,3.38,3.44,7236,0
TOW,60,20250214,160000,3.48,3.62,3.4,3.5,31001,0
TOW,60,20250214,170000,3.44,3.5,3.4,3.46,8065,0
TOW,60,20250217,100000,3.28,3.36,3.28,3.34,10716,0
TOW,60,20250217,110000,3.34,3.44,3.32,3.34,2734,0
TOW,60,20250217,120000,3.34,3.4,3.34,3.4,1500,0
TOW,60,20250217,130000,3.36,3.4,3.34,3.4,1148,0
TOW,60,20250217,140000,3.4,3.4,3.4,3.4,10,0
TOW,60,20250217,150000,3.4,3.42,3.4,3.42,46,0
TOW,60,20250217,160000,3.36,3.42,3.36,3.42,426,0
TOW,60,20250217,170000,3.38,3.4,3.32,3.4,3639,0
TOW,60,20250218,100000,3.4,3.5,3.34,3.48,7240,0
TOW,60,20250218,110000,3.48,3.7,3.4,3.68,22615,0
TOW,60,20250218,120000,3.68,3.7,3.5,3.7,15662,0
TOW,60,20250218,130000,3.64,3.64,3.6,3.6,20,0
TOW,60,20250218,140000,3.6,3.6,3.56,3.6,1712,0
TOW,60,20250218,150000,3.6,3.68,3.54,3.68,5657,0
TOW,60,20250218,160000,3.64,3.64,3.4,3.58,2819,0
TOW,60,20250218,170000,3.56,3.68,3.56,3.66,9015,0
TOW,60,20250219,100000,3.68,3.68,3.5,3.5,2789,0
TOW,60,20250219,110000,3.48,3.6,3.48,3.6,2719,0
TOW,60,20250219,120000,3.6,3.6,3.48,3.6,1617,0
TOW,60,20250219,130000,3.6,3.6,3.48,3.58,444,0
TOW,60,20250219,140000,3.5,3.5,3.5,3.5,300,0
TOW,60,20250219,150000,3.46,3.46,3.46,3.46,848,0
TOW,60,20250219,160000,3.58,3.58,3.58,3.58,60,0
TOW,60,20250219,170000,3.54,3.54,3.46,3.5,2030,0
TOW,60,20250220,100000,3.5,3.6,3.5,3.6,1421,0
TOW,60,20250220,110000,3.52,3.52,3.5,3.5,133,0
TOW,60,20250220,120000,3.44,3.46,3.42,3.44,1776,0
TOW,60,20250220,130000,3.42,3.44,3.42,3.44,337,0
TOW,60,20250220,140000,3.42,3.44,3.4,3.44,3147,0
TOW,60,20250220,150000,3.4,3.5,3.4,3.5,2068,0
TOW,60,20250220,160000,3.5,3.5,3.5,3.5,5,0
TOW,60,20250220,170000,3.42,3.48,3.32,3.46,8353,0
TOW,60,20250221,100000,3.38,3.4,3.34,3.4,677,0
TOW,60,20250221,110000,3.4,3.4,3.38,3.4,1176,0
TOW,60,20250221,120000,3.4,3.4,3.4,3.4,34,0
TOW,60,20250221,130000,3.4,3.54,3.4,3.54,1538,0
TOW,60,20250221,140000,3.54,3.6,3.54,3.58,2210,0
TOW,60,20250221,150000,3.56,3.56,3.54,3.54,15,0
TOW,60,20250221,160000,3.48,3.48,3.48,3.48,4,0
TOW,60,20250221,170000,3.54,3.56,3.54,3.56,415,0
TOW,60,20250224,100000,3.48,3.58,3.38,3.56,628,0
TOW,60,20250224,110000,3.56,3.56,3.44,3.56,300,0
TOW,60,20250224,120000,3.56,3.56,3.44,3.54,715,0
TOW,60,20250224,130000,3.56,3.56,3.38,3.56,1047,0
TOW,60,20250224,140000,3.54,3.56,3.52,3.56,552,0
TOW,60,20250224,150000,3.42,3.42,3.36,3.4,3124,0
TOW,60,20250224,160000,3.4,3.52,3.4,3.52,355,0
TOW,60,20250225,100000,3.52,3.76,3.36,3.68,15499,0
TOW,60,20250225,110000,3.64,3.68,3.64,3.68,710,0
TOW,60,20250225,120000,3.52,3.56,3.4,3.56,5034,0
TOW,60,20250225,130000,3.58,3.58,3.58,3.58,10,0
TOW,60,20250225,140000,3.58,3.58,3.58,3.58,900,0
TOW,60,20250225,150000,3.58,3.58,3.48,3.54,1897,0
TOW,60,20250225,160000,3.5,3.54,3.5,3.54,105,0
TOW,60,20250225,170000,3.54,3.56,3.46,3.56,542,0
TOW,60,20250226,100000,3.6,3.62,3.4,3.42,4093,0
TOW,60,20250226,110000,3.48,3.48,3.48,3.48,5,0
TOW,60,20250226,130000,3.48,3.6,3.42,3.42,1399,0
TOW,60,20250226,140000,3.6,3.62,3.6,3.62,1460,0
TOW,60,20250226,150000,3.46,3.6,3.46,3.46,315,0
TOW,60,20250226,160000,3.6,3.6,3.6,3.6,5,0
TOW,60,20250226,170000,3.48,3.58,3.46,3.58,1013,0
TOW,60,20250227,100000,3.46,3.46,3.46,3.46,900,0
TOW,60,20250227,110000,3.5,3.5,3.5,3.5,110,0
TOW,60,20250227,120000,3.5,3.5,3.42,3.42,747,0
TOW,60,20250227,130000,3.5,3.5,3.5,3.5,5,0
TOW,60,20250227,140000,3.42,3.5,3.42,3.5,135,0
TOW,60,20250227,150000,3.5,3.5,3.5,3.5,10,0
TOW,60,20250227,160000,3.5,3.5,3.42,3.42,1255,0
TOW,60,20250228,100000,3.4,3.56,3.36,3.44,2560,0
TOW,60,20250228,110000,3.44,3.44,3.44,3.44,110,0
TOW,60,20250228,120000,3.38,3.44,3.38,3.44,601,0
TOW,60,20250228,130000,3.44,3.44,3.44,3.44,5,0
TOW,60,20250228,140000,3.4,3.4,3.4,3.4,460,0
TOW,60,20250228,150000,3.4,3.4,3.4,3.4,100,0
TOW,60,20250228,160000,3.4,3.4,3.4,3.4,130,0
TOW,60,20250228,170000,3.38,3.52,3.36,3.52,2544,0
TOW,60,20250303,100000,3.34,3.34,3.3,3.34,4313,0
TOW,60,20250303,110000,3.34,3.44,3.34,3.44,2755,0
TOW,60,20250303,120000,3.44,3.44,3.34,3.34,515,0
TOW,60,20250303,130000,3.42,3.44,3.42,3.44,520,0
TOW,60,20250303,140000,3.44,3.44,3.44,3.44,5,0
TOW,60,20250303,150000,3.44,3.44,3.42,3.42,860,0
TOW,60,20250303,160000,3.42,3.42,3.42,3.42,318,0
TOW,60,20250303,170000,3.42,3.44,3.42,3.44,252,0
TOW,60,20250304,100000,3.48,3.48,3.34,3.44,3457,0
TOW,60,20250304,110000,3.32,3.44,3.3,3.42,1045,0
TOW,60,20250304,120000,3.32,3.4,3.32,3.4,610,0
TOW,60,20250304,130000,3.3,3.4,3.14,3.22,12457,0
TOW,60,20250304,140000,3.22,3.3,3.22,3.3,7,0
TOW,60,20250304,160000,3.3,3.3,3.3,3.3,56,0
TOW,60,20250304,170000,3.3,3.3,3.3,3.3,51,0
TOW,60,20250305,100000,3.3,3.46,3.3,3.44,2241,0
TOW,60,20250305,110000,3.42,3.44,3.24,3.4,1587,0
TOW,60,20250305,120000,3.4,3.4,3.4,3.4,280,0
TOW,60,20250305,130000,3.28,3.28,3.24,3.24,1000,0
TOW,60,20250305,140000,3.28,3.28,3.26,3.26,2000,0
TOW,60,20250305,150000,3.28,3.28,3.22,3.22,1656,0
TOW,60,20250305,160000,3.34,3.34,3.34,3.34,10,0
TOW,60,20250305,170000,3.34,3.34,3.26,3.26,471,0
TOW,60,20250306,100000,3.28,3.28,3.28,3.28,68,0
TOW,60,20250306,110000,3.3,3.32,3.3,3.32,627,0
TOW,60,20250306,120000,3.32,3.36,3.32,3.36,405,0
TOW,60,20250306,150000,3.32,3.44,3.3,3.44,5410,0
TOW,60,20250306,160000,3.42,3.42,3.42,3.42,1010,0
TOW,60,20250307,100000,3.42,3.42,3.28,3.28,830,0
TOW,60,20250307,110000,3.42,3.42,3.42,3.42,5,0
TOW,60,20250307,130000,3.3,3.3,3.3,3.3,500,0
TOW,60,20250307,140000,3.36,3.36,3.36,3.36,1000,0
TOW,60,20250307,150000,3.3,3.3,3.28,3.28,1857,0
TOW,60,20250310,100000,3.32,3.32,3.32,3.32,324,0
TOW,60,20250310,120000,3.32,3.4,3.32,3.4,675,0
TOW,60,20250310,170000,3.34,3.34,3.34,3.34,15,0
TOW,60,20250311,100000,3.34,3.34,3.02,3.2,8453,0
TOW,60,20250311,120000,3.12,3.12,3.12,3.12,1,0
TOW,60,20250311,130000,3.18,3.18,3.12,3.14,538,0
TOW,60,20250311,140000,3.16,3.16,3.16,3.16,4,0
TOW,60,20250311,150000,3.14,3.14,3.14,3.14,238,0
TOW,60,20250311,170000,3.16,3.2,3.16,3.2,1218,0
TOW,60,20250312,100000,3.22,3.22,3.1,3.1,540,0
TOW,60,20250312,110000,3.16,3.16,3.16,3.16,100,0
TOW,60,20250312,130000,3.18,3.2,3.18,3.2,36,0
TOW,60,20250312,140000,3.14,3.18,3.14,3.18,904,0
TOW,60,20250312,170000,3.2,3.2,3.2,3.2,800,0
TOW,60,20250313,100000,3.26,3.52,3.26,3.52,2116,0
TOW,60,20250313,110000,3.36,3.36,3.3,3.34,735,0
TOW,60,20250313,120000,3.3,3.36,3.12,3.36,1663,0
TOW,60,20250313,130000,3.34,3.34,3.34,3.34,300,0
TOW,60,20250313,150000,3.2,3.2,3.14,3.14,1697,0
TOW,60,20250314,100000,3.24,3.24,3.12,3.12,400,0
TOW,60,20250314,110000,3.22,3.22,3.16,3.18,39,0
TOW,60,20250314,120000,3.18,3.2,3.18,3.2,425,0
TOW,60,20250314,130000,3.2,3.24,3.2,3.24,344,0
TOW,60,20250314,140000,3.26,3.26,3.26,3.26,20,0
TOW,60,20250314,150000,3.2,3.24,3.14,3.24,1835,0
TOW,60,20250314,170000,3.14,3.24,3.14,3.24,125,0
TOW,60,20250317,100000,3,3.16,3,3,15525,0
TOW,60,20250317,120000,3.06,3.2,3.06,3.16,1425,0
TOW,60,20250317,140000,3.08,3.08,3.02,3.02,80,0
TOW,60,20250317,160000,3.14,3.14,3.14,3.14,500,0
TOW,60,20250317,170000,3.18,3.18,3.18,3.18,16,0
TOW,60,20250318,100000,3.06,3.06,3.04,3.06,1705,0
TOW,60,20250318,110000,3.12,3.12,3.12,3.12,134,0
TOW,60,20250318,120000,3.06,3.18,3.06,3.18,3380,0
TOW,60,20250318,130000,3.12,3.18,3.12,3.18,5000,0
TOW,60,20250318,140000,3.16,3.16,3.16,3.16,130,0
TOW,60,20250318,150000,3.08,3.08,3.08,3.08,76,0
TOW,60,20250318,170000,3.14,3.14,3.08,3.14,2010,0
TOW,60,20250319,100000,3.14,3.16,3.14,3.16,50,0
TOW,60,20250319,150000,3.08,3.08,3.08,3.08,1500,0
TOW,60,20250319,160000,3.06,3.14,3.06,3.14,1355,0
TOW,60,20250320,100000,3.12,3.14,3.12,3.14,1100,0
TOW,60,20250320,120000,3.14,3.14,3.14,3.14,4,0
TOW,60,20250320,130000,3.12,3.14,3.12,3.14,2000,0
TOW,60,20250320,140000,3.14,3.22,3.04,3.22,15035,0
TOW,60,20250320,150000,3.04,3.04,3,3,3932,0
TOW,60,20250320,160000,3.02,3.08,3.02,3.08,650,0
TOW,60,20250320,170000,3.04,3.1,3.04,3.1,165,0
TOW,60,20250321,110000,3.1,3.1,3.1,3.1,60,0
TOW,60,20250321,160000,3.06,3.06,3.06,3.06,13,0
TOW,60,20250321,170000,3.1,3.1,3.1,3.1,487,0
TOW,60,20250324,100000,3.04,3.1,3.04,3.1,200,0
TOW,60,20250324,110000,3.04,3.04,3.02,3.02,1690,0
TOW,60,20250324,120000,3.02,3.24,2.74,3.16,18769,0
TOW,60,20250324,130000,2.98,3.1,2.98,3.08,10705,0
TOW,60,20250324,140000,3.06,3.06,2.98,2.98,1610,0
TOW,60,20250324,150000,2.98,3.06,2.98,3.06,245,0
TOW,60,20250324,160000,3.02,3.02,2.98,3,2900,0
TOW,60,20250324,170000,3.04,3.04,3,3.04,1044,0
TOW,60,20250325,100000,3.04,3.08,3,3.08,2355,0
TOW,60,20250325,110000,3.06,3.06,2.98,2.98,2434,0
TOW,60,20250325,120000,2.98,3,2.92,2.92,3062,0
TOW,60,20250325,130000,3,3,2.84,2.94,2720,0
TOW,60,20250325,140000,2.94,2.94,2.94,2.94,5,0
TOW,60,20250325,150000,2.9,2.9,2.9,2.9,1285,0
TOW,60,20250325,160000,2.92,2.96,2.92,2.96,515,0
TOW,60,20250325,170000,2.94,2.98,2.94,2.98,1180,0
TOW,60,20250326,100000,2.92,2.92,2.82,2.82,8376,0
TOW,60,20250326,110000,2.84,2.88,2.78,2.84,17178,0
TOW,60,20250326,120000,2.82,2.82,2.74,2.74,6994,0
TOW,60,20250326,130000,2.74,2.84,2.68,2.84,2964,0
TOW,60,20250326,160000,2.88,2.92,2.74,2.92,1428,0
TOW,60,20250326,170000,2.88,2.88,2.86,2.86,161,0
TOW,60,20250327,100000,2.8,2.9,2.76,2.76,663,0
TOW,60,20250327,110000,2.88,2.88,2.72,2.72,3232,0
TOW,60,20250327,120000,2.72,2.72,2.7,2.7,1790,0
TOW,60,20250327,130000,2.7,2.76,2.7,2.7,3603,0
TOW,60,20250327,150000,2.7,2.72,2.68,2.68,3500,0
TOW,60,20250327,160000,2.64,2.68,2.6,2.66,11419,0
TOW,60,20250327,170000,2.6,2.66,2.58,2.66,18117,0
TOW,60,20250328,100000,2.52,2.64,2.52,2.58,3364,0
TOW,60,20250328,110000,2.52,2.58,2.52,2.58,4023,0
TOW,60,20250328,120000,2.5,2.58,2.4,2.54,18112,0
TOW,60,20250328,130000,2.54,2.54,2.4,2.48,17768,0
TOW,60,20250328,140000,2.48,2.5,2.36,2.46,17000,0
TOW,60,20250328,150000,2.46,2.48,2.38,2.38,15874,0
TOW,60,20250328,160000,2.38,2.5,2.38,2.5,9896,0
TOW,60,20250328,170000,2.4,2.48,2.38,2.48,16000,0
TOW,60,20250331,100000,2.52,2.52,2.5,2.5,595,0
TOW,60,20250331,120000,2.5,2.52,2.38,2.4,5407,0
TOW,60,20250331,130000,2.4,2.48,2.34,2.44,22067,0
TOW,60,20250331,140000,2.32,2.36,2.28,2.3,15110,0
TOW,60,20250331,150000,2.3,2.36,2.28,2.36,5775,0
TOW,60,20250331,160000,2.36,2.36,2.36,2.36,700,0
TOW,60,20250331,170000,2.38,2.38,2.38,2.38,450,0
TOW,60,20250401,100000,2.5,2.5,2.3,2.3,4529,0
TOW,60,20250401,110000,2.3,2.38,2.28,2.37,1650,0
TOW,60,20250401,120000,2.35,2.35,2.3,2.34,1004,0
TOW,60,20250401,130000,2.3,2.32,2.285,2.285,2527,0
TOW,60,20250401,140000,2.315,2.315,2.315,2.315,301,0
TOW,60,20250401,160000,2.29,2.31,2.285,2.31,2500,0
TOW,60,20250401,170000,2.32,2.32,2.32,2.32,3551,0
TOW,60,20250402,100000,2.34,2.44,2.3,2.44,3587,0
TOW,60,20250402,110000,2.43,2.43,2.43,2.43,25,0
TOW,60,20250402,120000,2.43,2.43,2.43,2.43,88,0
TOW,60,20250402,140000,2.39,2.43,2.38,2.43,151,0
TOW,60,20250402,160000,2.39,2.39,2.39,2.39,31,0
TOW,60,20250402,170000,2.39,2.39,2.39,2.39,519,0
TOW,60,20250403,100000,2.34,2.39,2.34,2.39,23,0
TOW,60,20250403,110000,2.36,2.36,2.31,2.31,3433,0
TOW,60,20250403,120000,2.44,2.44,2.44,2.44,5,0
TOW,60,20250403,130000,2.35,2.35,2.35,2.35,401,0
TOW,60,20250403,140000,2.3,2.3,2.28,2.28,3000,0
TOW,60,20250403,150000,2.4,2.4,2.4,2.4,2200,0
TOW,60,20250403,170000,2.4,2.43,2.4,2.43,29,0
TOW,60,20250404,130000,2.37,2.37,2.37,2.37,1,0
TOW,60,20250404,140000,2.43,2.44,2.43,2.44,334,0
TOW,60,20250404,150000,2.31,2.31,2.29,2.29,1886,0
TOW,60,20250404,160000,2.28,2.28,2.28,2.28,500,0
TOW,60,20250404,170000,2.39,2.39,2.39,2.39,12,0
TOW,60,20250407,100000,2.39,2.39,2.22,2.25,2617,0
TOW,60,20250407,110000,2.25,2.25,2.22,2.25,673,0
TOW,60,20250407,130000,2.25,2.25,2.25,2.25,1857,0
TOW,60,20250407,150000,2.25,2.25,2.25,2.25,50,0
TOW,60,20250407,170000,2.25,2.295,2.25,2.295,5020,0
TOW,60,20250408,120000,2.32,2.32,2.32,2.32,8,0
TOW,60,20250408,140000,2.28,2.28,2.28,2.28,957,0
TOW,60,20250408,150000,2.26,2.32,2.22,2.32,2112,0
TOW,60,20250408,170000,2.32,2.32,2.32,2.32,13,0
TOW,60,20250409,100000,2.31,2.39,2.31,2.39,180,0
TOW,60,20250409,140000,2.375,2.375,2.375,2.375,20,0
TOW,60,20250409,160000,2.32,2.32,2.32,2.32,416,0
TOW,60,20250409,170000,2.36,2.36,2.36,2.36,13,0
TOW,60,20250410,100000,2.37,2.39,2.37,2.38,3275,0
TOW,60,20250410,110000,2.38,2.39,2.28,2.28,1198,0
TOW,60,20250410,120000,2.385,2.385,2.385,2.385,240,0
TOW,60,20250410,170000,2.37,2.37,2.37,2.37,120,0
TOW,60,20250411,100000,2.37,2.375,2.37,2.375,765,0
TOW,60,20250411,110000,2.375,2.42,2.375,2.42,1675,0
TOW,60,20250411,120000,2.415,2.42,2.415,2.42,1614,0
TOW,60,20250411,130000,2.42,2.5,2.42,2.5,3372,0
TOW,60,20250411,140000,2.495,2.54,2.41,2.54,2275,0
TOW,60,20250411,150000,2.54,2.54,2.43,2.43,1030,0
TOW,60,20250411,160000,2.49,2.49,2.49,2.49,7,0
TOW,60,20250411,170000,2.49,2.54,2.49,2.54,313,0
TOW,60,20250414,100000,2.54,2.54,2.425,2.53,2514,0
TOW,60,20250414,110000,2.53,2.54,2.43,2.5,3950,0
TOW,60,20250414,120000,2.53,2.56,2.53,2.56,3512,0
TOW,60,20250415,100000,2.47,2.555,2.47,2.555,29,0
TOW,60,20250415,130000,2.47,2.47,2.45,2.45,2022,0
TOW,60,20250415,140000,2.41,2.41,2.4,2.4,1495,0
TOW,60,20250415,160000,2.52,2.52,2.52,2.52,20,0
TOW,60,20250416,100000,2.51,2.52,2.51,2.52,500,0
TOW,60,20250416,110000,2.5,2.5,2.5,2.5,200,0
TOW,60,20250416,120000,2.415,2.415,2.365,2.365,2095,0
TOW,60,20250416,130000,2.4,2.475,2.4,2.475,680,0
TOW,60,20250416,140000,2.41,2.475,2.41,2.41,2676,0
TOW,60,20250416,160000,2.46,2.46,2.37,2.405,2520,0
TOW,60,20250416,170000,2.405,2.46,2.405,2.46,80,0
TOW,60,20250417,130000,2.4,2.4,2.4,2.4,1,0
TOW,60,20250417,140000,2.46,2.46,2.46,2.46,6,0
TOW,60,20250417,170000,2.405,2.465,2.405,2.465,1025,0
TOW,60,20250422,100000,2.405,2.405,2.405,2.405,12,0
TOW,60,20250422,110000,2.405,2.405,2.4,2.4,420,0
TOW,60,20250422,130000,2.41,2.46,2.41,2.46,41,0
TOW,60,20250422,150000,2.46,2.46,2.46,2.46,100,0
TOW,60,20250422,170000,2.42,2.46,2.42,2.46,564,0
TOW,60,20250423,100000,2.46,2.46,2.46,2.46,20,0
TOW,60,20250423,120000,2.455,2.455,2.41,2.455,2195,0
TOW,60,20250423,130000,2.4,2.455,2.36,2.455,3091,0
TOW,60,20250423,150000,2.365,2.365,2.365,2.365,1000,0
TOW,60,20250423,170000,2.43,2.43,2.425,2.425,520,0
TOW,60,20250424,100000,2.33,2.375,2.28,2.37,5351,0
TOW,60,20250424,110000,2.35,2.41,2.3,2.41,6420,0
TOW,60,20250424,120000,2.41,2.41,2.41,2.41,10,0
TOW,60,20250424,150000,2.41,2.425,2.41,2.425,60,0
TOW,60,20250425,100000,2.34,2.35,2.29,2.35,2100,0
TOW,60,20250425,110000,2.32,2.32,2.32,2.32,1233,0
TOW,60,20250425,120000,2.395,2.395,2.395,2.395,10,0
TOW,60,20250425,130000,2.34,2.395,2.32,2.32,8500,0
TOW,60,20250425,140000,2.3,2.385,2.3,2.385,1328,0
TOW,60,20250425,150000,2.38,2.38,2.35,2.35,1670,0
TOW,60,20250425,160000,2.35,2.35,2.35,2.35,9,0
TOW,60,20250425,170000,2.35,2.38,2.35,2.38,500,0
TOW,60,20250428,100000,2.315,2.415,2.315,2.415,27,0
TOW,60,20250428,110000,2.315,2.41,2.31,2.41,1960,0
TOW,60,20250428,130000,2.32,2.32,2.32,2.32,500,0
TOW,60,20250428,160000,2.37,2.37,2.32,2.32,1542,0
TOW,60,20250428,170000,2.32,2.37,2.32,2.37,1055,0
TOW,60,20250429,100000,2.365,2.45,2.365,2.45,1010,0
TOW,60,20250429,120000,2.42,2.42,2.42,2.42,1330,0
TOW,60,20250429,130000,2.42,2.42,2.38,2.38,670,0
TOW,60,20250429,140000,2.38,2.38,2.305,2.305,4933,0
TOW,60,20250429,150000,2.405,2.405,2.405,2.405,20,0
TOW,60,20250429,170000,2.33,2.4,2.33,2.4,980,0
TOW,60,20250430,100000,2.305,2.305,2.305,2.305,150,0
TOW,60,20250430,130000,2.365,2.365,2.32,2.32,1118,0
TOW,60,20250430,140000,2.365,2.37,2.365,2.37,500,0
TOW,60,20250430,150000,2.37,2.49,2.37,2.49,1700,0
TOW,60,20250430,170000,2.35,2.46,2.35,2.46,188,0
TOW,60,20250502,100000,2.32,2.45,2.32,2.32,1239,0
TOW,60,20250502,110000,2.32,2.32,2.3,2.305,13713,0
TOW,60,20250502,120000,2.33,2.33,2.33,2.33,1000,0
TOW,60,20250502,130000,2.315,2.335,2.3,2.335,8627,0
TOW,60,20250502,140000,2.335,2.335,2.335,2.335,87,0
TOW,60,20250502,150000,2.335,2.335,2.335,2.335,2213,0
TOW,60,20250502,160000,2.345,2.345,2.345,2.345,43,0
TOW,60,20250502,170000,2.345,2.35,2.3,2.35,4299,0
