<TICKER>,<PER>,<DATE>,<TIME>,<OPEN>,<HIGH>,<LOW>,<CLOSE>,<VOL>,<OPENINT>
TRN,60,20240411,100000,3.51488,3.51488,3.43763,3.43763,289.96763754,0
TRN,60,20240411,110000,3.51488,3.51488,3.51488,3.51488,31.067961165,0
TRN,60,20240411,120000,3.51488,3.51488,3.47625,3.47625,359.3527508085,0
TRN,60,20240411,130000,3.50522,3.51488,3.47625,3.51488,98.3818770225,0
TRN,60,20240412,100000,3.51488,3.51488,3.51488,3.51488,2.071197411,0
TRN,60,20240412,110000,3.51488,3.51488,3.51488,3.51488,102.52427184449999,0
TRN,60,20240412,130000,3.51488,3.51488,3.51488,3.51488,14.498381877,0
TRN,60,20240412,150000,3.51488,3.51488,3.51488,3.51488,1063.5598705485,0
TRN,60,20240415,100000,3.51488,3.51488,3.51488,3.51488,30.0323624595,0
TRN,60,20240415,110000,3.48591,3.48591,3.48591,3.48591,79.7411003235,0
TRN,60,20240415,120000,3.48591,3.48591,3.48591,3.48591,443.23624595399997,0
TRN,60,20240415,130000,3.49556,3.49556,3.49556,3.49556,121.1650485435,0
TRN,60,20240415,160000,3.48591,3.48591,3.48591,3.48591,512.6213592225,0
TRN,60,20240415,170000,3.43763,3.49556,3.43763,3.49556,49.708737864,0
TRN,60,20240416,100000,3.51488,3.51488,3.43763,3.43763,1335.922330095,0
TRN,60,20240416,120000,3.43763,3.43763,3.43763,3.43763,522.9773462775,0
TRN,60,20240416,130000,3.49556,3.49556,3.49556,3.49556,1553.39805825,0
TRN,60,20240416,170000,3.49556,3.51488,3.49556,3.51488,4324.660194168,0
TRN,60,20240417,100000,3.56316,3.56316,3.56316,3.56316,3.1067961165,0
TRN,60,20240417,110000,3.51488,3.56316,3.51488,3.56316,1770.873786405,0
TRN,60,20240417,120000,3.54384,3.54384,3.54384,3.54384,331.39158576,0
TRN,60,20240418,100000,3.56316,3.56316,3.56316,3.56316,170.8737864075,0
TRN,60,20240418,120000,3.54384,3.54384,3.54384,3.54384,5.1779935275,0
TRN,60,20240418,130000,3.56316,3.56316,3.56316,3.56316,34.1747572815,0
TRN,60,20240419,100000,3.57281,3.57281,3.57281,3.57281,3.1067961165,0
TRN,60,20240419,160000,3.5535,3.5535,3.5535,3.5535,28.996763754,0
TRN,60,20240419,170000,3.53419,3.53419,3.53419,3.53419,13.4627831715,0
TRN,60,20240422,100000,3.57281,3.57281,3.51488,3.51488,4663.3009708665,0
TRN,60,20240422,110000,3.47625,3.47625,3.47625,3.47625,31.067961165,0
TRN,60,20240422,120000,3.47625,3.47625,3.47625,3.47625,143.9482200645,0
TRN,60,20240422,140000,3.47625,3.52453,3.47625,3.52453,414.2394822,0
TRN,60,20240422,150000,3.51488,3.51488,3.51488,3.51488,406.9902912615,0
TRN,60,20240422,160000,3.52453,3.52453,3.52453,3.52453,51.779935275,0
TRN,60,20240423,100000,3.52453,3.52453,3.47625,3.47625,17.6051779935,0
TRN,60,20240423,110000,3.45694,3.45694,3.45694,3.45694,414.2394822,0
TRN,60,20240423,120000,3.45694,3.45694,3.45694,3.45694,38.3171521035,0
TRN,60,20240423,150000,3.45694,3.45694,3.45694,3.45694,434.95145631,0
TRN,60,20240424,100000,3.41831,3.51488,3.41831,3.51488,130.485436893,0
TRN,60,20240424,110000,3.45694,3.45694,3.45694,3.45694,105.631067961,0
TRN,60,20240425,100000,3.45694,3.45694,3.26381,3.399,3596.6343042015,0
TRN,60,20240425,110000,3.399,3.399,3.399,3.399,6.213592233,0
TRN,60,20240425,120000,3.399,3.399,3.399,3.399,10.355987055,0
TRN,60,20240425,130000,3.399,3.399,3.399,3.399,362.459546925,0
TRN,60,20240426,100000,3.399,3.399,3.399,3.399,1651.7799352725,0
TRN,60,20240426,110000,3.45694,3.45694,3.45694,3.45694,414.2394822,0
TRN,60,20240426,120000,3.45694,3.45694,3.45694,3.45694,869.90291262,0
TRN,60,20240426,130000,3.43763,3.43763,3.43763,3.43763,931.0032362445,0
TRN,60,20240426,140000,3.43763,3.49556,3.43763,3.49556,179.1585760515,0
TRN,60,20240429,100000,3.43763,3.49556,3.43763,3.49556,42.4595469255,0
TRN,60,20240429,170000,3.45694,3.45694,3.43763,3.43763,40.3883495145,0
TRN,60,20240430,100000,3.45694,3.47625,3.41831,3.41831,1603.106796114,0
TRN,60,20240430,120000,3.47625,3.47625,3.35072,3.35072,15.5339805825,0
TRN,60,20240502,100000,3.34106,3.34106,3.34106,3.34106,6.213592233,0
TRN,60,20240502,120000,3.37969,3.37969,3.37969,3.37969,31.067961165,0
TRN,60,20240502,130000,3.399,3.399,3.399,3.399,155.33980582499998,0
TRN,60,20240506,100000,3.399,3.49556,3.38934,3.38934,1091.521035597,0
TRN,60,20240506,130000,3.48591,3.49556,3.48591,3.49556,44.5307443365,0
TRN,60,20240506,140000,3.399,3.399,3.399,3.399,35.210355987,0
TRN,60,20240506,150000,3.48591,3.49556,3.48591,3.49556,39.352750809,0
TRN,60,20240507,100000,3.65972,3.65972,3.65972,3.65972,3.1067961165,0
TRN,60,20240507,110000,3.49556,3.49556,3.49556,3.49556,1364.919093849,0
TRN,60,20240507,120000,3.49556,3.56316,3.48591,3.56316,119.09385113249999,0
TRN,60,20240507,130000,3.48591,3.48591,3.45694,3.45694,2849.967637536,0
TRN,60,20240507,150000,3.37969,3.37969,3.37003,3.37003,633.786407766,0
TRN,60,20240507,160000,3.45694,3.45694,3.45694,3.45694,1.0355987055,0
TRN,60,20240507,170000,3.37003,3.45694,3.37003,3.45694,30.0323624595,0
TRN,60,20240508,100000,3.45694,3.45694,3.45694,3.45694,421.4886731385,0
TRN,60,20240508,110000,3.46659,3.46659,3.46659,3.46659,56.9579288025,0
TRN,60,20240508,120000,3.46659,3.46659,3.46659,3.46659,621.3592232999999,0
TRN,60,20240508,130000,3.46659,3.46659,3.46659,3.46659,1109.1262135905,0
TRN,60,20240508,160000,3.49556,3.49556,3.46659,3.49556,158.4466019415,0
TRN,60,20240509,100000,3.45694,3.46659,3.45694,3.46659,880.258899675,0
TRN,60,20240509,110000,3.46659,3.46659,3.46659,3.46659,10.355987055,0
TRN,60,20240509,120000,3.46659,3.48591,3.46659,3.48591,6757.2815533875,0
TRN,60,20240509,130000,3.48591,3.50522,3.48591,3.50522,1511.97411003,0
TRN,60,20240509,150000,3.49556,3.49556,3.46659,3.46659,1035.5987055,0
TRN,60,20240510,100000,3.50522,3.50522,3.50522,3.50522,3.1067961165,0
TRN,60,20240510,110000,3.46659,3.46659,3.46659,3.46659,1560.6472491885,0
TRN,60,20240510,150000,3.49556,3.49556,3.49556,3.49556,10.355987055,0
TRN,60,20240513,100000,3.49556,3.76594,3.49556,3.76594,14496.310679589,0
TRN,60,20240513,110000,3.78525,3.84319,3.68869,3.68869,8808.802588983,0
TRN,60,20240513,120000,3.69834,3.69834,3.68869,3.68869,300.323624595,0
TRN,60,20240513,130000,3.83353,3.84319,3.69834,3.83353,144.98381877,0
TRN,60,20240513,140000,3.69834,3.69834,3.66938,3.66938,3851.3915857545,0
TRN,60,20240513,160000,3.66938,3.66938,3.59213,3.59213,127.3786407765,0
TRN,60,20240513,170000,3.59213,3.59213,3.59213,3.59213,774.627831714,0
TRN,60,20240514,100000,3.84319,3.8625,3.82388,3.82388,13010.226537197,0
TRN,60,20240514,110000,3.82388,3.82388,3.78525,3.82388,3833.786407761,0
TRN,60,20240514,120000,3.80456,3.82388,3.80456,3.82388,4660.19417475,0
TRN,60,20240514,140000,3.82388,3.82388,3.77559,3.77559,615.145631067,0
TRN,60,20240514,150000,3.72731,3.72731,3.67903,3.67903,6142.1359223205,0
TRN,60,20240514,160000,3.67903,3.67903,3.59213,3.59213,1227.1844660175,0
TRN,60,20240514,170000,3.68869,3.68869,3.68869,3.68869,466.019417475,0
TRN,60,20240515,100000,3.64041,3.66938,3.64041,3.66938,56.9579288025,0
TRN,60,20240515,130000,3.66938,3.66938,3.66938,3.66938,4.142394822,0
TRN,60,20240515,140000,3.59213,3.59213,3.59213,3.59213,8.284789644,0
TRN,60,20240515,160000,3.59213,3.60178,3.59213,3.60178,165.69579288,0
TRN,60,20240516,100000,3.63075,3.66938,3.63075,3.63075,4846.60194174,0
TRN,60,20240516,110000,3.66938,3.66938,3.66938,3.66938,5281.55339805,0
TRN,60,20240516,120000,3.78525,3.78525,3.78525,3.78525,17.6051779935,0
TRN,60,20240516,130000,3.78525,3.78525,3.708,3.708,414.2394822,0
TRN,60,20240516,140000,3.708,3.708,3.708,3.708,137.7346278315,0
TRN,60,20240516,150000,3.708,3.708,3.708,3.708,152.2330097085,0
TRN,60,20240516,160000,3.76594,3.76594,3.76594,3.76594,1242.7184465999999,0
TRN,60,20240516,170000,3.708,3.708,3.708,3.708,291.0032362455,0
TRN,60,20240517,100000,3.71766,3.76594,3.708,3.71766,4094.757281547,0
TRN,60,20240517,110000,3.78525,3.78525,3.71766,3.71766,421.4886731385,0
TRN,60,20240517,120000,3.71766,3.75628,3.71766,3.75628,5973.333333324,0
TRN,60,20240517,130000,3.75628,3.75628,3.75628,3.75628,840.906148866,0
TRN,60,20240517,140000,3.75628,3.76594,3.75628,3.76594,2823.042071193,0
TRN,60,20240517,150000,3.76594,3.78525,3.76594,3.76594,316.893203883,0
TRN,60,20240517,160000,3.76594,3.76594,3.76594,3.76594,215.404530744,0
TRN,60,20240517,170000,3.74663,3.78525,3.74663,3.78525,274.4336569575,0
TRN,60,20240520,100000,3.72731,3.78525,3.72731,3.78525,522.9773462775,0
TRN,60,20240520,110000,3.74663,3.74663,3.74663,3.74663,318.964401294,0
TRN,60,20240520,120000,3.78525,3.78525,3.78525,3.78525,8.284789644,0
TRN,60,20240520,130000,3.78525,3.81422,3.78525,3.81422,59.0291262135,0
TRN,60,20240520,160000,3.74663,3.74663,3.72731,3.72731,879.2233009695,0
TRN,60,20240520,170000,3.81422,3.81422,3.81422,3.81422,3.1067961165,0
TRN,60,20240521,100000,3.76594,3.76594,3.76594,3.76594,507.443365695,0
TRN,60,20240521,110000,3.76594,3.76594,3.76594,3.76594,528.155339805,0
TRN,60,20240521,120000,3.79491,3.79491,3.79491,3.79491,248.54368932,0
TRN,60,20240521,130000,3.79491,3.79491,3.79491,3.79491,4.142394822,0
TRN,60,20240521,170000,3.79491,3.82388,3.79491,3.82388,306.537216828,0
TRN,60,20240522,100000,3.75628,3.82388,3.75628,3.79491,3475.469255658,0
TRN,60,20240522,110000,3.76594,3.76594,3.76594,3.76594,1035.5987055,0
TRN,60,20240522,120000,3.76594,3.76594,3.76594,3.76594,181.2297734625,0
TRN,60,20240522,130000,3.77559,3.77559,3.77559,3.77559,388.3495145625,0
TRN,60,20240523,100000,3.79491,3.79491,3.79491,3.79491,286.8608414235,0
TRN,60,20240523,110000,3.80456,3.80456,3.77559,3.80456,52.8155339805,0
TRN,60,20240523,130000,3.80456,3.80456,3.80456,3.80456,234.045307443,0
TRN,60,20240523,170000,3.78525,3.80456,3.76594,3.80456,612.0388349505,0
TRN,60,20240524,100000,3.78525,3.8625,3.78525,3.8625,9009.70873785,0
TRN,60,20240524,110000,3.8625,3.8625,3.82388,3.82388,1567.896440127,0
TRN,60,20240524,120000,3.8625,3.8625,3.82388,3.82388,398.7055016175,0
TRN,60,20240524,130000,3.82388,3.82388,3.82388,3.82388,987.961165047,0
TRN,60,20240524,150000,3.84319,3.84319,3.84319,3.84319,20.71197411,0
TRN,60,20240527,100000,3.84319,3.84319,3.84319,3.84319,21.7475728155,0
TRN,60,20240527,110000,3.84319,3.84319,3.84319,3.84319,6.213592233,0
TRN,60,20240527,120000,3.77559,3.83353,3.77559,3.83353,74.563106796,0
TRN,60,20240528,100000,3.65972,3.65972,3.30244,3.45694,13232.880258879,0
TRN,60,20240528,110000,3.45694,3.5535,3.45694,3.47625,2779.546925562,0
TRN,60,20240528,120000,3.48591,3.48591,3.47625,3.47625,1954.1747572785,0
TRN,60,20240528,130000,3.5535,3.5535,3.5535,3.5535,1406.343042069,0
TRN,60,20240528,150000,3.48591,3.48591,3.47625,3.47625,1449.8381877,0
TRN,60,20240528,160000,3.59213,3.59213,3.59213,3.59213,2071.197411,0
TRN,60,20240528,170000,3.64041,3.66938,3.49556,3.65006,4340.1941747505,0
TRN,60,20240529,100000,3.59213,3.59213,3.59213,3.59213,1.0355987055,0
TRN,60,20240529,110000,3.5535,3.5535,3.5535,3.5535,329.320388349,0
TRN,60,20240529,140000,3.5535,3.5535,3.47625,3.47625,6349.2556634205,0
TRN,60,20240529,150000,3.46659,3.47625,3.45694,3.47625,86.990291262,0
TRN,60,20240529,160000,3.399,3.399,3.38934,3.38934,165.69579288,0
TRN,60,20240529,170000,3.399,3.399,3.2445,3.37969,5802.4595469165,0
TRN,60,20240531,100000,3.37969,3.43763,3.28313,3.28313,3792.362459541,0
TRN,60,20240531,110000,3.37969,3.47625,3.37969,3.47625,8099.4174757155,0
TRN,60,20240531,130000,3.47625,3.47625,3.47625,3.47625,7264.7249190825,0
TRN,60,20240531,140000,3.47625,3.47625,3.47625,3.47625,4142.394822,0
TRN,60,20240603,100000,3.47625,3.47625,3.43763,3.43763,1378.3818770205,0
TRN,60,20240603,120000,3.41831,3.41831,3.41831,3.41831,17.6051779935,0
TRN,60,20240603,130000,3.37969,3.37969,3.37969,3.37969,1656.9579288,0
TRN,60,20240603,140000,3.37969,3.37969,3.37969,3.37969,3700.1941747515,0
TRN,60,20240603,160000,3.42797,3.42797,3.42797,3.42797,4556.6343042,0
TRN,60,20240604,100000,3.49556,3.49556,3.37969,3.37969,5261.8770226455,0
TRN,60,20240604,110000,3.37969,3.37969,3.37969,3.37969,348.9967637535,0
TRN,60,20240604,120000,3.37003,3.37969,3.37003,3.37969,2071.197411,0
TRN,60,20240604,160000,3.37003,3.37003,3.37003,3.37003,10.355987055,0
TRN,60,20240604,170000,3.33141,3.36038,3.33141,3.36038,520.9061488665,0
TRN,60,20240605,100000,3.37969,3.37969,3.37003,3.37003,923.754045306,0
TRN,60,20240605,110000,3.29278,3.29278,3.29278,3.29278,434.95145631,0
TRN,60,20240605,140000,3.36038,3.36038,3.36038,3.36038,31.067961165,0
TRN,60,20240605,150000,3.35072,3.35072,3.35072,3.35072,522.9773462775,0
TRN,60,20240605,160000,3.35072,3.35072,3.34106,3.34106,86.990291262,0
TRN,60,20240605,170000,3.34106,3.34106,3.29278,3.30244,1137.087378639,0
TRN,60,20240606,100000,3.29278,3.29278,3.29278,3.29278,191.5857605175,0
TRN,60,20240606,110000,3.29278,3.29278,3.29278,3.29278,932.03883495,0
TRN,60,20240606,150000,3.29278,3.29278,3.29278,3.29278,10.355987055,0
TRN,60,20240606,170000,3.34106,3.35072,3.34106,3.35072,2506.14886731,0
TRN,60,20240607,100000,3.38934,3.38934,3.38934,3.38934,3.1067961165,0
TRN,60,20240607,110000,3.36038,3.38934,3.36038,3.38934,1465.3721682825,0
TRN,60,20240607,150000,3.38934,3.38934,3.38934,3.38934,1.0355987055,0
TRN,60,20240607,170000,3.38934,3.38934,3.38934,3.38934,150.1618122975,0
TRN,60,20240610,100000,3.38934,3.38934,3.38934,3.38934,14.498381877,0
TRN,60,20240610,110000,3.399,3.47625,3.399,3.47625,1758.446601939,0
TRN,60,20240610,130000,3.47625,3.47625,3.47625,3.47625,112.8802588995,0
TRN,60,20240611,100000,3.47625,3.47625,3.47625,3.47625,6.213592233,0
TRN,60,20240611,150000,3.47625,3.47625,3.43763,3.43763,1298.640776697,0
TRN,60,20240612,100000,3.43763,3.47625,3.43763,3.47625,1941.7475728125,0
TRN,60,20240612,120000,3.47625,3.47625,3.42797,3.42797,43.495145631,0
TRN,60,20240612,130000,3.42797,3.42797,3.42797,3.42797,359.3527508085,0
TRN,60,20240612,140000,3.42797,3.42797,3.42797,3.42797,207.1197411,0
TRN,60,20240612,160000,3.42797,3.42797,3.42797,3.42797,32.1035598705,0
TRN,60,20240614,100000,3.47625,3.47625,3.42797,3.42797,470.161812297,0
TRN,60,20240614,110000,3.37969,3.37969,3.37969,3.37969,888.543689319,0
TRN,60,20240614,120000,3.40866,3.40866,3.31209,3.31209,54.8867313915,0
TRN,60,20240614,130000,3.399,3.399,3.399,3.399,6.213592233,0
TRN,60,20240617,100000,3.37969,3.37969,3.37969,3.37969,643.1067961155,0
TRN,60,20240617,140000,3.37969,3.37969,3.37969,3.37969,517.79935275,0
TRN,60,20240617,170000,3.37969,3.37969,3.37969,3.37969,1035.5987055,0
TRN,60,20240618,100000,3.399,3.399,3.399,3.399,45.566343042,0
TRN,60,20240618,110000,3.40866,3.40866,3.40866,3.40866,506.4077669895,0
TRN,60,20240618,140000,3.40866,3.40866,3.40866,3.40866,9.3203883495,0
TRN,60,20240618,160000,3.40866,3.40866,3.40866,3.40866,828.4789644,0
TRN,60,20240619,100000,3.47625,3.47625,3.37003,3.37003,627.572815533,0
TRN,60,20240619,110000,3.37003,3.37003,3.37003,3.37003,192.621359223,0
TRN,60,20240619,170000,3.37969,3.37969,3.37969,3.37969,51.779935275,0
TRN,60,20240620,100000,3.37969,3.44728,3.37969,3.44728,1822.65372168,0
TRN,60,20240620,140000,3.41831,3.41831,3.41831,3.41831,207.1197411,0
TRN,60,20240621,100000,3.45694,3.45694,3.45694,3.45694,517.79935275,0
TRN,60,20240621,120000,3.44728,3.44728,3.44728,3.44728,31.067961165,0
TRN,60,20240621,160000,3.42797,3.44728,3.42797,3.44728,271.326860841,0
TRN,60,20240624,100000,3.44728,3.44728,3.44728,3.44728,657.6051779925,0
TRN,60,20240624,150000,3.35072,3.35072,3.35072,3.35072,2984.595469251,0
TRN,60,20240624,160000,3.33141,3.34106,3.33141,3.34106,3000.1294498335,0
TRN,60,20240625,100000,3.37969,3.37969,3.37969,3.37969,3.1067961165,0
TRN,60,20240625,110000,3.37969,3.37969,3.33141,3.33141,10015.275080891,0
TRN,60,20240625,150000,3.33141,3.33141,3.33141,3.33141,31.067961165,0
TRN,60,20240625,160000,3.32175,3.32175,3.31209,3.31209,1993.5275080874999,0
TRN,60,20240626,100000,3.37969,3.37969,3.29278,3.31209,619.288025889,0
TRN,60,20240626,110000,3.31209,3.31209,3.28313,3.28313,1177.4757281535,0
TRN,60,20240626,140000,3.34106,3.34106,3.34106,3.34106,8.284789644,0
TRN,60,20240626,160000,3.34106,3.34106,3.23484,3.23484,5192.491909377,0
TRN,60,20240626,170000,3.23484,3.23484,3.23484,3.23484,25.8899676375,0
TRN,60,20240627,100000,3.34106,3.34106,3.25416,3.25416,111.844660194,0
TRN,60,20240627,130000,3.2445,3.2445,3.2445,3.2445,191.5857605175,0
TRN,60,20240627,140000,3.21553,3.21553,3.21553,3.21553,3339.8058252375,0
TRN,60,20240627,150000,3.21553,3.21553,3.21553,3.21553,103.55987055,0
TRN,60,20240627,160000,3.20588,3.20588,3.18656,3.18656,7373.46278316,0
TRN,60,20240628,100000,3.30244,3.30244,3.30244,3.30244,3.1067961165,0
TRN,60,20240628,110000,3.16725,3.25416,3.16725,3.25416,215.404530744,0
TRN,60,20240628,130000,3.25416,3.25416,3.25416,3.25416,3227.9611650435,0
TRN,60,20240628,150000,3.28313,3.30244,3.23484,3.23484,8575.7928802455,0
TRN,60,20240628,160000,3.20588,3.20588,3.20588,3.20588,207.1197411,0
TRN,60,20240628,170000,3.28313,3.28313,3.28313,3.28313,124.27184466,0
TRN,60,20240701,100000,3.28313,3.28313,3.18656,3.18656,8016.5695792755,0
TRN,60,20240701,110000,3.18656,3.18656,3.18656,3.18656,1619.676375402,0
TRN,60,20240701,120000,3.18656,3.18656,3.18656,3.18656,1765.6957928775,0
TRN,60,20240701,130000,3.18656,3.18656,3.18656,3.18656,1356.634304205,0
TRN,60,20240701,140000,3.18656,3.18656,3.18656,3.18656,510.5501618115,0
TRN,60,20240701,160000,3.17691,3.18656,3.17691,3.18656,4127.896440123,0
TRN,60,20240701,170000,3.18656,3.18656,3.18656,3.18656,155.33980582499998,0
TRN,60,20240702,100000,3.16725,3.16725,3.09,3.09,2739.1585760475,0
TRN,60,20240702,110000,3.20588,3.20588,3.13828,3.13828,197.7993527505,0
TRN,60,20240702,120000,3.13828,3.13828,3.13828,3.13828,10.355987055,0
TRN,60,20240702,130000,3.09,3.09,3.08034,3.08034,20.71197411,0
TRN,60,20240702,150000,3.13828,3.21553,3.13828,3.21553,1630.032362457,0
TRN,60,20240702,170000,3.21553,3.21553,3.08034,3.08034,3759.223300965,0
TRN,60,20240703,100000,3.08034,3.09,3.04172,3.09,4870.4207119665,0
TRN,60,20240703,120000,3.08034,3.08034,3.08034,3.08034,11.3915857605,0
TRN,60,20240703,130000,3.12863,3.12863,3.12863,3.12863,25.8899676375,0
TRN,60,20240703,150000,3.12863,3.12863,3.05138,3.05138,545.7605177985,0
TRN,60,20240703,170000,3.05138,3.05138,3.05138,3.05138,285.825242718,0
TRN,60,20240704,100000,3.12863,3.18656,3.12863,3.18656,9728.414239467,0
TRN,60,20240704,120000,3.19622,3.19622,3.19622,3.19622,4646.7313915785,0
TRN,60,20240704,130000,3.19622,3.19622,3.19622,3.19622,13.4627831715,0
TRN,60,20240704,150000,3.12863,3.19622,3.12863,3.19622,104.5954692555,0
TRN,60,20240704,170000,3.21553,3.22519,3.21553,3.22519,5.1779935275,0
TRN,60,20240705,100000,3.22519,3.22519,3.18656,3.18656,1427.055016179,0
TRN,60,20240705,140000,3.17691,3.17691,3.17691,3.17691,103.55987055,0
TRN,60,20240705,160000,3.17691,3.19622,3.17691,3.19622,1242.7184465999999,0
TRN,60,20240708,100000,3.19622,3.19622,3.18656,3.19622,295.1456310675,0
TRN,60,20240708,120000,3.19622,3.19622,3.18656,3.18656,42.4595469255,0
TRN,60,20240708,150000,3.23484,3.23484,3.23484,3.23484,942.394822005,0
TRN,60,20240708,160000,3.28313,3.28313,3.28313,3.28313,30.0323624595,0
TRN,60,20240709,100000,3.28313,3.28313,3.28313,3.28313,372.81553398,0
TRN,60,20240709,110000,3.30244,3.30244,3.28313,3.30244,554.0453074425,0
TRN,60,20240709,130000,3.30244,3.30244,3.30244,3.30244,31.067961165,0
TRN,60,20240709,150000,3.30244,3.30244,3.30244,3.30244,207.1197411,0
TRN,60,20240709,160000,3.19622,3.19622,3.19622,3.19622,103.55987055,0
TRN,60,20240710,100000,3.30244,3.30244,3.30244,3.30244,1465.3721682825,0
TRN,60,20240710,120000,3.28313,3.30244,3.28313,3.30244,896.828478963,0
TRN,60,20240710,130000,3.28313,3.28313,3.28313,3.28313,16.569579288,0
TRN,60,20240710,140000,3.28313,3.28313,3.28313,3.28313,621.3592232999999,0
TRN,60,20240710,150000,3.28313,3.28313,3.28313,3.28313,15.5339805825,0
TRN,60,20240710,170000,3.20588,3.20588,3.20588,3.20588,43.495145631,0
TRN,60,20240711,100000,3.20588,3.20588,3.20588,3.20588,3.1067961165,0
TRN,60,20240711,110000,3.30244,3.30244,3.30244,3.30244,4.142394822,0
TRN,60,20240711,120000,3.22519,3.22519,3.22519,3.22519,4.142394822,0
TRN,60,20240711,140000,3.23484,3.23484,3.23484,3.23484,6.213592233,0
TRN,60,20240711,150000,3.23484,3.23484,3.23484,3.23484,3.1067961165,0
TRN,60,20240711,160000,3.23484,3.23484,3.23484,3.23484,514.6925566335,0
TRN,60,20240711,170000,3.22519,3.22519,3.22519,3.22519,538.51132686,0
TRN,60,20240712,100000,3.22519,3.30244,3.22519,3.30244,611.003236245,0
TRN,60,20240712,120000,3.27347,3.27347,3.27347,3.27347,912.3624595455,0
TRN,60,20240715,100000,3.22519,3.22519,3.22519,3.22519,211.262135922,0
TRN,60,20240715,130000,3.26381,3.26381,3.22519,3.22519,321.035598705,0
TRN,60,20240715,160000,3.22519,3.22519,3.19622,3.19622,1035.5987055,0
TRN,60,20240716,100000,3.23484,3.2445,3.19622,3.2445,1201.29449838,0
TRN,60,20240716,130000,3.21553,3.21553,3.21553,3.21553,4.142394822,0
TRN,60,20240716,140000,3.21553,3.21553,3.19622,3.19622,1973.851132683,0
TRN,60,20240716,170000,3.19622,3.19622,3.18656,3.18656,455.66343042,0
TRN,60,20240718,100000,3.18656,3.23484,3.18656,3.23484,112.8802588995,0
TRN,60,20240718,110000,3.17691,3.17691,3.17691,3.17691,352.10355987,0
TRN,60,20240718,150000,3.18656,3.18656,3.18656,3.18656,561.294498381,0
TRN,60,20240718,160000,3.23484,3.23484,3.23484,3.23484,414.2394822,0
TRN,60,20240718,170000,3.23484,3.23484,3.23484,3.23484,5.1779935275,0
TRN,60,20240719,100000,3.17691,3.17691,3.17691,3.17691,103.55987055,0
TRN,60,20240719,110000,3.23484,3.23484,3.23484,3.23484,262.0064724915,0
TRN,60,20240722,100000,3.23484,3.31209,3.23484,3.23484,119.09385113249999,0
TRN,60,20240722,120000,3.23484,3.23484,3.23484,3.23484,2.071197411,0
TRN,60,20240722,170000,3.23484,3.23484,3.23484,3.23484,54.8867313915,0
TRN,60,20240723,100000,3.31209,3.31209,3.21553,3.21553,135.6634304205,0
TRN,60,20240723,150000,3.18656,3.18656,3.18656,3.18656,323.106796116,0
TRN,60,20240724,100000,3.18656,3.21553,3.17691,3.21553,1265.501618121,0
TRN,60,20240724,140000,3.18656,3.18656,3.12863,3.12863,2062.912621356,0
TRN,60,20240724,150000,3.21553,3.21553,3.21553,3.21553,33.139158576,0
TRN,60,20240724,160000,3.13828,3.13828,3.13828,3.13828,34.1747572815,0
TRN,60,20240725,100000,3.21553,3.21553,3.12863,3.12863,1126.731391584,0
TRN,60,20240725,130000,3.12863,3.12863,3.12863,3.12863,28.996763754,0
TRN,60,20240725,170000,3.12863,3.12863,3.12863,3.12863,932.03883495,0
TRN,60,20240726,100000,3.18656,3.21553,3.18656,3.18656,181.2297734625,0
TRN,60,20240726,110000,3.18656,3.18656,3.18656,3.18656,103.55987055,0
TRN,60,20240726,120000,3.18656,3.18656,3.18656,3.18656,217.475728155,0
TRN,60,20240726,140000,3.18656,3.18656,3.18656,3.18656,3391.5857605125,0
TRN,60,20240726,150000,3.17691,3.17691,3.17691,3.17691,336.5695792875,0
TRN,60,20240729,100000,3.17691,3.25416,3.17691,3.25416,37.281553398,0
TRN,60,20240729,110000,3.17691,3.17691,3.14794,3.14794,541.6181229765,0
TRN,60,20240729,120000,3.2445,3.2445,3.18656,3.18656,173.980582524,0
TRN,60,20240729,130000,3.10931,3.10931,3.10931,3.10931,3.1067961165,0
TRN,60,20240730,100000,3.28313,3.28313,3.28313,3.28313,263.042071197,0
TRN,60,20240730,120000,3.18656,3.18656,3.18656,3.18656,5.1779935275,0
TRN,60,20240730,130000,3.18656,3.18656,3.18656,3.18656,51.779935275,0
TRN,60,20240730,150000,3.16725,3.16725,3.16725,3.16725,134.627831715,0
TRN,60,20240731,100000,3.16725,3.16725,3.16725,3.16725,3.1067961165,0
TRN,60,20240731,120000,3.13828,3.13828,3.13828,3.13828,11.3915857605,0
TRN,60,20240731,140000,3.13828,3.13828,3.13828,3.13828,10.355987055,0
TRN,60,20240801,100000,3.16725,3.16725,3.09966,3.09966,171.90938511299998,0
TRN,60,20240801,120000,3.14794,3.14794,3.14794,3.14794,5.1779935275,0
TRN,60,20240801,130000,3.14794,3.14794,3.14794,3.14794,1697.3462783145,0
TRN,60,20240801,150000,3.16725,3.16725,3.16725,3.16725,84.919093851,0
TRN,60,20240801,170000,3.16725,3.16725,3.16725,3.16725,207.1197411,0
TRN,60,20240802,100000,3.23484,3.23484,3.23484,3.23484,665.8899676365,0
TRN,60,20240802,130000,3.18656,3.18656,3.18656,3.18656,157.411003236,0
TRN,60,20240802,140000,3.18656,3.18656,3.18656,3.18656,103.55987055,0
TRN,60,20240805,100000,3.30244,3.30244,3.18656,3.18656,37.281553398,0
TRN,60,20240805,110000,3.11897,3.11897,3.09,3.09,4680.90614886,0
TRN,60,20240805,120000,3.09,3.09,3.09,3.09,207.1197411,0
TRN,60,20240805,130000,3.05138,3.05138,3.05138,3.05138,70.420711974,0
TRN,60,20240805,140000,3.09,3.09,3.09,3.09,15.5339805825,0
TRN,60,20240805,170000,3.09,3.09,3.09,3.09,14.498381877,0
TRN,60,20240806,100000,3.07069,3.07069,3.07069,3.07069,447.378640776,0
TRN,60,20240806,110000,3.05138,3.05138,3.05138,3.05138,140.841423948,0
TRN,60,20240806,120000,3.05138,3.05138,3.04172,3.05138,134.627831715,0
TRN,60,20240806,130000,3.03206,3.03206,3.02241,3.02241,590.291262135,0
TRN,60,20240806,140000,3.02241,3.05138,3.02241,3.05138,356.245954692,0
TRN,60,20240806,160000,3.05138,3.05138,3.05138,3.05138,5.1779935275,0
TRN,60,20240806,170000,3.07069,3.07069,3.05138,3.05138,1128.802588995,0
TRN,60,20240807,100000,3.07069,3.07069,3.05138,3.05138,1958.3171521005,0
TRN,60,20240807,110000,3.04172,3.04172,3.03206,3.03206,3298.3818770175,0
TRN,60,20240807,130000,3.03206,3.03206,3.03206,3.03206,144.98381877,0
TRN,60,20240807,170000,3.03206,3.03206,3.03206,3.03206,14.498381877,0
TRN,60,20240808,100000,3.03206,3.03206,3.03206,3.03206,5.1779935275,0
TRN,60,20240808,120000,3.03206,3.03206,3.03206,3.03206,4.142394822,0
TRN,60,20240808,170000,3.03206,3.03206,3.03206,3.03206,414.2394822,0
TRN,60,20240809,100000,3.03206,3.03206,3.03206,3.03206,5.1779935275,0
TRN,60,20240809,110000,3.03206,3.03206,3.03206,3.03206,108.7378640775,0
TRN,60,20240809,130000,3.03206,3.03206,3.03206,3.03206,517.79935275,0
TRN,60,20240809,150000,3.03206,3.04172,3.03206,3.04172,1166.084142393,0
TRN,60,20240812,100000,3.19622,3.19622,3.04172,3.04172,106.66666666649999,0
TRN,60,20240812,120000,3.04172,3.04172,3.04172,3.04172,12.427184466,0
TRN,60,20240812,130000,3.04172,3.04172,3.04172,3.04172,341.747572815,0
TRN,60,20240812,160000,3.04172,3.04172,3.04172,3.04172,718.705501617,0
TRN,60,20240812,170000,3.13828,3.13828,3.13828,3.13828,7.2491909385,0
TRN,60,20240813,100000,3.18656,3.18656,3.18656,3.18656,49.708737864,0
TRN,60,20240813,120000,3.09,3.13828,3.09,3.13828,310.67961164999997,0
TRN,60,20240813,130000,3.13828,3.13828,3.13828,3.13828,207.1197411,0
TRN,60,20240813,140000,3.13828,3.13828,3.13828,3.13828,5.1779935275,0
TRN,60,20240813,160000,3.12863,3.13828,3.12863,3.13828,744.5954692545,0
TRN,60,20240814,100000,3.13828,3.13828,3.09965,3.13828,1166.0814,0
TRN,60,20240814,110000,3.05137,3.05137,3.05137,3.05137,5.17799,0
TRN,60,20240814,130000,3.05137,3.05137,3.04171,3.04171,2071.1963,0
TRN,60,20240814,150000,3.04171,3.04171,3.04171,3.04171,876.115,0
TRN,60,20240814,170000,3.09,3.09,3.09,3.09,16.5695,0
TRN,60,20240816,100000,3.2,3.2,2.88,3.15,2151,0
TRN,60,20240816,110000,3.1,3.1,3.1,3.1,30,0
TRN,60,20240816,120000,3.1,3.1,3.1,3.1,32,0
TRN,60,20240816,130000,3.1,3.1,3.1,3.1,1003,0
TRN,60,20240816,140000,3.05,3.05,3.05,3.05,236,0
TRN,60,20240816,150000,3.02,3.1,3.01,3.1,1007,0
TRN,60,20240816,160000,3.1,3.1,3.1,3.1,72,0
TRN,60,20240816,170000,3.1,3.1,3.07,3.07,26,0
TRN,60,20240819,100000,3.03,3.03,3.01,3.02,2502,0
TRN,60,20240819,110000,3.02,3.03,3.01,3.01,3130,0
TRN,60,20240819,120000,3.03,3.03,3.03,3.03,14,0
TRN,60,20240819,130000,3.03,3.03,3.03,3.03,10,0
TRN,60,20240819,140000,3.02,3.02,3.02,3.02,325,0
TRN,60,20240819,160000,3.03,3.03,3.03,3.03,660,0
TRN,60,20240819,170000,3.01,3.01,3.01,3.01,900,0
TRN,60,20240820,100000,3.02,3.05,3,3.05,1035,0
TRN,60,20240820,120000,3.02,3.05,3.02,3.05,1553,0
TRN,60,20240820,130000,3.05,3.05,3.05,3.05,179,0
TRN,60,20240821,100000,3.05,3.05,3.05,3.05,105,0
TRN,60,20240821,120000,3.05,3.05,3.05,3.05,160,0
TRN,60,20240821,150000,3.05,3.05,3.05,3.05,10,0
TRN,60,20240822,100000,3.1,3.1,3,3,503,0
TRN,60,20240822,120000,3.05,3.05,3.05,3.05,6,0
TRN,60,20240822,170000,3.05,3.05,3.05,3.05,470,0
TRN,60,20240823,100000,3.1,3.1,3.1,3.1,3,0
TRN,60,20240823,110000,3.08,3.08,3.08,3.08,20,0
TRN,60,20240826,100000,3.09,3.09,3.08,3.08,73,0
TRN,60,20240826,120000,3.05,3.05,3.05,3.05,1096,0
TRN,60,20240826,130000,3.05,3.05,3,3,1508,0
TRN,60,20240827,100000,3.08,3.08,3.08,3.08,20,0
TRN,60,20240827,130000,3.06,3.06,3.06,3.06,4,0
TRN,60,20240827,140000,3.06,3.06,3.02,3.02,343,0
TRN,60,20240828,100000,3.09,3.09,3,3,8,0
TRN,60,20240828,140000,3,3,3,3,2000,0
TRN,60,20240828,150000,3.03,3.03,3.03,3.03,55,0
TRN,60,20240829,100000,3.09,3.09,3.09,3.09,3,0
TRN,60,20240829,130000,3.03,3.03,3.03,3.03,100,0
TRN,60,20240830,100000,3.03,3.03,2.9,2.95,710,0
TRN,60,20240830,120000,3.03,3.03,3.03,3.03,14,0
TRN,60,20240830,130000,3.03,3.03,3.03,3.03,60,0
TRN,60,20240830,150000,3.03,3.03,3.03,3.03,400,0
TRN,60,20240830,170000,3.03,3.03,2.95,2.95,90,0
TRN,60,20240902,100000,3.03,3.03,3.03,3.03,25,0
TRN,60,20240902,110000,3.03,3.03,2.95,2.95,197,0
TRN,60,20240902,130000,3.03,3.03,3.03,3.03,32,0
TRN,60,20240902,140000,3.03,3.03,3.03,3.03,5266,0
TRN,60,20240902,150000,3.03,3.06,3.03,3.06,64,0
TRN,60,20240902,160000,3.06,3.06,3.06,3.06,40,0
TRN,60,20240902,170000,3.06,3.09,3.03,3.03,116,0
TRN,60,20240903,100000,3.03,3.09,3.03,3.09,553,0
TRN,60,20240903,120000,3.09,3.1,3.09,3.1,281,0
TRN,60,20240903,130000,3.12,3.12,3.12,3.12,16,0
TRN,60,20240903,140000,3.09,3.09,3.09,3.09,513,0
TRN,60,20240903,170000,3.06,3.06,3.06,3.06,15,0
TRN,60,20240904,100000,3.06,3.17,3.06,3.17,147,0
TRN,60,20240904,110000,3.17,3.17,3.16,3.16,300,0
TRN,60,20240904,130000,3.15,3.15,3.15,3.15,200,0
TRN,60,20240904,150000,3.15,3.15,3.15,3.15,13,0
TRN,60,20240906,100000,3.15,3.15,3.15,3.15,120,0
TRN,60,20240906,120000,3.15,3.15,3.15,3.15,25,0
TRN,60,20240909,100000,3.15,3.2,3.15,3.2,1996,0
TRN,60,20240909,110000,3.15,3.15,3.15,3.15,40,0
TRN,60,20240910,100000,3.22,3.22,3.2,3.22,219,0
TRN,60,20240910,110000,3.22,3.22,3.22,3.22,463,0
TRN,60,20240910,170000,3.12,3.12,3.12,3.12,200,0
TRN,60,20240911,100000,3.13,3.13,3.13,3.13,42,0
TRN,60,20240911,110000,3.19,3.19,3.19,3.19,10,0
TRN,60,20240911,120000,3.12,3.12,3.12,3.12,12,0
TRN,60,20240911,130000,3.12,3.12,3.12,3.12,98,0
TRN,60,20240911,160000,3.15,3.15,3.15,3.15,4,0
TRN,60,20240911,170000,3.09,3.09,3,3.05,3405,0
TRN,60,20240912,100000,3.05,3.05,2.9,2.92,4297,0
TRN,60,20240912,120000,2.92,2.92,2.92,2.92,8,0
TRN,60,20240912,130000,2.95,2.95,2.92,2.92,42,0
TRN,60,20240912,140000,2.92,2.92,2.92,2.92,128,0
TRN,60,20240912,170000,2.95,2.95,2.95,2.95,589,0
TRN,60,20240913,100000,2.95,2.95,2.93,2.93,13,0
TRN,60,20240913,120000,2.93,2.93,2.93,2.93,457,0
TRN,60,20240913,130000,2.93,2.93,2.93,2.93,34,0
TRN,60,20240913,140000,2.93,2.93,2.93,2.93,17,0
TRN,60,20240913,150000,2.93,2.93,2.93,2.93,11,0
TRN,60,20240913,160000,2.92,2.92,2.92,2.92,5,0
TRN,60,20240913,170000,2.93,2.93,2.93,2.93,120,0
TRN,60,20240916,100000,2.93,2.93,2.92,2.92,612,0
TRN,60,20240916,110000,2.9,2.9,2.9,2.9,463,0
TRN,60,20240916,120000,2.91,2.91,2.91,2.91,55,0
TRN,60,20240916,130000,2.91,2.91,2.9,2.9,107,0
TRN,60,20240916,160000,2.91,2.91,2.91,2.91,32,0
TRN,60,20240917,100000,2.91,2.91,2.9,2.9,1941,0
TRN,60,20240917,110000,2.95,2.95,2.95,2.95,4,0
TRN,60,20240917,120000,2.95,2.95,2.95,2.95,1688,0
TRN,60,20240917,130000,2.95,2.95,2.95,2.95,1000,0
TRN,60,20240918,100000,2.91,2.91,2.91,2.91,103,0
TRN,60,20240918,120000,2.93,2.93,2.93,2.93,100,0
TRN,60,20240918,130000,2.91,2.91,2.91,2.91,130,0
TRN,60,20240918,140000,2.91,2.93,2.91,2.93,567,0
TRN,60,20240918,170000,2.93,2.93,2.93,2.93,51,0
TRN,60,20240919,100000,2.91,2.91,2.91,2.91,3,0
TRN,60,20240919,130000,2.94,2.94,2.94,2.94,4,0
TRN,60,20240919,160000,2.93,2.93,2.93,2.93,5,0
TRN,60,20240920,100000,2.91,2.93,2.91,2.93,139,0
TRN,60,20240920,160000,2.92,2.92,2.92,2.92,700,0
TRN,60,20240923,100000,2.94,2.94,2.94,2.94,500,0
TRN,60,20240923,130000,2.91,2.93,2.9,2.93,1005,0
TRN,60,20240923,140000,2.9,2.9,2.86,2.86,710,0
TRN,60,20240923,170000,2.92,2.92,2.92,2.92,5,0
TRN,60,20240924,100000,2.92,2.92,2.92,2.92,5,0
TRN,60,20240924,120000,2.92,2.92,2.92,2.92,1000,0
TRN,60,20240924,140000,2.92,2.92,2.92,2.92,10,0
TRN,60,20240924,160000,2.92,2.92,2.92,2.92,10,0
TRN,60,20240926,100000,3,3,2.86,2.89,6456,0
TRN,60,20240926,110000,2.89,2.89,2.86,2.86,6538,0
TRN,60,20240926,120000,2.87,2.87,2.87,2.87,50,0
TRN,60,20240926,170000,2.96,2.96,2.91,2.91,25,0
TRN,60,20240927,100000,2.91,2.91,2.91,2.91,5,0
TRN,60,20240927,110000,2.91,2.91,2.91,2.91,30,0
TRN,60,20240930,100000,3.05,3.05,3.05,3.05,5,0
TRN,60,20240930,110000,2.91,2.91,2.91,2.91,40,0
TRN,60,20240930,150000,2.96,2.96,2.96,2.96,3490,0
TRN,60,20240930,160000,3.04,3.04,3,3,55,0
TRN,60,20241001,100000,3,3.02,3,3,8568,0
TRN,60,20241001,110000,3.03,3.06,3.03,3.06,4029,0
TRN,60,20241001,120000,3.17,3.17,3.17,3.17,15,0
TRN,60,20241001,130000,3.11,3.11,3.11,3.11,205,0
TRN,60,20241001,150000,3.11,3.11,3.11,3.11,4,0
TRN,60,20241001,160000,3.11,3.11,3.11,3.11,10,0
TRN,60,20241003,100000,3.17,3.17,3.11,3.17,1635,0
TRN,60,20241003,110000,3.2,3.21,3.2,3.21,5099,0
TRN,60,20241003,120000,3.2,3.2,3.2,3.2,103,0
TRN,60,20241003,130000,3.2,3.2,3.2,3.2,600,0
TRN,60,20241003,150000,3.2,3.2,3.2,3.2,377,0
TRN,60,20241003,170000,3.21,3.21,3.21,3.21,420,0
TRN,60,20241004,100000,3.22,3.22,3.22,3.22,5,0
TRN,60,20241004,110000,3.2,3.2,3.2,3.2,710,0
TRN,60,20241004,120000,3.2,3.22,3.2,3.22,1026,0
TRN,60,20241004,150000,3.2,3.2,3.2,3.2,455,0
TRN,60,20241004,170000,3.22,3.22,3.22,3.22,600,0
TRN,60,20241008,100000,3.22,3.22,3,3,67,0
TRN,60,20241008,130000,3.07,3.07,3.07,3.07,17,0
TRN,60,20241008,170000,3,3,3,3,199,0
TRN,60,20241009,100000,3,3.11,3,3.11,273,0
TRN,60,20241009,110000,3.11,3.11,3.1,3.1,6,0
TRN,60,20241009,130000,3.11,3.11,3.11,3.11,457,0
TRN,60,20241009,140000,3.11,3.11,3.11,3.11,100,0
TRN,60,20241009,160000,3.1,3.1,3.1,3.1,336,0
TRN,60,20241010,100000,3.1,3.11,3.1,3.11,120,0
TRN,60,20241010,120000,3.05,3.05,3.05,3.05,163,0
TRN,60,20241010,140000,3.04,3.04,3.04,3.04,500,0
TRN,60,20241010,160000,3,3,3,3,3338,0
TRN,60,20241011,100000,3,3,3,3,3,0
TRN,60,20241011,130000,3.04,3.04,3.04,3.04,10,0
TRN,60,20241011,160000,3.05,3.05,3.05,3.05,10,0
TRN,60,20241014,100000,3.2,3.2,3.2,3.2,5,0
TRN,60,20241014,130000,3.05,3.05,3.05,3.05,11,0
TRN,60,20241015,100000,3.2,3.2,3.2,3.2,3,0
TRN,60,20241015,110000,3.09,3.09,3.09,3.09,5,0
TRN,60,20241015,140000,3.02,3.02,3.01,3.01,500,0
TRN,60,20241016,100000,3.01,3.01,3.01,3.01,204,0
TRN,60,20241016,130000,3.01,3.01,3,3,500,0
TRN,60,20241016,160000,3.04,3.04,3.04,3.04,500,0
TRN,60,20241016,170000,3.04,3.04,3.04,3.04,1318,0
TRN,60,20241017,100000,3.08,3.08,3,3,8,0
TRN,60,20241017,120000,2.97,2.97,2.97,2.97,1500,0
TRN,60,20241017,160000,3,3,3,3,80,0
TRN,60,20241021,100000,3.06,3.06,2.94,2.94,178,0
TRN,60,20241021,110000,3,3,3,3,15,0
TRN,60,20241021,120000,3,3,2.95,2.95,14,0
TRN,60,20241021,160000,3,3,3,3,5,0
TRN,60,20241022,100000,3.06,3.06,3.06,3.06,17,0
TRN,60,20241022,130000,3,3,3,3,5,0
TRN,60,20241022,140000,2.97,2.97,2.97,2.97,10,0
TRN,60,20241023,100000,2.97,3,2.97,3,8,0
TRN,60,20241023,110000,3,3,3,3,500,0
TRN,60,20241023,120000,2.97,3,2.97,3,3570,0
TRN,60,20241023,160000,3,3,3,3,500,0
TRN,60,20241024,100000,3,3,3,3,3,0
TRN,60,20241024,150000,3.06,3.06,3.06,3.06,5,0
TRN,60,20241025,100000,3.06,3.06,3.06,3.06,55,0
TRN,60,20241025,120000,3.03,3.03,3.03,3.03,2455,0
TRN,60,20241028,100000,3.06,3.06,3.06,3.06,3,0
TRN,60,20241028,160000,3.05,3.05,3.05,3.05,68,0
TRN,60,20241029,100000,3.06,3.06,3.06,3.06,3,0
TRN,60,20241029,110000,3.05,3.05,3.05,3.05,15,0
TRN,60,20241029,120000,3,3.05,2.97,3.05,3335,0
TRN,60,20241029,150000,2.98,2.98,2.98,2.98,64,0
TRN,60,20241029,170000,3.04,3.04,3.04,3.04,5,0
TRN,60,20241030,100000,3.06,3.06,3.06,3.06,3,0
TRN,60,20241030,110000,3.04,3.04,3.04,3.04,310,0
TRN,60,20241030,170000,2.92,2.92,2.87,2.87,718,0
TRN,60,20241031,100000,3.03,3.03,3.03,3.03,20,0
TRN,60,20241031,120000,3.03,3.03,3.03,3.03,5,0
TRN,60,20241031,170000,3.02,3.02,3.02,3.02,100,0
TRN,60,20241104,100000,3.02,3.02,3.02,3.02,7,0
TRN,60,20241104,150000,3.02,3.02,3.02,3.02,20,0
TRN,60,20241107,100000,2.9,3.03,2.9,3,1486,0
TRN,60,20241107,110000,3,3.03,3,3.03,333,0
TRN,60,20241107,130000,2.97,2.97,2.97,2.97,11,0
TRN,60,20241108,100000,3,3.03,3,3.03,1605,0
TRN,60,20241108,130000,3,3,3,3,100,0
TRN,60,20241108,150000,3.02,3.02,3.02,3.02,10,0
TRN,60,20241113,100000,3.02,3.02,3,3,413,0
TRN,60,20241113,120000,3,3,3,3,352,0
TRN,60,20241113,130000,3.02,3.02,3.02,3.02,4,0
TRN,60,20241113,140000,3,3,3,3,1000,0
TRN,60,20241113,150000,3.02,3.04,3.02,3.04,300,0
TRN,60,20241114,100000,3.04,3.04,3.04,3.04,3,0
TRN,60,20241114,130000,3.04,3.04,3,3.04,42,0
TRN,60,20241114,170000,3.04,3.04,3.04,3.04,1155,0
TRN,60,20241115,100000,3.04,3.04,3.04,3.04,3,0
TRN,60,20241115,110000,3,3,3,3,325,0
TRN,60,20241115,150000,2.98,2.98,2.98,2.98,132,0
TRN,60,20241118,100000,2.98,2.98,2.98,2.98,3,0
TRN,60,20241118,130000,3,3,3,3,868,0
TRN,60,20241118,170000,3,3,3,3,497,0
TRN,60,20241125,100000,3.04,3.04,3.04,3.04,20,0
TRN,60,20241125,110000,3.01,3.01,2.97,2.97,1913,0
TRN,60,20241125,130000,2.97,2.97,2.97,2.97,3368,0
TRN,60,20241125,160000,2.95,2.95,2.95,2.95,345,0
TRN,60,20241126,100000,2.95,2.95,2.95,2.95,152,0
TRN,60,20241126,120000,2.9,2.9,2.9,2.9,88,0
TRN,60,20241126,160000,2.9,2.9,2.89,2.89,9961,0
TRN,60,20241127,100000,3.1,3.1,3,3,3679,0
TRN,60,20241127,110000,3.02,3.02,2.95,2.95,2061,0
TRN,60,20241127,160000,2.94,2.94,2.94,2.94,1000,0
TRN,60,20241128,100000,2.8,2.8,2.8,2.8,1790,0
TRN,60,20241128,110000,2.95,2.95,2.95,2.95,10,0
TRN,60,20241128,150000,2.89,2.95,2.89,2.95,100,0
TRN,60,20241128,160000,2.95,2.95,2.95,2.95,13,0
TRN,60,20241129,100000,3.01,3.01,2.95,2.95,8,0
TRN,60,20241129,120000,2.95,2.95,2.95,2.95,10,0
TRN,60,20241129,130000,2.88,2.95,2.88,2.95,1617,0
TRN,60,20241129,170000,2.95,2.95,2.95,2.95,500,0
TRN,60,20241202,100000,3.01,3.01,2.9,2.92,287,0
TRN,60,20241202,120000,2.95,2.95,2.95,2.95,675,0
TRN,60,20241202,130000,2.96,2.96,2.9,2.9,10,0
TRN,60,20241202,160000,2.98,2.98,2.98,2.98,4,0
TRN,60,20241205,100000,3.01,3.01,3.01,3.01,9,0
TRN,60,20241205,170000,2.92,2.92,2.82,2.82,1500,0
TRN,60,20241206,100000,2.89,2.89,2.89,2.89,303,0
TRN,60,20241206,110000,2.98,2.98,2.97,2.97,20,0
TRN,60,20241206,140000,2.92,2.92,2.9,2.9,800,0
TRN,60,20241206,160000,2.94,2.94,2.94,2.94,35,0
TRN,60,20241206,170000,2.9,2.9,2.9,2.9,100,0
TRN,60,20241209,100000,2.94,2.94,2.94,2.94,3,0
TRN,60,20241209,130000,2.92,2.92,2.92,2.92,34,0
TRN,60,20241209,140000,2.92,2.92,2.92,2.92,955,0
TRN,60,20241209,160000,2.88,2.88,2.88,2.88,645,0
TRN,60,20241210,100000,2.88,2.88,2.88,2.88,20,0
TRN,60,20241210,110000,2.9,2.9,2.9,2.9,490,0
TRN,60,20241210,130000,2.92,2.92,2.88,2.88,1871,0
TRN,60,20241210,170000,2.88,2.88,2.87,2.87,2948,0
TRN,60,20241211,100000,2.95,2.95,2.95,2.95,3,0
TRN,60,20241211,110000,2.88,2.88,2.88,2.88,358,0
TRN,60,20241211,120000,2.86,2.86,2.86,2.86,206,0
TRN,60,20241211,130000,2.88,2.88,2.83,2.88,514,0
TRN,60,20241212,100000,2.95,2.95,2.95,2.95,3,0
TRN,60,20241212,110000,2.88,2.88,2.83,2.83,1440,0
TRN,60,20241212,150000,2.83,2.83,2.83,2.83,200,0
TRN,60,20241212,160000,2.88,2.88,2.88,2.88,28,0
TRN,60,20241213,100000,2.88,2.88,2.83,2.83,6,0
TRN,60,20241213,110000,2.83,2.9,2.83,2.9,4556,0
TRN,60,20241213,120000,2.9,2.9,2.9,2.9,150,0
TRN,60,20241213,130000,2.9,2.9,2.87,2.87,2842,0
TRN,60,20241216,100000,2.86,2.86,2.86,2.86,8,0
TRN,60,20241216,110000,2.83,2.86,2.81,2.86,2500,0
TRN,60,20241216,140000,2.8,2.8,2.8,2.8,1045,0
TRN,60,20241216,150000,2.8,2.8,2.8,2.8,165,0
TRN,60,20241216,160000,2.8,2.8,2.8,2.8,10,0
TRN,60,20241216,170000,2.8,2.8,2.8,2.8,1005,0
TRN,60,20241217,100000,2.86,2.86,2.86,2.86,8,0
TRN,60,20241217,130000,2.85,2.85,2.85,2.85,5,0
TRN,60,20241217,160000,2.8,2.8,2.8,2.8,4,0
TRN,60,20241218,100000,2.8,2.8,2.77,2.77,64,0
TRN,60,20241218,110000,2.77,2.77,2.77,2.77,255,0
TRN,60,20241218,120000,2.86,2.86,2.8,2.86,111,0
TRN,60,20241218,130000,2.89,2.89,2.89,2.89,66,0
TRN,60,20241218,140000,2.89,2.89,2.89,2.89,150,0
TRN,60,20241218,150000,2.77,2.77,2.76,2.76,400,0
TRN,60,20241218,160000,2.8,2.8,2.8,2.8,628,0
TRN,60,20241218,170000,2.88,2.88,2.88,2.88,5,0
TRN,60,20241219,100000,2.9,2.9,2.76,2.76,466,0
TRN,60,20241219,110000,2.79,2.87,2.79,2.79,958,0
TRN,60,20241219,160000,2.85,2.85,2.85,2.85,5,0
TRN,60,20241219,170000,2.79,2.79,2.79,2.79,431,0
TRN,60,20241220,100000,2.79,2.79,2.79,2.79,653,0
TRN,60,20241220,110000,2.79,2.79,2.79,2.79,201,0
TRN,60,20241220,120000,2.78,2.78,2.78,2.78,10,0
TRN,60,20241220,130000,2.79,2.79,2.79,2.79,5,0
TRN,60,20241220,140000,2.78,2.79,2.78,2.79,1235,0
TRN,60,20241220,150000,2.79,2.79,2.75,2.75,3877,0
TRN,60,20241220,170000,2.75,2.75,2.75,2.75,5022,0
TRN,60,20241223,100000,2.75,2.75,2.74,2.75,44,0
TRN,60,20241223,110000,2.72,2.75,2.72,2.75,149,0
TRN,60,20241223,120000,2.72,2.73,2.72,2.73,500,0
TRN,60,20241223,130000,2.73,2.75,2.73,2.75,603,0
TRN,60,20241223,140000,2.75,2.79,2.75,2.75,2056,0
TRN,60,20241223,150000,2.75,2.75,2.75,2.75,1000,0
TRN,60,20241223,170000,2.75,2.75,2.75,2.75,375,0
TRN,60,20241227,100000,2.79,2.79,2.79,2.79,105,0
TRN,60,20241227,110000,2.79,2.79,2.79,2.79,20,0
TRN,60,20241227,120000,2.79,2.79,2.79,2.79,1995,0
TRN,60,20241227,130000,2.85,2.85,2.85,2.85,176,0
TRN,60,20241227,140000,2.85,2.85,2.85,2.85,100,0
TRN,60,20241227,170000,2.77,2.77,2.76,2.76,2853,0
TRN,60,20241230,100000,2.76,2.83,2.75,2.83,888,0
TRN,60,20241230,120000,2.83,2.83,2.83,2.83,210,0
TRN,60,20241230,130000,2.83,2.83,2.83,2.83,55,0
TRN,60,20241230,140000,2.83,2.83,2.83,2.83,35,0
TRN,60,20250102,100000,2.83,2.84,2.83,2.83,65,0
TRN,60,20250102,110000,2.78,2.78,2.78,2.78,207,0
TRN,60,20250102,120000,2.78,2.78,2.78,2.78,1015,0
TRN,60,20250102,130000,2.82,2.82,2.82,2.82,5,0
TRN,60,20250102,140000,2.82,2.82,2.82,2.82,200,0
TRN,60,20250103,100000,2.81,2.81,2.81,2.81,3,0
TRN,60,20250103,110000,2.77,2.77,2.77,2.77,720,0
TRN,60,20250103,120000,2.77,2.8,2.77,2.8,90,0
TRN,60,20250103,130000,2.8,2.8,2.8,2.8,4,0
TRN,60,20250103,150000,2.79,2.8,2.78,2.8,1052,0
TRN,60,20250107,100000,2.8,2.8,2.8,2.8,90,0
TRN,60,20250107,110000,2.82,2.82,2.82,2.82,3700,0
TRN,60,20250107,130000,2.9,2.9,2.9,2.9,156,0
TRN,60,20250107,140000,2.9,2.9,2.9,2.9,35,0
TRN,60,20250107,150000,2.9,2.9,2.9,2.9,4274,0
TRN,60,20250107,170000,2.84,2.92,2.84,2.92,66,0
TRN,60,20250108,100000,2.92,2.92,2.92,2.92,3,0
TRN,60,20250108,110000,2.92,2.99,2.92,2.99,2371,0
TRN,60,20250108,120000,2.99,3,2.99,3,2129,0
TRN,60,20250108,130000,2.99,2.99,2.97,2.97,200,0
TRN,60,20250108,160000,3.02,3.03,3.02,3.03,551,0
TRN,60,20250108,170000,3.06,3.1,3.06,3.1,53,0
TRN,60,20250109,100000,3.1,3.1,3.1,3.1,220,0
TRN,60,20250109,120000,3.11,3.11,3.11,3.11,1000,0
TRN,60,20250109,140000,3.13,3.2,3.13,3.2,30,0
TRN,60,20250109,160000,3.13,3.13,3.13,3.13,40,0
TRN,60,20250109,170000,3.13,3.2,3.13,3.2,785,0
TRN,60,20250113,100000,3.13,3.13,3.13,3.13,9,0
TRN,60,20250113,110000,3.17,3.17,3.17,3.17,12,0
TRN,60,20250113,120000,3.14,3.14,3.13,3.13,3485,0
TRN,60,20250113,130000,3.1,3.1,3.04,3.04,160,0
TRN,60,20250113,150000,3.04,3.04,3.04,3.04,7,0
TRN,60,20250113,170000,3.04,3.1,3.04,3.1,4760,0
TRN,60,20250115,100000,3.1,3.1,3.09,3.09,6,0
TRN,60,20250115,110000,3.09,3.09,3.09,3.09,32,0
TRN,60,20250115,120000,3.05,3.05,3.03,3.04,3942,0
TRN,60,20250115,130000,3.03,3.03,2.95,2.95,11732,0
TRN,60,20250115,140000,2.97,2.97,2.97,2.97,660,0
TRN,60,20250115,160000,3,3,3,3,441,0
TRN,60,20250115,170000,2.95,3,2.95,3,28,0
TRN,60,20250116,100000,3.13,3.13,3.13,3.13,3,0
TRN,60,20250116,110000,2.94,2.98,2.94,2.98,18,0
TRN,60,20250116,120000,2.98,2.98,2.98,2.98,12,0
TRN,60,20250116,160000,2.98,2.98,2.98,2.98,394,0
TRN,60,20250116,170000,2.98,2.98,2.98,2.98,170,0
TRN,60,20250117,100000,3.13,3.13,3.13,3.13,5,0
TRN,60,20250117,110000,2.96,2.96,2.96,2.96,650,0
TRN,60,20250117,140000,3.04,3.04,3.04,3.04,48,0
TRN,60,20250120,100000,3.13,3.13,3.13,3.13,3,0
TRN,60,20250120,110000,3.03,3.03,3.03,3.03,3301,0
TRN,60,20250120,120000,3.13,3.13,3.13,3.13,5,0
TRN,60,20250120,130000,3.04,3.04,3.04,3.04,100,0
TRN,60,20250120,170000,3.04,3.04,3.04,3.04,150,0
TRN,60,20250121,100000,3.02,3.05,3.02,3.05,1020,0
TRN,60,20250121,130000,3.07,3.07,3.07,3.07,33,0
TRN,60,20250121,150000,3.07,3.07,3.06,3.06,831,0
TRN,60,20250123,100000,3.09,3.09,3.09,3.09,8,0
TRN,60,20250123,110000,3.09,3.09,3.09,3.09,15,0
TRN,60,20250123,130000,3.09,3.09,3.09,3.09,563,0
TRN,60,20250123,150000,3.1,3.1,3.1,3.1,1952,0
TRN,60,20250124,100000,3.09,3.09,3.09,3.09,146,0
TRN,60,20250124,120000,3.06,3.06,3.06,3.06,30,0
TRN,60,20250124,140000,3.06,3.06,3.06,3.06,6,0
TRN,60,20250124,160000,3.06,3.06,3.01,3.01,727,0
TRN,60,20250128,100000,3.07,3.07,3.07,3.07,3,0
TRN,60,20250128,170000,3.07,3.07,3.07,3.07,231,0
TRN,60,20250129,100000,3.07,3.07,3.07,3.07,3,0
TRN,60,20250129,110000,3.05,3.05,3.05,3.05,3279,0
TRN,60,20250130,100000,3,3,3,3,421,0
TRN,60,20250130,130000,3.01,3.01,3.01,3.01,1060,0
TRN,60,20250130,160000,3.02,3.02,3.01,3.01,550,0
TRN,60,20250130,170000,3.02,3.02,3.02,3.02,170,0
TRN,60,20250131,100000,3.07,3.08,3,3,34,0
TRN,60,20250131,170000,3.04,3.04,3.04,3.04,4,0
TRN,60,20250203,100000,3.13,3.13,3,3,1454,0
TRN,60,20250203,110000,3.04,3.04,3.04,3.04,40,0
TRN,60,20250203,150000,3.02,3.03,3.02,3.03,710,0
TRN,60,20250204,100000,3.13,3.13,3.13,3.13,3,0
TRN,60,20250204,130000,3,3,3,3,448,0
TRN,60,20250205,100000,3,3.1,3,3.1,20,0
TRN,60,20250205,130000,3.04,3.05,3.04,3.05,785,0
TRN,60,20250206,100000,3.05,3.05,3,3,547,0
TRN,60,20250206,110000,3.06,3.06,3.06,3.06,1004,0
TRN,60,20250206,160000,3.07,3.08,3.07,3.08,1000,0
TRN,60,20250207,100000,3.12,3.12,3.12,3.12,3,0
TRN,60,20250207,110000,3.05,3.05,3,3,5248,0
TRN,60,20250207,120000,3,3,3,3,6865,0
TRN,60,20250207,140000,3,3,2.96,2.96,687,0
TRN,60,20250207,170000,2.98,2.98,2.96,2.96,526,0
TRN,60,20250210,100000,2.96,3.11,2.96,2.96,1651,0
TRN,60,20250210,130000,3,3,3,3,130,0
TRN,60,20250210,160000,3,3,3,3,1000,0
TRN,60,20250211,100000,3,3,3,3,7,0
TRN,60,20250211,140000,3.05,3.06,3.05,3.06,3805,0
TRN,60,20250212,100000,3.06,3.06,3.03,3.03,658,0
TRN,60,20250212,110000,3.03,3.03,3.03,3.03,200,0
TRN,60,20250212,120000,3.06,3.06,3.06,3.06,500,0
TRN,60,20250212,160000,3.04,3.04,3,3,4894,0
TRN,60,20250214,100000,3.03,3.03,3.03,3.03,8,0
TRN,60,20250214,110000,3.02,3.02,3,3,1120,0
TRN,60,20250214,150000,3,3.02,3,3.02,101,0
TRN,60,20250214,160000,3.02,3.02,3.02,3.02,50,0
TRN,60,20250217,100000,3.03,3.03,3.02,3.02,34,0
TRN,60,20250217,110000,3.02,3.02,3.02,3.02,39,0
TRN,60,20250217,160000,2.99,2.99,2.99,2.99,66,0
TRN,60,20250217,170000,2.99,2.99,2.99,2.99,119,0
TRN,60,20250218,100000,2.99,2.99,2.99,2.99,3,0
TRN,60,20250218,110000,2.99,2.99,2.94,2.94,271,0
TRN,60,20250218,170000,2.95,2.95,2.95,2.95,73,0
TRN,60,20250219,100000,3,3,2.94,2.94,7,0
TRN,60,20250219,140000,3,3,3,3,17,0
TRN,60,20250220,100000,3,3,2.96,2.96,155,0
TRN,60,20250220,110000,2.96,2.96,2.96,2.96,350,0
TRN,60,20250220,150000,2.96,2.96,2.96,2.96,154,0
TRN,60,20250221,100000,3,3,3,3,2,0
TRN,60,20250221,110000,2.95,2.95,2.95,2.95,55,0
TRN,60,20250225,100000,2.95,3,2.94,3,2848,0
TRN,60,20250225,110000,2.94,2.94,2.94,2.94,170,0
TRN,60,20250225,120000,3,3,3,3,6,0
TRN,60,20250225,170000,2.94,2.94,2.94,2.94,350,0
TRN,60,20250226,100000,2.94,2.94,2.94,2.94,3,0
TRN,60,20250226,130000,2.94,2.94,2.94,2.94,1307,0
TRN,60,20250226,170000,2.94,2.94,2.94,2.94,200,0
TRN,60,20250227,100000,3,3,3,3,3,0
TRN,60,20250227,110000,2.95,2.95,2.95,2.95,100,0
TRN,60,20250227,120000,2.95,2.95,2.95,2.95,4,0
TRN,60,20250227,160000,2.92,2.92,2.92,2.92,260,0
TRN,60,20250228,100000,3,3,3,3,3,0
TRN,60,20250228,130000,2.95,2.95,2.9,2.9,1073,0
TRN,60,20250228,140000,2.89,2.89,2.88,2.88,1922,0
TRN,60,20250303,100000,2.88,2.88,2.88,2.88,3,0
TRN,60,20250303,130000,2.88,2.88,2.87,2.87,2175,0
TRN,60,20250303,140000,2.87,2.87,2.87,2.87,1531,0
TRN,60,20250303,150000,2.9,2.9,2.9,2.9,46,0
TRN,60,20250303,160000,2.9,2.9,2.9,2.9,120,0
TRN,60,20250303,170000,2.9,2.9,2.9,2.9,100,0
TRN,60,20250304,100000,2.87,2.87,2.87,2.87,533,0
TRN,60,20250304,110000,2.87,2.87,2.87,2.87,104,0
TRN,60,20250304,130000,2.92,2.92,2.92,2.92,5,0
TRN,60,20250304,150000,2.92,2.92,2.92,2.92,5,0
TRN,60,20250304,170000,2.87,2.87,2.87,2.87,14,0
TRN,60,20250305,100000,2.87,2.87,2.87,2.87,3,0
TRN,60,20250305,110000,2.91,2.92,2.91,2.92,35,0
TRN,60,20250305,120000,2.87,2.87,2.8,2.8,1225,0
TRN,60,20250306,100000,2.85,2.95,2.81,2.91,259,0
TRN,60,20250306,160000,2.86,2.86,2.84,2.84,4759,0
TRN,60,20250306,170000,2.88,2.88,2.88,2.88,100,0
TRN,60,20250307,100000,2.87,2.88,2.87,2.88,163,0
TRN,60,20250307,120000,2.9,2.9,2.9,2.9,5,0
TRN,60,20250307,140000,2.9,2.9,2.81,2.81,267,0
TRN,60,20250310,100000,2.9,2.9,2.9,2.9,3,0
TRN,60,20250310,110000,2.86,2.86,2.86,2.86,200,0
TRN,60,20250310,170000,2.86,2.86,2.86,2.86,150,0
TRN,60,20250311,100000,2.97,2.97,2.97,2.97,1,0
TRN,60,20250311,130000,2.86,2.86,2.86,2.86,3507,0
TRN,60,20250312,100000,2.94,2.94,2.87,2.87,10,0
TRN,60,20250312,110000,2.87,2.87,2.87,2.87,150,0
TRN,60,20250312,120000,2.87,2.87,2.87,2.87,59,0
TRN,60,20250312,150000,2.87,2.87,2.87,2.87,500,0
TRN,60,20250313,100000,2.87,2.87,2.87,2.87,8,0
TRN,60,20250313,110000,2.87,2.87,2.87,2.87,8,0
TRN,60,20250313,120000,2.87,2.87,2.86,2.86,115,0
TRN,60,20250313,160000,2.86,2.86,2.86,2.86,25,0
TRN,60,20250313,170000,2.86,2.86,2.86,2.86,200,0
TRN,60,20250314,100000,2.86,2.86,2.86,2.86,18,0
TRN,60,20250314,110000,2.86,2.86,2.86,2.86,88,0
TRN,60,20250314,120000,2.86,2.86,2.86,2.86,100,0
TRN,60,20250314,130000,2.86,2.86,2.86,2.86,25,0
TRN,60,20250314,140000,2.85,2.85,2.84,2.84,148,0
TRN,60,20250314,150000,2.86,2.86,2.86,2.86,10,0
TRN,60,20250314,170000,2.86,2.86,2.86,2.86,26,0
TRN,60,20250317,100000,2.9,2.9,2.9,2.9,173,0
TRN,60,20250317,120000,2.87,2.87,2.87,2.87,440,0
TRN,60,20250317,150000,2.87,2.87,2.87,2.87,700,0
TRN,60,20250317,160000,2.9,2.9,2.9,2.9,7,0
TRN,60,20250318,100000,2.86,2.86,2.86,2.86,3,0
TRN,60,20250318,110000,2.86,2.86,2.86,2.86,8,0
TRN,60,20250318,130000,2.86,2.86,2.86,2.86,173,0
TRN,60,20250318,140000,2.9,2.9,2.9,2.9,83,0
TRN,60,20250319,100000,2.94,2.94,2.9,2.9,15,0
TRN,60,20250319,120000,2.86,2.86,2.86,2.86,1,0
TRN,60,20250319,140000,2.9,2.94,2.9,2.94,1149,0
TRN,60,20250319,160000,2.94,2.94,2.94,2.94,41,0
TRN,60,20250319,170000,2.94,2.94,2.94,2.94,6,0
TRN,60,20250320,100000,2.98,2.98,2.98,2.98,7,0
TRN,60,20250320,110000,2.98,2.98,2.98,2.98,33,0
TRN,60,20250320,120000,2.88,2.88,2.88,2.88,1304,0
TRN,60,20250320,160000,2.87,2.87,2.87,2.87,300,0
TRN,60,20250321,100000,2.98,2.98,2.97,2.97,8,0
TRN,60,20250321,150000,2.87,2.87,2.87,2.87,7,0
TRN,60,20250324,100000,2.84,2.87,2.84,2.87,550,0
TRN,60,20250324,130000,2.96,2.96,2.96,2.96,4,0
TRN,60,20250324,160000,2.95,2.95,2.95,2.95,3797,0
TRN,60,20250324,170000,2.95,2.95,2.95,2.95,696,0
TRN,60,20250325,100000,2.95,2.95,2.95,2.95,187,0
TRN,60,20250325,110000,2.85,2.85,2.85,2.85,996,0
TRN,60,20250325,120000,2.94,2.95,2.94,2.95,6519,0
TRN,60,20250325,130000,2.97,2.97,2.97,2.97,30,0
TRN,60,20250325,160000,2.97,2.97,2.92,2.92,19,0
TRN,60,20250325,170000,2.92,2.92,2.92,2.92,700,0
TRN,60,20250326,100000,2.98,2.98,2.98,2.98,3,0
TRN,60,20250326,150000,2.98,2.98,2.98,2.98,900,0
TRN,60,20250326,170000,2.98,2.98,2.98,2.98,50,0
TRN,60,20250327,100000,2.98,2.98,2.93,2.93,209,0
TRN,60,20250327,130000,2.93,2.93,2.93,2.93,191,0
TRN,60,20250327,140000,2.97,2.98,2.97,2.98,2021,0
TRN,60,20250327,150000,2.93,2.99,2.92,2.99,965,0
TRN,60,20250327,170000,2.99,2.99,2.99,2.99,300,0
TRN,60,20250328,100000,2.98,2.98,2.98,2.98,6,0
TRN,60,20250328,130000,2.98,2.98,2.98,2.98,438,0
TRN,60,20250328,150000,2.99,2.99,2.99,2.99,570,0
TRN,60,20250328,160000,2.98,2.98,2.98,2.98,123,0
TRN,60,20250331,100000,2.98,2.98,2.98,2.98,3,0
TRN,60,20250331,150000,2.99,2.99,2.99,2.99,11,0
TRN,60,20250401,100000,2.99,2.99,2.99,2.99,3,0
TRN,60,20250401,110000,2.99,2.99,2.99,2.99,4,0
TRN,60,20250401,150000,2.99,2.99,2.99,2.99,6,0
TRN,60,20250402,100000,2.99,2.99,2.99,2.99,3,0
TRN,60,20250402,130000,2.99,2.99,2.99,2.99,168,0
TRN,60,20250402,140000,2.93,2.93,2.93,2.93,500,0
TRN,60,20250403,100000,2.93,2.93,2.93,2.93,1274,0
TRN,60,20250403,110000,2.95,2.95,2.95,2.95,333,0
TRN,60,20250403,120000,2.96,2.96,2.96,2.96,137,0
TRN,60,20250403,160000,2.95,2.95,2.95,2.95,2525,0
TRN,60,20250403,170000,2.96,2.96,2.96,2.96,171,0
TRN,60,20250404,100000,2.98,2.98,2.98,2.98,3,0
TRN,60,20250404,120000,2.91,2.91,2.81,2.81,7314,0
TRN,60,20250404,140000,2.8,2.8,2.8,2.8,4,0
TRN,60,20250404,170000,2.81,2.86,2.81,2.86,97,0
TRN,60,20250407,100000,2.81,2.81,2.81,2.81,478,0
TRN,60,20250407,110000,2.76,2.77,2.76,2.77,389,0
TRN,60,20250407,130000,2.81,2.81,2.81,2.81,100,0
TRN,60,20250407,150000,2.81,2.81,2.81,2.81,1,0
TRN,60,20250408,100000,2.95,2.95,2.95,2.95,3,0
TRN,60,20250408,110000,2.88,2.88,2.88,2.88,10,0
TRN,60,20250408,120000,2.88,2.88,2.88,2.88,400,0
TRN,60,20250408,130000,2.88,2.88,2.88,2.88,10,0
TRN,60,20250408,140000,2.88,2.88,2.88,2.88,223,0
TRN,60,20250409,100000,2.86,2.86,2.72,2.72,2120,0
TRN,60,20250409,110000,2.88,2.88,2.83,2.83,39,0
TRN,60,20250409,120000,2.83,2.83,2.83,2.83,5,0
TRN,60,20250409,140000,2.83,2.83,2.83,2.83,200,0
TRN,60,20250410,100000,2.84,2.84,2.84,2.84,3,0
TRN,60,20250410,120000,2.84,2.84,2.84,2.84,4,0
TRN,60,20250410,150000,2.78,2.78,2.77,2.77,405,0
TRN,60,20250410,160000,2.76,2.76,2.75,2.75,628,0
TRN,60,20250411,100000,2.93,2.93,2.74,2.74,1003,0
TRN,60,20250411,140000,2.8,2.8,2.8,2.8,500,0
TRN,60,20250411,160000,2.85,2.85,2.85,2.85,2101,0
TRN,60,20250411,170000,2.93,2.93,2.93,2.93,390,0
TRN,60,20250414,100000,2.92,2.92,2.92,2.92,213,0
TRN,60,20250414,110000,2.85,2.85,2.85,2.85,4,0
TRN,60,20250414,130000,2.92,2.92,2.92,2.92,976,0
TRN,60,20250414,140000,2.93,2.93,2.93,2.93,1000,0
TRN,60,20250414,150000,2.94,2.94,2.94,2.94,252,0
TRN,60,20250415,100000,2.95,2.95,2.95,2.95,154,0
TRN,60,20250415,110000,2.95,2.95,2.95,2.95,312,0
TRN,60,20250415,120000,2.94,2.94,2.94,2.94,200,0
TRN,60,20250415,130000,2.94,2.94,2.94,2.94,50,0
TRN,60,20250415,140000,2.94,2.94,2.94,2.94,230,0
TRN,60,20250416,100000,2.95,2.95,2.95,2.95,40,0
TRN,60,20250416,110000,2.95,2.95,2.95,2.95,4,0
TRN,60,20250416,160000,2.97,3,2.97,3,6656,0
TRN,60,20250417,100000,2.99,2.99,2.99,2.99,113,0
TRN,60,20250417,110000,2.95,2.95,2.95,2.95,350,0
TRN,60,20250417,150000,2.98,3,2.98,3,3830,0
TRN,60,20250422,100000,3,3.02,3,3,205,0
TRN,60,20250422,110000,3,3,3,3,135,0
TRN,60,20250422,130000,2.98,2.98,2.98,2.98,1699,0
TRN,60,20250422,140000,2.99,2.99,2.99,2.99,139,0
TRN,60,20250422,160000,3,3.02,3,3.02,457,0
TRN,60,20250423,100000,3.03,3.03,2.95,2.95,1003,0
TRN,60,20250423,110000,2.96,2.96,2.95,2.95,3920,0
TRN,60,20250423,120000,2.95,2.97,2.95,2.97,4748,0
TRN,60,20250423,130000,2.97,2.97,2.97,2.97,22,0
TRN,60,20250424,100000,3.01,3.05,3,3,8212,0
TRN,60,20250424,110000,3,3,3,3,4,0
TRN,60,20250424,120000,3,3,3,3,3317,0
TRN,60,20250424,130000,3,3,3,3,800,0
TRN,60,20250424,140000,3,3,3,3,5,0
TRN,60,20250424,170000,3,3,3,3,200,0
TRN,60,20250425,100000,3.06,3.06,3,3,871,0
TRN,60,20250425,110000,2.98,2.98,2.97,2.97,20,0
TRN,60,20250425,120000,3,3,3,3,29,0
TRN,60,20250425,130000,2.97,3.05,2.95,3.05,2247,0
TRN,60,20250428,100000,3.05,3.05,2.98,2.98,4977,0
TRN,60,20250428,110000,2.98,2.99,2.98,2.98,2004,0
TRN,60,20250428,120000,2.98,2.98,2.98,2.98,255,0
TRN,60,20250428,130000,3,3,2.99,2.99,60,0
TRN,60,20250428,140000,3,3,2.99,2.99,1065,0
TRN,60,20250428,150000,2.99,3,2.99,3,6430,0
TRN,60,20250428,170000,3,3,3,3,2000,0
TRN,60,20250429,100000,3,3,3,3,5,0
TRN,60,20250429,110000,2.99,3,2.98,2.98,5380,0
TRN,60,20250429,120000,2.98,2.98,2.98,2.98,1690,0
TRN,60,20250429,130000,2.98,2.98,2.98,2.98,9,0
TRN,60,20250429,170000,3,3,3,3,6,0
TRN,60,20250430,100000,3,3,3,3,8900,0
TRN,60,20250430,110000,2.99,3,2.98,3,3394,0
TRN,60,20250430,150000,2.99,2.99,2.99,2.99,3500,0
TRN,60,20250502,100000,2.99,2.99,2.99,2.99,320,0
TRN,60,20250502,120000,2.99,2.99,2.99,2.99,4,0
TRN,60,20250502,130000,2.99,3,2.99,2.99,3725,0
TRN,60,20250502,140000,2.99,2.99,2.99,2.99,5000,0
TRN,60,20250502,170000,2.99,2.99,2.99,2.99,50,0
TRN,60,20250505,100000,2.99,3.04,2.99,2.99,2112,0
TRN,60,20250505,150000,3.04,3.05,3.04,3.05,4048,0
TRN,60,20250505,170000,3.05,3.1,3.05,3.1,855,0
TRN,60,20250506,100000,3.1,3.1,3.1,3.1,10,0
TRN,60,20250506,110000,3.06,3.06,3.06,3.06,50,0
TRN,60,20250506,120000,3.06,3.06,3,3,9339,0
TRN,60,20250506,140000,3.01,3.01,3,3,8590,0
TRN,60,20250506,150000,3.05,3.05,3.05,3.05,21,0
TRN,60,20250506,170000,3,3,3,3,2870,0
