<TICKER>,<PER>,<DATE>,<TIME>,<OPEN>,<HIGH>,<LOW>,<CLOSE>,<VOL>,<OPENINT>
UNI,60,20240411,100000,10.05,10.2,10.05,10.2,989,0
UNI,60,20240411,110000,10.2,10.2,10.2,10.2,17,0
UNI,60,20240411,120000,10.2,10.2,9.9,10.2,11940,0
UNI,60,20240411,130000,10.2,10.2,10.15,10.15,380,0
UNI,60,20240411,140000,10.1,10.2,10.1,10.2,2389,0
UNI,60,20240411,150000,10.05,10.05,10,10,506,0
UNI,60,20240411,170000,10.2,10.2,10.2,10.2,1,0
UNI,60,20240412,100000,10.2,10.25,10.2,10.25,62,0
UNI,60,20240412,110000,10.3,10.3,10.25,10.25,451,0
UNI,60,20240412,120000,10.3,10.3,10.25,10.25,2,0
UNI,60,20240412,140000,10.3,10.3,10.3,10.3,1,0
UNI,60,20240412,150000,10.3,10.3,10.3,10.3,410,0
UNI,60,20240412,160000,10.25,10.25,10.25,10.25,1,0
UNI,60,20240412,170000,10.25,10.3,10,10.25,1938,0
UNI,60,20240415,100000,10.25,10.25,10.25,10.25,11,0
UNI,60,20240415,110000,10.1,10.1,10,10,1404,0
UNI,60,20240415,140000,10,10,10,10,205,0
UNI,60,20240415,160000,10.05,10.05,10.05,10.05,15,0
UNI,60,20240416,100000,10,10.1,10,10.1,597,0
UNI,60,20240416,110000,10.1,10.1,10,10.05,1574,0
UNI,60,20240416,120000,10,10.05,9.96,9.96,392,0
UNI,60,20240416,140000,9.96,9.96,9.9,9.9,200,0
UNI,60,20240416,160000,9.92,9.92,9.92,9.92,60,0
UNI,60,20240416,170000,9.9,10,9.8,10,2514,0
UNI,60,20240417,100000,10,10.1,10,10.1,331,0
UNI,60,20240417,110000,10,10.1,10,10.1,112,0
UNI,60,20240417,120000,10.1,10.1,9.84,10.05,78,0
UNI,60,20240417,130000,10.05,10.05,9.86,9.86,200,0
UNI,60,20240417,140000,10,10,10,10,15,0
UNI,60,20240417,150000,9.9,9.9,9.82,9.82,158,0
UNI,60,20240417,160000,9.96,9.96,9.96,9.96,50,0
UNI,60,20240418,100000,9.98,10.05,9.98,10.05,247,0
UNI,60,20240418,110000,10.05,10.05,9.9,10,332,0
UNI,60,20240418,120000,10,10,10,10,200,0
UNI,60,20240418,130000,10,10,10,10,500,0
UNI,60,20240418,140000,10,10,10,10,148,0
UNI,60,20240418,160000,10,10.1,10,10,544,0
UNI,60,20240418,170000,10.05,10.1,10.05,10.1,261,0
UNI,60,20240419,100000,10,10.05,9.9,10.05,1305,0
UNI,60,20240419,110000,10,10,9.98,10,370,0
UNI,60,20240419,120000,9.92,9.92,9.92,9.92,50,0
UNI,60,20240419,130000,9.9,9.9,9.86,9.86,1036,0
UNI,60,20240419,140000,9.84,9.88,9.8,9.88,1428,0
UNI,60,20240419,150000,9.86,9.86,9.8,9.84,605,0
UNI,60,20240419,160000,9.84,9.84,9.74,9.76,200,0
UNI,60,20240419,170000,9.86,9.88,9.7,9.8,5134,0
UNI,60,20240422,100000,9.3,9.6,9.3,9.58,15521,0
UNI,60,20240422,110000,9.52,9.54,9.44,9.44,1867,0
UNI,60,20240422,120000,9.44,9.44,9.44,9.44,383,0
UNI,60,20240422,130000,9.44,9.48,9.38,9.44,1224,0
UNI,60,20240422,140000,9.44,9.46,9.38,9.38,1101,0
UNI,60,20240422,150000,9.38,9.44,9.2,9.2,5731,0
UNI,60,20240422,160000,9.2,9.4,9.2,9.34,17253,0
UNI,60,20240422,170000,9.4,9.46,9.3,9.3,7214,0
UNI,60,20240423,100000,9.36,9.36,9.24,9.24,1299,0
UNI,60,20240423,110000,9.26,9.26,9.26,9.26,139,0
UNI,60,20240423,120000,9.26,9.26,9.24,9.24,236,0
UNI,60,20240423,130000,9.3,9.3,9.3,9.3,357,0
UNI,60,20240423,150000,9.3,9.3,9.3,9.3,537,0
UNI,60,20240423,160000,9.26,9.26,9.24,9.24,656,0
UNI,60,20240423,170000,9.3,9.3,9.3,9.3,259,0
UNI,60,20240424,100000,9.3,9.3,9.2,9.2,2178,0
UNI,60,20240424,110000,9.14,9.2,9.12,9.2,1354,0
UNI,60,20240424,120000,9.24,9.26,9.24,9.26,35,0
UNI,60,20240424,130000,9.26,9.26,9.26,9.26,68,0
UNI,60,20240424,150000,9.16,9.2,9.16,9.2,351,0
UNI,60,20240424,160000,9.2,9.46,9.2,9.26,23569,0
UNI,60,20240425,100000,9.3,9.4,9.3,9.4,170,0
UNI,60,20240425,110000,9.4,9.42,9.3,9.42,404,0
UNI,60,20240425,120000,9.42,9.42,9.42,9.42,80,0
UNI,60,20240425,130000,9.34,9.34,9.32,9.32,207,0
UNI,60,20240425,150000,9.3,9.3,9.3,9.3,284,0
UNI,60,20240426,100000,9.44,9.44,9.44,9.44,3,0
UNI,60,20240426,110000,9.4,9.4,9.4,9.4,10,0
UNI,60,20240426,120000,9.44,9.44,9.44,9.44,4159,0
UNI,60,20240426,130000,9.44,9.44,9.44,9.44,5,0
UNI,60,20240426,160000,9.44,9.44,9.42,9.42,307,0
UNI,60,20240426,170000,9.34,9.34,9.3,9.3,2247,0
UNI,60,20240429,100000,9.46,9.46,9.32,9.32,512,0
UNI,60,20240429,110000,9.32,9.32,9.32,9.32,25,0
UNI,60,20240429,120000,9.34,9.34,9.32,9.32,54,0
UNI,60,20240429,160000,9.38,9.5,9.38,9.5,15881,0
UNI,60,20240429,170000,9.56,9.58,9.5,9.58,3091,0
UNI,60,20240430,100000,9.64,9.64,9.6,9.6,255,0
UNI,60,20240430,110000,9.6,9.6,9.6,9.6,9,0
UNI,60,20240430,130000,9.6,9.6,9.6,9.6,16,0
UNI,60,20240430,140000,9.6,9.6,9.6,9.6,100,0
UNI,60,20240430,150000,9.5,9.5,9.5,9.5,50,0
UNI,60,20240430,160000,9.5,9.5,9.44,9.5,2677,0
UNI,60,20240430,170000,9.5,9.6,9.5,9.6,6510,0
UNI,60,20240502,100000,9.6,9.64,9.6,9.6,571,0
UNI,60,20240502,130000,9.64,9.64,9.6,9.6,7,0
UNI,60,20240502,140000,9.6,9.6,9.6,9.6,236,0
UNI,60,20240506,100000,9.64,9.64,9.5,9.5,244,0
UNI,60,20240506,110000,9.5,9.5,9.5,9.5,4,0
UNI,60,20240506,120000,9.62,9.64,9.62,9.64,702,0
UNI,60,20240506,140000,9.64,9.66,9.6,9.6,82,0
UNI,60,20240506,150000,9.6,9.6,9.6,9.6,2,0
UNI,60,20240506,160000,9.64,9.64,9.62,9.62,1151,0
UNI,60,20240507,100000,9.6,9.68,9.6,9.68,21,0
UNI,60,20240507,110000,9.66,9.66,9.6,9.6,508,0
UNI,60,20240507,140000,9.56,9.58,9.5,9.58,250,0
UNI,60,20240507,150000,9.5,9.5,9.5,9.5,5,0
UNI,60,20240507,160000,9.58,9.6,9.5,9.5,846,0
UNI,60,20240507,170000,9.6,9.6,9.52,9.52,55,0
UNI,60,20240508,100000,9.52,9.52,9.5,9.5,124,0
UNI,60,20240508,110000,9.5,9.5,9.5,9.5,500,0
UNI,60,20240508,130000,9.62,9.62,9.5,9.5,18,0
UNI,60,20240508,160000,9.62,9.66,9.62,9.66,250,0
UNI,60,20240508,170000,9.64,9.64,9.64,9.64,2,0
UNI,60,20240509,100000,9.44,9.64,9.44,9.6,1937,0
UNI,60,20240509,110000,9.5,9.5,9.5,9.5,201,0
UNI,60,20240509,120000,9.6,9.64,9.6,9.62,298,0
UNI,60,20240509,130000,9.62,9.62,9.52,9.52,252,0
UNI,60,20240509,170000,9.52,9.64,9.52,9.64,317,0
UNI,60,20240510,100000,9.64,9.66,9.62,9.64,3987,0
UNI,60,20240510,110000,9.66,9.7,9.66,9.7,2217,0
UNI,60,20240510,120000,9.7,9.7,9.7,9.7,16,0
UNI,60,20240510,130000,9.7,9.7,9.7,9.7,483,0
UNI,60,20240510,140000,9.7,9.7,9.7,9.7,309,0
UNI,60,20240510,150000,9.68,9.72,9.66,9.72,167,0
UNI,60,20240510,160000,9.72,9.72,9.72,9.72,1965,0
UNI,60,20240510,170000,9.72,9.74,9.72,9.74,142,0
UNI,60,20240513,100000,9.74,9.74,9.58,9.58,519,0
UNI,60,20240513,110000,9.58,9.7,9.58,9.7,290,0
UNI,60,20240513,120000,9.7,9.7,9.62,9.62,100,0
UNI,60,20240513,130000,9.66,9.76,9.66,9.76,500,0
UNI,60,20240513,140000,9.76,9.76,9.76,9.76,303,0
UNI,60,20240513,150000,9.7,9.7,9.64,9.64,100,0
UNI,60,20240513,160000,9.76,9.76,9.76,9.76,5,0
UNI,60,20240513,170000,9.7,9.7,9.7,9.7,141,0
UNI,60,20240514,100000,9.8,9.86,9.78,9.86,1956,0
UNI,60,20240514,110000,9.86,10,9.78,9.9,8367,0
UNI,60,20240514,120000,9.96,9.98,9.9,9.98,803,0
UNI,60,20240514,130000,9.98,10,9.98,9.98,3055,0
UNI,60,20240514,140000,9.98,9.98,9.96,9.98,197,0
UNI,60,20240514,150000,9.84,9.84,9.82,9.82,700,0
UNI,60,20240514,160000,9.86,9.86,9.86,9.86,400,0
UNI,60,20240514,170000,9.96,9.98,9.86,9.86,551,0
UNI,60,20240515,100000,10,10,9.92,9.92,1033,0
UNI,60,20240515,110000,10,10,9.94,9.94,107,0
UNI,60,20240515,120000,10,10.05,9.96,9.96,2255,0
UNI,60,20240515,130000,10.1,10.1,10,10,401,0
UNI,60,20240515,140000,10,10.1,10,10,3619,0
UNI,60,20240515,150000,10.05,10.15,10.05,10.05,1981,0
UNI,60,20240515,160000,10,10.05,10,10.05,65,0
UNI,60,20240515,170000,10.05,10.05,9.92,9.92,201,0
UNI,60,20240516,100000,10.05,10.05,10.05,10.05,84,0
UNI,60,20240516,110000,10.05,10.1,10.05,10.1,632,0
UNI,60,20240516,120000,10.1,10.1,10.1,10.1,1090,0
UNI,60,20240516,130000,10.1,10.1,10,10.1,136,0
UNI,60,20240516,140000,10.05,10.25,10,10.25,16271,0
UNI,60,20240516,150000,10.15,10.25,10.1,10.25,3247,0
UNI,60,20240516,160000,10.25,10.3,10.15,10.15,233,0
UNI,60,20240516,170000,10.3,10.3,10.15,10.3,176,0
UNI,60,20240517,100000,10.3,10.3,10.15,10.15,966,0
UNI,60,20240517,110000,10.15,10.3,10.15,10.3,844,0
UNI,60,20240517,130000,10.3,10.3,10.15,10.2,206,0
UNI,60,20240517,140000,10.2,10.25,10.2,10.25,72,0
UNI,60,20240517,150000,10.2,10.2,10.2,10.2,10173,0
UNI,60,20240517,170000,10.15,10.25,10.15,10.25,505,0
UNI,60,20240520,100000,10.3,10.8,10.25,10.8,20366,0
UNI,60,20240520,110000,10.6,10.75,10.55,10.65,2441,0
UNI,60,20240520,120000,10.65,10.7,10.55,10.65,1462,0
UNI,60,20240520,130000,10.65,10.7,10.55,10.55,1322,0
UNI,60,20240520,140000,10.55,10.65,10.5,10.65,859,0
UNI,60,20240520,150000,10.5,10.5,10.45,10.45,330,0
UNI,60,20240520,160000,10.6,10.65,10.6,10.65,1791,0
UNI,60,20240520,170000,10.6,10.65,10.45,10.65,1471,0
UNI,60,20240521,100000,10.65,10.65,10.45,10.45,580,0
UNI,60,20240521,110000,10.4,10.4,10.4,10.4,652,0
UNI,60,20240521,120000,10.5,10.55,10.4,10.4,13,0
UNI,60,20240521,130000,10.55,10.55,10.55,10.55,37,0
UNI,60,20240521,150000,10.5,10.6,10.15,10.2,4431,0
UNI,60,20240521,160000,10.25,10.35,10.25,10.25,1161,0
UNI,60,20240521,170000,10.25,10.3,10.2,10.2,1500,0
UNI,60,20240522,100000,10.1,10.1,10,10.1,3756,0
UNI,60,20240522,110000,10.1,10.1,10.1,10.1,300,0
UNI,60,20240522,130000,10.1,10.1,10.1,10.1,2,0
UNI,60,20240522,150000,10.1,10.1,10.1,10.1,258,0
UNI,60,20240522,160000,10.05,10.05,10.05,10.05,150,0
UNI,60,20240522,170000,10.15,10.2,10.1,10.2,2110,0
UNI,60,20240523,100000,10.2,10.2,10.15,10.2,734,0
UNI,60,20240523,110000,10.2,10.2,10.2,10.2,1045,0
UNI,60,20240523,120000,10.2,10.2,10.2,10.2,28,0
UNI,60,20240523,130000,10.15,10.2,10.15,10.2,10,0
UNI,60,20240523,140000,10.2,10.2,10.2,10.2,74,0
UNI,60,20240523,150000,10.2,10.2,10.1,10.1,20515,0
UNI,60,20240523,160000,10.2,10.2,10.15,10.2,1987,0
UNI,60,20240523,170000,10.15,10.2,10.1,10.2,4668,0
UNI,60,20240524,100000,10.15,10.15,10.05,10.05,5823,0
UNI,60,20240524,110000,10.1,10.1,10.1,10.1,1,0
UNI,60,20240524,120000,10.1,10.15,10,10.1,1455,0
UNI,60,20240524,130000,10,10.1,10,10.1,125,0
UNI,60,20240524,140000,10.1,10.2,10.1,10.2,1050,0
UNI,60,20240524,150000,10.2,10.2,10.1,10.1,206,0
UNI,60,20240524,160000,10.2,10.2,10.2,10.2,40,0
UNI,60,20240524,170000,10.2,10.25,10.05,10.25,180,0
UNI,60,20240527,100000,10.5,10.55,10.3,10.5,4240,0
UNI,60,20240527,110000,10.5,10.55,10.5,10.55,103,0
UNI,60,20240527,120000,10.5,10.5,10.15,10.15,7122,0
UNI,60,20240527,130000,10.15,10.15,10.15,10.15,2252,0
UNI,60,20240527,140000,10.1,10.15,10.1,10.15,663,0
UNI,60,20240527,150000,10.1,10.1,10.05,10.05,172,0
UNI,60,20240527,160000,10.15,10.15,10.05,10.05,212,0
UNI,60,20240527,170000,10.1,10.1,10.1,10.1,2,0
UNI,60,20240528,100000,10.1,10.15,9.64,9.7,24668,0
UNI,60,20240528,110000,9.78,9.8,9.78,9.78,4914,0
UNI,60,20240528,120000,9.8,9.8,9.8,9.8,2363,0
UNI,60,20240528,130000,9.8,9.8,9.7,9.7,397,0
UNI,60,20240528,140000,9.7,9.78,9.7,9.78,413,0
UNI,60,20240528,150000,9.78,9.78,9.76,9.78,102,0
UNI,60,20240528,160000,9.78,9.78,9.78,9.78,3,0
UNI,60,20240528,170000,9.78,9.78,9.78,9.78,332,0
UNI,60,20240529,100000,9.78,9.78,9.72,9.76,805,0
UNI,60,20240529,110000,9.72,9.72,9.7,9.7,1265,0
UNI,60,20240529,120000,9.7,9.72,9.66,9.72,677,0
UNI,60,20240529,130000,9.7,9.7,9.62,9.64,1831,0
UNI,60,20240529,140000,9.62,9.64,9.62,9.64,198,0
UNI,60,20240529,150000,9.62,9.62,9.56,9.56,1270,0
UNI,60,20240529,160000,9.64,9.64,9.54,9.54,1700,0
UNI,60,20240529,170000,9.56,9.56,9.54,9.56,250,0
UNI,60,20240531,100000,9.64,9.64,9.5,9.62,5546,0
UNI,60,20240531,110000,9.62,9.62,9.5,9.5,1064,0
UNI,60,20240531,120000,9.5,9.5,9.5,9.5,50,0
UNI,60,20240531,130000,9.5,9.64,9.5,9.5,5636,0
UNI,60,20240531,140000,9.5,9.5,9.5,9.5,1765,0
UNI,60,20240531,150000,9.48,9.5,9.48,9.5,162,0
UNI,60,20240531,160000,9.5,9.5,9.5,9.5,4207,0
UNI,60,20240531,170000,9.64,9.64,9.64,9.64,2,0
UNI,60,20240603,100000,9.7,9.7,9.6,9.6,1093,0
UNI,60,20240603,110000,9.6,9.7,9.6,9.7,1807,0
UNI,60,20240603,120000,9.62,9.7,9.62,9.7,17,0
UNI,60,20240603,140000,9.7,9.7,9.7,9.7,706,0
UNI,60,20240603,150000,9.7,9.7,9.5,9.5,4077,0
UNI,60,20240603,160000,9.44,9.44,9.16,9.36,2933,0
UNI,60,20240603,170000,9.36,9.38,9.36,9.36,170,0
UNI,60,20240604,100000,9.42,9.58,9.36,9.5,18322,0
UNI,60,20240604,110000,9.5,9.5,9.5,9.5,22,0
UNI,60,20240604,120000,9.5,9.5,9.46,9.46,79645,0
UNI,60,20240604,130000,9.48,9.6,9.42,9.6,401,0
UNI,60,20240604,140000,9.46,9.6,9.46,9.6,310,0
UNI,60,20240604,150000,9.5,9.62,9.5,9.62,517,0
UNI,60,20240604,160000,9.5,9.74,9.5,9.74,1305,0
UNI,60,20240604,170000,9.76,9.88,9.76,9.88,700,0
UNI,60,20240605,100000,9.88,9.9,9.58,9.58,12121,0
UNI,60,20240605,110000,9.58,9.6,9.58,9.6,1270,0
UNI,60,20240605,130000,9.6,9.6,9.6,9.6,10000,0
UNI,60,20240605,150000,9.58,9.58,9.58,9.58,10,0
UNI,60,20240605,160000,9.58,9.6,9.58,9.6,70,0
UNI,60,20240605,170000,9.6,9.6,9.56,9.56,303,0
UNI,60,20240606,100000,9.56,9.56,9.56,9.56,1400,0
UNI,60,20240606,110000,9.56,9.56,9.56,9.56,517,0
UNI,60,20240606,120000,9.54,9.54,9.5,9.5,108,0
UNI,60,20240606,130000,9.56,9.56,9.56,9.56,89,0
UNI,60,20240606,160000,9.56,9.56,9.56,9.56,192,0
UNI,60,20240606,170000,9.54,9.54,9.5,9.5,2010,0
UNI,60,20240607,100000,9.6,9.64,9.44,9.6,6662,0
UNI,60,20240607,110000,9.6,9.6,9.6,9.6,2935,0
UNI,60,20240607,120000,9.6,9.6,9.6,9.6,129,0
UNI,60,20240607,130000,9.6,9.6,9.58,9.6,193,0
UNI,60,20240607,140000,9.6,9.6,9.6,9.6,816,0
UNI,60,20240607,150000,9.6,9.6,9.6,9.6,4882,0
UNI,60,20240607,160000,9.6,9.6,9.6,9.6,228,0
UNI,60,20240607,170000,9.6,9.6,9.6,9.6,103,0
UNI,60,20240610,100000,9.64,9.64,9.54,9.6,8097,0
UNI,60,20240610,110000,9.6,9.6,9.56,9.56,6060,0
UNI,60,20240610,120000,9.6,9.6,9.6,9.6,324,0
UNI,60,20240610,130000,9.56,9.6,9.56,9.6,466,0
UNI,60,20240610,140000,9.56,9.56,9.56,9.56,200,0
UNI,60,20240610,150000,9.6,9.6,9.6,9.6,1091,0
UNI,60,20240610,160000,9.58,9.58,9.58,9.58,90,0
UNI,60,20240610,170000,9.6,9.6,9.58,9.58,30,0
UNI,60,20240611,100000,9.6,9.6,9.58,9.58,1592,0
UNI,60,20240611,110000,9.6,9.6,9.6,9.6,1102,0
UNI,60,20240611,150000,9.58,9.58,9.58,9.58,170,0
UNI,60,20240611,160000,9.6,9.6,9.6,9.6,180,0
UNI,60,20240611,170000,9.6,9.6,9.6,9.6,391,0
UNI,60,20240612,100000,9.6,9.6,9.6,9.6,473,0
UNI,60,20240612,110000,9.6,9.6,9.6,9.6,278,0
UNI,60,20240612,120000,9.6,9.6,9.6,9.6,366,0
UNI,60,20240612,130000,9.58,9.58,9.58,9.58,100,0
UNI,60,20240612,140000,9.58,9.58,9.54,9.54,700,0
UNI,60,20240612,150000,9.54,9.54,9.52,9.52,100,0
UNI,60,20240612,160000,9.58,9.58,9.58,9.58,221,0
UNI,60,20240612,170000,9.6,9.6,9.6,9.6,7,0
UNI,60,20240613,100000,9.6,9.6,9.6,9.6,1114,0
UNI,60,20240613,110000,9.6,9.6,9.54,9.54,120,0
UNI,60,20240613,120000,9.6,9.6,9,9.3,13234,0
UNI,60,20240613,130000,9.24,9.3,9.24,9.3,1027,0
UNI,60,20240613,140000,9.3,9.3,9.22,9.26,2342,0
UNI,60,20240613,150000,9.26,9.3,9.18,9.3,1320,0
UNI,60,20240613,160000,9.3,9.42,9.3,9.42,964,0
UNI,60,20240613,170000,9.38,9.38,9.28,9.28,701,0
UNI,60,20240614,100000,9.38,9.38,9.18,9.38,413,0
UNI,60,20240614,110000,9.38,9.4,9.24,9.24,2338,0
UNI,60,20240614,120000,9.26,9.26,9.26,9.26,450,0
UNI,60,20240614,130000,9.36,9.38,9.22,9.38,254,0
UNI,60,20240614,140000,9.22,9.38,9.2,9.38,162,0
UNI,60,20240614,160000,9.38,9.4,9.36,9.4,3169,0
UNI,60,20240614,170000,9.42,9.44,9.32,9.32,101,0
UNI,60,20240617,100000,9.46,9.46,9.4,9.46,1046,0
UNI,60,20240617,110000,9.48,9.5,9.4,9.4,1436,0
UNI,60,20240617,150000,9.38,9.38,9.2,9.32,1900,0
UNI,60,20240617,160000,9.32,9.32,9.3,9.3,202,0
UNI,60,20240617,170000,9.26,9.26,9.26,9.26,1000,0
UNI,60,20240618,100000,9.26,9.26,9.24,9.26,472,0
UNI,60,20240618,110000,9.26,9.26,9.24,9.26,1599,0
UNI,60,20240618,120000,9.24,9.24,9.12,9.24,870,0
UNI,60,20240618,130000,9.24,9.24,9.24,9.24,50,0
UNI,60,20240618,140000,9.24,9.26,9.24,9.24,375,0
UNI,60,20240618,150000,9.24,9.24,9.24,9.24,21,0
UNI,60,20240618,160000,9.26,9.28,9.26,9.28,540,0
UNI,60,20240618,170000,9.28,9.4,9.12,9.4,2069,0
UNI,60,20240619,100000,9.4,9.4,9.4,9.4,150,0
UNI,60,20240619,120000,9.38,9.38,9.38,9.38,100,0
UNI,60,20240619,130000,9.4,9.4,9.4,9.4,80,0
UNI,60,20240619,140000,9.3,9.46,9.3,9.46,267,0
UNI,60,20240619,160000,9.44,9.44,9.3,9.3,957,0
UNI,60,20240619,170000,9.3,9.3,9.3,9.3,50,0
UNI,60,20240620,100000,9.3,9.38,9.2,9.2,243,0
UNI,60,20240620,110000,9.22,9.36,9.16,9.36,719,0
UNI,60,20240620,120000,9.36,9.36,9.36,9.36,6,0
UNI,60,20240620,130000,9.34,9.34,9.34,9.34,2,0
UNI,60,20240620,140000,9.34,9.34,9.34,9.34,44,0
UNI,60,20240620,150000,9.34,9.34,9.34,9.34,2,0
UNI,60,20240620,160000,9.34,9.34,9.34,9.34,125,0
UNI,60,20240620,170000,9.34,9.34,9.34,9.34,2,0
UNI,60,20240621,100000,9.34,9.36,9.34,9.34,417,0
UNI,60,20240621,120000,9.34,9.34,9.24,9.24,728,0
UNI,60,20240621,130000,9.24,9.4,9.24,9.4,957,0
UNI,60,20240621,150000,9.34,9.4,9.34,9.4,376,0
UNI,60,20240621,160000,9.4,9.4,9.4,9.4,9,0
UNI,60,20240621,170000,9.4,9.4,9.34,9.34,369,0
UNI,60,20240624,100000,9.24,9.6,9.24,9.6,2199,0
UNI,60,20240624,110000,9.56,9.66,9.56,9.66,2557,0
UNI,60,20240624,120000,9.68,9.76,9.68,9.7,617,0
UNI,60,20240624,130000,9.7,9.7,9.68,9.68,623,0
UNI,60,20240624,140000,9.68,9.68,9.36,9.4,2327,0
UNI,60,20240624,150000,9.4,9.4,9.4,9.4,333,0
UNI,60,20240624,160000,9.4,9.4,9.4,9.4,204,0
UNI,60,20240624,170000,9.38,9.38,9.34,9.34,923,0
UNI,60,20240625,100000,9.34,9.34,9.34,9.34,2,0
UNI,60,20240625,110000,9.38,9.4,9.38,9.4,100,0
UNI,60,20240625,120000,9.38,9.4,9.34,9.34,307,0
UNI,60,20240625,130000,9.38,9.38,9.38,9.38,6,0
UNI,60,20240625,140000,9.38,9.38,9.34,9.34,135,0
UNI,60,20240625,150000,9.34,9.4,9.34,9.4,887,0
UNI,60,20240625,160000,9.38,9.38,9.38,9.38,269,0
UNI,60,20240625,170000,9.38,9.38,9.38,9.38,1506,0
UNI,60,20240626,100000,9.4,9.4,9.3,9.4,123,0
UNI,60,20240626,120000,9.4,9.4,9.4,9.4,167,0
UNI,60,20240626,150000,9.4,9.4,9.4,9.4,41,0
UNI,60,20240626,170000,9.4,9.4,9.4,9.4,77,0
UNI,60,20240627,100000,9.4,9.4,9.4,9.4,115,0
UNI,60,20240627,110000,9.38,9.4,9.38,9.4,5655,0
UNI,60,20240627,120000,9.4,9.4,9.4,9.4,128,0
UNI,60,20240627,130000,9.4,9.8,9.4,9.8,7480,0
UNI,60,20240627,140000,9.78,9.78,9.56,9.56,1784,0
UNI,60,20240627,150000,9.56,9.76,9.54,9.76,203,0
UNI,60,20240627,160000,9.7,9.7,9.7,9.7,510,0
UNI,60,20240627,170000,9.7,9.7,9.7,9.7,790,0
UNI,60,20240628,100000,9.74,9.74,9.66,9.7,260,0
UNI,60,20240628,110000,9.6,9.74,9.6,9.72,254,0
UNI,60,20240628,120000,9.7,9.7,9.7,9.7,497,0
UNI,60,20240628,150000,9.7,9.74,9.7,9.74,100,0
UNI,60,20240628,160000,9.72,9.74,9.68,9.68,482,0
UNI,60,20240628,170000,9.66,9.72,9.64,9.72,159,0
UNI,60,20240701,100000,9.8,10.3,9.8,9.8,17219,0
UNI,60,20240701,110000,9.8,9.8,9.72,9.8,1180,0
UNI,60,20240701,120000,9.78,9.8,9.78,9.8,964,0
UNI,60,20240701,130000,9.8,9.8,9.76,9.76,3439,0
UNI,60,20240701,140000,9.8,9.8,9.74,9.74,1554,0
UNI,60,20240701,150000,9.74,9.84,9.72,9.72,2658,0
UNI,60,20240701,160000,9.82,9.86,9.82,9.86,15,0
UNI,60,20240701,170000,9.8,9.86,9.72,9.72,870,0
UNI,60,20240702,100000,10.15,10.15,9.86,10.1,2180,0
UNI,60,20240702,110000,10.1,10.1,9.8,9.8,4102,0
UNI,60,20240702,130000,9.82,9.86,9.82,9.86,692,0
UNI,60,20240702,140000,9.8,9.84,9.8,9.84,44,0
UNI,60,20240702,150000,9.84,9.84,9.82,9.82,25,0
UNI,60,20240702,160000,9.84,9.96,9.84,9.88,834,0
UNI,60,20240702,170000,9.96,10,9.96,10,2688,0
UNI,60,20240703,100000,10,10,9.84,10,685,0
UNI,60,20240703,110000,9.98,10,9.98,10,130,0
UNI,60,20240703,120000,10,10,10,10,51,0
UNI,60,20240703,130000,9.84,9.9,9.8,9.8,1503,0
UNI,60,20240703,140000,9.8,9.8,9.8,9.8,2000,0
UNI,60,20240703,160000,9.88,9.98,9.88,9.98,271,0
UNI,60,20240703,170000,9.82,9.84,9.8,9.8,420,0
UNI,60,20240704,100000,10.15,10.3,10,10.05,10655,0
UNI,60,20240704,110000,10.2,10.2,9.92,9.96,2772,0
UNI,60,20240704,120000,10.1,10.1,10.1,10.1,300,0
UNI,60,20240704,130000,9.96,9.96,9.96,9.96,952,0
UNI,60,20240704,140000,9.96,10.2,9.96,10,550,0
UNI,60,20240704,150000,10.2,10.8,10.2,10.8,19225,0
UNI,60,20240704,160000,10.8,10.8,10.55,10.65,13831,0
UNI,60,20240704,170000,10.7,10.75,10.5,10.75,8336,0
UNI,60,20240705,100000,10.7,10.75,10.55,10.6,1872,0
UNI,60,20240705,110000,10.6,10.75,10.5,10.75,2031,0
UNI,60,20240705,120000,10.55,10.55,10.55,10.55,1979,0
UNI,60,20240705,130000,10.5,10.5,10.5,10.5,890,0
UNI,60,20240705,140000,10.5,10.55,10.5,10.55,523,0
UNI,60,20240705,150000,10.7,10.75,10.7,10.7,2520,0
UNI,60,20240705,160000,10.7,10.7,10.6,10.7,1680,0
UNI,60,20240705,170000,10.6,10.6,10.6,10.6,150,0
UNI,60,20240708,100000,10.65,10.65,10.5,10.5,1148,0
UNI,60,20240708,110000,10.4,10.4,10.1,10.4,3858,0
UNI,60,20240708,120000,10.35,10.35,10.35,10.35,787,0
UNI,60,20240708,130000,10.35,10.4,10.35,10.35,1356,0
UNI,60,20240708,140000,10.4,10.6,10.4,10.55,3373,0
UNI,60,20240708,150000,10.55,10.6,10.4,10.55,1283,0
UNI,60,20240708,160000,10.55,10.6,10.55,10.55,3606,0
UNI,60,20240708,170000,10.65,10.65,10.65,10.65,170,0
UNI,60,20240709,100000,10.6,11.2,10.6,11,14110,0
UNI,60,20240709,110000,11,11.2,11,11,3759,0
UNI,60,20240709,120000,11.2,11.25,11.1,11.2,3486,0
UNI,60,20240709,130000,11.1,11.2,11.05,11.05,667,0
UNI,60,20240709,140000,11.05,11.3,11.05,11.3,3080,0
UNI,60,20240709,150000,11.3,11.5,11.05,11.45,13417,0
UNI,60,20240709,160000,11.5,11.6,10.95,11,76559,0
UNI,60,20240709,170000,10.95,11,10.85,11,13881,0
UNI,60,20240710,100000,11.2,11.35,10.85,11,2611,0
UNI,60,20240710,110000,10.9,11,10.9,11,801,0
UNI,60,20240710,120000,10.95,10.95,10.9,10.9,1013,0
UNI,60,20240710,130000,10.9,10.9,10.9,10.9,300,0
UNI,60,20240710,140000,10.95,10.95,10.95,10.95,11,0
UNI,60,20240710,150000,10.95,11,10.9,10.9,863,0
UNI,60,20240710,160000,10.9,10.9,10.9,10.9,1,0
UNI,60,20240710,170000,11,11,10.9,11,439,0
UNI,60,20240711,100000,10.9,11,10.9,11,312,0
UNI,60,20240711,110000,10.9,10.9,10.85,10.85,1227,0
UNI,60,20240711,120000,10.9,10.9,10.7,10.7,3422,0
UNI,60,20240711,130000,10.7,10.8,10.65,10.65,7010,0
UNI,60,20240711,140000,10.65,10.65,10.5,10.5,2348,0
UNI,60,20240711,150000,10.7,10.7,10.55,10.7,580,0
UNI,60,20240711,160000,10.7,10.7,10.65,10.7,915,0
UNI,60,20240711,170000,10.6,10.7,10.55,10.7,3910,0
UNI,60,20240712,100000,10.5,10.75,10.5,10.75,700,0
UNI,60,20240712,110000,10.75,10.8,10.6,10.8,2134,0
UNI,60,20240712,120000,10.6,10.6,10.6,10.6,50,0
UNI,60,20240712,140000,10.7,10.7,10.7,10.7,200,0
UNI,60,20240712,150000,10.6,10.7,10.55,10.55,6180,0
UNI,60,20240712,160000,10.55,10.55,10.55,10.55,32,0
UNI,60,20240712,170000,10.55,10.75,10.55,10.6,1372,0
UNI,60,20240715,100000,10.6,10.7,10.55,10.65,4967,0
UNI,60,20240715,110000,10.65,10.7,10.6,10.6,638,0
UNI,60,20240715,120000,10.65,10.65,10.65,10.65,3162,0
UNI,60,20240715,130000,10.7,10.7,10.3,10.3,5581,0
UNI,60,20240715,140000,10.3,10.5,10.3,10.5,300,0
UNI,60,20240715,150000,10.35,10.35,10.35,10.35,141,0
UNI,60,20240715,160000,10.35,10.65,10.35,10.65,902,0
UNI,60,20240715,170000,10.45,10.65,10.45,10.65,565,0
UNI,60,20240716,100000,10.6,10.65,10.3,10.5,4746,0
UNI,60,20240716,110000,10.4,10.4,10.3,10.3,200,0
UNI,60,20240716,120000,10.4,10.4,10.15,10.3,3694,0
UNI,60,20240716,130000,10.2,10.3,10.2,10.3,495,0
UNI,60,20240716,140000,10.25,10.3,10.2,10.3,62,0
UNI,60,20240716,150000,10.3,10.3,10.15,10.15,581,0
UNI,60,20240716,160000,10.15,10.25,10,10.25,3999,0
UNI,60,20240716,170000,10.2,10.25,10.1,10.2,755,0
UNI,60,20240717,100000,10.2,10.2,10,10.1,5147,0
UNI,60,20240717,110000,10.1,10.1,9.86,10,7558,0
UNI,60,20240717,120000,10.1,10.15,10,10.15,46,0
UNI,60,20240717,130000,10.1,10.1,10,10,1929,0
UNI,60,20240717,140000,9.94,10.1,9.88,10.1,987,0
UNI,60,20240717,150000,10.1,10.2,9.96,9.96,7729,0
UNI,60,20240717,160000,10,10.25,10,10.15,1088,0
UNI,60,20240717,170000,10.15,10.15,10.15,10.15,86,0
UNI,60,20240718,100000,10,10,10,10,50,0
UNI,60,20240718,110000,10,10.1,9.9,9.92,11136,0
UNI,60,20240718,130000,9.98,9.98,9.98,9.98,531,0
UNI,60,20240718,140000,9.94,9.98,9.92,9.98,207,0
UNI,60,20240718,150000,9.98,9.98,9.98,9.98,105,0
UNI,60,20240718,160000,9.98,9.98,9.94,9.94,681,0
UNI,60,20240718,170000,9.92,9.94,9.9,9.94,1280,0
UNI,60,20240719,100000,9.88,9.88,9.78,9.84,3102,0
UNI,60,20240719,110000,9.82,9.82,9.82,9.82,7,0
UNI,60,20240719,120000,9.84,9.84,9.84,9.84,570,0
UNI,60,20240719,130000,9.82,9.82,9.66,9.68,1946,0
UNI,60,20240719,140000,9.68,9.68,9.64,9.68,877,0
UNI,60,20240719,150000,9.68,9.68,9.68,9.68,474,0
UNI,60,20240719,160000,9.66,9.66,9.48,9.48,5416,0
UNI,60,20240719,170000,9.54,9.54,9.34,9.4,46029,0
UNI,60,20240722,100000,9.6,9.78,9.46,9.6,6625,0
UNI,60,20240722,110000,9.58,9.58,9.58,9.58,2179,0
UNI,60,20240722,120000,9.58,9.58,9.42,9.42,5430,0
UNI,60,20240722,130000,9.48,9.52,9.48,9.52,2556,0
UNI,60,20240722,140000,9.54,9.54,9.5,9.5,4022,0
UNI,60,20240722,150000,9.54,9.7,9.5,9.7,14274,0
UNI,60,20240722,160000,9.52,9.52,9.46,9.46,4096,0
UNI,60,20240722,170000,9.34,9.42,9.3,9.3,10506,0
UNI,60,20240723,100000,9.32,9.4,9.32,9.38,1047,0
UNI,60,20240723,110000,9.38,9.38,9.36,9.36,170,0
UNI,60,20240723,120000,9.34,9.38,9.34,9.38,1308,0
UNI,60,20240723,130000,9.38,9.4,9.36,9.4,2025,0
UNI,60,20240723,140000,9.4,9.42,9.38,9.38,3747,0
UNI,60,20240723,150000,9.36,9.36,9.3,9.36,1013,0
UNI,60,20240723,160000,9.32,9.32,9.18,9.2,10267,0
UNI,60,20240723,170000,9.2,9.28,9.16,9.16,23837,0
UNI,60,20240724,100000,9.2,9.28,9.2,9.26,3021,0
UNI,60,20240724,110000,9.28,9.28,9.28,9.28,109,0
UNI,60,20240724,120000,9.26,9.28,9.26,9.26,6973,0
UNI,60,20240724,130000,9.26,9.26,9.24,9.26,758,0
UNI,60,20240724,140000,9.24,9.24,9.18,9.2,6074,0
UNI,60,20240724,150000,9.2,9.2,9.18,9.18,12212,0
UNI,60,20240724,160000,9.18,9.18,9.16,9.18,2512,0
UNI,60,20240724,170000,9.2,9.2,9.14,9.18,17758,0
UNI,60,20240725,100000,9.12,9.24,9.12,9.24,1928,0
UNI,60,20240725,110000,9.16,9.18,9.16,9.18,151,0
UNI,60,20240725,120000,9.18,9.2,9.18,9.2,712,0
UNI,60,20240725,130000,9.2,9.2,9.2,9.2,445,0
UNI,60,20240725,140000,9.2,9.2,9.16,9.2,2647,0
UNI,60,20240725,150000,9.16,9.16,9.16,9.16,10,0
UNI,60,20240725,160000,9.2,9.2,9.2,9.2,1187,0
UNI,60,20240725,170000,9.22,9.22,9.22,9.22,750,0
UNI,60,20240726,100000,9.28,9.3,9.28,9.3,741,0
UNI,60,20240726,110000,9.3,9.36,9.22,9.36,6826,0
UNI,60,20240726,120000,9.36,9.48,9.36,9.48,4484,0
UNI,60,20240726,130000,9.48,9.5,9.48,9.5,300,0
UNI,60,20240726,150000,9.46,9.5,9.46,9.48,335,0
UNI,60,20240726,160000,9.5,9.5,9.5,9.5,552,0
UNI,60,20240726,170000,9.48,9.48,9.4,9.4,450,0
UNI,60,20240729,100000,9.38,9.5,9.38,9.5,660,0
UNI,60,20240729,110000,9.48,9.48,9.48,9.48,60,0
UNI,60,20240729,120000,9.48,9.48,9.4,9.48,278,0
UNI,60,20240729,130000,9.48,9.5,9.48,9.5,1178,0
UNI,60,20240729,140000,9.5,9.52,9.48,9.52,455,0
UNI,60,20240729,150000,9.52,9.52,9.48,9.48,1465,0
UNI,60,20240729,160000,9.48,9.5,9.46,9.46,716,0
UNI,60,20240729,170000,9.46,9.46,9.46,9.46,350,0
UNI,60,20240730,100000,9.48,9.5,9.48,9.5,158,0
UNI,60,20240730,110000,9.44,9.5,9.44,9.5,53,0
UNI,60,20240730,120000,9.5,9.5,9.5,9.5,500,0
UNI,60,20240730,130000,9.5,9.54,9.5,9.54,155,0
UNI,60,20240730,150000,9.48,9.48,9.48,9.48,300,0
UNI,60,20240730,160000,9.54,9.54,9.54,9.54,2,0
UNI,60,20240730,170000,9.54,9.54,9.44,9.48,1247,0
UNI,60,20240731,100000,9.48,9.48,9.44,9.44,117,0
UNI,60,20240731,110000,9.4,9.4,9.3,9.3,1095,0
UNI,60,20240731,120000,9.3,9.3,9.28,9.3,2209,0
UNI,60,20240731,130000,9.3,9.3,9.3,9.3,240,0
UNI,60,20240731,140000,9.3,9.3,9.3,9.3,3250,0
UNI,60,20240731,150000,9.3,9.3,9.3,9.3,11973,0
UNI,60,20240731,160000,9.3,9.44,9.2,9.3,11212,0
UNI,60,20240731,170000,9.3,9.34,9.3,9.34,854,0
UNI,60,20240801,100000,9.34,9.34,9.16,9.16,3499,0
UNI,60,20240801,110000,9.2,9.32,9.18,9.3,794,0
UNI,60,20240801,120000,9.3,9.3,9.3,9.3,37,0
UNI,60,20240801,130000,9.3,9.44,9.3,9.44,3950,0
UNI,60,20240801,140000,9.44,9.44,9.44,9.44,200,0
UNI,60,20240801,150000,9.32,9.32,9.32,9.32,11,0
UNI,60,20240801,160000,9.38,9.44,9.38,9.44,601,0
UNI,60,20240801,170000,9.42,9.42,9.3,9.3,3088,0
UNI,60,20240802,100000,9.2,9.2,9.02,9.1,9186,0
UNI,60,20240802,110000,9.18,9.18,9.18,9.18,50,0
UNI,60,20240802,120000,9.18,9.18,9.18,9.18,402,0
UNI,60,20240802,130000,9.18,9.18,9.14,9.14,348,0
UNI,60,20240802,140000,9.18,9.18,9.18,9.18,50,0
UNI,60,20240802,150000,9.18,9.18,9.16,9.16,1230,0
UNI,60,20240802,160000,9.18,9.46,9.18,9.46,1637,0
UNI,60,20240802,170000,9.16,9.16,9.16,9.16,150,0
UNI,60,20240805,100000,9.18,9.2,8.9,9.1,9458,0
UNI,60,20240805,110000,9.1,9.1,9.04,9.1,602,0
UNI,60,20240805,120000,9.04,9.1,8.9,9.06,2117,0
UNI,60,20240805,130000,9,9.04,9,9.04,305,0
UNI,60,20240805,140000,9.04,9.1,9.02,9.06,4187,0
UNI,60,20240805,150000,9.02,9.06,8.92,8.92,3560,0
UNI,60,20240805,160000,9,9.16,9,9.16,749,0
UNI,60,20240805,170000,9.16,9.24,9.12,9.24,2689,0
UNI,60,20240806,100000,9.38,9.46,9.12,9.34,1176,0
UNI,60,20240806,110000,9.3,9.3,9.16,9.16,200,0
UNI,60,20240806,120000,9.2,9.22,9.2,9.22,201,0
UNI,60,20240806,130000,9.3,9.36,9.3,9.36,500,0
UNI,60,20240806,140000,9.36,9.36,9.36,9.36,27,0
UNI,60,20240806,150000,9.36,9.36,9.36,9.36,116,0
UNI,60,20240806,160000,9.26,9.26,9.26,9.26,477,0
UNI,60,20240806,170000,9.36,9.36,9.22,9.26,1426,0
UNI,60,20240807,100000,9.12,9.36,9.12,9.36,405,0
UNI,60,20240807,110000,9.16,9.2,9.12,9.2,792,0
UNI,60,20240807,120000,9.14,9.2,9.12,9.2,1840,0
UNI,60,20240807,130000,9.26,9.26,9.2,9.2,105,0
UNI,60,20240807,140000,9.2,9.26,9.2,9.2,771,0
UNI,60,20240807,150000,9.2,9.2,9.2,9.2,754,0
UNI,60,20240807,160000,9.2,9.2,9.2,9.2,635,0
UNI,60,20240808,100000,9.22,9.22,9.02,9.02,6189,0
UNI,60,20240808,110000,9.1,9.1,9.1,9.1,4887,0
UNI,60,20240808,130000,9.1,9.22,9.1,9.22,4147,0
UNI,60,20240808,140000,9.22,9.3,9.2,9.3,1486,0
UNI,60,20240808,150000,9.3,9.3,9.28,9.3,1527,0
UNI,60,20240808,160000,9.3,9.3,9.2,9.2,1774,0
UNI,60,20240808,170000,9.28,9.36,9.28,9.36,910,0
UNI,60,20240809,100000,9.36,9.36,9.34,9.36,1079,0
UNI,60,20240809,110000,9.36,9.36,9.28,9.28,2229,0
UNI,60,20240809,120000,9.34,9.34,9.24,9.24,151,0
UNI,60,20240809,150000,9.3,9.34,9.24,9.3,445,0
UNI,60,20240809,160000,9.32,9.32,9.22,9.24,1110,0
UNI,60,20240809,170000,9.3,9.3,9.3,9.3,18,0
UNI,60,20240812,100000,9.22,9.38,9.22,9.38,2777,0
UNI,60,20240812,110000,9.38,9.38,9.38,9.38,400,0
UNI,60,20240812,130000,9.3,9.38,9.3,9.38,1095,0
UNI,60,20240812,140000,9.38,9.38,9.38,9.38,829,0
UNI,60,20240812,150000,9.38,9.38,9.34,9.34,159,0
UNI,60,20240812,160000,9.3,9.3,9.3,9.3,419,0
UNI,60,20240812,170000,9.3,9.38,9.3,9.38,816,0
UNI,60,20240813,100000,9.36,9.36,9.22,9.32,575,0
UNI,60,20240813,110000,9.26,9.26,9.14,9.26,2373,0
UNI,60,20240813,120000,9.2,9.2,9.2,9.2,10,0
UNI,60,20240813,130000,9.2,9.2,9.16,9.16,279,0
UNI,60,20240813,140000,9.2,9.2,9.2,9.2,85,0
UNI,60,20240813,150000,9.22,9.3,9.22,9.3,70,0
UNI,60,20240813,160000,9.2,9.2,9.2,9.2,5,0
UNI,60,20240813,170000,9.2,9.32,9.2,9.32,102,0
UNI,60,20240814,100000,9.3,9.3,9.22,9.22,427,0
UNI,60,20240814,120000,9.22,9.22,9.22,9.22,733,0
UNI,60,20240814,130000,9.22,9.22,9.06,9.2,2170,0
UNI,60,20240814,150000,9.2,9.2,9.2,9.2,50,0
UNI,60,20240816,100000,9.2,9.2,9.2,9.2,252,0
UNI,60,20240816,110000,9.2,9.2,9.2,9.2,970,0
UNI,60,20240816,130000,9.2,9.24,9.2,9.24,274,0
UNI,60,20240816,150000,9.24,9.24,9.24,9.24,12,0
UNI,60,20240816,170000,9.24,9.24,9.22,9.22,849,0
UNI,60,20240819,100000,9.26,9.4,9.22,9.38,1259,0
UNI,60,20240819,120000,9.36,9.38,9.36,9.38,554,0
UNI,60,20240819,140000,9.38,9.38,9.38,9.38,100,0
UNI,60,20240819,150000,9.38,9.38,9.38,9.38,100,0
UNI,60,20240819,160000,9.38,9.38,9.38,9.38,203,0
UNI,60,20240819,170000,9.4,9.4,9.4,9.4,40,0
UNI,60,20240820,100000,9.4,9.4,9.26,9.26,1213,0
UNI,60,20240820,110000,9.26,9.28,9.26,9.28,290,0
UNI,60,20240820,120000,9.36,9.36,9.2,9.22,1670,0
UNI,60,20240820,140000,9.32,9.4,9.32,9.4,1120,0
UNI,60,20240820,150000,9.38,9.4,9.38,9.4,505,0
UNI,60,20240820,170000,9.24,9.36,9.24,9.36,120,0
UNI,60,20240821,100000,9.34,9.34,9.26,9.32,2543,0
UNI,60,20240821,110000,9.32,9.32,9.24,9.24,110,0
UNI,60,20240821,120000,9.34,9.34,9.34,9.34,200,0
UNI,60,20240821,130000,9.34,9.34,9.34,9.34,40,0
UNI,60,20240821,140000,9.34,9.34,9.34,9.34,200,0
UNI,60,20240821,160000,9.3,9.3,9.24,9.24,88,0
UNI,60,20240821,170000,9.3,9.3,9.24,9.3,4042,0
UNI,60,20240822,100000,9.3,9.4,9.3,9.32,382,0
UNI,60,20240822,110000,9.32,9.32,9.32,9.32,9,0
UNI,60,20240822,120000,9.38,9.4,9.38,9.4,359,0
UNI,60,20240822,130000,9.4,9.4,9.3,9.3,1375,0
UNI,60,20240822,150000,9.3,9.3,9.28,9.28,541,0
UNI,60,20240822,160000,9.28,9.28,9.28,9.28,172,0
UNI,60,20240822,170000,9.28,9.28,9.28,9.28,7,0
UNI,60,20240823,100000,9.2,9.34,9.2,9.34,481,0
UNI,60,20240823,110000,9.34,9.38,9.34,9.38,700,0
UNI,60,20240823,120000,9.38,9.38,9.2,9.22,308,0
UNI,60,20240823,130000,9.22,9.22,9.22,9.22,65,0
UNI,60,20240823,140000,9.22,9.22,9.22,9.22,1,0
UNI,60,20240823,150000,9.24,9.24,9.22,9.22,712,0
UNI,60,20240823,160000,9.2,9.22,9.2,9.22,1236,0
UNI,60,20240823,170000,9.22,9.22,9.22,9.22,658,0
UNI,60,20240826,100000,9.18,9.2,9.02,9.16,1367,0
UNI,60,20240826,110000,9.16,9.18,9.16,9.18,55,0
UNI,60,20240826,120000,9.18,9.2,9.18,9.18,200,0
UNI,60,20240826,140000,9.18,9.2,9.18,9.2,70,0
UNI,60,20240826,150000,9.2,9.2,9.2,9.2,205,0
UNI,60,20240826,170000,9.18,9.18,9.18,9.18,200,0
UNI,60,20240827,100000,9.18,9.38,9,9.32,2032,0
UNI,60,20240827,120000,9.32,9.32,9.32,9.32,500,0
UNI,60,20240827,140000,9.3,9.32,9.16,9.32,315,0
UNI,60,20240827,150000,9.32,9.32,9.32,9.32,43,0
UNI,60,20240827,160000,9.3,9.32,9.3,9.32,1200,0
UNI,60,20240828,100000,9.34,9.34,9.3,9.3,1010,0
UNI,60,20240828,110000,9.22,9.22,9.22,9.22,83,0
UNI,60,20240828,140000,9.22,9.22,9.22,9.22,201,0
UNI,60,20240828,160000,9.26,9.28,9.2,9.2,1010,0
UNI,60,20240828,170000,9.28,9.28,9.28,9.28,195,0
UNI,60,20240829,100000,9.3,9.3,9.3,9.3,115,0
UNI,60,20240829,110000,9.3,9.3,9.3,9.3,200,0
UNI,60,20240829,120000,9.3,9.3,9.1,9.1,1881,0
UNI,60,20240829,130000,9.16,9.24,9.16,9.24,1045,0
UNI,60,20240829,140000,9.24,9.26,9.24,9.26,803,0
UNI,60,20240829,160000,9.22,9.26,9.22,9.26,582,0
UNI,60,20240829,170000,9.26,9.26,9.16,9.24,111,0
UNI,60,20240830,100000,9.3,9.3,9.3,9.3,13,0
UNI,60,20240830,120000,9.32,9.32,9.32,9.32,623,0
UNI,60,20240830,130000,9.2,9.32,9.2,9.32,22,0
UNI,60,20240830,140000,9.32,9.32,9.3,9.3,409,0
UNI,60,20240830,150000,9.24,9.24,9.22,9.22,484,0
UNI,60,20240830,160000,9.2,9.2,9.18,9.18,30,0
UNI,60,20240830,170000,9.1,9.1,9.1,9.1,3218,0
UNI,60,20240902,100000,9.1,9.3,9.1,9.3,1742,0
UNI,60,20240902,110000,9.3,9.3,9.28,9.28,149,0
UNI,60,20240902,120000,9.28,9.28,9.28,9.28,26,0
UNI,60,20240902,130000,9.28,9.3,9.28,9.3,501,0
UNI,60,20240902,140000,9.3,9.34,9.3,9.34,2865,0
UNI,60,20240902,150000,9.36,9.36,9.36,9.36,1288,0
UNI,60,20240902,160000,9.36,9.36,9.36,9.36,230,0
UNI,60,20240902,170000,9.34,9.34,9.34,9.34,779,0
UNI,60,20240903,100000,9.34,9.34,9.1,9.26,1219,0
UNI,60,20240903,110000,9.2,9.2,9.16,9.16,1500,0
UNI,60,20240903,120000,9.22,9.22,9.08,9.08,3466,0
UNI,60,20240903,130000,9.24,9.24,9.24,9.24,2,0
UNI,60,20240903,140000,9.2,9.2,9.2,9.2,2,0
UNI,60,20240903,150000,9.18,9.24,9.18,9.24,372,0
UNI,60,20240903,160000,9.12,9.12,9.08,9.08,1343,0
UNI,60,20240903,170000,9.24,9.24,9.08,9.08,1370,0
UNI,60,20240904,100000,9.08,9.26,9.08,9.26,1464,0
UNI,60,20240904,110000,9.12,9.12,9.08,9.08,351,0
UNI,60,20240904,120000,9.1,9.1,9,9.1,4186,0
UNI,60,20240904,130000,9.16,9.16,9.1,9.1,382,0
UNI,60,20240904,150000,9.16,9.2,9.16,9.2,35,0
UNI,60,20240905,100000,9.26,9.34,9.26,9.34,3826,0
UNI,60,20240905,110000,9.34,9.4,9.34,9.4,2032,0
UNI,60,20240905,120000,9.3,9.44,9.28,9.3,1608,0
UNI,60,20240905,130000,9.3,9.4,9.3,9.4,152,0
UNI,60,20240905,140000,9.36,9.36,9.36,9.36,25,0
UNI,60,20240905,150000,9.34,9.34,9.34,9.34,105,0
UNI,60,20240905,160000,9.34,9.36,9.34,9.34,400,0
UNI,60,20240905,170000,9.34,9.34,9.34,9.34,4,0
UNI,60,20240906,100000,9.34,9.34,9.16,9.16,1128,0
UNI,60,20240906,110000,9.28,9.28,9.28,9.28,4,0
UNI,60,20240906,120000,9.28,9.4,9.24,9.24,6596,0
UNI,60,20240906,130000,9.36,9.38,9.22,9.22,303,0
UNI,60,20240906,140000,9.24,9.34,9.24,9.34,400,0
UNI,60,20240906,150000,9.36,9.36,9.34,9.34,423,0
UNI,60,20240906,160000,9.34,9.38,9.28,9.38,1024,0
UNI,60,20240906,170000,9.34,9.38,9.3,9.38,197,0
UNI,60,20240909,100000,9.36,9.36,9.3,9.3,651,0
UNI,60,20240909,110000,9.28,9.36,9.28,9.36,72,0
UNI,60,20240909,120000,9.28,9.36,9.28,9.36,132,0
UNI,60,20240909,130000,9.28,9.3,9.28,9.3,155,0
UNI,60,20240909,140000,9.3,9.36,9.24,9.24,1063,0
UNI,60,20240909,150000,9.36,9.36,9.18,9.18,938,0
UNI,60,20240909,170000,9.28,9.28,9.28,9.28,27,0
UNI,60,20240910,100000,9.28,9.28,9.12,9.12,607,0
UNI,60,20240910,110000,9.14,9.2,9.1,9.1,710,0
UNI,60,20240910,120000,9.14,9.14,9.14,9.14,24,0
UNI,60,20240910,130000,9.16,9.16,9.16,9.16,231,0
UNI,60,20240910,140000,9.16,9.22,9.16,9.22,29,0
UNI,60,20240910,150000,9.2,9.2,9.2,9.2,66,0
UNI,60,20240910,160000,9.26,9.26,9.26,9.26,100,0
UNI,60,20240910,170000,9.24,9.24,9.14,9.14,178,0
UNI,60,20240911,100000,9.14,9.24,9.14,9.24,239,0
UNI,60,20240911,130000,9.14,9.14,9.14,9.14,142,0
UNI,60,20240911,140000,9.24,9.24,9.24,9.24,50,0
UNI,60,20240911,150000,9.24,9.24,9,9.08,3134,0
UNI,60,20240911,160000,9.1,9.1,9.1,9.1,178,0
UNI,60,20240911,170000,9.1,9.1,9.1,9.1,656,0
UNI,60,20240912,100000,9.16,9.2,9.16,9.2,1724,0
UNI,60,20240912,110000,9.22,9.22,9.22,9.22,163,0
UNI,60,20240912,120000,9.22,9.3,9.18,9.18,3403,0
UNI,60,20240912,140000,9.28,9.28,9.28,9.28,110,0
UNI,60,20240912,160000,9.2,9.2,9.2,9.2,1122,0
UNI,60,20240912,170000,9.28,9.3,9.28,9.3,4016,0
UNI,60,20240913,100000,9.3,9.3,9.3,9.3,135,0
UNI,60,20240913,110000,9.34,9.34,9.24,9.24,50,0
UNI,60,20240913,120000,9.34,9.34,9.34,9.34,40,0
UNI,60,20240913,130000,9.34,9.34,9.34,9.34,30,0
UNI,60,20240913,160000,9.24,9.24,9.22,9.22,70,0
UNI,60,20240913,170000,9.22,9.22,9.2,9.2,159,0
UNI,60,20240916,100000,9.3,9.34,9.2,9.32,2649,0
UNI,60,20240916,120000,9.3,9.3,9.2,9.2,270,0
UNI,60,20240916,150000,9.28,9.3,9.28,9.3,572,0
UNI,60,20240917,100000,9.22,9.28,9.22,9.28,92,0
UNI,60,20240917,110000,9.22,9.28,9.22,9.28,144,0
UNI,60,20240917,120000,9.28,9.28,9.28,9.28,172,0
UNI,60,20240917,130000,9.28,9.28,9.28,9.28,50,0
UNI,60,20240917,140000,9.24,9.24,9.22,9.22,688,0
UNI,60,20240917,150000,9.2,9.22,9.2,9.22,687,0
UNI,60,20240917,160000,9.2,9.22,9.2,9.22,371,0
UNI,60,20240917,170000,9.22,9.22,9.22,9.22,1316,0
UNI,60,20240918,100000,9.28,9.3,9.24,9.3,480,0
UNI,60,20240918,110000,9.3,9.3,9.24,9.24,528,0
UNI,60,20240918,120000,9.3,9.36,9.3,9.36,4727,0
UNI,60,20240918,130000,9.3,9.3,9.3,9.3,200,0
UNI,60,20240918,140000,9.3,9.3,9.3,9.3,243,0
UNI,60,20240918,160000,9.3,9.3,9.3,9.3,149,0
UNI,60,20240918,170000,9.3,9.3,9.26,9.26,621,0
UNI,60,20240919,100000,9.36,9.36,9.36,9.36,70,0
UNI,60,20240919,110000,9.36,9.36,9.32,9.32,70,0
UNI,60,20240919,120000,9.28,9.28,9.26,9.26,419,0
UNI,60,20240919,130000,9.26,9.3,9.26,9.3,190,0
UNI,60,20240919,140000,9.28,9.28,9.28,9.28,200,0
UNI,60,20240919,150000,9.28,9.3,9.28,9.3,600,0
UNI,60,20240919,160000,9.3,9.3,9.3,9.3,500,0
UNI,60,20240919,170000,9.24,9.24,9.2,9.2,775,0
UNI,60,20240920,100000,9.2,9.2,9.18,9.18,400,0
UNI,60,20240920,110000,9.28,9.28,9.12,9.12,1381,0
UNI,60,20240920,150000,9.16,9.16,9.1,9.1,2100,0
UNI,60,20240923,100000,9.1,9.24,9.1,9.18,2086,0
UNI,60,20240923,110000,9.24,9.24,9.1,9.1,3114,0
UNI,60,20240923,120000,9.16,9.16,9.12,9.12,50,0
UNI,60,20240923,130000,9.14,9.14,9.14,9.14,7,0
UNI,60,20240923,150000,9.14,9.14,9.12,9.12,1100,0
UNI,60,20240923,160000,9.14,9.14,9.14,9.14,10,0
UNI,60,20240923,170000,9.14,9.14,9.14,9.14,106,0
UNI,60,20240924,100000,9.2,9.22,9.2,9.22,280,0
UNI,60,20240924,110000,9.24,9.28,9.2,9.2,261,0
UNI,60,20240924,120000,9.2,9.28,9.1,9.28,2321,0
UNI,60,20240924,130000,9.28,9.28,9.28,9.28,50,0
UNI,60,20240924,140000,9.22,9.28,9.22,9.28,50,0
UNI,60,20240924,160000,9.28,9.28,9,9,4840,0
UNI,60,20240924,170000,9,9.06,9,9.02,3071,0
UNI,60,20240925,100000,9.02,9.08,9.02,9.08,592,0
UNI,60,20240925,110000,9.1,9.1,9.04,9.04,1143,0
UNI,60,20240925,120000,9.04,9.04,9.04,9.04,10,0
UNI,60,20240925,130000,9.1,9.1,9.06,9.06,570,0
UNI,60,20240925,140000,9.06,9.1,9.06,9.1,1464,0
UNI,60,20240925,160000,9.08,9.1,9,9.08,3045,0
UNI,60,20240925,170000,9.06,9.06,9.06,9.06,636,0
UNI,60,20240926,100000,9.1,9.1,9,9,2728,0
UNI,60,20240926,110000,9.02,9.06,9,9.06,661,0
UNI,60,20240926,120000,9.06,9.06,9.06,9.06,210,0
UNI,60,20240926,130000,9.06,9.06,9,9,695,0
UNI,60,20240926,140000,9.02,9.02,9,9,6000,0
UNI,60,20240926,150000,9.02,9.04,9.02,9.04,340,0
UNI,60,20240926,160000,9.06,9.06,9.06,9.06,889,0
UNI,60,20240926,170000,9.02,9.02,9,9,1468,0
UNI,60,20240927,100000,9,9.1,9,9,2036,0
UNI,60,20240927,110000,9.04,9.04,8.98,8.98,83,0
UNI,60,20240927,120000,9.04,9.04,9.04,9.04,211,0
UNI,60,20240927,130000,9.04,9.04,9.04,9.04,350,0
UNI,60,20240927,140000,9.04,9.04,9.04,9.04,300,0
UNI,60,20240927,150000,9,9,9,9,758,0
UNI,60,20240927,170000,9.04,9.06,9.04,9.06,173,0
UNI,60,20240930,100000,9.06,9.06,9,9.06,2491,0
UNI,60,20240930,110000,9.06,9.06,9,9,197,0
UNI,60,20240930,120000,9.06,9.06,9,9.06,105,0
UNI,60,20240930,150000,9,9,8.92,9,2327,0
UNI,60,20240930,160000,8.98,8.98,8.9,8.9,2855,0
UNI,60,20240930,170000,8.96,8.96,8.96,8.96,3032,0
UNI,60,20241001,100000,8.96,8.98,8.86,8.9,1784,0
UNI,60,20241001,110000,8.9,8.98,8.9,8.98,832,0
UNI,60,20241001,120000,8.96,8.98,8.96,8.98,160,0
UNI,60,20241001,130000,8.98,8.98,8.96,8.98,267,0
UNI,60,20241001,140000,8.98,8.98,8.92,8.98,1277,0
UNI,60,20241001,150000,8.98,9,8.86,8.9,2033,0
UNI,60,20241001,160000,8.88,8.88,8.88,8.88,242,0
UNI,60,20241001,170000,8.88,8.98,8.88,8.98,536,0
UNI,60,20241002,100000,8.98,8.98,8.96,8.98,241,0
UNI,60,20241002,110000,8.98,8.98,8.98,8.98,334,0
UNI,60,20241002,130000,8.92,8.92,8.92,8.92,390,0
UNI,60,20241002,140000,8.92,8.92,8.92,8.92,11,0
UNI,60,20241002,150000,8.96,8.96,8.96,8.96,24,0
UNI,60,20241002,160000,8.92,8.96,8.84,8.96,1828,0
UNI,60,20241002,170000,8.84,8.84,8.84,8.84,490,0
UNI,60,20241003,100000,8.82,8.84,8.62,8.78,5559,0
UNI,60,20241003,110000,8.74,8.8,8.72,8.76,3234,0
UNI,60,20241003,120000,8.76,8.78,8.76,8.78,520,0
UNI,60,20241003,130000,8.78,8.82,8.78,8.82,434,0
UNI,60,20241003,140000,8.8,8.8,8.78,8.78,213,0
UNI,60,20241003,150000,8.78,8.78,8.78,8.78,100,0
UNI,60,20241003,160000,8.8,8.82,8.8,8.82,402,0
UNI,60,20241003,170000,8.82,8.82,8.82,8.82,200,0
UNI,60,20241004,100000,8.82,8.82,8.82,8.82,262,0
UNI,60,20241004,110000,8.72,8.82,8.72,8.72,357,0
UNI,60,20241004,140000,8.76,8.76,8.72,8.72,900,0
UNI,60,20241004,150000,8.76,8.8,8.76,8.8,400,0
UNI,60,20241004,170000,8.8,8.8,8.78,8.78,320,0
UNI,60,20241007,100000,8.8,8.8,8.8,8.8,150,0
UNI,60,20241007,110000,8.8,8.8,8.8,8.8,750,0
UNI,60,20241007,130000,8.8,8.8,8.78,8.8,682,0
UNI,60,20241007,140000,8.78,8.8,8.78,8.8,65,0
UNI,60,20241007,160000,8.8,8.8,8.76,8.76,988,0
UNI,60,20241007,170000,8.74,8.74,8.72,8.72,267,0
UNI,60,20241008,100000,8.66,8.68,8.66,8.68,2453,0
UNI,60,20241008,110000,8.68,8.72,8.66,8.72,408,0
UNI,60,20241008,120000,8.72,8.72,8.72,8.72,4,0
UNI,60,20241008,130000,8.72,8.72,8.72,8.72,2490,0
UNI,60,20241008,150000,8.7,8.7,8.7,8.7,1,0
UNI,60,20241008,160000,8.72,8.72,8.66,8.66,2847,0
UNI,60,20241008,170000,8.72,8.76,8.72,8.72,2412,0
UNI,60,20241009,100000,8.7,8.7,8.6,8.6,8537,0
UNI,60,20241009,110000,8.6,8.64,8.56,8.6,2202,0
UNI,60,20241009,120000,8.6,8.6,8.6,8.6,432,0
UNI,60,20241009,130000,8.58,8.6,8.5,8.5,5107,0
UNI,60,20241009,140000,8.5,8.52,7.96,8.4,7997,0
UNI,60,20241009,150000,8.44,8.48,8.4,8.44,5535,0
UNI,60,20241009,160000,8.4,8.48,8.4,8.4,3404,0
UNI,60,20241009,170000,8.38,8.5,8.38,8.5,1304,0
UNI,60,20241010,100000,8.3,8.5,8.3,8.48,6842,0
UNI,60,20241010,110000,8.46,8.48,8.4,8.48,885,0
UNI,60,20241010,120000,8.48,8.5,8.48,8.5,745,0
UNI,60,20241010,130000,8.5,8.5,8.5,8.5,421,0
UNI,60,20241010,140000,8.5,8.5,8.48,8.5,1344,0
UNI,60,20241010,150000,8.5,8.5,8.46,8.46,407,0
UNI,60,20241010,160000,8.46,8.46,8.4,8.4,2899,0
UNI,60,20241011,100000,8.4,8.46,8.34,8.34,230,0
UNI,60,20241011,110000,8.38,8.38,8.34,8.38,292,0
UNI,60,20241011,120000,8.38,8.46,8.34,8.46,374,0
UNI,60,20241011,130000,8.46,8.5,8.46,8.5,1541,0
UNI,60,20241011,140000,8.5,8.5,8.5,8.5,570,0
UNI,60,20241011,150000,8.5,8.5,8.5,8.5,50,0
UNI,60,20241011,160000,8.5,8.5,8.5,8.5,16,0
UNI,60,20241011,170000,8.5,8.5,8.5,8.5,602,0
UNI,60,20241014,100000,8.42,8.5,8.42,8.5,407,0
UNI,60,20241014,110000,8.5,8.5,8.42,8.42,1093,0
UNI,60,20241014,120000,8.5,8.5,8.42,8.42,602,0
UNI,60,20241014,130000,8.5,8.5,8.42,8.42,1041,0
UNI,60,20241014,140000,8.5,8.5,8.5,8.5,501,0
UNI,60,20241014,150000,8.5,8.5,8.5,8.5,20,0
UNI,60,20241014,160000,8.5,8.5,8.48,8.5,1257,0
UNI,60,20241014,170000,8.5,8.52,8.42,8.52,1584,0
UNI,60,20241015,100000,8.54,8.54,8.5,8.5,729,0
UNI,60,20241015,110000,8.48,8.5,8.46,8.5,1617,0
UNI,60,20241015,120000,8.48,8.48,8.4,8.4,3239,0
UNI,60,20241015,130000,8.4,8.4,8.4,8.4,100,0
UNI,60,20241015,140000,8.38,8.4,8.38,8.4,808,0
UNI,60,20241015,150000,8.42,8.44,8.42,8.44,744,0
UNI,60,20241015,160000,8.44,8.44,8.4,8.4,1735,0
UNI,60,20241015,170000,8.4,8.4,8.38,8.4,347,0
UNI,60,20241016,100000,8.4,8.4,8.4,8.4,55,0
UNI,60,20241016,110000,8.42,8.48,8.42,8.48,2134,0
UNI,60,20241016,120000,8.48,8.5,8.48,8.5,3559,0
UNI,60,20241016,130000,8.5,8.5,8.5,8.5,1050,0
UNI,60,20241016,140000,8.5,8.5,8.5,8.5,153,0
UNI,60,20241016,150000,8.46,8.5,8.42,8.44,92,0
UNI,60,20241016,160000,8.5,8.5,8.5,8.5,400,0
UNI,60,20241016,170000,8.44,8.5,8.44,8.5,254,0
UNI,60,20241017,100000,8.5,8.5,8.46,8.46,604,0
UNI,60,20241017,110000,8.5,8.5,8.46,8.46,540,0
UNI,60,20241017,120000,8.5,8.5,8.5,8.5,500,0
UNI,60,20241017,150000,8.48,8.48,8.48,8.48,200,0
UNI,60,20241017,160000,8.46,8.46,8.42,8.46,1124,0
UNI,60,20241017,170000,8.44,8.44,8.4,8.4,4155,0
UNI,60,20241018,100000,8.4,8.46,8.4,8.42,749,0
UNI,60,20241018,110000,8.38,8.38,8.36,8.36,108,0
UNI,60,20241018,120000,8.42,8.46,8.42,8.46,467,0
UNI,60,20241018,150000,8.48,8.48,8.48,8.48,200,0
UNI,60,20241018,160000,8.5,8.5,8.5,8.5,1545,0
UNI,60,20241018,170000,8.5,8.5,8.5,8.5,410,0
UNI,60,20241021,100000,8.5,8.5,8.42,8.5,1041,0
UNI,60,20241021,110000,8.5,8.5,8.5,8.5,53,0
UNI,60,20241021,120000,8.5,8.5,8.42,8.42,1920,0
UNI,60,20241021,130000,8.42,8.42,8.4,8.4,1343,0
UNI,60,20241021,140000,8.4,8.4,8.4,8.4,1,0
UNI,60,20241021,150000,8.46,8.5,8.38,8.5,1102,0
UNI,60,20241021,160000,8.5,8.5,8.44,8.44,1500,0
UNI,60,20241021,170000,8.44,8.44,8.44,8.44,30,0
UNI,60,20241022,100000,8.44,8.46,8.36,8.46,1066,0
UNI,60,20241022,110000,8.46,8.5,8.46,8.5,673,0
UNI,60,20241022,130000,8.4,8.4,8.38,8.38,287,0
UNI,60,20241022,140000,8.38,8.4,8.36,8.36,392,0
UNI,60,20241022,150000,8.36,8.36,8.36,8.36,300,0
UNI,60,20241022,170000,8.42,8.42,8.36,8.36,57,0
UNI,60,20241023,100000,8.38,8.44,8.34,8.36,1381,0
UNI,60,20241023,120000,8.44,8.44,8.34,8.34,2402,0
UNI,60,20241023,130000,8.4,8.4,8.4,8.4,10,0
UNI,60,20241023,140000,8.34,8.34,8.34,8.34,200,0
UNI,60,20241023,160000,8.34,8.34,8.34,8.34,80,0
UNI,60,20241023,170000,8.34,8.38,8.34,8.34,210,0
UNI,60,20241024,100000,8.32,8.44,8.32,8.44,476,0
UNI,60,20241024,110000,8.44,8.44,8.44,8.44,50,0
UNI,60,20241024,160000,8.44,8.44,8.44,8.44,135,0
UNI,60,20241025,100000,8.36,8.36,8.28,8.28,5091,0
UNI,60,20241025,110000,8.3,8.3,8.28,8.3,1056,0
UNI,60,20241025,120000,8.3,8.3,8.28,8.3,405,0
UNI,60,20241025,130000,8.28,8.28,8.28,8.28,2,0
UNI,60,20241025,140000,8.3,8.3,8.3,8.3,1500,0
UNI,60,20241025,150000,8.3,8.3,8.3,8.3,910,0
UNI,60,20241025,160000,8.3,8.3,8.28,8.3,496,0
UNI,60,20241025,170000,8.3,8.3,8.28,8.3,2106,0
UNI,60,20241028,100000,8.3,8.3,8.26,8.3,847,0
UNI,60,20241028,120000,8.28,8.28,8.28,8.28,5,0
UNI,60,20241028,130000,8.3,8.3,8.3,8.3,335,0
UNI,60,20241028,160000,8.3,8.3,8.28,8.28,115,0
UNI,60,20241028,170000,8.3,8.3,8.26,8.26,1945,0
UNI,60,20241029,100000,8.2,8.2,8.16,8.2,1967,0
UNI,60,20241029,110000,8.16,8.18,8.16,8.18,1400,0
UNI,60,20241029,120000,8.18,8.2,8.18,8.2,190,0
UNI,60,20241029,130000,8.18,8.2,8.18,8.2,1084,0
UNI,60,20241029,140000,8.2,8.2,8.2,8.2,782,0
UNI,60,20241029,150000,8.2,8.2,8.12,8.12,7065,0
UNI,60,20241029,160000,8.2,8.2,8.14,8.2,9302,0
UNI,60,20241029,170000,8.2,8.2,8.2,8.2,2922,0
UNI,60,20241030,100000,8.2,8.7,8.2,8.7,17489,0
UNI,60,20241030,110000,8.68,8.94,8.68,8.9,4277,0
UNI,60,20241030,120000,8.9,8.92,8.72,8.88,1641,0
UNI,60,20241030,130000,8.86,8.88,8.8,8.8,864,0
UNI,60,20241030,140000,8.9,9.02,8.9,9,3890,0
UNI,60,20241030,150000,8.9,8.9,8.8,8.8,2217,0
UNI,60,20241030,160000,8.88,8.88,8.8,8.88,344,0
UNI,60,20241030,170000,8.8,8.8,8.56,8.68,6415,0
UNI,60,20241031,100000,8.96,8.96,8.6,8.62,2592,0
UNI,60,20241031,110000,8.82,8.9,8.74,8.74,1234,0
UNI,60,20241031,120000,8.9,8.92,8.8,8.92,200,0
UNI,60,20241031,140000,8.74,8.74,8.74,8.74,10,0
UNI,60,20241031,150000,8.76,8.76,8.76,8.76,39,0
UNI,60,20241031,160000,8.72,8.72,8.64,8.64,145,0
UNI,60,20241031,170000,8.7,8.84,8.6,8.6,1614,0
UNI,60,20241104,100000,8.62,8.62,8.58,8.58,700,0
UNI,60,20241104,110000,8.58,8.64,8.52,8.64,1143,0
UNI,60,20241104,120000,8.6,8.6,8.6,8.6,180,0
UNI,60,20241104,130000,8.58,8.58,8.54,8.54,190,0
UNI,60,20241104,140000,8.54,8.56,8.46,8.56,2037,0
UNI,60,20241104,150000,8.58,8.58,8.58,8.58,250,0
UNI,60,20241104,160000,8.58,8.58,8.56,8.56,251,0
UNI,60,20241104,170000,8.56,8.56,8.56,8.56,85,0
UNI,60,20241105,100000,8.56,8.56,8.52,8.52,115,0
UNI,60,20241105,110000,8.62,8.64,8.62,8.64,202,0
UNI,60,20241105,120000,8.6,8.6,8.6,8.6,2000,0
UNI,60,20241105,140000,8.6,8.6,8.6,8.6,13,0
UNI,60,20241105,150000,8.52,8.52,8.5,8.5,750,0
UNI,60,20241105,160000,8.54,8.54,8.54,8.54,3,0
UNI,60,20241105,170000,8.54,8.58,8.54,8.58,54,0
UNI,60,20241106,100000,8.58,8.58,8.42,8.42,891,0
UNI,60,20241106,110000,8.42,8.42,8.42,8.42,70,0
UNI,60,20241106,130000,8.5,8.56,8.42,8.42,36,0
UNI,60,20241106,140000,8.56,8.56,8.56,8.56,10,0
UNI,60,20241106,150000,8.56,8.64,8.56,8.56,77,0
UNI,60,20241106,170000,8.44,8.44,8.42,8.42,290,0
UNI,60,20241107,100000,8.42,8.42,8.4,8.42,528,0
UNI,60,20241107,110000,8.52,8.52,8.52,8.52,10,0
UNI,60,20241107,120000,8.56,8.7,8.52,8.7,398,0
UNI,60,20241107,130000,8.68,8.68,8.68,8.68,20,0
UNI,60,20241107,140000,8.7,8.72,8.7,8.72,1057,0
UNI,60,20241107,150000,8.72,8.72,8.68,8.68,198,0
UNI,60,20241107,170000,8.64,8.64,8.64,8.64,250,0
UNI,60,20241108,100000,8.66,8.7,8.66,8.7,77,0
UNI,60,20241108,110000,8.7,8.7,8.7,8.7,16,0
UNI,60,20241108,120000,8.7,8.7,8.7,8.7,225,0
UNI,60,20241108,130000,8.62,8.62,8.54,8.54,365,0
UNI,60,20241108,150000,8.66,8.7,8.66,8.7,839,0
UNI,60,20241108,160000,8.7,8.7,8.7,8.7,141,0
UNI,60,20241108,170000,8.7,8.7,8.62,8.62,307,0
UNI,60,20241112,100000,8.62,8.68,8.48,8.68,682,0
UNI,60,20241112,110000,8.52,8.52,8.52,8.52,20,0
UNI,60,20241112,120000,8.52,8.52,8.52,8.52,978,0
UNI,60,20241112,130000,8.5,8.5,8.5,8.5,700,0
UNI,60,20241112,140000,8.52,8.52,8.48,8.52,908,0
UNI,60,20241112,150000,8.48,8.52,8.46,8.46,859,0
UNI,60,20241112,160000,8.46,8.46,8.32,8.34,2540,0
UNI,60,20241112,170000,8.32,8.52,8.3,8.52,2069,0
UNI,60,20241113,100000,8.54,8.66,8.54,8.58,358,0
UNI,60,20241113,110000,8.56,8.56,8.56,8.56,360,0
UNI,60,20241113,130000,8.56,8.56,8.56,8.56,88,0
UNI,60,20241113,140000,8.58,8.62,8.5,8.5,1177,0
UNI,60,20241113,150000,8.5,8.5,8.5,8.5,135,0
UNI,60,20241113,170000,8.52,8.6,8.5,8.6,671,0
UNI,60,20241114,100000,8.5,8.68,8.5,8.68,1772,0
UNI,60,20241114,110000,8.52,8.54,8.5,8.5,1570,0
UNI,60,20241114,120000,8.46,8.46,8.36,8.38,540,0
UNI,60,20241114,140000,8.44,8.54,8.44,8.54,182,0
UNI,60,20241114,150000,8.54,8.54,8.54,8.54,10,0
UNI,60,20241114,160000,8.54,8.6,8.54,8.56,112,0
UNI,60,20241114,170000,8.56,8.56,8.56,8.56,100,0
UNI,60,20241115,100000,8.6,8.66,8.5,8.5,584,0
UNI,60,20241115,120000,8.5,8.5,8.5,8.5,10,0
UNI,60,20241115,130000,8.66,8.68,8.66,8.68,311,0
UNI,60,20241115,140000,8.68,8.7,8.68,8.68,837,0
UNI,60,20241115,150000,8.68,8.68,8.6,8.6,95,0
UNI,60,20241115,160000,8.52,8.7,8.5,8.7,7498,0
UNI,60,20241115,170000,8.7,8.7,8.7,8.7,150,0
UNI,60,20241118,100000,8.7,8.7,8.56,8.56,370,0
UNI,60,20241118,110000,8.56,8.58,8.56,8.58,340,0
UNI,60,20241118,120000,8.58,8.58,8.44,8.44,325,0
UNI,60,20241118,130000,8.68,9.08,8.68,8.92,4450,0
UNI,60,20241118,140000,8.92,8.98,8.88,8.88,3504,0
UNI,60,20241118,150000,8.92,8.98,8.56,8.98,3243,0
UNI,60,20241118,160000,8.58,8.58,8.52,8.52,400,0
UNI,60,20241118,170000,8.8,8.9,8.8,8.9,580,0
UNI,60,20241119,100000,9.06,9.06,8.8,8.8,2499,0
UNI,60,20241119,110000,8.94,9,8.8,8.8,1102,0
UNI,60,20241119,120000,8.8,8.82,8.8,8.8,89,0
UNI,60,20241119,130000,8.8,8.86,8.78,8.8,1322,0
UNI,60,20241119,140000,8.8,8.8,8.64,8.64,764,0
UNI,60,20241119,150000,8.68,8.68,8.42,8.44,2200,0
UNI,60,20241119,160000,8.6,8.6,8.6,8.6,20,0
UNI,60,20241119,170000,8.6,8.66,8.6,8.64,620,0
UNI,60,20241120,100000,8.64,8.76,8.6,8.6,1796,0
UNI,60,20241120,110000,8.58,8.58,8.58,8.58,5,0
UNI,60,20241120,120000,8.6,8.78,8.6,8.78,580,0
UNI,60,20241120,130000,8.74,8.74,8.74,8.74,300,0
UNI,60,20241120,140000,8.74,8.78,8.74,8.74,1071,0
UNI,60,20241120,150000,8.8,8.8,8.8,8.8,3879,0
UNI,60,20241120,160000,8.84,9,8.84,8.9,4461,0
UNI,60,20241120,170000,8.9,8.9,8.7,8.7,1730,0
UNI,60,20241121,100000,8.68,8.7,8.6,8.6,1927,0
UNI,60,20241121,110000,8.6,8.6,8.6,8.6,114,0
UNI,60,20241121,130000,8.6,8.6,8.52,8.52,2200,0
UNI,60,20241121,160000,8.6,8.6,8.6,8.6,200,0
UNI,60,20241121,170000,8.6,8.6,8.6,8.6,10,0
UNI,60,20241122,100000,8.64,8.92,8.64,8.92,1009,0
UNI,60,20241122,110000,8.84,8.86,8.66,8.66,316,0
UNI,60,20241122,120000,8.66,8.66,8.66,8.66,100,0
UNI,60,20241122,130000,8.7,8.7,8.7,8.7,400,0
UNI,60,20241122,140000,8.7,8.7,8.7,8.7,60,0
UNI,60,20241122,150000,8.7,8.7,8.64,8.64,97,0
UNI,60,20241122,160000,8.64,8.64,8.64,8.64,58,0
UNI,60,20241122,170000,8.64,8.64,8.64,8.64,236,0
UNI,60,20241125,100000,8.66,8.66,8.58,8.64,505,0
UNI,60,20241125,110000,8.64,8.7,8.6,8.6,292,0
UNI,60,20241125,120000,8.6,8.64,8.58,8.64,765,0
UNI,60,20241125,130000,8.6,8.6,8.6,8.6,1586,0
UNI,60,20241125,140000,8.64,8.7,8.64,8.7,500,0
UNI,60,20241125,170000,8.68,8.68,8.68,8.68,10,0
UNI,60,20241126,100000,8.7,8.7,8.68,8.68,219,0
UNI,60,20241126,140000,8.64,8.66,8.64,8.66,220,0
UNI,60,20241126,160000,8.66,8.66,8.66,8.66,181,0
UNI,60,20241126,170000,8.66,8.66,8.66,8.66,1,0
UNI,60,20241127,100000,8.26,8.28,8,8.12,40121,0
UNI,60,20241127,110000,8.08,8.1,8.02,8.1,15989,0
UNI,60,20241127,120000,8.08,8.1,8.04,8.08,14874,0
UNI,60,20241127,130000,8.08,8.08,7.86,7.9,7263,0
UNI,60,20241127,140000,7.92,8,7.86,7.9,3999,0
UNI,60,20241127,150000,7.9,7.9,7.54,7.56,14836,0
UNI,60,20241127,160000,7.68,7.88,7.6,7.6,26196,0
UNI,60,20241127,170000,7.6,7.6,7.52,7.6,14314,0
UNI,60,20241128,100000,7.6,7.6,7.18,7.34,18943,0
UNI,60,20241128,110000,7.44,7.54,7.42,7.46,1521,0
UNI,60,20241128,120000,7.46,7.5,7.4,7.5,3246,0
UNI,60,20241128,130000,7.44,7.48,7.38,7.48,947,0
UNI,60,20241128,140000,7.46,7.5,7.46,7.48,1508,0
UNI,60,20241128,160000,7.44,7.56,7.44,7.56,1102,0
UNI,60,20241128,170000,7.5,7.58,7.5,7.58,1232,0
UNI,60,20241129,100000,7.58,7.62,7.38,7.38,1553,0
UNI,60,20241129,110000,7.4,7.4,7.4,7.4,895,0
UNI,60,20241129,120000,7.4,7.5,7.4,7.5,124,0
UNI,60,20241129,130000,7.44,7.56,7.44,7.56,484,0
UNI,60,20241129,140000,7.56,7.56,7.52,7.52,71,0
UNI,60,20241129,150000,7.5,7.5,7.34,7.34,5795,0
UNI,60,20241129,160000,7.34,7.38,7.32,7.38,24242,0
UNI,60,20241129,170000,7.38,7.4,7.34,7.4,6373,0
UNI,60,20241202,100000,7.34,7.52,7.34,7.52,3915,0
UNI,60,20241202,110000,7.52,7.56,7.42,7.54,1805,0
UNI,60,20241202,120000,7.56,7.56,7.5,7.54,962,0
UNI,60,20241202,130000,7.54,7.58,7.54,7.58,840,0
UNI,60,20241202,140000,7.58,7.58,7.44,7.5,774,0
UNI,60,20241202,150000,7.46,7.46,7.34,7.38,2800,0
UNI,60,20241202,160000,7.38,7.38,7.38,7.38,738,0
UNI,60,20241202,170000,7.34,7.38,7.34,7.34,1013,0
UNI,60,20241203,100000,7.36,7.36,7.14,7.14,11586,0
UNI,60,20241203,110000,7.16,7.18,7.02,7.16,9269,0
UNI,60,20241203,120000,7.1,7.16,7.02,7.02,5948,0
UNI,60,20241203,130000,7.14,7.16,7.14,7.16,1282,0
UNI,60,20241203,140000,7.08,7.24,7.08,7.14,4958,0
UNI,60,20241203,150000,7.1,7.14,7.1,7.12,495,0
UNI,60,20241203,160000,7.22,7.22,7.22,7.22,22,0
UNI,60,20241203,170000,7.22,7.24,7.22,7.24,428,0
UNI,60,20241204,100000,7.22,7.26,7.2,7.2,1014,0
UNI,60,20241204,120000,7.26,7.26,7.18,7.26,2146,0
UNI,60,20241204,140000,7.26,7.26,7.24,7.24,1213,0
UNI,60,20241204,150000,7.26,7.3,7.24,7.3,1706,0
UNI,60,20241204,160000,7.22,7.3,7.16,7.3,1468,0
UNI,60,20241204,170000,7.2,7.2,7.2,7.2,288,0
UNI,60,20241205,100000,7.2,7.36,7.2,7.32,1223,0
UNI,60,20241205,110000,7.3,7.3,7.24,7.24,385,0
UNI,60,20241205,120000,7.24,7.28,7.18,7.24,2086,0
UNI,60,20241205,130000,7.24,7.24,7.24,7.24,346,0
UNI,60,20241205,140000,7.24,7.24,7.16,7.16,823,0
UNI,60,20241205,150000,7.2,7.22,7.18,7.2,2416,0
UNI,60,20241205,160000,7.2,7.22,7.2,7.2,550,0
UNI,60,20241205,170000,7.18,7.18,7.14,7.14,5000,0
UNI,60,20241206,100000,7.18,7.3,7.14,7.26,8919,0
UNI,60,20241206,110000,7.22,7.24,7.18,7.18,1093,0
UNI,60,20241206,120000,7.18,7.18,7.16,7.16,1887,0
UNI,60,20241206,130000,7.18,7.18,7.18,7.18,150,0
UNI,60,20241206,140000,7.22,7.22,7.2,7.22,1009,0
UNI,60,20241206,150000,7.22,7.24,7.16,7.16,1594,0
UNI,60,20241206,160000,7.16,7.16,7.12,7.12,3200,0
UNI,60,20241206,170000,7.24,7.26,7.24,7.26,19,0
UNI,60,20241209,100000,7.28,7.28,7.1,7.18,2358,0
UNI,60,20241209,110000,7.18,7.22,7.16,7.18,595,0
UNI,60,20241209,120000,7.18,7.22,7.18,7.18,493,0
UNI,60,20241209,130000,7.18,7.24,7.18,7.22,1689,0
UNI,60,20241209,140000,7.22,7.28,7.2,7.22,1847,0
UNI,60,20241209,150000,7.22,7.28,7.22,7.24,5625,0
UNI,60,20241209,160000,7.24,7.24,7.24,7.24,250,0
UNI,60,20241209,170000,7.24,7.24,7.22,7.24,1000,0
UNI,60,20241210,100000,7.24,7.28,7.22,7.28,2241,0
UNI,60,20241210,110000,7.24,7.26,7.22,7.26,1401,0
UNI,60,20241210,120000,7.22,7.22,7.22,7.22,10,0
UNI,60,20241210,130000,7.24,7.26,7.2,7.2,4879,0
UNI,60,20241210,140000,7.2,7.22,7.2,7.22,776,0
UNI,60,20241210,150000,7.22,7.26,7.22,7.26,955,0
UNI,60,20241210,160000,7.24,7.24,7.16,7.16,464,0
UNI,60,20241210,170000,7.2,7.24,7.14,7.14,3332,0
UNI,60,20241211,100000,7.2,7.2,7.14,7.14,2483,0
UNI,60,20241211,110000,7.2,7.22,7.2,7.22,662,0
UNI,60,20241211,120000,7.16,7.22,7.14,7.22,440,0
UNI,60,20241211,130000,7.14,7.18,7.1,7.18,2896,0
UNI,60,20241211,140000,7.12,7.12,7.04,7.04,3339,0
UNI,60,20241211,150000,7.04,7.12,7.04,7.04,201449,0
UNI,60,20241211,160000,7.08,7.08,7.04,7.04,102,0
UNI,60,20241211,170000,7.02,7.08,7.02,7.02,1916,0
UNI,60,20241212,100000,7.02,7.14,6.96,7.12,5568,0
UNI,60,20241212,110000,7,7,6.9,6.9,3500,0
UNI,60,20241212,120000,7.02,7.02,6.92,7.02,42,0
UNI,60,20241212,130000,7.02,7.02,7,7,600,0
UNI,60,20241212,140000,6.96,7.1,6.96,7.1,2249,0
UNI,60,20241212,150000,7,7.02,6.94,7.02,925,0
UNI,60,20241212,160000,7.04,7.04,7.04,7.04,800,0
UNI,60,20241212,170000,7.1,7.14,7.1,7.14,595,0
UNI,60,20241213,100000,7.14,7.14,6.92,7.14,1408,0
UNI,60,20241213,110000,7.14,7.14,7,7,531,0
UNI,60,20241213,120000,7,7.04,7,7.04,622,0
UNI,60,20241213,130000,7.04,7.14,7.04,7.14,250,0
UNI,60,20241213,140000,7.02,7.02,7,7,515,0
UNI,60,20241213,150000,7.02,7.02,7.02,7.02,1600,0
UNI,60,20241213,160000,7.04,7.1,7.04,7.1,23,0
UNI,60,20241213,170000,7.08,7.1,7.02,7.02,624,0
UNI,60,20241216,100000,7.04,7.06,6.96,7.04,3963,0
UNI,60,20241216,110000,7.08,7.12,7.08,7.1,6377,0
UNI,60,20241216,120000,7.04,7.04,7,7,3198,0
UNI,60,20241216,130000,6.98,7.08,6.98,7.08,707,0
UNI,60,20241216,140000,7.02,7.02,7.02,7.02,270,0
UNI,60,20241216,150000,7,7,7,7,600,0
UNI,60,20241216,160000,7,7.04,7,7.02,1110,0
UNI,60,20241216,170000,7,7.02,7,7.02,146,0
UNI,60,20241217,100000,7.04,7.06,7,7.04,1961,0
UNI,60,20241217,110000,7,7,7,7,62,0
UNI,60,20241217,120000,7,7,7,7,293,0
UNI,60,20241217,130000,7,7.04,7,7,8496,0
UNI,60,20241217,140000,7,7,6.92,6.92,10130,0
UNI,60,20241217,150000,7,7.02,6.98,7,1830,0
UNI,60,20241217,160000,7,7,7,7,136,0
UNI,60,20241217,170000,7,7.02,7,7.02,256,0
UNI,60,20241218,100000,7,7,6.92,7,1314,0
UNI,60,20241218,110000,6.98,6.98,6.94,6.94,72,0
UNI,60,20241218,120000,6.94,6.94,6.9,6.9,1183,0
UNI,60,20241218,140000,6.92,6.92,6.9,6.9,1097,0
UNI,60,20241218,150000,6.9,6.96,6.9,6.96,9568,0
UNI,60,20241218,160000,6.96,6.96,6.94,6.94,1540,0
UNI,60,20241218,170000,6.98,6.98,6.98,6.98,705,0
UNI,60,20241219,100000,6.98,6.98,6.92,6.94,1042,0
UNI,60,20241219,110000,6.96,6.96,6.96,6.96,150,0
UNI,60,20241219,120000,6.98,6.98,6.96,6.96,650,0
UNI,60,20241219,130000,6.96,6.96,6.92,6.92,1761,0
UNI,60,20241219,150000,6.92,6.92,6.92,6.92,26,0
UNI,60,20241219,160000,6.94,6.96,6.9,6.9,3778,0
UNI,60,20241219,170000,6.92,6.98,6.92,6.98,1603,0
UNI,60,20241220,100000,6.98,7,6.9,6.9,1401,0
UNI,60,20241220,110000,6.9,6.98,6.88,6.94,9307,0
UNI,60,20241220,120000,6.98,6.98,6.94,6.94,1290,0
UNI,60,20241220,130000,7,7,6.96,6.96,2745,0
UNI,60,20241220,140000,7,7,6.98,6.98,1250,0
UNI,60,20241220,150000,6.98,7,6.98,7,2224,0
UNI,60,20241220,160000,7,7,6.98,6.98,2757,0
UNI,60,20241220,170000,6.98,6.98,6.92,6.98,1029,0
UNI,60,20241223,100000,7,7.08,7,7.02,3306,0
UNI,60,20241223,110000,7.02,7.02,6.98,6.98,688,0
UNI,60,20241223,120000,7,7,6.94,6.94,2718,0
UNI,60,20241223,130000,6.94,6.98,6.94,6.94,1895,0
UNI,60,20241223,140000,6.96,7,6.96,6.98,1105,0
UNI,60,20241223,150000,6.96,6.96,6.96,6.96,42,0
UNI,60,20241223,170000,6.98,7.04,6.94,7.04,7751,0
UNI,60,20241227,100000,7.04,7.08,7.04,7.08,305,0
UNI,60,20241227,110000,7.08,7.14,7.08,7.14,584,0
UNI,60,20241227,120000,7.14,7.2,7.14,7.14,4613,0
UNI,60,20241227,130000,7.18,7.18,7.12,7.12,24,0
UNI,60,20241227,140000,7.18,7.18,7.18,7.18,3,0
UNI,60,20241227,150000,7.18,7.18,7.18,7.18,2,0
UNI,60,20241227,170000,7.12,7.12,7.04,7.04,2382,0
UNI,60,20241230,100000,7.14,7.2,7.14,7.2,1234,0
UNI,60,20241230,110000,7.18,7.24,7.18,7.24,3236,0
UNI,60,20241230,120000,7.26,7.3,7.26,7.28,1376,0
UNI,60,20241230,130000,7.3,7.32,7.3,7.32,410,0
UNI,60,20241230,140000,7.32,7.34,7.28,7.34,2168,0
UNI,60,20241230,150000,7.32,7.32,7.28,7.28,726,0
UNI,60,20241230,160000,7.3,7.3,7.28,7.28,30,0
UNI,60,20241230,170000,7.28,7.3,7.24,7.28,2917,0
UNI,60,20250102,100000,7.3,7.48,7.3,7.44,5802,0
UNI,60,20250102,110000,7.48,7.56,7.46,7.46,13124,0
UNI,60,20250102,120000,7.5,7.56,7.5,7.5,20787,0
UNI,60,20250102,130000,7.5,7.5,7.4,7.5,1617,0
UNI,60,20250102,140000,7.5,7.52,7.5,7.5,1649,0
UNI,60,20250102,150000,7.5,7.5,7.46,7.5,1210,0
UNI,60,20250102,160000,7.5,7.68,7.5,7.68,2949,0
UNI,60,20250102,170000,7.66,7.82,7.66,7.82,3048,0
UNI,60,20250103,100000,7.84,7.86,7.82,7.86,1466,0
UNI,60,20250103,110000,7.84,7.88,7.82,7.88,850,0
UNI,60,20250103,120000,7.88,7.98,7.88,7.98,1905,0
UNI,60,20250103,130000,7.94,7.94,7.94,7.94,43,0
UNI,60,20250103,140000,7.94,7.98,7.94,7.98,263,0
UNI,60,20250103,150000,7.98,8,7.88,8,2982,0
UNI,60,20250103,160000,7.98,7.98,7.88,7.96,163,0
UNI,60,20250103,170000,7.96,7.96,7.9,7.9,1130,0
UNI,60,20250107,100000,8,8.14,8,8.12,4775,0
UNI,60,20250107,110000,8.12,8.28,8.12,8.22,2204,0
UNI,60,20250107,120000,8.2,8.52,8.12,8.12,13762,0
UNI,60,20250107,130000,8.22,8.46,8.22,8.34,762,0
UNI,60,20250107,140000,8.4,8.4,8.16,8.16,6946,0
UNI,60,20250107,150000,8.18,8.28,8.18,8.28,445,0
UNI,60,20250107,160000,8.28,8.3,8.28,8.3,6064,0
UNI,60,20250107,170000,8.3,8.42,8.3,8.42,655,0
UNI,60,20250108,100000,8.5,8.6,8.06,8.18,9786,0
UNI,60,20250108,110000,8.26,8.28,8.24,8.28,1311,0
UNI,60,20250108,120000,8.24,8.26,8.16,8.26,222,0
UNI,60,20250108,130000,8.24,8.26,8.24,8.26,60,0
UNI,60,20250108,140000,8.26,8.3,8.26,8.3,1241,0
UNI,60,20250108,150000,8.3,8.3,8.3,8.3,549,0
UNI,60,20250108,160000,8.3,8.3,8.3,8.3,605,0
UNI,60,20250108,170000,8.26,8.3,8.26,8.3,294,0
UNI,60,20250109,100000,8.32,8.4,8.32,8.4,6841,0
UNI,60,20250109,110000,8.32,8.44,8.32,8.44,1586,0
UNI,60,20250109,120000,8.32,8.4,8.32,8.4,77265,0
UNI,60,20250109,130000,8.4,8.4,8.3,8.38,7584,0
UNI,60,20250109,140000,8.4,8.4,8.3,8.3,3455,0
UNI,60,20250109,160000,8.4,8.4,8.34,8.4,542,0
UNI,60,20250109,170000,8.38,8.38,8.38,8.38,89,0
UNI,60,20250110,100000,8.4,8.44,8.38,8.38,58550,0
UNI,60,20250110,110000,8.34,8.34,8.3,8.3,314,0
UNI,60,20250110,120000,8.26,8.26,8.22,8.22,6,0
UNI,60,20250110,130000,8.24,8.24,8.1,8.1,777,0
UNI,60,20250110,140000,8.12,8.18,8.12,8.18,79,0
UNI,60,20250110,150000,8.18,8.3,8.18,8.3,659,0
UNI,60,20250110,170000,8.28,8.34,8.24,8.24,667,0
UNI,60,20250113,100000,8.2,8.24,8.16,8.22,631,0
UNI,60,20250113,110000,8.22,8.22,8.22,8.22,30,0
UNI,60,20250113,120000,8.18,8.22,8.18,8.22,123,0
UNI,60,20250113,130000,8.22,8.22,8.22,8.22,181,0
UNI,60,20250113,150000,8.18,8.18,8.16,8.16,39,0
UNI,60,20250113,160000,8.22,8.24,8.22,8.24,367,0
UNI,60,20250113,170000,8.24,8.24,8.24,8.24,387,0
UNI,60,20250114,100000,8.18,8.18,8.1,8.14,2450,0
UNI,60,20250114,110000,8.14,8.14,8,8.04,888,0
UNI,60,20250114,130000,8.04,8.1,8.04,8.1,54,0
UNI,60,20250114,140000,8.1,8.16,8.1,8.16,842,0
UNI,60,20250114,150000,8.06,8.06,7.98,7.98,1826,0
UNI,60,20250114,160000,7.98,7.98,7.98,7.98,10,0
UNI,60,20250114,170000,7.98,8,7.94,8,1362,0
UNI,60,20250115,100000,8,8.2,8,8.2,629,0
UNI,60,20250115,110000,8.18,8.18,8.18,8.18,2,0
UNI,60,20250115,120000,8.18,8.18,8.18,8.18,150,0
UNI,60,20250115,130000,8.1,8.1,7.8,7.94,5481,0
UNI,60,20250115,140000,7.92,7.92,7.92,7.92,11,0
UNI,60,20250115,150000,7.94,7.94,7.94,7.94,2,0
UNI,60,20250115,160000,7.98,8,7.98,8,108,0
UNI,60,20250116,100000,7.92,7.92,7.8,7.84,1007,0
UNI,60,20250116,110000,7.96,7.96,7.96,7.96,20,0
UNI,60,20250116,120000,7.98,8,7.96,8,403,0
UNI,60,20250116,130000,7.98,8,7.88,7.88,210,0
UNI,60,20250116,140000,8,8,8,8,620,0
UNI,60,20250116,150000,7.9,7.9,7.9,7.9,238,0
UNI,60,20250116,170000,7.98,8,7.92,7.92,273,0
UNI,60,20250117,100000,8,8,7.9,7.9,1334,0
UNI,60,20250117,110000,7.9,7.9,7.9,7.9,203,0
UNI,60,20250117,130000,7.98,8,7.98,8,998,0
UNI,60,20250117,140000,8,8,8,8,304,0
UNI,60,20250117,150000,8,8.1,8,8.1,707,0
UNI,60,20250117,160000,8.1,8.12,8.08,8.12,1254,0
UNI,60,20250117,170000,8.08,8.08,8.08,8.08,48,0
UNI,60,20250120,100000,8.1,8.12,8.1,8.12,783,0
UNI,60,20250120,110000,8.12,8.12,8,8.1,2170,0
UNI,60,20250120,120000,8.08,8.28,8.08,8.28,3673,0
UNI,60,20250120,130000,8.24,8.24,8.22,8.24,408,0
UNI,60,20250120,140000,8.24,8.34,8.24,8.32,119,0
UNI,60,20250120,150000,8.32,8.36,8.32,8.32,1030,0
UNI,60,20250120,160000,8.36,8.44,8.36,8.44,3431,0
UNI,60,20250120,170000,8.42,8.44,8.32,8.42,1103,0
UNI,60,20250121,100000,8.42,8.52,8.42,8.42,1809,0
UNI,60,20250121,110000,8.42,8.54,8.36,8.54,3869,0
UNI,60,20250121,120000,8.5,8.56,8.44,8.46,1129,0
UNI,60,20250121,130000,8.46,8.58,8.46,8.58,574,0
UNI,60,20250121,140000,8.58,8.6,8.46,8.6,4065,0
UNI,60,20250121,150000,8.58,8.6,8.58,8.58,1520,0
UNI,60,20250121,160000,8.56,8.6,8.56,8.56,599,0
UNI,60,20250121,170000,8.56,8.6,8.54,8.6,2805,0
UNI,60,20250122,100000,8.44,8.82,8.44,8.82,3876,0
UNI,60,20250122,110000,8.82,8.82,8.7,8.82,1593,0
UNI,60,20250122,120000,8.86,9,8.82,9,3327,0
UNI,60,20250122,130000,8.9,9,8.9,9,536,0
UNI,60,20250122,140000,8.94,9,8.94,9,400,0
UNI,60,20250122,150000,8.92,8.98,8.9,8.98,331,0
UNI,60,20250122,160000,8.9,8.98,8.9,8.98,1000,0
UNI,60,20250122,170000,8.96,9.1,8.96,9.1,4646,0
UNI,60,20250123,100000,9.08,9.08,8.86,9.06,1534,0
UNI,60,20250123,110000,9.02,9.06,8.86,8.86,560,0
UNI,60,20250123,120000,9.02,9.08,9.02,9.08,1500,0
UNI,60,20250123,130000,9.1,9.1,8.94,9.08,41624,0
UNI,60,20250123,140000,9.1,9.1,9.1,9.1,106,0
UNI,60,20250123,150000,9.1,9.1,9.1,9.1,48,0
UNI,60,20250123,170000,9.08,9.1,8.92,8.92,952,0
UNI,60,20250124,100000,8.92,8.96,8.92,8.96,260,0
UNI,60,20250124,110000,9.06,9.08,9.06,9.08,366,0
UNI,60,20250124,120000,9.08,9.08,9,9.08,937,0
UNI,60,20250124,130000,9.02,9.02,9.02,9.02,239,0
UNI,60,20250124,140000,9.08,9.08,9.08,9.08,334,0
UNI,60,20250124,150000,9.02,9.02,9.02,9.02,327,0
UNI,60,20250124,160000,9.08,9.08,9,9,613,0
UNI,60,20250124,170000,9,9.04,8.88,8.92,1215,0
UNI,60,20250127,120000,8.78,8.78,8.78,8.78,260,0
UNI,60,20250127,130000,8.8,8.8,8.78,8.78,420,0
UNI,60,20250127,140000,8.78,9,8.78,9,3230,0
UNI,60,20250127,150000,8.96,8.98,8.84,8.84,135,0
UNI,60,20250127,160000,8.96,8.96,8.96,8.96,35,0
UNI,60,20250127,170000,8.98,8.98,8.78,8.96,1683,0
UNI,60,20250128,100000,8.96,9,8.9,8.9,1146,0
UNI,60,20250128,110000,8.92,9.04,8.92,9.04,67,0
UNI,60,20250128,120000,9.04,9.04,8.9,8.9,529,0
UNI,60,20250128,130000,9.02,9.02,9.02,9.02,9,0
UNI,60,20250128,140000,9,9,9,9,1125,0
UNI,60,20250128,150000,8.9,8.9,8.82,8.82,450,0
UNI,60,20250128,160000,8.96,8.96,8.88,8.88,165,0
UNI,60,20250128,170000,8.96,9,8.96,8.96,33,0
UNI,60,20250129,100000,8.98,8.98,8.78,8.78,303,0
UNI,60,20250129,110000,8.78,8.9,8.78,8.9,253,0
UNI,60,20250129,120000,8.82,8.82,8.8,8.8,661,0
UNI,60,20250129,130000,8.8,9,8.8,9,1150,0
UNI,60,20250129,140000,9,9.04,9,9.04,291,0
UNI,60,20250129,150000,9.04,9.04,9.04,9.04,20,0
UNI,60,20250129,160000,9.02,9.02,9.02,9.02,20,0
UNI,60,20250129,170000,8.94,8.94,8.86,8.86,358,0
UNI,60,20250130,100000,8.9,8.92,8.78,8.82,1140,0
UNI,60,20250130,110000,8.82,8.82,8.78,8.8,685,0
UNI,60,20250130,120000,8.82,8.82,8.82,8.82,10,0
UNI,60,20250130,140000,8.8,8.8,8.8,8.8,50,0
UNI,60,20250130,150000,8.8,8.8,8.78,8.78,1070,0
UNI,60,20250130,160000,8.8,8.8,8.78,8.78,676,0
UNI,60,20250130,170000,8.8,8.82,8.8,8.82,503,0
UNI,60,20250131,100000,8.9,8.9,8.8,8.8,381,0
UNI,60,20250131,120000,8.84,8.84,8.8,8.84,488,0
UNI,60,20250131,140000,8.8,8.8,8.72,8.72,273,0
UNI,60,20250131,150000,8.74,8.74,8.74,8.74,129,0
UNI,60,20250131,160000,8.74,8.82,8.74,8.74,153,0
UNI,60,20250131,170000,8.72,8.8,8.62,8.8,1492,0
UNI,60,20250203,100000,8.84,8.84,8.66,8.66,2794,0
UNI,60,20250203,110000,8.66,8.7,8.5,8.52,2488,0
UNI,60,20250203,120000,8.52,8.52,8.52,8.52,3,0
UNI,60,20250203,130000,8.6,8.6,8.3,8.44,9898,0
UNI,60,20250203,140000,8.44,8.5,8.42,8.42,2060,0
UNI,60,20250203,150000,8.46,8.46,8.46,8.46,52,0
UNI,60,20250203,160000,8.44,8.44,8.44,8.44,55,0
UNI,60,20250203,170000,8.48,8.5,8.42,8.5,590,0
UNI,60,20250204,100000,8.5,8.78,8.5,8.72,3576,0
UNI,60,20250204,110000,8.66,8.82,8.66,8.82,621,0
UNI,60,20250204,120000,8.8,8.82,8.8,8.82,239,0
UNI,60,20250204,130000,8.82,8.82,8.72,8.76,233,0
UNI,60,20250204,140000,8.76,8.88,8.76,8.84,2085,0
UNI,60,20250204,150000,8.86,8.92,8.84,8.92,1563,0
UNI,60,20250204,160000,8.9,8.9,8.84,8.84,783,0
UNI,60,20250204,170000,8.84,8.88,8.82,8.88,261,0
UNI,60,20250205,100000,8.94,8.96,8.86,8.96,384,0
UNI,60,20250205,130000,8.9,8.9,8.82,8.82,308,0
UNI,60,20250205,140000,8.82,8.82,8.82,8.82,114,0
UNI,60,20250205,150000,8.9,8.9,8.9,8.9,9,0
UNI,60,20250205,160000,8.84,8.84,8.8,8.8,624,0
UNI,60,20250205,170000,8.8,8.86,8.8,8.86,746,0
UNI,60,20250206,100000,8.86,8.86,8.82,8.84,1085,0
UNI,60,20250206,110000,8.86,8.86,8.86,8.86,302,0
UNI,60,20250206,120000,8.86,8.86,8.84,8.84,5,0
UNI,60,20250206,130000,8.84,8.84,8.8,8.8,937,0
UNI,60,20250206,140000,8.8,8.84,8.8,8.84,880,0
UNI,60,20250206,150000,8.8,8.84,8.8,8.8,579,0
UNI,60,20250206,160000,8.84,8.86,8.84,8.86,704,0
UNI,60,20250206,170000,8.86,8.9,8.86,8.9,1200,0
UNI,60,20250207,100000,8.92,9,8.78,9,1526,0
UNI,60,20250207,110000,8.96,8.96,8.96,8.96,1150,0
UNI,60,20250207,120000,8.86,8.92,8.8,8.92,172,0
UNI,60,20250207,130000,8.92,9,8.92,9,1019,0
UNI,60,20250207,140000,8.92,8.92,8.92,8.92,101,0
UNI,60,20250207,150000,8.92,8.94,8.92,8.94,65,0
UNI,60,20250207,160000,8.94,9,8.86,8.86,2216,0
UNI,60,20250207,170000,8.86,9,8.8,9,1365,0
UNI,60,20250210,100000,9,9,8.92,8.96,1207,0
UNI,60,20250210,110000,8.96,8.96,8.96,8.96,276,0
UNI,60,20250210,120000,8.96,9,8.84,8.98,3652,0
UNI,60,20250210,130000,8.96,8.98,8.96,8.96,204,0
UNI,60,20250210,140000,8.96,8.96,8.96,8.96,498,0
UNI,60,20250210,150000,8.94,8.96,8.9,8.96,931,0
UNI,60,20250210,160000,8.96,8.96,8.86,8.96,800,0
UNI,60,20250211,100000,8.9,8.96,8.9,8.96,563,0
UNI,60,20250211,110000,8.96,8.96,8.96,8.96,48,0
UNI,60,20250211,120000,8.98,9,8.96,8.96,283,0
UNI,60,20250211,130000,8.96,9.32,8.96,9.1,175663,0
UNI,60,20250211,140000,9.1,9.1,9.02,9.02,2140,0
UNI,60,20250211,150000,9.1,9.1,8.92,8.92,4675,0
UNI,60,20250211,160000,8.92,9,8.92,9,70,0
UNI,60,20250211,170000,8.92,8.98,8.9,8.96,2903,0
UNI,60,20250212,100000,8.96,9.1,8.96,9,5645,0
UNI,60,20250212,110000,9.02,9.02,8.96,8.96,829,0
UNI,60,20250212,120000,8.96,8.96,8.96,8.96,204,0
UNI,60,20250212,130000,8.96,8.96,8.96,8.96,2,0
UNI,60,20250212,140000,8.96,8.96,8.92,8.92,1202,0
UNI,60,20250212,150000,8.94,8.94,8.88,8.88,2189,0
UNI,60,20250212,160000,8.86,8.98,8.84,8.9,2012,0
UNI,60,20250212,170000,8.9,8.9,8.9,8.9,2,0
UNI,60,20250213,100000,8.98,9.1,8.98,9.08,3208,0
UNI,60,20250213,110000,9.08,9.08,9.08,9.08,684,0
UNI,60,20250213,120000,9.08,9.08,9.04,9.04,68,0
UNI,60,20250213,130000,9.04,9.04,8.92,8.98,1594,0
UNI,60,20250213,140000,8.92,8.92,8.92,8.92,48,0
UNI,60,20250213,150000,8.92,8.92,8.92,8.92,122,0
UNI,60,20250213,160000,8.92,8.92,8.9,8.9,38,0
UNI,60,20250213,170000,9.02,9.02,9.02,9.02,201,0
UNI,60,20250214,100000,9.02,9.04,8.8,8.9,4052,0
UNI,60,20250214,110000,8.9,8.9,8.9,8.9,160,0
UNI,60,20250214,120000,8.92,9,8.88,8.88,1612,0
UNI,60,20250214,130000,8.9,8.9,8.9,8.9,500,0
UNI,60,20250214,140000,9.04,9.04,9.04,9.04,2,0
UNI,60,20250214,150000,9.04,9.06,9.04,9.06,80,0
UNI,60,20250214,160000,9.06,9.08,9,9.06,1063,0
UNI,60,20250214,170000,9.06,9.1,8.9,8.9,2427,0
UNI,60,20250217,100000,8.9,9.1,8.9,9.08,2014,0
UNI,60,20250217,110000,9,9.06,8.9,8.9,1945,0
UNI,60,20250217,120000,9,9.1,9,9.1,1754,0
UNI,60,20250217,130000,9.08,9.08,8.96,8.96,700,0
UNI,60,20250217,140000,9.06,9.1,9.06,9.1,1307,0
UNI,60,20250217,150000,9.1,9.1,9.1,9.1,1297,0
UNI,60,20250217,160000,9.1,9.32,9,9.1,6188,0
UNI,60,20250217,170000,9.1,9.1,9.08,9.1,748,0
UNI,60,20250218,100000,9.1,9.1,9.08,9.08,975,0
UNI,60,20250218,110000,9.08,9.08,9.08,9.08,245,0
UNI,60,20250218,120000,9.08,9.08,9.08,9.08,14,0
UNI,60,20250218,130000,9,9,8.98,8.98,539,0
UNI,60,20250218,140000,9.06,9.06,9.06,9.06,10,0
UNI,60,20250218,150000,9.04,9.04,9.04,9.04,2,0
UNI,60,20250218,160000,9,9,8.5,8.8,11161,0
UNI,60,20250218,170000,8.84,8.94,8.8,8.94,1678,0
UNI,60,20250219,100000,8.9,8.9,8.8,8.8,1680,0
UNI,60,20250219,110000,8.8,8.8,8.8,8.8,1075,0
UNI,60,20250219,120000,8.9,8.9,8.68,8.86,1154,0
UNI,60,20250219,130000,8.8,8.8,8.8,8.8,4,0
UNI,60,20250219,140000,8.8,8.8,8.8,8.8,6,0
UNI,60,20250219,150000,8.72,8.72,8.62,8.68,2750,0
UNI,60,20250219,160000,8.68,8.68,8.64,8.64,5767,0
UNI,60,20250219,170000,8.64,8.76,8.62,8.62,2759,0
UNI,60,20250220,100000,8.78,8.78,8.62,8.78,278,0
UNI,60,20250220,110000,8.74,8.74,8.74,8.74,224,0
UNI,60,20250220,120000,8.74,8.74,8.7,8.7,905,0
UNI,60,20250220,130000,8.7,8.7,8.62,8.62,1020,0
UNI,60,20250220,140000,8.68,8.68,8.68,8.68,42,0
UNI,60,20250220,150000,8.68,8.68,8.68,8.68,10,0
UNI,60,20250220,160000,8.64,8.68,8.64,8.68,2264,0
UNI,60,20250220,170000,8.68,8.68,8.68,8.68,3,0
UNI,60,20250221,100000,8.74,8.78,8.6,8.62,2920,0
UNI,60,20250221,110000,8.64,8.64,8.62,8.62,50,0
UNI,60,20250221,120000,8.64,8.64,8.64,8.64,100,0
UNI,60,20250221,130000,8.7,8.72,8.7,8.72,97,0
UNI,60,20250221,140000,8.72,8.72,8.72,8.72,583,0
UNI,60,20250221,150000,8.72,8.72,8.72,8.72,1486,0
UNI,60,20250221,160000,8.72,8.8,8.72,8.8,1786,0
UNI,60,20250221,170000,8.8,8.9,8.8,8.9,1310,0
UNI,60,20250224,100000,9,9,8.8,8.9,4045,0
UNI,60,20250224,110000,8.9,8.9,8.9,8.9,213,0
UNI,60,20250224,120000,8.98,8.98,8.9,8.9,63,0
UNI,60,20250224,140000,8.9,8.9,8.9,8.9,216,0
UNI,60,20250224,150000,8.9,8.9,8.9,8.9,49,0
UNI,60,20250224,160000,8.9,8.9,8.9,8.9,70,0
UNI,60,20250224,170000,8.9,8.9,8.82,8.82,28,0
UNI,60,20250225,100000,8.82,8.82,8.82,8.82,535,0
UNI,60,20250225,110000,8.82,8.82,8.8,8.8,114,0
UNI,60,20250225,120000,8.8,8.82,8.7,8.7,802,0
UNI,60,20250225,140000,8.8,8.8,8.7,8.7,162,0
UNI,60,20250225,150000,8.8,8.82,8.8,8.82,687,0
UNI,60,20250226,100000,8.88,8.9,8.88,8.9,12,0
UNI,60,20250226,130000,8.9,8.9,8.84,8.84,658,0
UNI,60,20250226,140000,8.84,8.84,8.84,8.84,173,0
UNI,60,20250226,150000,8.82,8.84,8.82,8.84,121,0
UNI,60,20250226,160000,8.84,8.84,8.84,8.84,79,0
UNI,60,20250226,170000,8.82,8.9,8.82,8.9,329,0
UNI,60,20250227,100000,8.88,8.9,8.88,8.88,43,0
UNI,60,20250227,110000,8.88,8.88,8.88,8.88,7,0
UNI,60,20250227,130000,8.84,8.84,8.82,8.82,1000,0
UNI,60,20250227,140000,8.82,8.88,8.82,8.88,107,0
UNI,60,20250227,150000,8.88,8.9,8.6,8.6,5175,0
UNI,60,20250227,160000,8.6,8.64,8.52,8.64,4322,0
UNI,60,20250227,170000,8.66,8.72,8.66,8.72,1067,0
UNI,60,20250228,100000,8.72,8.72,8.64,8.64,520,0
UNI,60,20250228,110000,8.68,8.68,8.64,8.64,22,0
UNI,60,20250228,120000,8.68,8.68,8.58,8.58,182,0
UNI,60,20250228,130000,8.66,8.66,8.66,8.66,65,0
UNI,60,20250228,140000,8.66,8.68,8.66,8.68,185,0
UNI,60,20250228,150000,8.7,8.7,8.7,8.7,6,0
UNI,60,20250228,160000,8.7,8.7,8.7,8.7,17,0
UNI,60,20250303,100000,8.72,8.74,8.6,8.74,355,0
UNI,60,20250303,110000,8.74,8.78,8.6,8.6,320,0
UNI,60,20250303,120000,8.6,8.8,8.6,8.8,1130,0
UNI,60,20250303,140000,8.6,8.62,8.6,8.62,12,0
UNI,60,20250303,150000,8.8,8.8,8.8,8.8,5,0
UNI,60,20250303,160000,8.7,8.8,8.7,8.8,415,0
UNI,60,20250303,170000,8.78,8.8,8.78,8.8,300,0
UNI,60,20250304,100000,8.8,8.8,8.62,8.62,282,0
UNI,60,20250304,110000,8.62,8.62,8.54,8.54,1060,0
UNI,60,20250304,130000,8.56,8.56,8.52,8.52,1214,0
UNI,60,20250304,140000,8.52,8.52,8.5,8.5,629,0
UNI,60,20250304,150000,8.5,8.56,8.3,8.3,1993,0
UNI,60,20250304,160000,8.38,8.56,8.38,8.42,5996,0
UNI,60,20250304,170000,8.42,8.64,8.42,8.5,2967,0
UNI,60,20250305,100000,8.44,8.64,8.44,8.64,548,0
UNI,60,20250305,110000,8.5,8.58,8.5,8.58,80,0
UNI,60,20250305,120000,8.58,8.6,8.58,8.6,23,0
UNI,60,20250305,130000,8.6,8.6,8.6,8.6,5,0
UNI,60,20250305,140000,8.6,8.6,8.6,8.6,30,0
UNI,60,20250305,150000,8.62,8.62,8.62,8.62,36,0
UNI,60,20250305,160000,8.5,8.52,8.5,8.52,100,0
UNI,60,20250305,170000,8.62,8.76,8.62,8.76,728,0
UNI,60,20250306,100000,8.76,8.8,8.76,8.8,230,0
UNI,60,20250306,110000,8.72,8.72,8.2,8.4,6114,0
UNI,60,20250306,120000,8.46,8.54,8.46,8.54,150,0
UNI,60,20250306,130000,8.56,8.6,8.56,8.6,427,0
UNI,60,20250306,140000,8.6,8.62,8.6,8.62,155,0
UNI,60,20250306,150000,8.62,8.62,8.62,8.62,12,0
UNI,60,20250307,100000,8.64,8.7,8.6,8.7,727,0
UNI,60,20250307,110000,8.72,8.72,8.7,8.7,520,0
UNI,60,20250307,120000,8.7,8.7,8.7,8.7,135,0
UNI,60,20250307,130000,8.7,8.7,8.7,8.7,73,0
UNI,60,20250307,150000,8.72,8.8,8.72,8.8,500,0
UNI,60,20250307,160000,8.68,8.8,8.36,8.36,2990,0
UNI,60,20250307,170000,8.38,8.5,8.38,8.46,330,0
UNI,60,20250310,100000,8.5,8.56,8.48,8.56,425,0
UNI,60,20250310,110000,8.56,8.56,8.56,8.56,12,0
UNI,60,20250310,130000,8.5,8.5,8.5,8.5,250,0
UNI,60,20250310,140000,8.5,8.5,8.48,8.48,115,0
UNI,60,20250310,150000,8.48,8.48,8.46,8.46,127,0
UNI,60,20250310,160000,8.5,8.5,8.44,8.44,51,0
UNI,60,20250311,100000,8.44,8.6,8.44,8.5,1391,0
UNI,60,20250311,110000,8.5,8.5,8.5,8.5,8,0
UNI,60,20250311,120000,8.5,8.6,8.42,8.6,1450,0
UNI,60,20250311,130000,8.58,9.14,8.58,8.78,13708,0
UNI,60,20250311,140000,8.78,8.88,8.78,8.88,3292,0
UNI,60,20250311,150000,8.88,8.94,8.84,8.84,1275,0
UNI,60,20250311,160000,8.84,8.84,8.7,8.78,601,0
UNI,60,20250311,170000,8.9,9.08,8.9,9.08,916,0
UNI,60,20250312,100000,9.1,9.28,9.04,9.04,6035,0
UNI,60,20250312,110000,9.06,9.1,9.04,9.08,655,0
UNI,60,20250312,120000,9.08,9.18,9.08,9.18,1561,0
UNI,60,20250312,130000,9.18,9.2,9.16,9.2,479,0
UNI,60,20250312,140000,9.16,9.16,9.12,9.12,470,0
UNI,60,20250312,150000,9.1,9.12,9.1,9.12,844,0
UNI,60,20250312,160000,9.1,9.12,9.1,9.12,1168,0
UNI,60,20250312,170000,9.12,9.2,9.12,9.2,1897,0
UNI,60,20250313,100000,9.2,9.22,9.04,9.22,2350,0
UNI,60,20250313,110000,9.18,9.18,9.08,9.18,459,0
UNI,60,20250313,120000,9.1,9.2,9.1,9.2,192,0
UNI,60,20250313,130000,9.18,9.18,9.12,9.18,93,0
UNI,60,20250313,140000,9.18,9.2,9.12,9.2,55436,0
UNI,60,20250313,150000,9.2,9.22,9.2,9.2,1004,0
UNI,60,20250313,160000,9.2,9.2,9.2,9.2,66,0
UNI,60,20250313,170000,9.2,9.28,9.2,9.28,2348,0
UNI,60,20250314,100000,9.28,9.5,9.12,9.5,34650,0
UNI,60,20250314,110000,9.5,9.5,9.46,9.46,2931,0
UNI,60,20250314,120000,9.46,9.46,9.44,9.44,125,0
UNI,60,20250314,130000,9.5,9.5,9.4,9.5,5838,0
UNI,60,20250314,140000,9.5,9.52,9.38,9.46,828,0
UNI,60,20250314,150000,9.4,9.48,9.4,9.48,140,0
UNI,60,20250314,160000,9.48,9.48,9.42,9.42,5650,0
UNI,60,20250314,170000,9.48,9.48,9.48,9.48,1226,0
UNI,60,20250317,100000,9.48,9.6,9.48,9.6,124279,0
UNI,60,20250317,110000,9.6,9.6,9.5,9.5,100746,0
UNI,60,20250317,120000,9.56,9.6,9.52,9.6,614,0
UNI,60,20250317,130000,9.6,9.6,9.54,9.54,408,0
UNI,60,20250317,140000,9.54,9.62,9.54,9.6,4951,0
UNI,60,20250317,150000,9.62,9.68,9.6,9.68,739,0
UNI,60,20250317,160000,9.68,9.84,9.64,9.84,26800,0
UNI,60,20250317,170000,9.84,9.86,9.7,9.82,1407,0
UNI,60,20250318,100000,9.88,9.98,9.86,9.96,10931,0
UNI,60,20250318,110000,9.9,9.96,9.86,9.94,1068,0
UNI,60,20250318,120000,9.9,9.94,9.82,9.86,215670,0
UNI,60,20250318,130000,9.82,9.86,9.82,9.82,4740,0
UNI,60,20250318,140000,9.82,10,9.82,10,7684,0
UNI,60,20250318,150000,10.1,10.1,9.92,9.92,2085,0
UNI,60,20250318,160000,9.92,9.92,9.9,9.9,1228,0
UNI,60,20250318,170000,9.92,9.92,9.92,9.92,876,0
UNI,60,20250319,100000,9.9,9.9,9.6,9.6,1516,0
UNI,60,20250319,110000,9.86,9.86,9.5,9.86,986,0
UNI,60,20250319,120000,9.8,9.9,9.6,9.6,201085,0
UNI,60,20250319,130000,9.8,9.8,9.6,9.6,140,0
UNI,60,20250319,140000,9.64,9.7,9.62,9.7,644,0
UNI,60,20250319,150000,9.7,9.7,9.7,9.7,132,0
UNI,60,20250319,160000,9.7,9.76,9.62,9.76,2017,0
UNI,60,20250319,170000,9.6,9.6,9.5,9.5,3687,0
UNI,60,20250320,100000,9.58,9.7,9.58,9.6,261,0
UNI,60,20250320,110000,9.58,9.8,9.52,9.8,462,0
UNI,60,20250320,120000,9.58,9.58,9.52,9.54,589,0
UNI,60,20250320,140000,9.6,9.6,9.54,9.54,450,0
UNI,60,20250320,150000,9.54,9.54,9.54,9.54,632,0
UNI,60,20250320,160000,9.58,9.58,9.58,9.58,44,0
UNI,60,20250320,170000,9.54,9.54,9.22,9.26,8927,0
UNI,60,20250321,100000,9.34,9.6,9.34,9.5,1366,0
UNI,60,20250321,110000,9.5,9.5,9.24,9.26,1965,0
UNI,60,20250321,120000,9.26,9.26,9.22,9.22,690,0
UNI,60,20250321,130000,9.22,9.22,9.22,9.22,50,0
UNI,60,20250321,140000,9.22,9.22,9.22,9.22,120,0
UNI,60,20250321,150000,9.36,9.4,9.36,9.4,920,0
UNI,60,20250321,160000,9.34,9.44,9.34,9.44,4,0
UNI,60,20250324,100000,9.4,9.44,9.4,9.44,1280,0
UNI,60,20250324,120000,9.46,9.5,9.46,9.5,1516,0
UNI,60,20250324,130000,9.5,9.5,9.38,9.48,762,0
UNI,60,20250324,140000,9.46,9.5,9.38,9.38,1300,0
UNI,60,20250324,150000,9.38,9.38,9.38,9.38,1256,0
UNI,60,20250324,160000,9.4,9.4,9.38,9.38,1340,0
UNI,60,20250324,170000,9.5,9.5,9.4,9.4,895,0
UNI,60,20250325,100000,9.4,9.4,9.3,9.4,4926,0
UNI,60,20250325,110000,9.52,9.6,9.4,9.44,1611,0
UNI,60,20250325,120000,9.44,9.68,9.44,9.68,1125,0
UNI,60,20250325,150000,9.62,9.68,9.56,9.56,86,0
UNI,60,20250325,160000,9.66,9.66,9.66,9.66,212,0
UNI,60,20250325,170000,9.66,9.66,9.66,9.66,20,0
UNI,60,20250326,100000,9.7,9.9,9.68,9.9,4919,0
UNI,60,20250326,110000,9.68,9.8,9.66,9.68,2110,0
UNI,60,20250326,120000,9.8,9.8,9.6,9.6,104,0
UNI,60,20250326,130000,9.58,9.6,9.58,9.6,275,0
UNI,60,20250326,140000,9.7,9.7,9.7,9.7,146,0
UNI,60,20250326,150000,9.7,9.7,9.7,9.7,103,0
UNI,60,20250326,160000,9.72,9.72,9.6,9.6,405,0
UNI,60,20250326,170000,9.7,9.78,9.7,9.78,290,0
UNI,60,20250327,100000,9.74,9.74,9.68,9.68,502,0
UNI,60,20250327,110000,9.66,9.66,9.62,9.62,35,0
UNI,60,20250327,120000,9.62,9.62,9.62,9.62,80,0
UNI,60,20250327,130000,9.64,9.7,9.6,9.7,1395,0
UNI,60,20250327,150000,9.68,9.7,9.68,9.7,110,0
UNI,60,20250327,160000,9.68,9.68,9.68,9.68,4,0
UNI,60,20250328,100000,9.66,9.66,9.6,9.6,355,0
UNI,60,20250328,110000,9.66,9.68,9.28,9.42,4901,0
UNI,60,20250328,120000,9.46,9.46,9.46,9.46,112,0
UNI,60,20250328,130000,9.48,9.48,9.46,9.46,991,0
UNI,60,20250328,160000,9.46,9.46,9.46,9.46,306,0
UNI,60,20250328,170000,9.5,9.5,9.5,9.5,1,0
UNI,60,20250331,100000,9.5,9.5,9.38,9.5,243,0
UNI,60,20250331,130000,9.42,9.5,9.38,9.48,1027,0
UNI,60,20250331,140000,9.48,9.48,9.28,9.28,368,0
UNI,60,20250331,150000,9.32,9.32,9.28,9.3,723,0
UNI,60,20250331,160000,9.3,9.3,9.22,9.22,2921,0
UNI,60,20250331,170000,9.22,9.24,9.02,9.24,1250,0
UNI,60,20250401,100000,9.24,9.34,9.12,9.28,324,0
UNI,60,20250401,110000,9.28,9.32,9.28,9.32,216,0
UNI,60,20250401,120000,9.24,9.24,9.24,9.24,70,0
UNI,60,20250401,130000,9.24,9.24,9.22,9.24,301,0
UNI,60,20250401,140000,9.24,9.26,9.24,9.26,23,0
UNI,60,20250401,150000,9.24,9.24,9.24,9.24,3,0
UNI,60,20250401,170000,9.22,9.22,9.22,9.22,5,0
UNI,60,20250402,100000,9.24,9.24,9.24,9.24,10,0
UNI,60,20250402,110000,9.18,9.18,9.16,9.16,2184,0
UNI,60,20250402,140000,9.16,9.16,9.16,9.16,518,0
UNI,60,20250402,160000,9.16,9.16,9.16,9.16,311,0
UNI,60,20250403,100000,9.14,9.14,9.1,9.1,338,0
UNI,60,20250403,120000,9.08,9.08,9,9,3123,0
UNI,60,20250403,130000,9.1,9.1,9,9,2447,0
UNI,60,20250403,140000,9,9,9,9,44,0
UNI,60,20250403,150000,9,9,8.78,8.78,1373,0
UNI,60,20250403,160000,8.84,8.84,8.78,8.78,154,0
UNI,60,20250403,170000,8.88,8.9,8.8,8.9,152,0
UNI,60,20250404,100000,8.74,8.9,8.72,8.72,680,0
UNI,60,20250404,110000,8.72,8.72,8.72,8.72,685,0
UNI,60,20250404,120000,8.72,8.78,8.72,8.78,182,0
UNI,60,20250404,130000,8.78,8.8,8.64,8.64,911,0
UNI,60,20250404,140000,8.64,8.64,8.5,8.5,1640,0
UNI,60,20250404,150000,8.5,8.5,8.4,8.4,1244,0
UNI,60,20250404,160000,8.4,8.44,8.3,8.44,262,0
UNI,60,20250404,170000,8.6,8.62,8.6,8.62,210,0
UNI,60,20250407,100000,8.4,8.4,8,8.24,5365,0
UNI,60,20250407,110000,8.08,8.4,8.08,8.36,1349,0
UNI,60,20250407,120000,8.42,8.6,8.38,8.6,3285,0
UNI,60,20250407,130000,8.58,8.6,8.36,8.58,1220,0
UNI,60,20250407,140000,8.38,8.38,8.38,8.38,3530,0
UNI,60,20250407,170000,8.48,8.5,8.48,8.5,53,0
UNI,60,20250408,100000,8.68,8.7,8.64,8.7,915,0
UNI,60,20250408,120000,8.7,8.92,8.7,8.92,665,0
UNI,60,20250408,130000,8.78,8.9,8.78,8.9,112,0
UNI,60,20250408,140000,8.8,8.86,8.8,8.86,24,0
UNI,60,20250408,150000,8.8,8.8,8.8,8.8,6,0
UNI,60,20250408,160000,8.8,8.8,8.8,8.8,86,0
UNI,60,20250408,170000,8.76,8.76,8.76,8.76,74,0
UNI,60,20250409,100000,8.6,9.1,8.6,9.1,3419,0
UNI,60,20250409,110000,8.9,9.08,8.78,9.08,173,0
UNI,60,20250409,120000,9.06,9.06,9.06,9.06,2,0
UNI,60,20250409,130000,8.8,8.8,8.8,8.8,35,0
UNI,60,20250409,140000,8.84,8.84,8.64,8.64,452,0
UNI,60,20250409,150000,8.76,8.76,8.76,8.76,480,0
UNI,60,20250409,170000,8.74,8.76,8.74,8.76,60,0
UNI,60,20250410,100000,9,9.24,9,9.2,2600,0
UNI,60,20250410,110000,9.24,9.24,9.04,9.04,102,0
UNI,60,20250410,120000,9.14,9.14,9.14,9.14,5,0
UNI,60,20250410,140000,9.14,9.16,9.14,9.16,312,0
UNI,60,20250410,150000,9.04,9.04,9.04,9.04,31,0
UNI,60,20250410,160000,9.16,9.16,9.16,9.16,42,0
UNI,60,20250410,170000,9.14,9.14,9.14,9.14,3,0
UNI,60,20250411,100000,9.14,9.24,9.14,9.24,160,0
UNI,60,20250411,110000,9.24,9.24,9.24,9.24,379,0
UNI,60,20250411,120000,9.24,9.24,9.24,9.24,50,0
UNI,60,20250411,140000,9.26,9.26,9.16,9.16,7,0
UNI,60,20250411,150000,9.16,9.16,9.16,9.16,104,0
UNI,60,20250414,100000,9.2,9.24,9.06,9.2,1023,0
UNI,60,20250414,110000,9.24,9.24,9.24,9.24,300,0
UNI,60,20250414,120000,9.24,9.24,9.2,9.2,1085,0
UNI,60,20250414,130000,9.26,9.26,9.16,9.24,1108,0
UNI,60,20250414,140000,9.2,9.2,9.2,9.2,100,0
UNI,60,20250414,150000,9.22,9.22,9.2,9.2,22,0
UNI,60,20250414,160000,9.22,9.26,9.22,9.26,506,0
UNI,60,20250414,170000,9.24,9.26,9.24,9.26,599,0
UNI,60,20250415,100000,9.3,9.64,9.28,9.64,14586,0
UNI,60,20250415,110000,9.64,9.74,9.54,9.74,3539,0
UNI,60,20250415,120000,9.72,9.76,9.52,9.52,151436,0
UNI,60,20250415,130000,9.6,9.64,9.56,9.64,3786,0
UNI,60,20250415,140000,9.56,9.56,9.56,9.56,25,0
UNI,60,20250415,150000,9.56,9.64,9.54,9.54,1085,0
UNI,60,20250415,160000,9.56,9.64,9.56,9.64,420,0
UNI,60,20250415,170000,9.54,9.74,9.1,9.12,44012,0
UNI,60,20250416,100000,9.58,9.68,9.42,9.68,2576,0
UNI,60,20250416,110000,9.54,9.62,9.1,9.22,14524,0
UNI,60,20250416,120000,9.22,9.38,9.12,9.2,4880,0
UNI,60,20250416,130000,9.26,9.28,9.18,9.24,553,0
UNI,60,20250416,140000,9.22,9.22,9.22,9.22,57,0
UNI,60,20250416,150000,9.24,9.5,9.24,9.4,236,0
UNI,60,20250416,170000,9.4,9.4,9.4,9.4,23,0
UNI,60,20250417,100000,9.64,9.64,9.56,9.56,893,0
UNI,60,20250417,110000,9.54,9.54,9.3,9.3,1903,0
UNI,60,20250417,120000,9.6,9.6,9.5,9.5,367,0
UNI,60,20250417,130000,9.58,9.6,9.58,9.6,32,0
UNI,60,20250417,140000,9.5,9.5,9.5,9.5,2,0
UNI,60,20250417,150000,9.5,9.5,9.5,9.5,266,0
UNI,60,20250417,160000,9.5,9.5,9.5,9.5,46,0
UNI,60,20250417,170000,9.44,9.5,9.44,9.5,184,0
UNI,60,20250422,100000,9.54,9.6,9.5,9.5,3904,0
UNI,60,20250422,120000,9.58,9.58,9.36,9.5,954,0
UNI,60,20250422,140000,9.48,9.48,9.4,9.4,25,0
UNI,60,20250422,150000,9.52,9.52,9.5,9.5,45,0
UNI,60,20250422,160000,9.44,9.68,9.44,9.64,1399,0
UNI,60,20250422,170000,9.64,9.64,9.64,9.64,3758,0
UNI,60,20250423,100000,9.64,9.64,9.56,9.6,944,0
UNI,60,20250423,110000,9.6,9.6,9.6,9.6,295,0
UNI,60,20250423,120000,9.62,9.68,9.6,9.68,730,0
UNI,60,20250423,130000,9.6,9.64,9.6,9.64,1703,0
UNI,60,20250423,140000,9.56,9.68,9.56,9.68,1150,0
UNI,60,20250423,160000,9.54,9.54,9.54,9.54,350,0
UNI,60,20250423,170000,9.66,10.8,9.66,10.6,71331,0
UNI,60,20250424,100000,10.6,10.6,10.2,10.35,26567,0
UNI,60,20250424,110000,10.35,10.45,10.3,10.45,6662,0
UNI,60,20250424,120000,10.45,10.5,10.45,10.45,3707,0
UNI,60,20250424,130000,10.45,10.45,10.35,10.35,3165,0
UNI,60,20250424,140000,10.4,10.45,10.15,10.15,3342,0
UNI,60,20250424,160000,10.3,10.45,10.3,10.3,2256,0
UNI,60,20250424,170000,10.4,10.4,10.35,10.35,600,0
UNI,60,20250425,100000,10.35,10.35,10,10.3,7157,0
UNI,60,20250425,110000,10.25,10.25,10.1,10.1,429,0
UNI,60,20250425,120000,10.1,10.2,10,10.2,2733,0
UNI,60,20250425,130000,10.05,10.25,10.05,10.25,1458,0
UNI,60,20250425,140000,10.25,10.25,10.25,10.25,76,0
UNI,60,20250425,150000,10.1,10.25,10.1,10.25,250,0
UNI,60,20250425,160000,10.25,10.5,10.15,10.15,12186,0
UNI,60,20250425,170000,10.35,10.75,10.25,10.3,64255,0
UNI,60,20250428,100000,10.3,10.75,10.3,10.7,14287,0
UNI,60,20250428,110000,10.7,10.7,10.45,10.65,9368,0
UNI,60,20250428,120000,10.6,10.7,10.6,10.65,5714,0
UNI,60,20250428,130000,10.65,10.7,10.55,10.6,2561,0
UNI,60,20250428,140000,10.7,10.7,10.55,10.65,7516,0
UNI,60,20250428,150000,10.65,10.75,10.65,10.75,2333,0
UNI,60,20250428,160000,10.7,10.75,10.6,10.6,1954,0
UNI,60,20250428,170000,10.65,10.75,10.55,10.55,4101,0
UNI,60,20250429,100000,10.7,10.85,10.7,10.85,7176,0
UNI,60,20250429,110000,10.85,11.05,10.75,10.9,127232,0
UNI,60,20250429,120000,10.9,11.2,10.85,10.85,9295,0
UNI,60,20250429,130000,11,11,10.8,10.95,3475,0
UNI,60,20250429,140000,10.9,10.9,10.8,10.8,1230,0
UNI,60,20250429,150000,10.85,10.95,10.7,10.7,8281,0
UNI,60,20250429,160000,10.8,10.85,10.7,10.75,889,0
UNI,60,20250429,170000,10.85,10.85,10.85,10.85,434,0
UNI,60,20250430,100000,10.85,10.85,10.45,10.45,9593,0
UNI,60,20250430,110000,10.5,10.7,10.5,10.6,1916,0
UNI,60,20250430,120000,10.7,10.7,10.7,10.7,207,0
UNI,60,20250430,130000,10.7,10.7,10.6,10.6,916,0
UNI,60,20250430,140000,10.7,10.7,10.7,10.7,450,0
UNI,60,20250430,150000,10.75,10.8,10.7,10.75,7439,0
UNI,60,20250430,160000,10.75,10.75,10.7,10.75,3200,0
UNI,60,20250502,100000,10.6,10.9,10.55,10.9,1615,0
UNI,60,20250502,110000,10.7,11,10.7,11,2555,0
UNI,60,20250502,120000,10.95,11,10.7,10.7,3680,0
UNI,60,20250502,130000,10.9,10.95,10.75,10.75,175,0
UNI,60,20250502,140000,10.75,10.8,10.75,10.8,535,0
UNI,60,20250502,150000,10.8,10.8,10.55,10.8,1030,0
UNI,60,20250502,160000,10.6,10.6,10.55,10.55,75,0
UNI,60,20250502,170000,10.6,10.8,10.6,10.8,308,0
UNI,60,20250505,100000,10.8,10.85,10.75,10.8,2197,0
UNI,60,20250505,110000,10.9,10.9,10.8,10.8,110,0
UNI,60,20250505,120000,10.8,10.9,10.8,10.85,1188,0
UNI,60,20250505,130000,10.8,10.9,10.8,10.9,1326,0
UNI,60,20250505,140000,10.8,10.85,10.8,10.85,7614,0
UNI,60,20250505,150000,10.9,10.9,10.8,10.8,2216,0
UNI,60,20250505,160000,10.9,10.9,10.8,10.9,2365,0
UNI,60,20250505,170000,10.9,10.95,10.9,10.95,8370,0
UNI,60,20250506,100000,10.95,10.95,10.8,10.95,1833,0
UNI,60,20250506,110000,10.8,10.8,10.6,10.7,4168,0
UNI,60,20250506,120000,10.7,10.8,10.55,10.8,5804,0
UNI,60,20250506,130000,10.8,10.85,10.65,10.65,112,0
UNI,60,20250506,140000,10.75,10.8,10.65,10.8,1627,0
UNI,60,20250506,150000,10.8,10.8,10.6,10.6,590,0
UNI,60,20250506,160000,10.65,10.8,10.6,10.6,115,0
UNI,60,20250506,170000,10.6,10.6,10.5,10.6,1402,0
