<TICKER>,<PER>,<DATE>,<TIME>,<OPEN>,<HIGH>,<LOW>,<CLOSE>,<VOL>,<OPENINT>
VRG,60,20240411,100000,3.1752,3.1752,3.14598,3.14598,2058.5459941575,0
VRG,60,20240411,110000,3.13624,3.16546,3.11676,3.16546,10617.169139941,0
VRG,60,20240411,120000,3.15572,3.15572,3.11676,3.11676,6452.8486649775,0
VRG,60,20240411,130000,3.15572,3.16546,3.15572,3.16546,105935.54896617,0
VRG,60,20240411,150000,3.1752,3.1752,3.1752,3.1752,50.3086053435,0
VRG,60,20240411,160000,3.1752,3.21416,3.1752,3.21416,2260.807121763,0
VRG,60,20240411,170000,3.21416,3.2239,3.1265,3.20442,20464.308606258,0
VRG,60,20240412,100000,3.20442,3.21416,3.20442,3.20442,1964.0890208595,0
VRG,60,20240412,110000,3.20442,3.4674,3.20442,3.4674,89431.246294807,0
VRG,60,20240412,120000,3.45766,3.45766,3.36026,3.36026,13371.821959056,0
VRG,60,20240412,130000,3.37,3.39922,3.36026,3.38948,8768.07121701,0
VRG,60,20240412,140000,3.37,3.39922,3.37,3.37,7141.768546314,0
VRG,60,20240412,150000,3.39922,3.39922,3.39922,3.39922,410.6824926,0
VRG,60,20240412,160000,3.39922,3.4187,3.39922,3.4187,29555.79228619,0
VRG,60,20240412,170000,3.40896,3.4187,3.40896,3.4187,12349.222552482,0
VRG,60,20240415,100000,3.40896,3.42844,3.36026,3.36026,3008.249258295,0
VRG,60,20240415,110000,3.34078,3.34078,3.33104,3.33104,1052.3738872875,0
VRG,60,20240415,120000,3.33104,3.33104,3.29208,3.29208,10795.816024223,0
VRG,60,20240415,130000,3.29208,3.35052,3.2726,3.29208,20177.857567669,0
VRG,60,20240415,140000,3.29208,3.34078,3.2726,3.2726,2543.1513354255,0
VRG,60,20240415,160000,3.30182,3.34078,3.30182,3.31156,9394.362018225,0
VRG,60,20240415,170000,3.30182,3.35052,3.2726,3.33104,20755.893176004,0
VRG,60,20240416,100000,3.3213,3.3213,3.20442,3.30182,13184.961424923,0
VRG,60,20240416,110000,3.2239,3.2239,3.19468,3.20442,3928.178041719,0
VRG,60,20240416,120000,3.24338,3.28234,3.18494,3.28234,14692.166172765,0
VRG,60,20240416,130000,3.25312,3.2726,3.25312,3.2726,103.6973293815,0
VRG,60,20240416,140000,3.2239,3.25312,3.19468,3.20442,16942.706232213,0
VRG,60,20240416,150000,3.20442,3.23364,3.20442,3.23364,142569.45401232,0
VRG,60,20240416,160000,3.2239,3.2239,3.21416,3.21416,2058.5459941575,0
VRG,60,20240416,170000,3.21416,3.28234,3.20442,3.28234,3391.2106826445,0
VRG,60,20240417,100000,3.26286,3.26286,3.20442,3.20442,1543.1394659445,0
VRG,60,20240417,110000,3.19468,3.20442,3.16546,3.20442,11704.4510391,0
VRG,60,20240417,120000,3.20442,3.20442,3.20442,3.20442,2125.281899205,0
VRG,60,20240417,130000,3.19468,3.19468,3.19468,3.19468,102.67062315,0
VRG,60,20240417,150000,3.19468,3.21416,3.19468,3.21416,3030.836795388,0
VRG,60,20240417,170000,3.21416,3.25312,3.21416,3.25312,3671.501483844,0
VRG,60,20240418,100000,3.25312,3.26286,3.23364,3.23364,1458.9495549615,0
VRG,60,20240418,110000,3.21416,3.21416,3.18494,3.21416,11293.7685465,0
VRG,60,20240418,130000,3.20442,3.20442,3.20442,3.20442,1944.5816024609999,0
VRG,60,20240418,140000,3.20442,3.20442,3.20442,3.20442,8.213649852,0
VRG,60,20240418,150000,3.18494,3.18494,3.13624,3.15572,19140.8842738545,0
VRG,60,20240418,160000,3.16546,3.18494,3.16546,3.16546,21626.540060316,0
VRG,60,20240418,170000,3.1752,3.23364,3.1752,3.23364,1591.3946588249999,0
VRG,60,20240419,100000,3.2239,3.2239,3.14598,3.14598,5137.637982426,0
VRG,60,20240419,110000,3.20442,3.20442,3.1752,3.1752,450.7240356285,0
VRG,60,20240419,120000,3.1752,3.1752,3.16546,3.16546,794.670623181,0
VRG,60,20240419,130000,3.19468,3.21416,3.19468,3.21416,363.454005951,0
VRG,60,20240419,140000,3.19468,3.19468,3.19468,3.19468,1.0267062315,0
VRG,60,20240419,160000,3.20442,3.20442,3.18494,3.18494,1739.240356161,0
VRG,60,20240419,170000,3.18494,3.21416,3.18494,3.21416,6184.878338556,0
VRG,60,20240422,100000,3.20442,3.20442,3.16546,3.1752,5980.5637984875,0
VRG,60,20240422,110000,3.19468,3.19468,3.15572,3.15572,2635.5548962605,0
VRG,60,20240422,120000,3.16546,3.16546,3.15572,3.15572,3572.93768562,0
VRG,60,20240422,130000,3.15572,3.15572,3.13624,3.14598,12328.688427852,0
VRG,60,20240422,140000,3.13624,3.1752,3.13624,3.15572,1039254.6350614,0
VRG,60,20240422,150000,3.15572,3.16546,3.15572,3.16546,2357.317507524,0
VRG,60,20240422,160000,3.1752,3.1752,3.16546,3.16546,2927.1394660065,0
VRG,60,20240422,170000,3.16546,3.16546,3.16546,3.16546,23202.534125668,0
VRG,60,20240423,100000,3.16546,3.1752,3.16546,3.16546,21242.551929735,0
VRG,60,20240423,110000,3.16546,3.18494,3.16546,3.18494,3696.1424334,0
VRG,60,20240423,120000,3.18494,3.19468,3.16546,3.19468,103091.57270492,0
VRG,60,20240423,130000,3.16546,3.16546,3.16546,3.16546,410.6824926,0
VRG,60,20240423,140000,3.1752,3.19468,3.16546,3.19468,4260.830860725,0
VRG,60,20240423,150000,3.18494,3.18494,3.1752,3.1752,268.997032653,0
VRG,60,20240423,160000,3.1752,3.19468,3.16546,3.19468,61832.356085856,0
VRG,60,20240423,170000,3.18494,3.18494,3.1752,3.1752,786.456973329,0
VRG,60,20240424,100000,3.19468,3.19468,3.19468,3.19468,4.106824926,0
VRG,60,20240424,130000,3.1752,3.1752,3.16546,3.16546,103109.02671085049,0
VRG,60,20240424,140000,3.18494,3.19468,3.18494,3.19468,9875.8872407985,0
VRG,60,20240424,160000,3.18494,3.18494,3.18494,3.18494,1138.6172107334999,0
VRG,60,20240424,170000,3.20442,3.2239,3.20442,3.2239,3962.0593473585,0
VRG,60,20240425,100000,3.23364,3.23364,3.2239,3.23364,796.724035644,0
VRG,60,20240425,110000,3.23364,3.26286,3.21416,3.26286,9325.5727007145,0
VRG,60,20240425,120000,3.25312,3.25312,3.24338,3.24338,1292.6231454585,0
VRG,60,20240425,130000,3.24338,3.25312,3.23364,3.23364,924.03560835,0
VRG,60,20240425,140000,3.23364,3.23364,3.21416,3.21416,939.4362018225,0
VRG,60,20240425,150000,3.21416,3.23364,3.21416,3.21416,944.56973298,0
VRG,60,20240425,160000,3.21416,3.23364,3.21416,3.21416,812.1246291165,0
VRG,60,20240425,170000,3.21416,3.2239,3.21416,3.2239,2601.673590621,0
VRG,60,20240426,100000,3.2239,3.2239,3.2239,3.2239,13.3471810095,0
VRG,60,20240426,110000,3.23364,3.23364,3.2239,3.2239,291.584569746,0
VRG,60,20240426,120000,3.2239,3.2239,3.21416,3.21416,2997.9821959799997,0
VRG,60,20240426,130000,3.21416,3.21416,3.21416,3.21416,246.40949556,0
VRG,60,20240426,140000,3.24338,3.24338,3.21416,3.21416,210.4747774575,0
VRG,60,20240426,150000,3.21416,3.24338,3.21416,3.21416,250.516320486,0
VRG,60,20240426,160000,3.21416,3.21416,3.21416,3.21416,246.40949556,0
VRG,60,20240426,170000,3.21416,3.23364,3.18494,3.23364,478.445103879,0
VRG,60,20240429,100000,3.19468,3.19468,3.1752,3.1752,5334.765578874,0
VRG,60,20240429,120000,3.20442,3.20442,3.20442,3.20442,106.777448076,0
VRG,60,20240429,140000,3.20442,3.20442,3.20442,3.20442,616.0237389,0
VRG,60,20240429,170000,3.2239,3.2239,3.1752,3.21416,16480.688428038,0
VRG,60,20240430,100000,3.1752,3.21416,3.1752,3.21416,13298.9258166195,0
VRG,60,20240430,120000,3.20442,3.20442,3.20442,3.20442,5.1335311575,0
VRG,60,20240430,140000,3.19468,3.20442,3.19468,3.20442,721.7744807445,0
VRG,60,20240430,150000,3.18494,3.21416,3.18494,3.21416,55.442136501,0
VRG,60,20240430,160000,3.20442,3.20442,3.20442,3.20442,2053.412463,0
VRG,60,20240430,170000,3.21416,3.21416,3.21416,3.21416,52.3620178065,0
VRG,60,20240506,100000,3.21416,3.2239,3.21416,3.21416,8773.2047481675,0
VRG,60,20240506,110000,3.24338,3.24338,3.21416,3.21416,5965.163205015,0
VRG,60,20240506,120000,3.21416,3.21416,3.18494,3.18494,2391.1988131635,0
VRG,60,20240506,130000,3.18494,3.24338,3.1752,3.24338,4987.738872627,0
VRG,60,20240506,140000,3.21416,3.21416,3.21416,3.21416,308.01186945,0
VRG,60,20240506,150000,3.21416,3.21416,3.19468,3.19468,103088.49258622,0
VRG,60,20240506,160000,3.21416,3.21416,3.21416,3.21416,22494.106825933,0
VRG,60,20240506,170000,3.21416,3.24338,3.21416,3.24338,12208.563798766,0
VRG,60,20240507,100000,3.21416,3.2726,3.21416,3.2726,9364.5875375115,0
VRG,60,20240507,110000,3.24338,3.2726,3.21416,3.2726,32972.670624623,0
VRG,60,20240507,120000,3.2726,3.2726,3.24338,3.2726,54958.557865963,0
VRG,60,20240507,130000,3.2726,3.2726,3.2726,3.2726,120.1246290855,0
VRG,60,20240507,140000,3.26286,3.26286,3.26286,3.26286,410.6824926,0
VRG,60,20240507,150000,3.2726,3.28234,3.2726,3.28234,2911.7388725339997,0
VRG,60,20240507,160000,3.28234,3.30182,3.28234,3.28234,6569.8931753685,0
VRG,60,20240507,170000,3.30182,3.34078,3.30182,3.31156,22271.311573698,0
VRG,60,20240508,100000,3.33104,3.33104,3.2726,3.33104,4422.0237390705,0
VRG,60,20240508,110000,3.3213,3.3213,3.29208,3.29208,131.418397632,0
VRG,60,20240508,120000,3.31156,3.31156,3.31156,3.31156,4810.1186945775,0
VRG,60,20240508,130000,3.31156,3.3213,3.31156,3.3213,10030.919881755,0
VRG,60,20240508,140000,3.31156,3.31156,3.31156,3.31156,3180.735905187,0
VRG,60,20240508,150000,3.31156,3.31156,3.31156,3.31156,5030.860534349999,0
VRG,60,20240508,160000,3.3213,3.34078,3.3213,3.34078,11644.902077673,0
VRG,60,20240508,170000,3.33104,3.33104,3.33104,3.33104,719.7210682814999,0
VRG,60,20240509,100000,3.35052,3.36026,3.35052,3.35052,2332.676557968,0
VRG,60,20240509,110000,3.35052,3.35052,3.35052,3.35052,578.0356083345,0
VRG,60,20240509,120000,3.35052,3.35052,3.33104,3.33104,1451.762611341,0
VRG,60,20240509,130000,3.33104,3.33104,3.20442,3.24338,14576.148368605,0
VRG,60,20240509,140000,3.24338,3.24338,3.21416,3.23364,12382.07715189,0
VRG,60,20240509,150000,3.23364,3.24338,3.2239,3.23364,1324.451038635,0
VRG,60,20240509,160000,3.23364,3.23364,3.2239,3.2239,1466.136498582,0
VRG,60,20240509,170000,3.2239,3.26286,3.21416,3.26286,82860.326413207,0
VRG,60,20240510,100000,3.28234,3.28234,3.24338,3.24338,190.967359059,0
VRG,60,20240510,110000,3.24338,3.24338,3.23364,3.23364,6920.00000031,0
VRG,60,20240510,120000,3.23364,3.24338,3.23364,3.24338,821.3649852,0
VRG,60,20240510,130000,3.24338,3.24338,3.24338,3.24338,209.448071226,0
VRG,60,20240510,140000,3.24338,3.24338,3.24338,3.24338,837.792284904,0
VRG,60,20240510,150000,3.24338,3.25312,3.24338,3.25312,977.4243323879999,0
VRG,60,20240510,160000,3.26286,3.2726,3.26286,3.2726,2109.8813057325,0
VRG,60,20240510,170000,3.2726,3.28234,3.24338,3.28234,1088.30860539,0
VRG,60,20240513,100000,3.28234,3.28234,3.28234,3.28234,1098.575667705,0
VRG,60,20240513,110000,3.28234,3.28234,3.26286,3.2726,359.347181025,0
VRG,60,20240513,120000,3.29208,3.30182,3.2726,3.29208,2423.02670634,0
VRG,60,20240513,130000,3.2726,3.2726,3.2726,3.2726,513.35311575,0
VRG,60,20240513,140000,3.2726,3.2726,3.2726,3.2726,462.017804175,0
VRG,60,20240513,150000,3.2726,3.34078,3.2726,3.29208,6519.584570025,0
VRG,60,20240513,160000,3.29208,3.31156,3.29208,3.29208,616.0237389,0
VRG,60,20240513,170000,3.29208,3.36026,3.29208,3.36026,30327.875372278,0
VRG,60,20240514,100000,3.36026,3.36026,3.3213,3.34078,3429.19881321,0
VRG,60,20240514,110000,3.34078,3.35052,3.28234,3.28234,811.097922885,0
VRG,60,20240514,120000,3.28234,3.30182,3.28234,3.29208,667.359050475,0
VRG,60,20240514,130000,3.29208,3.31156,3.28234,3.29208,1513.364985231,0
VRG,60,20240514,140000,3.29208,3.29208,3.28234,3.29208,1877.8456974135,0
VRG,60,20240514,150000,3.29208,3.29208,3.29208,3.29208,754.6290801525,0
VRG,60,20240514,160000,3.29208,3.29208,3.29208,3.29208,764.8961424675,0
VRG,60,20240514,170000,3.29208,3.30182,3.29208,3.30182,795.6973294125,0
VRG,60,20240515,100000,3.31156,3.31156,3.26286,3.29208,2626.314540177,0
VRG,60,20240515,110000,3.2726,3.2726,3.2726,3.2726,567.7685460194999,0
VRG,60,20240515,130000,3.2726,3.2726,3.26286,3.26286,1308.023738931,0
VRG,60,20240515,140000,3.28234,3.28234,3.28234,3.28234,154.005934725,0
VRG,60,20240515,170000,3.2726,3.28234,3.2726,3.28234,1412.747774544,0
VRG,60,20240516,100000,3.26286,3.33104,3.26286,3.3213,2581.139465991,0
VRG,60,20240516,110000,3.28234,3.31156,3.28234,3.31156,36.961424334,0
VRG,60,20240516,120000,3.31156,3.31156,3.28234,3.28234,447.643916934,0
VRG,60,20240516,130000,3.28234,3.30182,3.26286,3.26286,805.9643917275,0
VRG,60,20240516,140000,3.26286,3.2726,3.26286,3.26286,2051.359050537,0
VRG,60,20240516,150000,3.2726,3.30182,3.26286,3.2726,1457.92284873,0
VRG,60,20240516,160000,3.26286,3.2726,3.26286,3.26286,2161.2166173075,0
VRG,60,20240516,170000,3.26286,3.3213,3.26286,3.3213,515959.92287178,0
VRG,60,20240517,100000,3.31156,3.31156,3.24338,3.29208,2875640.9081407,0
VRG,60,20240517,110000,3.26286,3.26286,3.26286,3.26286,30.801186944999998,0
VRG,60,20240517,120000,3.26286,3.31156,3.26286,3.31156,10547.353116199,0
VRG,60,20240517,130000,3.29208,3.29208,3.29208,3.29208,2972.3145401925,0
VRG,60,20240517,140000,3.31156,3.31156,3.29208,3.31156,6446.6884275885,0
VRG,60,20240517,150000,3.31156,3.31156,3.29208,3.30182,1986.6765579525,0
VRG,60,20240517,160000,3.30182,3.31156,3.29208,3.30182,723209.81605614,0
VRG,60,20240517,170000,3.30182,3.31156,3.30182,3.31156,4501.080118896,0
VRG,60,20240520,100000,3.35052,3.35052,3.2726,3.2726,5633.5370922405,0
VRG,60,20240520,110000,3.2726,3.2726,3.2726,3.2726,5118.1305640274995,0
VRG,60,20240520,120000,3.2726,3.2726,3.2726,3.2726,155.0326409565,0
VRG,60,20240520,130000,3.30182,3.33104,3.30182,3.33104,5657.1513355649995,0
VRG,60,20240520,140000,3.3213,3.3213,3.3213,3.3213,3880.94955507,0
VRG,60,20240520,150000,3.33104,3.33104,3.33104,3.33104,2584.2195846854997,0
VRG,60,20240520,160000,3.34078,3.34078,3.33104,3.33104,632.451038604,0
VRG,60,20240520,170000,3.34078,3.38948,3.34078,3.38948,14225.014837432,0
VRG,60,20240521,100000,3.35052,3.38948,3.35052,3.35052,7738.284866815499,0
VRG,60,20240521,110000,3.35052,3.35052,3.34078,3.34078,1743.347181087,0
VRG,60,20240521,120000,3.34078,3.34078,3.33104,3.34078,1027856.14247928,0
VRG,60,20240521,130000,3.35052,3.36026,3.34078,3.36026,1128.3501484185,0
VRG,60,20240521,140000,3.34078,3.34078,3.34078,3.34078,3.0801186945,0
VRG,60,20240521,150000,3.35052,3.35052,3.35052,3.35052,470.231454027,0
VRG,60,20240521,160000,3.34078,3.35052,3.34078,3.35052,1706.385756753,0
VRG,60,20240521,170000,3.34078,3.34078,3.34078,3.34078,142870.27893815,0
VRG,60,20240522,100000,3.34078,3.34078,3.34078,3.34078,4245.4302672525,0
VRG,60,20240522,110000,3.35052,3.36026,3.34078,3.36026,264.890207727,0
VRG,60,20240522,130000,3.35052,3.35052,3.35052,3.35052,5.1335311575,0
VRG,60,20240522,140000,3.35052,3.35052,3.35052,3.35052,205.3412463,0
VRG,60,20240522,160000,3.34078,3.34078,3.34078,3.34078,18827.738873247,0
VRG,60,20240522,170000,3.34078,3.34078,3.34078,3.34078,3.0801186945,0
VRG,60,20240523,100000,3.34078,3.34078,3.34078,3.34078,3.0801186945,0
VRG,60,20240523,110000,3.31156,3.31156,3.31156,3.31156,12.320474778,0
VRG,60,20240523,120000,3.31156,3.31156,3.26286,3.26286,1236.154302726,0
VRG,60,20240523,130000,3.26286,3.26286,3.26286,3.26286,1026.7062315,0
VRG,60,20240523,150000,3.26286,3.26286,3.25312,3.25312,1865.5252226355,0
VRG,60,20240523,160000,3.2726,3.2726,3.2726,3.2726,21355.4896152,0
VRG,60,20240523,170000,3.2726,3.37,3.2726,3.33104,10796.842730454,0
VRG,60,20240524,100000,3.37,3.37,3.33104,3.37,707.4005935035,0
VRG,60,20240524,120000,3.33104,3.34078,3.33104,3.34078,14.373887240999998,0
VRG,60,20240524,130000,3.33104,3.33104,3.33104,3.33104,102.67062315,0
VRG,60,20240524,170000,3.33104,3.33104,3.33104,3.33104,359.347181025,0
VRG,60,20240527,100000,3.34078,3.34078,3.29208,3.29208,143.73887241,0
VRG,60,20240527,110000,3.31156,3.31156,3.31156,3.31156,30.801186944999998,0
VRG,60,20240527,120000,3.31156,3.31156,3.31156,3.31156,5.1335311575,0
VRG,60,20240527,130000,3.31156,3.31156,3.31156,3.31156,12.320474778,0
VRG,60,20240527,140000,3.31156,3.35052,3.31156,3.35052,2914.8189912284997,0
VRG,60,20240527,150000,3.35052,3.35052,3.35052,3.35052,1347.0385757279998,0
VRG,60,20240527,160000,3.35052,3.37,3.35052,3.37,4189.9881307515,0
VRG,60,20240527,170000,3.37,3.37,3.37,3.37,4428.1839764595,0
VRG,60,20240528,100000,3.37974,3.40896,3.37,3.40896,20816.468843663,0
VRG,60,20240528,110000,3.40896,3.42844,3.37974,3.42844,3203.32344228,0
VRG,60,20240528,120000,3.40896,3.42844,3.40896,3.42844,1257.7151335874998,0
VRG,60,20240528,130000,3.42844,3.42844,3.40896,3.4187,296.7181009035,0
VRG,60,20240528,140000,3.40896,3.40896,3.40896,3.40896,6135.596439444,0
VRG,60,20240528,150000,3.40896,3.40896,3.38948,3.38948,1073579.4777929,0
VRG,60,20240528,160000,3.38948,3.38948,3.36026,3.36026,2003.1038576565,0
VRG,60,20240528,170000,3.35052,3.39922,3.3213,3.38948,1609.875370992,0
VRG,60,20240529,100000,3.37974,3.37974,3.3213,3.3213,1082.148368001,0
VRG,60,20240529,130000,3.37974,3.37974,3.37974,3.37974,16.427299704,0
VRG,60,20240529,150000,3.35052,3.35052,3.35052,3.35052,1026.7062315,0
VRG,60,20240529,160000,3.33104,3.35052,3.3213,3.35052,1088.30860539,0
VRG,60,20240529,170000,3.34078,3.37,3.3213,3.37,5183.8397628435,0
VRG,60,20240531,100000,3.37,3.37,3.34078,3.34078,1507.204747842,0
VRG,60,20240531,110000,3.34078,3.34078,3.34078,3.34078,30.801186944999998,0
VRG,60,20240531,120000,3.3213,3.3213,3.3213,3.3213,697.1335311885,0
VRG,60,20240531,130000,3.3213,3.3213,3.3213,3.3213,102.67062315,0
VRG,60,20240531,170000,3.37,3.37,3.37,3.37,360.3738872565,0
VRG,60,20240603,100000,3.34078,3.37974,3.34078,3.37974,2201.258160336,0
VRG,60,20240603,110000,3.37974,3.37974,3.37974,3.37974,1660.1839763355,0
VRG,60,20240603,120000,3.36026,3.36026,3.36026,3.36026,82.13649852,0
VRG,60,20240603,130000,3.36026,3.36026,3.36026,3.36026,14.373887240999998,0
VRG,60,20240603,140000,3.35052,3.35052,3.35052,3.35052,874.7537092379999,0
VRG,60,20240603,160000,3.35052,3.36026,3.35052,3.36026,1885.0326410339999,0
VRG,60,20240603,170000,3.37,3.40896,3.37,3.40896,16775.353116478498,0
VRG,60,20240604,100000,3.40896,3.4187,3.40896,3.40896,2573.9525223705,0
VRG,60,20240604,110000,3.39922,3.39922,3.39922,3.39922,61.602373889999996,0
VRG,60,20240604,120000,3.36026,3.36026,3.36026,3.36026,706.373887272,0
VRG,60,20240604,130000,3.36026,3.38948,3.35052,3.35052,400.41543028499996,0
VRG,60,20240604,170000,3.37,3.38948,3.37,3.38948,392.201780433,0
VRG,60,20240605,100000,3.38948,3.38948,3.35052,3.37,801.8575668015,0
VRG,60,20240605,110000,3.35052,3.37,3.35052,3.37,435.323442156,0
VRG,60,20240605,120000,3.34078,3.34078,3.34078,3.34078,1.0267062315,0
VRG,60,20240605,130000,3.34078,3.36026,3.33104,3.36026,530.8071216855,0
VRG,60,20240605,140000,3.33104,3.33104,3.33104,3.33104,49.281899112,0
VRG,60,20240605,150000,3.34078,3.35052,3.33104,3.33104,106033.08605816,0
VRG,60,20240605,170000,3.34078,3.37,3.34078,3.37,79.0563798255,0
VRG,60,20240606,100000,3.34078,3.37,3.33104,3.37,891.181008942,0
VRG,60,20240606,130000,3.35052,3.35052,3.33104,3.33104,618.077151363,0
VRG,60,20240606,170000,3.37,3.37,3.37,3.37,5.1335311575,0
VRG,60,20240607,100000,3.30182,3.37,3.30182,3.30182,862.43323446,0
VRG,60,20240607,110000,3.33104,3.33104,3.33104,3.33104,47852.724037752,0
VRG,60,20240607,120000,3.31156,3.31156,3.31156,3.31156,1.0267062315,0
VRG,60,20240607,130000,3.31156,3.36026,3.24338,3.36026,15855.4243330545,0
VRG,60,20240607,140000,3.35052,3.36026,3.35052,3.36026,15.400593472499999,0
VRG,60,20240607,160000,3.31156,3.34078,3.31156,3.34078,401.4421365165,0
VRG,60,20240607,170000,3.37,3.37,3.37,3.37,564.688427325,0
VRG,60,20240610,100000,3.36026,3.36026,3.28234,3.36026,2287.501483782,0
VRG,60,20240610,150000,3.36026,3.36026,3.36026,3.36026,513.35311575,0
VRG,60,20240610,160000,3.35052,3.35052,3.35052,3.35052,12.320474778,0
VRG,60,20240610,170000,3.36026,3.36026,3.36026,3.36026,11.293768546499999,0
VRG,60,20240611,100000,3.34078,3.36026,3.23364,3.33104,7268.0534127885,0
VRG,60,20240611,120000,3.31156,3.3213,3.31156,3.3213,605.7566765849999,0
VRG,60,20240611,150000,3.28234,3.3213,3.28234,3.3213,19.5074183985,0
VRG,60,20240611,160000,3.30182,3.34078,3.30182,3.34078,349266.97924413,0
VRG,60,20240611,170000,3.33104,3.34078,3.29208,3.33104,549.2878338525,0
VRG,60,20240612,100000,3.3213,3.35052,3.29208,3.35052,456922.26114807,0
VRG,60,20240612,110000,3.29208,3.30182,3.29208,3.30182,1504422.3739546,0
VRG,60,20240612,120000,3.33104,3.33104,3.33104,3.33104,102.67062315,0
VRG,60,20240612,130000,3.3213,3.3213,3.3213,3.3213,7.186943620499999,0
VRG,60,20240612,140000,3.3213,3.3213,3.3213,3.3213,5.1335311575,0
VRG,60,20240612,160000,3.3213,3.3213,3.2726,3.28234,18755.869437042,0
VRG,60,20240612,170000,3.2726,3.28234,3.25312,3.25312,215.608308615,0
VRG,60,20240613,100000,3.31156,3.31156,3.31156,3.31156,1026.7062315,0
VRG,60,20240613,120000,3.30182,3.30182,3.30182,3.30182,9.2403560835,0
VRG,60,20240613,130000,3.30182,3.30182,3.30182,3.30182,15.400593472499999,0
VRG,60,20240613,140000,3.30182,3.30182,3.30182,3.30182,1103.7091988625,0
VRG,60,20240613,170000,3.30182,3.30182,3.2726,3.2726,1350.1186944224999,0
VRG,60,20240614,100000,3.2726,3.2726,3.2726,3.2726,1387.0801187565,0
VRG,60,20240614,110000,3.2726,3.2726,3.2726,3.2726,130.3916914005,0
VRG,60,20240614,120000,3.2726,3.2726,3.2726,3.2726,9.2403560835,0
VRG,60,20240614,130000,3.2726,3.2726,3.2726,3.2726,1026.7062315,0
VRG,60,20240614,150000,3.26286,3.26286,3.26286,3.26286,15.400593472499999,0
VRG,60,20240614,160000,3.26286,3.26286,3.26286,3.26286,45.175074185999996,0
VRG,60,20240614,170000,3.2239,3.2239,3.2239,3.2239,452.7774480915,0
VRG,60,20240617,100000,3.2239,3.30182,3.2239,3.23364,1632.462908085,0
VRG,60,20240617,140000,3.24338,3.25312,3.24338,3.25312,697.1335311885,0
VRG,60,20240617,160000,3.23364,3.23364,3.21416,3.21416,11278.3679530275,0
VRG,60,20240617,170000,3.2239,3.29208,3.2239,3.29208,2710.50445116,0
VRG,60,20240618,100000,3.2726,3.2726,3.25312,3.25312,105.7507418445,0
VRG,60,20240618,110000,3.25312,3.25312,3.24338,3.24338,347.026706247,0
VRG,60,20240618,120000,3.25312,3.25312,3.23364,3.23364,202.26112760549998,0
VRG,60,20240618,140000,3.24338,3.25312,3.24338,3.24338,298.7715133665,0
VRG,60,20240618,170000,3.24338,3.2726,3.23364,3.23364,78.029673594,0
VRG,60,20240619,100000,3.23364,3.29208,3.23364,3.23364,324.439169154,0
VRG,60,20240619,120000,3.23364,3.23364,3.2239,3.2239,1392.213649914,0
VRG,60,20240619,130000,3.2239,3.2239,3.2239,3.2239,1026.7062315,0
VRG,60,20240619,140000,3.2239,3.2239,3.2239,3.2239,855.2462908394999,0
VRG,60,20240619,160000,3.25312,3.25312,3.24338,3.24338,164.27299704,0
VRG,60,20240619,170000,3.2239,3.2239,3.21416,3.21416,43916.332346181,0
VRG,60,20240620,100000,3.21416,3.29208,3.21416,3.21416,1453.816023804,0
VRG,60,20240620,110000,3.2239,3.2239,3.2239,3.2239,513.35311575,0
VRG,60,20240620,120000,3.23364,3.24338,3.23364,3.24338,523.620178065,0
VRG,60,20240620,130000,3.24338,3.24338,3.24338,3.24338,45.175074185999996,0
VRG,60,20240620,140000,3.24338,3.26286,3.24338,3.26286,1063.667655834,0
VRG,60,20240620,160000,3.26286,3.26286,3.25312,3.26286,11933.406528724,0
VRG,60,20240620,170000,3.2726,3.35052,3.2726,3.31156,20210.712167077,0
VRG,60,20240621,100000,3.36026,3.36026,3.3213,3.3213,92.403560835,0
VRG,60,20240621,110000,3.31156,3.31156,3.26286,3.2726,328.54599408,0
VRG,60,20240621,120000,3.31156,3.3213,3.31156,3.3213,277.21068250499997,0
VRG,60,20240621,130000,3.2726,3.2726,3.2726,3.2726,513.35311575,0
VRG,60,20240621,170000,3.31156,3.3213,3.31156,3.3213,31229.323443535497,0
VRG,60,20240624,100000,3.36026,3.36026,3.26286,3.29208,1509.258160305,0
VRG,60,20240624,130000,3.29208,3.29208,3.29208,3.29208,106.777448076,0
VRG,60,20240624,140000,3.29208,3.29208,3.29208,3.29208,25.6676557875,0
VRG,60,20240624,150000,3.30182,3.30182,3.29208,3.29208,79.0563798255,0
VRG,60,20240624,160000,3.31156,3.31156,3.31156,3.31156,689.9465875679999,0
VRG,60,20240624,170000,3.29208,3.29208,3.29208,3.29208,3.0801186945,0
VRG,60,20240625,100000,3.31156,3.35052,3.26286,3.34078,332379.71514842,0
VRG,60,20240625,110000,3.34078,3.34078,3.2726,3.34078,30.801186944999998,0
VRG,60,20240625,130000,3.29208,3.29208,3.2726,3.2726,149.899109799,0
VRG,60,20240625,140000,3.29208,3.29208,3.26286,3.26286,169298.72404319,0
VRG,60,20240625,150000,3.26286,3.29208,3.25312,3.29208,37300.237390395,0
VRG,60,20240625,170000,3.31156,3.31156,3.31156,3.31156,1147.857566817,0
VRG,60,20240626,100000,3.30182,3.30182,3.30182,3.30182,184.80712167,0
VRG,60,20240626,130000,3.28234,3.28234,3.28234,3.28234,6623.2818994065,0
VRG,60,20240626,140000,3.30182,3.30182,3.30182,3.30182,759.76261131,0
VRG,60,20240626,150000,3.29208,3.29208,3.28234,3.28234,1026.7062315,0
VRG,60,20240626,160000,3.28234,3.28234,3.28234,3.28234,513.35311575,0
VRG,60,20240626,170000,3.29208,3.29208,3.23364,3.24338,412335.48963272,0
VRG,60,20240627,100000,3.24338,3.30182,3.24338,3.26286,4931.2700298945,0
VRG,60,20240627,120000,3.29208,3.29208,3.29208,3.29208,5.1335311575,0
VRG,60,20240627,130000,3.29208,3.29208,3.29208,3.29208,13.3471810095,0
VRG,60,20240627,170000,3.2726,3.2726,3.2726,3.2726,3.0801186945,0
VRG,60,20240628,100000,3.2726,3.30182,3.2726,3.30182,470.231454027,0
VRG,60,20240628,120000,3.30182,3.30182,3.30182,3.30182,6234.160237667999,0
VRG,60,20240628,140000,3.31156,3.31156,3.31156,3.31156,5.1335311575,0
VRG,60,20240628,170000,3.30182,3.30182,3.30182,3.30182,1.0267062315,0
VRG,60,20240701,100000,3.31156,3.31156,3.31156,3.31156,5441.543026949999,0
VRG,60,20240701,110000,3.28234,3.30182,3.28234,3.30182,496.92581604599997,0
VRG,60,20240701,130000,3.28234,3.30182,3.28234,3.30182,88.296735909,0
VRG,60,20240701,140000,3.28234,3.28234,3.28234,3.28234,308.01186945,0
VRG,60,20240701,160000,3.30182,3.30182,3.30182,3.30182,1232.0474778,0
VRG,60,20240701,170000,3.31156,3.31156,3.31156,3.31156,122.17804154849999,0
VRG,60,20240702,100000,3.31156,3.31156,3.31156,3.31156,490.765578657,0
VRG,60,20240702,110000,3.2726,3.2726,3.2726,3.2726,235.1157270135,0
VRG,60,20240702,120000,3.28234,3.28234,3.26286,3.26286,37.9881305655,0
VRG,60,20240702,140000,3.28234,3.28234,3.28234,3.28234,5.1335311575,0
VRG,60,20240702,150000,3.28234,3.28234,3.25312,3.25312,2753.626112883,0
VRG,60,20240702,170000,3.26286,3.29208,3.26286,3.29208,813.151335348,0
VRG,60,20240703,100000,3.31156,3.31156,3.25312,3.26286,951.7566766005,0
VRG,60,20240703,140000,3.26286,3.26286,3.26286,3.26286,14.373887240999998,0
VRG,60,20240703,160000,3.26286,3.26286,3.26286,3.26286,760.7893175414999,0
VRG,60,20240703,170000,3.30182,3.30182,3.30182,3.30182,21.560830861499998,0
VRG,60,20240704,100000,3.30182,3.30182,3.30182,3.30182,23.6142433245,0
VRG,60,20240704,110000,3.30182,3.30182,3.30182,3.30182,410.6824926,0
VRG,60,20240704,120000,3.2726,3.2726,3.2726,3.2726,2337.8100891255,0
VRG,60,20240704,130000,3.30182,3.30182,3.30182,3.30182,5.1335311575,0
VRG,60,20240704,140000,3.30182,3.30182,3.30182,3.30182,2422.0000001085,0
VRG,60,20240704,150000,3.31156,3.31156,3.2726,3.2726,1994.8902078045,0
VRG,60,20240704,170000,3.29208,3.31156,3.29208,3.31156,783.3768546345,0
VRG,60,20240705,100000,3.31156,3.31156,3.2726,3.2726,10.267062315,0
VRG,60,20240705,130000,3.28234,3.28234,3.28234,3.28234,1437.3887241,0
VRG,60,20240705,140000,3.31156,3.31156,3.31156,3.31156,6.160237389,0
VRG,60,20240705,160000,3.31156,3.31156,3.31156,3.31156,154.005934725,0
VRG,60,20240705,170000,3.28234,3.28234,3.28234,3.28234,4.106824926,0
VRG,60,20240708,100000,3.29208,3.29208,3.26286,3.26286,238.195845708,0
VRG,60,20240708,110000,3.24338,3.24338,3.24338,3.24338,1026.7062315,0
VRG,60,20240708,120000,3.24338,3.24338,3.24338,3.24338,439.430267082,0
VRG,60,20240708,140000,3.29208,3.31156,3.24338,3.31156,7734.1780418895,0
VRG,60,20240708,150000,3.31156,3.31156,3.31156,3.31156,11.293768546499999,0
VRG,60,20240708,160000,3.25312,3.25312,3.25312,3.25312,45.175074185999996,0
VRG,60,20240708,170000,3.31156,3.36026,3.31156,3.36026,18490.979229315,0
VRG,60,20240709,100000,3.37,3.44792,3.33104,3.44792,32298.124630527,0
VRG,60,20240709,110000,3.40896,3.4674,3.40896,3.4674,15411.887241046,0
VRG,60,20240709,120000,3.4674,3.48688,3.39922,3.39922,15082.314540735,0
VRG,60,20240709,130000,3.40896,3.45766,3.40896,3.40896,497.95252227749995,0
VRG,60,20240709,140000,3.40896,3.40896,3.39922,3.39922,503.086053435,0
VRG,60,20240709,150000,3.40896,3.43818,3.39922,3.43818,764.8961424675,0
VRG,60,20240709,160000,3.39922,3.39922,3.39922,3.39922,205.3412463,0
VRG,60,20240709,170000,3.39922,3.42844,3.39922,3.42844,902.4747774885,0
VRG,60,20240710,100000,3.42844,3.44792,3.42844,3.42844,1391.1869436825,0
VRG,60,20240710,110000,3.44792,3.47714,3.42844,3.42844,5882.0000002635,0
VRG,60,20240710,120000,3.47714,3.48688,3.44792,3.44792,1031.8397626575,0
VRG,60,20240710,130000,3.45766,3.48688,3.45766,3.48688,154.005934725,0
VRG,60,20240710,140000,3.4674,3.4674,3.45766,3.45766,616.0237389,0
VRG,60,20240710,160000,3.45766,3.45766,3.44792,3.44792,1969.222552017,0
VRG,60,20240710,170000,3.4674,3.48688,3.44792,3.48688,1580.1008902785,0
VRG,60,20240711,100000,3.48688,3.48688,3.40896,3.40896,1488.724035675,0
VRG,60,20240711,110000,3.47714,3.47714,3.40896,3.40896,231.0089020875,0
VRG,60,20240711,120000,3.4187,3.42844,3.39922,3.39922,979.477744851,0
VRG,60,20240711,140000,3.40896,3.44792,3.37974,3.44792,1224.8605341795,0
VRG,60,20240711,160000,3.43818,3.43818,3.43818,3.43818,1.0267062315,0
VRG,60,20240712,100000,3.36026,3.48688,3.36026,3.48688,8023.709199172499,0
VRG,60,20240712,110000,3.47714,3.50636,3.43818,3.47714,93053.46587954,0
VRG,60,20240712,120000,3.47714,3.50636,3.47714,3.49662,5403.554896384499,0
VRG,60,20240712,130000,3.49662,3.49662,3.47714,3.49662,5734.1543029275,0
VRG,60,20240712,160000,3.48688,3.48688,3.48688,3.48688,61.602373889999996,0
VRG,60,20240712,170000,3.47714,3.48688,3.47714,3.48688,2290.5816024765,0
VRG,60,20240715,100000,3.50636,3.50636,3.42844,3.49662,310423.60238779,0
VRG,60,20240715,110000,3.49662,3.49662,3.42844,3.42844,1215032.9021316,0
VRG,60,20240715,120000,3.42844,3.42844,3.42844,3.42844,380.9080118865,0
VRG,60,20240715,130000,3.43818,3.4674,3.42844,3.42844,249028.62315655648,0
VRG,60,20240715,140000,3.45766,3.45766,3.44792,3.44792,4158.160237575,0
VRG,60,20240715,150000,3.47714,3.48688,3.44792,3.44792,667.359050475,0
VRG,60,20240715,160000,3.44792,3.49662,3.44792,3.49662,205379.23443057,0
VRG,60,20240715,170000,3.49662,3.5161,3.49662,3.50636,18312.332345034,0
VRG,60,20240716,100000,3.52584,3.58428,3.5161,3.52584,8051.430267423,0
VRG,60,20240716,110000,3.54532,3.54532,3.54532,3.54532,457.910979249,0
VRG,60,20240716,120000,3.52584,3.54532,3.5161,3.5161,1381.946587599,0
VRG,60,20240716,130000,3.5161,3.5161,3.5161,3.5161,462.017804175,0
VRG,60,20240716,140000,3.52584,3.52584,3.52584,3.52584,1190.97922854,0
VRG,60,20240716,150000,3.5161,3.5161,3.5161,3.5161,298.77151336649996,0
VRG,60,20240716,160000,3.52584,3.52584,3.5161,3.5161,6683.857567065,0
VRG,60,20240716,170000,3.53558,3.55506,3.53558,3.55506,124.2314540115,0
VRG,60,20240717,100000,3.55506,3.60376,3.52584,3.60376,3409.6913948115,0
VRG,60,20240717,110000,3.57454,3.58428,3.57454,3.58428,4111.9584571575,0
VRG,60,20240717,120000,3.57454,3.58428,3.57454,3.58428,42.0949554915,0
VRG,60,20240717,130000,3.58428,3.58428,3.58428,3.58428,410.6824926,0
VRG,60,20240717,140000,3.57454,3.57454,3.57454,3.57454,276.1839762735,0
VRG,60,20240717,160000,3.57454,3.57454,3.5161,3.52584,2980.5281900445,0
VRG,60,20240717,170000,3.57454,3.58428,3.57454,3.58428,1702.278931827,0
VRG,60,20240718,100000,3.57454,3.58428,3.52584,3.57454,438.40356085049996,0
VRG,60,20240718,110000,3.52584,3.5648,3.50636,3.5161,11655.169139988,0
VRG,60,20240718,120000,3.5161,3.6135,3.5161,3.6135,17813.353116525,0
VRG,60,20240718,130000,3.6135,3.62324,3.6135,3.62324,643.7448071504999,0
VRG,60,20240718,140000,3.62324,3.62324,3.58428,3.6135,673.519287864,0
VRG,60,20240718,150000,3.62324,3.64272,3.62324,3.64272,1440.4688427945,0
VRG,60,20240718,160000,3.63298,3.63298,3.62324,3.62324,105128.55786821,0
VRG,60,20240718,170000,3.62324,3.62324,3.57454,3.62324,1892.2195846544998,0
VRG,60,20240719,100000,3.6135,3.6135,3.53558,3.59402,105111.10386228,0
VRG,60,20240719,110000,3.5161,3.5161,3.5161,3.5161,462.017804175,0
VRG,60,20240719,120000,3.53558,3.53558,3.53558,3.53558,200.2077151425,0
VRG,60,20240719,140000,3.53558,3.58428,3.53558,3.58428,2823.442136625,0
VRG,60,20240719,170000,3.58428,3.60376,3.58428,3.60376,17599.798220373,0
VRG,60,20240722,100000,3.60376,3.60376,3.53558,3.53558,1049.293768593,0
VRG,60,20240722,110000,3.59402,3.60376,3.52584,3.52584,1264.902077208,0
VRG,60,20240722,120000,3.52584,3.59402,3.52584,3.59402,196.1008902165,0
VRG,60,20240722,130000,3.53558,3.58428,3.4674,3.58428,7911.798219939,0
VRG,60,20240722,140000,3.53558,3.53558,3.53558,3.53558,4223.869436391,0
VRG,60,20240722,150000,3.57454,3.60376,3.57454,3.60376,2073.94658763,0
VRG,60,20240722,170000,3.57454,3.60376,3.5161,3.60376,2424.0534125715,0
VRG,60,20240723,100000,3.59402,3.59402,3.53558,3.53558,357.293768562,0
VRG,60,20240723,110000,3.53558,3.53558,3.53558,3.53558,120.12462908549999,0
VRG,60,20240723,120000,3.5161,3.58428,3.5161,3.58428,71.869436205,0
VRG,60,20240723,130000,3.5161,3.5161,3.5161,3.5161,4.106824926,0
VRG,60,20240723,140000,3.52584,3.52584,3.4674,3.49662,7366.6172110125,0
VRG,60,20240723,160000,3.49662,3.5648,3.45766,3.5648,4221.816023928,0
VRG,60,20240723,170000,3.4674,3.5648,3.4674,3.52584,1356.2789318115,0
VRG,60,20240724,100000,3.5161,3.5161,3.49662,3.49662,37.9881305655,0
VRG,60,20240724,110000,3.49662,3.49662,3.4674,3.4674,67.762611279,0
VRG,60,20240724,120000,3.4674,3.4674,3.40896,3.43818,1078.041543075,0
VRG,60,20240724,130000,3.43818,3.43818,3.43818,3.43818,456.8842730175,0
VRG,60,20240724,160000,3.43818,3.43818,3.43818,3.43818,30.801186944999998,0
VRG,60,20240724,170000,3.43818,3.52584,3.43818,3.52584,4620.1780417499995,0
VRG,60,20240725,100000,3.50636,3.50636,3.42844,3.50636,408.629080137,0
VRG,60,20240725,110000,3.42844,3.4674,3.40896,3.40896,2021.5845698235,0
VRG,60,20240725,120000,3.40896,3.40896,3.40896,3.40896,513.35311575,0
VRG,60,20240725,130000,3.40896,3.40896,3.40896,3.40896,1026.7062315,0
VRG,60,20240725,140000,3.39922,3.39922,3.37,3.37974,1500.0178042215,0
VRG,60,20240725,160000,3.39922,3.39922,3.39922,3.39922,119.09792285399999,0
VRG,60,20240725,170000,3.39922,3.39922,3.39922,3.39922,19.5074183985,0
VRG,60,20240726,100000,3.39922,3.57454,3.39922,3.40896,10821.48368001,0
VRG,60,20240726,110000,3.45766,3.45766,3.45766,3.45766,72.8961424365,0
VRG,60,20240726,130000,3.45766,3.45766,3.45766,3.45766,50.3086053435,0
VRG,60,20240726,150000,3.45766,3.4674,3.39922,3.4674,2693.0504452245,0
VRG,60,20240726,160000,3.40896,3.40896,3.37974,3.37974,410.6824926,0
VRG,60,20240726,170000,3.39922,3.55506,3.35052,3.54532,4967.204747997,0
VRG,60,20240729,100000,3.54532,3.54532,3.54532,3.54532,154.005934725,0
VRG,60,20240729,120000,3.54532,3.54532,3.54532,3.54532,367.560830877,0
VRG,60,20240729,150000,3.43818,3.54532,3.43818,3.54532,323.4124629225,0
VRG,60,20240730,100000,3.42844,3.55506,3.42844,3.55506,1619.1157270755,0
VRG,60,20240730,110000,3.47714,3.47714,3.42844,3.42844,4790.611276179,0
VRG,60,20240730,130000,3.42844,3.44792,3.4187,3.44792,173.5133531235,0
VRG,60,20240730,150000,3.44792,3.45766,3.4187,3.42844,6491.8635017745,0
VRG,60,20240730,160000,3.47714,3.47714,3.47714,3.47714,216.63501484649998,0
VRG,60,20240730,170000,3.4674,3.49662,3.45766,3.45766,14068.955490244,0
VRG,60,20240731,100000,3.49662,3.49662,3.49662,3.49662,3.0801186945,0
VRG,60,20240731,110000,3.43818,3.5648,3.43818,3.55506,3308.047477893,0
VRG,60,20240731,120000,3.5648,3.5648,3.55506,3.55506,282.3442136625,0
VRG,60,20240731,130000,3.55506,3.55506,3.55506,3.55506,5.1335311575,0
VRG,60,20240731,150000,3.54532,3.54532,3.54532,3.54532,81.1097922885,0
VRG,60,20240731,160000,3.54532,3.54532,3.54532,3.54532,256.676557875,0
VRG,60,20240731,170000,3.49662,3.49662,3.44792,3.44792,17871.87537172,0
VRG,60,20240801,100000,3.43818,3.54532,3.43818,3.52584,2062.6528190834997,0
VRG,60,20240801,110000,3.53558,3.53558,3.49662,3.49662,60.5756676585,0
VRG,60,20240801,120000,3.49662,3.49662,3.49662,3.49662,1.0267062315,0
VRG,60,20240801,130000,3.49662,3.49662,3.47714,3.47714,1065.7210682969999,0
VRG,60,20240801,140000,3.49662,3.49662,3.49662,3.49662,5.1335311575,0
VRG,60,20240801,150000,3.47714,3.47714,3.4674,3.4674,155032.6409565,0
VRG,60,20240802,100000,3.54532,3.54532,3.42844,3.50636,3600.6587538705,0
VRG,60,20240802,110000,3.47714,3.48688,3.47714,3.48688,147744.0534190815,0
VRG,60,20240802,120000,3.45766,3.45766,3.44792,3.44792,708.427299735,0
VRG,60,20240802,130000,3.49662,3.49662,3.49662,3.49662,1502.0712166845,0
VRG,60,20240802,140000,3.49662,3.49662,3.47714,3.47714,462.017804175,0
VRG,60,20240802,160000,3.45766,3.45766,3.45766,3.45766,1382.9732938304999,0
VRG,60,20240805,100000,3.49662,3.49662,3.31156,3.33104,2629.3946588715,0
VRG,60,20240805,120000,3.29208,3.30182,3.23364,3.2726,11246.540059851,0
VRG,60,20240805,130000,3.31156,3.31156,3.31156,3.31156,1.0267062315,0
VRG,60,20240805,140000,3.2726,3.28234,3.26286,3.2726,73631.264098254,0
VRG,60,20240805,150000,3.31156,3.3213,3.31156,3.3213,1063.667655834,0
VRG,60,20240805,170000,3.28234,3.36026,3.2726,3.2726,14978.617211353,0
VRG,60,20240806,100000,3.30182,3.40896,3.30182,3.34078,6989.816024052,0
VRG,60,20240806,110000,3.3213,3.35052,3.3213,3.35052,6953.8813059495,0
VRG,60,20240806,120000,3.35052,3.37974,3.33104,3.35052,33976.789319029,0
VRG,60,20240806,130000,3.37974,3.38948,3.37974,3.38948,1495.9109792954998,0
VRG,60,20240806,150000,3.36026,3.36026,3.36026,3.36026,351.133531173,0
VRG,60,20240807,100000,3.43818,3.43818,3.42844,3.42844,9.2403560835,0
VRG,60,20240807,140000,3.42844,3.42844,3.42844,3.42844,13.3471810095,0
VRG,60,20240807,170000,3.4187,3.49662,3.4187,3.49662,10081.2284870985,0
VRG,60,20240808,100000,3.50636,3.50636,3.45766,3.45766,45982.065283959,0
VRG,60,20240808,110000,3.49662,3.60376,3.49662,3.54532,3985.673590683,0
VRG,60,20240808,120000,3.54532,3.54532,3.54532,3.54532,1026.7062315,0
VRG,60,20240808,140000,3.54532,3.60376,3.54532,3.60376,2681.756676678,0
VRG,60,20240808,150000,3.6135,3.6135,3.6135,3.6135,502.0593472035,0
VRG,60,20240808,160000,3.60376,3.60376,3.60376,3.60376,718.69436205,0
VRG,60,20240808,170000,3.60376,3.60376,3.60376,3.60376,1334.71810095,0
VRG,60,20240809,100000,3.60376,3.60376,3.49662,3.57454,2129.388724131,0
VRG,60,20240809,120000,3.5161,3.54532,3.47714,3.47714,1401.4540059975,0
VRG,60,20240809,140000,3.52584,3.52584,3.52584,3.52584,15.400593472499999,0
VRG,60,20240809,170000,3.50636,3.50636,3.47714,3.47714,13.3471810095,0
VRG,60,20240812,100000,3.52584,3.52584,3.47714,3.47714,608.8367952794999,0
VRG,60,20240812,120000,3.47714,3.47714,3.47714,3.47714,205.3412463,0
VRG,60,20240812,130000,3.47714,3.47714,3.47714,3.47714,7.186943620499999,0
VRG,60,20240812,140000,3.47714,3.54532,3.47714,3.54532,16844.142433989,0
VRG,60,20240812,150000,3.54532,3.54532,3.54532,3.54532,1678.6646885025,0
VRG,60,20240812,160000,3.47714,3.47714,3.4674,3.4674,1642.7299704,0
VRG,60,20240812,170000,3.47714,3.54532,3.47714,3.54532,2557.5252226664998,0
VRG,60,20240813,100000,3.53558,3.53558,3.47714,3.50636,352.1602374045,0
VRG,60,20240813,110000,3.47714,3.47714,3.47714,3.47714,10.267062315,0
VRG,60,20240813,140000,3.47714,3.49662,3.47714,3.49662,178.64688428099998,0
VRG,60,20240813,160000,3.47714,3.47714,3.47714,3.47714,107.8041543075,0
VRG,60,20240813,170000,3.47714,3.48688,3.4674,3.4674,7069.899110109,0
VRG,60,20240814,100000,3.47714,3.47714,3.47714,3.47714,3.0801186945,0
VRG,60,20240814,110000,3.49662,3.49662,3.47714,3.47714,1269.008902134,0
VRG,60,20240814,130000,3.47714,3.52584,3.47714,3.52584,29.774480713499997,0
VRG,60,20240814,140000,3.5161,3.53558,3.5161,3.5161,709.4540059665,0
VRG,60,20240814,150000,3.54532,3.54532,3.54532,3.54532,59.548961426999995,0
VRG,60,20240814,160000,3.54532,3.54532,3.54532,3.54532,19.5074183985,0
VRG,60,20240814,170000,3.50636,3.52584,3.50636,3.52584,596.5163205015,0
VRG,60,20240816,100000,3.53558,3.54532,3.53558,3.54532,160.166172114,0
VRG,60,20240816,110000,3.5161,3.57454,3.5161,3.57454,15400.593472499999,0
VRG,60,20240816,120000,3.5648,3.57454,3.5648,3.57454,154.005934725,0
VRG,60,20240816,130000,3.57454,3.58428,3.57454,3.58428,7260.866469168,0
VRG,60,20240816,140000,3.58428,3.58428,3.58428,3.58428,387.0682492755,0
VRG,60,20240816,150000,3.54532,3.58428,3.52584,3.58428,372.6943620345,0
VRG,60,20240816,160000,3.58428,3.58428,3.58428,3.58428,5.1335311575,0
VRG,60,20240816,170000,3.58428,3.58428,3.58428,3.58428,151.952522262,0
VRG,60,20240819,100000,3.58428,3.58428,3.58428,3.58428,818.2848665055,0
VRG,60,20240819,110000,3.57454,3.57454,3.57454,3.57454,962.0237389155,0
VRG,60,20240819,120000,3.58428,3.58428,3.57454,3.58428,160.166172114,0
VRG,60,20240819,130000,3.58428,3.58428,3.54532,3.54532,1111.9228487145,0
VRG,60,20240819,150000,3.58428,3.58428,3.57454,3.57454,650.931750771,0
VRG,60,20240819,170000,3.57454,3.60376,3.5161,3.60376,8324.534125002,0
VRG,60,20240820,100000,3.60376,3.60376,3.55506,3.55506,173.5133531235,0
VRG,60,20240820,110000,3.55506,3.55506,3.55506,3.55506,3082.172106963,0
VRG,60,20240820,120000,3.54532,3.54532,3.54532,3.54532,612.9436202055,0
VRG,60,20240820,130000,3.54532,3.54532,3.54532,3.54532,616.0237389,0
VRG,60,20240820,140000,3.52584,3.53558,3.52584,3.53558,3008.249258295,0
VRG,60,20240820,160000,3.53558,3.53558,3.53558,3.53558,61.602373889999996,0
VRG,60,20240820,170000,3.52584,3.60376,3.52584,3.60376,135.525222558,0
VRG,60,20240821,100000,3.53558,3.59402,3.53558,3.54532,1181.7388724565,0
VRG,60,20240821,110000,3.58428,3.58428,3.58428,3.58428,5.1335311575,0
VRG,60,20240821,120000,3.54532,3.54532,3.54532,3.54532,616.0237389,0
VRG,60,20240821,150000,3.58428,3.58428,3.53558,3.53558,438.4035608505,0
VRG,60,20240821,170000,3.5648,3.5648,3.5161,3.5161,2353.210682598,0
VRG,60,20240822,100000,3.50636,3.50636,3.50636,3.50636,40.0415430285,0
VRG,60,20240822,110000,3.57454,3.58428,3.52584,3.58428,1366.5459941265,0
VRG,60,20240822,120000,3.58428,3.59402,3.58428,3.59402,4681.78041564,0
VRG,60,20240822,130000,3.59402,3.60376,3.59402,3.60376,1455.869436267,0
VRG,60,20240822,140000,3.60376,3.60376,3.60376,3.60376,73.922848668,0
VRG,60,20240822,150000,3.59402,3.59402,3.5648,3.5648,706.373887272,0
VRG,60,20240822,160000,3.5648,3.57454,3.55506,3.57454,1703.3056380585,0
VRG,60,20240822,170000,3.55506,3.59402,3.55506,3.59402,171.4599406605,0
VRG,60,20240823,100000,3.55506,3.55506,3.53558,3.53558,543.1275964635,0
VRG,60,20240823,110000,3.55506,3.55506,3.54532,3.54532,301.851632061,0
VRG,60,20240823,120000,3.53558,3.53558,3.53558,3.53558,142.7121661785,0
VRG,60,20240823,140000,3.52584,3.53558,3.52584,3.53558,428.1364985355,0
VRG,60,20240823,150000,3.53558,3.53558,3.53558,3.53558,513.35311575,0
VRG,60,20240823,160000,3.54532,3.54532,3.5161,3.5161,778.243323477,0
VRG,60,20240826,100000,3.48688,3.53558,3.48688,3.48688,1329.5845697925,0
VRG,60,20240826,110000,3.52584,3.52584,3.52584,3.52584,40.0415430285,0
VRG,60,20240826,140000,3.48688,3.48688,3.48688,3.48688,102.67062315,0
VRG,60,20240826,160000,3.48688,3.48688,3.48688,3.48688,49.281899112,0
VRG,60,20240827,100000,3.48688,3.48688,3.43818,3.43818,1060.5875371395,0
VRG,60,20240827,110000,3.47714,3.47714,3.47714,3.47714,30.801186944999998,0
VRG,60,20240827,120000,3.43818,3.43818,3.43818,3.43818,395.28189912749997,0
VRG,60,20240827,130000,3.47714,3.47714,3.42844,3.43818,267.9703264215,0
VRG,60,20240827,150000,3.44792,3.44792,3.44792,3.44792,5.1335311575,0
VRG,60,20240827,160000,3.45766,3.45766,3.45766,3.45766,180.70029674399998,0
VRG,60,20240827,170000,3.44792,3.44792,3.44792,3.44792,907.608308646,0
VRG,60,20240828,100000,3.4674,3.4674,3.40896,3.4187,1099.6023739365,0
VRG,60,20240828,110000,3.39922,3.4187,3.39922,3.4187,663.252225549,0
VRG,60,20240828,140000,3.4187,3.42844,3.4187,3.42844,580.0890207975,0
VRG,60,20240828,150000,3.44792,3.45766,3.44792,3.45766,885.020771553,0
VRG,60,20240828,170000,3.45766,3.45766,3.45766,3.45766,1.0267062315,0
VRG,60,20240829,100000,3.34078,3.34078,3.34078,3.34078,228.9554896245,0
VRG,60,20240829,110000,3.4187,3.4187,3.40896,3.40896,10267.062315,0
VRG,60,20240829,130000,3.40896,3.40896,3.40896,3.40896,102.67062315,0
VRG,60,20240829,140000,3.4187,3.4187,3.40896,3.40896,1549.2997033335,0
VRG,60,20240829,170000,3.40896,3.4187,3.40896,3.4187,48.2551928805,0
VRG,60,20240830,100000,3.44792,3.44792,3.44792,3.44792,3.0801186945,0
VRG,60,20240830,110000,3.44792,3.44792,3.44792,3.44792,30.801186944999998,0
VRG,60,20240830,120000,3.38948,3.38948,3.37974,3.37974,410.6824926,0
VRG,60,20240830,160000,3.42844,3.42844,3.42844,3.42844,190.967359059,0
VRG,60,20240830,170000,3.43818,3.43818,3.43818,3.43818,172.48664689199998,0
VRG,60,20240902,100000,3.4187,3.4187,3.35052,3.40896,1470.243323508,0
VRG,60,20240902,110000,3.4187,3.4187,3.40896,3.40896,9408.735905466,0
VRG,60,20240902,120000,3.40896,3.44792,3.40896,3.44792,2225.899109892,0
VRG,60,20240902,130000,3.45766,3.45766,3.45766,3.45766,554.4213650099999,0
VRG,60,20240902,140000,3.45766,3.45766,3.45766,3.45766,7.186943620499999,0
VRG,60,20240902,150000,3.44792,3.45766,3.4187,3.45766,517.459940676,0
VRG,60,20240902,160000,3.45766,3.45766,3.42844,3.42844,105.7507418445,0
VRG,60,20240903,100000,3.42844,3.42844,3.40896,3.40896,259.7566765695,0
VRG,60,20240903,110000,3.42844,3.42844,3.40896,3.40896,1211.5133531699998,0
VRG,60,20240903,130000,3.40896,3.40896,3.40896,3.40896,212.52818992049998,0
VRG,60,20240903,170000,3.40896,3.40896,3.40896,3.40896,3785.4658755405,0
VRG,60,20240904,100000,3.44792,3.45766,3.44792,3.44792,340.866468858,0
VRG,60,20240904,110000,3.44792,3.44792,3.37,3.37,213.554896152,0
VRG,60,20240904,120000,3.37974,3.40896,3.37974,3.40896,97.5370919925,0
VRG,60,20240904,130000,3.40896,3.40896,3.40896,3.40896,198.15430267949998,0
VRG,60,20240904,140000,3.40896,3.40896,3.40896,3.40896,94.456973298,0
VRG,60,20240904,150000,3.38948,3.40896,3.38948,3.40896,572.902077177,0
VRG,60,20240904,160000,3.40896,3.40896,3.40896,3.40896,14.373887240999998,0
VRG,60,20240904,170000,3.40896,3.40896,3.40896,3.40896,521.566765602,0
VRG,60,20240905,100000,3.44792,3.44792,3.40896,3.40896,56.4688427325,0
VRG,60,20240905,110000,3.40896,3.40896,3.40896,3.40896,12.320474778,0
VRG,60,20240905,130000,3.44792,3.44792,3.44792,3.44792,3.0801186945,0
VRG,60,20240905,140000,3.44792,3.44792,3.44792,3.44792,102.67062315,0
VRG,60,20240905,160000,3.40896,3.40896,3.40896,3.40896,22873.9881315885,0
VRG,60,20240905,170000,3.40896,3.40896,3.40896,3.40896,2500.0296737025,0
VRG,60,20240906,100000,3.40896,3.45766,3.40896,3.45766,271.050445116,0
VRG,60,20240906,110000,3.45766,3.45766,3.39922,3.45766,272.0771513475,0
VRG,60,20240906,160000,3.40896,3.40896,3.40896,3.40896,1462.0296736559999,0
VRG,60,20240909,100000,3.47714,3.47714,3.40896,3.42844,4464.118694562,0
VRG,60,20240909,110000,3.45766,3.45766,3.4187,3.4187,1096.522255242,0
VRG,60,20240909,130000,3.44792,3.44792,3.4187,3.4187,213.554896152,0
VRG,60,20240909,150000,3.42844,3.42844,3.42844,3.42844,125.25816024299999,0
VRG,60,20240909,170000,3.42844,3.44792,3.42844,3.44792,129.364985169,0
VRG,60,20240910,100000,3.45766,3.45766,3.45766,3.45766,513.35311575,0
VRG,60,20240910,110000,3.4674,3.4674,3.42844,3.42844,522.5934718335,0
VRG,60,20240910,130000,3.42844,3.42844,3.42844,3.42844,359.347181025,0
VRG,60,20240910,160000,3.45766,3.45766,3.42844,3.42844,991.798219629,0
VRG,60,20240910,170000,3.44792,3.45766,3.44792,3.45766,2446.6409496645,0
VRG,60,20240911,100000,3.45766,3.45766,3.45766,3.45766,64.6824925845,0
VRG,60,20240911,120000,3.45766,3.45766,3.45766,3.45766,51.335311575,0
VRG,60,20240911,130000,3.42844,3.42844,3.37974,3.37974,102.67062315,0
VRG,60,20240912,100000,3.43818,3.45766,3.43818,3.44792,338.813056395,0
VRG,60,20240912,170000,3.44792,3.44792,3.43818,3.43818,211.501483689,0
VRG,60,20240913,100000,3.43818,3.43818,3.42844,3.42844,164.27299704,0
VRG,60,20240913,120000,3.42844,3.42844,3.42844,3.42844,5.1335311575,0
VRG,60,20240913,140000,3.40896,3.43818,3.39922,3.43818,82.13649852,0
VRG,60,20240913,150000,3.43818,3.43818,3.43818,3.43818,4.106824926,0
VRG,60,20240913,160000,3.39922,3.39922,3.39922,3.39922,243.3293768655,0
VRG,60,20240916,100000,3.39922,3.39922,3.33104,3.33104,1900.4332345065,0
VRG,60,20240916,130000,3.37974,3.38948,3.37974,3.38948,105.7507418445,0
VRG,60,20240916,140000,3.36026,3.36026,3.34078,3.34078,537.9940653059999,0
VRG,60,20240916,160000,3.37974,3.37974,3.37974,3.37974,11.293768546499999,0
VRG,60,20240916,170000,3.35052,3.37974,3.35052,3.37974,210.47477745749998,0
VRG,60,20240917,100000,3.36026,3.37974,3.36026,3.36026,707614.14839965,0
VRG,60,20240917,110000,3.34078,3.37974,3.34078,3.37974,2304.9554897175,0
VRG,60,20240917,120000,3.37974,3.37974,3.34078,3.34078,1142.7240356595,0
VRG,60,20240917,130000,3.34078,3.34078,3.31156,3.31156,4225.922848854,0
VRG,60,20240917,140000,3.29208,3.36026,3.29208,3.36026,24240.534125715,0
VRG,60,20240917,150000,3.35052,3.36026,3.35052,3.36026,36597.970328049,0
VRG,60,20240917,160000,3.36026,3.37974,3.36026,3.36026,46201.7804175,0
VRG,60,20240917,170000,3.37,3.37,3.3213,3.3213,14060.741840393,0
VRG,60,20240918,100000,3.38948,3.38948,3.37,3.37,470.231454027,0
VRG,60,20240918,110000,3.36026,3.37,3.36026,3.37,4.106824926,0
VRG,60,20240918,120000,3.35052,3.35052,3.35052,3.35052,246.40949555999998,0
VRG,60,20240918,130000,3.34078,3.36026,3.33104,3.36026,14060.741840393,0
VRG,60,20240918,140000,3.37,3.37,3.37,3.37,2441.507418507,0
VRG,60,20240918,150000,3.37974,3.37974,3.37974,3.37974,102.67062315,0
VRG,60,20240918,170000,3.37,3.37,3.37,3.37,1026.7062315,0
VRG,60,20240919,100000,3.38,3.43,3.37,3.42,1302,0
VRG,60,20240919,110000,3.41,3.41,3.41,3.41,500,0
VRG,60,20240919,120000,3.41,3.41,3.41,3.41,9,0
VRG,60,20240919,130000,3.4,3.42,3.4,3.42,419,0
VRG,60,20240919,150000,3.46,3.46,3.46,3.46,1,0
VRG,60,20240919,160000,3.42,3.42,3.42,3.42,9,0
VRG,60,20240919,170000,3.39,3.39,3.39,3.39,5248,0
VRG,60,20240920,100000,3.39,3.55,3.39,3.5,426,0
VRG,60,20240920,120000,3.44,3.44,3.42,3.42,544,0
VRG,60,20240920,130000,3.43,3.43,3.42,3.42,1275,0
VRG,60,20240920,140000,3.44,3.44,3.44,3.44,1,0
VRG,60,20240920,150000,3.44,3.45,3.44,3.45,499,0
VRG,60,20240920,170000,3.42,3.47,3.33,3.33,22778,0
VRG,60,20240923,100000,3.33,3.36,3.33,3.36,1344,0
VRG,60,20240923,120000,3.34,3.34,3.33,3.33,200,0
VRG,60,20240923,140000,3.4,3.44,3.39,3.43,6965,0
VRG,60,20240923,170000,3.43,3.55,3.38,3.55,2450,0
VRG,60,20240924,100000,3.55,3.59,3.51,3.58,2257,0
VRG,60,20240924,110000,3.51,3.54,3.45,3.45,8348,0
VRG,60,20240924,120000,3.53,3.53,3.53,3.53,100,0
VRG,60,20240924,130000,3.5,3.5,3.48,3.48,720,0
VRG,60,20240924,140000,3.5,3.53,3.5,3.53,40,0
VRG,60,20240924,150000,3.53,3.53,3.53,3.53,117,0
VRG,60,20240924,160000,3.52,3.52,3.52,3.52,50,0
VRG,60,20240924,170000,3.53,3.55,3.53,3.55,671,0
VRG,60,20240925,100000,3.54,3.54,3.53,3.53,39,0
VRG,60,20240925,110000,3.48,3.51,3.48,3.48,695,0
VRG,60,20240925,130000,3.51,3.51,3.51,3.51,34,0
VRG,60,20240925,140000,3.51,3.52,3.51,3.52,2005,0
VRG,60,20240925,150000,3.51,3.51,3.51,3.51,25,0
VRG,60,20240925,160000,3.5,3.5,3.5,3.5,12,0
VRG,60,20240925,170000,3.5,3.5,3.5,3.5,30,0
VRG,60,20240926,100000,3.5,3.5,3.5,3.5,105,0
VRG,60,20240926,140000,3.49,3.49,3.49,3.49,17495,0
VRG,60,20240926,160000,3.5,3.5,3.5,3.5,28,0
VRG,60,20240926,170000,3.5,3.5,3.5,3.5,5,0
VRG,60,20240927,100000,3.5,3.5,3.5,3.5,5,0
VRG,60,20240927,110000,3.48,3.49,3.48,3.49,177,0
VRG,60,20240927,120000,3.49,3.49,3.49,3.49,20,0
VRG,60,20240927,130000,3.49,3.49,3.49,3.49,13,0
VRG,60,20240927,140000,3.49,3.49,3.49,3.49,26,0
VRG,60,20241001,100000,3.45,3.49,3.44,3.49,17626,0
VRG,60,20241001,120000,3.49,3.49,3.49,3.49,69,0
VRG,60,20241001,130000,3.47,3.47,3.47,3.47,7,0
VRG,60,20241001,140000,3.49,3.49,3.45,3.45,159,0
VRG,60,20241001,150000,3.44,3.44,3.42,3.43,579,0
VRG,60,20241001,170000,3.42,3.48,3.4,3.48,2875,0
VRG,60,20241002,100000,3.46,3.46,3.42,3.42,355,0
VRG,60,20241002,110000,3.42,3.42,3.42,3.42,300,0
VRG,60,20241002,120000,3.44,3.44,3.44,3.44,10,0
VRG,60,20241002,130000,3.42,3.42,3.42,3.42,100,0
VRG,60,20241002,140000,3.41,3.41,3.39,3.39,1958,0
VRG,60,20241002,160000,3.42,3.45,3.42,3.42,2006069,0
VRG,60,20241002,170000,3.41,3.41,3.41,3.41,353,0
VRG,60,20241003,100000,3.44,3.44,3.4,3.4,3505,0
VRG,60,20241003,120000,3.4,3.4,3.39,3.39,501,0
VRG,60,20241003,140000,3.4,3.4,3.4,3.4,6,0
VRG,60,20241003,160000,3.39,3.39,3.38,3.38,1548,0
VRG,60,20241003,170000,3.39,3.48,3.39,3.44,1161,0
VRG,60,20241004,100000,3.44,3.44,3.44,3.44,25,0
VRG,60,20241004,110000,3.4,3.4,3.4,3.4,120,0
VRG,60,20241004,130000,3.39,3.4,3.39,3.4,1050,0
VRG,60,20241004,140000,3.39,3.44,3.38,3.38,6670,0
VRG,60,20241004,150000,3.43,3.43,3.43,3.43,1,0
VRG,60,20241004,160000,3.38,3.38,3.38,3.38,100,0
VRG,60,20241004,170000,3.38,3.42,3.38,3.42,520,0
VRG,60,20241007,100000,3.42,3.42,3.42,3.42,5,0
VRG,60,20241007,120000,3.38,3.42,3.36,3.42,1002,0
VRG,60,20241007,130000,3.36,3.36,3.36,3.36,60,0
VRG,60,20241007,140000,3.4,3.42,3.4,3.42,228,0
VRG,60,20241007,150000,3.38,3.42,3.36,3.42,502,0
VRG,60,20241008,100000,3.4,3.4,3.37,3.37,150,0
VRG,60,20241008,110000,3.41,3.41,3.41,3.41,4,0
VRG,60,20241008,120000,3.37,3.37,3.37,3.37,110,0
VRG,60,20241008,150000,3.37,3.37,3.33,3.33,2400,0
VRG,60,20241008,170000,3.4,3.55,3.4,3.55,6573,0
VRG,60,20241009,100000,3.51,3.51,3.46,3.5,285,0
VRG,60,20241009,110000,3.47,3.51,3.45,3.51,1500675,0
VRG,60,20241009,120000,3.51,3.51,3.48,3.48,798,0
VRG,60,20241009,130000,3.46,3.46,3.44,3.44,890,0
VRG,60,20241009,140000,3.44,3.44,3.44,3.44,920,0
VRG,60,20241009,160000,3.43,3.48,3.43,3.48,50109,0
VRG,60,20241009,170000,3.45,3.48,3.45,3.48,25686,0
VRG,60,20241010,100000,3.5,3.5,3.5,3.5,109,0
VRG,60,20241010,130000,3.44,3.44,3.44,3.44,1,0
VRG,60,20241010,150000,3.5,3.5,3.47,3.47,590,0
VRG,60,20241010,170000,3.48,3.48,3.48,3.48,13,0
VRG,60,20241011,100000,3.48,3.48,3.48,3.48,32,0
VRG,60,20241011,110000,3.48,3.49,3.48,3.49,564,0
VRG,60,20241011,120000,3.49,3.49,3.49,3.49,85,0
VRG,60,20241011,140000,3.48,3.48,3.48,3.48,15,0
VRG,60,20241011,170000,3.49,3.49,3.49,3.49,118,0
VRG,60,20241014,100000,3.49,3.49,3.49,3.49,104,0
VRG,60,20241014,110000,3.45,3.52,3.45,3.52,1333,0
VRG,60,20241014,120000,3.5,3.5,3.5,3.5,13,0
VRG,60,20241014,150000,3.5,3.5,3.5,3.5,5,0
VRG,60,20241014,160000,3.5,3.5,3.5,3.5,12,0
VRG,60,20241015,100000,3.5,3.5,3.5,3.5,3,0
VRG,60,20241015,110000,3.5,3.5,3.5,3.5,75,0
VRG,60,20241015,120000,3.5,3.5,3.5,3.5,7,0
VRG,60,20241015,130000,3.45,3.45,3.45,3.45,100,0
VRG,60,20241015,140000,3.45,3.45,3.44,3.44,545,0
VRG,60,20241015,170000,3.45,3.45,3.45,3.45,5,0
VRG,60,20241016,100000,3.49,3.49,3.49,3.49,3,0
VRG,60,20241016,140000,3.44,3.44,3.44,3.44,32,0
VRG,60,20241016,150000,3.43,3.43,3.42,3.42,90,0
VRG,60,20241016,170000,3.48,3.48,3.48,3.48,236,0
VRG,60,20241017,100000,3.48,3.49,3.48,3.49,387,0
VRG,60,20241017,130000,3.45,3.45,3.44,3.44,110,0
VRG,60,20241017,140000,3.48,3.48,3.48,3.48,82,0
VRG,60,20241017,150000,3.45,3.48,3.41,3.48,1538,0
VRG,60,20241017,160000,3.42,3.43,3.41,3.41,813,0
VRG,60,20241017,170000,3.45,3.45,3.45,3.45,32,0
VRG,60,20241018,100000,3.44,3.44,3.44,3.44,153,0
VRG,60,20241018,110000,3.41,3.41,3.41,3.41,200,0
VRG,60,20241018,120000,3.44,3.47,3.41,3.42,5061,0
VRG,60,20241018,150000,3.44,3.44,3.44,3.44,100,0
VRG,60,20241018,160000,3.44,3.44,3.44,3.44,20,0
VRG,60,20241018,170000,3.41,3.44,3.4,3.44,2708,0
VRG,60,20241021,100000,3.44,3.45,3.39,3.39,1430,0
VRG,60,20241021,110000,3.39,3.39,3.39,3.39,40,0
VRG,60,20241021,120000,3.39,3.39,3.38,3.39,512,0
VRG,60,20241021,130000,3.39,3.39,3.36,3.38,897,0
VRG,60,20241021,140000,3.38,3.38,3.38,3.38,14,0
VRG,60,20241021,150000,3.38,3.38,3.38,3.38,81,0
VRG,60,20241021,160000,3.39,3.39,3.39,3.39,528,0
VRG,60,20241021,170000,3.4,3.4,3.38,3.38,882,0
VRG,60,20241022,100000,3.38,3.44,3.38,3.38,554,0
VRG,60,20241022,110000,3.39,3.39,3.38,3.38,9735,0
VRG,60,20241022,120000,3.37,3.37,3.37,3.37,900,0
VRG,60,20241022,140000,3.39,3.39,3.39,3.39,3,0
VRG,60,20241022,150000,3.39,3.4,3.39,3.4,903,0
VRG,60,20241022,160000,3.37,3.39,3.3,3.39,13147,0
VRG,60,20241022,170000,3.38,3.39,3.38,3.39,201,0
VRG,60,20241023,100000,3.35,3.39,3.35,3.39,48,0
VRG,60,20241023,110000,3.35,3.35,3.34,3.34,796,0
VRG,60,20241023,120000,3.33,3.33,3.31,3.31,2605,0
VRG,60,20241023,130000,3.31,3.31,3.31,3.31,50,0
VRG,60,20241023,140000,3.31,3.33,3.31,3.33,894,0
VRG,60,20241023,150000,3.32,3.32,3.3,3.3,997,0
VRG,60,20241023,160000,3.3,3.3,3.28,3.28,4668,0
VRG,60,20241023,170000,3.28,3.34,3.22,3.34,48441,0
VRG,60,20241024,100000,3.37,3.37,3.37,3.37,266,0
VRG,60,20241024,110000,3.32,3.32,3.29,3.3,2174,0
VRG,60,20241024,120000,3.3,3.3,3.3,3.3,100,0
VRG,60,20241024,130000,3.3,3.3,3.23,3.23,9898,0
VRG,60,20241024,140000,3.3,3.3,3.3,3.3,1000,0
VRG,60,20241024,160000,3.28,3.3,3.27,3.27,3251,0
VRG,60,20241024,170000,3.27,3.27,3.27,3.27,1016,0
VRG,60,20241025,100000,3.29,3.29,3.28,3.28,1159,0
VRG,60,20241025,110000,3.26,3.26,3.25,3.25,2002,0
VRG,60,20241025,120000,3.25,3.25,3.25,3.25,2500,0
VRG,60,20241025,130000,3.24,3.24,3.18,3.19,9127,0
VRG,60,20241025,140000,3.19,3.21,3.19,3.21,3926,0
VRG,60,20241025,160000,3.21,3.21,3.21,3.21,200,0
VRG,60,20241025,170000,3.23,3.24,3.2,3.2,3924,0
VRG,60,20241028,100000,3.18,3.35,3.18,3.34,4283,0
VRG,60,20241028,110000,3.34,3.34,3.26,3.26,1163,0
VRG,60,20241028,120000,3.27,3.32,3.21,3.21,3097,0
VRG,60,20241028,130000,3.22,3.24,3.14,3.2,20586,0
VRG,60,20241028,140000,3.19,3.19,3.19,3.19,250,0
VRG,60,20241028,150000,3.19,3.19,3.19,3.19,8,0
VRG,60,20241028,170000,3.19,3.23,3.18,3.23,1382,0
VRG,60,20241029,100000,3.2,3.2,3.15,3.17,9366,0
VRG,60,20241029,110000,3.19,3.2,3.19,3.2,1500,0
VRG,60,20241029,120000,3.18,3.19,3.18,3.19,8,0
VRG,60,20241029,130000,3.19,3.2,3.19,3.2,196,0
VRG,60,20241029,140000,3.18,3.18,3.17,3.17,476,0
VRG,60,20241029,160000,3.2,3.2,3.2,3.2,4,0
VRG,60,20241029,170000,3.2,3.28,3.2,3.28,3227,0
VRG,60,20241030,100000,3.28,3.32,3.2,3.2,1898,0
VRG,60,20241030,110000,3.2,3.2,3.2,3.2,114,0
VRG,60,20241030,120000,3.2,3.21,3.2,3.2,200,0
VRG,60,20241030,130000,3.28,3.28,3.28,3.28,63,0
VRG,60,20241030,140000,3.28,3.28,3.27,3.27,160,0
VRG,60,20241030,160000,3.2,3.2,3.2,3.2,20,0
VRG,60,20241030,170000,3.2,3.26,3.2,3.26,581,0
VRG,60,20241031,100000,3.26,3.26,3.21,3.21,2014,0
VRG,60,20241031,120000,3.21,3.21,3.21,3.21,113,0
VRG,60,20241031,130000,3.21,3.21,3.2,3.2,430,0
VRG,60,20241031,160000,3.2,3.23,3.2,3.23,6001,0
VRG,60,20241031,170000,3.22,3.23,3.22,3.23,621,0
VRG,60,20241104,100000,3.26,3.26,3.08,3.12,19027,0
VRG,60,20241104,110000,3.14,3.15,3.13,3.14,2603,0
VRG,60,20241104,120000,3.13,3.14,3.11,3.14,8097,0
VRG,60,20241104,130000,3.15,3.16,3.15,3.16,473,0
VRG,60,20241104,140000,3.14,3.16,3.12,3.16,2072,0
VRG,60,20241104,150000,3.16,3.19,3.16,3.19,7241,0
VRG,60,20241104,170000,3.18,3.24,3.17,3.24,13615,0
VRG,60,20241105,100000,3.24,3.24,3.24,3.24,14925,0
VRG,60,20241105,110000,3.24,3.24,3.24,3.24,720,0
VRG,60,20241105,120000,3.24,3.24,3.24,3.24,300,0
VRG,60,20241105,140000,3.25,3.25,3.25,3.25,2,0
VRG,60,20241105,160000,3.24,3.24,3.24,3.24,87,0
VRG,60,20241105,170000,3.25,3.26,3.25,3.26,4444,0
VRG,60,20241106,100000,3.26,3.26,3.25,3.25,10,0
VRG,60,20241106,110000,3.29,3.3,3.29,3.3,8686,0
VRG,60,20241106,130000,3.26,3.3,3.26,3.3,189,0
VRG,60,20241106,140000,3.27,3.29,3.27,3.29,236,0
VRG,60,20241106,160000,3.29,3.31,3.29,3.31,7499,0
VRG,60,20241107,100000,3.3,3.34,3.3,3.34,213,0
VRG,60,20241107,110000,3.31,3.31,3.31,3.31,1000,0
VRG,60,20241107,120000,3.32,3.32,3.32,3.32,4,0
VRG,60,20241107,130000,3.3,3.31,3.3,3.3,65,0
VRG,60,20241107,170000,3.3,3.3,3.3,3.3,2484,0
VRG,60,20241108,100000,3.31,3.31,3.31,3.31,3,0
VRG,60,20241108,110000,3.3,3.3,3.3,3.3,3779,0
VRG,60,20241108,120000,3.27,3.34,3.27,3.34,11916,0
VRG,60,20241108,130000,3.34,3.34,3.34,3.34,5,0
VRG,60,20241108,150000,3.29,3.29,3.29,3.29,19,0
VRG,60,20241108,170000,3.33,3.34,3.33,3.34,1016,0
VRG,60,20241112,100000,3.34,3.34,3.3,3.3,5890,0
VRG,60,20241112,110000,3.34,3.34,3.34,3.34,10,0
VRG,60,20241112,120000,3.32,3.34,3.32,3.34,1016,0
VRG,60,20241112,130000,3.34,3.34,3.34,3.34,10,0
VRG,60,20241112,140000,3.34,3.34,3.34,3.34,680,0
VRG,60,20241112,160000,3.34,3.34,3.34,3.34,11,0
VRG,60,20241112,170000,3.34,3.34,3.34,3.34,181,0
VRG,60,20241113,100000,3.35,3.35,3.3,3.3,253,0
VRG,60,20241113,110000,3.35,3.35,3.35,3.35,10,0
VRG,60,20241113,120000,3.3,3.3,3.3,3.3,300,0
VRG,60,20241113,130000,3.31,3.31,3.31,3.31,1,0
VRG,60,20241113,140000,3.35,3.35,3.31,3.31,259,0
VRG,60,20241113,150000,3.34,3.34,3.3,3.3,3338,0
VRG,60,20241113,160000,3.34,3.34,3.34,3.34,29,0
VRG,60,20241113,170000,3.3,3.35,3.3,3.35,649,0
VRG,60,20241114,100000,3.34,3.34,3.34,3.34,32,0
VRG,60,20241114,120000,3.3,3.3,3.3,3.3,1626,0
VRG,60,20241114,130000,3.3,3.3,3.3,3.3,1500,0
VRG,60,20241114,140000,3.3,3.3,3.3,3.3,2880,0
VRG,60,20241114,170000,3.34,3.34,3.34,3.34,236,0
VRG,60,20241115,100000,3.19,3.33,3.19,3.33,16670,0
VRG,60,20241115,110000,3.3,3.3,3.3,3.3,7405,0
VRG,60,20241115,120000,3.3,3.31,3.28,3.31,13469,0
VRG,60,20241115,130000,3.3,3.3,3.3,3.3,5342,0
VRG,60,20241115,140000,3.3,3.3,3.27,3.27,6811,0
VRG,60,20241115,150000,3.26,3.3,3.25,3.3,4772,0
VRG,60,20241115,160000,3.3,3.3,3.3,3.3,2791,0
VRG,60,20241115,170000,3.3,3.3,3.3,3.3,2651,0
VRG,60,20241118,100000,3.3,3.33,3.3,3.3,22925,0
VRG,60,20241118,110000,3.3,3.3,3.3,3.3,12,0
VRG,60,20241118,120000,3.26,3.26,3.26,3.26,345,0
VRG,60,20241118,140000,3.3,3.3,3.3,3.3,8,0
VRG,60,20241118,160000,3.25,3.25,3.25,3.25,10,0
VRG,60,20241118,170000,3.33,3.33,3.33,3.33,10,0
VRG,60,20241119,100000,3.34,3.34,3.26,3.26,301,0
VRG,60,20241119,110000,3.26,3.26,3.25,3.25,150,0
VRG,60,20241119,120000,3.3,3.3,3.3,3.3,2100,0
VRG,60,20241119,130000,3.25,3.25,3.25,3.25,1000,0
VRG,60,20241119,170000,3.25,3.34,3.23,3.34,320,0
VRG,60,20241120,100000,3.34,3.34,3.34,3.34,300,0
VRG,60,20241120,110000,3.3,3.3,3.3,3.3,4,0
VRG,60,20241120,120000,3.3,3.3,3.3,3.3,500,0
VRG,60,20241120,160000,3.25,3.29,3.22,3.22,8791,0
VRG,60,20241120,170000,3.22,3.22,3.2,3.22,2800,0
VRG,60,20241121,100000,3.23,3.23,3.22,3.22,1003,0
VRG,60,20241121,110000,3.22,3.22,3.22,3.22,150,0
VRG,60,20241121,140000,3.22,3.22,3.22,3.22,10,0
VRG,60,20241121,150000,3.22,3.22,3.2,3.2,1309,0
VRG,60,20241121,160000,3.21,3.21,3.2,3.2,34476,0
VRG,60,20241121,170000,3.2,3.2,3.2,3.2,1981,0
VRG,60,20241122,100000,3.25,3.25,3.2,3.22,30603,0
VRG,60,20241122,110000,3.2,3.2,3.2,3.2,3193,0
VRG,60,20241122,130000,3.19,3.19,3.19,3.19,111,0
VRG,60,20241122,140000,3.19,3.19,3.19,3.19,20282,0
VRG,60,20241122,160000,3.22,3.22,3.22,3.22,10,0
VRG,60,20241122,170000,3.22,3.3,3.22,3.3,1860,0
VRG,60,20241125,100000,3.28,3.3,3.26,3.26,3625,0
VRG,60,20241125,120000,3.23,3.23,3.22,3.23,3787,0
VRG,60,20241125,130000,3.23,3.23,3.23,3.23,355,0
VRG,60,20241125,140000,3.21,3.21,3.21,3.21,127,0
VRG,60,20241125,150000,3.22,3.22,3.21,3.21,3303,0
VRG,60,20241125,170000,3.22,3.25,3.22,3.25,65,0
VRG,60,20241126,100000,3.26,3.26,3.26,3.26,2508,0
VRG,60,20241126,110000,3.24,3.25,3.2,3.2,18173,0
VRG,60,20241126,120000,3.2,3.2,3.2,3.2,3190,0
VRG,60,20241126,130000,3.2,3.2,3.2,3.2,2264,0
VRG,60,20241126,140000,3.2,3.2,3.2,3.2,2715,0
VRG,60,20241126,170000,3.2,3.2,3.2,3.2,51,0
VRG,60,20241127,100000,3.21,3.21,3.21,3.21,3,0
VRG,60,20241127,120000,3.2,3.2,3.2,3.2,7,0
VRG,60,20241127,170000,3.2,3.2,3.19,3.2,413384,0
VRG,60,20241128,100000,3.2,3.24,3.18,3.24,93,0
VRG,60,20241128,110000,3.21,3.21,3.21,3.21,100,0
VRG,60,20241128,130000,3.21,3.21,3.21,3.21,150,0
VRG,60,20241128,140000,3.2,3.2,3.19,3.19,240,0
VRG,60,20241128,150000,3.19,3.19,3.19,3.19,5,0
VRG,60,20241128,160000,3.21,3.23,3.21,3.23,10003,0
VRG,60,20241128,170000,3.2,3.22,3.2,3.22,5003,0
VRG,60,20241129,100000,3.22,3.22,3.19,3.19,302,0
VRG,60,20241129,110000,3.22,3.22,3.22,3.22,598,0
VRG,60,20241129,120000,3.19,3.19,3.19,3.19,364,0
VRG,60,20241129,170000,3.2,3.25,3.19,3.25,2580,0
VRG,60,20241202,100000,3.22,3.22,3.22,3.22,100,0
VRG,60,20241202,130000,3.22,3.22,3.22,3.22,16,0
VRG,60,20241202,140000,3.22,3.23,3.22,3.23,2348,0
VRG,60,20241202,150000,3.24,3.24,3.23,3.24,5269,0
VRG,60,20241202,160000,3.24,3.24,3.24,3.24,370,0
VRG,60,20241202,170000,3.25,3.28,3.24,3.24,2009,0
VRG,60,20241203,100000,3.21,3.3,3.21,3.29,7491,0
VRG,60,20241203,110000,3.25,3.29,3.25,3.25,2389,0
VRG,60,20241203,120000,3.24,3.24,3.24,3.24,1080,0
VRG,60,20241203,150000,3.24,3.24,3.24,3.24,4562,0
VRG,60,20241204,100000,3.28,3.28,3.28,3.28,57,0
VRG,60,20241204,120000,3.25,3.25,3.23,3.23,200,0
VRG,60,20241204,130000,3.23,3.23,3.23,3.23,799,0
VRG,60,20241204,150000,3.25,3.25,3.22,3.22,160,0
VRG,60,20241204,160000,3.25,3.25,3.25,3.25,4,0
VRG,60,20241204,170000,3.22,3.26,3.22,3.26,1944,0
VRG,60,20241205,100000,3.26,3.26,3.26,3.26,405,0
VRG,60,20241205,110000,3.23,3.23,3.23,3.23,1300,0
VRG,60,20241205,120000,3.23,3.23,3.22,3.22,663,0
VRG,60,20241205,130000,3.25,3.25,3.25,3.25,10,0
VRG,60,20241205,160000,3.23,3.23,3.23,3.23,92,0
VRG,60,20241205,170000,3.22,3.26,3.22,3.26,469,0
VRG,60,20241206,100000,3.26,3.26,3.26,3.26,19,0
VRG,60,20241206,110000,3.26,3.26,3.26,3.26,8,0
VRG,60,20241206,120000,3.24,3.26,3.22,3.26,2001,0
VRG,60,20241206,130000,3.26,3.26,3.26,3.26,2000,0
VRG,60,20241206,140000,3.26,3.27,3.26,3.27,1515,0
VRG,60,20241206,150000,3.27,3.27,3.27,3.27,120,0
VRG,60,20241209,100000,3.26,3.26,3.23,3.26,465,0
VRG,60,20241209,120000,3.24,3.27,3.24,3.27,1820,0
VRG,60,20241209,140000,3.26,3.27,3.26,3.27,380,0
VRG,60,20241209,150000,3.24,3.24,3.24,3.24,123,0
VRG,60,20241209,160000,3.24,3.24,3.24,3.24,144,0
VRG,60,20241209,170000,3.27,3.27,3.27,3.27,295,0
VRG,60,20241210,100000,3.27,3.27,3.27,3.27,33,0
VRG,60,20241210,110000,3.26,3.26,3.23,3.23,255,0
VRG,60,20241210,140000,3.25,3.25,3.25,3.25,563,0
VRG,60,20241211,100000,3.25,3.27,3.22,3.27,1276,0
VRG,60,20241211,120000,3.27,3.27,3.24,3.24,1945,0
VRG,60,20241211,130000,3.24,3.24,3.24,3.24,316,0
VRG,60,20241211,160000,3.22,3.28,3.22,3.28,80548,0
VRG,60,20241211,170000,3.26,3.27,3.26,3.27,414,0
VRG,60,20241212,100000,3.27,3.29,3.27,3.29,2709,0
VRG,60,20241212,110000,3.29,3.29,3.27,3.27,472,0
VRG,60,20241212,140000,3.27,3.27,3.27,3.27,2051,0
VRG,60,20241212,150000,3.27,3.28,3.27,3.27,41,0
VRG,60,20241212,160000,3.27,3.27,3.27,3.27,3000,0
VRG,60,20241212,170000,3.29,3.29,3.29,3.29,6728,0
VRG,60,20241213,100000,3.3,3.33,3.3,3.32,14867,0
VRG,60,20241213,110000,3.32,3.32,3.32,3.32,99,0
VRG,60,20241213,120000,3.3,3.3,3.3,3.3,999,0
VRG,60,20241213,130000,3.31,3.32,3.31,3.32,3545,0
VRG,60,20241213,140000,3.32,3.33,3.3,3.3,5683,0
VRG,60,20241213,150000,3.3,3.3,3.3,3.3,32,0
VRG,60,20241213,170000,3.33,3.33,3.3,3.3,531,0
VRG,60,20241216,100000,3.3,3.3,3.3,3.3,500,0
VRG,60,20241216,110000,3.26,3.26,3.26,3.26,36,0
VRG,60,20241216,130000,3.3,3.3,3.26,3.3,184,0
VRG,60,20241216,140000,3.27,3.3,3.26,3.3,478,0
VRG,60,20241216,150000,3.3,3.3,3.3,3.3,160,0
VRG,60,20241216,160000,3.29,3.29,3.29,3.29,7,0
VRG,60,20241216,170000,3.28,3.28,3.27,3.28,898,0
VRG,60,20241217,100000,3.28,3.28,3.25,3.25,3902,0
VRG,60,20241217,110000,3.22,3.23,3.2,3.23,5177,0
VRG,60,20241217,120000,3.21,3.21,3.2,3.2,1550,0
VRG,60,20241217,130000,3.19,3.19,3.19,3.19,3110,0
VRG,60,20241217,140000,3.19,3.19,3.19,3.19,45,0
VRG,60,20241217,150000,3.19,3.19,3.19,3.19,11818,0
VRG,60,20241217,170000,3.18,3.2,3.18,3.2,1034,0
VRG,60,20241218,100000,3.15,3.25,3.15,3.22,2485,0
VRG,60,20241218,120000,3.16,3.18,3.15,3.18,5061,0
VRG,60,20241218,130000,3.19,3.19,3.17,3.17,21005,0
VRG,60,20241218,150000,3.17,3.18,3.15,3.15,23444,0
VRG,60,20241218,160000,3.15,3.15,3.15,3.15,3035,0
VRG,60,20241218,170000,3.14,3.15,3.14,3.15,1213,0
VRG,60,20241219,100000,3.16,3.16,3.16,3.16,38,0
VRG,60,20241219,110000,3.14,3.15,3.09,3.15,7752,0
VRG,60,20241219,120000,3.1,3.1,3.09,3.1,3259,0
VRG,60,20241219,130000,3.08,3.1,3.04,3.1,7274,0
VRG,60,20241219,140000,3.1,3.1,3.1,3.1,56,0
VRG,60,20241219,150000,3.07,3.1,3.07,3.1,131,0
VRG,60,20241219,160000,3.1,3.1,3.1,3.1,610,0
VRG,60,20241220,100000,3.09,3.09,3.03,3.09,12324,0
VRG,60,20241220,110000,3.09,3.09,3.03,3.06,1540,0
VRG,60,20241220,120000,3.1,3.1,3.1,3.1,10,0
VRG,60,20241220,130000,3.07,3.1,3.06,3.06,3031,0
VRG,60,20241220,140000,3.1,3.1,3.1,3.1,542,0
VRG,60,20241220,160000,3.06,3.1,3.05,3.1,20147,0
VRG,60,20241220,170000,3.13,3.25,3.13,3.25,26692,0
VRG,60,20241223,100000,3.24,3.25,3.22,3.25,6548,0
VRG,60,20241223,120000,3.22,3.24,3.22,3.24,1788,0
VRG,60,20241223,130000,3.22,3.24,3.22,3.24,5000,0
VRG,60,20241223,140000,3.24,3.24,3.22,3.22,4775,0
VRG,60,20241223,150000,3.22,3.23,3.21,3.21,253,0
VRG,60,20241223,160000,3.18,3.18,3.18,3.18,90,0
VRG,60,20241223,170000,3.18,3.21,3.17,3.21,4040,0
VRG,60,20241227,100000,3.2,3.2,3.2,3.2,7,0
VRG,60,20241227,120000,3.18,3.18,3.16,3.16,577,0
VRG,60,20241227,130000,3.16,3.16,3.16,3.16,164,0
VRG,60,20241227,140000,3.18,3.2,3.18,3.2,201,0
VRG,60,20241227,160000,3.19,3.2,3.19,3.2,200,0
VRG,60,20241227,170000,3.18,3.18,3.16,3.16,998,0
VRG,60,20241230,100000,3.16,3.19,3.1,3.16,9729,0
VRG,60,20241230,110000,3.15,3.15,3.15,3.15,92,0
VRG,60,20241230,120000,3.16,3.17,3.12,3.17,1063,0
VRG,60,20241230,130000,3.17,3.17,3.17,3.17,800,0
VRG,60,20241230,140000,3.17,3.17,3.12,3.17,911,0
VRG,60,20241230,160000,3.17,3.19,3.17,3.17,1905,0
VRG,60,20241230,170000,3.17,3.18,3.17,3.18,662,0
VRG,60,20250102,100000,3.18,3.29,3.15,3.21,1766,0
VRG,60,20250102,110000,3.2,3.2,3.19,3.19,130,0
VRG,60,20250102,120000,3.19,3.19,3.16,3.17,527,0
VRG,60,20250102,130000,3.17,3.18,3.16,3.18,775,0
VRG,60,20250102,140000,3.18,3.18,3.16,3.17,24,0
VRG,60,20250102,150000,3.16,3.16,3.16,3.16,620,0
VRG,60,20250102,160000,3.18,3.21,3.18,3.19,185,0
VRG,60,20250102,170000,3.16,3.16,3.16,3.16,770,0
VRG,60,20250103,100000,3.2,3.2,3.19,3.19,301,0
VRG,60,20250103,110000,3.19,3.19,3.19,3.19,45,0
VRG,60,20250103,120000,3.19,3.2,3.19,3.2,184,0
VRG,60,20250103,130000,3.2,3.22,3.2,3.22,299,0
VRG,60,20250103,140000,3.21,3.22,3.21,3.22,55,0
VRG,60,20250103,150000,3.21,3.22,3.21,3.22,77,0
VRG,60,20250103,160000,3.22,3.22,3.22,3.22,499,0
VRG,60,20250103,170000,3.21,3.22,3.21,3.22,319,0
VRG,60,20250107,100000,3.22,3.26,3.22,3.26,568,0
VRG,60,20250107,110000,3.26,3.29,3.23,3.29,1259,0
VRG,60,20250107,120000,3.27,3.28,3.27,3.27,152,0
VRG,60,20250107,130000,3.25,3.25,3.23,3.24,2844,0
VRG,60,20250107,140000,3.24,3.24,3.24,3.24,5,0
VRG,60,20250107,150000,3.24,3.24,3.24,3.24,182,0
VRG,60,20250107,170000,3.24,3.24,3.24,3.24,20,0
VRG,60,20250108,100000,3.3,3.3,3.29,3.29,1168,0
VRG,60,20250108,110000,3.24,3.24,3.24,3.24,326,0
VRG,60,20250108,120000,3.24,3.24,3.22,3.22,1100,0
VRG,60,20250108,130000,3.22,3.22,3.22,3.22,252,0
VRG,60,20250108,140000,3.24,3.24,3.24,3.24,10,0
VRG,60,20250108,150000,3.24,3.24,3.24,3.24,8,0
VRG,60,20250108,170000,3.22,3.24,3.21,3.21,791,0
VRG,60,20250109,100000,3.24,3.24,3.23,3.23,1026,0
VRG,60,20250109,110000,3.2,3.2,3.2,3.2,1241,0
VRG,60,20250109,120000,3.2,3.2,3.2,3.2,271,0
VRG,60,20250109,150000,3.2,3.2,3.2,3.2,739,0
VRG,60,20250109,160000,3.2,3.2,3.2,3.2,2670,0
VRG,60,20250109,170000,3.22,3.22,3.22,3.22,300,0
VRG,60,20250110,100000,3.24,3.24,3.22,3.22,787,0
VRG,60,20250110,110000,3.22,3.22,3.22,3.22,9330,0
VRG,60,20250110,150000,3.2,3.2,3.2,3.2,180,0
VRG,60,20250110,160000,3.2,3.22,3.2,3.22,1680,0
VRG,60,20250110,170000,3.23,3.23,3.23,3.23,502,0
VRG,60,20250113,100000,3.23,3.23,3.2,3.2,26,0
VRG,60,20250113,110000,3.2,3.2,3.2,3.2,550,0
VRG,60,20250113,120000,3.21,3.21,3.21,3.21,60,0
VRG,60,20250113,140000,3.23,3.23,3.23,3.23,100,0
VRG,60,20250113,150000,3.23,3.23,3.23,3.23,5,0
VRG,60,20250113,170000,3.23,3.24,3.21,3.21,14665,0
VRG,60,20250114,100000,3.2,3.2,3.2,3.2,300,0
VRG,60,20250114,120000,3.2,3.2,3.2,3.2,140,0
VRG,60,20250114,130000,3.2,3.2,3.18,3.19,2682,0
VRG,60,20250114,140000,3.19,3.19,3.18,3.19,750,0
VRG,60,20250114,160000,3.19,3.22,3.19,3.22,650,0
VRG,60,20250114,170000,3.19,3.23,3.18,3.23,4033,0
VRG,60,20250115,100000,3.23,3.23,3.23,3.23,59,0
VRG,60,20250115,110000,3.23,3.23,3.23,3.23,2509,0
VRG,60,20250115,150000,3.21,3.21,3.18,3.2,4331,0
VRG,60,20250115,160000,3.18,3.18,3.18,3.18,3000,0
VRG,60,20250115,170000,3.19,3.2,3.18,3.2,3069,0
VRG,60,20250116,100000,3.2,3.2,3.18,3.2,3275,0
VRG,60,20250116,110000,3.2,3.2,3.17,3.18,3930,0
VRG,60,20250116,120000,3.18,3.18,3.18,3.18,200,0
VRG,60,20250116,130000,3.18,3.2,3.18,3.2,1009,0
VRG,60,20250116,150000,3.2,3.2,3.18,3.2,1032,0
VRG,60,20250116,170000,3.2,3.2,3.18,3.2,191,0
VRG,60,20250117,100000,3.2,3.2,3.18,3.18,307,0
VRG,60,20250117,110000,3.18,3.18,3.18,3.18,359,0
VRG,60,20250117,120000,3.18,3.18,3.17,3.18,2670,0
VRG,60,20250117,140000,3.18,3.18,3.18,3.18,35,0
VRG,60,20250117,160000,3.18,3.18,3.18,3.18,20,0
VRG,60,20250117,170000,3.18,3.2,3.18,3.2,8747,0
VRG,60,20250120,100000,3.2,3.2,3.2,3.2,383,0
VRG,60,20250120,110000,3.17,3.2,3.17,3.2,450,0
VRG,60,20250120,130000,3.18,3.18,3.18,3.18,230,0
VRG,60,20250120,140000,3.18,3.18,3.18,3.18,270,0
VRG,60,20250120,150000,3.17,3.17,3.17,3.17,1004,0
VRG,60,20250120,160000,3.18,3.18,3.18,3.18,5,0
VRG,60,20250120,170000,3.17,3.17,3.17,3.17,150,0
VRG,60,20250121,100000,3.17,3.2,3.17,3.2,48,0
VRG,60,20250121,110000,3.17,3.17,3.17,3.17,150,0
VRG,60,20250121,130000,3.17,3.17,3.17,3.17,678,0
VRG,60,20250121,140000,3.18,3.18,3.18,3.18,833,0
VRG,60,20250121,150000,3.18,3.18,3.17,3.17,1302,0
VRG,60,20250121,160000,3.15,3.15,3.14,3.14,3678,0
VRG,60,20250121,170000,3.17,3.18,3.17,3.18,22,0
VRG,60,20250122,100000,3.18,3.18,3.18,3.18,3,0
VRG,60,20250122,110000,3.18,3.18,3.18,3.18,744,0
VRG,60,20250122,140000,3.18,3.18,3.18,3.18,6,0
VRG,60,20250122,150000,3.16,3.16,3.16,3.16,35,0
VRG,60,20250123,100000,3.19,3.19,3.19,3.19,3,0
VRG,60,20250123,120000,3.16,3.18,3.15,3.18,1500,0
VRG,60,20250123,130000,3.18,3.18,3.18,3.18,8,0
VRG,60,20250123,140000,3.18,3.18,3.18,3.18,64,0
VRG,60,20250124,100000,3.18,3.18,3.15,3.15,107,0
VRG,60,20250124,110000,3.18,3.18,3.18,3.18,31,0
VRG,60,20250124,120000,3.18,3.18,3.15,3.15,630,0
VRG,60,20250124,140000,3.17,3.18,3.15,3.18,598,0
VRG,60,20250124,170000,3.18,3.18,3.18,3.18,150,0
VRG,60,20250127,120000,3.15,3.16,3.15,3.16,12,0
VRG,60,20250127,140000,3.15,3.15,3.14,3.14,1000,0
VRG,60,20250127,150000,3.14,3.14,3.14,3.14,66024,0
VRG,60,20250127,160000,3.16,3.16,3.16,3.16,395,0
VRG,60,20250128,100000,3.15,3.15,3.15,3.15,3,0
VRG,60,20250128,110000,3.13,3.13,3.13,3.13,100,0
VRG,60,20250128,120000,3.15,3.15,3.13,3.13,755,0
VRG,60,20250128,130000,3.14,3.15,3.14,3.15,2627,0
VRG,60,20250128,150000,3.16,3.16,3.14,3.14,1520,0
VRG,60,20250128,160000,3.15,3.17,3.15,3.17,2661,0
VRG,60,20250128,170000,3.15,3.19,3.15,3.19,525,0
VRG,60,20250129,100000,3.18,3.18,3.18,3.18,407,0
VRG,60,20250129,110000,3.18,3.18,3.18,3.18,42,0
VRG,60,20250129,120000,3.18,3.18,3.18,3.18,11,0
VRG,60,20250129,130000,3.17,3.17,3.13,3.17,3776,0
VRG,60,20250129,140000,3.17,3.17,3.17,3.17,929,0
VRG,60,20250129,160000,3.16,3.17,3.16,3.17,1994,0
VRG,60,20250129,170000,3.17,3.18,3.17,3.18,2669,0
VRG,60,20250130,100000,3.18,3.19,3.18,3.19,26,0
VRG,60,20250130,110000,3.18,3.18,3.18,3.18,270,0
VRG,60,20250130,120000,3.18,3.18,3.18,3.18,267,0
VRG,60,20250130,130000,3.19,3.2,3.19,3.2,15069,0
VRG,60,20250130,140000,3.19,3.22,3.19,3.22,8687,0
VRG,60,20250130,150000,3.24,3.24,3.21,3.22,2740,0
VRG,60,20250130,170000,3.2,3.22,3.18,3.22,46821,0
VRG,60,20250131,100000,3.24,3.24,3.22,3.22,680,0
VRG,60,20250131,110000,3.21,3.21,3.21,3.21,31,0
VRG,60,20250131,120000,3.22,3.22,3.21,3.22,33,0
VRG,60,20250131,130000,3.21,3.21,3.21,3.21,186,0
VRG,60,20250131,140000,3.21,3.22,3.21,3.22,368,0
VRG,60,20250131,150000,3.21,3.21,3.2,3.2,4500,0
VRG,60,20250131,160000,3.2,3.2,3.2,3.2,1900,0
VRG,60,20250131,170000,3.22,3.22,3.22,3.22,677,0
VRG,60,20250203,100000,3.21,3.21,3.2,3.2,55,0
VRG,60,20250203,110000,3.2,3.2,3.19,3.19,1080,0
VRG,60,20250203,120000,3.2,3.2,3.19,3.19,37,0
VRG,60,20250203,130000,3.2,3.2,3.2,3.2,1840,0
VRG,60,20250203,140000,3.21,3.22,3.2,3.22,5483,0
VRG,60,20250203,150000,3.2,3.2,3.2,3.2,1340,0
VRG,60,20250203,160000,3.2,3.2,3.2,3.2,479,0
VRG,60,20250203,170000,3.22,3.22,3.22,3.22,8700,0
VRG,60,20250204,100000,3.23,3.23,3.23,3.23,3,0
VRG,60,20250204,120000,3.22,3.22,3.22,3.22,4,0
VRG,60,20250204,130000,3.23,3.23,3.22,3.23,51,0
VRG,60,20250204,140000,3.23,3.23,3.21,3.23,3025,0
VRG,60,20250204,150000,3.23,3.23,3.23,3.23,31,0
VRG,60,20250205,100000,3.23,3.23,3.22,3.22,523,0
VRG,60,20250205,110000,3.21,3.21,3.21,3.21,500,0
VRG,60,20250205,120000,3.21,3.21,3.21,3.21,31,0
VRG,60,20250205,130000,3.21,3.21,3.18,3.21,13500,0
VRG,60,20250205,150000,3.21,3.21,3.21,3.21,500,0
VRG,60,20250205,160000,3.2,3.2,3.2,3.2,112,0
VRG,60,20250205,170000,3.2,3.24,3.19,3.24,6122,0
VRG,60,20250206,100000,3.23,3.23,3.2,3.2,603,0
VRG,60,20250206,120000,3.23,3.23,3.22,3.23,1734,0
VRG,60,20250206,130000,3.23,3.23,3.21,3.23,3440,0
VRG,60,20250206,150000,3.22,3.22,3.22,3.22,1993,0
VRG,60,20250206,160000,3.23,3.23,3.21,3.23,16007,0
VRG,60,20250206,170000,3.22,3.22,3.22,3.22,9323,0
VRG,60,20250207,100000,3.22,3.22,3.22,3.22,3,0
VRG,60,20250207,110000,3.22,3.22,3.22,3.22,31,0
VRG,60,20250207,150000,3.22,3.22,3.22,3.22,260,0
VRG,60,20250207,160000,3.22,3.22,3.22,3.22,4,0
VRG,60,20250210,100000,3.22,3.25,3.21,3.25,3182,0
VRG,60,20250210,110000,3.25,3.29,3.24,3.29,7322,0
VRG,60,20250210,120000,3.29,3.3,3.29,3.29,6157,0
VRG,60,20250210,130000,3.29,3.31,3.27,3.27,11504,0
VRG,60,20250210,140000,3.27,3.27,3.27,3.27,18300,0
VRG,60,20250210,150000,3.31,3.31,3.31,3.31,7,0
VRG,60,20250210,160000,3.31,3.35,3.31,3.35,4876,0
VRG,60,20250210,170000,3.35,3.37,3.34,3.35,4227,0
VRG,60,20250211,100000,3.41,3.45,3.36,3.42,6102,0
VRG,60,20250211,110000,3.41,3.45,3.39,3.4,3701,0
VRG,60,20250211,120000,3.4,3.45,3.4,3.45,3210,0
VRG,60,20250211,130000,3.44,3.44,3.39,3.39,5395,0
VRG,60,20250211,140000,3.4,3.4,3.4,3.4,7751,0
VRG,60,20250211,150000,3.4,3.4,3.4,3.4,4000,0
VRG,60,20250211,160000,3.4,3.4,3.4,3.4,1329,0
VRG,60,20250211,170000,3.4,3.4,3.4,3.4,711,0
VRG,60,20250212,100000,3.4,3.43,3.4,3.42,693,0
VRG,60,20250212,110000,3.42,3.42,3.42,3.42,13,0
VRG,60,20250212,120000,3.43,3.43,3.4,3.4,1394,0
VRG,60,20250212,130000,3.4,3.4,3.4,3.4,800,0
VRG,60,20250212,140000,3.4,3.43,3.4,3.43,521,0
VRG,60,20250212,150000,3.4,3.4,3.4,3.4,304,0
VRG,60,20250212,160000,3.4,3.4,3.36,3.36,2290,0
VRG,60,20250212,170000,3.4,3.4,3.4,3.4,1037,0
VRG,60,20250213,100000,3.4,3.4,3.4,3.4,503,0
VRG,60,20250213,110000,3.42,3.43,3.4,3.4,306,0
VRG,60,20250213,140000,3.41,3.41,3.41,3.41,710,0
VRG,60,20250213,150000,3.4,3.41,3.4,3.41,225,0
VRG,60,20250213,170000,3.41,3.42,3.4,3.4,793,0
VRG,60,20250214,100000,3.43,3.43,3.43,3.43,3,0
VRG,60,20250214,130000,3.43,3.48,3.4,3.48,136956,0
VRG,60,20250214,140000,3.45,3.45,3.45,3.45,103,0
VRG,60,20250214,150000,3.45,3.45,3.45,3.45,5882,0
VRG,60,20250214,170000,3.45,3.45,3.45,3.45,3701,0
VRG,60,20250217,100000,3.46,3.46,3.45,3.46,1391,0
VRG,60,20250217,110000,3.45,3.47,3.45,3.46,13222,0
VRG,60,20250217,120000,3.46,3.48,3.45,3.45,102376,0
VRG,60,20250217,130000,3.45,3.45,3.43,3.45,150424,0
VRG,60,20250217,140000,3.43,3.43,3.43,3.43,22,0
VRG,60,20250217,170000,3.45,3.45,3.43,3.43,627,0
VRG,60,20250218,100000,3.45,3.45,3.41,3.41,303,0
VRG,60,20250218,110000,3.43,3.43,3.41,3.41,81932,0
VRG,60,20250218,120000,3.42,3.42,3.41,3.41,300,0
VRG,60,20250218,130000,3.41,3.41,3.41,3.41,707,0
VRG,60,20250218,140000,3.41,3.44,3.41,3.44,244,0
VRG,60,20250218,160000,3.44,3.44,3.44,3.44,319,0
VRG,60,20250218,170000,3.42,3.42,3.42,3.42,1034,0
VRG,60,20250219,100000,3.42,3.42,3.42,3.42,6,0
VRG,60,20250219,110000,3.42,3.45,3.42,3.45,1369,0
VRG,60,20250219,120000,3.44,3.44,3.44,3.44,14,0
VRG,60,20250219,130000,3.43,3.45,3.43,3.45,585,0
VRG,60,20250219,140000,3.45,3.46,3.45,3.46,1504,0
VRG,60,20250219,150000,3.44,3.44,3.43,3.43,731,0
VRG,60,20250219,170000,3.43,3.43,3.42,3.42,35204,0
VRG,60,20250220,100000,3.42,3.42,3.42,3.42,506,0
VRG,60,20250220,140000,3.42,3.42,3.42,3.42,454,0
VRG,60,20250220,150000,3.44,3.44,3.44,3.44,10,0
VRG,60,20250220,160000,3.44,3.47,3.44,3.47,8756,0
VRG,60,20250220,170000,3.46,3.46,3.46,3.46,2,0
VRG,60,20250221,100000,3.47,3.47,3.47,3.47,5,0
VRG,60,20250221,110000,3.47,3.5,3.47,3.5,4638,0
VRG,60,20250221,120000,3.49,3.49,3.49,3.49,1242,0
VRG,60,20250221,130000,3.47,3.49,3.47,3.49,205,0
VRG,60,20250221,140000,3.47,3.47,3.47,3.47,403,0
VRG,60,20250221,150000,3.49,3.49,3.49,3.49,8200,0
VRG,60,20250221,160000,3.49,3.49,3.47,3.47,210,0
VRG,60,20250221,170000,3.47,3.49,3.47,3.49,2360,0
VRG,60,20250224,100000,3.5,3.63,3.5,3.6,23246,0
VRG,60,20250224,110000,3.6,3.85,3.6,3.85,83668,0
VRG,60,20250224,120000,3.94,3.94,3.77,3.89,4876,0
VRG,60,20250224,130000,3.8,3.83,3.61,3.75,8444,0
VRG,60,20250224,140000,3.74,3.74,3.65,3.71,1851,0
VRG,60,20250224,150000,3.71,3.74,3.71,3.74,7845,0
VRG,60,20250224,160000,3.72,3.74,3.72,3.74,3322,0
VRG,60,20250224,170000,3.72,3.8,3.72,3.8,104284,0
VRG,60,20250225,100000,3.8,3.84,3.78,3.84,3163,0
VRG,60,20250225,110000,3.8,3.8,3.78,3.78,5174,0
VRG,60,20250225,120000,3.71,3.75,3.69,3.69,9711,0
VRG,60,20250225,130000,3.69,3.8,3.59,3.8,2801,0
VRG,60,20250225,140000,3.67,3.8,3.67,3.77,11469,0
VRG,60,20250225,150000,3.72,3.72,3.66,3.66,16311,0
VRG,60,20250226,100000,3.67,3.84,3.67,3.76,15395,0
VRG,60,20250226,120000,3.76,3.8,3.76,3.8,10468,0
VRG,60,20250226,130000,3.79,3.79,3.79,3.79,301,0
VRG,60,20250226,150000,3.8,3.8,3.8,3.8,200,0
VRG,60,20250226,160000,3.81,3.81,3.8,3.8,503,0
VRG,60,20250226,170000,3.8,3.81,3.8,3.81,3539,0
VRG,60,20250227,100000,3.81,3.81,3.78,3.78,503,0
VRG,60,20250227,110000,3.78,3.78,3.78,3.78,360,0
VRG,60,20250227,130000,3.73,3.73,3.73,3.73,1000,0
VRG,60,20250227,150000,3.78,3.8,3.78,3.8,109,0
VRG,60,20250227,160000,3.79,3.8,3.79,3.8,1680,0
VRG,60,20250228,100000,3.66,3.72,3.66,3.72,1231,0
VRG,60,20250228,110000,3.79,3.79,3.67,3.67,1104,0
VRG,60,20250228,120000,3.67,3.67,3.67,3.67,7,0
VRG,60,20250228,130000,3.71,3.71,3.67,3.67,2060,0
VRG,60,20250228,140000,3.71,3.73,3.71,3.71,23680,0
VRG,60,20250228,170000,3.7,3.7,3.7,3.7,84,0
VRG,60,20250303,100000,3.68,3.72,3.68,3.68,2411,0
VRG,60,20250303,110000,3.68,3.74,3.68,3.74,540,0
VRG,60,20250303,120000,3.72,3.72,3.72,3.72,630,0
VRG,60,20250303,170000,3.7,3.7,3.7,3.7,4,0
VRG,60,20250304,100000,3.69,3.72,3.63,3.72,1685,0
VRG,60,20250304,110000,3.72,3.72,3.63,3.63,341,0
VRG,60,20250304,150000,3.58,3.6,3.58,3.6,999,0
VRG,60,20250304,160000,3.58,3.58,3.55,3.55,5951,0
VRG,60,20250304,170000,3.48,3.48,3.48,3.48,400,0
VRG,60,20250305,100000,3.64,3.64,3.63,3.63,73,0
VRG,60,20250305,110000,3.6,3.6,3.55,3.55,1367,0
VRG,60,20250305,140000,3.55,3.55,3.48,3.5,8729,0
VRG,60,20250305,150000,3.5,3.59,3.5,3.59,25533,0
VRG,60,20250305,170000,3.57,3.57,3.57,3.57,1,0
VRG,60,20250306,100000,3.61,3.61,3.61,3.61,827,0
VRG,60,20250306,110000,3.53,3.53,3.53,3.53,288,0
VRG,60,20250306,120000,3.58,3.58,3.58,3.58,6,0
VRG,60,20250306,150000,3.58,3.58,3.58,3.58,84,0
VRG,60,20250306,160000,3.53,3.58,3.53,3.58,547,0
VRG,60,20250306,170000,3.58,3.61,3.58,3.61,6852,0
VRG,60,20250307,100000,3.62,3.62,3.62,3.62,820,0
VRG,60,20250307,110000,3.62,3.62,3.54,3.54,666,0
VRG,60,20250307,120000,3.55,3.55,3.55,3.55,30,0
VRG,60,20250307,130000,3.55,3.62,3.55,3.62,6244,0
VRG,60,20250307,140000,3.66,3.66,3.66,3.66,35,0
VRG,60,20250307,150000,3.65,3.65,3.65,3.65,65,0
VRG,60,20250310,100000,3.63,3.63,3.62,3.62,383,0
VRG,60,20250310,110000,3.57,3.57,3.57,3.57,59,0
VRG,60,20250310,140000,3.58,3.58,3.58,3.58,571,0
VRG,60,20250310,160000,3.58,3.58,3.57,3.57,952,0
VRG,60,20250310,170000,3.57,3.57,3.57,3.57,5234,0
VRG,60,20250311,100000,3.54,3.57,3.5,3.56,52143,0
VRG,60,20250311,110000,3.6,3.61,3.6,3.61,16,0
VRG,60,20250311,130000,3.59,3.59,3.59,3.59,6,0
VRG,60,20250311,140000,3.58,3.63,3.58,3.63,591,0
VRG,60,20250311,150000,3.6,3.6,3.59,3.6,3007,0
VRG,60,20250311,160000,3.58,3.58,3.57,3.57,50030,0
VRG,60,20250311,170000,3.6,3.6,3.6,3.6,744,0
VRG,60,20250312,100000,3.64,3.64,3.64,3.64,1634,0
VRG,60,20250312,110000,3.63,3.63,3.63,3.63,5318,0
VRG,60,20250312,120000,3.6,3.63,3.6,3.63,95,0
VRG,60,20250312,140000,3.6,3.6,3.6,3.6,200,0
VRG,60,20250312,150000,3.63,3.63,3.63,3.63,519,0
VRG,60,20250312,170000,3.59,3.59,3.58,3.58,2160,0
VRG,60,20250313,100000,3.62,3.62,3.58,3.58,1001,0
VRG,60,20250313,120000,3.58,3.58,3.54,3.54,290,0
VRG,60,20250313,140000,3.6,3.6,3.56,3.56,1150,0
VRG,60,20250313,150000,3.56,3.56,3.56,3.56,25,0
VRG,60,20250313,160000,3.58,3.58,3.58,3.58,84,0
VRG,60,20250313,170000,3.59,3.6,3.59,3.6,321,0
VRG,60,20250314,100000,3.59,3.59,3.59,3.59,303,0
VRG,60,20250314,110000,3.57,3.57,3.57,3.57,1200,0
VRG,60,20250314,120000,3.57,3.59,3.57,3.59,1002,0
VRG,60,20250314,130000,3.59,3.64,3.59,3.64,11640,0
VRG,60,20250314,140000,3.64,3.65,3.64,3.65,7001,0
VRG,60,20250314,160000,3.65,3.65,3.65,3.65,1265,0
VRG,60,20250314,170000,3.6,3.65,3.6,3.65,3765,0
VRG,60,20250317,100000,3.72,3.8,3.71,3.79,71505,0
VRG,60,20250317,110000,3.79,3.79,3.79,3.79,1287,0
VRG,60,20250317,120000,3.79,3.79,3.79,3.79,2795,0
VRG,60,20250317,130000,3.79,3.8,3.78,3.8,11402,0
VRG,60,20250317,140000,3.79,3.79,3.76,3.77,7821,0
VRG,60,20250317,150000,3.77,3.8,3.77,3.8,1160,0
VRG,60,20250317,160000,3.8,3.8,3.77,3.77,9668,0
VRG,60,20250317,170000,3.77,3.78,3.77,3.78,976,0
VRG,60,20250318,100000,3.76,3.79,3.75,3.75,32976,0
VRG,60,20250318,110000,3.78,3.78,3.75,3.75,7490,0
VRG,60,20250318,120000,3.75,3.75,3.74,3.75,20028,0
VRG,60,20250318,130000,3.75,3.75,3.75,3.75,22,0
VRG,60,20250318,150000,3.74,3.74,3.72,3.72,2000,0
VRG,60,20250318,160000,3.71,3.71,3.68,3.68,876,0
VRG,60,20250318,170000,3.68,3.7,3.68,3.7,1766,0
VRG,60,20250319,100000,3.75,3.75,3.75,3.75,3,0
VRG,60,20250319,120000,3.68,3.68,3.61,3.61,9313,0
VRG,60,20250319,130000,3.68,3.68,3.62,3.63,1112,0
VRG,60,20250319,140000,3.63,3.65,3.63,3.65,2330,0
VRG,60,20250319,150000,3.62,3.62,3.62,3.62,3350,0
VRG,60,20250319,160000,3.62,3.65,3.6,3.65,11004,0
VRG,60,20250319,170000,3.65,3.69,3.65,3.69,12370,0
VRG,60,20250320,100000,3.75,3.75,3.71,3.75,61857,0
VRG,60,20250320,110000,3.74,3.74,3.73,3.73,6644,0
VRG,60,20250320,120000,3.73,3.73,3.72,3.73,17389,0
VRG,60,20250320,130000,3.74,3.74,3.73,3.73,22474,0
VRG,60,20250320,140000,3.73,3.73,3.73,3.73,39672,0
VRG,60,20250320,150000,3.74,3.74,3.73,3.73,1756,0
VRG,60,20250320,160000,3.72,3.75,3.72,3.73,32,0
VRG,60,20250320,170000,3.73,3.74,3.71,3.74,11861,0
VRG,60,20250321,100000,3.72,3.72,3.7,3.72,6405,0
VRG,60,20250321,110000,3.72,3.72,3.7,3.7,1602,0
VRG,60,20250321,120000,3.72,3.72,3.72,3.72,545,0
VRG,60,20250321,130000,3.72,3.72,3.71,3.71,4600,0
VRG,60,20250321,140000,3.72,3.72,3.72,3.72,50,0
VRG,60,20250321,150000,3.72,3.72,3.72,3.72,350,0
VRG,60,20250321,170000,3.72,3.72,3.72,3.72,450,0
VRG,60,20250324,100000,3.71,3.71,3.7,3.7,9730,0
VRG,60,20250324,110000,3.71,3.71,3.65,3.71,32002,0
VRG,60,20250324,120000,3.7,3.7,3.7,3.7,50269,0
VRG,60,20250324,140000,3.69,3.7,3.68,3.7,50969,0
VRG,60,20250324,160000,3.7,3.7,3.67,3.69,19718,0
VRG,60,20250324,170000,3.69,3.7,3.68,3.68,7351,0
VRG,60,20250325,100000,3.7,3.71,3.68,3.68,14951,0
VRG,60,20250325,110000,3.69,3.69,3.69,3.69,7878,0
VRG,60,20250325,120000,3.69,3.69,3.69,3.69,2744,0
VRG,60,20250325,130000,3.68,3.68,3.68,3.68,15140,0
VRG,60,20250325,140000,3.68,3.68,3.67,3.67,1728,0
VRG,60,20250325,150000,3.68,3.68,3.67,3.68,5350,0
VRG,60,20250325,160000,3.67,3.67,3.67,3.67,8000,0
VRG,60,20250325,170000,3.68,3.68,3.68,3.68,375,0
VRG,60,20250326,100000,3.68,3.68,3.65,3.67,7120,0
VRG,60,20250326,110000,3.66,3.67,3.65,3.67,5357,0
VRG,60,20250326,130000,3.68,3.68,3.66,3.66,60082,0
VRG,60,20250326,150000,3.66,3.66,3.66,3.66,31,0
VRG,60,20250326,170000,3.65,3.65,3.65,3.65,25513,0
VRG,60,20250327,100000,3.63,3.65,3.63,3.65,2310,0
VRG,60,20250327,110000,3.63,3.63,3.63,3.63,1170,0
VRG,60,20250327,120000,3.62,3.62,3.62,3.62,1700,0
VRG,60,20250327,130000,3.62,3.62,3.62,3.62,918,0
VRG,60,20250327,140000,3.63,3.65,3.62,3.65,1513,0
VRG,60,20250327,150000,3.62,3.62,3.62,3.62,612,0
VRG,60,20250327,160000,3.62,3.64,3.62,3.62,1918,0
VRG,60,20250327,170000,3.62,3.65,3.62,3.62,9064,0
VRG,60,20250328,100000,3.62,3.65,3.6,3.65,3583,0
VRG,60,20250328,110000,3.65,3.65,3.65,3.65,1000,0
VRG,60,20250328,120000,3.65,3.65,3.65,3.65,40,0
VRG,60,20250328,130000,3.65,3.65,3.64,3.64,246,0
VRG,60,20250328,140000,3.65,3.65,3.65,3.65,39,0
VRG,60,20250328,160000,3.64,3.64,3.64,3.64,903,0
VRG,60,20250328,170000,3.64,3.64,3.62,3.62,127,0
VRG,60,20250331,100000,3.64,3.64,3.62,3.62,105,0
VRG,60,20250331,120000,3.62,3.64,3.62,3.62,25610,0
VRG,60,20250331,140000,3.62,3.62,3.62,3.62,200,0
VRG,60,20250331,150000,3.62,3.64,3.62,3.64,8891,0
VRG,60,20250331,170000,3.64,3.66,3.64,3.66,28014,0
VRG,60,20250401,100000,3.66,3.66,3.56,3.6,979,0
VRG,60,20250401,110000,3.64,3.64,3.6,3.6,203,0
VRG,60,20250401,120000,3.64,3.65,3.64,3.65,12131,0
VRG,60,20250401,130000,3.65,3.65,3.64,3.64,178,0
VRG,60,20250401,140000,3.64,3.64,3.64,3.64,1103,0
VRG,60,20250401,150000,3.64,3.64,3.64,3.64,9003,0
VRG,60,20250401,160000,3.64,3.66,3.64,3.65,14010,0
VRG,60,20250401,170000,3.65,3.67,3.64,3.64,14779,0
VRG,60,20250402,100000,3.64,3.66,3.64,3.66,752,0
VRG,60,20250402,110000,3.66,3.66,3.66,3.66,466,0
VRG,60,20250402,120000,3.66,3.68,3.66,3.68,14507,0
VRG,60,20250402,130000,3.68,3.68,3.67,3.67,125,0
VRG,60,20250402,140000,3.68,3.68,3.68,3.68,101,0
VRG,60,20250402,160000,3.67,3.67,3.67,3.67,2500,0
VRG,60,20250402,170000,3.68,3.69,3.68,3.69,28441,0
VRG,60,20250403,100000,3.69,3.75,3.69,3.75,17597,0
VRG,60,20250403,110000,3.74,3.74,3.72,3.72,660,0
VRG,60,20250403,120000,3.72,3.72,3.72,3.72,67,0
VRG,60,20250403,130000,3.7,3.71,3.7,3.7,41979,0
VRG,60,20250403,140000,3.71,3.71,3.7,3.7,3594,0
VRG,60,20250403,150000,3.7,3.71,3.7,3.71,2025,0
VRG,60,20250403,160000,3.7,3.7,3.7,3.7,2,0
VRG,60,20250403,170000,3.71,3.71,3.7,3.7,53174,0
VRG,60,20250404,100000,3.7,3.7,3.7,3.7,7108,0
VRG,60,20250404,110000,3.7,3.7,3.7,3.7,11145,0
VRG,60,20250404,120000,3.7,3.7,3.69,3.69,21992,0
VRG,60,20250404,130000,3.7,3.7,3.68,3.68,9984,0
VRG,60,20250404,140000,3.66,3.66,3.66,3.66,1200,0
VRG,60,20250404,150000,3.7,3.7,3.68,3.68,3244,0
VRG,60,20250404,160000,3.7,3.7,3.7,3.7,880,0
VRG,60,20250404,170000,3.68,3.7,3.68,3.7,692,0
VRG,60,20250407,100000,3.55,3.55,3.31,3.4,9979,0
VRG,60,20250407,110000,3.47,3.47,3.47,3.47,70,0
VRG,60,20250407,120000,3.48,3.48,3.47,3.47,20,0
VRG,60,20250407,130000,3.49,3.49,3.49,3.49,500,0
VRG,60,20250407,140000,3.51,3.51,3.5,3.5,11200,0
VRG,60,20250407,150000,3.55,3.55,3.55,3.55,70,0
VRG,60,20250407,160000,3.55,3.55,3.55,3.55,18,0
VRG,60,20250407,170000,3.6,3.6,3.6,3.6,494,0
VRG,60,20250408,100000,3.7,3.7,3.67,3.69,2004,0
VRG,60,20250408,110000,3.71,3.71,3.62,3.62,5735,0
VRG,60,20250408,120000,3.62,3.71,3.62,3.71,50,0
VRG,60,20250408,130000,3.63,3.63,3.62,3.63,2475,0
VRG,60,20250408,140000,3.62,3.62,3.62,3.62,100,0
VRG,60,20250408,150000,3.62,3.62,3.62,3.62,287,0
VRG,60,20250408,160000,3.69,3.69,3.69,3.69,30,0
VRG,60,20250408,170000,3.62,3.69,3.62,3.69,3006,0
VRG,60,20250409,100000,3.67,3.67,3.65,3.66,148,0
VRG,60,20250409,110000,3.7,3.72,3.63,3.68,25517,0
VRG,60,20250409,130000,3.68,3.68,3.68,3.68,29,0
VRG,60,20250409,140000,3.65,3.68,3.63,3.68,414,0
VRG,60,20250409,150000,3.67,3.67,3.67,3.67,421,0
VRG,60,20250409,160000,3.65,3.67,3.63,3.67,30025,0
VRG,60,20250410,100000,3.72,3.72,3.6,3.6,8854,0
VRG,60,20250410,110000,3.68,3.68,3.68,3.68,16,0
VRG,60,20250410,120000,3.66,3.66,3.62,3.62,707,0
VRG,60,20250410,130000,3.6,3.66,3.57,3.66,11313,0
VRG,60,20250410,140000,3.66,3.66,3.65,3.65,89,0
VRG,60,20250410,160000,3.63,3.63,3.63,3.63,110,0
VRG,60,20250410,170000,3.62,3.71,3.62,3.71,2544,0
VRG,60,20250411,100000,3.7,3.7,3.64,3.64,3880,0
VRG,60,20250411,120000,3.64,3.64,3.63,3.63,140,0
VRG,60,20250411,140000,3.66,3.68,3.66,3.68,1670,0
VRG,60,20250411,160000,3.67,3.69,3.67,3.69,136,0
VRG,60,20250411,170000,3.69,3.69,3.66,3.69,513,0
VRG,60,20250414,100000,3.68,3.68,3.68,3.68,63,0
VRG,60,20250414,110000,3.68,3.68,3.68,3.68,70,0
VRG,60,20250414,140000,3.64,3.64,3.64,3.64,16,0
VRG,60,20250414,150000,3.66,3.68,3.66,3.68,1675,0
VRG,60,20250414,170000,3.67,3.67,3.67,3.67,2,0
VRG,60,20250415,100000,3.68,3.68,3.63,3.68,83,0
VRG,60,20250415,110000,3.68,3.68,3.68,3.68,75,0
VRG,60,20250415,120000,3.67,3.68,3.67,3.68,1153,0
VRG,60,20250415,130000,3.67,3.67,3.67,3.67,490,0
VRG,60,20250415,140000,3.64,3.64,3.6,3.6,125,0
VRG,60,20250415,150000,3.61,3.62,3.61,3.62,112,0
VRG,60,20250415,170000,3.63,3.64,3.63,3.64,128,0
VRG,60,20250416,100000,3.57,3.62,3.57,3.62,3156,0
VRG,60,20250416,110000,3.6,3.64,3.6,3.64,2828,0
VRG,60,20250416,120000,3.64,3.64,3.59,3.6,1502,0
VRG,60,20250416,160000,3.63,3.63,3.63,3.63,70,0
VRG,60,20250416,170000,3.63,3.63,3.63,3.63,40,0
VRG,60,20250417,100000,3.63,3.63,3.63,3.63,3,0
VRG,60,20250417,140000,3.62,3.62,3.62,3.62,57,0
VRG,60,20250417,150000,3.6,3.63,3.6,3.63,321,0
VRG,60,20250417,160000,3.62,3.63,3.6,3.61,10585,0
VRG,60,20250417,170000,3.64,3.64,3.64,3.64,40,0
VRG,60,20250422,100000,3.6,3.63,3.6,3.6,2112,0
VRG,60,20250422,110000,3.63,3.63,3.62,3.62,1290,0
VRG,60,20250422,130000,3.62,3.62,3.6,3.6,2242,0
VRG,60,20250422,140000,3.62,3.62,3.6,3.6,650,0
VRG,60,20250422,150000,3.62,3.63,3.61,3.61,2470,0
VRG,60,20250422,160000,3.61,3.61,3.6,3.6,91,0
VRG,60,20250422,170000,3.63,3.63,3.63,3.63,57,0
VRG,60,20250423,100000,3.63,3.63,3.62,3.62,4177,0
VRG,60,20250423,110000,3.62,3.62,3.62,3.62,142,0
VRG,60,20250423,120000,3.63,3.63,3.62,3.62,251,0
VRG,60,20250423,130000,3.63,3.63,3.55,3.6,7791,0
VRG,60,20250423,140000,3.61,3.61,3.58,3.58,950,0
VRG,60,20250423,150000,3.62,3.62,3.59,3.59,176,0
VRG,60,20250423,160000,3.58,3.59,3.53,3.59,1724,0
VRG,60,20250423,170000,3.58,3.58,3.58,3.58,225,0
VRG,60,20250424,100000,3.59,3.59,3.59,3.59,52,0
VRG,60,20250424,110000,3.6,3.6,3.58,3.58,28,0
VRG,60,20250424,120000,3.58,3.58,3.58,3.58,13,0
VRG,60,20250424,130000,3.55,3.55,3.55,3.55,16,0
VRG,60,20250424,140000,3.58,3.58,3.58,3.58,297,0
VRG,60,20250424,150000,3.58,3.6,3.58,3.6,1544,0
VRG,60,20250424,160000,3.6,3.6,3.6,3.6,1200,0
VRG,60,20250424,170000,3.6,3.6,3.6,3.6,500,0
VRG,60,20250425,100000,3.7,3.83,3.7,3.77,53853,0
VRG,60,20250425,110000,3.76,3.9,3.76,3.9,55040,0
VRG,60,20250425,120000,3.9,3.97,3.9,3.97,71884,0
VRG,60,20250425,130000,3.97,3.97,3.91,3.91,234726,0
VRG,60,20250425,140000,3.9,3.91,3.82,3.83,20090,0
VRG,60,20250425,150000,3.83,3.86,3.82,3.86,1640,0
VRG,60,20250425,160000,3.84,3.85,3.79,3.85,10252,0
VRG,60,20250425,170000,3.85,3.85,3.74,3.74,9982,0
VRG,60,20250428,100000,3.79,3.79,3.74,3.74,8281,0
VRG,60,20250428,110000,3.74,3.74,3.72,3.73,2866,0
VRG,60,20250428,120000,3.74,3.74,3.7,3.7,18591,0
VRG,60,20250428,130000,3.71,3.71,3.7,3.7,54,0
VRG,60,20250428,140000,3.71,3.71,3.69,3.69,2548,0
VRG,60,20250428,150000,3.69,3.69,3.67,3.67,4051,0
VRG,60,20250428,160000,3.7,3.7,3.7,3.7,3,0
VRG,60,20250428,170000,3.68,3.68,3.68,3.68,1579,0
VRG,60,20250429,100000,3.68,3.68,3.6,3.61,21655,0
VRG,60,20250429,110000,3.62,3.66,3.62,3.63,227,0
VRG,60,20250429,120000,3.65,3.67,3.6,3.63,13307,0
VRG,60,20250429,130000,3.61,3.61,3.56,3.59,4066,0
VRG,60,20250429,140000,3.58,3.63,3.58,3.63,4124,0
VRG,60,20250429,150000,3.63,3.68,3.61,3.61,38752,0
VRG,60,20250429,160000,3.61,3.67,3.6,3.61,1907,0
VRG,60,20250429,170000,3.64,3.66,3.62,3.62,15481,0
VRG,60,20250430,100000,3.67,3.67,3.63,3.67,916,0
VRG,60,20250430,120000,3.67,3.77,3.67,3.7,3951,0
VRG,60,20250430,130000,3.72,3.72,3.7,3.7,2805,0
VRG,60,20250430,140000,3.72,3.72,3.7,3.7,321,0
VRG,60,20250430,150000,3.69,3.69,3.69,3.69,8,0
VRG,60,20250430,160000,3.7,3.75,3.7,3.74,35680,0
VRG,60,20250430,170000,3.73,3.75,3.7,3.7,377,0
VRG,60,20250502,100000,3.76,3.76,3.76,3.76,34,0
VRG,60,20250502,120000,3.75,3.75,3.75,3.75,1,0
VRG,60,20250502,130000,3.75,3.75,3.7,3.7,2997,0
VRG,60,20250502,140000,3.71,3.74,3.71,3.74,9,0
VRG,60,20250502,150000,3.74,3.74,3.71,3.74,639,0
VRG,60,20250502,160000,3.74,3.74,3.72,3.72,293,0
VRG,60,20250502,170000,3.74,3.75,3.74,3.75,21,0
VRG,60,20250505,100000,3.76,3.77,3.75,3.75,1608,0
VRG,60,20250505,110000,3.76,3.76,3.75,3.75,111,0
VRG,60,20250505,120000,3.75,3.76,3.75,3.76,1272,0
VRG,60,20250505,130000,3.76,3.76,3.76,3.76,21,0
VRG,60,20250505,140000,3.75,3.76,3.72,3.75,1375,0
VRG,60,20250505,150000,3.75,3.75,3.75,3.75,21,0
VRG,60,20250505,160000,3.75,3.75,3.73,3.73,49,0
VRG,60,20250505,170000,3.75,3.75,3.73,3.74,436,0
VRG,60,20250506,100000,3.8,3.83,3.77,3.8,206860,0
VRG,60,20250506,110000,3.8,3.81,3.78,3.81,2204,0
VRG,60,20250506,120000,3.82,3.82,3.78,3.78,54,0
VRG,60,20250506,130000,3.79,3.79,3.79,3.79,2639,0
VRG,60,20250506,140000,3.79,3.8,3.75,3.79,22720,0
VRG,60,20250506,150000,3.79,3.81,3.79,3.81,11037,0
VRG,60,20250506,160000,3.81,3.81,3.8,3.8,27974,0
VRG,60,20250506,170000,3.76,3.8,3.76,3.8,28329,0
