<TICKER>,<PER>,<DATE>,<TIME>,<OPEN>,<HIGH>,<LOW>,<CLOSE>,<VOL>,<OPENINT>
WIK,60,20240411,100000,6.74277,6.74277,6.74277,6.74277,1.0529801325,0
WIK,60,20240412,120000,6.69528,6.69528,6.6478,6.6478,210.5960265,0
WIK,60,20240412,160000,6.74277,6.74277,6.74277,6.74277,1.0529801325,0
WIK,60,20240412,170000,6.6478,6.6478,6.60031,6.6478,602.30463579,0
WIK,60,20240415,100000,6.60031,6.60031,6.55283,6.55283,1906.9470199575003,0
WIK,60,20240415,150000,6.60031,6.60031,6.60031,6.60031,234.8145695475,0
WIK,60,20240416,170000,6.31541,6.55283,6.31541,6.50535,791.84105964,0
WIK,60,20240417,100000,6.22044,6.50535,6.22044,6.50535,632.8410596325001,0
WIK,60,20240418,160000,6.45786,6.55283,6.45786,6.55283,3158.9403975000005,0
WIK,60,20240419,130000,6.55283,6.55283,6.55283,6.55283,356.9602649175,0
WIK,60,20240419,140000,6.55283,6.55283,6.55283,6.55283,69.496688745,0
WIK,60,20240419,170000,6.6478,6.6478,6.6478,6.6478,10.529801325000001,0
WIK,60,20240422,100000,6.60031,6.69528,6.60031,6.69528,543.3377483700001,0
WIK,60,20240422,120000,6.74277,6.74277,6.74277,6.74277,42.119205300000004,0
WIK,60,20240422,130000,6.74277,6.74277,6.74277,6.74277,129.51655629750002,0
WIK,60,20240422,170000,6.74277,6.79025,6.74277,6.79025,590.7218543325,0
WIK,60,20240423,100000,6.79025,6.79025,6.74277,6.74277,1175.1258278700002,0
WIK,60,20240423,110000,6.60031,6.83774,6.55283,6.83774,983.483443755,0
WIK,60,20240424,100000,6.83774,6.83774,6.83774,6.83774,1052.9801325,0
WIK,60,20240424,110000,6.83774,7.02767,6.83774,7.02767,76.8675496725,0
WIK,60,20240424,120000,7.02767,7.12264,7.02767,7.12264,2467.1324504475,0
WIK,60,20240424,140000,7.12264,7.17013,7.12264,7.17013,314.84105961750004,0
WIK,60,20240424,150000,7.17013,7.26509,7.17013,7.26509,3059.960265045,0
WIK,60,20240425,110000,7.17013,7.17013,7.17013,7.17013,389.60264902500006,0
WIK,60,20240425,130000,6.98019,7.17013,6.98019,6.98019,1296.2185431075002,0
WIK,60,20240425,150000,6.69528,7.02767,6.69528,7.02767,16.84768212,0
WIK,60,20240426,120000,6.74277,6.9327,6.74277,6.9327,585.45695367,0
WIK,60,20240426,170000,6.9327,6.98019,6.74277,6.74277,188.48344371750002,0
WIK,60,20240429,120000,6.74277,6.74277,6.74277,6.74277,21.059602650000002,0
WIK,60,20240429,130000,6.9327,6.9327,6.9327,6.9327,1.0529801325,0
WIK,60,20240429,140000,6.9327,6.9327,6.9327,6.9327,1347.8145696000001,0
WIK,60,20240429,150000,6.9327,7.02767,6.9327,7.02767,1949.0662252575,0
WIK,60,20240429,160000,7.17013,7.17013,7.12264,7.12264,68.4437086125,0
WIK,60,20240429,170000,7.12264,7.17013,7.12264,7.17013,37.90728477,0
WIK,60,20240430,100000,7.17013,7.17013,7.07516,7.17013,1006.64900667,0
WIK,60,20240430,110000,6.98019,7.17013,6.98019,6.98019,926.6225166,0
WIK,60,20240430,160000,7.17013,7.17013,7.17013,7.17013,694.9668874500001,0
WIK,60,20240430,170000,7.17013,7.17013,7.17013,7.17013,717.0794702325001,0
WIK,60,20240502,100000,7.07516,7.26509,7.02767,7.26509,591.774834465,0
WIK,60,20240502,120000,7.26509,7.36006,7.26509,7.36006,3050.4834438525004,0
WIK,60,20240502,130000,7.40755,7.40755,7.36006,7.36006,473.84105962500007,0
WIK,60,20240502,160000,7.40755,7.40755,6.98019,6.98019,2507.1456954825,0
WIK,60,20240502,170000,6.98019,7.07516,6.98019,7.07516,1435.2119205975,0
WIK,60,20240506,100000,7.07516,7.07516,7.07516,7.07516,394.86754968750006,0
WIK,60,20240506,130000,7.12264,7.12264,7.12264,7.12264,21.059602650000002,0
WIK,60,20240506,140000,6.9327,7.12264,6.9327,7.12264,252.71523180000003,0
WIK,60,20240506,160000,7.07516,7.12264,7.07516,7.12264,4108.728477015,0
WIK,60,20240506,170000,7.17013,7.45503,7.17013,7.45503,1475.2251656325,0
WIK,60,20240507,100000,7.45503,7.45503,7.40755,7.40755,2987.3046359025,0
WIK,60,20240507,110000,7.40755,7.40755,7.40755,7.40755,526.49006625,0
WIK,60,20240508,100000,7.40755,7.40755,7.40755,7.40755,737.08609275,0
WIK,60,20240508,110000,7.40755,7.40755,7.40755,7.40755,288.51655630500005,0
WIK,60,20240508,120000,7.40755,7.40755,7.40755,7.40755,737.08609275,0
WIK,60,20240508,160000,7.40755,7.40755,7.31258,7.31258,295.8874172325,0
WIK,60,20240508,170000,7.40755,7.40755,7.40755,7.40755,1.0529801325,0
WIK,60,20240509,100000,7.40755,7.40755,7.40755,7.40755,366.43708611000005,0
WIK,60,20240509,110000,7.45503,7.45503,7.45503,7.45503,174.79470199500003,0
WIK,60,20240509,120000,7.31258,7.31258,7.31258,7.31258,257.9801324625,0
WIK,60,20240509,140000,7.31258,7.45503,7.31258,7.45503,73.70860927500001,0
WIK,60,20240509,170000,7.17013,7.45503,7.17013,7.45503,5.2649006625,0
WIK,60,20240510,110000,7.17013,7.17013,7.17013,7.17013,1579.4701987500002,0
WIK,60,20240510,120000,7.17013,7.17013,7.17013,7.17013,97.9271523225,0
WIK,60,20240510,160000,7.21761,7.21761,7.21761,7.21761,422.2450331325,0
WIK,60,20240510,170000,6.9327,7.21761,6.9327,7.21761,853.9668874575,0
WIK,60,20240513,100000,7.21761,7.21761,7.21761,7.21761,210.59602650000002,0
WIK,60,20240513,120000,7.21761,7.21761,7.21761,7.21761,1052.9801325,0
WIK,60,20240513,130000,7.40755,7.40755,7.40755,7.40755,1.0529801325,0
WIK,60,20240513,140000,7.40755,7.40755,7.40755,7.40755,104.24503311750001,0
WIK,60,20240514,110000,7.40755,7.45503,7.40755,7.45503,526.49006625,0
WIK,60,20240514,120000,7.45503,7.45503,7.45503,7.45503,421.19205300000004,0
WIK,60,20240514,140000,7.45503,7.50252,7.45503,7.50252,2274.4370862,0
WIK,60,20240514,150000,7.40755,7.40755,7.40755,7.40755,689.7019867875001,0
WIK,60,20240514,160000,7.36006,7.45503,7.31258,7.45503,3878.1258279975004,0
WIK,60,20240514,170000,7.50252,7.50252,7.50252,7.50252,884.5033113000001,0
WIK,60,20240515,100000,7.64497,7.64497,7.64497,7.64497,1747.9470199500001,0
WIK,60,20240515,120000,7.64497,7.64497,7.45503,7.59748,706.5496689075,0
WIK,60,20240515,130000,7.59748,7.59748,7.59748,7.59748,67.39072848,0
WIK,60,20240515,140000,7.64497,7.69245,7.64497,7.69245,1579.4701987500002,0
WIK,60,20240515,150000,7.64497,7.69245,7.64497,7.69245,944.5231788525,0
WIK,60,20240515,160000,7.69245,7.69245,7.69245,7.69245,73.70860927500001,0
WIK,60,20240515,170000,7.78742,7.88239,7.78742,7.88239,1453.11258285,0
WIK,60,20240516,100000,7.88239,8.26226,7.88239,8.26226,1543.668874245,0
WIK,60,20240516,110000,8.26226,8.26226,8.26226,8.26226,6251.5430466525,0
WIK,60,20240516,130000,8.30975,8.30975,8.30975,8.30975,63.17880795000001,0
WIK,60,20240516,140000,8.30975,8.30975,8.30975,8.30975,157.94701987500002,0
WIK,60,20240516,150000,8.26226,8.26226,8.02484,8.02484,796.0529801700001,0
WIK,60,20240516,160000,8.02484,8.30975,8.02484,8.30975,269.56291392,0
WIK,60,20240517,100000,8.26226,8.26226,8.26226,8.26226,210.59602650000002,0
WIK,60,20240517,110000,8.26226,8.26226,8.26226,8.26226,712.8675497025001,0
WIK,60,20240517,120000,8.30975,8.30975,8.30975,8.30975,21.059602650000002,0
WIK,60,20240517,150000,8.26226,8.26226,8.26226,8.26226,168.47682120000002,0
WIK,60,20240517,170000,8.30975,8.30975,8.30975,8.30975,1.0529801325,0
WIK,60,20240520,110000,8.30975,8.35723,8.30975,8.35723,411.7152318075,0
WIK,60,20240520,130000,8.30975,8.35723,8.30975,8.35723,82.13245033500002,0
WIK,60,20240520,150000,8.35723,8.35723,8.35723,8.35723,354.85430465250005,0
WIK,60,20240520,160000,8.30975,8.30975,8.30975,8.30975,284.304635775,0
WIK,60,20240520,170000,8.35723,8.35723,8.35723,8.35723,52.649006625000005,0
WIK,60,20240521,100000,8.35723,8.35723,8.35723,8.35723,4360.390728682501,0
WIK,60,20240521,110000,8.40472,8.40472,8.40472,8.40472,631.7880795,0
WIK,60,20240521,160000,8.02484,8.40472,8.02484,8.40472,696.0198675825001,0
WIK,60,20240522,100000,8.02484,8.35723,8.02484,8.35723,833.9602649400001,0
WIK,60,20240522,110000,8.02484,8.02484,8.02484,8.02484,1042.4503311750002,0
WIK,60,20240522,120000,8.1673,8.40472,8.1673,8.40472,1812.1788080325,0
WIK,60,20240522,130000,8.40472,8.49969,8.40472,8.49969,1052.9801325,0
WIK,60,20240522,140000,8.49969,8.49969,8.49969,8.49969,906.6158940825001,0
WIK,60,20240522,160000,8.49969,8.49969,8.49969,8.49969,4.21192053,0
WIK,60,20240522,170000,8.78459,9.0695,8.78459,9.0695,129.5165562975,0
WIK,60,20240523,100000,9.02201,9.02201,8.92704,9.02201,901.35099342,0
WIK,60,20240523,110000,8.87956,9.30692,8.87956,9.16447,1282.5298013850002,0
WIK,60,20240523,140000,9.11698,9.11698,9.11698,9.11698,760.251655665,0
WIK,60,20240523,160000,9.11698,9.16447,9.11698,9.16447,628.6291391025001,0
WIK,60,20240523,170000,9.16447,9.30692,9.11698,9.30692,115.827814575,0
WIK,60,20240524,100000,9.3544,9.49686,9.30692,9.49686,793.947019905,0
WIK,60,20240524,110000,9.44937,9.44937,9.44937,9.44937,57.91390728750001,0
WIK,60,20240524,160000,9.40189,9.40189,8.4522,9.0695,2463.97351005,0
WIK,60,20240524,170000,9.0695,9.25943,9.0695,9.25943,1068.7748344875,0
WIK,60,20240527,100000,8.49969,8.78459,8.49969,8.68962,4856.34437109,0
WIK,60,20240527,110000,8.68962,8.68962,8.68962,8.68962,1174.0728477375,0
WIK,60,20240527,120000,8.49969,8.68962,8.49969,8.68962,106.3509933825,0
WIK,60,20240527,130000,8.49969,8.49969,8.26226,8.4522,1219.350993435,0
WIK,60,20240527,140000,8.4522,8.49969,8.4522,8.49969,939.25827819,0
WIK,60,20240527,150000,8.64214,8.64214,8.64214,8.64214,1052.9801325,0
WIK,60,20240527,160000,8.54717,8.54717,8.54717,8.54717,105.29801325000001,0
WIK,60,20240527,170000,8.64214,8.68962,8.64214,8.68962,243.23841060750001,0
WIK,60,20240528,100000,8.54717,8.68962,8.54717,8.68962,462.25827816750007,0
WIK,60,20240528,110000,8.68962,8.68962,8.68962,8.68962,184.2715231875,0
WIK,60,20240528,170000,8.64214,8.68962,8.64214,8.68962,2550.3178809150004,0
WIK,60,20240529,100000,8.73711,8.87956,8.73711,8.87956,661.27152321,0
WIK,60,20240529,130000,8.73711,8.83208,8.68962,8.83208,1022.4437086575001,0
WIK,60,20240529,140000,8.83208,8.83208,8.83208,8.83208,105.29801325000001,0
WIK,60,20240529,150000,8.68962,8.68962,8.68962,8.68962,26.324503312500003,0
WIK,60,20240531,120000,8.73711,8.73711,8.73711,8.73711,52.649006625000005,0
WIK,60,20240531,150000,8.54717,8.68962,8.35723,8.68962,1106.6821192575,0
WIK,60,20240531,160000,8.40472,8.40472,8.40472,8.40472,42.119205300000004,0
WIK,60,20240603,100000,8.4522,8.4522,8.4522,8.4522,421.19205300000004,0
WIK,60,20240603,120000,8.4522,8.4522,8.40472,8.40472,2867.2649007975,0
WIK,60,20240603,130000,8.54717,8.54717,8.54717,8.54717,611.7814569825,0
WIK,60,20240603,140000,8.54717,8.68962,8.54717,8.68962,105.29801325000001,0
WIK,60,20240603,150000,8.54717,8.54717,8.54717,8.54717,134.78145696,0
WIK,60,20240603,160000,8.68962,8.68962,8.68962,8.68962,363.2781457125,0
WIK,60,20240603,170000,8.73711,8.78459,8.73711,8.78459,21.05960265,0
WIK,60,20240604,100000,8.83208,8.83208,8.83208,8.83208,137.94039735750002,0
WIK,60,20240604,110000,8.49969,8.68962,8.49969,8.68962,66.33774834750001,0
WIK,60,20240604,120000,8.49969,8.49969,8.49969,8.49969,63.17880795000001,0
WIK,60,20240604,140000,8.49969,8.49969,8.49969,8.49969,224.28476822250002,0
WIK,60,20240604,170000,8.64214,8.64214,8.64214,8.64214,1.0529801325,0
WIK,60,20240605,100000,8.49969,8.49969,8.4522,8.4522,940.3112583225001,0
WIK,60,20240605,120000,8.30975,8.40472,8.30975,8.40472,248.50331127,0
WIK,60,20240605,130000,8.1673,8.1673,8.1673,8.1673,448.56953644500004,0
WIK,60,20240605,140000,8.40472,8.40472,8.26226,8.26226,282.19867551,0
WIK,60,20240606,170000,8.40472,8.40472,7.69245,8.11981,2633.5033113825,0
WIK,60,20240607,120000,7.73994,7.73994,7.59748,7.59748,881.3443709025,0
WIK,60,20240607,130000,7.64497,7.64497,7.59748,7.59748,473.841059625,0
WIK,60,20240607,140000,7.64497,7.64497,7.59748,7.59748,1911.1589404875,0
WIK,60,20240607,160000,7.69245,7.69245,7.69245,7.69245,1.0529801325,0
WIK,60,20240607,170000,7.69245,7.69245,7.69245,7.69245,492.79470201000004,0
WIK,60,20240610,110000,7.69245,7.97736,7.40755,7.97736,3437.9801326125,0
WIK,60,20240610,150000,7.97736,7.97736,7.92987,7.92987,3106.291390875,0
WIK,60,20240610,160000,7.92987,7.92987,7.92987,7.92987,868.7086093125001,0
WIK,60,20240611,110000,7.78742,7.97736,7.78742,7.97736,137.94039735750002,0
WIK,60,20240611,170000,7.78742,7.97736,7.73994,7.97736,2664.039735225,0
WIK,60,20240612,100000,7.73994,7.97736,7.73994,7.97736,568.60927155,0
WIK,60,20240612,110000,7.78742,7.78742,7.78742,7.78742,306.4172185575,0
WIK,60,20240612,120000,7.97736,7.97736,7.97736,7.97736,1.0529801325,0
WIK,60,20240612,150000,7.83491,7.83491,7.83491,7.83491,273.77483445,0
WIK,60,20240612,170000,7.83491,7.97736,7.73994,7.97736,80.02649007000001,0
WIK,60,20240613,110000,7.88239,7.88239,7.40755,7.73994,1717.4105961075,0
WIK,60,20240613,120000,7.69245,7.69245,7.50252,7.50252,768.675496725,0
WIK,60,20240613,150000,7.69245,7.69245,7.69245,7.69245,157.94701987500002,0
WIK,60,20240614,120000,7.40755,7.40755,7.40755,7.40755,1790.0662252500001,0
WIK,60,20240614,130000,7.26509,7.40755,7.26509,7.40755,270.6158940525,0
WIK,60,20240614,140000,7.21761,7.31258,7.21761,7.21761,364.33112584500003,0
WIK,60,20240614,160000,7.21761,7.21761,7.21761,7.21761,418.03311260250007,0
WIK,60,20240614,170000,7.12264,7.21761,7.12264,7.21761,895.033112625,0
WIK,60,20240617,130000,7.07516,7.07516,6.79025,6.9327,3162.0993378975004,0
WIK,60,20240617,140000,6.74277,7.02767,6.74277,7.02767,2.105960265,0
WIK,60,20240617,170000,6.74277,7.02767,6.74277,7.02767,106.35099338250001,0
WIK,60,20240618,100000,6.79025,6.79025,6.60031,6.6478,3159.9933776325,0
WIK,60,20240618,110000,6.55283,6.74277,6.55283,6.74277,1185.655629195,0
WIK,60,20240618,120000,6.74277,7.02767,6.74277,7.02767,1159.3311258825,0
WIK,60,20240619,130000,6.98019,6.98019,6.98019,6.98019,421.19205300000004,0
WIK,60,20240620,100000,6.74277,6.74277,6.74277,6.74277,210.59602650000002,0
WIK,60,20240620,110000,6.69528,6.69528,6.69528,6.69528,1097.205298065,0
WIK,60,20240620,120000,6.55283,6.74277,6.45786,6.74277,443.3046357825,0
WIK,60,20240621,170000,6.6478,6.74277,6.6478,6.74277,506.4834437325,0
WIK,60,20240624,110000,6.6478,6.74277,6.6478,6.6478,75.81456954000001,0
WIK,60,20240624,120000,6.74277,6.74277,6.74277,6.74277,52.649006625000005,0
WIK,60,20240625,100000,6.6478,6.6478,6.6478,6.6478,83.18543046750001,0
WIK,60,20240625,120000,6.50535,6.6478,6.50535,6.6478,48.437086095000005,0
WIK,60,20240625,130000,6.55283,6.55283,6.55283,6.55283,157.947019875,0
WIK,60,20240625,150000,6.55283,6.55283,6.55283,6.55283,52.649006625000005,0
WIK,60,20240625,170000,6.6478,6.6478,6.6478,6.6478,1.0529801325,0
WIK,60,20240626,100000,6.6478,6.6478,6.6478,6.6478,2843.0463577500004,0
WIK,60,20240626,130000,6.6478,6.6478,6.6478,6.6478,18.953642385000002,0
WIK,60,20240626,140000,6.6478,6.6478,6.6478,6.6478,89.5033112625,0
WIK,60,20240626,160000,6.6478,6.6478,6.6478,6.6478,15.794701987500002,0
WIK,60,20240627,100000,6.74277,6.74277,6.74277,6.74277,1158.27814575,0
WIK,60,20240627,110000,6.83774,7.40755,6.83774,7.40755,424.3509933975,0
WIK,60,20240627,130000,7.45503,7.45503,7.45503,7.45503,44.225165565000005,0
WIK,60,20240627,150000,7.45503,7.45503,7.45503,7.45503,268.5099337875,0
WIK,60,20240628,100000,7.45503,7.45503,7.45503,7.45503,104.24503311750001,0
WIK,60,20240628,110000,7.45503,7.45503,7.26509,7.26509,252.7152318,0
WIK,60,20240628,120000,7.45503,7.45503,7.45503,7.45503,1.0529801325,0
WIK,60,20240628,150000,7.45503,7.45503,7.45503,7.45503,200.06622517500003,0
WIK,60,20240628,160000,7.45503,7.50252,7.45503,7.50252,315.89403975000005,0
WIK,60,20240628,170000,7.50252,7.50252,7.50252,7.50252,391.70860929,0
WIK,60,20240701,100000,7.26509,7.45503,7.26509,7.45503,365.3841059775,0
WIK,60,20240701,110000,7.45503,7.50252,7.45503,7.50252,3720.1788081225,0
WIK,60,20240701,120000,7.50252,7.59748,7.17013,7.59748,2620.8675497925,0
WIK,60,20240701,130000,7.64497,7.64497,7.64497,7.64497,21.059602650000002,0
WIK,60,20240702,100000,7.64497,7.64497,7.64497,7.64497,291.6754967025,0
WIK,60,20240702,110000,7.59748,7.59748,7.59748,7.59748,170.582781465,0
WIK,60,20240702,150000,7.59748,7.59748,7.31258,7.31258,1263.576159,0
WIK,60,20240703,100000,7.40755,7.40755,7.26509,7.40755,1822.7086093575,0
WIK,60,20240703,140000,7.40755,7.40755,7.40755,7.40755,78.97350993750001,0
WIK,60,20240703,170000,7.40755,7.45503,7.40755,7.45503,2023.8278146650002,0
WIK,60,20240704,100000,7.45503,7.45503,7.45503,7.45503,452.781456975,0
WIK,60,20240704,120000,7.59748,7.59748,7.59748,7.59748,15.794701987500002,0
WIK,60,20240704,140000,7.59748,7.59748,7.59748,7.59748,105.29801325000001,0
WIK,60,20240705,100000,7.59748,7.59748,7.36006,7.36006,1590.000000075,0
WIK,60,20240705,110000,7.55,7.55,7.55,7.55,1.0529801325,0
WIK,60,20240705,120000,7.55,7.55,7.55,7.55,1062.4569536925,0
WIK,60,20240705,130000,7.55,7.55,7.55,7.55,126.35761590000001,0
WIK,60,20240705,160000,7.59748,7.59748,7.59748,7.59748,1.0529801325,0
WIK,60,20240708,110000,7.59748,7.59748,7.59748,7.59748,189.53642385,0
WIK,60,20240708,130000,7.36006,7.59748,7.36006,7.59748,264.29801325750003,0
WIK,60,20240708,140000,7.36006,7.36006,7.36006,7.36006,1052.9801325,0
WIK,60,20240708,150000,7.07516,7.40755,7.07516,7.40755,474.8940397575,0
WIK,60,20240708,170000,7.40755,7.40755,7.12264,7.12264,273.77483445,0
WIK,60,20240709,100000,7.21761,7.21761,7.21761,7.21761,105.29801325000001,0
WIK,60,20240709,110000,7.07516,7.07516,7.07516,7.07516,792.8940397725,0
WIK,60,20240709,120000,6.9327,7.12264,6.9327,7.12264,706.5496689075,0
WIK,60,20240709,130000,7.12264,7.12264,7.12264,7.12264,526.49006625,0
WIK,60,20240710,150000,7.21761,7.45503,7.21761,7.45503,692.860927185,0
WIK,60,20240711,100000,7.45503,7.45503,7.45503,7.45503,977.1655629600001,0
WIK,60,20240711,110000,7.45503,7.45503,7.45503,7.45503,413.8211920725,0
WIK,60,20240711,160000,7.17013,7.45503,7.17013,7.45503,85.2913907325,0
WIK,60,20240712,150000,7.45503,7.45503,7.45503,7.45503,526.49006625,0
WIK,60,20240712,160000,7.45503,7.50252,7.45503,7.50252,421.19205300000004,0
WIK,60,20240715,130000,7.26509,7.45503,7.26509,7.45503,1054.0331126325002,0
WIK,60,20240715,150000,7.17013,7.17013,6.98019,6.98019,3125.24503326,0
WIK,60,20240715,160000,7.02767,7.26509,7.02767,7.26509,1096.1523179325002,0
WIK,60,20240715,170000,7.26509,7.26509,7.26509,7.26509,120.039735105,0
WIK,60,20240716,100000,7.12264,7.12264,6.9327,6.9327,1090.88741727,0
WIK,60,20240716,110000,7.12264,7.12264,6.98019,6.98019,316.9470198825,0
WIK,60,20240716,120000,6.98019,7.12264,6.69528,6.79025,2105.960265,0
WIK,60,20240716,140000,6.83774,6.83774,6.83774,6.83774,126.35761590000001,0
WIK,60,20240716,170000,6.83774,7.07516,6.83774,7.07516,1117.2119205825002,0
WIK,60,20240719,100000,6.9327,7.02767,6.9327,7.02767,1253.046357675,0
WIK,60,20240719,150000,6.98019,6.98019,6.98019,6.98019,27.377483445000003,0
WIK,60,20240719,170000,6.98019,7.02767,6.9327,7.02767,790.7880795075,0
WIK,60,20240722,100000,7.02767,7.02767,7.02767,7.02767,8.42384106,0
WIK,60,20240722,150000,6.9327,6.9327,6.9327,6.9327,69.496688745,0
WIK,60,20240722,170000,6.69528,7.02767,6.69528,7.02767,826.5894040125,0
WIK,60,20240723,100000,6.79025,7.59748,6.79025,7.59748,1610.0066225925,0
WIK,60,20240723,110000,7.50252,7.50252,7.31258,7.31258,130.56953643000003,0
WIK,60,20240724,170000,6.83774,7.12264,6.69528,6.9327,2091.218543145,0
WIK,60,20240725,100000,6.69528,6.83774,6.69528,6.83774,422.24503313250005,0
WIK,60,20240725,110000,6.83774,6.83774,6.83774,6.83774,38.9602649025,0
WIK,60,20240726,100000,6.9327,6.9327,6.9327,6.9327,1.0529801325,0
WIK,60,20240726,140000,6.6478,6.6478,6.6478,6.6478,34.7483443725,0
WIK,60,20240726,150000,6.9327,6.9327,6.9327,6.9327,1.0529801325,0
WIK,60,20240729,100000,6.9327,6.9327,6.9327,6.9327,41.06622516750001,0
WIK,60,20240729,120000,6.6478,6.9327,6.6478,6.9327,1159.3311258825001,0
WIK,60,20240729,160000,6.9327,6.9327,6.9327,6.9327,8478.596026890002,0
WIK,60,20240729,170000,6.50535,6.9327,6.50535,6.9327,3.1589403975000003,0
WIK,60,20240730,100000,6.6478,6.6478,6.50535,6.50535,1398.35761596,0
WIK,60,20240730,110000,6.50535,6.6478,6.45786,6.6478,402.238410615,0
WIK,60,20240730,120000,6.36289,6.36289,6.36289,6.36289,1468.9072848375001,0
WIK,60,20240730,130000,6.41038,6.41038,6.12547,6.41038,782.3642384475,0
WIK,60,20240730,140000,6.41038,6.50535,6.41038,6.50535,1054.0331126325002,0
WIK,60,20240730,150000,6.50535,6.55283,6.50535,6.55283,58.96688742,0
WIK,60,20240731,130000,6.31541,6.31541,6.26792,6.26792,226.3907284875,0
WIK,60,20240731,140000,6.45786,6.45786,6.26792,6.26792,1670.026490145,0
WIK,60,20240731,150000,6.17296,6.26792,5.98302,6.22044,1708.9867550475,0
WIK,60,20240731,160000,6.0305,6.22044,5.98302,6.22044,533.8609271775,0
WIK,60,20240731,170000,6.22044,6.22044,6.22044,6.22044,61.072847685000006,0
WIK,60,20240801,100000,6.22044,6.22044,6.22044,6.22044,2.105960265,0
WIK,60,20240801,120000,6.22044,6.22044,5.98302,6.17296,365.3841059775,0
WIK,60,20240801,130000,6.17296,6.17296,6.17296,6.17296,282.19867551000004,0
WIK,60,20240801,140000,6.22044,6.22044,6.22044,6.22044,1.0529801325,0
WIK,60,20240802,100000,6.22044,6.22044,5.88805,5.88805,3333.735099495,0
WIK,60,20240802,110000,6.07799,6.07799,6.07799,6.07799,1.0529801325,0
WIK,60,20240802,120000,6.07799,6.07799,6.07799,6.07799,421.19205300000004,0
WIK,60,20240802,140000,5.84057,6.07799,5.65063,6.07799,7397.1854308125,0
WIK,60,20240805,100000,5.7456,5.84057,5.60314,5.60314,5074.3112585175,0
WIK,60,20240805,120000,5.50818,5.50818,5.41321,5.41321,1341.496688805,0
WIK,60,20240805,130000,5.41321,5.50818,5.41321,5.50818,43.1721854325,0
WIK,60,20240805,140000,5.50818,5.60314,5.50818,5.60314,728.6622516900001,0
WIK,60,20240805,150000,5.55566,5.55566,5.22327,5.31824,5940.913907565001,0
WIK,60,20240805,160000,5.31824,5.60314,5.22327,5.27075,6434.7615897075,0
WIK,60,20240805,170000,5.31824,5.36572,5.31824,5.36572,1790.06622525,0
WIK,60,20240806,100000,5.41321,5.7456,5.41321,5.55566,1813.231788165,0
WIK,60,20240806,120000,5.50818,5.50818,5.50818,5.50818,81.0794702025,0
WIK,60,20240806,130000,5.50818,5.55566,5.50818,5.55566,76.8675496725,0
WIK,60,20240807,100000,5.55566,5.60314,5.55566,5.60314,1052.9801325,0
WIK,60,20240807,110000,5.60314,5.60314,5.60314,5.60314,421.19205300000004,0
WIK,60,20240807,150000,5.60314,5.60314,5.60314,5.60314,176.90066226000002,0
WIK,60,20240807,160000,5.60314,5.60314,5.60314,5.60314,85.2913907325,0
WIK,60,20240808,100000,5.60314,5.60314,5.60314,5.60314,291.6754967025,0
WIK,60,20240808,110000,5.60314,5.60314,5.60314,5.60314,4102.41059622,0
WIK,60,20240808,120000,5.7456,5.88805,5.7456,5.88805,1318.33112589,0
WIK,60,20240808,130000,5.93553,6.0305,5.93553,5.98302,1474.1721855,0
WIK,60,20240808,140000,5.88805,5.88805,5.84057,5.84057,1611.059602725,0
WIK,60,20240808,150000,5.93553,5.93553,5.93553,5.93553,1.0529801325,0
WIK,60,20240808,170000,5.93553,6.0305,5.93553,6.0305,373.8079470375,0
WIK,60,20240809,100000,6.0305,6.0305,6.0305,6.0305,1.0529801325,0
WIK,60,20240809,110000,6.0305,6.0305,6.0305,6.0305,789.7350993750001,0
WIK,60,20240809,130000,6.12547,6.12547,6.12547,6.12547,8.42384106,0
WIK,60,20240809,150000,6.17296,6.17296,5.98302,5.98302,667.589404005,0
WIK,60,20240809,160000,6.17296,6.17296,6.17296,6.17296,1.0529801325,0
WIK,60,20240809,170000,5.98302,6.26792,5.98302,6.26792,841.3311258675001,0
WIK,60,20240812,150000,6.22044,6.22044,6.22044,6.22044,421.19205300000004,0
WIK,60,20240812,170000,6.26792,6.26792,6.26792,6.26792,105.29801325000001,0
WIK,60,20240813,100000,6.26792,6.45786,6.26792,6.45786,1469.9602649700003,0
WIK,60,20240813,110000,6.50535,6.50535,6.50535,6.50535,253.76821193250004,0
WIK,60,20240813,130000,6.36289,6.36289,6.22044,6.36289,444.35761591500005,0
WIK,60,20240814,100000,6.36289,6.55283,6.36289,6.55283,1652.1258278925,0
WIK,60,20240814,110000,6.50535,6.6478,6.50535,6.6478,63.17880795000001,0
WIK,60,20240814,120000,6.55283,6.6478,6.45786,6.6478,525.4370861175,0
WIK,60,20240814,170000,6.45786,6.55283,6.36289,6.55283,3973.9470200550004,0
WIK,60,20240816,110000,6.55283,6.69528,6.50535,6.69528,2254.4304636825,0
WIK,60,20240816,130000,6.69528,6.69528,6.69528,6.69528,37.907284770000004,0
WIK,60,20240816,150000,6.41038,6.69528,6.41038,6.69528,63.17880795000001,0
WIK,60,20240816,160000,6.69528,6.69528,6.69528,6.69528,210.59602650000002,0
WIK,60,20240819,100000,6.6478,6.6478,6.6478,6.6478,132.675496695,0
WIK,60,20240819,110000,6.45786,6.6478,6.41038,6.41038,722.3443708950001,0
WIK,60,20240819,120000,6.60031,6.60031,6.41038,6.41038,4212.9735101325,0
WIK,60,20240819,130000,6.55283,6.55283,6.55283,6.55283,1.0529801325,0
WIK,60,20240819,140000,6.55283,6.55283,6.55283,6.55283,83.18543046750001,0
WIK,60,20240819,150000,6.36289,6.55283,6.36289,6.55283,11.5827814575,0
WIK,60,20240820,100000,6.55283,6.55283,6.55283,6.55283,546.4966887675,0
WIK,60,20240820,110000,6.31541,6.50535,6.31541,6.31541,643.3708609575001,0
WIK,60,20240820,120000,6.45786,6.50535,6.45786,6.50535,316.9470198825,0
WIK,60,20240820,130000,6.50535,6.55283,6.26792,6.50535,1026.6556291875,0
WIK,60,20240820,140000,6.50535,6.50535,6.50535,6.50535,68.4437086125,0
WIK,60,20240820,160000,6.50535,6.50535,6.50535,6.50535,35.801324505000004,0
WIK,60,20240820,170000,6.55283,6.55283,6.55283,6.55283,106.35099338250001,0
WIK,60,20240821,150000,6.31541,6.74277,6.31541,6.74277,2297.602649115,0
WIK,60,20240821,170000,6.6478,6.6478,6.6478,6.6478,105.29801325000001,0
WIK,60,20240822,100000,6.74277,6.74277,6.74277,6.74277,1.0529801325,0
WIK,60,20240822,130000,6.55283,6.55283,6.55283,6.55283,842.3841060000001,0
WIK,60,20240822,140000,6.55283,6.74277,6.55283,6.74277,33.69536424,0
WIK,60,20240823,100000,6.74277,7.26509,6.74277,7.26509,4813.1721856575,0
WIK,60,20240823,110000,7.31258,7.40755,7.26509,7.31258,2506.09271535,0
WIK,60,20240823,140000,7.26509,7.26509,7.12264,7.17013,1293.05960271,0
WIK,60,20240826,100000,7.17013,7.17013,7.17013,7.17013,379.0728477,0
WIK,60,20240826,110000,7.17013,7.17013,7.17013,7.17013,20.006622517500002,0
WIK,60,20240827,170000,7.12264,7.17013,7.12264,7.17013,201.1192053075,0
WIK,60,20240828,100000,7.07516,7.17013,7.07516,7.17013,8.42384106,0
WIK,60,20240829,130000,7.17013,7.26509,7.17013,7.26509,2674.56953655,0
WIK,60,20240829,140000,7.26509,7.26509,7.21761,7.21761,538.0728477075,0
WIK,60,20240829,150000,7.17013,7.26509,7.17013,7.26509,863.4437086500001,0
WIK,60,20240829,160000,7.26509,7.26509,7.17013,7.17013,612.834437115,0
WIK,60,20240830,130000,7.26509,7.26509,7.26509,7.26509,737.08609275,0
WIK,60,20240830,150000,7.26509,7.36006,7.26509,7.36006,387.49668876000004,0
WIK,60,20240830,170000,7.36006,7.36006,7.36006,7.36006,200.06622517500003,0
WIK,60,20240902,140000,7.07516,7.07516,6.6478,6.83774,4085.5629141000004,0
WIK,60,20240902,150000,6.88522,7.17013,6.88522,7.17013,1106.6821192575,0
WIK,60,20240902,160000,6.88522,6.9327,6.41038,6.88522,12268.271523758,0
WIK,60,20240902,170000,6.74277,6.83774,6.74277,6.79025,2466.079470315,0
WIK,60,20240903,100000,6.83774,6.83774,6.83774,6.83774,1.0529801325,0
WIK,60,20240903,120000,6.74277,6.83774,6.74277,6.83774,386.44370862750003,0
WIK,60,20240903,130000,6.83774,6.83774,6.83774,6.83774,21.059602650000002,0
WIK,60,20240903,140000,6.6478,6.79025,6.55283,6.79025,1054.0331126325002,0
WIK,60,20240903,160000,6.69528,6.69528,6.60031,6.60031,1254.0993378075,0
WIK,60,20240903,170000,6.60031,6.6478,6.60031,6.6478,3397.9668875775,0
WIK,60,20240904,100000,6.55283,6.83774,6.45786,6.83774,3093.655629285,0
WIK,60,20240904,130000,6.79025,6.79025,6.79025,6.79025,1845.8741722725001,0
WIK,60,20240904,140000,6.60031,6.83774,6.60031,6.83774,130.56953643000003,0
WIK,60,20240905,100000,6.79025,6.83774,6.79025,6.83774,130.56953643000003,0
WIK,60,20240905,120000,6.83774,6.83774,6.83774,6.83774,923.4635762025001,0
WIK,60,20240905,130000,6.79025,6.79025,6.79025,6.79025,1.0529801325,0
WIK,60,20240905,140000,6.79025,6.83774,6.79025,6.83774,843.4370861325,0
WIK,60,20240905,150000,6.79025,6.9327,6.79025,6.9327,840.2781457350001,0
WIK,60,20240905,170000,6.88522,6.88522,6.88522,6.88522,71.60264901000001,0
WIK,60,20240906,100000,6.9327,6.9327,6.9327,6.9327,42.119205300000004,0
WIK,60,20240906,110000,6.88522,6.9327,6.88522,6.9327,169.5298013325,0
WIK,60,20240906,120000,6.9327,6.9327,6.9327,6.9327,1010.8609272000001,0
WIK,60,20240906,130000,6.9327,6.9327,6.9327,6.9327,1000.3311258750001,0
WIK,60,20240906,150000,6.79025,6.79025,6.79025,6.79025,5.2649006625000005,0
WIK,60,20240906,170000,7.02767,7.02767,7.02767,7.02767,421.19205300000004,0
WIK,60,20240909,100000,7.02767,7.02767,7.02767,7.02767,709.7086093050001,0
WIK,60,20240909,150000,7.02767,7.02767,7.02767,7.02767,47.3841059625,0
WIK,60,20240910,100000,7.02767,7.02767,7.02767,7.02767,11.582781457500001,0
WIK,60,20240910,120000,6.79025,7.02767,6.79025,7.02767,274.8278145825,0
WIK,60,20240910,130000,6.79025,6.98019,6.79025,6.98019,159.0000000075,0
WIK,60,20240912,100000,6.98019,7.02767,6.98019,7.02767,473.84105962500007,0
WIK,60,20240916,140000,7.02767,7.02767,7.02767,7.02767,2474.503311375,0
WIK,60,20240916,150000,7.12264,7.12264,7.12264,7.12264,1.0529801325,0
WIK,60,20240916,170000,7.21761,7.21761,7.21761,7.21761,212.70198676500002,0
WIK,60,20240917,100000,7.26509,7.31258,7.26509,7.31258,1171.9668874725,0
WIK,60,20240917,120000,7.31258,7.36006,7.31258,7.36006,1026.6556291875,0
WIK,60,20240917,130000,7.31258,7.31258,7.26509,7.26509,1080.3576159450001,0
WIK,60,20240917,140000,7.07516,7.31258,7.02767,7.31258,2170.1920530825,0
WIK,60,20240917,150000,7.31258,7.31258,7.31258,7.31258,234.8145695475,0
WIK,60,20240918,110000,7.17013,7.17013,7.12264,7.12264,1158.27814575,0
WIK,60,20240918,120000,7.21761,7.21761,7.17013,7.17013,1054.0331126325002,0
WIK,60,20240918,130000,7.21761,7.21761,7.21761,7.21761,105.29801325000001,0
WIK,60,20240918,170000,7.21761,7.36006,7.21761,7.36006,2105.960265,0
WIK,60,20240919,100000,7.36006,7.40755,7.36006,7.40755,1242.51655635,0
WIK,60,20240919,110000,7.40755,7.40755,7.40755,7.40755,5264.9006625,0
WIK,60,20240919,120000,7.40755,7.40755,7.36006,7.36006,594.9337748625001,0
WIK,60,20240919,170000,7.40755,7.40755,7.40755,7.40755,1.0529801325,0
WIK,60,20240920,100000,7.40755,7.40755,7.40755,7.40755,189.53642385,0
WIK,60,20240920,130000,7.40755,7.40755,7.40755,7.40755,424.3509933975,0
WIK,60,20240920,140000,7.45503,7.55,7.45503,7.55,621.2582781750001,0
WIK,60,20240920,150000,7.55,7.55,7.55,7.55,210.59602650000002,0
WIK,60,20240920,170000,7.55,7.55,7.55,7.55,210.59602650000002,0
WIK,60,20240923,100000,7.55,7.55,7.55,7.55,972.9536424300001,0
WIK,60,20240923,120000,7.55,7.55,7.55,7.55,55.8079470225,0
WIK,60,20240923,130000,7.55,7.55,7.55,7.55,908.7218543475001,0
WIK,60,20240923,160000,7.55,7.55,7.31258,7.31258,1117.2119205825,0
WIK,60,20240923,170000,7.31258,7.31258,7.31258,7.31258,136.887417225,0
WIK,60,20240924,100000,7.36006,7.40755,7.36006,7.40755,765.5165563275001,0
WIK,60,20240924,130000,7.40755,7.40755,7.40755,7.40755,115.82781457500002,0
WIK,60,20240924,150000,7.36006,7.50252,7.36006,7.50252,400.13245035,0
WIK,60,20240924,160000,7.50252,7.59748,7.45503,7.45503,3332.6821193625,0
WIK,60,20240924,170000,7.40755,7.55,7.40755,7.55,401.1854304825,0
WIK,60,20240925,100000,7.65,7.65,7.65,7.65,300,0
WIK,60,20240925,140000,7.35,7.65,7.35,7.65,10757,0
WIK,60,20240925,160000,7.5,7.65,7.5,7.65,420,0
WIK,60,20240926,100000,7.5,7.75,7.5,7.75,101,0
WIK,60,20240926,110000,7.75,7.75,7.75,7.75,76,0
WIK,60,20240926,120000,7.75,7.85,7.75,7.85,1542,0
WIK,60,20240927,130000,7.5,7.85,7.5,7.85,2102,0
WIK,60,20240930,100000,7.8,8.25,7.8,8.25,4019,0
WIK,60,20240930,110000,8.5,8.5,8.25,8.25,375,0
WIK,60,20240930,120000,8.25,8.55,8.25,8.55,688,0
WIK,60,20240930,130000,8.5,8.5,8.5,8.5,1155,0
WIK,60,20240930,140000,8.5,8.5,8.5,8.5,750,0
WIK,60,20240930,160000,8.5,8.5,8.5,8.5,6,0
WIK,60,20241001,100000,8.5,8.5,8.3,8.5,203,0
WIK,60,20241001,110000,8.25,8.25,8.25,8.25,70,0
WIK,60,20241001,120000,8.3,8.3,8.25,8.25,775,0
WIK,60,20241001,130000,8.2,8.2,8.2,8.2,1055,0
WIK,60,20241001,170000,8.15,8.15,8.15,8.15,300,0
WIK,60,20241002,100000,8.15,8.3,8.15,8.3,85,0
WIK,60,20241002,110000,8.05,8.25,8.05,8.25,51,0
WIK,60,20241002,140000,8.05,8.2,7.8,8.2,1543,0
WIK,60,20241002,150000,7.8,8.05,7.7,8.05,1075,0
WIK,60,20241002,170000,7.8,7.9,7.8,7.9,1001,0
WIK,60,20241003,110000,7.7,7.7,7.4,7.4,3214,0
WIK,60,20241003,120000,7.6,7.6,7.6,7.6,1,0
WIK,60,20241003,150000,7.6,7.75,7.6,7.75,282,0
WIK,60,20241003,160000,7.6,7.75,7.6,7.75,635,0
WIK,60,20241004,100000,7.7,7.9,7.7,7.9,1611,0
WIK,60,20241004,110000,7.9,8.05,7.9,8.05,100,0
WIK,60,20241004,120000,8.05,8.05,7.7,7.7,1110,0
WIK,60,20241004,130000,7.7,8.2,7.7,8.2,4872,0
WIK,60,20241004,140000,8.2,8.2,8.2,8.2,150,0
WIK,60,20241004,150000,8.15,8.15,8.15,8.15,122,0
WIK,60,20241004,170000,8.05,8.15,8.05,8.15,300,0
WIK,60,20241007,100000,7.8,8.15,7.8,8.15,17,0
WIK,60,20241007,120000,7.8,8.15,7.8,8.15,161,0
WIK,60,20241007,140000,7.8,8.15,7.8,7.8,1690,0
WIK,60,20241007,150000,7.9,7.9,7.9,7.9,400,0
WIK,60,20241009,120000,7.55,7.55,7.55,7.55,116,0
WIK,60,20241009,130000,7.55,7.9,7.55,7.9,1331,0
WIK,60,20241009,170000,7.9,8.1,7.9,8.1,17,0
WIK,60,20241010,100000,8.15,8.15,8.15,8.15,5,0
WIK,60,20241010,120000,8.15,8.15,8.15,8.15,469,0
WIK,60,20241010,150000,8.05,8.2,8.05,8.2,735,0
WIK,60,20241011,100000,8.2,8.2,7.85,8.2,116,0
WIK,60,20241011,160000,8.2,8.3,8.2,8.3,10874,0
WIK,60,20241011,170000,8.3,8.45,8.3,8.45,490,0
WIK,60,20241014,100000,8.05,8.4,8.05,8.4,51,0
WIK,60,20241014,110000,8.4,8.45,8.4,8.45,90,0
WIK,60,20241014,140000,8.45,8.45,8.45,8.45,430,0
WIK,60,20241014,150000,8.45,8.5,8.45,8.5,129,0
WIK,60,20241014,170000,8.3,8.4,8.3,8.4,910,0
WIK,60,20241015,100000,8.05,8.4,8.05,8.4,160,0
WIK,60,20241015,120000,8.05,8.4,8.05,8.4,91,0
WIK,60,20241015,170000,8.3,8.4,8.3,8.4,975,0
WIK,60,20241016,130000,8.35,8.35,8.35,8.35,40,0
WIK,60,20241016,140000,8.35,8.35,8.35,8.35,2640,0
WIK,60,20241017,160000,8.1,8.35,8,8.35,306,0
WIK,60,20241018,100000,8,8.25,8,8.25,401,0
WIK,60,20241018,160000,8.2,8.25,8.2,8.25,1009,0
WIK,60,20241018,170000,8.25,8.25,8,8.25,441,0
WIK,60,20241022,130000,8.2,8.2,8.2,8.2,6,0
WIK,60,20241022,170000,8,8.1,8,8.1,955,0
WIK,60,20241025,100000,7.75,7.75,7.75,7.75,305,0
WIK,60,20241025,110000,8,8,8,8,10,0
WIK,60,20241025,140000,7.75,8,7.75,8,46,0
WIK,60,20241025,160000,7.75,8,7.75,8,1010,0
WIK,60,20241025,170000,7.8,7.8,7.8,7.8,360,0
WIK,60,20241028,100000,7.45,7.8,7.45,7.8,43,0
WIK,60,20241028,160000,7.8,7.8,7.8,7.8,200,0
WIK,60,20241030,100000,7.8,7.8,7.8,7.8,57,0
WIK,60,20241030,110000,7.8,7.8,7.8,7.8,1000,0
WIK,60,20241031,150000,7.8,7.8,7.8,7.8,85,0
WIK,60,20241104,100000,7.45,7.7,7.45,7.7,751,0
WIK,60,20241104,130000,7.15,7.15,7.15,7.15,3,0
WIK,60,20241104,140000,7.4,7.4,7.4,7.4,1,0
WIK,60,20241105,150000,7.2,7.2,7.2,7.2,5,0
WIK,60,20241105,170000,7.2,7.2,7.2,7.2,200,0
WIK,60,20241106,100000,7.2,7.2,7.15,7.15,1107,0
WIK,60,20241106,110000,7.1,7.1,7.1,7.1,38,0
WIK,60,20241106,120000,7,7.2,6.9,7.2,873,0
WIK,60,20241107,130000,7.1,7.2,7.1,7.2,2849,0
WIK,60,20241107,150000,7.2,7.2,7.2,7.2,123,0
WIK,60,20241108,100000,7.2,7.2,7.2,7.2,7,0
WIK,60,20241108,130000,7.1,7.2,7.1,7.2,720,0
WIK,60,20241112,100000,7.2,7.2,7.2,7.2,180,0
WIK,60,20241112,170000,7.2,7.2,7.2,7.2,442,0
WIK,60,20241113,160000,7.15,7.2,7.15,7.2,720,0
WIK,60,20241114,100000,7.15,7.15,7.15,7.15,848,0
WIK,60,20241114,110000,7.15,7.15,7.15,7.15,299,0
WIK,60,20241114,130000,7.2,7.2,7.2,7.2,120,0
WIK,60,20241114,140000,7.15,7.15,7.15,7.15,140,0
WIK,60,20241114,170000,7.15,7.15,7.15,7.15,1,0
WIK,60,20241115,100000,7.15,7.15,7.15,7.15,2,0
WIK,60,20241115,130000,7.15,7.15,7.15,7.15,9,0
WIK,60,20241119,110000,7.05,7.05,7.05,7.05,200,0
WIK,60,20241119,140000,6.9,7.05,6.9,7.05,30,0
WIK,60,20241119,150000,6.9,6.9,6.7,6.7,1522,0
WIK,60,20241119,160000,7,7,7,7,1,0
WIK,60,20241120,100000,6.9,7.1,6.9,7.1,2000,0
WIK,60,20241120,130000,6.75,6.75,6.75,6.75,250,0
WIK,60,20241120,150000,6.8,6.8,6.8,6.8,70,0
WIK,60,20241120,160000,6.8,6.8,6.8,6.8,150,0
WIK,60,20241120,170000,7.05,7.05,7.05,7.05,1,0
WIK,60,20241121,100000,7.05,7.05,7.05,7.05,1079,0
WIK,60,20241121,110000,7.15,7.15,7.15,7.15,1,0
WIK,60,20241121,140000,7.05,7.05,7.05,7.05,203,0
WIK,60,20241121,150000,7,7,7,7,4,0
WIK,60,20241121,160000,7,7,7,7,685,0
WIK,60,20241122,100000,7.15,7.15,7.15,7.15,1,0
WIK,60,20241122,110000,7.1,7.1,7.1,7.1,163,0
WIK,60,20241122,120000,7.1,7.1,7.1,7.1,234,0
WIK,60,20241122,130000,7.1,7.1,7.1,7.1,1000,0
WIK,60,20241122,140000,7,7,7,7,100,0
WIK,60,20241122,170000,7.15,7.15,7.15,7.15,1,0
WIK,60,20241125,100000,7,7.05,6.8,7.05,1221,0
WIK,60,20241126,170000,7.05,7.05,6.85,7,1781,0
WIK,60,20241127,120000,6.85,6.85,6.85,6.85,394,0
WIK,60,20241127,130000,6.85,6.85,6.85,6.85,7,0
WIK,60,20241127,140000,6.85,6.85,6.8,6.8,672,0
WIK,60,20241128,110000,7,7,7,7,1,0
WIK,60,20241128,120000,6.9,6.9,6.9,6.9,12,0
WIK,60,20241128,140000,6.9,6.9,6.9,6.9,288,0
WIK,60,20241128,170000,6.8,6.9,6.8,6.9,3928,0
WIK,60,20241202,100000,7.15,7.4,7.15,7.4,2079,0
WIK,60,20241202,110000,7.4,7.4,7.3,7.3,876,0
WIK,60,20241202,120000,7.3,7.3,7.3,7.3,300,0
WIK,60,20241202,130000,7.3,7.3,7.3,7.3,420,0
WIK,60,20241202,140000,7.1,7.1,7.1,7.1,1000,0
WIK,60,20241202,150000,7.1,7.1,7,7,2227,0
WIK,60,20241202,160000,7,7,7,7,425,0
WIK,60,20241203,100000,7,7,7,7,18468,0
WIK,60,20241203,110000,7.1,7.1,6.75,7.1,152,0
WIK,60,20241203,140000,6.75,7.1,6.7,7.1,351,0
WIK,60,20241204,100000,7.2,7.2,7.2,7.2,201,0
WIK,60,20241204,150000,7.05,7.05,6.9,6.9,380,0
WIK,60,20241204,160000,6.9,7.1,6.9,7.1,201,0
WIK,60,20241204,170000,6.9,7.1,6.9,7.1,1004,0
WIK,60,20241205,100000,6.95,6.95,6.95,6.95,352,0
WIK,60,20241205,120000,6.9,6.95,6.65,6.95,251,0
WIK,60,20241205,130000,6.7,6.7,6.7,6.7,30,0
WIK,60,20241205,160000,6.9,6.9,6.7,6.85,1342,0
WIK,60,20241205,170000,6.95,7.05,6.95,7.05,741,0
WIK,60,20241206,100000,7.05,7.05,7,7,141,0
WIK,60,20241206,110000,6.85,6.85,6.85,6.85,105,0
WIK,60,20241206,120000,6.85,6.85,6.8,6.8,1264,0
WIK,60,20241206,130000,6.7,6.9,6.7,6.9,1001,0
WIK,60,20241206,150000,6.7,6.7,6.6,6.6,4290,0
WIK,60,20241206,160000,6.6,6.6,6.6,6.6,40,0
WIK,60,20241206,170000,6.7,6.7,6.7,6.7,1,0
WIK,60,20241209,100000,6.7,6.7,6.7,6.7,750,0
WIK,60,20241209,120000,6.7,6.7,6.7,6.7,600,0
WIK,60,20241209,140000,6.45,6.6,6.45,6.6,147,0
WIK,60,20241210,100000,6.45,6.7,6.4,6.4,3446,0
WIK,60,20241210,110000,6.4,6.4,6.4,6.4,550,0
WIK,60,20241210,130000,6.4,6.4,6.4,6.4,500,0
WIK,60,20241210,150000,6.4,6.4,6.4,6.4,1000,0
WIK,60,20241210,160000,6.8,6.8,6.6,6.8,402,0
WIK,60,20241211,120000,6.5,6.8,6.5,6.8,1341,0
WIK,60,20241211,130000,6.4,6.4,6.4,6.4,29,0
WIK,60,20241211,140000,6.6,6.6,6.4,6.4,181,0
WIK,60,20241211,150000,6.6,6.6,6.6,6.6,1,0
WIK,60,20241211,160000,6.4,6.4,6.4,6.4,126,0
WIK,60,20241212,140000,6.35,6.35,6.3,6.3,1300,0
WIK,60,20241212,170000,6.3,6.3,6.3,6.3,70,0
WIK,60,20241213,100000,6.05,6.05,6.05,6.05,200,0
WIK,60,20241216,110000,6.3,6.3,6.25,6.25,287,0
WIK,60,20241216,120000,6.3,6.3,6.3,6.3,45,0
WIK,60,20241216,140000,6.1,6.1,5.9,6,5159,0
WIK,60,20241216,150000,6,6,5.75,6,1523,0
WIK,60,20241216,160000,5.9,5.9,5.9,5.9,1084,0
WIK,60,20241216,170000,5.9,6,5.9,6,2567,0
WIK,60,20241217,100000,6.15,6.15,6,6.1,251,0
WIK,60,20241217,110000,5.9,5.9,5.8,5.8,5407,0
WIK,60,20241217,120000,5.8,5.8,5.55,5.8,663,0
WIK,60,20241217,130000,5.75,5.75,5.75,5.75,200,0
WIK,60,20241217,140000,5.75,5.8,5.75,5.8,200,0
WIK,60,20241217,170000,5.8,5.8,5.8,5.8,150,0
WIK,60,20241218,100000,5.65,5.8,5.55,5.55,1490,0
WIK,60,20241218,110000,5.55,5.55,5.3,5.55,2767,0
WIK,60,20241218,120000,5.4,5.55,5.4,5.55,84,0
WIK,60,20241218,130000,5.55,5.6,5.45,5.6,4899,0
WIK,60,20241218,160000,5.6,5.6,5.35,5.35,2720,0
WIK,60,20241218,170000,5.4,5.4,5.4,5.4,800,0
WIK,60,20241219,100000,5.4,5.7,5.3,5.3,4281,0
WIK,60,20241219,120000,5.35,5.35,5.3,5.3,1000,0
WIK,60,20241219,130000,5.3,5.45,5.3,5.45,194,0
WIK,60,20241219,150000,5.3,5.3,5.3,5.3,4000,0
WIK,60,20241219,170000,5.25,5.25,5.25,5.25,1652,0
WIK,60,20241220,100000,5.25,5.25,5.25,5.25,154,0
WIK,60,20241220,120000,5.25,5.25,5.25,5.25,400,0
WIK,60,20241220,130000,5.25,5.3,5.25,5.3,1643,0
WIK,60,20241220,160000,5.3,5.35,5.3,5.35,2376,0
WIK,60,20241220,170000,5.35,5.4,5.3,5.4,2315,0
WIK,60,20241223,100000,5.4,5.4,5.4,5.4,90,0
WIK,60,20241223,110000,5.2,5.35,5.2,5.35,2989,0
WIK,60,20241223,120000,5.4,5.4,5.25,5.25,3898,0
WIK,60,20241223,140000,5.4,5.4,5.25,5.25,8212,0
WIK,60,20241223,160000,5.25,5.35,5.25,5.35,3080,0
WIK,60,20241223,170000,5.25,5.25,5.25,5.25,5700,0
WIK,60,20241227,100000,5.25,5.35,5.25,5.35,2076,0
WIK,60,20241227,120000,5.35,5.35,5.35,5.35,499,0
WIK,60,20241227,160000,5.4,5.4,5.4,5.4,1,0
WIK,60,20241227,170000,5.4,5.4,5.25,5.25,903,0
WIK,60,20241230,100000,5.4,5.4,5.4,5.4,430,0
WIK,60,20241230,110000,5.3,5.4,5.25,5.25,5844,0
WIK,60,20241230,120000,5.45,5.45,5.45,5.45,1,0
WIK,60,20241230,140000,5.45,5.45,5.45,5.45,50,0
WIK,60,20241230,150000,5.45,5.45,5.45,5.45,10,0
WIK,60,20250102,100000,5.45,5.45,5.45,5.45,378,0
WIK,60,20250102,110000,5.5,5.9,5.5,5.9,4521,0
WIK,60,20250102,120000,5.9,5.9,5.7,5.7,2011,0
WIK,60,20250102,130000,5.8,5.8,5.8,5.8,1,0
WIK,60,20250102,140000,5.8,5.8,5.8,5.8,439,0
WIK,60,20250102,150000,5.7,5.85,5.6,5.85,309,0
WIK,60,20250103,100000,6.4,6.4,6.3,6.3,3000,0
WIK,60,20250103,140000,6.15,6.2,6.15,6.2,1001,0
WIK,60,20250103,160000,6.2,6.2,6.2,6.2,120,0
WIK,60,20250107,110000,6.15,6.15,6.15,6.15,200,0
WIK,60,20250107,130000,6.2,6.2,6.2,6.2,507,0
WIK,60,20250107,140000,6.2,6.2,6.2,6.2,476,0
WIK,60,20250108,110000,6.2,6.2,6.2,6.2,55,0
WIK,60,20250108,130000,6.25,6.25,6.25,6.25,335,0
WIK,60,20250108,140000,6.3,6.3,6.3,6.3,1,0
WIK,60,20250108,170000,6.1,6.15,6.1,6.15,429,0
WIK,60,20250109,100000,6.25,6.25,6.25,6.25,30,0
WIK,60,20250109,110000,6.25,6.25,6.25,6.25,15,0
WIK,60,20250109,150000,6.1,6.25,6.05,6.25,476,0
WIK,60,20250110,130000,6.1,6.25,6.1,6.25,31,0
WIK,60,20250110,150000,6.25,6.25,6.25,6.25,94,0
WIK,60,20250110,160000,6.1,6.25,6.1,6.25,181,0
WIK,60,20250113,120000,6.25,6.25,6.25,6.25,282,0
WIK,60,20250114,110000,6.3,6.3,6.3,6.3,1,0
WIK,60,20250114,160000,6.3,6.3,6.3,6.3,220,0
WIK,60,20250115,130000,6.2,6.2,6.2,6.2,100,0
WIK,60,20250115,140000,6.2,6.2,6.2,6.2,10,0
WIK,60,20250115,150000,6.2,6.2,6.05,6.05,2000,0
WIK,60,20250115,170000,6.1,6.1,6.1,6.1,1,0
WIK,60,20250116,110000,6.1,6.2,6.1,6.2,2244,0
WIK,60,20250116,120000,6.1,6.1,6.1,6.1,1000,0
WIK,60,20250116,130000,6.1,6.1,6.1,6.1,1025,0
WIK,60,20250116,140000,6.15,6.15,6.1,6.1,7769,0
WIK,60,20250116,150000,6.1,6.1,6.1,6.1,2000,0
WIK,60,20250116,170000,6.15,6.15,6.15,6.15,10,0
WIK,60,20250117,100000,6.15,6.15,6.15,6.15,95,0
WIK,60,20250117,150000,6.2,6.2,6.2,6.2,10,0
WIK,60,20250120,100000,6.2,6.2,6.2,6.2,460,0
WIK,60,20250120,110000,6.2,6.2,6.2,6.2,1418,0
WIK,60,20250120,120000,6.15,6.15,6.15,6.15,1000,0
WIK,60,20250120,130000,6.15,6.15,6.1,6.1,325,0
WIK,60,20250120,140000,6.2,6.2,6.2,6.2,10,0
WIK,60,20250121,100000,6.2,6.2,6.2,6.2,160,0
WIK,60,20250121,120000,6.1,6.2,6.1,6.2,927,0
WIK,60,20250121,170000,6.15,6.2,6.1,6.2,2946,0
WIK,60,20250122,100000,6.2,6.2,6.2,6.2,800,0
WIK,60,20250122,110000,6.2,6.2,6.2,6.2,1046,0
WIK,60,20250122,130000,6.1,6.25,6.1,6.25,501,0
WIK,60,20250122,160000,6.25,6.25,6.25,6.25,256,0
WIK,60,20250123,110000,6.25,6.25,6.25,6.25,121,0
WIK,60,20250123,150000,6.2,6.2,6.2,6.2,472,0
WIK,60,20250124,100000,6.1,6.1,6.1,6.1,8,0
WIK,60,20250124,110000,6.2,6.2,6.2,6.2,10,0
WIK,60,20250124,130000,6.2,6.2,6.2,6.2,400,0
WIK,60,20250124,160000,6.2,6.2,6.2,6.2,18,0
WIK,60,20250124,170000,6.25,6.25,6.25,6.25,1,0
WIK,60,20250127,120000,6.15,6.35,6.15,6.35,819,0
WIK,60,20250127,130000,6.35,6.35,6.35,6.35,159,0
WIK,60,20250128,100000,6.35,6.35,6.35,6.35,352,0
WIK,60,20250128,110000,6.25,6.35,6.1,6.1,866,0
WIK,60,20250128,120000,6.35,6.4,6.35,6.4,2,0
WIK,60,20250128,140000,6.15,6.15,6.15,6.15,500,0
WIK,60,20250128,150000,6.35,6.35,6.35,6.35,10,0
WIK,60,20250128,160000,6.2,6.2,6.2,6.2,140,0
WIK,60,20250128,170000,6.3,6.3,6.3,6.3,1,0
WIK,60,20250129,120000,6.3,6.3,6.3,6.3,24,0
WIK,60,20250130,100000,6.3,6.3,6.3,6.3,48,0
WIK,60,20250130,160000,6.2,6.2,6.2,6.2,141,0
WIK,60,20250130,170000,6.3,6.3,6.3,6.3,1,0
WIK,60,20250131,110000,6.35,6.35,6.2,6.35,511,0
WIK,60,20250131,160000,6.2,6.2,6.2,6.2,275,0
WIK,60,20250131,170000,6.15,6.2,6.1,6.2,2010,0
WIK,60,20250203,140000,6.15,6.25,6.1,6.25,1125,0
WIK,60,20250203,170000,6.1,6.25,6.1,6.1,1668,0
WIK,60,20250206,100000,6.15,6.25,6.1,6.25,794,0
WIK,60,20250206,150000,6.25,6.25,6.25,6.25,100,0
WIK,60,20250206,170000,6.25,6.75,6.25,6.75,4459,0
WIK,60,20250207,100000,6.6,6.9,6.6,6.9,1788,0
WIK,60,20250207,110000,6.9,6.9,6.9,6.9,200,0
WIK,60,20250207,120000,6.85,6.85,6.85,6.85,200,0
WIK,60,20250207,130000,6.85,6.85,6.85,6.85,300,0
WIK,60,20250207,150000,6.85,6.85,6.85,6.85,244,0
WIK,60,20250207,160000,6.85,6.9,6.85,6.9,449,0
WIK,60,20250207,170000,6.95,6.95,6.9,6.9,101,0
WIK,60,20250210,100000,6.9,6.9,6.9,6.9,196,0
WIK,60,20250210,140000,6.8,6.8,6.8,6.8,6,0
WIK,60,20250210,150000,6.9,6.9,6.9,6.9,1,0
WIK,60,20250210,170000,6.8,6.9,6.8,6.9,795,0
WIK,60,20250211,110000,6.9,6.9,6.9,6.9,151,0
WIK,60,20250211,130000,6.8,6.9,6.8,6.9,229,0
WIK,60,20250211,140000,6.75,6.75,6.75,6.75,100,0
WIK,60,20250211,150000,6.95,6.95,6.95,6.95,1,0
WIK,60,20250211,170000,6.95,6.95,6.95,6.95,70,0
WIK,60,20250212,120000,6.9,6.9,6.9,6.9,150,0
WIK,60,20250212,140000,6.9,6.9,6.9,6.9,200,0
WIK,60,20250214,100000,6.9,6.9,6.8,6.8,755,0
WIK,60,20250214,140000,6.85,6.85,6.8,6.8,400,0
WIK,60,20250214,150000,6.8,6.85,6.8,6.85,74,0
WIK,60,20250217,100000,6.85,6.85,6.85,6.85,358,0
WIK,60,20250217,140000,6.65,6.85,6.65,6.85,401,0
WIK,60,20250217,150000,6.6,6.75,6.5,6.75,1204,0
WIK,60,20250218,160000,6.7,6.7,6.7,6.7,300,0
WIK,60,20250218,170000,6.75,6.8,6.75,6.8,3000,0
WIK,60,20250219,110000,6.85,6.85,6.85,6.85,190,0
WIK,60,20250220,130000,6.85,6.85,6.85,6.85,1000,0
WIK,60,20250220,140000,6.85,6.85,6.85,6.85,810,0
WIK,60,20250221,130000,6.7,6.7,6.65,6.65,258,0
WIK,60,20250221,140000,6.8,6.8,6.8,6.8,1,0
WIK,60,20250224,100000,6.8,6.8,6.8,6.8,178,0
WIK,60,20250224,110000,6.8,6.85,6.8,6.85,1381,0
WIK,60,20250224,120000,6.85,6.85,6.85,6.85,750,0
WIK,60,20250224,130000,6.65,6.65,6.65,6.65,759,0
WIK,60,20250224,150000,6.65,6.65,6.5,6.55,1019,0
WIK,60,20250224,170000,6.75,6.75,6.75,6.75,1,0
WIK,60,20250225,120000,6.6,6.6,6.45,6.45,1861,0
WIK,60,20250225,140000,6.7,6.7,6.7,6.7,1,0
WIK,60,20250225,150000,6.5,6.5,6.5,6.5,400,0
WIK,60,20250225,170000,6.7,6.7,6.7,6.7,1,0
WIK,60,20250226,100000,6.7,6.7,6.5,6.65,976,0
WIK,60,20250226,110000,6.7,6.7,6.7,6.7,26,0
WIK,60,20250226,130000,6.7,6.7,6.7,6.7,4411,0
WIK,60,20250226,150000,6.7,6.7,6.7,6.7,264,0
WIK,60,20250226,170000,6.5,6.7,6.5,6.7,285,0
WIK,60,20250227,100000,6.5,6.5,6.45,6.45,300,0
WIK,60,20250227,110000,6.7,6.7,6.7,6.7,1,0
WIK,60,20250228,170000,6.5,6.7,6.5,6.7,226,0
WIK,60,20250303,100000,6.55,6.55,6.55,6.55,300,0
WIK,60,20250303,110000,6.7,6.7,6.7,6.7,1,0
WIK,60,20250303,130000,6.6,6.6,6.6,6.6,28,0
WIK,60,20250304,100000,6.65,6.65,6.65,6.65,522,0
WIK,60,20250306,150000,6.65,6.65,6.65,6.65,772,0
WIK,60,20250310,120000,6.6,6.6,6.6,6.6,22,0
WIK,60,20250310,130000,6.5,6.6,6.5,6.6,401,0
WIK,60,20250311,100000,6.5,6.5,6.5,6.5,277,0
WIK,60,20250311,110000,6.6,6.6,6.6,6.6,1,0
WIK,60,20250312,100000,6.6,6.6,6.6,6.6,550,0
WIK,60,20250312,110000,6.55,6.55,6.55,6.55,500,0
WIK,60,20250312,170000,6.5,6.5,6.5,6.5,298,0
WIK,60,20250314,100000,6.7,6.75,6.7,6.75,447,0
WIK,60,20250314,140000,6.75,6.75,6.75,6.75,385,0
WIK,60,20250314,150000,6.6,6.8,6.6,6.8,19,0
WIK,60,20250314,160000,6.8,6.8,6.8,6.8,500,0
WIK,60,20250314,170000,6.6,6.85,6.6,6.85,750,0
WIK,60,20250318,100000,6.85,6.9,6.85,6.9,1549,0
WIK,60,20250318,110000,6.9,6.9,6.9,6.9,72,0
WIK,60,20250318,120000,6.9,6.9,6.9,6.9,643,0
WIK,60,20250318,130000,6.9,6.9,6.9,6.9,324,0
WIK,60,20250319,100000,6.9,6.9,6.75,6.9,497,0
WIK,60,20250319,110000,6.75,6.9,6.7,6.9,93,0
WIK,60,20250319,140000,6.9,6.9,6.9,6.9,68,0
WIK,60,20250324,100000,6.85,6.9,6.75,6.75,1319,0
WIK,60,20250324,150000,6.9,6.9,6.9,6.9,268,0
WIK,60,20250331,100000,6.9,6.9,6.85,6.85,237,0
WIK,60,20250331,140000,6.85,6.85,6.85,6.85,450,0
WIK,60,20250401,130000,6.75,6.8,6.75,6.8,350,0
WIK,60,20250401,150000,6.75,6.75,6.75,6.75,299,0
WIK,60,20250401,170000,6.75,6.75,6.75,6.75,113,0
WIK,60,20250402,120000,6.65,6.65,6.6,6.6,1048,0
WIK,60,20250402,130000,6.75,6.75,6.75,6.75,1,0
WIK,60,20250403,100000,6.6,6.6,6.6,6.6,700,0
WIK,60,20250403,140000,6.7,6.7,6.7,6.7,105,0
WIK,60,20250403,170000,6.75,6.75,6.75,6.75,37,0
WIK,60,20250404,100000,6.6,6.6,6.6,6.6,882,0
WIK,60,20250404,120000,6.6,6.6,6.6,6.6,45,0
WIK,60,20250407,100000,6.55,6.55,6.55,6.55,1300,0
WIK,60,20250407,110000,6.55,6.55,6.55,6.55,10,0
WIK,60,20250408,100000,6.3,6.55,6.3,6.55,1001,0
WIK,60,20250408,120000,6.3,6.3,6.3,6.3,50,0
WIK,60,20250408,130000,6.3,6.3,6.3,6.3,236,0
WIK,60,20250408,170000,6.3,6.3,6.3,6.3,126,0
WIK,60,20250409,110000,6.3,6.3,5.8,6,8226,0
WIK,60,20250409,120000,6,6.05,6,6.05,1375,0
WIK,60,20250409,140000,6.05,6.05,6.05,6.05,40,0
WIK,60,20250409,150000,6.05,6.05,6.05,6.05,60,0
WIK,60,20250410,100000,6.05,6.25,6.05,6.25,3346,0
WIK,60,20250410,120000,6.15,6.15,6.15,6.15,53,0
WIK,60,20250411,100000,6.25,6.25,6.25,6.25,1,0
WIK,60,20250411,130000,6.15,6.15,6.15,6.15,58,0
WIK,60,20250414,100000,6.3,6.3,6.3,6.3,1,0
WIK,60,20250414,150000,6.1,6.3,6.05,6.3,1001,0
WIK,60,20250415,120000,6.3,6.3,6.3,6.3,160,0
WIK,60,20250416,100000,6.3,6.35,6.3,6.3,1985,0
WIK,60,20250416,110000,6.3,6.3,6.3,6.3,100,0
WIK,60,20250416,120000,6.3,6.3,6.25,6.25,1054,0
WIK,60,20250417,100000,6.25,6.35,6.25,6.35,824,0
WIK,60,20250417,120000,6.35,6.4,6.35,6.4,4500,0
WIK,60,20250417,130000,6.3,6.3,6.3,6.3,1000,0
WIK,60,20250417,140000,6.3,6.3,6.3,6.3,500,0
WIK,60,20250417,170000,6.3,6.3,6.3,6.3,1100,0
WIK,60,20250422,100000,6.3,6.4,6.3,6.3,1397,0
WIK,60,20250422,110000,6.5,6.5,6.5,6.5,1501,0
WIK,60,20250422,150000,6.5,6.5,6.5,6.5,200,0
WIK,60,20250422,170000,6.5,6.5,6.5,6.5,5125,0
WIK,60,20250423,100000,6.4,6.4,6.4,6.4,1200,0
WIK,60,20250423,120000,6.3,6.45,6.3,6.45,1290,0
WIK,60,20250424,100000,6.3,6.3,6.3,6.3,114,0
WIK,60,20250424,110000,6.45,6.45,6.45,6.45,1,0
WIK,60,20250424,130000,6.4,6.4,6.4,6.4,224,0
WIK,60,20250424,140000,6.45,6.45,6.45,6.45,135,0
WIK,60,20250424,160000,6.35,6.35,6.35,6.35,465,0
WIK,60,20250425,170000,6.35,6.35,6.35,6.35,35,0
WIK,60,20250428,100000,6.5,6.5,6.5,6.5,1001,0
WIK,60,20250428,110000,6.5,6.6,6.5,6.6,1181,0
WIK,60,20250428,130000,6.6,6.6,6.6,6.6,19,0
WIK,60,20250428,140000,6.4,6.4,6.4,6.4,1200,0
WIK,60,20250428,170000,6.6,6.6,6.6,6.6,1,0
WIK,60,20250429,100000,6.6,6.6,6.6,6.6,55,0
WIK,60,20250429,110000,6.5,6.5,6.5,6.5,344,0
WIK,60,20250429,160000,6.5,6.5,6.5,6.5,60,0
WIK,60,20250430,100000,6.4,6.6,6.4,6.6,164,0
WIK,60,20250430,130000,6.4,6.4,6.4,6.4,420,0
WIK,60,20250430,140000,6.6,6.6,6.6,6.6,1,0
WIK,60,20250430,170000,6.6,6.6,6.6,6.6,9,0
WIK,60,20250502,100000,6.6,6.65,6.6,6.65,554,0
WIK,60,20250502,140000,6.65,6.65,6.65,6.65,300,0
WIK,60,20250502,160000,6.45,6.45,6.45,6.45,149,0
WIK,60,20250502,170000,6.65,6.65,6.65,6.65,1,0
WIK,60,20250505,100000,6.75,6.75,6.75,6.75,950,0
WIK,60,20250505,120000,6.75,6.75,6.75,6.75,450,0
WIK,60,20250505,130000,6.75,6.75,6.5,6.5,661,0
WIK,60,20250505,140000,6.7,6.7,6.5,6.5,451,0
WIK,60,20250506,100000,6.45,6.45,6.45,6.45,1243,0
WIK,60,20250506,120000,6.4,6.5,6.4,6.5,72,0
WIK,60,20250506,130000,6.6,6.6,6.6,6.6,425,0
WIK,60,20250506,170000,6.5,6.5,6.5,6.5,1082,0
