<TICKER>,<PER>,<DATE>,<TIME>,<OPEN>,<HIGH>,<LOW>,<CLOSE>,<VOL>,<OPENINT>
XPL,60,20240411,100000,1.76,1.76,1.76,1.76,35,0
XPL,60,20240411,120000,1.76,1.76,1.76,1.76,600,0
XPL,60,20240411,140000,1.76,1.775,1.76,1.775,400,0
XPL,60,20240411,170000,1.775,1.79,1.775,1.79,160,0
XPL,60,20240412,100000,1.81,1.84,1.81,1.84,1000,0
XPL,60,20240412,120000,1.79,1.79,1.79,1.79,5,0
XPL,60,20240412,140000,1.84,1.84,1.84,1.84,286,0
XPL,60,20240412,150000,1.845,1.86,1.845,1.86,514,0
XPL,60,20240412,160000,1.86,1.88,1.86,1.86,1100,0
XPL,60,20240412,170000,1.805,1.805,1.79,1.79,3187,0
XPL,60,20240415,100000,1.79,1.79,1.79,1.79,30,0
XPL,60,20240415,130000,1.79,1.79,1.74,1.74,5669,0
XPL,60,20240415,170000,1.72,1.72,1.72,1.72,68,0
XPL,60,20240416,100000,1.72,1.72,1.72,1.72,25,0
XPL,60,20240416,120000,1.72,1.72,1.72,1.72,900,0
XPL,60,20240417,100000,1.75,1.75,1.75,1.75,407,0
XPL,60,20240417,110000,1.705,1.72,1.7,1.72,740,0
XPL,60,20240417,140000,1.72,1.72,1.72,1.72,60,0
XPL,60,20240417,150000,1.72,1.72,1.72,1.72,42,0
XPL,60,20240417,160000,1.69,1.69,1.68,1.68,280,0
XPL,60,20240418,100000,1.68,1.68,1.68,1.68,126,0
XPL,60,20240418,150000,1.655,1.655,1.63,1.65,764,0
XPL,60,20240418,170000,1.62,1.65,1.62,1.65,168,0
XPL,60,20240419,100000,1.65,1.65,1.65,1.65,160,0
XPL,60,20240419,110000,1.65,1.65,1.65,1.65,130,0
XPL,60,20240419,130000,1.65,1.65,1.65,1.65,100,0
XPL,60,20240419,140000,1.62,1.62,1.6,1.6,910,0
XPL,60,20240422,100000,1.66,1.66,1.66,1.66,500,0
XPL,60,20240422,120000,1.67,1.68,1.67,1.68,267,0
XPL,60,20240422,160000,1.68,1.695,1.68,1.695,300,0
XPL,60,20240422,170000,1.695,1.695,1.695,1.695,12,0
XPL,60,20240423,100000,1.73,1.73,1.73,1.73,500,0
XPL,60,20240423,130000,1.73,1.75,1.73,1.75,695,0
XPL,60,20240424,100000,1.67,1.67,1.655,1.655,5522,0
XPL,60,20240424,110000,1.66,1.66,1.65,1.65,231,0
XPL,60,20240424,120000,1.65,1.65,1.65,1.65,253,0
XPL,60,20240424,130000,1.64,1.64,1.6,1.6,1198,0
XPL,60,20240424,160000,1.6,1.6,1.6,1.6,730,0
XPL,60,20240424,170000,1.6,1.6,1.6,1.6,100,0
XPL,60,20240425,100000,1.65,1.65,1.65,1.65,850,0
XPL,60,20240425,140000,1.585,1.585,1.585,1.585,119,0
XPL,60,20240425,150000,1.585,1.6,1.585,1.6,895,0
XPL,60,20240425,170000,1.58,1.58,1.56,1.56,72,0
XPL,60,20240426,100000,1.65,1.65,1.64,1.64,3292,0
XPL,60,20240426,110000,1.575,1.575,1.53,1.53,1045,0
XPL,60,20240426,120000,1.525,1.55,1.525,1.525,594,0
XPL,60,20240426,130000,1.525,1.525,1.52,1.52,201,0
XPL,60,20240426,150000,1.525,1.525,1.525,1.525,7,0
XPL,60,20240426,170000,1.52,1.525,1.52,1.525,26,0
XPL,60,20240429,100000,1.525,1.525,1.525,1.525,336,0
XPL,60,20240429,150000,1.525,1.525,1.525,1.525,147,0
XPL,60,20240430,100000,1.51,1.525,1.5,1.5,18216,0
XPL,60,20240430,120000,1.5,1.5,1.47,1.47,948,0
XPL,60,20240430,130000,1.48,1.48,1.48,1.48,325,0
XPL,60,20240430,140000,1.48,1.48,1.48,1.48,641,0
XPL,60,20240430,150000,1.48,1.48,1.48,1.48,1159,0
XPL,60,20240430,160000,1.5,1.5,1.5,1.5,300,0
XPL,60,20240430,170000,1.5,1.5,1.5,1.5,40,0
XPL,60,20240502,100000,1.5,1.5,1.5,1.5,1,0
XPL,60,20240502,110000,1.49,1.49,1.475,1.475,2024,0
XPL,60,20240502,130000,1.475,1.475,1.475,1.475,300,0
XPL,60,20240502,140000,1.475,1.5,1.475,1.5,722,0
XPL,60,20240506,100000,1.5,1.53,1.48,1.48,1413,0
XPL,60,20240506,110000,1.51,1.51,1.51,1.51,718,0
XPL,60,20240506,170000,1.48,1.48,1.48,1.48,81,0
XPL,60,20240507,100000,1.48,1.48,1.48,1.48,1040,0
XPL,60,20240507,110000,1.475,1.475,1.47,1.47,1600,0
XPL,60,20240507,130000,1.5,1.52,1.5,1.52,362,0
XPL,60,20240507,140000,1.52,1.52,1.46,1.46,5561,0
XPL,60,20240507,150000,1.46,1.48,1.445,1.48,3443,0
XPL,60,20240507,170000,1.445,1.445,1.44,1.44,81,0
XPL,60,20240508,100000,1.48,1.48,1.48,1.48,135,0
XPL,60,20240508,110000,1.47,1.47,1.47,1.47,100,0
XPL,60,20240508,120000,1.47,1.47,1.47,1.47,44,0
XPL,60,20240508,130000,1.47,1.47,1.47,1.47,45,0
XPL,60,20240508,140000,1.465,1.465,1.455,1.455,54,0
XPL,60,20240508,150000,1.455,1.455,1.455,1.455,1960,0
XPL,60,20240509,100000,1.455,1.455,1.43,1.43,5400,0
XPL,60,20240509,110000,1.435,1.46,1.425,1.46,9030,0
XPL,60,20240509,130000,1.445,1.445,1.445,1.445,24,0
XPL,60,20240509,150000,1.445,1.445,1.445,1.445,100,0
XPL,60,20240510,110000,1.445,1.465,1.445,1.46,3002,0
XPL,60,20240510,130000,1.465,1.465,1.465,1.465,76,0
XPL,60,20240510,140000,1.46,1.46,1.46,1.46,2,0
XPL,60,20240510,150000,1.465,1.465,1.42,1.42,3127,0
XPL,60,20240513,100000,1.42,1.42,1.42,1.42,90,0
XPL,60,20240513,110000,1.43,1.43,1.43,1.43,310,0
XPL,60,20240514,100000,1.45,1.45,1.415,1.415,7792,0
XPL,60,20240514,110000,1.4,1.4,1.395,1.395,4000,0
XPL,60,20240514,120000,1.41,1.445,1.395,1.395,3906,0
XPL,60,20240514,130000,1.42,1.42,1.365,1.365,3510,0
XPL,60,20240514,150000,1.375,1.4,1.365,1.4,1374,0
XPL,60,20240514,160000,1.4,1.4,1.4,1.4,175,0
XPL,60,20240515,100000,1.4,1.4,1.39,1.4,1242,0
XPL,60,20240515,130000,1.4,1.41,1.4,1.41,500,0
XPL,60,20240515,170000,1.41,1.42,1.41,1.42,686,0
XPL,60,20240516,100000,1.435,1.445,1.38,1.44,13746,0
XPL,60,20240516,110000,1.445,1.445,1.445,1.445,300,0
XPL,60,20240516,120000,1.445,1.45,1.445,1.45,6830,0
XPL,60,20240516,130000,1.445,1.5,1.445,1.5,4891,0
XPL,60,20240516,140000,1.5,1.5,1.5,1.5,96,0
XPL,60,20240516,150000,1.5,1.52,1.44,1.52,1513,0
XPL,60,20240516,170000,1.455,1.455,1.455,1.455,99,0
XPL,60,20240517,100000,1.46,1.5,1.45,1.5,13735,0
XPL,60,20240517,110000,1.49,1.49,1.48,1.48,10200,0
XPL,60,20240517,120000,1.48,1.48,1.48,1.48,300,0
XPL,60,20240517,130000,1.45,1.515,1.405,1.515,16395,0
XPL,60,20240517,140000,1.51,1.51,1.51,1.51,500,0
XPL,60,20240517,150000,1.505,1.505,1.505,1.505,37,0
XPL,60,20240517,160000,1.5,1.5,1.5,1.5,2692,0
XPL,60,20240520,100000,1.455,1.48,1.455,1.48,3931,0
XPL,60,20240520,110000,1.5,1.5,1.5,1.5,5100,0
XPL,60,20240520,120000,1.475,1.475,1.47,1.47,1963,0
XPL,60,20240520,130000,1.495,1.5,1.47,1.47,55300,0
XPL,60,20240520,140000,1.5,1.5,1.5,1.5,969,0
XPL,60,20240520,170000,1.5,1.5,1.5,1.5,10000,0
XPL,60,20240521,100000,1.48,1.48,1.47,1.48,4031,0
XPL,60,20240521,120000,1.51,1.51,1.51,1.51,1000,0
XPL,60,20240521,130000,1.465,1.465,1.465,1.465,30,0
XPL,60,20240521,150000,1.505,1.51,1.505,1.51,70,0
XPL,60,20240522,100000,1.51,1.51,1.51,1.51,10,0
XPL,60,20240522,110000,1.51,1.51,1.51,1.51,200,0
XPL,60,20240522,150000,1.5,1.5,1.475,1.5,2743,0
XPL,60,20240523,100000,1.49,1.51,1.49,1.51,3530,0
XPL,60,20240523,110000,1.51,1.53,1.51,1.53,3802,0
XPL,60,20240523,120000,1.52,1.52,1.495,1.495,3000,0
XPL,60,20240523,130000,1.52,1.52,1.52,1.52,500,0
XPL,60,20240523,150000,1.525,1.525,1.52,1.52,17,0
XPL,60,20240523,160000,1.525,1.525,1.525,1.525,4,0
XPL,60,20240524,100000,1.525,1.525,1.47,1.47,187,0
XPL,60,20240524,110000,1.53,1.53,1.53,1.53,14,0
XPL,60,20240524,120000,1.53,1.54,1.53,1.54,669,0
XPL,60,20240524,130000,1.54,1.54,1.54,1.54,300,0
XPL,60,20240524,140000,1.54,1.54,1.54,1.54,130,0
XPL,60,20240527,100000,1.545,1.545,1.545,1.545,300,0
XPL,60,20240527,120000,1.48,1.48,1.48,1.48,1500,0
XPL,60,20240527,150000,1.52,1.52,1.48,1.48,376,0
XPL,60,20240528,100000,1.48,1.49,1.48,1.48,290,0
XPL,60,20240528,120000,1.48,1.48,1.48,1.48,93,0
XPL,60,20240528,140000,1.48,1.48,1.48,1.48,1000,0
XPL,60,20240529,100000,1.495,1.495,1.47,1.47,33,0
XPL,60,20240529,140000,1.47,1.47,1.47,1.47,1000,0
XPL,60,20240529,170000,1.47,1.47,1.465,1.465,225,0
XPL,60,20240531,100000,1.45,1.46,1.42,1.46,1456,0
XPL,60,20240531,140000,1.45,1.45,1.45,1.45,80,0
XPL,60,20240603,100000,1.42,1.42,1.41,1.41,5000,0
XPL,60,20240603,110000,1.44,1.45,1.44,1.45,700,0
XPL,60,20240603,150000,1.415,1.415,1.4,1.4,2500,0
XPL,60,20240603,160000,1.44,1.445,1.44,1.445,625,0
XPL,60,20240604,100000,1.44,1.44,1.38,1.38,3175,0
XPL,60,20240604,110000,1.4,1.4,1.4,1.4,847,0
XPL,60,20240604,120000,1.415,1.43,1.4,1.4,2441,0
XPL,60,20240604,170000,1.4,1.4,1.4,1.4,525,0
XPL,60,20240605,100000,1.43,1.43,1.43,1.43,119,0
XPL,60,20240605,130000,1.43,1.43,1.43,1.43,491,0
XPL,60,20240605,150000,1.405,1.405,1.405,1.405,100,0
XPL,60,20240606,100000,1.425,1.425,1.425,1.425,24,0
XPL,60,20240606,110000,1.425,1.425,1.425,1.425,76,0
XPL,60,20240606,130000,1.43,1.44,1.43,1.44,1516,0
XPL,60,20240606,150000,1.44,1.44,1.44,1.44,174,0
XPL,60,20240606,160000,1.43,1.46,1.43,1.46,4640,0
XPL,60,20240607,100000,1.47,1.47,1.47,1.47,50,0
XPL,60,20240607,120000,1.41,1.41,1.4,1.4,100,0
XPL,60,20240607,150000,1.4,1.4,1.4,1.4,2000,0
XPL,60,20240610,100000,1.45,1.45,1.45,1.45,100,0
XPL,60,20240610,140000,1.405,1.405,1.405,1.405,14,0
XPL,60,20240610,170000,1.455,1.48,1.455,1.48,5330,0
XPL,60,20240611,100000,1.48,1.48,1.43,1.43,1181,0
XPL,60,20240611,130000,1.45,1.45,1.45,1.45,9,0
XPL,60,20240611,160000,1.45,1.45,1.45,1.45,150,0
XPL,60,20240611,170000,1.45,1.45,1.45,1.45,850,0
XPL,60,20240612,100000,1.45,1.45,1.38,1.38,11025,0
XPL,60,20240612,110000,1.39,1.4,1.38,1.38,18000,0
XPL,60,20240612,120000,1.445,1.445,1.445,1.445,16,0
XPL,60,20240612,130000,1.385,1.39,1.38,1.38,3500,0
XPL,60,20240612,140000,1.43,1.44,1.4,1.4,658,0
XPL,60,20240612,150000,1.4,1.4,1.39,1.39,2000,0
XPL,60,20240612,170000,1.43,1.43,1.43,1.43,45,0
XPL,60,20240613,100000,1.39,1.41,1.375,1.41,124,0
XPL,60,20240613,120000,1.38,1.38,1.37,1.37,7500,0
XPL,60,20240613,130000,1.395,1.395,1.365,1.365,1032,0
XPL,60,20240613,140000,1.365,1.365,1.36,1.36,2000,0
XPL,60,20240613,150000,1.36,1.36,1.36,1.36,370,0
XPL,60,20240613,170000,1.36,1.36,1.36,1.36,24,0
XPL,60,20240614,100000,1.36,1.39,1.355,1.39,1073,0
XPL,60,20240614,110000,1.355,1.355,1.35,1.35,1000,0
XPL,60,20240614,130000,1.355,1.355,1.35,1.35,1000,0
XPL,60,20240614,170000,1.38,1.38,1.38,1.38,32,0
XPL,60,20240617,100000,1.39,1.39,1.34,1.39,42,0
XPL,60,20240617,110000,1.39,1.39,1.39,1.39,1610,0
XPL,60,20240617,160000,1.39,1.39,1.39,1.39,20,0
XPL,60,20240617,170000,1.39,1.39,1.39,1.39,17,0
XPL,60,20240619,100000,1.39,1.39,1.38,1.38,60,0
XPL,60,20240619,110000,1.36,1.36,1.35,1.35,41,0
XPL,60,20240619,130000,1.35,1.35,1.35,1.35,134,0
XPL,60,20240619,140000,1.35,1.35,1.35,1.35,1315,0
XPL,60,20240619,150000,1.35,1.35,1.35,1.35,678,0
XPL,60,20240619,160000,1.35,1.37,1.35,1.37,3100,0
XPL,60,20240620,110000,1.37,1.37,1.37,1.37,22,0
XPL,60,20240620,130000,1.37,1.37,1.37,1.37,11,0
XPL,60,20240620,160000,1.34,1.34,1.31,1.31,700,0
XPL,60,20240620,170000,1.32,1.32,1.32,1.32,172,0
XPL,60,20240621,100000,1.32,1.32,1.32,1.32,540,0
XPL,60,20240621,110000,1.32,1.32,1.32,1.32,2376,0
XPL,60,20240621,120000,1.36,1.36,1.36,1.36,20,0
XPL,60,20240624,100000,1.375,1.375,1.375,1.375,10,0
XPL,60,20240624,130000,1.375,1.375,1.375,1.375,10,0
XPL,60,20240624,140000,1.375,1.375,1.375,1.375,120,0
XPL,60,20240626,100000,1.345,1.345,1.345,1.345,72,0
XPL,60,20240626,130000,1.37,1.37,1.37,1.37,11,0
XPL,60,20240627,110000,1.36,1.37,1.36,1.37,670,0
XPL,60,20240627,120000,1.38,1.39,1.38,1.39,108,0
XPL,60,20240627,130000,1.39,1.4,1.39,1.4,540,0
XPL,60,20240627,140000,1.37,1.37,1.37,1.37,5000,0
XPL,60,20240627,170000,1.37,1.37,1.37,1.37,125,0
XPL,60,20240628,100000,1.405,1.405,1.405,1.405,80,0
XPL,60,20240628,110000,1.38,1.38,1.38,1.38,1034,0
XPL,60,20240628,130000,1.4,1.4,1.4,1.4,2342,0
XPL,60,20240628,140000,1.4,1.4,1.4,1.4,16,0
XPL,60,20240628,170000,1.4,1.4,1.345,1.345,2700,0
XPL,60,20240701,100000,1.38,1.38,1.38,1.38,752,0
XPL,60,20240701,130000,1.39,1.39,1.39,1.39,12,0
XPL,60,20240702,100000,1.4,1.44,1.39,1.44,3766,0
XPL,60,20240702,110000,1.4,1.4,1.4,1.4,2000,0
XPL,60,20240702,130000,1.44,1.44,1.44,1.44,25,0
XPL,60,20240702,160000,1.43,1.43,1.43,1.43,1000,0
XPL,60,20240702,170000,1.43,1.43,1.43,1.43,48,0
XPL,60,20240703,100000,1.43,1.43,1.43,1.43,4,0
XPL,60,20240703,110000,1.44,1.44,1.43,1.43,14,0
XPL,60,20240703,160000,1.43,1.43,1.4,1.4,524,0
XPL,60,20240703,170000,1.4,1.4,1.4,1.4,16,0
XPL,60,20240704,100000,1.39,1.39,1.39,1.39,2000,0
XPL,60,20240704,120000,1.4,1.4,1.4,1.4,100,0
XPL,60,20240704,130000,1.4,1.44,1.4,1.44,758,0
XPL,60,20240708,100000,1.43,1.43,1.4,1.4,20,0
XPL,60,20240708,110000,1.43,1.43,1.43,1.43,927,0
XPL,60,20240708,130000,1.43,1.43,1.43,1.43,350,0
XPL,60,20240709,110000,1.4,1.4,1.36,1.36,606,0
XPL,60,20240709,170000,1.42,1.42,1.42,1.42,30,0
XPL,60,20240710,100000,1.4,1.4,1.4,1.4,22,0
XPL,60,20240710,140000,1.4,1.4,1.4,1.4,2000,0
XPL,60,20240711,100000,1.39,1.39,1.39,1.39,27,0
XPL,60,20240711,130000,1.39,1.39,1.38,1.38,2500,0
XPL,60,20240711,150000,1.39,1.39,1.38,1.38,350,0
XPL,60,20240711,170000,1.38,1.38,1.38,1.38,1000,0
XPL,60,20240712,120000,1.4,1.4,1.4,1.4,30,0
XPL,60,20240715,100000,1.4,1.4,1.4,1.4,40,0
XPL,60,20240715,120000,1.385,1.385,1.385,1.385,100,0
XPL,60,20240715,160000,1.38,1.38,1.38,1.38,1,0
XPL,60,20240716,100000,1.41,1.44,1.41,1.44,3938,0
XPL,60,20240716,110000,1.44,1.44,1.375,1.375,3200,0
XPL,60,20240716,130000,1.385,1.415,1.38,1.415,143,0
XPL,60,20240716,170000,1.385,1.405,1.385,1.405,8,0
XPL,60,20240717,100000,1.405,1.405,1.405,1.405,133,0
XPL,60,20240717,110000,1.405,1.405,1.375,1.375,1414,0
XPL,60,20240717,120000,1.375,1.375,1.375,1.375,450,0
XPL,60,20240718,100000,1.38,1.385,1.38,1.385,2,0
XPL,60,20240718,110000,1.385,1.385,1.385,1.385,1,0
XPL,60,20240718,120000,1.4,1.4,1.4,1.4,4,0
XPL,60,20240718,150000,1.38,1.38,1.38,1.38,1,0
XPL,60,20240718,160000,1.38,1.38,1.375,1.375,720,0
XPL,60,20240718,170000,1.38,1.38,1.38,1.38,1,0
XPL,60,20240719,110000,1.385,1.385,1.385,1.385,1,0
XPL,60,20240719,140000,1.38,1.38,1.38,1.38,49,0
XPL,60,20240719,150000,1.38,1.4,1.38,1.4,1000,0
XPL,60,20240723,110000,1.38,1.4,1.38,1.39,4820,0
XPL,60,20240723,120000,1.39,1.39,1.39,1.39,27,0
XPL,60,20240723,130000,1.38,1.38,1.38,1.38,1,0
XPL,60,20240723,140000,1.4,1.425,1.4,1.42,3753,0
XPL,60,20240723,170000,1.42,1.42,1.42,1.42,1422,0
XPL,60,20240724,100000,1.42,1.42,1.42,1.42,10,0
XPL,60,20240725,110000,1.42,1.42,1.42,1.42,20,0
XPL,60,20240725,140000,1.4,1.4,1.4,1.4,1220,0
XPL,60,20240725,170000,1.37,1.37,1.37,1.37,1000,0
XPL,60,20240729,100000,1.4,1.4,1.375,1.4,582,0
XPL,60,20240729,120000,1.385,1.385,1.38,1.38,500,0
XPL,60,20240730,100000,1.4,1.44,1.4,1.44,2225,0
XPL,60,20240730,120000,1.385,1.385,1.385,1.385,1,0
XPL,60,20240731,110000,1.385,1.385,1.385,1.385,100,0
XPL,60,20240731,160000,1.385,1.385,1.38,1.38,1088,0
XPL,60,20240801,100000,1.395,1.395,1.395,1.395,10,0
XPL,60,20240801,120000,1.395,1.395,1.395,1.395,2181,0
XPL,60,20240801,160000,1.38,1.38,1.38,1.38,500,0
XPL,60,20240802,100000,1.385,1.41,1.38,1.41,995,0
XPL,60,20240802,110000,1.41,1.41,1.41,1.41,170,0
XPL,60,20240805,100000,1.385,1.385,1.36,1.36,5795,0
XPL,60,20240805,150000,1.345,1.345,1.25,1.25,3085,0
XPL,60,20240805,160000,1.26,1.375,1.26,1.36,268,0
XPL,60,20240805,170000,1.37,1.375,1.37,1.375,175,0
XPL,60,20240806,100000,1.33,1.36,1.3,1.36,458,0
XPL,60,20240806,170000,1.36,1.365,1.36,1.365,75,0
XPL,60,20240807,100000,1.365,1.365,1.365,1.365,9,0
XPL,60,20240807,120000,1.365,1.365,1.365,1.365,20,0
XPL,60,20240807,140000,1.365,1.365,1.365,1.365,46,0
XPL,60,20240807,150000,1.37,1.37,1.37,1.37,25,0
XPL,60,20240809,100000,1.37,1.37,1.37,1.37,56,0
XPL,60,20240809,130000,1.37,1.395,1.37,1.395,8519,0
XPL,60,20240809,140000,1.395,1.4,1.395,1.4,50,0
XPL,60,20240809,150000,1.4,1.4,1.4,1.4,190,0
XPL,60,20240812,100000,1.41,1.41,1.41,1.41,40,0
XPL,60,20240812,130000,1.41,1.41,1.41,1.41,17,0
XPL,60,20240812,160000,1.385,1.385,1.38,1.38,771,0
XPL,60,20240812,170000,1.38,1.38,1.38,1.38,370,0
XPL,60,20240813,100000,1.41,1.41,1.41,1.41,25,0
XPL,60,20240813,110000,1.41,1.41,1.41,1.41,32,0
XPL,60,20240813,130000,1.41,1.41,1.41,1.41,78,0
XPL,60,20240814,100000,1.415,1.42,1.415,1.42,278,0
XPL,60,20240814,120000,1.42,1.425,1.42,1.425,25,0
XPL,60,20240814,140000,1.425,1.43,1.425,1.43,25,0
XPL,60,20240816,100000,1.43,1.43,1.43,1.43,7,0
XPL,60,20240816,120000,1.43,1.43,1.43,1.43,500,0
XPL,60,20240816,130000,1.43,1.43,1.43,1.43,15,0
XPL,60,20240816,170000,1.43,1.43,1.43,1.43,200,0
XPL,60,20240819,100000,1.43,1.5,1.43,1.47,20765,0
XPL,60,20240819,110000,1.5,1.545,1.47,1.5,16063,0
XPL,60,20240819,120000,1.5,1.5,1.5,1.5,5456,0
XPL,60,20240819,150000,1.5,1.5,1.5,1.5,250,0
XPL,60,20240820,100000,1.5,1.5,1.5,1.5,250,0
XPL,60,20240820,110000,1.5,1.55,1.5,1.55,9618,0
XPL,60,20240820,120000,1.55,1.6,1.55,1.6,2220,0
XPL,60,20240820,130000,1.61,1.61,1.6,1.6,2676,0
XPL,60,20240820,140000,1.55,1.55,1.55,1.55,1000,0
XPL,60,20240820,150000,1.55,1.6,1.55,1.6,10329,0
XPL,60,20240820,170000,1.55,1.55,1.55,1.55,7,0
XPL,60,20240821,100000,1.55,1.6,1.55,1.6,400,0
XPL,60,20240821,110000,1.555,1.555,1.55,1.55,116,0
XPL,60,20240821,120000,1.56,1.56,1.55,1.55,2000,0
XPL,60,20240821,140000,1.57,1.595,1.57,1.595,25,0
XPL,60,20240821,170000,1.595,1.595,1.595,1.595,4624,0
XPL,60,20240822,110000,1.595,1.595,1.595,1.595,2491,0
XPL,60,20240822,120000,1.6,1.61,1.6,1.61,544,0
XPL,60,20240822,130000,1.595,1.595,1.595,1.595,4054,0
XPL,60,20240822,140000,1.6,1.6,1.6,1.6,8580,0
XPL,60,20240822,150000,1.6,1.6,1.6,1.6,75,0
XPL,60,20240822,170000,1.6,1.64,1.6,1.64,2918,0
XPL,60,20240823,100000,1.66,1.66,1.655,1.655,782,0
XPL,60,20240823,110000,1.605,1.605,1.605,1.605,100,0
XPL,60,20240823,120000,1.6,1.6,1.6,1.6,250,0
XPL,60,20240823,130000,1.52,1.52,1.52,1.52,7,0
XPL,60,20240823,140000,1.52,1.52,1.52,1.52,25,0
XPL,60,20240823,150000,1.605,1.615,1.605,1.615,2004,0
XPL,60,20240826,110000,1.55,1.55,1.475,1.5,8618,0
XPL,60,20240826,120000,1.5,1.5,1.48,1.49,1207,0
XPL,60,20240826,130000,1.49,1.55,1.49,1.55,3983,0
XPL,60,20240826,140000,1.51,1.55,1.51,1.55,1216,0
XPL,60,20240826,160000,1.51,1.51,1.51,1.51,35,0
XPL,60,20240826,170000,1.55,1.55,1.55,1.55,1,0
XPL,60,20240827,100000,1.55,1.55,1.55,1.55,1021,0
XPL,60,20240827,160000,1.57,1.57,1.57,1.57,25,0
XPL,60,20240827,170000,1.57,1.58,1.57,1.58,360,0
XPL,60,20240828,100000,1.635,1.635,1.52,1.58,1310,0
XPL,60,20240828,120000,1.58,1.58,1.58,1.58,100,0
XPL,60,20240828,150000,1.55,1.55,1.55,1.55,20,0
XPL,60,20240828,170000,1.54,1.54,1.54,1.54,526,0
XPL,60,20240829,110000,1.54,1.54,1.54,1.54,120,0
XPL,60,20240829,160000,1.53,1.53,1.53,1.53,50,0
XPL,60,20240830,100000,1.52,1.52,1.52,1.52,115,0
XPL,60,20240830,130000,1.55,1.55,1.55,1.55,1500,0
XPL,60,20240830,140000,1.55,1.55,1.55,1.55,30,0
XPL,60,20240830,160000,1.55,1.55,1.55,1.55,194,0
XPL,60,20240902,100000,1.55,1.55,1.55,1.55,30,0
XPL,60,20240902,120000,1.55,1.55,1.55,1.55,50,0
XPL,60,20240902,140000,1.55,1.55,1.55,1.55,317,0
XPL,60,20240902,150000,1.55,1.59,1.55,1.59,309,0
XPL,60,20240902,160000,1.53,1.53,1.53,1.53,100,0
XPL,60,20240903,100000,1.505,1.505,1.5,1.5,4682,0
XPL,60,20240903,120000,1.5,1.5,1.5,1.5,3653,0
XPL,60,20240903,130000,1.48,1.48,1.445,1.445,1001,0
XPL,60,20240903,140000,1.5,1.525,1.46,1.525,253,0
XPL,60,20240903,150000,1.46,1.54,1.46,1.54,3050,0
XPL,60,20240903,160000,1.47,1.47,1.45,1.45,798,0
XPL,60,20240904,100000,1.46,1.46,1.33,1.42,2100,0
XPL,60,20240904,110000,1.43,1.43,1.43,1.43,1000,0
XPL,60,20240904,120000,1.435,1.435,1.435,1.435,1,0
XPL,60,20240905,100000,1.435,1.435,1.435,1.435,7,0
XPL,60,20240905,110000,1.435,1.435,1.435,1.435,4,0
XPL,60,20240905,130000,1.46,1.47,1.46,1.47,134,0
XPL,60,20240905,140000,1.47,1.47,1.47,1.47,100,0
XPL,60,20240906,100000,1.48,1.48,1.48,1.48,97,0
XPL,60,20240906,120000,1.48,1.5,1.48,1.5,336,0
XPL,60,20240906,150000,1.5,1.5,1.5,1.5,32,0
XPL,60,20240909,100000,1.5,1.5,1.5,1.5,8,0
XPL,60,20240909,110000,1.5,1.53,1.5,1.51,3400,0
XPL,60,20240909,120000,1.51,1.51,1.51,1.51,2000,0
XPL,60,20240909,140000,1.5,1.5,1.5,1.5,200,0
XPL,60,20240909,160000,1.5,1.5,1.5,1.5,1000,0
XPL,60,20240909,170000,1.46,1.46,1.435,1.435,113,0
XPL,60,20240910,100000,1.435,1.5,1.435,1.5,873,0
XPL,60,20240910,120000,1.5,1.5,1.5,1.5,50,0
XPL,60,20240912,100000,1.5,1.5,1.5,1.5,273,0
XPL,60,20240912,120000,1.5,1.5,1.5,1.5,60,0
XPL,60,20240913,100000,1.47,1.53,1.47,1.53,840,0
XPL,60,20240913,130000,1.5,1.5,1.5,1.5,40,0
XPL,60,20240913,150000,1.52,1.53,1.52,1.53,693,0
XPL,60,20240917,100000,1.545,1.545,1.45,1.45,720,0
XPL,60,20240917,120000,1.52,1.54,1.52,1.54,300,0
XPL,60,20240918,100000,1.47,1.47,1.47,1.47,70,0
XPL,60,20240918,110000,1.47,1.47,1.43,1.43,2806,0
XPL,60,20240918,120000,1.515,1.515,1.515,1.515,200,0
XPL,60,20240918,130000,1.43,1.43,1.43,1.43,100,0
XPL,60,20240918,160000,1.43,1.43,1.43,1.43,1973,0
XPL,60,20240919,100000,1.435,1.435,1.435,1.435,33,0
XPL,60,20240919,140000,1.435,1.435,1.43,1.43,100,0
XPL,60,20240919,160000,1.47,1.47,1.47,1.47,14,0
XPL,60,20240920,110000,1.47,1.47,1.47,1.47,15,0
XPL,60,20240920,170000,1.43,1.43,1.41,1.41,240,0
XPL,60,20240923,160000,1.45,1.45,1.45,1.45,200,0
XPL,60,20240923,170000,1.45,1.45,1.45,1.45,600,0
XPL,60,20240924,120000,1.47,1.47,1.47,1.47,7,0
XPL,60,20240924,130000,1.41,1.41,1.41,1.41,10,0
XPL,60,20240925,100000,1.47,1.47,1.47,1.47,15,0
XPL,60,20240925,110000,1.41,1.41,1.41,1.41,25,0
XPL,60,20240925,150000,1.45,1.48,1.45,1.48,463,0
XPL,60,20240925,160000,1.5,1.51,1.44,1.44,600,0
XPL,60,20240926,100000,1.43,1.51,1.43,1.51,947,0
XPL,60,20240926,110000,1.515,1.555,1.515,1.555,3170,0
XPL,60,20240926,120000,1.555,1.555,1.535,1.555,1334,0
XPL,60,20240926,140000,1.535,1.57,1.5,1.57,3091,0
XPL,60,20240926,150000,1.6,1.66,1.6,1.655,4106,0
XPL,60,20240926,160000,1.65,1.65,1.65,1.65,24,0
XPL,60,20240926,170000,1.605,1.605,1.6,1.6,1664,0
XPL,60,20240927,100000,1.645,1.645,1.56,1.56,16,0
XPL,60,20240927,110000,1.56,1.635,1.56,1.635,560,0
XPL,60,20240927,120000,1.64,1.64,1.64,1.64,62,0
XPL,60,20240927,130000,1.635,1.635,1.635,1.635,26,0
XPL,60,20240927,140000,1.635,1.64,1.56,1.64,1791,0
XPL,60,20240927,150000,1.64,1.64,1.64,1.64,2000,0
XPL,60,20240927,160000,1.64,1.64,1.64,1.64,249,0
XPL,60,20240927,170000,1.56,1.66,1.56,1.655,4820,0
XPL,60,20240930,100000,1.655,1.655,1.63,1.63,1165,0
XPL,60,20240930,120000,1.63,1.63,1.6,1.6,400,0
XPL,60,20240930,150000,1.575,1.575,1.575,1.575,100,0
XPL,60,20240930,160000,1.575,1.575,1.51,1.52,6518,0
XPL,60,20241001,100000,1.56,1.56,1.56,1.56,220,0
XPL,60,20241001,130000,1.56,1.56,1.56,1.56,500,0
XPL,60,20241002,100000,1.56,1.56,1.56,1.56,141,0
XPL,60,20241002,110000,1.56,1.56,1.52,1.54,6000,0
XPL,60,20241002,170000,1.54,1.56,1.54,1.56,3059,0
XPL,60,20241003,110000,1.55,1.55,1.55,1.55,20,0
XPL,60,20241003,170000,1.505,1.505,1.505,1.505,100,0
XPL,60,20241004,100000,1.55,1.55,1.55,1.55,30,0
XPL,60,20241004,110000,1.55,1.55,1.49,1.49,380,0
XPL,60,20241004,150000,1.49,1.49,1.49,1.49,370,0
XPL,60,20241004,160000,1.48,1.48,1.46,1.46,1400,0
XPL,60,20241007,100000,1.47,1.47,1.47,1.47,70,0
XPL,60,20241007,130000,1.47,1.47,1.47,1.47,72,0
XPL,60,20241008,100000,1.475,1.475,1.47,1.47,570,0
XPL,60,20241008,130000,1.47,1.47,1.45,1.45,420,0
XPL,60,20241008,140000,1.45,1.45,1.43,1.43,500,0
XPL,60,20241008,150000,1.435,1.435,1.41,1.41,296,0
XPL,60,20241009,110000,1.45,1.45,1.45,1.45,24,0
XPL,60,20241009,150000,1.48,1.48,1.45,1.45,104,0
XPL,60,20241009,160000,1.48,1.48,1.48,1.48,49,0
XPL,60,20241009,170000,1.48,1.48,1.48,1.48,97,0
XPL,60,20241010,100000,1.48,1.485,1.45,1.45,384,0
XPL,60,20241010,110000,1.45,1.45,1.45,1.45,69,0
XPL,60,20241010,160000,1.45,1.45,1.45,1.45,200,0
XPL,60,20241011,100000,1.45,1.45,1.45,1.45,984,0
XPL,60,20241011,110000,1.45,1.45,1.45,1.45,20,0
XPL,60,20241011,120000,1.45,1.45,1.45,1.45,20,0
XPL,60,20241011,130000,1.43,1.43,1.41,1.41,200,0
XPL,60,20241014,100000,1.45,1.45,1.45,1.45,20,0
XPL,60,20241014,110000,1.45,1.45,1.45,1.45,15,0
XPL,60,20241015,100000,1.45,1.45,1.45,1.45,25,0
XPL,60,20241015,170000,1.42,1.42,1.415,1.415,98,0
XPL,60,20241016,100000,1.415,1.415,1.415,1.415,70,0
XPL,60,20241016,130000,1.415,1.415,1.38,1.38,2339,0
XPL,60,20241017,110000,1.4,1.4,1.4,1.4,18,0
XPL,60,20241017,160000,1.4,1.4,1.4,1.4,10,0
XPL,60,20241018,100000,1.395,1.45,1.395,1.45,3044,0
XPL,60,20241018,120000,1.4,1.4,1.4,1.4,200,0
XPL,60,20241021,110000,1.4,1.4,1.4,1.4,2779,0
XPL,60,20241021,120000,1.4,1.4,1.4,1.4,500,0
XPL,60,20241021,140000,1.4,1.4,1.4,1.4,500,0
XPL,60,20241021,170000,1.4,1.4,1.4,1.4,221,0
XPL,60,20241022,100000,1.4,1.4,1.4,1.4,20,0
XPL,60,20241022,120000,1.4,1.4,1.37,1.37,317,0
XPL,60,20241022,130000,1.39,1.39,1.39,1.39,6,0
XPL,60,20241029,100000,1.39,1.4,1.39,1.4,1368,0
XPL,60,20241029,110000,1.39,1.39,1.39,1.39,676,0
XPL,60,20241104,100000,1.425,1.425,1.42,1.425,244,0
XPL,60,20241104,150000,1.44,1.44,1.44,1.44,8,0
XPL,60,20241105,100000,1.44,1.44,1.44,1.44,110,0
XPL,60,20241105,170000,1.45,1.45,1.45,1.45,9,0
XPL,60,20241106,100000,1.445,1.445,1.445,1.445,25,0
XPL,60,20241106,150000,1.445,1.445,1.445,1.445,15,0
XPL,60,20241106,160000,1.45,1.45,1.45,1.45,100,0
XPL,60,20241107,100000,1.45,1.45,1.45,1.45,35,0
XPL,60,20241107,110000,1.445,1.445,1.445,1.445,8,0
XPL,60,20241107,140000,1.45,1.45,1.45,1.45,7,0
XPL,60,20241108,100000,1.45,1.45,1.45,1.45,35,0
XPL,60,20241108,120000,1.45,1.45,1.45,1.45,200,0
XPL,60,20241112,100000,1.45,1.465,1.45,1.465,115,0
XPL,60,20241112,110000,1.48,1.485,1.48,1.485,420,0
XPL,60,20241112,130000,1.5,1.51,1.5,1.51,101,0
XPL,60,20241112,140000,1.425,1.425,1.425,1.425,60,0
XPL,60,20241112,150000,1.51,1.51,1.51,1.51,1,0
XPL,60,20241113,100000,1.51,1.51,1.51,1.51,30,0
XPL,60,20241113,110000,1.51,1.51,1.51,1.51,340,0
XPL,60,20241113,120000,1.51,1.51,1.51,1.51,111,0
XPL,60,20241113,130000,1.51,1.51,1.51,1.51,111,0
XPL,60,20241113,170000,1.51,1.515,1.51,1.515,154,0
XPL,60,20241115,100000,1.515,1.515,1.515,1.515,1313,0
XPL,60,20241115,110000,1.515,1.515,1.515,1.515,100,0
XPL,60,20241115,120000,1.515,1.515,1.515,1.515,300,0
XPL,60,20241115,160000,1.5,1.5,1.45,1.45,6190,0
XPL,60,20241118,100000,1.49,1.5,1.49,1.5,2787,0
XPL,60,20241118,110000,1.5,1.5,1.45,1.48,6500,0
XPL,60,20241118,150000,1.48,1.48,1.48,1.48,1500,0
XPL,60,20241118,170000,1.5,1.66,1.5,1.66,19785,0
XPL,60,20241119,100000,1.66,1.66,1.66,1.66,493,0
XPL,60,20241119,110000,1.6,1.69,1.59,1.69,14678,0
XPL,60,20241119,120000,1.605,1.685,1.6,1.685,4175,0
XPL,60,20241119,150000,1.685,1.69,1.685,1.69,3630,0
XPL,60,20241119,170000,1.68,1.73,1.66,1.66,8846,0
XPL,60,20241120,100000,1.71,1.74,1.69,1.74,594,0
XPL,60,20241120,110000,1.74,1.78,1.74,1.78,1000,0
XPL,60,20241120,120000,1.78,1.78,1.77,1.77,1750,0
XPL,60,20241120,130000,1.77,1.77,1.72,1.72,608,0
XPL,60,20241120,140000,1.76,1.76,1.76,1.76,350,0
XPL,60,20241120,160000,1.73,1.73,1.73,1.73,241,0
XPL,60,20241120,170000,1.755,1.755,1.755,1.755,566,0
XPL,60,20241121,100000,1.755,1.755,1.73,1.73,2130,0
XPL,60,20241121,110000,1.73,1.73,1.73,1.73,7,0
XPL,60,20241121,120000,1.755,1.755,1.755,1.755,727,0
XPL,60,20241121,130000,1.755,1.755,1.755,1.755,400,0
XPL,60,20241121,150000,1.75,1.75,1.75,1.75,25,0
XPL,60,20241122,100000,1.75,1.75,1.75,1.75,3530,0
XPL,60,20241122,130000,1.73,1.73,1.69,1.695,2444,0
XPL,60,20241122,150000,1.7,1.7,1.7,1.7,1000,0
XPL,60,20241125,100000,1.75,1.75,1.75,1.75,270,0
XPL,60,20241125,110000,1.745,1.745,1.69,1.69,2045,0
XPL,60,20241125,130000,1.74,1.74,1.69,1.69,4370,0
XPL,60,20241125,170000,1.69,1.69,1.69,1.69,254,0
XPL,60,20241126,100000,1.74,1.745,1.74,1.745,223,0
XPL,60,20241126,130000,1.7,1.7,1.69,1.69,1000,0
XPL,60,20241126,160000,1.74,1.745,1.74,1.745,176,0
XPL,60,20241126,170000,1.695,1.695,1.69,1.69,1000,0
XPL,60,20241127,100000,1.7,1.7,1.66,1.66,2000,0
XPL,60,20241127,140000,1.74,1.74,1.74,1.74,10,0
XPL,60,20241127,170000,1.74,1.74,1.735,1.735,33889,0
XPL,60,20241128,110000,1.735,1.735,1.735,1.735,110,0
XPL,60,20241202,100000,1.74,1.745,1.74,1.74,160,0
XPL,60,20241202,110000,1.7,1.7,1.69,1.69,108,0
XPL,60,20241202,130000,1.7,1.74,1.7,1.74,1280,0
XPL,60,20241202,150000,1.74,1.74,1.74,1.74,10,0
XPL,60,20241203,100000,1.74,1.74,1.74,1.74,15,0
XPL,60,20241203,120000,1.74,1.74,1.74,1.74,10,0
XPL,60,20241203,140000,1.74,1.74,1.74,1.74,287,0
XPL,60,20241204,100000,1.74,1.74,1.74,1.74,100,0
XPL,60,20241204,120000,1.72,1.72,1.71,1.71,677,0
XPL,60,20241204,140000,1.72,1.72,1.72,1.72,1000,0
XPL,60,20241204,150000,1.72,1.72,1.72,1.72,1540,0
XPL,60,20241205,100000,1.72,1.72,1.72,1.72,99,0
XPL,60,20241205,110000,1.71,1.72,1.71,1.72,300,0
XPL,60,20241205,150000,1.71,1.71,1.71,1.71,1150,0
XPL,60,20241205,170000,1.72,1.73,1.72,1.73,10,0
XPL,60,20241206,110000,1.73,1.73,1.73,1.73,10,0
XPL,60,20241206,130000,1.73,1.73,1.73,1.73,10,0
XPL,60,20241209,100000,1.73,1.735,1.73,1.735,81,0
XPL,60,20241209,110000,1.735,1.74,1.735,1.74,41,0
XPL,60,20241209,120000,1.74,1.76,1.74,1.76,3693,0
XPL,60,20241209,130000,1.76,1.77,1.76,1.77,110,0
XPL,60,20241209,170000,1.765,1.77,1.765,1.77,360,0
XPL,60,20241210,100000,1.77,1.77,1.77,1.77,35,0
XPL,60,20241210,110000,1.735,1.765,1.735,1.765,2,0
XPL,60,20241210,160000,1.735,1.735,1.71,1.71,4500,0
XPL,60,20241210,170000,1.74,1.765,1.74,1.76,1900,0
XPL,60,20241211,100000,1.765,1.94,1.765,1.94,12424,0
XPL,60,20241211,110000,1.93,1.93,1.805,1.92,1393,0
XPL,60,20241211,120000,1.815,1.93,1.815,1.93,1210,0
XPL,60,20241211,130000,1.925,1.93,1.83,1.83,236,0
XPL,60,20241211,140000,1.83,1.92,1.83,1.92,201,0
XPL,60,20241211,150000,1.82,1.91,1.805,1.91,974,0
XPL,60,20241211,170000,1.91,1.95,1.91,1.95,2800,0
XPL,60,20241212,100000,1.95,1.98,1.95,1.97,1176,0
XPL,60,20241212,110000,1.98,1.98,1.98,1.98,450,0
XPL,60,20241212,120000,1.88,1.88,1.87,1.87,650,0
XPL,60,20241212,130000,1.95,1.95,1.85,1.85,332,0
XPL,60,20241212,160000,1.85,1.85,1.85,1.85,1164,0
XPL,60,20241213,100000,1.85,1.935,1.85,1.85,1612,0
XPL,60,20241213,110000,1.84,1.89,1.78,1.89,1537,0
XPL,60,20241213,120000,1.79,1.79,1.77,1.77,100,0
XPL,60,20241213,130000,1.885,1.885,1.77,1.77,3510,0
XPL,60,20241213,170000,1.84,1.84,1.84,1.84,20,0
XPL,60,20241216,110000,1.855,1.855,1.855,1.855,1000,0
XPL,60,20241216,120000,1.855,1.855,1.855,1.855,50,0
XPL,60,20241216,130000,1.855,1.855,1.855,1.855,163,0
XPL,60,20241216,160000,1.8,1.8,1.8,1.8,50,0
XPL,60,20241217,100000,1.81,1.81,1.81,1.81,45,0
XPL,60,20241217,120000,1.8,1.8,1.8,1.8,2500,0
XPL,60,20241217,130000,1.81,1.81,1.81,1.81,10,0
XPL,60,20241217,140000,1.79,1.79,1.75,1.75,936,0
XPL,60,20241218,100000,1.71,1.74,1.64,1.64,3311,0
XPL,60,20241218,110000,1.64,1.7,1.63,1.7,3123,0
XPL,60,20241218,160000,1.64,1.72,1.64,1.72,1523,0
XPL,60,20241218,170000,1.72,1.72,1.65,1.72,41,0
XPL,60,20241219,100000,1.72,1.72,1.72,1.72,10,0
XPL,60,20241219,150000,1.72,1.72,1.72,1.72,10,0
XPL,60,20241219,160000,1.72,1.72,1.72,1.72,10,0
XPL,60,20241220,100000,1.68,1.73,1.68,1.72,550,0
XPL,60,20241220,110000,1.73,1.73,1.73,1.73,87,0
XPL,60,20241220,120000,1.73,1.77,1.73,1.77,706,0
XPL,60,20241220,130000,1.78,1.86,1.78,1.86,648,0
XPL,60,20241220,150000,1.855,1.865,1.855,1.86,618,0
XPL,60,20241220,160000,1.86,1.89,1.86,1.89,500,0
XPL,60,20241220,170000,1.71,1.93,1.71,1.93,587,0
XPL,60,20241223,100000,1.94,1.94,1.94,1.94,490,0
XPL,60,20241223,110000,1.94,1.94,1.94,1.94,62,0
XPL,60,20241223,120000,1.94,1.94,1.94,1.94,110,0
XPL,60,20241223,130000,1.94,1.95,1.94,1.95,384,0
XPL,60,20241223,140000,1.875,1.88,1.75,1.875,730,0
XPL,60,20241223,160000,1.76,1.845,1.76,1.845,511,0
XPL,60,20241227,100000,1.845,1.88,1.845,1.88,282,0
XPL,60,20241227,110000,1.88,1.945,1.88,1.945,678,0
XPL,60,20241227,120000,1.945,1.945,1.945,1.945,45,0
XPL,60,20241227,130000,1.945,1.95,1.9,1.95,35,0
XPL,60,20241227,150000,1.9,1.94,1.9,1.93,240,0
XPL,60,20241227,170000,1.93,1.93,1.93,1.93,1,0
XPL,60,20241230,100000,1.95,1.975,1.93,1.97,650,0
XPL,60,20241230,110000,1.93,1.93,1.93,1.93,548,0
XPL,60,20241230,130000,1.925,1.925,1.925,1.925,6,0
XPL,60,20241230,140000,1.925,1.925,1.925,1.925,500,0
XPL,60,20241230,170000,1.925,1.925,1.925,1.925,20,0
XPL,60,20250102,100000,1.925,2,1.925,2,167,0
XPL,60,20250102,120000,1.96,1.96,1.96,1.96,100,0
XPL,60,20250102,130000,1.96,1.96,1.96,1.96,10,0
XPL,60,20250102,160000,1.98,1.98,1.98,1.98,94,0
XPL,60,20250102,170000,1.98,1.98,1.98,1.98,27,0
XPL,60,20250103,100000,2,2,1.99,2,355,0
XPL,60,20250103,110000,1.985,1.99,1.985,1.99,150,0
XPL,60,20250103,150000,1.95,1.95,1.95,1.95,314,0
XPL,60,20250103,160000,1.95,1.95,1.95,1.95,820,0
XPL,60,20250103,170000,1.95,1.95,1.95,1.95,866,0
XPL,60,20250107,110000,1.95,1.95,1.95,1.95,50,0
XPL,60,20250107,120000,1.95,1.95,1.89,1.89,1112,0
XPL,60,20250107,130000,1.94,1.94,1.94,1.94,6,0
XPL,60,20250107,150000,1.865,1.865,1.86,1.86,3315,0
XPL,60,20250108,100000,1.865,1.865,1.865,1.865,98,0
XPL,60,20250108,110000,1.865,1.865,1.81,1.81,8018,0
XPL,60,20250108,120000,1.86,1.86,1.86,1.86,10,0
XPL,60,20250108,140000,1.86,1.86,1.86,1.86,6,0
XPL,60,20250108,150000,1.86,1.865,1.86,1.865,940,0
XPL,60,20250108,160000,1.8,1.8,1.8,1.8,43,0
XPL,60,20250109,100000,1.865,1.865,1.865,1.865,25,0
XPL,60,20250109,120000,1.865,1.865,1.865,1.865,10,0
XPL,60,20250109,130000,1.865,1.865,1.79,1.79,5246,0
XPL,60,20250109,140000,1.865,1.865,1.865,1.865,10,0
XPL,60,20250109,150000,1.81,1.81,1.81,1.81,106,0
XPL,60,20250109,160000,1.81,1.81,1.81,1.81,53,0
XPL,60,20250110,100000,1.81,1.82,1.81,1.82,350,0
XPL,60,20250110,110000,1.82,1.83,1.82,1.83,291,0
XPL,60,20250110,160000,1.79,1.79,1.77,1.77,5000,0
XPL,60,20250113,100000,1.79,1.79,1.79,1.79,150,0
XPL,60,20250113,110000,1.79,1.79,1.77,1.77,839,0
XPL,60,20250113,120000,1.79,1.79,1.79,1.79,10,0
XPL,60,20250113,130000,1.79,1.79,1.79,1.79,100,0
XPL,60,20250113,170000,1.79,1.79,1.79,1.79,1525,0
XPL,60,20250114,100000,1.79,1.8,1.79,1.8,500,0
XPL,60,20250114,110000,1.8,1.81,1.8,1.81,112,0
XPL,60,20250114,120000,1.81,1.81,1.81,1.81,488,0
XPL,60,20250114,130000,1.81,1.81,1.79,1.79,163,0
XPL,60,20250114,140000,1.82,1.82,1.82,1.82,36,0
XPL,60,20250115,130000,1.81,1.815,1.81,1.815,89,0
XPL,60,20250115,160000,1.815,1.815,1.815,1.815,6,0
XPL,60,20250115,170000,1.815,1.815,1.815,1.815,34,0
XPL,60,20250116,110000,1.815,1.815,1.815,1.815,55,0
XPL,60,20250116,150000,1.815,1.815,1.815,1.815,10,0
XPL,60,20250117,100000,1.815,1.815,1.815,1.815,60,0
XPL,60,20250117,110000,1.78,1.78,1.765,1.765,70,0
XPL,60,20250117,120000,1.815,1.815,1.815,1.815,27,0
XPL,60,20250117,130000,1.765,1.765,1.75,1.75,4000,0
XPL,60,20250117,140000,1.75,1.75,1.75,1.75,648,0
XPL,60,20250117,150000,1.77,1.77,1.77,1.77,7,0
XPL,60,20250117,170000,1.77,1.78,1.77,1.78,282,0
XPL,60,20250120,100000,1.78,1.78,1.78,1.78,30,0
XPL,60,20250120,110000,1.73,1.73,1.67,1.72,6777,0
XPL,60,20250120,120000,1.695,1.695,1.695,1.695,2567,0
XPL,60,20250120,130000,1.7,1.7,1.7,1.7,101,0
XPL,60,20250120,170000,1.72,1.76,1.7,1.7,1295,0
XPL,60,20250121,100000,1.75,1.75,1.75,1.75,27,0
XPL,60,20250121,110000,1.75,1.75,1.75,1.75,500,0
XPL,60,20250121,120000,1.72,1.72,1.72,1.72,30,0
XPL,60,20250121,140000,1.745,1.745,1.745,1.745,10,0
XPL,60,20250121,160000,1.76,1.76,1.76,1.76,1478,0
XPL,60,20250121,170000,1.7,1.7,1.7,1.7,2000,0
XPL,60,20250122,100000,1.75,1.75,1.75,1.75,37,0
XPL,60,20250122,130000,1.75,1.75,1.75,1.75,20,0
XPL,60,20250122,160000,1.73,1.73,1.73,1.73,6,0
XPL,60,20250122,170000,1.73,1.73,1.73,1.73,282,0
XPL,60,20250123,100000,1.73,1.73,1.73,1.73,30,0
XPL,60,20250123,110000,1.73,1.73,1.73,1.73,10,0
XPL,60,20250123,130000,1.7,1.7,1.7,1.7,50,0
XPL,60,20250124,100000,1.7,1.7,1.64,1.69,807,0
XPL,60,20250124,150000,1.69,1.71,1.69,1.71,5727,0
XPL,60,20250124,160000,1.71,1.71,1.71,1.71,997,0
XPL,60,20250124,170000,1.765,1.77,1.71,1.77,2200,0
XPL,60,20250127,140000,1.775,1.775,1.775,1.775,2,0
XPL,60,20250127,170000,1.775,1.82,1.775,1.82,4763,0
XPL,60,20250128,100000,1.83,1.85,1.82,1.85,961,0
XPL,60,20250128,120000,1.82,1.84,1.82,1.84,24,0
XPL,60,20250128,150000,1.84,1.85,1.84,1.85,250,0
XPL,60,20250128,170000,1.85,1.85,1.85,1.85,13,0
XPL,60,20250129,100000,1.85,1.85,1.85,1.85,42,0
XPL,60,20250129,170000,1.85,1.85,1.85,1.85,10,0
XPL,60,20250130,100000,1.82,1.85,1.8,1.85,1180,0
XPL,60,20250130,110000,1.85,1.87,1.85,1.87,853,0
XPL,60,20250130,130000,1.86,1.86,1.86,1.86,63,0
XPL,60,20250130,140000,1.86,1.86,1.86,1.86,67,0
XPL,60,20250130,170000,1.86,1.86,1.86,1.86,13,0
XPL,60,20250131,100000,1.86,1.87,1.86,1.87,1209,0
XPL,60,20250131,110000,1.865,1.865,1.865,1.865,125,0
XPL,60,20250131,120000,1.835,1.865,1.83,1.865,79,0
XPL,60,20250131,130000,1.835,1.865,1.83,1.865,73,0
XPL,60,20250131,150000,1.865,1.87,1.865,1.87,708,0
XPL,60,20250131,160000,1.87,1.87,1.87,1.87,19,0
XPL,60,20250131,170000,1.86,1.86,1.86,1.86,15,0
XPL,60,20250203,100000,1.86,1.91,1.86,1.88,1350,0
XPL,60,20250203,110000,1.86,1.88,1.86,1.88,13,0
XPL,60,20250203,120000,1.88,1.88,1.87,1.87,20,0
XPL,60,20250203,130000,1.86,1.86,1.85,1.85,48,0
XPL,60,20250203,140000,1.85,1.85,1.85,1.85,90,0
XPL,60,20250203,160000,1.83,1.83,1.83,1.83,99,0
XPL,60,20250203,170000,1.82,1.82,1.82,1.82,54,0
XPL,60,20250204,100000,1.805,1.805,1.78,1.78,2422,0
XPL,60,20250204,110000,1.78,1.78,1.78,1.78,503,0
XPL,60,20250204,120000,1.785,1.785,1.78,1.78,602,0
XPL,60,20250204,130000,1.78,1.82,1.78,1.82,5535,0
XPL,60,20250204,160000,1.82,1.82,1.8,1.8,326,0
XPL,60,20250205,100000,1.8,1.83,1.8,1.83,11688,0
XPL,60,20250205,110000,1.83,1.83,1.83,1.83,10,0
XPL,60,20250205,160000,1.81,1.81,1.8,1.8,1047,0
XPL,60,20250205,170000,1.83,1.83,1.83,1.83,10,0
XPL,60,20250206,100000,1.83,1.84,1.83,1.84,90,0
XPL,60,20250206,110000,1.84,1.87,1.84,1.87,4442,0
XPL,60,20250206,120000,1.88,1.88,1.88,1.88,11,0
XPL,60,20250206,130000,1.88,1.9,1.88,1.9,105,0
XPL,60,20250206,140000,1.9,1.9,1.9,1.9,20,0
XPL,60,20250206,150000,1.9,1.9,1.9,1.9,10,0
XPL,60,20250206,170000,1.85,1.85,1.85,1.85,999,0
XPL,60,20250207,100000,1.88,1.88,1.88,1.88,589,0
XPL,60,20250207,110000,1.88,1.88,1.88,1.88,25,0
XPL,60,20250207,130000,1.83,1.84,1.83,1.83,822,0
XPL,60,20250207,140000,1.88,1.88,1.88,1.88,6,0
XPL,60,20250207,150000,1.88,1.88,1.88,1.88,300,0
XPL,60,20250207,170000,1.88,1.88,1.88,1.88,45,0
XPL,60,20250210,100000,1.88,1.88,1.8,1.88,2167,0
XPL,60,20250210,110000,1.88,1.88,1.88,1.88,97,0
XPL,60,20250210,120000,1.88,1.88,1.88,1.88,13,0
XPL,60,20250210,130000,1.875,1.875,1.82,1.82,350,0
XPL,60,20250211,100000,1.875,1.875,1.82,1.82,17964,0
XPL,60,20250211,110000,1.865,1.865,1.865,1.865,1000,0
XPL,60,20250211,130000,1.865,1.865,1.865,1.865,133,0
XPL,60,20250211,150000,1.85,1.85,1.85,1.85,327,0
XPL,60,20250211,160000,1.825,1.825,1.82,1.82,73,0
XPL,60,20250211,170000,1.825,1.825,1.82,1.82,3019,0
XPL,60,20250212,100000,1.85,1.87,1.85,1.87,668,0
XPL,60,20250212,110000,1.87,1.955,1.87,1.955,2468,0
XPL,60,20250212,120000,1.92,1.92,1.92,1.92,500,0
XPL,60,20250212,130000,1.92,1.92,1.92,1.92,100,0
XPL,60,20250212,140000,1.91,1.91,1.85,1.85,1120,0
XPL,60,20250212,150000,1.9,1.9,1.9,1.9,28,0
XPL,60,20250212,160000,1.9,1.9,1.9,1.9,6,0
XPL,60,20250212,170000,1.9,1.91,1.9,1.91,1121,0
XPL,60,20250213,100000,1.91,1.955,1.9,1.95,4605,0
XPL,60,20250213,110000,1.9,1.95,1.9,1.95,211,0
XPL,60,20250213,120000,1.95,1.95,1.95,1.95,92,0
XPL,60,20250213,130000,1.9,1.945,1.88,1.945,1075,0
XPL,60,20250213,150000,1.94,1.94,1.94,1.94,1000,0
XPL,60,20250214,100000,1.92,1.995,1.92,1.995,16387,0
XPL,60,20250214,110000,1.99,2.11,1.99,2.07,6091,0
XPL,60,20250214,120000,2.1,2.1,2.07,2.07,672,0
XPL,60,20250214,130000,2.07,2.07,2,2.04,762,0
XPL,60,20250214,140000,2,2.04,2,2.04,318,0
XPL,60,20250214,150000,1.97,2.04,1.97,2.04,101,0
XPL,60,20250214,160000,2.02,2.04,1.93,2.04,516,0
XPL,60,20250214,170000,2.04,2.05,2.04,2.05,4674,0
XPL,60,20250217,100000,2.05,2.1,2.05,2.1,473,0
XPL,60,20250217,110000,2.1,2.1,2.08,2.08,2830,0
XPL,60,20250217,120000,2.06,2.08,2.05,2.05,2472,0
XPL,60,20250217,140000,2.08,2.08,2.08,2.08,50,0
XPL,60,20250217,150000,2.08,2.1,2.05,2.05,4060,0
XPL,60,20250217,160000,2.05,2.05,2.05,2.05,105,0
XPL,60,20250218,100000,2.05,2.1,2.05,2.1,18630,0
XPL,60,20250218,110000,2,2,2,2,1,0
XPL,60,20250218,120000,2.03,2.03,2,2,2959,0
XPL,60,20250218,130000,1.97,1.97,1.95,1.95,601,0
XPL,60,20250218,140000,1.97,2.05,1.97,2,2854,0
XPL,60,20250218,150000,2,2.05,1.96,2.05,1515,0
XPL,60,20250219,100000,2.05,2.05,1.96,1.96,2583,0
XPL,60,20250219,110000,2,2,1.98,2,3006,0
XPL,60,20250219,120000,2,2.05,2,2.05,1500,0
XPL,60,20250219,130000,1.98,1.98,1.93,1.93,1978,0
XPL,60,20250219,140000,1.93,1.955,1.9,1.955,575,0
XPL,60,20250219,150000,1.9,1.955,1.9,1.955,1228,0
XPL,60,20250220,100000,1.955,1.98,1.885,1.89,161,0
XPL,60,20250220,110000,1.975,1.975,1.975,1.975,50,0
XPL,60,20250220,150000,1.905,1.98,1.9,1.98,77,0
XPL,60,20250221,100000,1.885,1.98,1.885,1.98,2036,0
XPL,60,20250221,110000,1.89,1.89,1.89,1.89,1,0
XPL,60,20250221,120000,1.965,1.97,1.965,1.97,17,0
XPL,60,20250221,130000,1.91,1.98,1.905,1.905,551,0
XPL,60,20250221,140000,1.975,1.98,1.975,1.98,5,0
XPL,60,20250221,170000,1.905,1.905,1.905,1.905,30,0
XPL,60,20250224,100000,1.905,1.945,1.9,1.945,3324,0
XPL,60,20250224,110000,1.895,1.945,1.895,1.945,8,0
XPL,60,20250224,120000,1.895,1.895,1.895,1.895,1,0
XPL,60,20250224,140000,1.9,1.935,1.885,1.93,487,0
XPL,60,20250224,160000,1.93,1.94,1.93,1.94,175,0
XPL,60,20250224,170000,1.94,1.94,1.94,1.94,17,0
XPL,60,20250225,100000,1.94,1.945,1.92,1.945,83,0
XPL,60,20250225,110000,1.925,1.945,1.925,1.945,375,0
XPL,60,20250225,120000,1.92,1.92,1.92,1.92,1,0
XPL,60,20250225,130000,1.925,1.94,1.925,1.94,2,0
XPL,60,20250225,160000,1.92,1.935,1.895,1.935,74,0
XPL,60,20250225,170000,1.935,1.935,1.935,1.935,1,0
XPL,60,20250226,110000,1.895,1.895,1.895,1.895,1,0
XPL,60,20250226,120000,1.9,1.93,1.9,1.93,51,0
XPL,60,20250226,130000,1.93,2.04,1.93,2.04,2540,0
XPL,60,20250226,140000,2.04,2.08,2.04,2.06,1183,0
XPL,60,20250226,150000,2.06,2.08,1.9,2.08,1352,0
XPL,60,20250226,160000,2,2.05,2,2.05,12,0
XPL,60,20250226,170000,2.05,2.05,2.05,2.05,193,0
XPL,60,20250227,100000,2.11,2.3,2.11,2.21,40171,0
XPL,60,20250227,110000,2.25,2.25,2.25,2.25,905,0
XPL,60,20250227,120000,2.25,2.25,2.2,2.25,1040,0
XPL,60,20250227,130000,2.24,2.24,2.23,2.24,1225,0
XPL,60,20250227,140000,2.25,2.25,2.23,2.23,2101,0
XPL,60,20250227,150000,2.23,2.27,2.19,2.19,2947,0
XPL,60,20250227,160000,2.24,2.24,2.24,2.24,5,0
XPL,60,20250227,170000,2.21,2.22,2.21,2.22,1728,0
XPL,60,20250228,100000,2.28,2.29,2.27,2.29,2637,0
XPL,60,20250228,110000,2.32,2.37,2.22,2.22,316,0
XPL,60,20250228,120000,2.29,2.36,2.29,2.35,15480,0
XPL,60,20250228,130000,2.33,2.33,2.3,2.3,3255,0
XPL,60,20250228,140000,2.3,2.3,2.29,2.29,440,0
XPL,60,20250228,150000,2.29,2.3,2.26,2.26,5928,0
XPL,60,20250228,160000,2.26,2.26,2.26,2.26,5000,0
XPL,60,20250228,170000,2.29,2.29,2.29,2.29,2000,0
XPL,60,20250303,100000,2.29,2.3,2.22,2.22,3069,0
XPL,60,20250303,110000,2.28,2.28,2.22,2.22,1323,0
XPL,60,20250303,120000,2.27,2.27,2.22,2.27,788,0
XPL,60,20250303,130000,2.22,2.27,2.22,2.22,20,0
XPL,60,20250303,140000,2.27,2.27,2.27,2.27,5,0
XPL,60,20250303,160000,2.27,2.27,2.27,2.27,60,0
XPL,60,20250303,170000,2.27,2.27,2.22,2.26,2670,0
XPL,60,20250304,100000,2.26,2.28,2.19,2.2,1991,0
XPL,60,20250304,110000,2.25,2.27,2.2,2.27,265,0
XPL,60,20250304,120000,2.21,2.27,2.19,2.27,923,0
XPL,60,20250304,130000,2.2,2.2,2.2,2.2,1026,0
XPL,60,20250304,150000,2.2,2.29,2.2,2.29,1632,0
XPL,60,20250304,160000,2.28,2.28,2.1,2.12,4076,0
XPL,60,20250304,170000,2.11,2.19,2.11,2.19,1085,0
XPL,60,20250305,100000,2.22,2.29,2.22,2.29,5336,0
XPL,60,20250305,110000,2.29,2.29,2.28,2.28,325,0
XPL,60,20250305,150000,2.25,2.25,2.25,2.25,124,0
XPL,60,20250305,160000,2.24,2.24,2.21,2.21,375,0
XPL,60,20250305,170000,2.17,2.26,2.16,2.26,801,0
XPL,60,20250306,100000,2.26,2.26,2.26,2.26,261,0
XPL,60,20250306,110000,2.26,2.26,2.25,2.25,13,0
XPL,60,20250306,130000,2.24,2.24,2.24,2.24,125,0
XPL,60,20250306,160000,2.18,2.18,2.1,2.11,1475,0
XPL,60,20250306,170000,2.11,2.11,2.11,2.11,350,0
XPL,60,20250307,110000,2.13,2.13,2.12,2.12,550,0
XPL,60,20250307,120000,2.22,2.23,2.14,2.14,580,0
XPL,60,20250307,130000,2.22,2.23,2.22,2.23,270,0
XPL,60,20250307,140000,2.2,2.2,2.2,2.2,100,0
XPL,60,20250307,170000,2.15,2.15,2.14,2.14,816,0
XPL,60,20250310,100000,2.2,2.2,2.2,2.2,120,0
XPL,60,20250310,120000,2.19,2.2,2.19,2.2,290,0
XPL,60,20250310,150000,2.2,2.2,2.2,2.2,440,0
XPL,60,20250310,160000,2.23,2.23,2.23,2.23,5,0
XPL,60,20250310,170000,2.2,2.2,2.2,2.2,40,0
XPL,60,20250311,100000,2.2,2.25,2.2,2.25,1687,0
XPL,60,20250311,110000,2.25,2.25,2.25,2.25,90,0
XPL,60,20250311,120000,2.25,2.25,2.2,2.2,790,0
XPL,60,20250311,140000,2.21,2.21,2.2,2.2,5000,0
XPL,60,20250311,160000,2.2,2.2,2.2,2.2,15000,0
XPL,60,20250312,100000,2.22,2.23,2.22,2.23,2210,0
XPL,60,20250312,130000,2.23,2.23,2.22,2.22,3050,0
XPL,60,20250312,140000,2.22,2.22,2.22,2.22,350,0
XPL,60,20250312,160000,2.23,2.25,2.23,2.25,1011,0
XPL,60,20250313,100000,2.25,2.26,2.25,2.26,925,0
XPL,60,20250313,110000,2.26,2.26,2.26,2.26,1000,0
XPL,60,20250313,120000,2.26,2.26,2.26,2.26,500,0
XPL,60,20250313,150000,2.25,2.25,2.25,2.25,50,0
XPL,60,20250313,170000,2.25,2.25,2.25,2.25,60,0
XPL,60,20250314,100000,2.26,2.27,2.26,2.27,1527,0
XPL,60,20250314,110000,2.27,2.28,2.24,2.28,4098,0
XPL,60,20250314,120000,2.28,2.29,2.28,2.29,1340,0
XPL,60,20250314,150000,2.29,2.29,2.29,2.29,52,0
XPL,60,20250314,160000,2.29,2.29,2.25,2.29,629,0
XPL,60,20250314,170000,2.29,2.32,2.29,2.32,2376,0
XPL,60,20250317,100000,2.33,2.33,2.33,2.33,1780,0
XPL,60,20250317,110000,2.33,2.34,2.33,2.34,1760,0
XPL,60,20250317,130000,2.27,2.27,2.27,2.27,1200,0
XPL,60,20250317,140000,2.26,2.26,2.26,2.26,1882,0
XPL,60,20250317,160000,2.28,2.28,2.26,2.26,7443,0
XPL,60,20250317,170000,2.27,2.27,2.26,2.26,1000,0
XPL,60,20250318,100000,2.27,2.4,2.27,2.4,8454,0
XPL,60,20250318,130000,2.89,2.89,2.78,2.87,21262,0
XPL,60,20250318,140000,2.78,2.79,2.56,2.79,16432,0
XPL,60,20250318,150000,2.78,2.88,2.63,2.88,15155,0
XPL,60,20250318,160000,2.86,2.88,2.69,2.87,20148,0
XPL,60,20250318,170000,2.87,2.9,2.81,2.9,43115,0
XPL,60,20250319,100000,2.93,3.6,2.93,3.6,155914,0
XPL,60,20250319,110000,3.6,3.6,3.6,3.6,15350,0
XPL,60,20250319,120000,3.61,3.61,3.61,3.61,42626,0
XPL,60,20250319,130000,3.61,3.67,3.6,3.67,62481,0
XPL,60,20250319,140000,3.67,3.67,3.6,3.67,38188,0
XPL,60,20250319,150000,3.63,3.67,3.63,3.67,14580,0
XPL,60,20250320,100000,3.88,4.15,3.67,3.71,199613,0
XPL,60,20250320,110000,3.7,3.71,3.67,3.68,23867,0
XPL,60,20250320,120000,3.68,3.71,3.68,3.7,4593,0
XPL,60,20250320,130000,3.7,3.95,3.7,3.95,31494,0
XPL,60,20250320,140000,3.95,3.97,3.7,3.9,17100,0
XPL,60,20250320,150000,3.83,3.9,3.71,3.74,8921,0
XPL,60,20250320,160000,3.88,3.88,3.72,3.86,22,0
XPL,60,20250320,170000,3.74,3.79,3.7,3.7,4247,0
XPL,60,20250321,100000,3.7,3.83,3.7,3.78,55936,0
XPL,60,20250321,110000,3.7,3.78,3.65,3.7,18107,0
XPL,60,20250321,120000,3.7,3.72,3.65,3.65,13395,0
XPL,60,20250321,130000,3.7,3.7,3.65,3.65,15017,0
XPL,60,20250321,140000,3.7,3.7,3.64,3.64,2236,0
XPL,60,20250321,150000,3.65,3.65,3.65,3.65,10395,0
XPL,60,20250321,160000,3.65,3.65,3.65,3.65,5510,0
XPL,60,20250321,170000,3.65,3.65,3.65,3.65,5926,0
XPL,60,20250324,100000,3.65,3.76,3.65,3.73,5181,0
XPL,60,20250324,110000,3.69,3.73,3.65,3.66,2527,0
XPL,60,20250324,120000,3.66,3.73,3.66,3.73,660,0
XPL,60,20250324,130000,3.73,3.76,3.73,3.76,1000,0
XPL,60,20250324,140000,3.7,3.72,3.7,3.72,132,0
XPL,60,20250324,150000,3.72,3.76,3.68,3.68,15106,0
XPL,60,20250324,160000,3.68,3.68,3.68,3.68,7642,0
XPL,60,20250324,170000,3.7,3.7,3.68,3.68,1136,0
XPL,60,20250325,100000,3.68,3.7,3.68,3.7,10557,0
XPL,60,20250325,110000,3.73,3.75,3.7,3.74,1318,0
XPL,60,20250325,120000,3.74,3.74,3.71,3.71,554,0
XPL,60,20250325,130000,3.7,3.7,3.7,3.7,25,0
XPL,60,20250325,140000,3.66,3.74,3.55,3.66,2148,0
XPL,60,20250325,150000,3.66,3.66,3.34,3.34,6081,0
XPL,60,20250325,160000,3.35,3.36,3.03,3.03,5825,0
XPL,60,20250325,170000,3.03,3.18,2.99,3.15,11626,0
XPL,60,20250326,100000,3.14,3.14,2.89,3.05,7759,0
XPL,60,20250326,110000,3,3,2.95,3,6635,0
XPL,60,20250326,120000,3.04,3.3,3.04,3.25,2730,0
XPL,60,20250326,130000,3.25,3.25,3.25,3.25,1515,0
XPL,60,20250326,140000,3.24,3.24,3.03,3.03,50,0
XPL,60,20250326,150000,3.19,3.19,3.03,3.03,310,0
XPL,60,20250326,170000,3.03,3.1,2.93,3.08,4011,0
XPL,60,20250327,100000,3.15,3.17,3.15,3.17,144,0
XPL,60,20250327,110000,3.17,3.17,3.03,3.03,460,0
XPL,60,20250327,120000,3.2,3.27,3.07,3.25,7670,0
XPL,60,20250327,130000,3.25,3.25,3.03,3.03,6480,0
XPL,60,20250327,140000,3.03,3.13,3.03,3.13,18,0
XPL,60,20250327,150000,3.13,3.15,3.13,3.15,1180,0
XPL,60,20250327,160000,3.04,3.04,3.03,3.03,61,0
XPL,60,20250327,170000,3.03,3.03,3.03,3.03,1035,0
XPL,60,20250328,100000,3.05,3.05,3,3,3673,0
XPL,60,20250328,120000,3.02,3.02,3,3,32,0
XPL,60,20250328,130000,3.11,3.11,3.11,3.11,100,0
XPL,60,20250328,140000,3.11,3.11,3,3,134,0
XPL,60,20250328,150000,3,3,3,3,306,0
XPL,60,20250328,160000,3,3,2.96,2.96,9,0
XPL,60,20250328,170000,3,3,3,3,13,0
XPL,60,20250331,100000,2.95,2.95,2.92,2.95,1574,0
XPL,60,20250331,110000,2.92,2.92,2.9,2.9,1321,0
XPL,60,20250331,130000,2.9,2.9,2.81,2.81,9193,0
XPL,60,20250331,140000,2.85,3,2.82,3,4092,0
XPL,60,20250331,150000,2.89,2.89,2.81,2.82,1510,0
XPL,60,20250331,160000,2.83,2.83,2.83,2.83,300,0
XPL,60,20250331,170000,2.82,2.82,2.74,2.74,2683,0
XPL,60,20250401,100000,2.78,2.78,2.74,2.74,2255,0
XPL,60,20250401,110000,2.72,2.78,2.7,2.74,1480,0
XPL,60,20250401,120000,2.68,2.76,2.65,2.76,760,0
XPL,60,20250401,130000,2.76,2.86,2.76,2.86,3980,0
XPL,60,20250401,150000,2.94,3.05,2.94,3.05,6617,0
XPL,60,20250401,160000,3.08,3.18,3.04,3.11,1427,0
XPL,60,20250401,170000,3.07,3.19,3.07,3.19,4054,0
XPL,60,20250402,100000,3.18,3.18,3.03,3.03,35991,0
XPL,60,20250402,110000,3.15,3.15,3.05,3.05,1050,0
XPL,60,20250402,120000,3.05,3.12,3.05,3.12,700,0
XPL,60,20250402,130000,3.12,3.12,3,3,1330,0
XPL,60,20250402,160000,3.02,3.02,3,3,200,0
XPL,60,20250402,170000,3.09,3.09,3.09,3.09,300,0
XPL,60,20250403,100000,3.05,3.05,2.96,2.96,45,0
XPL,60,20250403,120000,2.96,2.96,2.75,2.88,4062,0
XPL,60,20250403,130000,2.92,2.92,2.75,2.75,3000,0
XPL,60,20250403,140000,2.95,2.98,2.95,2.98,1007,0
XPL,60,20250403,170000,2.91,2.94,2.91,2.94,5,0
XPL,60,20250404,110000,2.92,2.95,2.92,2.95,1000,0
XPL,60,20250404,130000,2.95,2.95,2.95,2.95,2340,0
XPL,60,20250404,140000,2.92,2.92,2.92,2.92,4,0
XPL,60,20250404,150000,2.87,2.87,2.81,2.81,1000,0
XPL,60,20250404,160000,2.95,2.95,2.95,2.95,190,0
XPL,60,20250404,170000,2.85,2.95,2.85,2.95,35,0
XPL,60,20250407,100000,2.77,2.82,2.67,2.82,3920,0
XPL,60,20250407,140000,2.79,2.79,2.79,2.79,351,0
XPL,60,20250407,150000,2.8,2.8,2.8,2.8,50,0
XPL,60,20250407,170000,2.8,2.8,2.8,2.8,1176,0
XPL,60,20250408,100000,2.8,2.8,2.8,2.8,204,0
XPL,60,20250408,110000,2.84,2.98,2.84,2.98,1808,0
XPL,60,20250408,120000,3.08,3.08,3.04,3.04,6,0
XPL,60,20250408,130000,2.95,2.95,2.95,2.95,4520,0
XPL,60,20250408,140000,2.98,3.04,2.86,2.86,2084,0
XPL,60,20250408,170000,2.94,2.94,2.94,2.94,5,0
XPL,60,20250409,100000,3.01,3.01,2.95,2.95,12,0
XPL,60,20250409,110000,3,3.01,3,3.01,673,0
XPL,60,20250409,120000,3.01,3.12,3.01,3.08,6888,0
XPL,60,20250409,130000,3.07,3.07,3.07,3.07,2599,0
XPL,60,20250409,140000,3.07,3.07,3.07,3.07,740,0
XPL,60,20250409,150000,3.07,3.07,3.07,3.07,25,0
XPL,60,20250409,160000,3.07,3.07,3.07,3.07,23,0
XPL,60,20250410,100000,3.1,3.1,3.1,3.1,1063,0
XPL,60,20250410,110000,3.1,3.1,3.1,3.1,800,0
XPL,60,20250410,120000,3.07,3.09,3.07,3.09,575,0
XPL,60,20250410,130000,3.09,3.1,3.09,3.1,535,0
XPL,60,20250410,160000,3.1,3.1,3.1,3.1,1000,0
XPL,60,20250411,100000,3.1,3.11,3.1,3.11,58,0
XPL,60,20250411,110000,3.04,3.04,2.95,2.96,2132,0
XPL,60,20250411,120000,2.96,2.96,2.96,2.96,55,0
XPL,60,20250411,130000,2.96,3.04,2.96,3.04,957,0
XPL,60,20250411,140000,3.04,3.04,3.04,3.04,1392,0
XPL,60,20250411,150000,3,3.11,3,3.11,954,0
XPL,60,20250411,160000,3.11,3.11,3.11,3.11,46,0
XPL,60,20250411,170000,3.01,3.01,3,3,1816,0
XPL,60,20250414,100000,3.1,3.2,3.1,3.1,2195,0
XPL,60,20250414,110000,3.19,3.2,3.19,3.2,2271,0
XPL,60,20250414,130000,3.18,3.18,3.18,3.18,1120,0
XPL,60,20250414,140000,3.19,3.19,3.19,3.19,4,0
XPL,60,20250414,150000,3.18,3.18,3.18,3.18,915,0
XPL,60,20250415,100000,3.2,3.3,3.13,3.13,4564,0
XPL,60,20250415,110000,3.2,3.29,3.2,3.29,2193,0
XPL,60,20250415,120000,3.28,3.28,3.13,3.14,150,0
XPL,60,20250415,160000,3.23,3.25,3.23,3.25,93,0
XPL,60,20250415,170000,3.27,3.34,3.27,3.32,2354,0
XPL,60,20250416,100000,3.3,3.3,3.3,3.3,64,0
XPL,60,20250416,110000,3.3,3.3,3.3,3.3,50,0
XPL,60,20250416,120000,3.3,3.3,3.29,3.29,529,0
XPL,60,20250416,130000,3.29,3.29,3.2,3.2,240,0
XPL,60,20250416,140000,3.26,3.29,3.26,3.29,506,0
XPL,60,20250416,150000,3.23,3.3,3.23,3.3,933,0
XPL,60,20250416,160000,3.3,3.3,3.3,3.3,350,0
XPL,60,20250417,100000,3.3,3.3,3.2,3.28,30886,0
XPL,60,20250417,110000,3.21,3.3,3.2,3.3,1934,0
XPL,60,20250417,130000,3.29,3.29,3.29,3.29,120,0
XPL,60,20250417,170000,3.21,3.28,3.21,3.28,25,0
XPL,60,20250422,100000,3.18,3.18,3.18,3.18,2421,0
XPL,60,20250422,130000,3.27,3.33,3.27,3.33,2050,0
XPL,60,20250422,140000,3.31,3.31,3.21,3.21,694,0
XPL,60,20250422,160000,3.21,3.21,3.21,3.21,168,0
XPL,60,20250422,170000,3.27,3.28,3.27,3.28,200,0
XPL,60,20250423,100000,3.28,3.28,3.28,3.28,5,0
XPL,60,20250423,110000,3.2,3.22,3.2,3.2,1104,0
XPL,60,20250423,130000,3.2,3.2,3.2,3.2,64,0
XPL,60,20250423,150000,3.16,3.16,3.15,3.15,2100,0
XPL,60,20250423,160000,3.15,3.15,3.1,3.1,1675,0
XPL,60,20250423,170000,3.15,3.25,3.15,3.25,325,0
XPL,60,20250424,100000,3.23,3.23,3.12,3.12,301,0
XPL,60,20250424,110000,3.22,3.27,3.22,3.27,917,0
XPL,60,20250425,100000,3.27,3.27,3.27,3.27,10,0
XPL,60,20250425,130000,3.27,3.27,3.27,3.27,724,0
XPL,60,20250425,140000,3.23,3.23,3.11,3.11,1000,0
XPL,60,20250425,160000,3.14,3.14,3.11,3.11,500,0
XPL,60,20250425,170000,3.23,3.23,3.23,3.23,12,0
XPL,60,20250428,110000,3.23,3.23,3.23,3.23,12,0
XPL,60,20250428,130000,3.23,3.23,3.23,3.23,4,0
XPL,60,20250429,100000,3.23,3.23,3.23,3.23,84,0
XPL,60,20250429,130000,3.23,3.23,3.2,3.2,1145,0
XPL,60,20250429,140000,3.21,3.21,3.2,3.2,2328,0
XPL,60,20250429,150000,3.21,3.21,3.21,3.21,1452,0
XPL,60,20250430,100000,3.24,3.3,3.21,3.3,2965,0
XPL,60,20250430,110000,3.28,3.28,3.28,3.28,9,0
XPL,60,20250430,120000,3.28,3.55,3.26,3.55,6706,0
XPL,60,20250430,130000,3.54,3.55,3.44,3.55,6192,0
XPL,60,20250430,140000,3.55,3.56,3.46,3.46,10666,0
XPL,60,20250430,150000,3.46,3.48,3.46,3.48,7,0
XPL,60,20250430,160000,3.46,3.46,3.42,3.42,1300,0
XPL,60,20250430,170000,3.42,3.56,3.42,3.56,327,0
XPL,60,20250502,100000,3.56,3.56,3.56,3.56,356,0
XPL,60,20250502,120000,3.59,3.59,3.59,3.59,5,0
XPL,60,20250502,130000,3.57,3.6,3.57,3.6,3100,0
XPL,60,20250502,140000,3.5,3.5,3.5,3.5,5,0
XPL,60,20250502,150000,3.5,3.5,3.5,3.5,1003,0
XPL,60,20250502,160000,3.5,3.6,3.5,3.55,1079,0
XPL,60,20250502,170000,3.55,3.65,3.55,3.65,5311,0
XPL,60,20250505,100000,3.65,3.65,3.64,3.64,118,0
XPL,60,20250505,110000,3.57,3.57,3.55,3.55,405,0
XPL,60,20250505,120000,3.55,3.65,3.55,3.65,995,0
XPL,60,20250505,150000,3.55,3.55,3.51,3.51,254,0
XPL,60,20250505,160000,3.52,3.52,3.52,3.52,856,0
XPL,60,20250505,170000,3.51,3.52,3.5,3.52,1645,0
XPL,60,20250506,100000,3.54,3.54,3.52,3.52,143,0
XPL,60,20250506,110000,3.52,3.52,3.5,3.5,177,0
XPL,60,20250506,120000,3.45,3.45,3.4,3.4,2528,0
XPL,60,20250506,130000,3.4,3.4,3.4,3.4,998,0
XPL,60,20250506,140000,3.41,3.41,3.37,3.37,557,0
XPL,60,20250506,150000,3.38,3.38,3.37,3.37,500,0
XPL,60,20250506,170000,3.6,3.6,3.6,3.6,138,0
